0 0.000000 0.554167 0.000000 0.637500 0.131250 0.695833 0.000000 0.875000 0.000000 0.997917 0.998437 0.997917 0.998437 0.631250 0.446875 0.545833
1 0.126562 0.689583 0.000000 0.639583 0.000000 0.872917 0.125000 0.706250
1 0.000000 0.539583 0.521875 0.550000 0.998437 0.629167 0.034375 0.500000
2 0.998437 0.487500 0.987500 0.489583 0.987500 0.506250 0.985938 0.508333 0.987500 0.529167 0.981250 0.535417 0.979688 0.543750 0.985938 0.543750 0.987500 0.541667 0.996875 0.541667 0.998437 0.543750
2 0.000000 0.039583 0.018750 0.512500 0.181250 0.506250 0.190625 0.339583 0.187500 0.506250 0.264062 0.512500 0.312500 0.377083 0.400000 0.416667 0.426563 0.491667 0.457813 0.316667
3 0.664062 0.504167 0.659375 0.508333 0.657813 0.514583 0.654687 0.512500 0.653125 0.504167 0.650000 0.504167 0.648438 0.508333 0.643750 0.510417 0.642188 0.533333 0.646875 0.539583 0.653125 0.539583 0.654687 0.522917 0.657813 0.520833 0.660937 0.512500 0.665625 0.508333
3 0.760938 0.481250 0.760938 0.522917 0.757812 0.525000 0.757812 0.537500 0.762500 0.543750 0.782813 0.543750 0.768750 0.518750 0.775000 0.510417 0.775000 0.483333
3 0.717187 0.481250 0.717187 0.487500 0.707812 0.502083 0.706250 0.539583 0.728125 0.537500 0.729688 0.520833 0.734375 0.512500 0.740625 0.537500 0.754687 0.539583 0.754687 0.481250
4 0.945312 0.564583 0.945312 0.568750 0.951562 0.575000 0.962500 0.575000 0.964063 0.579167 0.996875 0.581250 0.998437 0.585417 0.996875 0.543750 0.979688 0.545833 0.976562 0.541667 0.976562 0.550000 0.971875 0.552083 0.968750 0.560417 0.956250 0.560417
4 0.600000 0.479167 0.600000 0.483333 0.606250 0.487500 0.603125 0.512500 0.604688 0.529167 0.601562 0.533333 0.606250 0.533333 0.609375 0.539583 0.625000 0.541667 0.626563 0.493750 0.620313 0.493750 0.618750 0.489583 0.615625 0.493750 0.610938 0.479167
4 0.417187 0.500000 0.423438 0.529167 0.515625 0.537500 0.501563 0.516667 0.498437 0.493750 0.448437 0.487500 0.432812 0.479167 0.428125 0.491667 0.421875 0.493750 0.420312 0.489583
4 0.526563 0.477083 0.518750 0.493750 0.518750 0.502083 0.523438 0.510417 0.523438 0.527083 0.534375 0.525000 0.556250 0.529167 0.564063 0.539583 0.564063 0.510417 0.557813 0.502083 0.559375 0.477083
4 0.290625 0.477083 0.284375 0.477083 0.282813 0.475000 0.282813 0.466667 0.279687 0.477083 0.257812 0.475000 0.256250 0.477083 0.256250 0.497917 0.260937 0.495833 0.267188 0.497917 0.270313 0.502083 0.282813 0.502083 0.287500 0.497917 0.287500 0.489583 0.290625 0.487500
5 0.193750 0.391667 0.190625 0.391667 0.189062 0.404167 0.190625 0.425000 0.187500 0.427083 0.182812 0.527083 0.185938 0.518750
5 0.637500 0.222917 0.631250 0.222917 0.640625 0.250000 0.629687 0.450000 0.643750 0.258333
7 0.612500 0.447917 0.607812 0.456250 0.607812 0.464583 0.612500 0.470833 0.618750 0.470833 0.625000 0.464583 0.626563 0.466667 0.625000 0.481250 0.634375 0.481250 0.634375 0.464583 0.637500 0.462500 0.637500 0.458333 0.632812 0.452083 0.628125 0.452083 0.625000 0.458333 0.621875 0.450000 0.615625 0.445833
7 0.190625 0.341667 0.185938 0.352083 0.187500 0.354167 0.187500 0.362500 0.190625 0.364583 0.190625 0.366667 0.187500 0.368750 0.185938 0.387500 0.187500 0.389583 0.201563 0.389583 0.201563 0.370833 0.200000 0.368750 0.204687 0.360417 0.204687 0.354167 0.201563 0.343750
8 0.265625 0.504167 0.265625 0.514583 0.310937 0.527083 0.421875 0.529167 0.410938 0.435417 0.373437 0.393750 0.353125 0.393750 0.332813 0.379167 0.312500 0.379167 0.304688 0.404167 0.295312 0.406250 0.289062 0.497917 0.279687 0.508333
8 0.639062 0.343750 0.632812 0.514583 0.664062 0.502083 0.656250 0.539583 0.700000 0.545833 0.717187 0.479167 0.771875 0.479167 0.787500 0.547917 0.945312 0.570833 0.998437 0.485417 0.982812 0.375000 0.939063 0.347917 0.873437 0.400000 0.829688 0.385417 0.795312 0.445833 0.760938 0.447917 0.743750 0.379167 0.646875 0.389583
8 0.631250 0.333333 0.615625 0.404167 0.589063 0.377083 0.521875 0.445833 0.517188 0.416667 0.496875 0.433333 0.479687 0.347917 0.464062 0.433333 0.445312 0.456250 0.435937 0.441667 0.432812 0.475000 0.498437 0.491667 0.517188 0.537500 0.520312 0.483333 0.556250 0.472917 0.560937 0.506250 0.600000 0.533333 0.598437 0.479167 0.626563 0.491667 0.606250 0.456250 0.628125 0.450000
9 0.576562 0.541667 0.998437 0.612500 0.996875 0.583333 0.850000 0.570833 0.750000 0.539583
9 0.518750 0.537500 0.518750 0.539583 0.532813 0.539583 0.534375 0.543750 0.559375 0.543750 0.564063 0.545833 0.564063 0.541667 0.560937 0.539583 0.560937 0.535417 0.556250 0.531250 0.550000 0.531250 0.548438 0.529167 0.526563 0.527083 0.521875 0.529167 0.521875 0.533333
10 0.000000 0.000000 0.457813 0.314583 0.448437 0.445833 0.485938 0.341667 0.498437 0.433333 0.615625 0.402083 0.631250 0.220833 0.646875 0.387500 0.743750 0.377083 0.759375 0.450000 0.932813 0.345833 0.998437 0.418750 0.998437 0.000000
13 0.000000 0.343750 0.001563 0.537500 0.012500 0.531250 0.017188 0.510417 0.010937 0.470833 0.015625 0.408333