0 0.000000 0.570833 0.000000 0.997917 0.998437 0.997917 0.998437 0.518750 0.412500 0.504167
1 0.000000 0.568750 0.412500 0.502083 0.998437 0.493750 0.000000 0.516667
2 0.900000 0.420833 0.901563 0.431250 0.910937 0.431250 0.912500 0.433333 0.943750 0.431250 0.943750 0.425000 0.940625 0.422917 0.928125 0.425000 0.926562 0.420833 0.917188 0.420833 0.915625 0.416667 0.914062 0.418750 0.906250 0.410417 0.903125 0.412500
2 0.000000 0.081250 0.000000 0.514583 0.082812 0.508333 0.082812 0.318750 0.090625 0.508333 0.170313 0.502083 0.170313 0.460417 0.212500 0.435417 0.207813 0.381250 0.250000 0.341667 0.325000 0.375000 0.371875 0.450000 0.387500 0.268750
3 0.600000 0.437500 0.598437 0.437500 0.596875 0.441667 0.595313 0.437500 0.589063 0.435417 0.584375 0.437500 0.582812 0.441667 0.579688 0.441667 0.578125 0.445833 0.578125 0.454167 0.579688 0.456250 0.581250 0.477083 0.584375 0.475000 0.590625 0.475000 0.595313 0.470833 0.595313 0.460417 0.596875 0.458333 0.596875 0.450000
3 0.467187 0.427083 0.464062 0.435417 0.464062 0.452083 0.468750 0.466667 0.473438 0.468750 0.478125 0.464583 0.479687 0.431250 0.482812 0.425000 0.485938 0.425000 0.487500 0.454167 0.496875 0.468750 0.498437 0.420833 0.475000 0.420833
3 0.515625 0.416667 0.515625 0.418750 0.518750 0.422917 0.518750 0.427083 0.521875 0.431250 0.521875 0.433333 0.525000 0.435417 0.525000 0.439583 0.529687 0.454167 0.532813 0.452083 0.532813 0.431250 0.529687 0.429167 0.532813 0.416667
3 0.539062 0.416667 0.546875 0.427083 0.546875 0.450000 0.545312 0.452083 0.546875 0.466667 0.553125 0.464583 0.554688 0.466667 0.564063 0.466667 0.564063 0.439583 0.565625 0.437500 0.565625 0.427083 0.562500 0.425000 0.564063 0.416667 0.559375 0.414583
3 0.646875 0.420833 0.648438 0.433333 0.653125 0.429167 0.657813 0.433333 0.653125 0.447917 0.656250 0.454167 0.662500 0.456250 0.664062 0.435417 0.667188 0.429167 0.671875 0.431250 0.678125 0.450000 0.687500 0.445833 0.687500 0.427083 0.685937 0.431250 0.682813 0.422917 0.676562 0.418750 0.667188 0.420833 0.665625 0.416667 0.668750 0.408333 0.654687 0.406250
4 0.356250 0.447917 0.354687 0.468750 0.360938 0.479167 0.364063 0.491667 0.371875 0.491667 0.371875 0.475000 0.373437 0.472917 0.373437 0.458333 0.371875 0.452083 0.370312 0.452083 0.365625 0.460417 0.360938 0.460417 0.356250 0.454167
4 0.401562 0.445833 0.401562 0.485417 0.404687 0.491667 0.410938 0.491667 0.412500 0.487500 0.454688 0.487500 0.454688 0.477083 0.451562 0.468750 0.445312 0.468750 0.442188 0.464583 0.439063 0.447917
4 0.212500 0.437500 0.198437 0.437500 0.198437 0.458333 0.171875 0.460417 0.171875 0.502083 0.176563 0.502083 0.175000 0.491667 0.178125 0.487500 0.182812 0.491667 0.179688 0.502083 0.195312 0.506250 0.198437 0.487500 0.201563 0.489583 0.201563 0.506250 0.204687 0.502083 0.204687 0.487500 0.212500 0.475000 0.209375 0.466667
4 0.998437 0.491667 0.998437 0.431250 0.904687 0.433333 0.884375 0.447917 0.885938 0.456250 0.907813 0.460417 0.921875 0.477083
5 0.565625 0.418750 0.565625 0.425000 0.567187 0.427083 0.565625 0.466667 0.570312 0.485417 0.571875 0.481250 0.571875 0.431250 0.570312 0.429167 0.570312 0.416667
5 0.500000 0.406250 0.501563 0.491667 0.504687 0.491667 0.506250 0.477083 0.507812 0.491667 0.510938 0.491667 0.510938 0.454167 0.507812 0.456250 0.506250 0.468750 0.504687 0.456250 0.501563 0.454167
5 0.084375 0.379167 0.084375 0.531250 0.087500 0.531250 0.087500 0.379167
5 0.557813 0.150000 0.568750 0.175000 0.568750 0.383333 0.571875 0.168750 0.564063 0.150000
7 0.546875 0.387500 0.546875 0.402083 0.556250 0.406250 0.562500 0.397917 0.565625 0.402083 0.564063 0.404167 0.565625 0.410417 0.564063 0.414583 0.573438 0.414583 0.575000 0.389583 0.571875 0.385417 0.567187 0.385417 0.562500 0.393750 0.557813 0.381250 0.553125 0.381250
7 0.076563 0.322917 0.075000 0.335417 0.079687 0.352083 0.076563 0.354167 0.076563 0.377083 0.096875 0.377083 0.095312 0.356250 0.092188 0.354167 0.096875 0.345833 0.095312 0.331250 0.092188 0.329167 0.090625 0.322917 0.085938 0.320833
8 0.209375 0.381250 0.214062 0.475000 0.203125 0.506250 0.292187 0.506250 0.362500 0.491667 0.342187 0.400000 0.298438 0.356250 0.276562 0.358333 0.250000 0.343750 0.226562 0.352083 0.220312 0.377083
8 0.560937 0.260417 0.553125 0.333333 0.514062 0.320833 0.460938 0.393750 0.453125 0.362500 0.431250 0.387500 0.415625 0.291667 0.398438 0.391667 0.370312 0.395833 0.373437 0.491667 0.403125 0.491667 0.401562 0.443750 0.439063 0.445833 0.462500 0.487500 0.465625 0.427083 0.500000 0.404167 0.506250 0.462500 0.545312 0.466667 0.537500 0.416667 0.562500 0.414583 0.545312 0.387500 0.567187 0.383333
8 0.998437 0.143750 0.967187 0.250000 0.951562 0.189583 0.928125 0.300000 0.912500 0.218750 0.914062 0.322917 0.845313 0.250000 0.687500 0.372917 0.673438 0.300000 0.584375 0.320833 0.571875 0.275000 0.573438 0.456250 0.642188 0.468750 0.690625 0.387500 0.701562 0.443750 0.884375 0.456250 0.904687 0.408333 0.998437 0.429167
9 0.464062 0.483333 0.464062 0.487500 0.471875 0.487500 0.473438 0.489583 0.500000 0.489583 0.500000 0.477083 0.498437 0.475000 0.498437 0.470833 0.479687 0.470833 0.478125 0.468750 0.475000 0.468750 0.473438 0.470833 0.470313 0.470833
9 0.518750 0.487500 0.989062 0.491667 0.867188 0.456250 0.810937 0.470833 0.682813 0.456250 0.570312 0.487500 0.528125 0.468750
10 0.000000 0.000000 0.000000 0.079167 0.387500 0.266667 0.385937 0.402083 0.415625 0.289583 0.432812 0.400000 0.551562 0.333333 0.557813 0.147917 0.581250 0.314583 0.673438 0.297917 0.689063 0.370833 0.845313 0.247917 0.914062 0.320833 0.910937 0.218750 0.928125 0.297917 0.998437 0.141667 0.998437 0.000000