0 0.000000 0.560417 0.000000 0.997917 0.998437 0.997917 0.993750 0.531250 0.395313 0.502083
1 0.000000 0.500000 0.000000 0.558333 0.395313 0.500000 0.998437 0.531250 0.956250 0.500000 0.429688 0.485417 0.014063 0.529167
2 0.662500 0.402083 0.628125 0.404167 0.626563 0.412500 0.618750 0.420833 0.620313 0.435417 0.615625 0.464583 0.637500 0.460417 0.640625 0.435417 0.646875 0.439583 0.648438 0.458333 0.660937 0.458333
2 0.667188 0.400000 0.667188 0.460417 0.685937 0.460417 0.684375 0.452083 0.675000 0.437500 0.679688 0.425000 0.681250 0.404167 0.678125 0.400000
2 0.867188 0.385417 0.864062 0.418750 0.857812 0.429167 0.857812 0.443750 0.868750 0.447917 0.909375 0.439583 0.903125 0.429167 0.896875 0.433333 0.882812 0.425000 0.878125 0.418750 0.879687 0.404167 0.871875 0.395833 0.873437 0.387500
2 0.000000 0.306250 0.000000 0.497917 0.009375 0.497917 0.012500 0.393750 0.009375 0.356250 0.001563 0.352083 0.001563 0.329167 0.006250 0.325000 0.000000 0.316667
2 0.565625 0.187500 0.562500 0.187500 0.560937 0.225000 0.556250 0.229167 0.560937 0.231250 0.560937 0.245833 0.556250 0.258333 0.564063 0.304167 0.567187 0.258333 0.579688 0.250000 0.570312 0.252083 0.567187 0.245833 0.567187 0.227083 0.579688 0.220833 0.565625 0.214583
2 0.000000 0.064583 0.000000 0.300000 0.029687 0.306250 0.018750 0.497917 0.115625 0.495833 0.117188 0.452083 0.165625 0.425000 0.160938 0.362500 0.185938 0.329167 0.292187 0.362500 0.329688 0.477083 0.356250 0.254167
3 0.570312 0.437500 0.560937 0.437500 0.554688 0.441667 0.554688 0.472917 0.557813 0.470833 0.562500 0.470833 0.567187 0.466667 0.570312 0.466667 0.570312 0.450000 0.571875 0.447917 0.571875 0.441667
3 0.460938 0.416667 0.460938 0.422917 0.462500 0.425000 0.462500 0.456250 0.465625 0.466667 0.473438 0.466667 0.473438 0.416667
3 0.454688 0.416667 0.453125 0.416667 0.450000 0.422917 0.443750 0.427083 0.443750 0.429167 0.439063 0.433333 0.437500 0.452083 0.440625 0.456250 0.443750 0.466667 0.446875 0.466667 0.446875 0.464583 0.450000 0.462500 0.450000 0.458333 0.451562 0.456250 0.451562 0.425000 0.454688 0.420833
3 0.528125 0.412500 0.521875 0.416667 0.523438 0.452083 0.526563 0.456250 0.526563 0.464583 0.539062 0.466667 0.540625 0.464583 0.540625 0.435417 0.537500 0.433333 0.534375 0.412500 0.534375 0.425000 0.532813 0.427083 0.528125 0.425000
4 0.370312 0.441667 0.370312 0.485417 0.384375 0.487500 0.429688 0.483333 0.426563 0.472917 0.414062 0.464583 0.409375 0.441667
4 0.998437 0.506250 0.998437 0.441667 0.921875 0.439583 0.867188 0.450000 0.868750 0.460417 0.879687 0.460417 0.893750 0.485417
4 0.165625 0.427083 0.154688 0.422917 0.150000 0.427083 0.153125 0.445833 0.150000 0.450000 0.118750 0.452083 0.118750 0.497917 0.156250 0.497917 0.156250 0.479167 0.162500 0.475000 0.162500 0.466667 0.165625 0.464583 0.165625 0.456250 0.162500 0.454167
5 0.475000 0.402083 0.475000 0.481250 0.479687 0.475000 0.482812 0.489583 0.485938 0.487500 0.485938 0.452083 0.482812 0.452083 0.482812 0.458333 0.479687 0.462500 0.476562 0.454167
5 0.010937 0.356250 0.014063 0.393750 0.010937 0.395833 0.014063 0.472917 0.010937 0.525000 0.014063 0.527083 0.017188 0.525000 0.015625 0.356250
5 0.537500 0.139583 0.546875 0.168750 0.545312 0.381250 0.550000 0.164583
7 0.523438 0.383333 0.521875 0.395833 0.526563 0.404167 0.532813 0.404167 0.535937 0.402083 0.537500 0.395833 0.540625 0.395833 0.542188 0.400000 0.539062 0.402083 0.539062 0.412500 0.540625 0.414583 0.550000 0.412500 0.551562 0.389583 0.546875 0.383333 0.542188 0.383333 0.540625 0.389583 0.535937 0.385417 0.534375 0.379167 0.526563 0.379167
7 0.007812 0.291667 0.000000 0.302083 0.001563 0.316667 0.007812 0.325000 0.006250 0.329167 0.003125 0.329167 0.003125 0.352083 0.028125 0.356250 0.028125 0.333333 0.021875 0.329167 0.028125 0.318750 0.028125 0.306250 0.021875 0.295833
8 0.162500 0.362500 0.167187 0.464583 0.157812 0.497917 0.250000 0.502083 0.331250 0.487500 0.318750 0.456250 0.318750 0.414583 0.292187 0.364583 0.209375 0.331250 0.185938 0.331250 0.171875 0.362500
8 0.543750 0.264583 0.528125 0.337500 0.482812 0.320833 0.457813 0.375000 0.432812 0.389583 0.425000 0.358333 0.404687 0.404167 0.384375 0.287500 0.350000 0.427083 0.339062 0.385417 0.342187 0.487500 0.371875 0.487500 0.371875 0.437500 0.409375 0.439583 0.434375 0.481250 0.448437 0.414583 0.464062 0.466667 0.475000 0.400000 0.479687 0.460417 0.525000 0.466667
8 0.998437 0.104167 0.939063 0.258333 0.917188 0.206250 0.876563 0.335417 0.814063 0.262500 0.665625 0.368750 0.648438 0.306250 0.562500 0.320833 0.548438 0.272917 0.546875 0.456250 0.609375 0.472917 0.628125 0.402083 0.678125 0.397917 0.687500 0.460417 0.856250 0.466667 0.867188 0.383333 0.910937 0.439583 0.998437 0.439583
9 0.432812 0.483333 0.443750 0.487500 0.481250 0.487500 0.479687 0.477083 0.478125 0.477083 0.476562 0.483333 0.473438 0.481250 0.473438 0.468750 0.440625 0.468750 0.437500 0.472917 0.435937 0.481250
9 0.487500 0.479167 0.942187 0.497917 0.889062 0.485417 0.879687 0.462500
10 0.000000 0.000000 0.010937 0.070833 0.356250 0.252083 0.359375 0.393750 0.392188 0.283333 0.401562 0.402083 0.528125 0.335417 0.537500 0.137500 0.559375 0.314583 0.645312 0.302083 0.667188 0.366667 0.814063 0.260417 0.882812 0.329167 0.889062 0.208333 0.896875 0.308333 0.998437 0.102083 0.998437 0.000000