0 0.000000 0.570833 0.031250 0.729167 0.000000 0.997917 0.998437 0.997917 0.998437 0.533333 0.448437 0.510417
1 0.025000 0.722917 0.000000 0.714583 0.000000 0.768750 0.003125 0.762500 0.009375 0.758333 0.026562 0.735417 0.029687 0.729167
1 0.000000 0.568750 0.412500 0.510417 0.998437 0.510417 0.000000 0.525000
2 0.917188 0.437500 0.917188 0.443750 0.934375 0.445833 0.935937 0.450000 0.953125 0.450000 0.956250 0.445833 0.959375 0.445833 0.960938 0.450000 0.968750 0.450000 0.968750 0.441667 0.959375 0.443750 0.946875 0.441667 0.931250 0.427083 0.932813 0.418750 0.926562 0.427083 0.923438 0.427083 0.921875 0.435417
2 0.670312 0.416667 0.670312 0.425000 0.664062 0.431250 0.662500 0.475000 0.676562 0.470833 0.675000 0.462500 0.684375 0.443750 0.689063 0.443750 0.693750 0.456250 0.701562 0.458333 0.695312 0.464583 0.701562 0.462500 0.704688 0.466667 0.706250 0.414583
2 0.607812 0.197917 0.604688 0.206250 0.604688 0.254167 0.601562 0.268750 0.604688 0.272917 0.604688 0.287500 0.607812 0.268750 0.607812 0.239583 0.612500 0.233333 0.621875 0.235417 0.621875 0.229167 0.610938 0.231250 0.607812 0.227083
2 0.000000 0.072917 0.000000 0.522917 0.109375 0.508333 0.109375 0.325000 0.117188 0.508333 0.193750 0.506250 0.256250 0.352083 0.346875 0.383333 0.381250 0.460417 0.404687 0.277083
3 0.610938 0.447917 0.604688 0.447917 0.600000 0.452083 0.596875 0.452083 0.593750 0.466667 0.589063 0.470833 0.589063 0.483333 0.592187 0.481250 0.593750 0.475000 0.596875 0.485417 0.610938 0.481250
3 0.514062 0.429167 0.487500 0.431250 0.479687 0.441667 0.484375 0.466667 0.487500 0.468750 0.487500 0.475000 0.484375 0.477083 0.492188 0.477083 0.498437 0.433333 0.503125 0.435417 0.503125 0.445833 0.506250 0.447917 0.503125 0.452083 0.503125 0.462500 0.509375 0.468750 0.510938 0.477083 0.515625 0.477083
3 0.556250 0.427083 0.554688 0.439583 0.562500 0.454167 0.560937 0.464583 0.564063 0.472917 0.567187 0.468750 0.570312 0.472917 0.575000 0.468750 0.579688 0.468750 0.581250 0.475000 0.579688 0.466667 0.581250 0.454167 0.579688 0.447917 0.581250 0.445833 0.576562 0.443750 0.578125 0.439583 0.575000 0.435417 0.576562 0.427083 0.575000 0.425000
4 0.370312 0.475000 0.382812 0.497917 0.475000 0.495833 0.476562 0.491667 0.475000 0.475000 0.460938 0.456250 0.387500 0.447917 0.381250 0.462500 0.373437 0.452083
4 0.906250 0.466667 0.909375 0.477083 0.932813 0.479167 0.948438 0.497917 0.998437 0.508333 0.998437 0.450000 0.935937 0.452083 0.934375 0.447917 0.917188 0.445833
4 0.225000 0.437500 0.221875 0.441667 0.223438 0.462500 0.193750 0.464583 0.195312 0.506250 0.198437 0.506250 0.198437 0.487500 0.206250 0.489583 0.201563 0.493750 0.201563 0.506250 0.206250 0.502083 0.210938 0.506250 0.226562 0.506250 0.225000 0.495833 0.231250 0.485417 0.232813 0.466667 0.225000 0.460417
5 0.112500 0.383333 0.110937 0.529167 0.115625 0.529167 0.115625 0.383333
5 0.576562 0.160417 0.585938 0.185417 0.585938 0.393750 0.590625 0.183333 0.582812 0.162500
7 0.565625 0.393750 0.562500 0.402083 0.562500 0.408333 0.565625 0.414583 0.570312 0.416667 0.575000 0.414583 0.579688 0.404167 0.581250 0.406250 0.581250 0.425000 0.589063 0.425000 0.590625 0.422917 0.589063 0.420833 0.590625 0.404167 0.585938 0.395833 0.582812 0.395833 0.581250 0.402083 0.578125 0.404167 0.575000 0.393750
7 0.109375 0.327083 0.104688 0.337500 0.104688 0.345833 0.109375 0.356250 0.104688 0.360417 0.106250 0.381250 0.125000 0.381250 0.121875 0.354167 0.125000 0.350000 0.123438 0.333333 0.118750 0.327083
8 0.232813 0.383333 0.237500 0.429167 0.228125 0.506250 0.303125 0.510417 0.381250 0.500000 0.368750 0.475000 0.368750 0.429167 0.346875 0.385417 0.318750 0.364583 0.271875 0.352083 0.250000 0.356250 0.242188 0.381250
8 0.584375 0.281250 0.567187 0.343750 0.526563 0.333333 0.506250 0.383333 0.478125 0.402083 0.470313 0.372917 0.448437 0.414583 0.434375 0.302083 0.414062 0.347917 0.417187 0.395833 0.385937 0.400000 0.385937 0.443750 0.460938 0.454167 0.478125 0.487500 0.478125 0.441667 0.520312 0.412500 0.520312 0.460417 0.560937 0.475000 0.554688 0.427083 0.581250 0.439583 0.579688 0.406250 0.560937 0.402083 0.582812 0.393750
8 0.981250 0.202083 0.953125 0.316667 0.937500 0.231250 0.940625 0.337500 0.862500 0.264583 0.703125 0.387500 0.692187 0.312500 0.601562 0.333333 0.589063 0.287500 0.589063 0.468750 0.610938 0.445833 0.651563 0.483333 0.668750 0.416667 0.703125 0.408333 0.731250 0.470833 0.910937 0.481250 0.929688 0.418750 0.998437 0.447917
9 0.476562 0.495833 0.489063 0.495833 0.490625 0.497917 0.517188 0.497917 0.517188 0.487500 0.515625 0.485417 0.515625 0.479167 0.484375 0.479167 0.484375 0.481250 0.479687 0.485417
9 0.535937 0.493750 0.990625 0.508333 0.932813 0.481250 0.810937 0.487500 0.729688 0.468750 0.585938 0.497917 0.545312 0.475000
10 0.000000 0.000000 0.001563 0.075000 0.404687 0.275000 0.404687 0.408333 0.434375 0.300000 0.448437 0.412500 0.567187 0.341667 0.576562 0.158333 0.596875 0.325000 0.692187 0.310417 0.703125 0.385417 0.862500 0.262500 0.940625 0.335417 0.950000 0.208333 0.953125 0.314583 0.978125 0.200000 0.998437 0.258333 0.998437 0.000000