0 0.000000 0.570833 0.000000 0.997917 0.998437 0.997917 0.998437 0.520833 0.401562 0.504167
1 0.000000 0.568750 0.401562 0.502083 0.998437 0.497917 0.021875 0.510417
2 0.682813 0.400000 0.682813 0.418750 0.684375 0.420833 0.682813 0.456250 0.701562 0.456250 0.692187 0.443750 0.692187 0.439583 0.689063 0.437500 0.693750 0.408333 0.692187 0.400000
2 0.676562 0.400000 0.643750 0.404167 0.643750 0.410417 0.635938 0.420833 0.634375 0.464583 0.653125 0.456250 0.653125 0.435417 0.657813 0.431250 0.664062 0.437500 0.667188 0.454167 0.670312 0.454167 0.671875 0.447917 0.676562 0.454167
2 0.875000 0.431250 0.876563 0.435417 0.928125 0.433333 0.926562 0.425000 0.906250 0.422917 0.895312 0.414583 0.895312 0.395833 0.887500 0.393750 0.885938 0.402083 0.882812 0.404167 0.884375 0.414583 0.879687 0.416667
2 0.579688 0.187500 0.576562 0.189583 0.576562 0.218750 0.568750 0.231250 0.576562 0.235417 0.576562 0.254167 0.573438 0.256250 0.576562 0.300000 0.579688 0.297917 0.579688 0.258333 0.582812 0.256250 0.581250 0.229167 0.585938 0.222917 0.593750 0.222917 0.579688 0.216667
2 0.000000 0.081250 0.000000 0.514583 0.062500 0.508333 0.059375 0.316667 0.070312 0.508333 0.154688 0.502083 0.153125 0.464583 0.198437 0.433333 0.195312 0.375000 0.234375 0.341667 0.314063 0.372917 0.351562 0.472917 0.376563 0.266667
3 0.584375 0.437500 0.578125 0.437500 0.575000 0.441667 0.571875 0.441667 0.568750 0.456250 0.564063 0.460417 0.564063 0.472917 0.565625 0.475000 0.565625 0.462500 0.568750 0.456250 0.570312 0.458333 0.570312 0.475000 0.579688 0.472917 0.585938 0.466667 0.585938 0.441667
3 0.551562 0.416667 0.546875 0.414583 0.540625 0.416667 0.543750 0.425000 0.539062 0.427083 0.539062 0.454167 0.542188 0.454167 0.543750 0.450000 0.548438 0.454167 0.551562 0.454167 0.551562 0.445833 0.554688 0.441667 0.548438 0.435417 0.545312 0.439583 0.542188 0.433333 0.543750 0.429167 0.550000 0.429167 0.548438 0.425000 0.551562 0.420833
4 0.390625 0.445833 0.390625 0.477083 0.395313 0.487500 0.443750 0.487500 0.443750 0.479167 0.429688 0.464583 0.428125 0.447917 0.403125 0.443750
4 0.198437 0.435417 0.182812 0.437500 0.182812 0.458333 0.157812 0.460417 0.154688 0.464583 0.156250 0.506250 0.160938 0.485417 0.176563 0.487500 0.179688 0.506250 0.181250 0.487500 0.184375 0.485417 0.189062 0.502083 0.189062 0.487500 0.196875 0.477083 0.195312 0.452083
4 0.998437 0.495833 0.998437 0.433333 0.893750 0.435417 0.871875 0.443750 0.876563 0.456250 0.895312 0.456250 0.914062 0.477083
4 0.476562 0.420833 0.479687 0.427083 0.479687 0.447917 0.478125 0.450000 0.479687 0.468750 0.489063 0.468750 0.489063 0.420833
4 0.470313 0.420833 0.464062 0.420833 0.460938 0.422917 0.460938 0.425000 0.457813 0.427083 0.456250 0.433333 0.453125 0.435417 0.453125 0.454167 0.456250 0.456250 0.456250 0.462500 0.459375 0.470833 0.467187 0.468750 0.467187 0.435417 0.470313 0.429167
5 0.062500 0.375000 0.065625 0.410417 0.064062 0.529167 0.068750 0.533333 0.067187 0.375000
5 0.550000 0.145833 0.548438 0.154167 0.559375 0.177083 0.559375 0.383333 0.562500 0.170833
7 0.539062 0.383333 0.537500 0.387500 0.537500 0.402083 0.539062 0.404167 0.545312 0.406250 0.551562 0.402083 0.553125 0.393750 0.554688 0.395833 0.554688 0.414583 0.564063 0.414583 0.564063 0.389583 0.560937 0.385417 0.554688 0.387500 0.553125 0.393750 0.550000 0.383333 0.546875 0.381250
7 0.059375 0.318750 0.054688 0.327083 0.054688 0.339583 0.059375 0.345833 0.054688 0.352083 0.056250 0.354167 0.056250 0.372917 0.068750 0.375000 0.071875 0.372917 0.073438 0.377083 0.076563 0.377083 0.078125 0.354167 0.073438 0.352083 0.076563 0.345833 0.076563 0.327083 0.073438 0.320833
8 0.196875 0.375000 0.198437 0.477083 0.189062 0.504167 0.182812 0.487500 0.187500 0.506250 0.285938 0.506250 0.351562 0.491667 0.340625 0.466667 0.342187 0.429167 0.314063 0.375000 0.285938 0.354167 0.265625 0.358333 0.237500 0.343750 0.214062 0.347917 0.204687 0.377083
8 0.553125 0.260417 0.540625 0.337500 0.503125 0.320833 0.450000 0.393750 0.442188 0.362500 0.421875 0.408333 0.400000 0.295833 0.390625 0.385417 0.359375 0.404167 0.362500 0.491667 0.393750 0.491667 0.392188 0.441667 0.428125 0.445833 0.451562 0.487500 0.451562 0.435417 0.470313 0.418750 0.478125 0.468750 0.490625 0.402083 0.496875 0.452083 0.521875 0.416667 0.510938 0.466667 0.539062 0.466667 0.540625 0.414583 0.556250 0.450000 0.553125 0.395833 0.535937 0.402083 0.556250 0.385417
8 0.998437 0.116667 0.951562 0.252083 0.934375 0.195833 0.898438 0.325000 0.828125 0.254167 0.679688 0.368750 0.662500 0.302083 0.573438 0.320833 0.562500 0.275000 0.564063 0.458333 0.584375 0.435417 0.625000 0.472917 0.642188 0.404167 0.679688 0.393750 0.703125 0.456250 0.745313 0.466667 0.875000 0.456250 0.885938 0.391667 0.998437 0.431250
9 0.453125 0.483333 0.453125 0.487500 0.490625 0.489583 0.490625 0.475000 0.489063 0.470833 0.475000 0.470833 0.473438 0.472917 0.464062 0.470833 0.462500 0.472917 0.457813 0.472917
9 0.509375 0.489583 0.967187 0.491667 0.860938 0.456250 0.807813 0.470833 0.667188 0.456250 0.560937 0.487500 0.518750 0.468750
10 0.000000 0.000000 0.000000 0.079167 0.376563 0.264583 0.376563 0.402083 0.406250 0.287500 0.420312 0.406250 0.540625 0.335417 0.550000 0.143750 0.570312 0.314583 0.662500 0.300000 0.678125 0.370833 0.828125 0.252083 0.898438 0.322917 0.904687 0.204167 0.912500 0.300000 0.998437 0.114583 0.998437 0.000000
11 0.514062 0.431250 0.509375 0.431250 0.507812 0.443750 0.503125 0.445833 0.501563 0.452083 0.503125 0.481250 0.506250 0.483333 0.506250 0.489583 0.507812 0.491667 0.509375 0.487500 0.509375 0.452083 0.507812 0.445833 0.510938 0.441667 0.514062 0.443750