0 0.998437 0.479167 0.692187 0.466667 0.003125 0.558333 0.000000 0.997917 0.998437 0.997917
1 0.998437 0.447917 0.206250 0.491667 0.000000 0.558333 0.692187 0.464583 0.998437 0.477083
2 0.850000 0.327083 0.839063 0.327083 0.834375 0.333333 0.832812 0.339583 0.821875 0.350000 0.818750 0.356250 0.818750 0.366667 0.823438 0.366667 0.825000 0.370833 0.826562 0.364583 0.829688 0.362500 0.829688 0.358333 0.835938 0.350000 0.845313 0.354167 0.848437 0.350000 0.851562 0.335417
2 0.000000 0.137500 0.000000 0.414583 0.006250 0.437500 0.021875 0.447917 0.048438 0.433333 0.054688 0.397917 0.067187 0.414583 0.051562 0.189583 0.065625 0.164583
3 0.375000 0.402083 0.379688 0.439583 0.378125 0.414583 0.382812 0.414583 0.384375 0.456250 0.401562 0.454167 0.404687 0.450000 0.404687 0.414583 0.400000 0.410417 0.392188 0.410417 0.389062 0.414583 0.384375 0.406250 0.378125 0.406250
3 0.284375 0.397917 0.287500 0.410417 0.295312 0.414583 0.295312 0.422917 0.300000 0.433333 0.300000 0.439583 0.301563 0.439583 0.303125 0.443750 0.303125 0.410417 0.301563 0.408333 0.301563 0.395833 0.289062 0.395833
3 0.323437 0.393750 0.325000 0.435417 0.334375 0.435417 0.339062 0.445833 0.345313 0.450000 0.353125 0.450000 0.354687 0.445833 0.360938 0.445833 0.362500 0.450000 0.365625 0.445833 0.364063 0.400000 0.350000 0.397917 0.342187 0.391667
3 0.478125 0.372917 0.453125 0.375000 0.451562 0.383333 0.437500 0.397917 0.437500 0.439583 0.454688 0.433333 0.457813 0.425000 0.457813 0.408333 0.464062 0.416667 0.467187 0.429167 0.478125 0.429167
3 0.482812 0.370833 0.482812 0.429167 0.504687 0.429167 0.504687 0.425000 0.498437 0.418750 0.492188 0.406250 0.492188 0.402083 0.495312 0.397917 0.496875 0.375000 0.495312 0.370833
4 0.206250 0.489583 0.198437 0.470833 0.181250 0.464583 0.173437 0.437500 0.034375 0.437500 0.021875 0.450000 0.006250 0.439583 0.000000 0.464583 0.026562 0.518750 0.051562 0.518750 0.078125 0.502083 0.106250 0.508333
4 0.259375 0.400000 0.225000 0.404167 0.209375 0.416667 0.207813 0.437500 0.220312 0.456250 0.221875 0.464583 0.231250 0.464583 0.237500 0.445833 0.242188 0.445833 0.251563 0.460417 0.265625 0.460417 0.262500 0.404167
4 0.864062 0.377083 0.704688 0.393750 0.690625 0.387500 0.682813 0.412500 0.710938 0.433333 0.864062 0.443750
4 0.998437 0.362500 0.868750 0.375000 0.868750 0.445833 0.998437 0.445833
5 0.370312 0.383333 0.365625 0.385417 0.365625 0.402083 0.368750 0.404167 0.367188 0.450000 0.375000 0.472917 0.378125 0.460417 0.382812 0.462500 0.381250 0.414583 0.381250 0.439583 0.376563 0.437500 0.375000 0.404167
5 0.865625 0.331250 0.862500 0.375000 0.865625 0.377083 0.864062 0.420833 0.867188 0.445833 0.868750 0.406250 0.865625 0.404167 0.868750 0.333333
5 0.918750 0.133333 0.910937 0.135417 0.906250 0.162500 0.904687 0.250000 0.907813 0.229167 0.910937 0.227083 0.912500 0.166667
5 0.340625 0.020833 0.354687 0.066667 0.364063 0.345833 0.368750 0.316667 0.357812 0.060417 0.348438 0.025000
7 0.365625 0.343750 0.365625 0.345833 0.362500 0.347917 0.362500 0.352083 0.360938 0.354167 0.362500 0.360417 0.365625 0.364583 0.362500 0.368750 0.362500 0.379167 0.364063 0.383333 0.368750 0.383333 0.370312 0.381250 0.373437 0.383333 0.376563 0.381250 0.375000 0.377083 0.375000 0.368750 0.373437 0.366667 0.373437 0.347917 0.371875 0.347917 0.370312 0.343750
7 0.342187 0.341667 0.339062 0.343750 0.339062 0.347917 0.337500 0.350000 0.337500 0.362500 0.339062 0.366667 0.342187 0.368750 0.342187 0.370833 0.350000 0.370833 0.351562 0.372917 0.354687 0.368750 0.356250 0.368750 0.357812 0.364583 0.357812 0.347917 0.354687 0.341667
7 0.862500 0.283333 0.856250 0.295833 0.859375 0.310417 0.856250 0.312500 0.856250 0.329167 0.857812 0.331250 0.864062 0.331250 0.865625 0.329167 0.868750 0.331250 0.875000 0.327083 0.876563 0.310417 0.873437 0.308333 0.873437 0.302083 0.876563 0.297917 0.876563 0.291667 0.871875 0.283333
8 0.000000 0.470833 0.000000 0.529167 0.026562 0.522917 0.020313 0.514583 0.017188 0.504167 0.014063 0.502083 0.014063 0.493750 0.009375 0.491667 0.009375 0.487500 0.000000 0.475000
8 0.357812 0.181250 0.335938 0.300000 0.270313 0.285417 0.235937 0.354167 0.204687 0.366667 0.190625 0.331250 0.153125 0.395833 0.160938 0.312500 0.114062 0.229167 0.117188 0.289583 0.092188 0.289583 0.110937 0.370833 0.065625 0.366667 0.048438 0.435417 0.173437 0.435417 0.212500 0.489583 0.207813 0.416667 0.262500 0.397917 0.264062 0.422917 0.267188 0.377083 0.273438 0.460417 0.289062 0.393750 0.303125 0.456250 0.337500 0.450000 0.321875 0.393750 0.364063 0.397917
8 0.996875 0.116667 0.904687 0.252083 0.860938 0.056250 0.850000 0.189583 0.815625 0.054167 0.712500 0.247917 0.704688 0.175000 0.704688 0.272917 0.682813 0.195833 0.660937 0.302083 0.590625 0.239583 0.471875 0.345833 0.365625 0.212500 0.375000 0.400000 0.412500 0.450000 0.482812 0.368750 0.506250 0.429167 0.860938 0.372917 0.862500 0.281250 0.868750 0.372917 0.998437 0.360417
9 0.279687 0.472917 0.276562 0.462500 0.273438 0.462500 0.270313 0.472917 0.265625 0.462500 0.221875 0.466667 0.217188 0.479167 0.217188 0.487500 0.214062 0.489583 0.279687 0.485417
9 0.775000 0.443750 0.693750 0.420833 0.465625 0.431250 0.375000 0.475000 0.365625 0.447917 0.303125 0.458333 0.300000 0.477083 0.359375 0.487500
10 0.000000 0.000000 0.065625 0.364583 0.128125 0.218750 0.148438 0.393750 0.335938 0.297917 0.340625 0.018750 0.371875 0.256250 0.468750 0.343750 0.590625 0.237500 0.660937 0.300000 0.690625 0.172917 0.704688 0.270833 0.815625 0.052083 0.848437 0.189583 0.890625 0.079167 0.895312 0.225000 0.912500 0.131250 0.912500 0.212500 0.998437 0.122917 0.998437 0.000000
11 0.293750 0.416667 0.289062 0.425000 0.292187 0.481250 0.293750 0.479167 0.296875 0.487500 0.301563 0.487500 0.298438 0.477083 0.298438 0.468750 0.301563 0.466667 0.301563 0.441667 0.298438 0.439583