0 0.998437 0.468750 0.664062 0.458333 0.000000 0.556250 0.000000 0.997917 0.998437 0.997917
1 0.998437 0.431250 0.139063 0.500000 0.000000 0.554167 0.664062 0.456250 0.998437 0.466667
2 0.793750 0.318750 0.782813 0.320833 0.773438 0.339583 0.764062 0.350000 0.764062 0.356250 0.760938 0.360417 0.767188 0.366667 0.773438 0.368750 0.776563 0.347917 0.781250 0.341667 0.790625 0.339583 0.790625 0.333333 0.793750 0.331250
3 0.326562 0.400000 0.329688 0.456250 0.331250 0.435417 0.335938 0.437500 0.335938 0.460417 0.346875 0.460417 0.357812 0.450000 0.356250 0.408333 0.339062 0.410417
3 0.450000 0.368750 0.437500 0.368750 0.435937 0.406250 0.431250 0.370833 0.406250 0.372917 0.406250 0.381250 0.389062 0.402083 0.390625 0.439583 0.409375 0.433333 0.414062 0.412500 0.421875 0.429167 0.432812 0.429167 0.435937 0.410417 0.439063 0.429167 0.460938 0.425000 0.448437 0.404167
4 0.000000 0.447917 0.000000 0.520833 0.145313 0.497917 0.134375 0.479167 0.115625 0.477083 0.103125 0.441667
4 0.204687 0.402083 0.192188 0.400000 0.190625 0.404167 0.181250 0.402083 0.151562 0.410417 0.143750 0.427083 0.143750 0.443750 0.153125 0.456250 0.159375 0.475000 0.164062 0.470833 0.209375 0.466667
4 0.245312 0.395833 0.226562 0.395833 0.225000 0.400000 0.217188 0.400000 0.212500 0.406250 0.215625 0.425000 0.214062 0.445833 0.217188 0.466667 0.221875 0.470833 0.226562 0.456250 0.228125 0.427083 0.237500 0.420833 0.243750 0.435417 0.248438 0.412500 0.248438 0.400000
4 0.264062 0.393750 0.264062 0.402083 0.271875 0.420833 0.268750 0.439583 0.271875 0.445833 0.285938 0.441667 0.290625 0.452083 0.304688 0.462500 0.318750 0.460417 0.317188 0.402083 0.301563 0.400000 0.293750 0.389583 0.273438 0.389583
4 0.806250 0.433333 0.804688 0.368750 0.664062 0.379167 0.653125 0.400000 0.648438 0.379167 0.628125 0.383333 0.634375 0.408333 0.653125 0.410417 0.662500 0.425000 0.717187 0.435417
4 0.998437 0.343750 0.815625 0.368750 0.812500 0.435417 0.998437 0.429167
5 0.228125 0.441667 0.228125 0.456250 0.225000 0.466667 0.225000 0.493750 0.234375 0.493750 0.232813 0.447917 0.231250 0.445833 0.231250 0.441667
5 0.315625 0.383333 0.312500 0.395833 0.318750 0.402083 0.320312 0.462500 0.325000 0.475000 0.329688 0.460417 0.334375 0.464583 0.334375 0.437500 0.331250 0.437500 0.329688 0.458333 0.325000 0.425000 0.325000 0.395833 0.321875 0.383333
5 0.807813 0.325000 0.807813 0.435417 0.810937 0.437500 0.810937 0.325000
5 0.281250 0.002083 0.300000 0.052083 0.317188 0.341667 0.303125 0.045833 0.293750 0.010417
7 0.312500 0.341667 0.310937 0.343750 0.310937 0.356250 0.312500 0.358333 0.312500 0.381250 0.325000 0.381250 0.325000 0.366667 0.323437 0.364583 0.325000 0.352083 0.321875 0.343750 0.315625 0.343750
7 0.295312 0.335417 0.293750 0.337500 0.287500 0.339583 0.287500 0.341667 0.284375 0.343750 0.284375 0.360417 0.287500 0.364583 0.287500 0.366667 0.290625 0.366667 0.292187 0.370833 0.300000 0.370833 0.303125 0.366667 0.303125 0.364583 0.306250 0.362500 0.306250 0.352083 0.304688 0.350000 0.303125 0.341667 0.300000 0.337500 0.296875 0.337500
7 0.810937 0.279167 0.804688 0.281250 0.804688 0.283333 0.801562 0.285417 0.800000 0.291667 0.800000 0.300000 0.803125 0.302083 0.803125 0.306250 0.800000 0.308333 0.800000 0.325000 0.804688 0.322917 0.817187 0.322917 0.817187 0.306250 0.814063 0.304167 0.817187 0.297917 0.817187 0.283333
8 0.303125 0.172917 0.270313 0.308333 0.215625 0.279167 0.175000 0.352083 0.140625 0.366667 0.125000 0.327083 0.081250 0.400000 0.089063 0.312500 0.037500 0.212500 0.037500 0.283333 0.007812 0.279167 0.031250 0.375000 0.000000 0.375000 0.000000 0.445833 0.103125 0.439583 0.146875 0.497917 0.150000 0.410417 0.207813 0.377083 0.248438 0.395833 0.257812 0.456250 0.289062 0.454167 0.262500 0.393750 0.314063 0.383333
8 0.998437 0.000000 0.984375 0.104167 0.832812 0.229167 0.825000 0.087500 0.790625 0.191667 0.757812 0.056250 0.610938 0.300000 0.548438 0.235417 0.425000 0.343750 0.312500 0.208333 0.359375 0.450000 0.443750 0.364583 0.462500 0.425000 0.595313 0.429167 0.789062 0.316667 0.806250 0.368750 0.807813 0.277083 0.812500 0.368750 0.996875 0.343750
9 0.223438 0.472917 0.217188 0.468750 0.215625 0.483333 0.209375 0.468750 0.164062 0.472917 0.156250 0.479167 0.154688 0.491667 0.148438 0.497917 0.223438 0.489583
9 0.715625 0.435417 0.646875 0.412500 0.553125 0.437500 0.434375 0.427083 0.325000 0.477083 0.293750 0.454167 0.257812 0.460417 0.245312 0.491667
10 0.000000 0.372917 0.045312 0.206250 0.078125 0.397917 0.281250 0.293750 0.281250 0.000000 0.320312 0.252083 0.425000 0.341667 0.548438 0.233333 0.620313 0.291667 0.640625 0.170833 0.654687 0.270833 0.757812 0.054167 0.790625 0.189583 0.826562 0.087500 0.832812 0.227083 0.992188 0.039583 0.000000 0.000000
11 0.234375 0.422917 0.229687 0.427083 0.229687 0.439583 0.232813 0.441667 0.234375 0.447917 0.235937 0.481250 0.239063 0.481250 0.243750 0.487500 0.242188 0.489583 0.243750 0.491667 0.243750 0.460417 0.246875 0.458333 0.246875 0.443750 0.240625 0.435417 0.237500 0.422917