0 0.998437 0.466667 0.631250 0.458333 0.000000 0.556250 0.000000 0.997917 0.998437 0.997917
1 0.998437 0.427083 0.151562 0.500000 0.000000 0.554167 0.631250 0.456250 0.998437 0.464583
2 0.759375 0.316667 0.743750 0.320833 0.734375 0.337500 0.729688 0.337500 0.725000 0.350000 0.726562 0.364583 0.734375 0.370833 0.739062 0.370833 0.742188 0.366667 0.751563 0.370833 0.753125 0.366667 0.760938 0.366667 0.764062 0.362500 0.762500 0.347917 0.764062 0.337500 0.759375 0.325000
2 0.979688 0.000000 0.976562 0.422917 0.998437 0.425000 0.998437 0.000000
3 0.289062 0.400000 0.287500 0.412500 0.292187 0.464583 0.295312 0.452083 0.300000 0.466667 0.317188 0.464583 0.321875 0.454167 0.321875 0.416667 0.329688 0.414583 0.332813 0.404167 0.321875 0.414583 0.318750 0.410417 0.300000 0.414583 0.293750 0.408333 0.293750 0.402083
3 0.179688 0.400000 0.178125 0.402083 0.187500 0.412500 0.187500 0.422917 0.190625 0.422917 0.195312 0.416667 0.198437 0.420833 0.200000 0.433333 0.206250 0.445833 0.206250 0.456250 0.207813 0.456250 0.209375 0.418750 0.204687 0.397917 0.192188 0.395833 0.190625 0.400000
3 0.220312 0.395833 0.229687 0.400000 0.232813 0.427083 0.237500 0.422917 0.234375 0.397917 0.240625 0.397917 0.240625 0.404167 0.248438 0.414583 0.248438 0.441667 0.254688 0.450000 0.253125 0.404167 0.271875 0.402083 0.271875 0.391667 0.264062 0.395833 0.257812 0.389583
3 0.420312 0.366667 0.371875 0.372917 0.371875 0.381250 0.359375 0.389583 0.354687 0.400000 0.357812 0.445833 0.379688 0.433333 0.381250 0.414583 0.389062 0.431250 0.431250 0.429167 0.417187 0.406250
4 0.000000 0.450000 0.000000 0.525000 0.095312 0.506250 0.081250 0.477083 0.059375 0.466667 0.051562 0.447917
4 0.156250 0.406250 0.109375 0.410417 0.093750 0.427083 0.093750 0.450000 0.101562 0.458333 0.107813 0.477083 0.165625 0.470833 0.162500 0.441667 0.157812 0.435417 0.160938 0.414583
4 0.235937 0.397917 0.239063 0.422917 0.232813 0.429167 0.229687 0.412500 0.234375 0.458333 0.256250 0.454167 0.264062 0.464583 0.281250 0.464583 0.275000 0.400000 0.254688 0.404167 0.256250 0.450000 0.253125 0.452083 0.246875 0.441667 0.246875 0.414583
4 0.770312 0.433333 0.765625 0.364583 0.718750 0.377083 0.593750 0.381250 0.604688 0.412500 0.623437 0.412500 0.631250 0.422917
4 0.976562 0.341667 0.776563 0.366667 0.775000 0.429167 0.975000 0.422917
5 0.184375 0.443750 0.182812 0.445833 0.182812 0.456250 0.176563 0.462500 0.178125 0.466667 0.178125 0.481250 0.179688 0.483333 0.179688 0.502083 0.190625 0.502083 0.189062 0.447917
5 0.278125 0.383333 0.275000 0.385417 0.276562 0.389583 0.273438 0.391667 0.273438 0.397917 0.278125 0.406250 0.279687 0.450000 0.287500 0.479167 0.290625 0.475000 0.290625 0.456250 0.287500 0.439583 0.285938 0.385417
5 0.157812 0.381250 0.160938 0.385417 0.164062 0.462500 0.167187 0.464583 0.168750 0.477083 0.170313 0.466667 0.165625 0.427083 0.165625 0.406250 0.162500 0.383333
5 0.607812 0.172917 0.607812 0.193750 0.604688 0.200000 0.600000 0.195833 0.606250 0.218750 0.609375 0.304167 0.614062 0.325000
5 0.806250 0.143750 0.801562 0.145833 0.796875 0.241667 0.801562 0.239583 0.801562 0.204167 0.804688 0.183333 0.803125 0.170833 0.806250 0.168750
5 0.240625 0.000000 0.256250 0.037500 0.278125 0.339583 0.262500 0.050000 0.254688 0.010417
7 0.273438 0.341667 0.271875 0.343750 0.271875 0.360417 0.273438 0.362500 0.273438 0.366667 0.271875 0.368750 0.273438 0.370833 0.273438 0.383333 0.276562 0.383333 0.278125 0.381250 0.285938 0.383333 0.285938 0.368750 0.284375 0.366667 0.285938 0.352083 0.282813 0.343750 0.279687 0.341667
7 0.246875 0.337500 0.246875 0.339583 0.243750 0.341667 0.243750 0.345833 0.242188 0.347917 0.242188 0.360417 0.243750 0.360417 0.245312 0.364583 0.250000 0.368750 0.250000 0.370833 0.259375 0.370833 0.262500 0.368750 0.265625 0.360417 0.265625 0.345833 0.262500 0.339583 0.259375 0.337500
7 0.775000 0.281250 0.767188 0.281250 0.762500 0.289583 0.762500 0.300000 0.765625 0.306250 0.764062 0.310417 0.760938 0.312500 0.760938 0.325000 0.762500 0.327083 0.765625 0.325000 0.776563 0.325000 0.778125 0.320833 0.778125 0.304167 0.776563 0.302083 0.779687 0.289583 0.778125 0.283333
8 0.262500 0.170833 0.229687 0.306250 0.182812 0.270833 0.089063 0.368750 0.070312 0.325000 0.021875 0.402083 0.029687 0.308333 0.000000 0.252083 0.000000 0.447917 0.051562 0.445833 0.100000 0.502083 0.092188 0.427083 0.159375 0.404167 0.159375 0.379167 0.178125 0.456250 0.203125 0.450000 0.176563 0.402083 0.193750 0.393750 0.228125 0.460417 0.218750 0.395833 0.275000 0.389583
8 0.978125 0.000000 0.914062 0.002083 0.931250 0.116667 0.800000 0.243750 0.782813 0.091667 0.753125 0.195833 0.707812 0.070833 0.629687 0.254167 0.620313 0.177083 0.614062 0.327083 0.517188 0.235417 0.390625 0.343750 0.271875 0.204167 0.323437 0.452083 0.384375 0.366667 0.576562 0.425000 0.729688 0.368750 0.767188 0.279167 0.775000 0.366667 0.975000 0.337500
9 0.178125 0.483333 0.175000 0.475000 0.167187 0.479167 0.165625 0.472917 0.107813 0.479167 0.101562 0.502083 0.095312 0.508333 0.123438 0.506250 0.125000 0.502083 0.150000 0.502083 0.151562 0.497917 0.178125 0.497917
9 0.700000 0.433333 0.623437 0.414583 0.401562 0.431250 0.287500 0.481250 0.237500 0.456250 0.201563 0.468750 0.192188 0.497917
10 0.251563 0.000000 0.281250 0.247917 0.367188 0.268750 0.390625 0.341667 0.517188 0.233333 0.565625 0.279167 0.576562 0.231250 0.585938 0.293750 0.607812 0.170833 0.621875 0.272917 0.618750 0.177083 0.629687 0.252083 0.718750 0.060417 0.753125 0.193750 0.756250 0.070833 0.784375 0.091667 0.795312 0.231250 0.803125 0.141667 0.804688 0.214583 0.854688 0.129167 0.898438 0.172917 0.937500 0.058333 0.914062 0.000000
10 0.000000 0.000000 0.000000 0.250000 0.031250 0.308333 0.020313 0.400000 0.070312 0.322917 0.090625 0.366667 0.142187 0.335417 0.165625 0.277083 0.196875 0.268750 0.228125 0.304167 0.240625 0.289583 0.231250 0.231250 0.246875 0.166667 0.262500 0.164583 0.239063 0.000000
11 0.193750 0.443750 0.190625 0.443750 0.189062 0.445833 0.190625 0.447917 0.190625 0.475000 0.192188 0.477083 0.192188 0.489583 0.195312 0.485417 0.196875 0.485417 0.200000 0.468750 0.203125 0.464583 0.204687 0.464583 0.204687 0.458333 0.201563 0.454167 0.201563 0.452083