0 0.998437 0.497917 0.375000 0.504167 0.000000 0.583333 0.000000 0.997917 0.998437 0.997917
1 0.998437 0.472917 0.014063 0.520833 0.000000 0.581250 0.375000 0.502083
2 0.673438 0.385417 0.645312 0.389583 0.639062 0.404167 0.640625 0.412500 0.637500 0.416667 0.634375 0.414583 0.634375 0.450000 0.651563 0.443750 0.645312 0.435417 0.648438 0.418750 0.651563 0.422917 0.654687 0.418750 0.660937 0.422917 0.665625 0.418750 0.673438 0.427083 0.671875 0.435417 0.675000 0.437500 0.676562 0.400000 0.671875 0.391667
2 0.898438 0.372917 0.896875 0.375000 0.896875 0.383333 0.898438 0.385417 0.896875 0.389583 0.896875 0.397917 0.893750 0.400000 0.893750 0.402083 0.896875 0.406250 0.903125 0.406250 0.909375 0.410417 0.915625 0.410417 0.915625 0.402083 0.914062 0.402083 0.910937 0.395833 0.907813 0.393750 0.907813 0.391667 0.906250 0.393750 0.904687 0.391667 0.904687 0.379167 0.903125 0.375000
2 0.000000 0.079167 0.010937 0.520833 0.118750 0.512500 0.121875 0.460417 0.156250 0.435417 0.168750 0.458333 0.160938 0.372917 0.187500 0.335417 0.273438 0.352083 0.335938 0.452083 0.356250 0.387500 0.359375 0.429167 0.364063 0.252083
3 0.585938 0.427083 0.573438 0.427083 0.573438 0.429167 0.570312 0.431250 0.570312 0.443750 0.568750 0.450000 0.565625 0.454167 0.562500 0.454167 0.562500 0.466667 0.575000 0.466667 0.584375 0.460417 0.585938 0.456250
3 0.471875 0.414583 0.471875 0.418750 0.475000 0.422917 0.475000 0.435417 0.479687 0.447917 0.479687 0.456250 0.482812 0.462500 0.487500 0.462500 0.485938 0.441667 0.482812 0.439583 0.482812 0.431250 0.485938 0.429167 0.485938 0.412500 0.476562 0.412500
3 0.546875 0.404167 0.543750 0.416667 0.542188 0.414583 0.542188 0.406250 0.535937 0.406250 0.537500 0.408333 0.535937 0.422917 0.537500 0.425000 0.537500 0.437500 0.540625 0.456250 0.546875 0.454167 0.551562 0.456250 0.553125 0.454167 0.553125 0.427083 0.548438 0.418750 0.548438 0.406250
4 0.160938 0.437500 0.156250 0.437500 0.157812 0.458333 0.154688 0.462500 0.121875 0.462500 0.118750 0.466667 0.120313 0.512500 0.137500 0.512500 0.139063 0.508333 0.140625 0.512500 0.160938 0.510417 0.159375 0.495833 0.168750 0.489583 0.168750 0.460417 0.164062 0.462500 0.160938 0.458333
4 0.328125 0.452083 0.337500 0.491667 0.439063 0.483333 0.435937 0.468750 0.426563 0.460417 0.423438 0.441667 0.346875 0.435417 0.335938 0.454167 0.329688 0.443750
4 0.464062 0.414583 0.454688 0.416667 0.448437 0.427083 0.448437 0.450000 0.451562 0.452083 0.453125 0.462500 0.460938 0.462500 0.462500 0.458333 0.462500 0.445833 0.460938 0.441667 0.456250 0.439583 0.456250 0.435417 0.465625 0.418750
4 0.873437 0.431250 0.881250 0.441667 0.909375 0.439583 0.945312 0.462500 0.998437 0.466667 0.996875 0.410417 0.895312 0.408333
5 0.554688 0.404167 0.554688 0.460417 0.557813 0.466667 0.557813 0.472917 0.560937 0.472917 0.560937 0.422917 0.559375 0.420833 0.559375 0.404167
5 0.000000 0.372917 0.003125 0.550000 0.007812 0.550000 0.004687 0.383333
5 0.542188 0.118750 0.554688 0.145833 0.554688 0.370833 0.559375 0.370833 0.557813 0.156250 0.551562 0.125000
7 0.537500 0.368750 0.534375 0.375000 0.534375 0.387500 0.537500 0.391667 0.543750 0.393750 0.551562 0.383333 0.553125 0.385417 0.553125 0.402083 0.562500 0.402083 0.562500 0.375000 0.560937 0.372917 0.554688 0.372917 0.551562 0.379167 0.543750 0.366667
7 0.000000 0.306250 0.000000 0.370833 0.015625 0.370833 0.015625 0.354167 0.010937 0.343750 0.014063 0.337500 0.014063 0.316667 0.009375 0.310417
8 0.162500 0.372917 0.170313 0.431250 0.162500 0.510417 0.237500 0.512500 0.335938 0.491667 0.314063 0.393750 0.273438 0.354167 0.187500 0.337500 0.171875 0.354167 0.173437 0.370833
8 0.546875 0.239583 0.537500 0.331250 0.506250 0.306250 0.443750 0.385417 0.434375 0.356250 0.410938 0.404167 0.393750 0.281250 0.382812 0.381250 0.359375 0.395833 0.359375 0.431250 0.351562 0.389583 0.346875 0.433333 0.423438 0.439583 0.443750 0.483333 0.446875 0.427083 0.464062 0.412500 0.462500 0.462500 0.481250 0.462500 0.470313 0.414583 0.485938 0.410417 0.487500 0.454167 0.535937 0.462500 0.534375 0.406250 0.553125 0.425000 0.551562 0.385417 0.532813 0.387500 0.553125 0.372917
8 0.998437 0.120833 0.970313 0.218750 0.943750 0.162500 0.926562 0.277083 0.914062 0.197917 0.900000 0.306250 0.831250 0.233333 0.673438 0.360417 0.657813 0.287500 0.575000 0.306250 0.559375 0.250000 0.562500 0.452083 0.585938 0.425000 0.625000 0.464583 0.643750 0.389583 0.679688 0.381250 0.734375 0.450000 0.879687 0.441667 0.898438 0.370833 0.917188 0.410417 0.998437 0.410417
9 0.445312 0.483333 0.489063 0.481250 0.489063 0.468750 0.487500 0.464583 0.473438 0.464583 0.471875 0.466667 0.453125 0.464583 0.451562 0.470833 0.448437 0.472917 0.448437 0.481250
9 0.500000 0.481250 0.998437 0.468750 0.909375 0.441667 0.693750 0.441667 0.560937 0.475000 0.546875 0.456250
10 0.000000 0.000000 0.010937 0.085417 0.364063 0.250000 0.370312 0.395833 0.400000 0.279167 0.409375 0.402083 0.537500 0.329167 0.542188 0.116667 0.568750 0.297917 0.657813 0.285417 0.673438 0.358333 0.831250 0.231250 0.900000 0.304167 0.915625 0.170833 0.926562 0.275000 0.942187 0.162500 0.970313 0.216667 0.998437 0.000000