0 0.998437 0.500000 0.475000 0.508333 0.000000 0.602083 0.000000 0.997917 0.998437 0.997917
1 0.998437 0.483333 0.000000 0.537500 0.000000 0.600000 0.454688 0.508333
2 0.740625 0.389583 0.714063 0.393750 0.721875 0.395833 0.725000 0.402083 0.718750 0.406250 0.712500 0.402083 0.698438 0.410417 0.696875 0.456250 0.709375 0.454167 0.701562 0.445833 0.714063 0.416667 0.721875 0.422917 0.728125 0.422917 0.732812 0.414583 0.742188 0.420833 0.743750 0.400000 0.739062 0.397917
2 0.000000 0.072917 0.000000 0.535417 0.090625 0.527083 0.089063 0.320833 0.098437 0.522917 0.195312 0.516667 0.198437 0.470833 0.239063 0.466667 0.253125 0.350000 0.360938 0.377083 0.390625 0.443750 0.426563 0.404167 0.421875 0.262500
3 0.650000 0.433333 0.639062 0.433333 0.631250 0.437500 0.628125 0.441667 0.625000 0.452083 0.625000 0.475000 0.626563 0.477083 0.642188 0.477083 0.646875 0.472917 0.648438 0.468750
3 0.535937 0.420833 0.529687 0.427083 0.529687 0.452083 0.531250 0.454167 0.535937 0.454167 0.537500 0.456250 0.537500 0.460417 0.543750 0.460417 0.543750 0.431250 0.542188 0.429167 0.542188 0.420833
3 0.717187 0.418750 0.714063 0.418750 0.714063 0.420833 0.710938 0.425000 0.709375 0.425000 0.709375 0.431250 0.706250 0.433333 0.706250 0.439583 0.703125 0.445833 0.707812 0.447917 0.709375 0.452083 0.714063 0.452083 0.718750 0.445833 0.718750 0.437500 0.717187 0.435417 0.717187 0.429167 0.720313 0.420833
3 0.589063 0.412500 0.592187 0.414583 0.593750 0.422917 0.592187 0.445833 0.598437 0.456250 0.598437 0.466667 0.615625 0.470833 0.615625 0.431250 0.607812 0.422917 0.607812 0.410417 0.604688 0.410417 0.603125 0.425000 0.600000 0.422917 0.600000 0.412500
4 0.239063 0.468750 0.198437 0.472917 0.196875 0.516667 0.223438 0.516667 0.221875 0.502083 0.231250 0.502083 0.232813 0.497917 0.239063 0.495833
4 0.442188 0.447917 0.437500 0.481250 0.443750 0.495833 0.459375 0.495833 0.460938 0.491667 0.496875 0.491667 0.482812 0.470833 0.478125 0.447917
4 0.389062 0.445833 0.389062 0.472917 0.393750 0.481250 0.398438 0.497917 0.409375 0.497917 0.410938 0.479167 0.415625 0.472917 0.415625 0.452083 0.412500 0.445833
4 0.503125 0.437500 0.503125 0.452083 0.506250 0.454167 0.510938 0.472917 0.521875 0.468750 0.543750 0.470833 0.543750 0.462500 0.537500 0.462500 0.535937 0.456250 0.529687 0.454167 0.528125 0.460417 0.523438 0.462500 0.520312 0.452083 0.510938 0.443750 0.514062 0.433333 0.518750 0.429167 0.521875 0.433333 0.534375 0.420833 0.515625 0.420833
5 0.617188 0.410417 0.617188 0.470833 0.620313 0.483333 0.623437 0.477083 0.623437 0.452083 0.621875 0.450000 0.621875 0.425000 0.620313 0.422917 0.621875 0.410417
5 0.092188 0.385417 0.093750 0.552083 0.098437 0.552083
5 0.607812 0.114583 0.604688 0.122917 0.617188 0.158333 0.618750 0.372917 0.618750 0.135417
7 0.595313 0.377083 0.593750 0.389583 0.596875 0.397917 0.607812 0.397917 0.607812 0.393750 0.614062 0.387500 0.615625 0.389583 0.615625 0.393750 0.612500 0.395833 0.615625 0.400000 0.614062 0.408333 0.623437 0.408333 0.623437 0.379167 0.620313 0.375000 0.617188 0.375000 0.614062 0.383333 0.609375 0.379167 0.607812 0.372917 0.600000 0.372917
7 0.084375 0.325000 0.079687 0.333333 0.081250 0.347917 0.087500 0.358333 0.081250 0.362500 0.084375 0.368750 0.084375 0.383333 0.104688 0.387500 0.104688 0.366667 0.103125 0.362500 0.098437 0.360417 0.100000 0.356250 0.103125 0.356250 0.101562 0.354167 0.104688 0.343750 0.103125 0.335417 0.092188 0.322917
8 0.234375 0.385417 0.242188 0.489583 0.223438 0.502083 0.225000 0.516667 0.314063 0.518750 0.400000 0.500000 0.387500 0.472917 0.387500 0.429167 0.360938 0.379167 0.329688 0.358333 0.276562 0.345833 0.253125 0.352083 0.246875 0.381250
8 0.609375 0.243750 0.596875 0.339583 0.556250 0.316667 0.525000 0.379167 0.500000 0.393750 0.493750 0.362500 0.467187 0.412500 0.473438 0.354167 0.453125 0.289583 0.440625 0.391667 0.406250 0.406250 0.410938 0.497917 0.442188 0.495833 0.445312 0.443750 0.478125 0.445833 0.504687 0.489583 0.515625 0.418750 0.543750 0.414583 0.548438 0.458333 0.596875 0.466667 0.592187 0.381250 0.615625 0.375000
8 0.998437 0.291667 0.967187 0.233333 0.909375 0.222917 0.739062 0.362500 0.728125 0.291667 0.639062 0.310417 0.620313 0.252083 0.623437 0.450000 0.650000 0.431250 0.650000 0.464583 0.690625 0.466667 0.696875 0.410417 0.745313 0.389583 0.746875 0.450000 0.753125 0.383333 0.775000 0.447917 0.998437 0.441667
9 0.503125 0.491667 0.543750 0.491667 0.545312 0.487500 0.548438 0.491667 0.548438 0.479167 0.540625 0.470833 0.512500 0.472917 0.507812 0.479167 0.506250 0.489583
9 0.998437 0.443750 0.896875 0.462500 0.739062 0.447917 0.620313 0.485417 0.573438 0.470833 0.557813 0.487500 0.996875 0.485417
9 0.764062 0.385417 0.753125 0.385417 0.750000 0.387500 0.750000 0.418750 0.751563 0.420833 0.754687 0.420833 0.760938 0.416667 0.762500 0.412500 0.762500 0.404167 0.764062 0.402083
10 0.000000 0.000000 0.007812 0.077083 0.421875 0.260417 0.428125 0.404167 0.453125 0.287500 0.467187 0.410417 0.598437 0.335417 0.607812 0.112500 0.634375 0.302083 0.723437 0.285417 0.739062 0.360417 0.909375 0.220833 0.998437 0.289583 0.998437 0.000000