0 0.000000 0.462500 0.000000 0.997917 0.998437 0.997917 0.995313 0.760417 0.535937 0.552083
1 0.000000 0.331250 0.000000 0.460417 0.535937 0.550000 0.998437 0.762500 0.739062 0.581250
2 0.000000 0.000000 0.000000 0.329167 0.257812 0.416667 0.239063 0.291667 0.312500 0.147917 0.501563 0.287500 0.550000 0.429167 0.604688 0.372917 0.646875 0.177083 0.570312 0.158333 0.435937 0.000000
4 0.721875 0.489583 0.717187 0.558333 0.735938 0.554167 0.803125 0.595833 0.825000 0.568750 0.828125 0.597917 0.842187 0.589583 0.925000 0.627083 0.945312 0.656250 0.998437 0.681250 0.996875 0.545833
4 0.531250 0.431250 0.525000 0.458333 0.535937 0.487500 0.534375 0.512500 0.712500 0.564583 0.704688 0.539583 0.692187 0.531250 0.684375 0.489583 0.592187 0.460417 0.542188 0.420833
7 0.978125 0.439583 0.968750 0.447917 0.964063 0.462500 0.965625 0.477083 0.973437 0.491667 0.982812 0.491667 0.984375 0.495833 0.996875 0.495833 0.998437 0.491667 0.998437 0.439583 0.989062 0.437500
8 0.581250 0.375000 0.576562 0.443750 0.684375 0.487500 0.714063 0.562500 0.721875 0.487500 0.795312 0.477083 0.998437 0.545833 0.962500 0.470833 0.998437 0.437500 0.989062 0.277083 0.971875 0.366667 0.945312 0.377083 0.954688 0.283333 0.910937 0.420833 0.815625 0.375000 0.762500 0.437500 0.726562 0.395833 0.676562 0.447917 0.692187 0.258333 0.648438 0.322917 0.645312 0.425000
8 0.303125 0.156250 0.279687 0.214583 0.256250 0.222917 0.260937 0.287500 0.240625 0.291667 0.264062 0.333333 0.268750 0.441667 0.532813 0.512500 0.523438 0.450000 0.537500 0.397917 0.501563 0.289583 0.379688 0.181250
9 0.709375 0.568750 0.795312 0.604167 0.846875 0.652083 0.998437 0.727083 0.998437 0.683333 0.945312 0.658333 0.925000 0.629167 0.856250 0.604167 0.817187 0.627083 0.796875 0.585417 0.778125 0.591667 0.725000 0.552083
10 0.437500 0.000000 0.570312 0.156250 0.648438 0.177083 0.606250 0.368750 0.640625 0.422917 0.646875 0.322917 0.695312 0.260417 0.676562 0.445833 0.815625 0.372917 0.910937 0.418750 0.951562 0.285417 0.948438 0.379167 0.967187 0.279167 0.998437 0.289583 0.998437 0.000000
18 0.826562 0.587500 0.826562 0.593750 0.820312 0.612500 0.820312 0.625000 0.826562 0.620833 0.829688 0.622917 0.832812 0.620833 0.842187 0.620833 0.842187 0.616667 0.848437 0.606250 0.848437 0.595833 0.842187 0.591667 0.837500 0.591667 0.832812 0.597917 0.828125 0.600000 0.826562 0.597917