0 0.000000 0.452083 0.000000 0.997917 0.998437 0.997917 0.979688 0.718750 0.462500 0.518750
1 0.000000 0.352083 0.003125 0.452083 0.462500 0.516667 0.895312 0.675000 0.571875 0.520833
2 0.000000 0.000000 0.000000 0.350000 0.175000 0.404167 0.195312 0.377083 0.181250 0.241667 0.232813 0.179167 0.356250 0.247917 0.451562 0.416667 0.504687 0.183333 0.451562 0.170833 0.301563 0.000000
4 0.842187 0.527083 0.835938 0.581250 0.864062 0.581250 0.867188 0.572917 0.876563 0.587500 0.948438 0.610417 0.929688 0.572917 0.946875 0.537500 0.942187 0.520833 0.873437 0.508333 0.868750 0.518750
4 0.765625 0.510417 0.768750 0.552083 0.765625 0.554167 0.767188 0.558333 0.760938 0.562500 0.759375 0.581250 0.790625 0.591667 0.801562 0.579167 0.800000 0.556250 0.801562 0.550000 0.804688 0.550000 0.809375 0.525000 0.796875 0.518750 0.787500 0.520833 0.775000 0.508333
4 0.685937 0.466667 0.690625 0.495833 0.682813 0.502083 0.685937 0.508333 0.682813 0.533333 0.715625 0.545833 0.720313 0.560417 0.748437 0.572917 0.756250 0.489583 0.750000 0.489583 0.739062 0.477083
4 0.654687 0.462500 0.656250 0.483333 0.662500 0.489583 0.657813 0.497917 0.654687 0.497917 0.654687 0.502083 0.660937 0.502083 0.664062 0.508333 0.665625 0.522917 0.662500 0.529167 0.673438 0.533333 0.668750 0.522917 0.673438 0.506250 0.673438 0.495833 0.676562 0.493750 0.678125 0.466667 0.676562 0.462500
4 0.592187 0.452083 0.584375 0.470833 0.585938 0.502083 0.614062 0.510417 0.642188 0.529167 0.646875 0.504167 0.637500 0.495833 0.635938 0.487500 0.640625 0.458333 0.628125 0.456250 0.626563 0.452083
4 0.420312 0.439583 0.428125 0.456250 0.428125 0.481250 0.570312 0.518750 0.568750 0.504167 0.556250 0.491667 0.554688 0.458333 0.501563 0.435417 0.490625 0.441667 0.470313 0.435417 0.454688 0.412500 0.437500 0.414583 0.428125 0.400000
5 0.764062 0.475000 0.757812 0.481250 0.757812 0.512500 0.753125 0.518750 0.751563 0.589583 0.757812 0.581250 0.759375 0.550000 0.764062 0.535417 0.767188 0.552083 0.767188 0.535417 0.764062 0.533333 0.764062 0.510417 0.767188 0.508333 0.767188 0.487500 0.764062 0.485417 0.767188 0.477083
5 0.820312 0.012500 0.820312 0.091667 0.767188 0.422917 0.776563 0.416667 0.825000 0.089583
7 0.767188 0.425000 0.760938 0.431250 0.760938 0.445833 0.764062 0.450000 0.759375 0.452083 0.757812 0.456250 0.757812 0.470833 0.765625 0.475000 0.775000 0.475000 0.775000 0.462500 0.776563 0.460417 0.775000 0.452083 0.779687 0.445833 0.779687 0.433333 0.775000 0.425000
7 0.748437 0.410417 0.746875 0.412500 0.737500 0.412500 0.729688 0.420833 0.729688 0.439583 0.735938 0.450000 0.750000 0.450000 0.751563 0.445833 0.754687 0.445833 0.757812 0.431250 0.756250 0.429167 0.754687 0.416667 0.750000 0.414583
8 0.793750 0.297917 0.765625 0.485417 0.810937 0.525000 0.804688 0.579167 0.834375 0.583333 0.840625 0.527083 0.873437 0.506250 0.937500 0.516667 0.948438 0.537500 0.931250 0.572917 0.950000 0.612500 0.998437 0.637500 0.998437 0.429167 0.978125 0.431250 0.964063 0.479167 0.953125 0.462500 0.896875 0.479167 0.887500 0.400000 0.857812 0.372917 0.815625 0.379167 0.818750 0.333333 0.798438 0.335417
8 0.795312 0.239583 0.776563 0.229167 0.731250 0.383333 0.670312 0.352083 0.628125 0.406250 0.596875 0.410417 0.587500 0.372917 0.559375 0.416667 0.546875 0.260417 0.521875 0.391667 0.465625 0.347917 0.457813 0.420833 0.554688 0.456250 0.573438 0.520833 0.592187 0.450000 0.639062 0.454167 0.646875 0.502083 0.676562 0.460417 0.681250 0.533333 0.685937 0.464583 0.756250 0.487500
8 0.182812 0.241667 0.173437 0.308333 0.196875 0.377083 0.179688 0.393750 0.181250 0.422917 0.426563 0.481250 0.426563 0.379167 0.396875 0.295833 0.356250 0.250000 0.232813 0.181250
9 0.648438 0.543750 0.671875 0.575000 0.998437 0.727083 0.996875 0.637500 0.864062 0.583333 0.751563 0.591667 0.715625 0.547917 0.667188 0.531250
9 0.575000 0.520833 0.589063 0.529167 0.598437 0.529167 0.600000 0.533333 0.607812 0.533333 0.632812 0.543750 0.634375 0.547917 0.637500 0.543750 0.634375 0.525000 0.631250 0.520833 0.609375 0.510417 0.590625 0.508333 0.589063 0.504167 0.584375 0.504167 0.581250 0.516667
10 0.303125 0.000000 0.514062 0.191667 0.484375 0.345833 0.517188 0.391667 0.560937 0.260417 0.550000 0.414583 0.731250 0.381250 0.820312 0.010417 0.812500 0.372917 0.876563 0.383333 0.896875 0.477083 0.998437 0.427083 0.998437 0.000000
11 0.660937 0.504167 0.654687 0.504167 0.654687 0.516667 0.653125 0.518750 0.653125 0.525000 0.651563 0.527083 0.651563 0.533333 0.650000 0.535417 0.650000 0.541667 0.654687 0.547917 0.654687 0.550000 0.654687 0.547917 0.657813 0.545833 0.657813 0.539583 0.660937 0.533333 0.660937 0.527083 0.664062 0.522917 0.664062 0.516667 0.662500 0.514583 0.662500 0.508333