0 0.000000 0.510417 0.000000 0.997917 0.998437 0.997917 0.998437 0.700000 0.420312 0.531250
1 0.000000 0.420833 0.000000 0.508333 0.420312 0.529167 0.998437 0.697917 0.518750 0.518750
2 0.000000 0.000000 0.000000 0.418750 0.095312 0.406250 0.071875 0.254167 0.131250 0.181250 0.278125 0.252083 0.395313 0.425000 0.446875 0.191667 0.379688 0.170833 0.220312 0.000000
3 0.773438 0.531250 0.773438 0.547917 0.787500 0.543750 0.787500 0.516667 0.795312 0.514583 0.800000 0.520833 0.803125 0.550000 0.810937 0.554167 0.814063 0.539583 0.818750 0.545833 0.821875 0.527083 0.812500 0.527083 0.803125 0.522917 0.801562 0.516667 0.795312 0.512500 0.789062 0.512500 0.776563 0.522917 0.776563 0.529167
3 0.710938 0.497917 0.707812 0.504167 0.703125 0.504167 0.698438 0.558333 0.703125 0.539583 0.706250 0.562500 0.728125 0.564583 0.735938 0.547917 0.739062 0.504167 0.732812 0.514583 0.725000 0.516667 0.715625 0.506250 0.715625 0.500000
4 0.832812 0.483333 0.826562 0.537500 0.832812 0.525000 0.835938 0.541667 0.831250 0.541667 0.823438 0.556250 0.820312 0.535417 0.820312 0.545833 0.814063 0.541667 0.812500 0.554167 0.857812 0.566667 0.845313 0.560417 0.856250 0.556250 0.840625 0.537500 0.842187 0.527083 0.853125 0.518750 0.853125 0.493750 0.850000 0.487500
4 0.825000 0.483333 0.803125 0.479167 0.790625 0.493750 0.773438 0.500000 0.768750 0.518750 0.768750 0.547917 0.771875 0.547917 0.775000 0.522917 0.784375 0.514583 0.790625 0.516667 0.787500 0.514583 0.789062 0.510417 0.801562 0.514583 0.803125 0.520833 0.821875 0.525000
4 0.531250 0.454167 0.531250 0.500000 0.573438 0.512500 0.576562 0.495833 0.584375 0.527083 0.595313 0.487500 0.606250 0.508333 0.596875 0.529167 0.595313 0.516667 0.596875 0.529167 0.628125 0.518750 0.659375 0.529167 0.660937 0.545833 0.689063 0.547917 0.693750 0.477083 0.671875 0.462500 0.628125 0.456250 0.617188 0.518750 0.615625 0.452083 0.584375 0.450000 0.581250 0.464583 0.579688 0.447917
4 0.439063 0.441667 0.440625 0.454167 0.435937 0.470833 0.425000 0.489583 0.428125 0.502083 0.517188 0.516667 0.514062 0.504167 0.501563 0.491667 0.495312 0.456250 0.454688 0.441667
4 0.362500 0.410417 0.356250 0.445833 0.357812 0.456250 0.365625 0.470833 0.365625 0.491667 0.387500 0.495833 0.389062 0.479167 0.403125 0.468750 0.409375 0.437500 0.396875 0.427083 0.389062 0.429167 0.376563 0.425000
5 0.700000 0.456250 0.695312 0.456250 0.695312 0.479167 0.690625 0.500000 0.690625 0.568750 0.693750 0.568750 0.696875 0.558333 0.696875 0.535417 0.701562 0.510417
5 0.734375 0.004167 0.737500 0.075000 0.701562 0.404167 0.743750 0.054167
7 0.700000 0.406250 0.695312 0.414583 0.695312 0.429167 0.698438 0.431250 0.693750 0.433333 0.693750 0.452083 0.695312 0.454167 0.707812 0.456250 0.709375 0.452083 0.707812 0.431250 0.709375 0.425000 0.712500 0.422917 0.712500 0.416667 0.707812 0.406250
7 0.675000 0.395833 0.668750 0.400000 0.665625 0.406250 0.665625 0.422917 0.667188 0.427083 0.671875 0.431250 0.671875 0.433333 0.684375 0.433333 0.685937 0.427083 0.689063 0.425000 0.690625 0.420833 0.690625 0.408333 0.684375 0.395833
8 0.792188 0.516667 0.789062 0.518750 0.789062 0.543750 0.787500 0.545833 0.781250 0.545833 0.781250 0.550000 0.793750 0.552083 0.795312 0.554167 0.803125 0.554167 0.801562 0.550000 0.801562 0.537500 0.798438 0.535417 0.798438 0.520833
8 0.718750 0.285417 0.703125 0.502083 0.740625 0.500000 0.737500 0.547917 0.762500 0.560417 0.768750 0.504167 0.800000 0.477083 0.845313 0.481250 0.859375 0.566667 0.998437 0.620833 0.998437 0.362500 0.915625 0.379167 0.870313 0.443750 0.815625 0.452083 0.804688 0.375000 0.739062 0.358333 0.743750 0.318750
8 0.717187 0.227083 0.673438 0.287500 0.664062 0.368750 0.604688 0.343750 0.559375 0.404167 0.529687 0.366667 0.495312 0.416667 0.487500 0.256250 0.456250 0.316667 0.459375 0.393750 0.403125 0.354167 0.389062 0.495833 0.426563 0.502083 0.440625 0.437500 0.495312 0.454167 0.520312 0.518750 0.537500 0.443750 0.615625 0.450000 0.617188 0.516667 0.628125 0.454167 0.692187 0.472917
8 0.073438 0.254167 0.081250 0.310417 0.065625 0.325000 0.096875 0.395833 0.078125 0.443750 0.193750 0.481250 0.364063 0.491667 0.356250 0.375000 0.326562 0.304167 0.278125 0.254167 0.131250 0.183333
9 0.592187 0.531250 0.606250 0.558333 0.998437 0.672917 0.998437 0.622917 0.779687 0.550000 0.690625 0.570833 0.654687 0.529167
9 0.523438 0.518750 0.550000 0.529167 0.560937 0.529167 0.581250 0.535417 0.582812 0.531250 0.584375 0.533333 0.579688 0.518750 0.575000 0.520833 0.571875 0.512500 0.554688 0.508333 0.553125 0.504167 0.529687 0.502083 0.526563 0.508333 0.526563 0.516667
10 0.221875 0.000000 0.448437 0.191667 0.454688 0.391667 0.495312 0.258333 0.492188 0.414583 0.664062 0.366667 0.732812 0.002083 0.739062 0.356250 0.804688 0.372917 0.815625 0.450000 0.998437 0.360417 0.998437 0.000000