0 0.000000 0.497917 0.000000 0.997917 0.998437 0.997917 0.990625 0.739583 0.442188 0.541667
1 0.000000 0.395833 0.001563 0.497917 0.442188 0.539583 0.998437 0.741667 0.556250 0.533333
2 0.000000 0.000000 0.000000 0.393750 0.075000 0.397917 0.040625 0.279167 0.067187 0.268750 0.056250 0.202083 0.123438 0.125000 0.295312 0.220833 0.385937 0.400000 0.425000 0.412500 0.470313 0.164583 0.412500 0.152083 0.292187 0.000000
4 0.765625 0.500000 0.764062 0.602083 0.803125 0.610417 0.810937 0.581250 0.920312 0.610417 0.907813 0.570833 0.920312 0.554167 0.920312 0.518750 0.859375 0.508333 0.826562 0.527083 0.818750 0.577083 0.818750 0.527083 0.789062 0.527083
4 0.562500 0.462500 0.560937 0.525000 0.575000 0.518750 0.621875 0.543750 0.637500 0.506250 0.651563 0.527083 0.646875 0.554167 0.700000 0.554167 0.753125 0.591667 0.754687 0.491667 0.623437 0.462500 0.615625 0.487500 0.615625 0.460417
4 0.382812 0.406250 0.376563 0.441667 0.389062 0.470833 0.387500 0.495833 0.545312 0.529167 0.529687 0.464583
5 0.757812 0.472917 0.760938 0.508333 0.757812 0.510417 0.753125 0.593750 0.756250 0.602083 0.762500 0.602083 0.764062 0.500000 0.767188 0.497917 0.764062 0.495833 0.764062 0.487500 0.767188 0.485417 0.767188 0.477083
5 0.825000 0.000000 0.814063 0.000000 0.818750 0.043750 0.767188 0.418750 0.776563 0.412500
7 0.765625 0.420833 0.760938 0.429167 0.760938 0.443750 0.764062 0.445833 0.759375 0.452083 0.757812 0.470833 0.775000 0.477083 0.778125 0.464583 0.778125 0.456250 0.775000 0.450000 0.781250 0.443750 0.781250 0.429167 0.776563 0.420833
7 0.734375 0.406250 0.725000 0.416667 0.725000 0.435417 0.732812 0.447917 0.745313 0.450000 0.746875 0.445833 0.750000 0.445833 0.754687 0.439583 0.756250 0.433333 0.754687 0.414583 0.746875 0.406250
8 0.787500 0.312500 0.770312 0.512500 0.818750 0.525000 0.818750 0.575000 0.826562 0.525000 0.920312 0.516667 0.921875 0.610417 0.998437 0.643750 0.998437 0.404167 0.945312 0.429167 0.929688 0.472917 0.914062 0.456250 0.865625 0.479167 0.842187 0.368750 0.803125 0.383333 0.804688 0.331250
8 0.790625 0.222917 0.768750 0.208333 0.756250 0.268750 0.723437 0.283333 0.721875 0.372917 0.689063 0.393750 0.648438 0.354167 0.596875 0.412500 0.562500 0.375000 0.523438 0.422917 0.526563 0.250000 0.490625 0.314583 0.492188 0.397917 0.432812 0.354167 0.425000 0.416667 0.529687 0.462500 0.550000 0.531250 0.564063 0.456250 0.618750 0.435417 0.756250 0.491667
8 0.057813 0.202083 0.068750 0.268750 0.042188 0.279167 0.076563 0.327083 0.084375 0.375000 0.065625 0.414583 0.085938 0.439583 0.385937 0.495833 0.387500 0.385417 0.367188 0.322917 0.295312 0.222917 0.123438 0.127083 0.082812 0.195833
9 0.635938 0.568750 0.998437 0.714583 0.998437 0.645833 0.828125 0.583333 0.810937 0.583333 0.803125 0.612500 0.756250 0.604167 0.714063 0.562500 0.665625 0.547917
9 0.557813 0.531250 0.565625 0.537500 0.579688 0.539583 0.581250 0.543750 0.590625 0.543750 0.592187 0.547917 0.600000 0.547917 0.620313 0.556250 0.621875 0.552083 0.618750 0.535417 0.612500 0.535417 0.609375 0.539583 0.606250 0.531250 0.587500 0.531250 0.575000 0.520833 0.565625 0.520833
10 0.826562 0.000000 0.789062 0.291667 0.806250 0.331250 0.796875 0.366667 0.843750 0.368750 0.865625 0.477083 0.914062 0.454167 0.929688 0.470833 0.945312 0.427083 0.998437 0.402083 0.998437 0.000000
10 0.293750 0.000000 0.412500 0.150000 0.482812 0.177083 0.432812 0.352083 0.490625 0.397917 0.489063 0.314583 0.532813 0.254167 0.523438 0.420833 0.648438 0.352083 0.718750 0.375000 0.707812 0.318750 0.768750 0.206250 0.785937 0.279167 0.812500 0.000000
11 0.645312 0.512500 0.640625 0.512500 0.639062 0.516667 0.639062 0.533333 0.637500 0.535417 0.639062 0.547917 0.635938 0.550000 0.635938 0.566667 0.642188 0.566667 0.645312 0.560417 0.645312 0.543750 0.646875 0.541667 0.646875 0.535417 0.650000 0.533333 0.650000 0.527083 0.645312 0.516667