0 0.000000 0.545833 0.000000 0.997917 0.998437 0.997917 0.996875 0.695833 0.379688 0.545833
1 0.000000 0.483333 0.000000 0.543750 0.379688 0.543750 0.998437 0.695833 0.501563 0.531250
2 0.000000 0.000000 0.000000 0.185417 0.023438 0.152083 0.210938 0.241667 0.268750 0.297917 0.318750 0.425000 0.350000 0.431250 0.395313 0.177083 0.328125 0.160417 0.326562 0.125000 0.185938 0.002083
3 0.781250 0.510417 0.781250 0.539583 0.779687 0.541667 0.781250 0.552083 0.790625 0.547917 0.795312 0.537500 0.801562 0.537500 0.804688 0.541667 0.807813 0.541667 0.798438 0.529167 0.798438 0.520833 0.804688 0.512500 0.793750 0.518750 0.790625 0.514583 0.790625 0.510417 0.784375 0.508333
3 0.775000 0.483333 0.756250 0.483333 0.732812 0.495833 0.726562 0.541667 0.743750 0.537500 0.743750 0.514583 0.751563 0.510417 0.760938 0.547917 0.771875 0.547917 0.775000 0.543750 0.776563 0.510417 0.775000 0.502083 0.771875 0.510417 0.767188 0.500000 0.775000 0.493750
3 0.671875 0.483333 0.668750 0.560417 0.673438 0.564583 0.689063 0.564583 0.692187 0.568750 0.693750 0.554167 0.704688 0.554167 0.707812 0.502083 0.700000 0.495833 0.693750 0.502083 0.687500 0.493750 0.679688 0.493750
3 0.634375 0.479167 0.632812 0.510417 0.629687 0.520833 0.632812 0.518750 0.640625 0.533333 0.646875 0.533333 0.648438 0.529167 0.650000 0.533333 0.653125 0.533333 0.654687 0.529167 0.657813 0.533333 0.659375 0.502083 0.650000 0.512500 0.645312 0.504167 0.639062 0.500000 0.639062 0.489583 0.634375 0.483333
3 0.610938 0.475000 0.610938 0.483333 0.609375 0.485417 0.609375 0.500000 0.607812 0.502083 0.607812 0.516667 0.610938 0.525000 0.614062 0.525000 0.614062 0.508333 0.618750 0.500000 0.618750 0.487500 0.620313 0.485417 0.620313 0.481250 0.614062 0.475000
4 0.629687 0.522917 0.628125 0.529167 0.629687 0.529167 0.632812 0.537500 0.635938 0.539583 0.635938 0.543750 0.639062 0.543750 0.640625 0.547917 0.653125 0.547917 0.657813 0.550000 0.657813 0.535417 0.656250 0.535417 0.654687 0.531250 0.653125 0.535417 0.650000 0.535417 0.648438 0.531250 0.646875 0.535417 0.640625 0.535417 0.639062 0.531250 0.632812 0.525000 0.632812 0.520833
4 0.784375 0.491667 0.784375 0.502083 0.781250 0.504167 0.781250 0.508333 0.784375 0.506250 0.785937 0.508333 0.790625 0.508333 0.793750 0.516667 0.806250 0.510417 0.807813 0.506250 0.806250 0.493750 0.803125 0.491667 0.800000 0.491667 0.798438 0.493750 0.789062 0.493750 0.787500 0.491667 0.785937 0.493750
4 0.635938 0.472917 0.635938 0.483333 0.640625 0.489583 0.640625 0.500000 0.645312 0.502083 0.646875 0.506250 0.651563 0.510417 0.654687 0.504167 0.660937 0.497917 0.657813 0.489583 0.654687 0.487500 0.654687 0.479167 0.653125 0.477083 0.648438 0.477083 0.642188 0.472917
4 0.571875 0.458333 0.567187 0.462500 0.565625 0.470833 0.564063 0.472917 0.560937 0.470833 0.559375 0.475000 0.565625 0.479167 0.570312 0.500000 0.570312 0.497917 0.573438 0.495833 0.575000 0.497917 0.575000 0.502083 0.575000 0.497917 0.576562 0.495833 0.576562 0.462500
4 0.498437 0.454167 0.492188 0.466667 0.496875 0.502083 0.512500 0.506250 0.520312 0.456250 0.525000 0.462500 0.518750 0.491667 0.520312 0.502083 0.537500 0.510417 0.537500 0.500000 0.532813 0.502083 0.537500 0.456250 0.526563 0.456250 0.518750 0.450000
4 0.378125 0.504167 0.381250 0.512500 0.481250 0.525000 0.476562 0.497917 0.462500 0.487500 0.457813 0.464583 0.396875 0.445833 0.398438 0.462500 0.390625 0.481250 0.381250 0.489583
4 0.312500 0.416667 0.310937 0.437500 0.306250 0.441667 0.304688 0.454167 0.318750 0.481250 0.318750 0.506250 0.345313 0.508333 0.345313 0.489583 0.365625 0.466667 0.367188 0.452083 0.353125 0.433333 0.335938 0.431250 0.334375 0.435417 0.326562 0.435417
5 0.670312 0.454167 0.662500 0.454167 0.659375 0.556250 0.654687 0.560417 0.657813 0.560417 0.662500 0.568750 0.667188 0.560417 0.667188 0.531250 0.670312 0.516667
5 0.700000 0.000000 0.690625 0.000000 0.698438 0.070833 0.668750 0.402083 0.700000 0.110417
7 0.667188 0.404167 0.664062 0.408333 0.662500 0.452083 0.676562 0.454167 0.676562 0.435417 0.675000 0.431250 0.679688 0.420833 0.679688 0.416667 0.676562 0.406250 0.673438 0.404167
7 0.640625 0.393750 0.632812 0.404167 0.632812 0.422917 0.639062 0.431250 0.646875 0.433333 0.648438 0.431250 0.651563 0.431250 0.653125 0.427083 0.657813 0.422917 0.657813 0.404167 0.654687 0.397917 0.650000 0.393750
8 0.685937 0.281250 0.671875 0.481250 0.709375 0.502083 0.706250 0.550000 0.720313 0.497917 0.721875 0.554167 0.759375 0.547917 0.751563 0.512500 0.725000 0.541667 0.729688 0.497917 0.806250 0.477083 0.815625 0.558333 0.998437 0.622917 0.998437 0.362500 0.867188 0.370833 0.818750 0.437500 0.767188 0.447917 0.737500 0.350000 0.700000 0.360417
8 0.682813 0.222917 0.634375 0.275000 0.629687 0.368750 0.570312 0.343750 0.459375 0.420833 0.445312 0.256250 0.418750 0.400000 0.357812 0.358333 0.346875 0.508333 0.379688 0.512500 0.403125 0.443750 0.457813 0.462500 0.485938 0.527083 0.493750 0.456250 0.545312 0.425000 0.546875 0.506250 0.576562 0.454167 0.573438 0.514583 0.606250 0.527083 0.614062 0.464583 0.626563 0.529167 0.660937 0.466667
8 0.014063 0.162500 0.000000 0.187500 0.001563 0.485417 0.317188 0.506250 0.310937 0.395833 0.265625 0.295833 0.118750 0.189583
9 0.570312 0.531250 0.567187 0.558333 0.998437 0.668750 0.998437 0.625000 0.823438 0.560417 0.715625 0.545833 0.698438 0.570833 0.662500 0.570833 0.629687 0.531250
9 0.487500 0.527083 0.545312 0.539583 0.545312 0.514583 0.542188 0.514583 0.539062 0.531250 0.537500 0.514583 0.525000 0.508333 0.501563 0.508333 0.496875 0.504167 0.492188 0.508333 0.490625 0.522917
10 0.701562 0.000000 0.685937 0.266667 0.701562 0.360417 0.737500 0.347917 0.767188 0.445833 0.818750 0.435417 0.826562 0.397917 0.867188 0.368750 0.904687 0.381250 0.968750 0.341667 0.990625 0.377083 0.998437 0.000000
10 0.182812 0.000000 0.328125 0.158333 0.401562 0.183333 0.378125 0.358333 0.412500 0.397917 0.414062 0.314583 0.454688 0.260417 0.451562 0.418750 0.490625 0.368750 0.523438 0.404167 0.570312 0.341667 0.629687 0.366667 0.632812 0.275000 0.684375 0.214583 0.689063 0.000000
11 0.567187 0.493750 0.562500 0.497917 0.562500 0.508333 0.560937 0.510417 0.560937 0.533333 0.559375 0.539583 0.562500 0.541667 0.562500 0.554167 0.567187 0.554167 0.568750 0.552083 0.568750 0.531250 0.573438 0.516667 0.571875 0.514583 0.571875 0.504167