0 0.000000 0.527083 0.000000 0.997917 0.998437 0.997917 0.998437 0.693750 0.435937 0.541667
1 0.000000 0.439583 0.000000 0.525000 0.435937 0.539583 0.998437 0.691667 0.540625 0.531250
2 0.000000 0.000000 0.000000 0.437500 0.057813 0.412500 0.021875 0.325000 0.032813 0.252083 0.093750 0.177083 0.253125 0.252083 0.348438 0.422917 0.375000 0.422917 0.423438 0.189583 0.356250 0.170833 0.353125 0.135417 0.196875 0.000000
3 0.798438 0.477083 0.776563 0.475000 0.775000 0.483333 0.753125 0.495833 0.748437 0.512500 0.748437 0.539583 0.764062 0.537500 0.767188 0.529167 0.764062 0.520833 0.771875 0.508333 0.776563 0.512500 0.781250 0.543750 0.789062 0.543750 0.792188 0.533333 0.796875 0.535417 0.798438 0.516667 0.792188 0.522917 0.779687 0.512500 0.778125 0.481250
4 0.689063 0.489583 0.687500 0.493750 0.682813 0.493750 0.681250 0.518750 0.685937 0.522917 0.685937 0.537500 0.679688 0.541667 0.679688 0.556250 0.696875 0.562500 0.712500 0.560417 0.712500 0.541667 0.717187 0.539583 0.710938 0.525000 0.715625 0.518750 0.715625 0.510417 0.720313 0.500000 0.710938 0.493750 0.695312 0.495833
4 0.812500 0.479167 0.806250 0.504167 0.803125 0.554167 0.837500 0.560417 0.837500 0.554167 0.828125 0.535417 0.818750 0.529167 0.818750 0.520833 0.831250 0.510417 0.832812 0.491667 0.825000 0.483333 0.820312 0.487500
4 0.801562 0.477083 0.798438 0.479167 0.781250 0.479167 0.779687 0.481250 0.779687 0.487500 0.781250 0.489583 0.779687 0.493750 0.781250 0.512500 0.790625 0.516667 0.792188 0.520833 0.796875 0.512500 0.798438 0.514583 0.798438 0.508333 0.801562 0.506250
4 0.565625 0.464583 0.562500 0.475000 0.560937 0.516667 0.565625 0.527083 0.565625 0.537500 0.567187 0.539583 0.568750 0.522917 0.571875 0.514583 0.571875 0.502083 0.568750 0.497917 0.568750 0.479167 0.571875 0.475000 0.571875 0.470833
4 0.571875 0.454167 0.589063 0.487500 0.584375 0.512500 0.578125 0.497917 0.581250 0.537500 0.606250 0.516667 0.639062 0.527083 0.642188 0.543750 0.670312 0.547917 0.673438 0.472917 0.607812 0.456250 0.607812 0.497917 0.600000 0.516667 0.593750 0.508333 0.596875 0.452083
4 0.518750 0.445833 0.510938 0.466667 0.514062 0.500000 0.532813 0.502083 0.534375 0.506250 0.556250 0.512500 0.556250 0.485417 0.560937 0.450000 0.545312 0.445833
4 0.335938 0.425000 0.342187 0.495833 0.504687 0.520833 0.482812 0.485417 0.476562 0.458333 0.428125 0.441667 0.396875 0.443750 0.375000 0.425000 0.351562 0.429167 0.343750 0.414583
5 0.681250 0.452083 0.676562 0.452083 0.675000 0.462500 0.676562 0.475000 0.670312 0.550000 0.671875 0.564583 0.675000 0.564583 0.678125 0.558333 0.678125 0.529167 0.681250 0.527083
5 0.712500 0.004167 0.706250 0.027083 0.714063 0.081250 0.681250 0.402083 0.689063 0.391667 0.720313 0.054167
7 0.681250 0.404167 0.676562 0.412500 0.678125 0.429167 0.675000 0.431250 0.675000 0.445833 0.673438 0.447917 0.675000 0.450000 0.689063 0.452083 0.689063 0.433333 0.687500 0.431250 0.690625 0.429167 0.692187 0.425000 0.692187 0.410417 0.685937 0.404167
7 0.654687 0.393750 0.651563 0.395833 0.651563 0.397917 0.646875 0.404167 0.646875 0.422917 0.648438 0.427083 0.653125 0.431250 0.660937 0.433333 0.662500 0.429167 0.668750 0.427083 0.668750 0.422917 0.670312 0.420833 0.670312 0.404167 0.668750 0.402083 0.668750 0.397917 0.664062 0.393750
8 0.700000 0.281250 0.682813 0.491667 0.721875 0.500000 0.717187 0.545833 0.782813 0.547917 0.771875 0.510417 0.746875 0.539583 0.748437 0.500000 0.829688 0.477083 0.839063 0.560417 0.998437 0.616667 0.998437 0.343750 0.939063 0.383333 0.898438 0.368750 0.854688 0.395833 0.845313 0.437500 0.792188 0.445833 0.779687 0.372917 0.720313 0.358333
8 0.696875 0.225000 0.679688 0.214583 0.642188 0.364583 0.582812 0.343750 0.545312 0.402083 0.517188 0.406250 0.509375 0.368750 0.481250 0.416667 0.460938 0.260417 0.440625 0.393750 0.384375 0.354167 0.376563 0.427083 0.479687 0.458333 0.503125 0.516667 0.517188 0.445833 0.562500 0.425000 0.571875 0.500000 0.570312 0.454167 0.598437 0.452083 0.600000 0.514583 0.607812 0.454167 0.673438 0.470833
8 0.034375 0.252083 0.042188 0.310417 0.023438 0.325000 0.059375 0.402083 0.039062 0.456250 0.151562 0.487500 0.340625 0.495833 0.342187 0.395833 0.301563 0.302083 0.253125 0.254167 0.096875 0.179167
9 0.575000 0.533333 0.581250 0.554167 0.998437 0.668750 0.998437 0.618750 0.846875 0.562500 0.750000 0.545833 0.671875 0.566667 0.639062 0.529167
9 0.506250 0.518750 0.507812 0.522917 0.540625 0.529167 0.562500 0.537500 0.564063 0.535417 0.560937 0.518750 0.557813 0.531250 0.554688 0.512500 0.534375 0.508333 0.532813 0.504167 0.512500 0.502083
10 0.198437 0.000000 0.428125 0.193750 0.432812 0.391667 0.475000 0.256250 0.473438 0.414583 0.653125 0.343750 0.706250 0.002083 0.701562 0.304167 0.792188 0.443750 0.998437 0.341667 0.998437 0.000000