0 0.393750 0.668750 0.396875 0.672917 0.398438 0.681250 0.404687 0.685417 0.410938 0.685417 0.412500 0.683333 0.410938 0.681250 0.415625 0.677083 0.426563 0.677083 0.426563 0.672917 0.423438 0.670833 0.407813 0.670833 0.403125 0.666667 0.396875 0.666667
0 0.507812 0.618750 0.510938 0.631250 0.507812 0.633333 0.506250 0.654167 0.503125 0.656250 0.507812 0.662500 0.510938 0.662500 0.514062 0.652083 0.518750 0.662500 0.534375 0.664583 0.540625 0.658333 0.548438 0.664583 0.553125 0.662500 0.554688 0.650000 0.560937 0.647917 0.560937 0.643750 0.556250 0.645833 0.551562 0.639583 0.554688 0.635417 0.550000 0.618750 0.537500 0.608333 0.525000 0.608333
0 0.298438 0.602083 0.015625 0.675000 0.000000 0.718750 0.029687 0.731250 0.000000 0.745833 0.000000 0.810417 0.098437 0.808333 0.107813 0.791667 0.068750 0.758333 0.081250 0.714583 0.098437 0.720833 0.084375 0.697917 0.157812 0.741667 0.198437 0.656250 0.251563 0.677083
0 0.631250 0.647917 0.635938 0.662500 0.650000 0.654167 0.642188 0.662500 0.648438 0.677083 0.675000 0.689583 0.664062 0.695833 0.681250 0.700000 0.690625 0.685417 0.701562 0.706250 0.707812 0.689583 0.684375 0.668750 0.685937 0.652083 0.715625 0.658333 0.712500 0.643750 0.726562 0.627083 0.782813 0.645833 0.800000 0.635417 0.746875 0.618750 0.745313 0.589583 0.664062 0.581250
1 0.479687 0.866667 0.467187 0.854167 0.457813 0.858333 0.450000 0.850000 0.446875 0.852083 0.443750 0.881250 0.439063 0.889583 0.432812 0.885417 0.412500 0.912500 0.412500 0.922917 0.425000 0.922917 0.435937 0.933333 0.450000 0.931250 0.446875 0.916667 0.453125 0.908333 0.454688 0.864583 0.462500 0.860417 0.467187 0.866667
1 0.028125 0.731250 0.025000 0.729167 0.025000 0.722917 0.020313 0.722917 0.014063 0.716667 0.012500 0.718750 0.003125 0.718750 0.000000 0.720833 0.000000 0.743750 0.009375 0.745833 0.010937 0.741667 0.015625 0.739583 0.017188 0.743750 0.014063 0.745833 0.014063 0.747917 0.018750 0.747917 0.020313 0.737500 0.023438 0.733333
1 0.998437 0.722917 0.750000 0.629167 0.670312 0.702083 0.659375 0.585417 0.746875 0.577083 0.545312 0.537500 0.003125 0.656250 0.300000 0.602083 0.084375 0.700000 0.109375 0.800000 0.000000 0.893750 0.123438 0.952083 0.331250 0.777083 0.334375 0.889583 0.245312 0.864583 0.356250 0.908333 0.375000 0.791667 0.587500 0.739583 0.646875 0.885417 0.542188 0.997917 0.998437 0.997917
2 0.660937 0.166667 0.654687 0.216667 0.654687 0.243750 0.651563 0.245833 0.651563 0.293750 0.657813 0.287500 0.662500 0.245833
2 0.000000 0.000000 0.000000 0.206250 0.068750 0.191667 0.023438 0.266667 0.276562 0.354167 0.285938 0.302083 0.293750 0.350000 0.315625 0.172917 0.342187 0.191667 0.343750 0.268750 0.356250 0.000000
3 0.640625 0.747917 0.640625 0.756250 0.642188 0.756250 0.643750 0.758333 0.643750 0.762500 0.645312 0.762500 0.648438 0.766667 0.664062 0.766667 0.660937 0.758333 0.660937 0.750000 0.659375 0.750000 0.657813 0.745833 0.653125 0.745833 0.651563 0.747917
3 0.653125 0.820833 0.587500 0.741667 0.531250 0.743750 0.435937 0.833333 0.375000 0.793750 0.403125 0.837500 0.356250 0.910417 0.262500 0.908333 0.273438 0.839583 0.353125 0.862500 0.367188 0.791667 0.218750 0.812500 0.231250 0.850000 0.123438 0.954167 0.000000 0.895833 0.000000 0.997917 0.540625 0.997917 0.617188 0.958333 0.645312 0.883333 0.607812 0.847917
3 0.906250 0.483333 0.901563 0.487500 0.901563 0.495833 0.898438 0.497917 0.898438 0.502083 0.901563 0.506250 0.898438 0.508333 0.896875 0.520833 0.898438 0.522917 0.907813 0.522917 0.909375 0.527083 0.920312 0.527083 0.923438 0.522917 0.923438 0.508333 0.915625 0.502083 0.915625 0.489583 0.912500 0.485417
3 0.940625 0.472917 0.940625 0.479167 0.939063 0.481250 0.937500 0.527083 0.950000 0.527083 0.951562 0.522917 0.950000 0.479167 0.951562 0.477083 0.946875 0.472917
3 0.807813 0.425000 0.800000 0.493750 0.815625 0.518750 0.846875 0.512500 0.850000 0.475000 0.857812 0.479167 0.857812 0.506250 0.864062 0.516667 0.892188 0.516667 0.892188 0.485417 0.875000 0.483333 0.873437 0.466667 0.851562 0.472917 0.842187 0.462500 0.846875 0.450000 0.868750 0.443750 0.857812 0.445833 0.842187 0.425000
3 0.787500 0.425000 0.721875 0.420833 0.715625 0.456250 0.714063 0.425000 0.703125 0.422917 0.704688 0.447917 0.687500 0.468750 0.685937 0.506250 0.709375 0.497917 0.726562 0.470833 0.734375 0.470833 0.743750 0.435417 0.753125 0.439583 0.760938 0.477083 0.785937 0.443750
3 0.651563 0.420833 0.662500 0.437500 0.656250 0.452083 0.653125 0.441667 0.648438 0.468750 0.650000 0.491667 0.659375 0.502083 0.660937 0.477083 0.665625 0.468750 0.668750 0.435417 0.665625 0.433333 0.665625 0.422917
3 0.646875 0.420833 0.620313 0.422917 0.623437 0.427083 0.628125 0.422917 0.634375 0.425000 0.635938 0.439583 0.632812 0.452083 0.632812 0.468750 0.629687 0.475000 0.632812 0.483333 0.645312 0.479167 0.645312 0.441667 0.643750 0.439583 0.640625 0.447917 0.637500 0.435417 0.640625 0.429167 0.645312 0.429167
3 0.576562 0.422917 0.584375 0.431250 0.585938 0.452083 0.592187 0.445833 0.596875 0.447917 0.595313 0.462500 0.598437 0.470833 0.600000 0.420833
3 0.539062 0.420833 0.537500 0.425000 0.542188 0.435417 0.539062 0.458333 0.542188 0.460417 0.545312 0.437500 0.553125 0.456250 0.553125 0.466667 0.550000 0.468750 0.548438 0.462500 0.546875 0.475000 0.553125 0.483333 0.554688 0.495833 0.560937 0.422917
4 0.000000 0.618750 0.028125 0.620833 0.031250 0.616667 0.040625 0.616667 0.045312 0.612500 0.051562 0.612500 0.053125 0.608333 0.045312 0.608333 0.037500 0.595833 0.023438 0.595833 0.017188 0.608333 0.003125 0.610417 0.000000 0.606250
4 0.648438 0.420833 0.646875 0.429167 0.639062 0.435417 0.640625 0.445833 0.643750 0.437500 0.646875 0.441667 0.646875 0.479167 0.632812 0.485417 0.631250 0.479167 0.626563 0.481250 0.629687 0.479167 0.632812 0.487500 0.646875 0.487500 0.650000 0.493750 0.646875 0.468750 0.651563 0.441667 0.654687 0.441667 0.656250 0.450000 0.660937 0.437500
4 0.367188 0.512500 0.370312 0.535417 0.389062 0.552083 0.406250 0.543750 0.421875 0.554167 0.537500 0.543750 0.528125 0.502083 0.504687 0.489583 0.504687 0.441667 0.409375 0.410417 0.401562 0.466667
4 0.000000 0.268750 0.010937 0.345833 0.084375 0.329167 0.035937 0.385417 0.073438 0.410417 0.092188 0.491667 0.156250 0.550000 0.137500 0.600000 0.262500 0.595833 0.279687 0.522917 0.321875 0.527083 0.334375 0.383333 0.132812 0.295833
5 0.853125 0.477083 0.848437 0.479167 0.848437 0.529167 0.842187 0.572917 0.845313 0.606250 0.840625 0.652083 0.846875 0.666667 0.856250 0.543750
5 0.607812 0.383333 0.601562 0.383333 0.604688 0.389583 0.600000 0.441667 0.598437 0.535417 0.604688 0.393750
5 0.342187 0.268750 0.339062 0.275000 0.334375 0.331250 0.335938 0.360417 0.340625 0.358333 0.343750 0.297917
8 0.071875 0.320833 0.012500 0.347917 0.000000 0.325000 0.000000 0.604167 0.054688 0.608333 0.000000 0.620833 0.000000 0.656250 0.162500 0.614583 0.131250 0.585417 0.154688 0.550000 0.090625 0.491667 0.071875 0.410417 0.054688 0.414583 0.034375 0.385417 0.082812 0.329167
8 0.065625 0.187500 0.045312 0.191667 0.035937 0.181250 0.028125 0.208333 0.017188 0.212500 0.000000 0.208333 0.000000 0.266667 0.021875 0.258333 0.045312 0.258333 0.046875 0.252083 0.032813 0.241667 0.040625 0.222917 0.064062 0.216667 0.056250 0.206250 0.064062 0.197917
8 0.284375 0.306250 0.342187 0.414583 0.271875 0.591667 0.426563 0.560417 0.365625 0.518750 0.409375 0.408333 0.542188 0.539583 0.601562 0.381250 0.607812 0.506250 0.784375 0.529167 0.842187 0.422917 0.925000 0.597917 0.940625 0.470833 0.998437 0.535417 0.998437 0.108333 0.817187 0.389583 0.756250 0.295833 0.476562 0.345833 0.470313 0.087500 0.439063 0.385417
8 0.000000 0.072917 0.000000 0.164583 0.001563 0.164583 0.003125 0.160417 0.001563 0.154167 0.004687 0.152083 0.003125 0.150000 0.012500 0.137500 0.006250 0.116667 0.007812 0.106250 0.006250 0.087500
8 0.998437 0.033333 0.990625 0.035417 0.990625 0.037500 0.985938 0.041667 0.985938 0.047917 0.984375 0.050000 0.984375 0.052083 0.985938 0.050000 0.987500 0.052083 0.987500 0.056250 0.990625 0.054167 0.992188 0.056250 0.992188 0.075000 0.998437 0.075000
9 0.857812 0.516667 0.851562 0.656250 0.998437 0.720833 0.998437 0.537500 0.937500 0.531250 0.925000 0.600000 0.921875 0.529167
9 0.817187 0.518750 0.820312 0.589583 0.807813 0.597917 0.784375 0.593750 0.784375 0.610417 0.781250 0.595833 0.779687 0.618750 0.781250 0.627083 0.810937 0.633333 0.840625 0.650000 0.840625 0.572917 0.846875 0.516667
9 0.545312 0.504167 0.545312 0.535417 0.748437 0.579167 0.753125 0.560417 0.785937 0.533333 0.603125 0.504167 0.598437 0.537500 0.596875 0.504167
10 0.473438 0.354167 0.470313 0.356250 0.465625 0.356250 0.464062 0.358333 0.464062 0.364583 0.459375 0.375000 0.459375 0.387500 0.465625 0.381250 0.475000 0.381250 0.475000 0.356250
10 0.304688 0.175000 0.296875 0.331250 0.318750 0.341667 0.334375 0.329167 0.340625 0.191667 0.315625 0.175000
10 0.343750 0.331250 0.439063 0.383333 0.410938 0.202083 0.470313 0.085417 0.476562 0.343750 0.756250 0.293750 0.817187 0.387500 0.834375 0.295833 0.906250 0.289583 0.907813 0.187500 0.998437 0.106250 0.998437 0.000000 0.357812 0.000000
11 0.798438 0.493750 0.787500 0.502083 0.785937 0.537500 0.768750 0.558333 0.753125 0.562500 0.746875 0.616667 0.760938 0.627083 0.779687 0.627083 0.778125 0.597917 0.782813 0.595833 0.784375 0.608333 0.784375 0.591667 0.807813 0.595833 0.818750 0.589583 0.818750 0.535417 0.809375 0.504167