0 0.998437 0.679167 0.592187 0.635417 0.312500 0.677083 0.001563 0.814583 0.000000 0.997917 0.998437 0.997917
1 0.998437 0.604167 0.676562 0.522917 0.000000 0.629167 0.000000 0.814583 0.387500 0.654167 0.998437 0.677083
2 0.000000 0.000000 0.003125 0.054167 0.189062 0.141667 0.182812 0.193750 0.260937 0.245833 0.257812 0.297917 0.315625 0.400000 0.376563 0.412500 0.378125 0.366667 0.382812 0.412500 0.387500 0.293750 0.414062 0.356250 0.415625 0.054167 0.435937 0.031250 0.410938 0.004167
3 0.859375 0.456250 0.851562 0.458333 0.848437 0.445833 0.845313 0.441667 0.820312 0.447917 0.820312 0.481250 0.825000 0.481250 0.826562 0.485417 0.837500 0.485417 0.839063 0.481250 0.848437 0.477083 0.856250 0.477083 0.859375 0.475000 0.860938 0.466667
3 0.893750 0.431250 0.890625 0.431250 0.884375 0.437500 0.879687 0.433333 0.879687 0.460417 0.881250 0.462500 0.881250 0.470833 0.882812 0.475000 0.889062 0.475000 0.892188 0.472917
3 0.946875 0.416667 0.945312 0.429167 0.953125 0.456250 0.953125 0.466667 0.962500 0.466667 0.964063 0.470833 0.979688 0.470833 0.982812 0.456250 0.985938 0.454167 0.985938 0.447917 0.976562 0.445833 0.973437 0.437500 0.965625 0.433333 0.964063 0.425000 0.965625 0.414583
3 0.931250 0.414583 0.926562 0.420833 0.921875 0.420833 0.917188 0.427083 0.914062 0.458333 0.917188 0.460417 0.917188 0.468750 0.920312 0.472917 0.929688 0.472917 0.929688 0.437500 0.931250 0.435417 0.931250 0.420833 0.932813 0.418750
3 0.553125 0.427083 0.551562 0.439583 0.560937 0.452083 0.564063 0.425000 0.568750 0.418750 0.573438 0.422917 0.576562 0.431250 0.575000 0.477083 0.576562 0.481250 0.590625 0.483333 0.593750 0.416667 0.562500 0.418750
3 0.625000 0.410417 0.623437 0.414583 0.623437 0.433333 0.628125 0.435417 0.626563 0.445833 0.628125 0.454167 0.632812 0.462500 0.632812 0.472917 0.634375 0.472917 0.637500 0.464583 0.637500 0.420833 0.635938 0.418750 0.637500 0.412500 0.635938 0.410417
3 0.651563 0.410417 0.651563 0.414583 0.656250 0.412500 0.659375 0.416667 0.660937 0.425000 0.660937 0.464583 0.665625 0.468750 0.676562 0.464583 0.679688 0.475000 0.682813 0.475000 0.685937 0.447917 0.692187 0.445833 0.690625 0.427083 0.681250 0.416667 0.678125 0.408333 0.673438 0.406250
3 0.735938 0.400000 0.726562 0.400000 0.725000 0.404167 0.721875 0.404167 0.725000 0.416667 0.725000 0.431250 0.718750 0.435417 0.715625 0.441667 0.712500 0.466667 0.720313 0.456250 0.729688 0.466667 0.732812 0.466667 0.735938 0.439583
3 0.798438 0.400000 0.795312 0.395833 0.742188 0.400000 0.740625 0.460417 0.748437 0.445833 0.757812 0.441667 0.759375 0.418750 0.764062 0.410417 0.770312 0.410417 0.778125 0.420833 0.782813 0.443750 0.782813 0.437500 0.796875 0.420833
4 0.456250 0.431250 0.453125 0.470833 0.443750 0.489583 0.446875 0.516667 0.467187 0.518750 0.471875 0.529167 0.564063 0.516667 0.551562 0.500000 0.551562 0.489583 0.532813 0.481250 0.529687 0.445833
4 0.939063 0.412500 0.932813 0.420833 0.931250 0.472917 0.920312 0.475000 0.917188 0.470833 0.917188 0.477083 0.931250 0.475000 0.934375 0.460417 0.937500 0.462500 0.939063 0.477083 0.950000 0.470833 0.951562 0.466667 0.948438 0.441667 0.943750 0.425000 0.939063 0.420833
4 0.312500 0.402083 0.304688 0.433333 0.317188 0.429167 0.320312 0.437500 0.304688 0.460417 0.315625 0.491667 0.342187 0.529167 0.334375 0.547917 0.342187 0.556250 0.382812 0.547917 0.385937 0.510417 0.407813 0.491667 0.409375 0.431250 0.387500 0.414583
5 0.996875 0.443750 0.987500 0.450000 0.981250 0.466667 0.984375 0.533333 0.981250 0.541667 0.982812 0.575000 0.998437 0.570833
5 0.740625 0.400000 0.737500 0.400000 0.731250 0.500000 0.734375 0.560417
5 0.990625 0.322917 0.990625 0.360417 0.989062 0.362500 0.989062 0.377083 0.993750 0.377083 0.995313 0.375000 0.998437 0.375000 0.998437 0.331250 0.996875 0.333333 0.992188 0.331250 0.990625 0.329167
5 0.998437 0.072917 0.992188 0.245833 0.998437 0.237500
7 0.998437 0.377083 0.945312 0.387500 0.940625 0.391667 0.940625 0.420833 0.943750 0.422917 0.946875 0.414583 0.965625 0.412500 0.967187 0.433333 0.973437 0.435417 0.976562 0.443750 0.987500 0.447917 0.992188 0.441667 0.998437 0.443750
7 0.935937 0.229167 0.921875 0.239583 0.917188 0.260417 0.914062 0.262500 0.914062 0.279167 0.926562 0.300000 0.945312 0.302083 0.965625 0.289583 0.970313 0.275000 0.970313 0.250000 0.957812 0.231250
8 0.000000 0.050000 0.000000 0.627083 0.340625 0.558333 0.303125 0.460417 0.317188 0.368750 0.256250 0.297917 0.259375 0.245833 0.182812 0.195833 0.192188 0.150000
8 0.928125 0.000000 0.878125 0.000000 0.792188 0.268750 0.623437 0.283333 0.554688 0.375000 0.489063 0.170833 0.467187 0.379167 0.385937 0.358333 0.384375 0.547917 0.476562 0.531250 0.456250 0.429167 0.562500 0.512500 0.592187 0.412500 0.617188 0.487500 0.618750 0.381250 0.623437 0.487500 0.795312 0.393750 0.739062 0.491667 0.845313 0.439583 0.868750 0.539583 0.885938 0.422917 0.900000 0.516667 0.989062 0.360417
9 0.714063 0.527083 0.710938 0.533333 0.710938 0.547917 0.714063 0.545833 0.723437 0.545833 0.725000 0.550000 0.728125 0.550000 0.731250 0.552083 0.731250 0.545833 0.728125 0.539583 0.728125 0.533333 0.726562 0.533333 0.725000 0.529167
9 0.565625 0.516667 0.695312 0.522917 0.701562 0.508333 0.710938 0.506250 0.712500 0.493750 0.623437 0.489583 0.620313 0.514583 0.617188 0.489583 0.576562 0.483333 0.567187 0.493750
9 0.998437 0.602083 0.998437 0.572917 0.979688 0.570833 0.979688 0.472917 0.937500 0.481250 0.934375 0.562500 0.931250 0.477083 0.901563 0.479167 0.900000 0.518750 0.882812 0.477083 0.868750 0.541667 0.857812 0.481250 0.739062 0.493750 0.737500 0.554167
10 0.387500 0.295833 0.385937 0.302083 0.392188 0.308333 0.390625 0.320833 0.389062 0.322917 0.387500 0.320833 0.387500 0.352083 0.407813 0.352083 0.409375 0.304167 0.404687 0.300000
10 0.929688 0.000000 0.917188 0.025000 0.920312 0.039583 0.943750 0.035417 0.935937 0.068750 0.967187 0.106250 0.967187 0.120833 0.948438 0.137500 0.939063 0.195833 0.943750 0.204167 0.973437 0.189583 0.982812 0.208333 0.981250 0.235417 0.990625 0.233333 0.998437 0.000000
10 0.417187 0.350000 0.465625 0.379167 0.462500 0.231250 0.475000 0.262500 0.489063 0.168750 0.520312 0.285417 0.496875 0.395833 0.623437 0.281250 0.662500 0.314583 0.792188 0.266667 0.848437 0.187500 0.840625 0.081250 0.873437 0.068750 0.876563 0.000000 0.406250 0.000000 0.437500 0.031250
11 0.720313 0.458333 0.717187 0.460417 0.717187 0.462500 0.714063 0.466667 0.714063 0.470833 0.710938 0.479167 0.714063 0.481250 0.712500 0.483333 0.720313 0.483333 0.721875 0.485417 0.728125 0.485417 0.732812 0.479167 0.732812 0.472917 0.729688 0.470833 0.728125 0.464583 0.726562 0.464583
17 0.731250 0.483333 0.728125 0.487500 0.712500 0.485417 0.712500 0.506250 0.709375 0.510417 0.701562 0.510417 0.696875 0.518750 0.696875 0.547917 0.709375 0.547917 0.709375 0.533333 0.714063 0.525000 0.725000 0.527083 0.729688 0.533333 0.729688 0.539583