0 0.000000 0.739583 0.000000 0.997917 0.998437 0.997917 0.979688 0.770833 0.548438 0.552083 0.323437 0.539583
3 0.753125 0.377083 0.748437 0.454167 0.751563 0.470833 0.767188 0.472917 0.770312 0.466667 0.764062 0.462500 0.762500 0.447917 0.750000 0.429167 0.754687 0.422917 0.764062 0.420833 0.762500 0.406250 0.756250 0.395833 0.759375 0.385417
3 0.742188 0.375000 0.718750 0.377083 0.721875 0.389583 0.709375 0.402083 0.726562 0.412500 0.718750 0.418750 0.703125 0.410417 0.696875 0.431250 0.685937 0.395833 0.673438 0.445833 0.676562 0.464583 0.689063 0.464583 0.693750 0.443750 0.704688 0.475000 0.710938 0.475000 0.706250 0.445833 0.715625 0.450000 0.721875 0.470833 0.739062 0.470833 0.743750 0.437500 0.735938 0.410417 0.740625 0.410417
4 0.801562 0.608333 0.831250 0.629167 0.829688 0.710417 0.839063 0.633333 0.990625 0.685417 0.962500 0.654167 0.895312 0.633333 0.889062 0.604167 0.996875 0.629167 0.998437 0.564583 0.857812 0.550000 0.846875 0.579167 0.884375 0.597917 0.881250 0.627083
4 0.367188 0.379167 0.373437 0.400000 0.373437 0.416667 0.381250 0.416667 0.385937 0.422917 0.392188 0.445833 0.390625 0.456250 0.396875 0.468750 0.403125 0.470833 0.401562 0.381250 0.381250 0.379167 0.382812 0.389583 0.376563 0.393750 0.373437 0.387500 0.378125 0.379167
4 0.321875 0.379167 0.323437 0.393750 0.317188 0.429167 0.328125 0.470833 0.340625 0.472917 0.342187 0.458333 0.354687 0.450000 0.356250 0.437500 0.342187 0.433333 0.342187 0.393750 0.332813 0.412500 0.326562 0.404167 0.326562 0.383333 0.340625 0.383333 0.343750 0.389583 0.345313 0.381250
4 0.414062 0.377083 0.410938 0.468750 0.451562 0.466667 0.464062 0.475000 0.464062 0.445833 0.475000 0.379167 0.471875 0.375000
4 0.756250 0.375000 0.609375 0.372917 0.604688 0.400000 0.598437 0.372917 0.518750 0.375000 0.506250 0.466667 0.557813 0.391667 0.568750 0.443750 0.607812 0.425000 0.612500 0.477083 0.653125 0.466667 0.654687 0.427083 0.671875 0.468750 0.698438 0.470833 0.693750 0.445833 0.675000 0.464583 0.684375 0.395833 0.696875 0.429167 0.725000 0.412500 0.707812 0.402083 0.718750 0.375000 0.742188 0.372917 0.740625 0.470833 0.706250 0.462500 0.756250 0.472917
4 0.000000 0.291667 0.000000 0.710417 0.306250 0.568750 0.281250 0.477083 0.217188 0.477083 0.212500 0.370833
5 0.410938 0.306250 0.400000 0.306250 0.406250 0.316667 0.404687 0.525000
5 0.440625 0.112500 0.435937 0.258333 0.443750 0.262500
8 0.128125 0.339583 0.146875 0.345833 0.148438 0.350000 0.156250 0.350000 0.173437 0.356250 0.175000 0.360417 0.179688 0.360417 0.171875 0.335417 0.150000 0.318750 0.142187 0.322917 0.140625 0.327083 0.135937 0.327083 0.134375 0.331250 0.132812 0.329167 0.132812 0.335417
8 0.998437 0.000000 0.865625 0.000000 0.879687 0.122917 0.804688 0.097917 0.634375 0.343750 0.382812 0.220833 0.287500 0.320833 0.260937 0.216667 0.182812 0.322917 0.218750 0.477083 0.314063 0.568750 0.310937 0.383333 0.403125 0.475000 0.410938 0.304167 0.410938 0.402083 0.476562 0.393750 0.409375 0.477083 0.618750 0.487500 0.557813 0.393750 0.507812 0.470833 0.517188 0.375000 0.754687 0.366667 0.806250 0.529167 0.998437 0.502083
8 0.000000 0.000000 0.000000 0.047917 0.023438 0.077083 0.018750 0.162500 0.060937 0.210417 0.064062 0.268750 0.000000 0.268750 0.000000 0.289583 0.100000 0.329167 0.123438 0.210417 0.150000 0.204167 0.185938 0.097917 0.175000 0.077083 0.193750 0.000000
9 0.837500 0.637500 0.837500 0.679167 0.879687 0.708333 0.885938 0.668750 0.893750 0.714583 0.993750 0.783333 0.992188 0.687500 0.893750 0.650000 0.882812 0.660417 0.875000 0.645833
9 0.215625 0.616667 0.170313 0.625000 0.006250 0.708333 0.000000 0.737500
9 0.890625 0.604167 0.890625 0.627083 0.895312 0.631250 0.926562 0.637500 0.928125 0.641667 0.953125 0.647917 0.959375 0.654167 0.978125 0.631250 0.976562 0.625000 0.959375 0.622917 0.957812 0.618750 0.921875 0.612500 0.920312 0.608333 0.898438 0.602083
9 0.998437 0.562500 0.989062 0.500000 0.912500 0.495833 0.898438 0.545833 0.889062 0.493750 0.814063 0.487500 0.806250 0.531250 0.785937 0.477083 0.409375 0.479167 0.404687 0.527083 0.403125 0.477083 0.320312 0.497917 0.323437 0.537500 0.548438 0.550000 0.826562 0.670833 0.801562 0.606250 0.881250 0.625000 0.845313 0.579167 0.857812 0.547917
10 0.998437 0.210417 0.985938 0.212500 0.978125 0.227083 0.978125 0.231250 0.984375 0.235417 0.984375 0.241667 0.981250 0.247917 0.970313 0.254167 0.973437 0.268750 0.970313 0.277083 0.971875 0.283333 0.982812 0.275000 0.990625 0.277083 0.995313 0.287500 0.998437 0.283333
10 0.998437 0.072917 0.992188 0.075000 0.990625 0.085417 0.987500 0.087500 0.985938 0.110417 0.978125 0.125000 0.978125 0.131250 0.989062 0.131250 0.992188 0.133333 0.996875 0.129167 0.996875 0.120833 0.998437 0.118750
10 0.000000 0.050000 0.000000 0.266667 0.064062 0.266667 0.059375 0.210417 0.045312 0.197917 0.034375 0.200000 0.017188 0.162500 0.021875 0.143750 0.012500 0.114583 0.021875 0.077083
10 0.992188 0.000000 0.956250 0.000000 0.951562 0.016667 0.945312 0.022917 0.942187 0.043750 0.951562 0.054167 0.964063 0.054167 0.973437 0.037500 0.973437 0.012500 0.978125 0.008333 0.989062 0.012500
10 0.101562 0.329167 0.209375 0.368750 0.181250 0.322917 0.260937 0.214583 0.287500 0.318750 0.362500 0.222917 0.426563 0.277083 0.442188 0.110417 0.446875 0.272917 0.540625 0.252083 0.584375 0.347917 0.779687 0.220833 0.760938 0.154167 0.804688 0.095833 0.876563 0.125000 0.895312 0.070833 0.864062 0.000000 0.195312 0.000000
11 0.992188 0.625000 0.976562 0.633333 0.964063 0.654167 0.987500 0.670833 0.993750 0.687500 0.992188 0.814583 0.978125 0.818750 0.975000 0.829167 0.998437 0.845833 0.998437 0.664583 0.990625 0.658333