0 0.998437 0.741667 0.853125 0.693750 0.762500 0.600000 0.545312 0.562500 0.000000 0.760417 0.000000 0.997917 0.998437 0.997917
2 0.962500 0.489583 0.956250 0.489583 0.951562 0.500000 0.951562 0.512500 0.946875 0.520833 0.925000 0.518750 0.914062 0.529167 0.921875 0.529167 0.920312 0.525000 0.925000 0.522917 0.929688 0.531250 0.967187 0.535417 0.967187 0.504167 0.962500 0.497917
2 0.000000 0.000000 0.000000 0.272917 0.223438 0.341667 0.231250 0.106250 0.279687 0.122917 0.276562 0.239583 0.293750 0.000000
3 0.934375 0.470833 0.926562 0.470833 0.923438 0.479167 0.914062 0.481250 0.912500 0.493750 0.909375 0.495833 0.909375 0.522917 0.912500 0.527083 0.915625 0.527083 0.925000 0.516667 0.945312 0.518750 0.948438 0.516667 0.951562 0.495833 0.940625 0.495833 0.937500 0.491667
3 0.526563 0.435417 0.525000 0.437500 0.531250 0.452083 0.531250 0.466667 0.534375 0.468750 0.537500 0.481250 0.542188 0.483333 0.545312 0.487500 0.545312 0.491667 0.546875 0.491667 0.548438 0.447917 0.551562 0.435417
3 0.578125 0.435417 0.576562 0.464583 0.578125 0.466667 0.584375 0.458333 0.589063 0.460417 0.585938 0.468750 0.587500 0.477083 0.592187 0.487500 0.592187 0.497917 0.596875 0.500000 0.600000 0.435417 0.598437 0.433333
3 0.664062 0.431250 0.612500 0.435417 0.615625 0.439583 0.623437 0.435417 0.626563 0.441667 0.625000 0.485417 0.618750 0.495833 0.626563 0.495833 0.632812 0.502083 0.639062 0.502083 0.640625 0.495833 0.654687 0.510417 0.654687 0.493750 0.665625 0.456250
3 0.790625 0.431250 0.703125 0.431250 0.704688 0.456250 0.685937 0.479167 0.685937 0.506250 0.695312 0.514583 0.715625 0.500000 0.721875 0.485417 0.732812 0.481250 0.742188 0.445833 0.753125 0.447917 0.764062 0.485417 0.764062 0.477083 0.785937 0.456250
3 0.810937 0.427083 0.809375 0.485417 0.803125 0.495833 0.806250 0.533333 0.856250 0.522917 0.853125 0.483333 0.857812 0.479167 0.875000 0.522917 0.900000 0.508333 0.903125 0.485417 0.892188 0.458333 0.900000 0.454167 0.901563 0.437500 0.892188 0.427083
4 0.000000 0.275000 0.000000 0.758333 0.279687 0.654167 0.289062 0.585417 0.345313 0.614583 0.534375 0.570833 0.496875 0.454167 0.403125 0.420833 0.284375 0.533333 0.259375 0.381250
5 0.606250 0.389583 0.601562 0.389583 0.598437 0.558333 0.603125 0.491667 0.603125 0.393750
5 0.645312 0.260417 0.639062 0.260417 0.639062 0.266667 0.637500 0.268750 0.637500 0.320833 0.640625 0.322917 0.643750 0.320833 0.645312 0.314583
5 0.282813 0.218750 0.279687 0.220833 0.273438 0.281250 0.273438 0.341667 0.278125 0.345833 0.281250 0.337500 0.284375 0.285417 0.282813 0.264583 0.285938 0.235417
8 0.271875 0.620833 0.287500 0.633333 0.281250 0.652083 0.296875 0.654167 0.314063 0.639583 0.356250 0.625000 0.364063 0.608333 0.345313 0.616667 0.326562 0.614583 0.306250 0.587500 0.289062 0.587500 0.273438 0.608333
8 0.854688 0.483333 0.854688 0.502083 0.857812 0.504167 0.857812 0.522917 0.854688 0.525000 0.857812 0.527083 0.868750 0.527083 0.873437 0.525000 0.873437 0.514583 0.868750 0.512500 0.867188 0.508333 0.867188 0.500000 0.864062 0.493750 0.862500 0.485417 0.859375 0.481250
8 0.201563 0.343750 0.284375 0.531250 0.403125 0.418750 0.539062 0.568750 0.606250 0.387500 0.603125 0.518750 0.801562 0.539583 0.810937 0.425000 0.892188 0.425000 0.978125 0.566667 0.998437 0.114583 0.871875 0.389583 0.581250 0.295833 0.439063 0.427083 0.453125 0.056250 0.387500 0.200000 0.420312 0.395833
9 0.490625 0.581250 0.464062 0.581250 0.404687 0.602083 0.382812 0.597917 0.368750 0.604167 0.357812 0.625000 0.390625 0.620833 0.437500 0.597917
9 0.917188 0.533333 0.940625 0.591667 0.937500 0.614583 0.921875 0.625000 0.921875 0.691667 0.907813 0.689583 0.907813 0.656250 0.892188 0.641667 0.876563 0.645833 0.875000 0.681250 0.998437 0.739583 0.996875 0.543750 0.984375 0.537500 0.976562 0.568750 0.965625 0.535417
9 0.540625 0.552083 0.746875 0.591667 0.815625 0.627083 0.809375 0.597917 0.848437 0.593750 0.845313 0.566667 0.871875 0.568750 0.881250 0.535417 0.764062 0.541667 0.603125 0.520833 0.598437 0.560417 0.593750 0.518750 0.545312 0.518750
10 0.237500 0.097917 0.226562 0.314583 0.243750 0.300000 0.265625 0.308333 0.271875 0.339583 0.278125 0.122917
10 0.281250 0.345833 0.421875 0.391667 0.385937 0.200000 0.453125 0.054167 0.484375 0.256250 0.439063 0.425000 0.498437 0.318750 0.515625 0.381250 0.570312 0.297917 0.625000 0.337500 0.646875 0.172917 0.648438 0.333333 0.745313 0.300000 0.795312 0.391667 0.871875 0.387500 0.876563 0.279167 0.962500 0.245833 0.998437 0.000000 0.295312 0.000000
11 0.890625 0.510417 0.879687 0.522917 0.878125 0.564583 0.846875 0.566667 0.850000 0.593750 0.831250 0.606250 0.828125 0.647917 0.814063 0.650000 0.825000 0.654167 0.826562 0.675000 0.853125 0.691667 0.879687 0.691667 0.871875 0.677083 0.875000 0.645833 0.900000 0.641667 0.909375 0.656250 0.909375 0.689583 0.918750 0.695833 0.920312 0.625000 0.935937 0.614583 0.939063 0.591667 0.910937 0.525000
18 0.810937 0.597917 0.818750 0.606250 0.820312 0.612500 0.818750 0.625000 0.815625 0.629167 0.815625 0.641667 0.826562 0.647917 0.828125 0.629167 0.826562 0.631250 0.825000 0.629167 0.825000 0.622917 0.829688 0.620833 0.831250 0.612500 0.829688 0.606250 0.832812 0.602083 0.826562 0.597917