0 0.998437 0.731250 0.859375 0.693750 0.750000 0.591667 0.525000 0.560417 0.004687 0.793750 0.000000 0.997917 0.998437 0.997917
2 0.785937 0.458333 0.787500 0.475000 0.784375 0.479167 0.784375 0.506250 0.812500 0.510417 0.834375 0.506250 0.832812 0.491667 0.828125 0.493750 0.825000 0.489583 0.818750 0.491667 0.810937 0.487500 0.807813 0.479167 0.803125 0.479167 0.796875 0.472917 0.790625 0.460417 0.790625 0.454167
2 0.885938 0.468750 0.885938 0.497917 0.910937 0.497917 0.921875 0.516667 0.956250 0.518750 0.954688 0.489583 0.948438 0.493750 0.942187 0.483333 0.928125 0.475000 0.928125 0.452083 0.917188 0.452083 0.907813 0.466667
2 0.623437 0.197917 0.620313 0.200000 0.620313 0.206250 0.617188 0.208333 0.617188 0.243750 0.615625 0.245833 0.615625 0.258333 0.620313 0.260417 0.620313 0.270833 0.621875 0.272917 0.621875 0.258333 0.623437 0.256250 0.623437 0.206250 0.621875 0.202083
2 0.000000 0.000000 0.000000 0.285417 0.167187 0.320833 0.176563 0.060417 0.226562 0.079167 0.226562 0.141667 0.240625 0.000000
3 0.793750 0.416667 0.792188 0.422917 0.801562 0.429167 0.800000 0.454167 0.792188 0.454167 0.800000 0.475000 0.831250 0.491667 0.831250 0.472917 0.837500 0.466667 0.846875 0.495833 0.853125 0.495833 0.857812 0.506250 0.871875 0.506250 0.878125 0.481250 0.876563 0.414583
4 0.781250 0.504167 0.781250 0.518750 0.789062 0.525000 0.801562 0.522917 0.820312 0.514583 0.826562 0.516667 0.834375 0.514583 0.834375 0.508333 0.812500 0.512500 0.810937 0.510417 0.787500 0.510417
4 0.546875 0.431250 0.553125 0.437500 0.554688 0.466667 0.565625 0.468750 0.573438 0.487500 0.573438 0.500000 0.579688 0.502083 0.579688 0.450000 0.578125 0.454167 0.573438 0.447917 0.576562 0.439583 0.575000 0.431250 0.568750 0.439583 0.565625 0.431250
4 0.507812 0.431250 0.506250 0.435417 0.510938 0.445833 0.510938 0.458333 0.515625 0.472917 0.526563 0.485417 0.526563 0.491667 0.537500 0.491667 0.543750 0.477083 0.537500 0.468750 0.535937 0.470833 0.532813 0.466667 0.532813 0.460417 0.529687 0.458333 0.529687 0.439583 0.532813 0.437500 0.532813 0.431250
4 0.593750 0.427083 0.596875 0.439583 0.592187 0.445833 0.601562 0.433333 0.604688 0.456250 0.595313 0.452083 0.589063 0.458333 0.585938 0.502083 0.598437 0.508333 0.623437 0.508333 0.640625 0.518750 0.637500 0.487500 0.645312 0.456250 0.645312 0.429167
4 0.770312 0.420833 0.682813 0.425000 0.684375 0.450000 0.670312 0.462500 0.667188 0.475000 0.671875 0.518750 0.685937 0.518750 0.690625 0.506250 0.696875 0.506250 0.700000 0.481250 0.715625 0.475000 0.721875 0.435417 0.734375 0.441667 0.742188 0.481250 0.765625 0.452083
4 0.792188 0.416667 0.787500 0.416667 0.787500 0.427083 0.784375 0.429167 0.784375 0.464583 0.784375 0.458333 0.787500 0.456250 0.789062 0.452083 0.793750 0.452083 0.796875 0.456250 0.800000 0.445833 0.800000 0.429167 0.798438 0.427083 0.793750 0.427083 0.790625 0.422917
4 0.000000 0.287500 0.000000 0.795833 0.237500 0.662500 0.520312 0.570833 0.478125 0.452083 0.348438 0.408333 0.295312 0.437500 0.243750 0.366667
5 0.881250 0.414583 0.879687 0.512500 0.881250 0.516667 0.884375 0.516667 0.884375 0.445833 0.887500 0.439583 0.885938 0.414583
5 0.592187 0.383333 0.579688 0.383333 0.582812 0.395833 0.581250 0.552083 0.585938 0.389583
5 0.237500 0.072917 0.231250 0.087500 0.221875 0.314583 0.228125 0.333333 0.234375 0.318750
8 0.337500 0.629167 0.321875 0.639583 0.295312 0.645833 0.279687 0.658333 0.264062 0.660417 0.254688 0.670833 0.237500 0.664583 0.231250 0.675000 0.232813 0.685417 0.257812 0.683333 0.295312 0.654167 0.339062 0.641667
8 0.835938 0.468750 0.832812 0.472917 0.832812 0.485417 0.835938 0.493750 0.834375 0.497917 0.835938 0.500000 0.835938 0.514583 0.839063 0.516667 0.850000 0.514583 0.850000 0.500000 0.845313 0.495833 0.845313 0.489583 0.843750 0.487500 0.843750 0.481250 0.840625 0.475000 0.840625 0.470833
8 0.998437 0.047917 0.845313 0.375000 0.771875 0.383333 0.746875 0.302083 0.600000 0.333333 0.564063 0.289583 0.500000 0.375000 0.451562 0.339583 0.421875 0.431250 0.479687 0.452083 0.518750 0.568750 0.579688 0.514583 0.545312 0.433333 0.579688 0.381250 0.585938 0.466667 0.646875 0.425000 0.659375 0.527083 0.787500 0.527083 0.787500 0.414583 0.885938 0.412500 0.959375 0.550000 0.993750 0.531250
8 0.428125 0.037500 0.398438 0.066667 0.396875 0.179167 0.373437 0.120833 0.373437 0.183333 0.357812 0.179167 0.396875 0.393750 0.351562 0.395833 0.348438 0.354167 0.228125 0.335417 0.214062 0.302083 0.156250 0.329167 0.267188 0.377083 0.295312 0.435417 0.329688 0.433333 0.334375 0.406250 0.410938 0.427083 0.459375 0.245833
9 0.890625 0.639583 0.884375 0.650000 0.882812 0.664583 0.890625 0.672917 0.906250 0.679167 0.907813 0.683333 0.915625 0.689583 0.910937 0.658333 0.912500 0.654167 0.910937 0.645833 0.904687 0.643750 0.903125 0.639583
9 0.471875 0.583333 0.421875 0.593750 0.376563 0.614583 0.359375 0.612500 0.340625 0.625000 0.339062 0.635417 0.340625 0.641667 0.362500 0.637500 0.401562 0.612500
9 0.926562 0.520833 0.937500 0.560417 0.965625 0.577083 0.954688 0.614583 0.932813 0.618750 0.932813 0.675000 0.942187 0.685417 0.932813 0.702083 0.998437 0.729167 0.998437 0.529167 0.965625 0.520833 0.959375 0.552083 0.956250 0.520833
9 0.525000 0.558333 0.707812 0.579167 0.815625 0.625000 0.807813 0.591667 0.853125 0.589583 0.842187 0.556250 0.882812 0.558333 0.889062 0.525000 0.585938 0.516667 0.581250 0.554167 0.579688 0.516667 0.531250 0.514583
10 0.185938 0.052083 0.178125 0.060417 0.171875 0.314583 0.203125 0.310417 0.212500 0.300000 0.221875 0.306250 0.226562 0.085417
10 0.234375 0.331250 0.398438 0.389583 0.356250 0.179167 0.423438 0.029167 0.460938 0.245833 0.414062 0.429167 0.475000 0.314583 0.493750 0.372917 0.564063 0.287500 0.604688 0.331250 0.620313 0.168750 0.626563 0.327083 0.721875 0.293750 0.771875 0.381250 0.845313 0.372917 0.998437 0.000000 0.242188 0.000000
11 0.893750 0.500000 0.882812 0.560417 0.842187 0.560417 0.843750 0.579167 0.856250 0.585417 0.835938 0.604167 0.831250 0.672917 0.889062 0.693750 0.881250 0.656250 0.890625 0.637500 0.912500 0.645833 0.917188 0.693750 0.934375 0.700000 0.940625 0.685417 0.931250 0.675000 0.931250 0.618750 0.954688 0.612500 0.964063 0.577083 0.935937 0.560417 0.915625 0.504167
18 0.809375 0.591667 0.818750 0.602083 0.818750 0.606250 0.820312 0.608333 0.820312 0.616667 0.823438 0.616667 0.823438 0.614583 0.826562 0.610417 0.829688 0.610417 0.831250 0.608333 0.834375 0.610417 0.834375 0.604167 0.837500 0.600000 0.837500 0.593750 0.828125 0.593750 0.826562 0.591667