0 0.998437 0.754167 0.775000 0.608333 0.554688 0.556250 0.000000 0.741667 0.000000 0.997917 0.998437 0.997917
1 0.134375 0.687500 0.001563 0.733333 0.000000 0.739583
1 0.657813 0.575000 0.701562 0.581250 0.784375 0.612500 0.762500 0.595833
2 0.810937 0.518750 0.810937 0.527083 0.814063 0.533333 0.842187 0.533333 0.843750 0.529167 0.856250 0.531250 0.865625 0.527083 0.864062 0.518750 0.851562 0.516667 0.848437 0.512500 0.840625 0.518750 0.837500 0.508333 0.828125 0.508333 0.826562 0.504167 0.823438 0.504167 0.821875 0.510417
2 0.921875 0.489583 0.920312 0.512500 0.917188 0.514583 0.918750 0.533333 0.928125 0.537500 0.975000 0.539583 0.978125 0.508333 0.975000 0.506250 0.973437 0.493750 0.957812 0.493750 0.951562 0.500000 0.940625 0.500000 0.935937 0.493750 0.934375 0.481250 0.928125 0.481250
2 0.657813 0.172917 0.656250 0.200000 0.651563 0.218750 0.653125 0.235417 0.648438 0.264583 0.650000 0.287500 0.654687 0.287500 0.654687 0.281250 0.657813 0.279167 0.657813 0.227083 0.660937 0.214583
2 0.000000 0.000000 0.000000 0.252083 0.246875 0.335417 0.257812 0.118750 0.295312 0.122917 0.304688 0.152083 0.318750 0.000000
3 0.821875 0.431250 0.812500 0.514583 0.826562 0.502083 0.837500 0.506250 0.840625 0.516667 0.846875 0.510417 0.864062 0.516667 0.865625 0.483333 0.875000 0.489583 0.878125 0.512500 0.889062 0.508333 0.900000 0.516667 0.907813 0.508333 0.910937 0.487500 0.895312 0.475000 0.896875 0.456250 0.907813 0.445833 0.898438 0.443750 0.895312 0.433333
3 0.656250 0.431250 0.656250 0.450000 0.653125 0.462500 0.653125 0.477083 0.656250 0.485417 0.660937 0.487500 0.662500 0.491667 0.665625 0.491667 0.670312 0.477083 0.670312 0.466667 0.675000 0.454167 0.675000 0.443750 0.673438 0.441667 0.675000 0.435417 0.673438 0.431250
3 0.620313 0.431250 0.618750 0.433333 0.626563 0.435417 0.631250 0.431250 0.639062 0.433333 0.639062 0.441667 0.642188 0.445833 0.635938 0.456250 0.639062 0.458333 0.635938 0.462500 0.635938 0.468750 0.639062 0.468750 0.643750 0.475000 0.643750 0.481250 0.646875 0.483333 0.648438 0.472917 0.646875 0.435417 0.650000 0.431250
3 0.537500 0.431250 0.540625 0.445833 0.540625 0.456250 0.545312 0.450000 0.546875 0.452083 0.548438 0.477083 0.551562 0.477083 0.554688 0.481250 0.556250 0.477083 0.556250 0.447917 0.559375 0.445833 0.560937 0.431250
3 0.695312 0.491667 0.701562 0.479167 0.707812 0.491667 0.720313 0.477083 0.726562 0.489583 0.734375 0.477083 0.742188 0.481250 0.753125 0.443750 0.764062 0.452083 0.771875 0.483333 0.793750 0.452083 0.796875 0.435417 0.726562 0.429167 0.721875 0.464583 0.721875 0.429167 0.710938 0.431250 0.710938 0.460417 0.695312 0.472917
4 0.723437 0.479167 0.720313 0.479167 0.718750 0.485417 0.712500 0.489583 0.710938 0.493750 0.709375 0.489583 0.707812 0.493750 0.704688 0.481250 0.701562 0.481250 0.701562 0.487500 0.696875 0.493750 0.693750 0.489583 0.693750 0.516667 0.696875 0.522917 0.703125 0.522917 0.712500 0.510417 0.717187 0.508333 0.721875 0.495833 0.725000 0.497917 0.728125 0.493750 0.723437 0.487500
4 0.582812 0.433333 0.579688 0.437500 0.584375 0.447917 0.584375 0.462500 0.589063 0.462500 0.592187 0.458333 0.595313 0.460417 0.600000 0.483333 0.600000 0.500000 0.604688 0.510417 0.606250 0.466667 0.603125 0.464583 0.603125 0.452083 0.600000 0.452083 0.596875 0.445833 0.598437 0.437500
4 0.654687 0.431250 0.648438 0.435417 0.646875 0.485417 0.634375 0.468750 0.640625 0.445833 0.637500 0.433333 0.614062 0.435417 0.610938 0.516667 0.623437 0.512500 0.667188 0.518750 0.665625 0.493750 0.651563 0.477083
4 0.000000 0.254167 0.000000 0.733333 0.396875 0.581250 0.545312 0.564583 0.507812 0.516667 0.506250 0.450000 0.390625 0.414583 0.332813 0.466667 0.284375 0.364583
5 0.998437 0.527083 0.989062 0.579167 0.990625 0.656250 0.985938 0.747917 0.995313 0.752083
5 0.615625 0.387500 0.609375 0.387500 0.606250 0.550000
5 0.312500 0.114583 0.304688 0.154167 0.295312 0.339583 0.303125 0.345833
8 0.410938 0.589583 0.404687 0.583333 0.396875 0.583333 0.395313 0.587500 0.378125 0.593750 0.367188 0.604167 0.350000 0.608333 0.332813 0.622917 0.368750 0.608333 0.407813 0.606250 0.412500 0.602083
8 0.865625 0.485417 0.864062 0.487500 0.865625 0.518750 0.867188 0.520833 0.867188 0.529167 0.870313 0.529167 0.871875 0.518750 0.873437 0.514583 0.876563 0.512500 0.876563 0.504167 0.873437 0.502083 0.873437 0.489583 0.870313 0.485417
8 0.221875 0.335417 0.332813 0.464583 0.506250 0.447917 0.546875 0.564583 0.615625 0.385417 0.682813 0.533333 0.815625 0.537500 0.820312 0.431250 0.892188 0.429167 0.981250 0.566667 0.998437 0.125000 0.884375 0.391667 0.593750 0.293750 0.453125 0.420833 0.467187 0.058333 0.401562 0.191667 0.434375 0.393750
9 0.496875 0.572917 0.478125 0.572917 0.414062 0.587500 0.412500 0.604167 0.423438 0.595833 0.429688 0.595833 0.431250 0.591667 0.442188 0.591667
9 0.904687 0.529167 0.923438 0.581250 0.907813 0.645833 0.909375 0.689583 0.898438 0.689583 0.890625 0.641667 0.868750 0.639583 0.867188 0.672917 0.985938 0.731250 0.993750 0.543750 0.981250 0.568750 0.975000 0.541667
9 0.550000 0.554167 0.717187 0.581250 0.812500 0.625000 0.812500 0.593750 0.842187 0.591667 0.848437 0.562500 0.873437 0.554167 0.865625 0.529167 0.773438 0.541667 0.610938 0.518750 0.606250 0.552083 0.604688 0.518750 0.556250 0.512500
10 0.265625 0.110417 0.257812 0.133333 0.251563 0.304167 0.259375 0.293750 0.282813 0.302083 0.279687 0.325000 0.293750 0.339583 0.303125 0.133333
10 0.304688 0.345833 0.434375 0.391667 0.400000 0.191667 0.467187 0.056250 0.495312 0.256250 0.453125 0.418750 0.507812 0.316667 0.526563 0.377083 0.576562 0.297917 0.637500 0.333333 0.657813 0.170833 0.659375 0.331250 0.756250 0.300000 0.807813 0.391667 0.884375 0.389583 0.881250 0.283333 0.971875 0.247917 0.998437 0.000000 0.320312 0.000000
11 0.882812 0.510417 0.871875 0.525000 0.873437 0.558333 0.865625 0.568750 0.846875 0.566667 0.846875 0.589583 0.828125 0.597917 0.823438 0.637500 0.810937 0.643750 0.820312 0.666667 0.842187 0.683333 0.868750 0.685417 0.867188 0.639583 0.890625 0.639583 0.898438 0.647917 0.898438 0.685417 0.907813 0.689583 0.906250 0.645833 0.921875 0.581250 0.900000 0.520833
18 0.812500 0.595833 0.812500 0.597917 0.817187 0.604167 0.817187 0.618750 0.812500 0.629167 0.812500 0.633333 0.814063 0.633333 0.815625 0.637500 0.820312 0.639583 0.821875 0.637500 0.821875 0.618750 0.823438 0.616667 0.823438 0.610417 0.825000 0.608333 0.825000 0.602083 0.826562 0.597917 0.823438 0.595833