0 0.000000 0.714583 0.000000 0.997917 0.998437 0.997917 0.998437 0.795833 0.959375 0.829167 0.939063 0.760417 0.618750 0.591667 0.270313 0.543750
1 0.310937 0.545833 0.610938 0.587500 0.523438 0.562500
3 0.520312 0.375000 0.509375 0.375000 0.507812 0.372917 0.498437 0.375000 0.498437 0.418750 0.498437 0.416667 0.501563 0.414583 0.501563 0.406250 0.503125 0.404167 0.506250 0.406250 0.509375 0.404167 0.509375 0.395833 0.514062 0.391667 0.515625 0.383333
3 0.756250 0.479167 0.726562 0.435417 0.740625 0.422917 0.729688 0.372917 0.720313 0.418750 0.720313 0.372917 0.675000 0.372917 0.668750 0.416667 0.665625 0.372917 0.589063 0.375000 0.587500 0.475000 0.626563 0.470833 0.629687 0.427083 0.648438 0.472917
3 0.335938 0.368750 0.335938 0.383333 0.345313 0.383333 0.346875 0.391667 0.350000 0.393750 0.350000 0.397917 0.354687 0.404167 0.351562 0.406250 0.354687 0.410417 0.353125 0.414583 0.360938 0.414583 0.362500 0.408333 0.362500 0.375000 0.364063 0.370833
3 0.215625 0.368750 0.214062 0.381250 0.217188 0.383333 0.217188 0.387500 0.223438 0.391667 0.226562 0.406250 0.232813 0.402083 0.251563 0.418750 0.253125 0.385417 0.260937 0.370833
4 0.898438 0.668750 0.956250 0.706250 0.957812 0.764583 0.948438 0.816667 0.970313 0.827083 0.967187 0.725000 0.976562 0.714583 0.998437 0.722917 0.998437 0.693750 0.950000 0.675000
4 0.996875 0.587500 0.992188 0.587500 0.990625 0.591667 0.968750 0.589583 0.964063 0.593750 0.956250 0.612500 0.953125 0.631250 0.959375 0.633333 0.960938 0.637500 0.981250 0.643750 0.982812 0.647917 0.998437 0.652083
4 0.470313 0.420833 0.465625 0.420833 0.464062 0.422917 0.464062 0.429167 0.460938 0.435417 0.460938 0.454167 0.457813 0.460417 0.457813 0.468750 0.462500 0.466667 0.467187 0.458333 0.467187 0.452083 0.470313 0.443750
4 0.484375 0.372917 0.484375 0.402083 0.473438 0.416667 0.476562 0.472917 0.496875 0.462500 0.521875 0.389583 0.534375 0.402083 0.540625 0.460417 0.551562 0.433333 0.565625 0.472917 0.573438 0.466667 0.592187 0.481250 0.581250 0.447917 0.590625 0.372917
4 0.373437 0.370833 0.370312 0.464583 0.415625 0.464583 0.434375 0.472917 0.429688 0.452083 0.443750 0.391667 0.443750 0.372917
4 0.256250 0.379167 0.251563 0.420833 0.262500 0.422917 0.273438 0.466667 0.298438 0.470833 0.303125 0.454167 0.317188 0.452083 0.323437 0.418750 0.337500 0.418750 0.345313 0.402083 0.351562 0.452083 0.360938 0.464583 0.362500 0.410417 0.351562 0.414583 0.334375 0.368750 0.320312 0.370833 0.328125 0.404167 0.317188 0.418750 0.303125 0.416667 0.304688 0.370833
4 0.000000 0.297917 0.000000 0.689583 0.075000 0.672917 0.231250 0.589583 0.204687 0.472917 0.095312 0.464583 0.087500 0.331250
5 0.367188 0.304167 0.362500 0.529167 0.367188 0.527083 0.368750 0.477083
5 0.406250 0.100000 0.401562 0.245833 0.409375 0.254167 0.410938 0.102083
8 0.628125 0.431250 0.626563 0.433333 0.626563 0.439583 0.628125 0.441667 0.628125 0.470833 0.626563 0.472917 0.621875 0.472917 0.621875 0.475000 0.625000 0.472917 0.628125 0.475000 0.635938 0.475000 0.640625 0.472917 0.642188 0.468750 0.640625 0.466667 0.640625 0.460417 0.634375 0.456250 0.632812 0.437500 0.631250 0.431250
8 0.348438 0.404167 0.343750 0.406250 0.337500 0.420833 0.325000 0.418750 0.318750 0.452083 0.303125 0.456250 0.300000 0.470833 0.360938 0.475000 0.360938 0.466667 0.350000 0.452083 0.353125 0.441667 0.345313 0.418750 0.345313 0.406250
8 0.000000 0.239583 0.000000 0.295833 0.023438 0.306250 0.035937 0.302083 0.035937 0.295833 0.029687 0.293750 0.025000 0.283333 0.028125 0.279167 0.028125 0.264583 0.034375 0.256250 0.034375 0.252083 0.014063 0.250000
8 0.998437 0.006250 0.892188 0.000000 0.876563 0.129167 0.803125 0.077083 0.779687 0.212500 0.606250 0.345833 0.343750 0.204167 0.225000 0.300000 0.204687 0.181250 0.145313 0.337500 0.056250 0.320833 0.232813 0.589583 0.214062 0.368750 0.317188 0.416667 0.367188 0.302083 0.445312 0.372917 0.370312 0.475000 0.582812 0.487500 0.521875 0.391667 0.476562 0.475000 0.482812 0.372917 0.723437 0.368750 0.800000 0.545833 0.912500 0.497917 0.928125 0.593750 0.998437 0.512500
8 0.064062 0.000000 0.000000 0.000000 0.000000 0.116667 0.012500 0.120833 0.028125 0.114583 0.029687 0.089583 0.037500 0.079167 0.032813 0.068750 0.045312 0.058333 0.042188 0.045833 0.048438 0.039583 0.050000 0.004167 0.060937 0.006250
9 0.971875 0.718750 0.968750 0.725000 0.968750 0.752083 0.965625 0.758333 0.967187 0.779167 0.970313 0.779167 0.971875 0.783333 0.982812 0.783333 0.984375 0.787500 0.998437 0.793750 0.998437 0.725000 0.978125 0.716667
9 0.059375 0.675000 0.039062 0.677083 0.037500 0.681250 0.029687 0.681250 0.018750 0.687500 0.000000 0.691667 0.000000 0.712500 0.021875 0.702083 0.026562 0.695833 0.040625 0.689583 0.043750 0.685417 0.053125 0.683333 0.059375 0.679167
9 0.256250 0.504167 0.257812 0.539583 0.603125 0.581250 0.953125 0.770833 0.954688 0.706250 0.896875 0.668750 0.998437 0.691667 0.951562 0.631250 0.998437 0.589583 0.998437 0.514583 0.939063 0.510417 0.928125 0.595833 0.912500 0.500000 0.810937 0.495833 0.803125 0.550000 0.798438 0.493750 0.370312 0.477083 0.365625 0.531250 0.360938 0.477083
10 0.000000 0.237500 0.139063 0.335417 0.107813 0.293750 0.203125 0.179167 0.225000 0.297917 0.343750 0.202083 0.390625 0.266667 0.409375 0.097917 0.414062 0.264583 0.509375 0.247917 0.606250 0.343750 0.778125 0.212500 0.803125 0.075000 0.876563 0.127083 0.920312 0.031250 0.065625 0.000000