0 0.000000 0.710417 0.000000 0.997917 0.998437 0.997917 0.981250 0.822917 0.187500 0.514583 0.160938 0.656250
4 0.079687 0.520833 0.070312 0.520833 0.056250 0.550000 0.029687 0.564583 0.000000 0.562500 0.000000 0.708333 0.021875 0.702083 0.062500 0.670833 0.082812 0.672917 0.107813 0.647917 0.096875 0.625000
4 0.546875 0.472917 0.584375 0.431250 0.595313 0.475000 0.632812 0.393750 0.654687 0.458333 0.703125 0.404167 0.706250 0.518750 0.767188 0.518750 0.771875 0.460417 0.785937 0.522917 0.964063 0.560417 0.928125 0.497917 0.953125 0.485417 0.923438 0.406250 0.595313 0.366667
4 0.451562 0.343750 0.443750 0.460417 0.498437 0.466667 0.525000 0.481250 0.521875 0.437500 0.548438 0.360417
4 0.204687 0.343750 0.214062 0.408333 0.434375 0.458333 0.443750 0.343750 0.281250 0.320833 0.243750 0.327083 0.232813 0.345833 0.228125 0.333333
5 0.459375 0.172917 0.451562 0.179167 0.453125 0.262500 0.428125 0.531250 0.434375 0.543750 0.464062 0.193750 0.478125 0.187500
8 0.771875 0.462500 0.768750 0.464583 0.768750 0.477083 0.771875 0.487500 0.770312 0.489583 0.768750 0.522917 0.784375 0.522917 0.778125 0.514583 0.776563 0.506250 0.776563 0.472917
8 0.465625 0.193750 0.451562 0.341667 0.550000 0.360417 0.521875 0.462500 0.564063 0.510417 0.704688 0.522917 0.703125 0.406250 0.654687 0.460417 0.632812 0.395833 0.545312 0.481250 0.595313 0.364583 0.910937 0.402083 0.998437 0.579167 0.998437 0.258333 0.675000 0.347917 0.606250 0.177083 0.531250 0.264583 0.512500 0.160417 0.489063 0.233333
8 0.454688 0.172917 0.412500 0.164583 0.378125 0.243750 0.296875 0.275000 0.264062 0.250000 0.310937 0.229167 0.279687 0.206250 0.271875 0.060417 0.237500 0.112500 0.192188 0.097917 0.193750 0.193750 0.020313 0.170833 0.000000 0.125000 0.000000 0.560417 0.076563 0.516667 0.112500 0.658333 0.160938 0.654167 0.204687 0.339583 0.443750 0.341667
9 0.182812 0.456250 0.193750 0.497917 0.998437 0.835417 0.998437 0.581250 0.446875 0.462500 0.434375 0.545833 0.434375 0.460417 0.225000 0.410417
10 0.154688 0.202083 0.150000 0.212500 0.148438 0.229167 0.156250 0.235417 0.156250 0.243750 0.153125 0.247917 0.154688 0.254167 0.164062 0.258333 0.170313 0.254167 0.173437 0.245833 0.184375 0.243750 0.189062 0.233333 0.185938 0.231250 0.185938 0.225000 0.173437 0.208333 0.167187 0.204167
10 0.000000 0.000000 0.020313 0.168750 0.193750 0.191667 0.190625 0.097917 0.275000 0.060417 0.296875 0.272917 0.412500 0.162500 0.489063 0.231250 0.510938 0.158333 0.529687 0.262500 0.606250 0.175000 0.675000 0.345833 0.998437 0.256250 0.998437 0.000000