1 0.000000 0.658333 0.000000 0.997917 0.267188 0.997917 0.382812 0.931250 0.485938 0.997917 0.998437 0.997917 0.989062 0.847917 0.570312 0.597917 0.225000 0.510417 0.214062 0.583333
3 0.484375 0.997917 0.457813 0.968750 0.425000 0.966667 0.400000 0.937500 0.384375 0.933333 0.365625 0.937500 0.375000 0.950000 0.368750 0.958333 0.312500 0.968750 0.268750 0.997917
4 0.506250 0.408333 0.500000 0.410417 0.495312 0.427083 0.490625 0.431250 0.492188 0.439583 0.489063 0.454167 0.484375 0.460417 0.484375 0.468750 0.490625 0.466667 0.492188 0.456250 0.498437 0.458333 0.501563 0.445833 0.504687 0.443750
4 0.510938 0.404167 0.514062 0.475000 0.545312 0.433333 0.564063 0.477083 0.595313 0.475000 0.620313 0.500000 0.825000 0.525000 0.793750 0.472917 0.810937 0.454167 0.790625 0.393750 0.523438 0.364583
4 0.000000 0.362500 0.000000 0.656250 0.181250 0.577083 0.171875 0.531250 0.143750 0.522917 0.128125 0.491667 0.123438 0.397917 0.070312 0.404167
4 0.393750 0.347917 0.387500 0.456250 0.435937 0.460417 0.462500 0.470833 0.459375 0.431250 0.478125 0.358333
4 0.234375 0.327083 0.226562 0.364583 0.242188 0.429167 0.379688 0.454167 0.385937 0.345833 0.345313 0.341667 0.354687 0.354167 0.354687 0.372917 0.346875 0.375000 0.328125 0.360417 0.331250 0.337500
5 0.392188 0.229167 0.378125 0.522917 0.398438 0.262500
8 0.998437 0.018750 0.890625 0.260417 0.717187 0.341667 0.381250 0.170833 0.232813 0.289583 0.221875 0.100000 0.142187 0.258333 0.000000 0.166667 0.000000 0.360417 0.123438 0.395833 0.214062 0.581250 0.232813 0.327083 0.353125 0.372917 0.392188 0.227083 0.462500 0.472917 0.618750 0.500000 0.509375 0.470833 0.523438 0.362500 0.790625 0.391667 0.939063 0.622917 0.998437 0.570833
9 0.225000 0.508333 0.712500 0.654167 0.998437 0.856250 0.998437 0.572917 0.946875 0.562500 0.932813 0.625000 0.931250 0.560417 0.390625 0.458333 0.378125 0.525000 0.378125 0.456250 0.240625 0.431250
10 0.000000 0.164583 0.148438 0.268750 0.107813 0.214583 0.221875 0.097917 0.232813 0.287500 0.357812 0.168750 0.426563 0.239583 0.448437 0.164583 0.465625 0.260417 0.520312 0.208333 0.598437 0.345833 0.717187 0.339583 0.792188 0.252083 0.890625 0.258333 0.935937 0.050000 0.998437 0.000000 0.000000 0.000000