0 0.000000 0.708333 0.000000 0.997917 0.998437 0.997917 0.998437 0.837500 0.226562 0.504167 0.198437 0.497917 0.170313 0.654167
4 0.090625 0.529167 0.059375 0.556250 0.020313 0.566667 0.000000 0.560417 0.000000 0.706250 0.106250 0.662500 0.118750 0.650000 0.103125 0.606250
4 0.545312 0.470833 0.567187 0.470833 0.581250 0.425000 0.592187 0.481250 0.631250 0.393750 0.650000 0.460417 0.703125 0.425000 0.701562 0.518750 0.762500 0.518750 0.768750 0.462500 0.781250 0.520833 0.957812 0.558333 0.920312 0.497917 0.943750 0.485417 0.931250 0.418750 0.593750 0.366667
4 0.450000 0.343750 0.440625 0.460417 0.493750 0.466667 0.521875 0.481250 0.517188 0.450000 0.543750 0.360417
4 0.220312 0.387500 0.218750 0.412500 0.431250 0.458333 0.442188 0.343750 0.260937 0.322917 0.237500 0.337500
5 0.462500 0.179167 0.446875 0.187500 0.453125 0.241667 0.428125 0.539583 0.459375 0.204167 0.473438 0.191667
8 0.765625 0.464583 0.764062 0.466667 0.765625 0.470833 0.765625 0.516667 0.764062 0.518750 0.765625 0.522917 0.779687 0.522917 0.779687 0.518750 0.775000 0.514583 0.775000 0.508333 0.771875 0.506250 0.771875 0.466667
8 0.462500 0.200000 0.450000 0.341667 0.545312 0.360417 0.518750 0.458333 0.560937 0.510417 0.700000 0.522917 0.701562 0.425000 0.650000 0.462500 0.631250 0.395833 0.592187 0.483333 0.581250 0.427083 0.543750 0.481250 0.593750 0.364583 0.907813 0.404167 0.998437 0.581250 0.998437 0.260417 0.909375 0.243750 0.810937 0.341667 0.671875 0.352083 0.603125 0.179167 0.529687 0.264583 0.507812 0.175000 0.485938 0.237500
8 0.454688 0.172917 0.410938 0.164583 0.376563 0.245833 0.296875 0.277083 0.262500 0.247917 0.309375 0.233333 0.278125 0.208333 0.271875 0.064583 0.187500 0.108333 0.192188 0.195833 0.000000 0.131250 0.000000 0.558333 0.090625 0.527083 0.117188 0.656250 0.170313 0.652083 0.182812 0.462500 0.235937 0.337500 0.442188 0.341667
9 0.360938 0.781250 0.351562 0.785417 0.350000 0.781250 0.346875 0.781250 0.345313 0.785417 0.339062 0.787500 0.331250 0.797917 0.331250 0.804167 0.334375 0.804167 0.335938 0.800000 0.339062 0.802083 0.345313 0.800000 0.350000 0.806250 0.351562 0.814583 0.353125 0.814583 0.354687 0.802083 0.356250 0.800000 0.360938 0.800000 0.359375 0.793750
9 0.185938 0.456250 0.196875 0.495833 0.998437 0.835417 0.996875 0.581250 0.443750 0.462500 0.428125 0.541667 0.431250 0.460417 0.239063 0.414583
10 0.148438 0.206250 0.146875 0.231250 0.151562 0.233333 0.154688 0.239583 0.148438 0.250000 0.164062 0.258333 0.168750 0.254167 0.171875 0.245833 0.181250 0.245833 0.187500 0.237500 0.185938 0.225000 0.170313 0.208333 0.159375 0.206250 0.157812 0.202083 0.151562 0.202083
10 0.000000 0.000000 0.000000 0.129167 0.192188 0.193750 0.185938 0.108333 0.271875 0.062500 0.282813 0.272917 0.410938 0.162500 0.484375 0.235417 0.507812 0.172917 0.526563 0.262500 0.603125 0.177083 0.671875 0.350000 0.998437 0.258333 0.998437 0.000000