0 0.000000 0.566667 0.000000 0.997917 0.670312 0.997917 0.421875 0.520833 0.443750 0.508333 0.323437 0.479167 0.306250 0.512500
2 0.371875 0.379167 0.371875 0.381250 0.368750 0.385417 0.365625 0.385417 0.364063 0.383333 0.357812 0.383333 0.357812 0.387500 0.359375 0.389583 0.359375 0.404167 0.360938 0.404167 0.362500 0.408333 0.368750 0.408333 0.368750 0.404167 0.379688 0.391667 0.379688 0.387500 0.378125 0.385417 0.373437 0.385417 0.371875 0.383333
3 0.518750 0.375000 0.514062 0.391667 0.507812 0.402083 0.514062 0.402083 0.518750 0.410417 0.521875 0.441667 0.528125 0.450000 0.532813 0.412500 0.532813 0.375000
3 0.000000 0.125000 0.000000 0.456250 0.075000 0.443750 0.114062 0.475000 0.150000 0.470833 0.170313 0.414583 0.207813 0.472917 0.289062 0.458333 0.301563 0.420833 0.281250 0.414583 0.278125 0.350000
4 0.515625 0.379167 0.500000 0.379167 0.498437 0.383333 0.476562 0.385417 0.476562 0.397917 0.487500 0.397917 0.492188 0.391667 0.501563 0.391667 0.506250 0.385417 0.507812 0.387500 0.507812 0.397917 0.509375 0.397917 0.515625 0.383333
4 0.875000 0.364583 0.859375 0.370833 0.850000 0.414583 0.840625 0.427083 0.835938 0.472917 0.854688 0.487500 0.851562 0.525000 0.895312 0.531250 0.892188 0.500000 0.900000 0.481250 0.901563 0.364583
4 0.285938 0.364583 0.284375 0.387500 0.282813 0.389583 0.282813 0.414583 0.301563 0.418750 0.303125 0.410417 0.307812 0.408333 0.309375 0.404167 0.306250 0.402083 0.306250 0.397917 0.309375 0.395833 0.307812 0.379167 0.304688 0.375000 0.298438 0.372917 0.296875 0.368750 0.292187 0.368750 0.290625 0.364583
4 0.998437 0.347917 0.987500 0.356250 0.976562 0.429167 0.968750 0.447917 0.968750 0.497917 0.979688 0.485417 0.984375 0.497917 0.971875 0.543750 0.995313 0.550000
5 0.537500 0.372917 0.534375 0.375000 0.529687 0.481250 0.532813 0.481250 0.535937 0.450000
5 0.467187 0.262500 0.476562 0.275000 0.462500 0.529167 0.471875 0.425000 0.479687 0.420833 0.478125 0.500000 0.481250 0.427083 0.490625 0.420833 0.473438 0.414583 0.481250 0.279167 0.493750 0.270833
8 0.478125 0.420833 0.475000 0.420833 0.473438 0.425000 0.471875 0.477083 0.468750 0.502083 0.471875 0.502083 0.475000 0.497917 0.475000 0.479167 0.478125 0.456250
8 0.500000 0.393750 0.475000 0.400000 0.475000 0.414583 0.492188 0.416667 0.482812 0.427083 0.479687 0.497917 0.528125 0.481250 0.528125 0.452083 0.520312 0.441667 0.517188 0.410417
8 0.320312 0.404167 0.339062 0.414583 0.370312 0.464583 0.462500 0.502083 0.468750 0.400000 0.420312 0.404167 0.401562 0.375000 0.393750 0.385417 0.389062 0.372917 0.362500 0.410417 0.346875 0.358333 0.334375 0.404167
8 0.471875 0.356250 0.470313 0.358333 0.467187 0.358333 0.465625 0.356250 0.459375 0.358333 0.459375 0.362500 0.456250 0.364583 0.445312 0.385417 0.446875 0.391667 0.450000 0.391667 0.451562 0.387500 0.468750 0.387500 0.470313 0.385417 0.470313 0.364583 0.471875 0.362500
8 0.265625 0.339583 0.278125 0.347917 0.287500 0.362500 0.296875 0.366667 0.309375 0.379167 0.310937 0.395833 0.307812 0.402083 0.310937 0.408333 0.315625 0.408333 0.317188 0.379167 0.310937 0.368750 0.307812 0.354167 0.298438 0.345833 0.271875 0.341667 0.270313 0.337500
8 0.998437 0.258333 0.929688 0.337500 0.787500 0.375000 0.748437 0.306250 0.684375 0.383333 0.693750 0.293750 0.568750 0.312500 0.534375 0.364583 0.485938 0.343750 0.476562 0.383333 0.539062 0.372917 0.534375 0.481250 0.709375 0.502083 0.712500 0.464583 0.714063 0.502083 0.846875 0.525000 0.857812 0.370833 0.901563 0.362500 0.896875 0.531250 0.970313 0.545833
8 0.181250 0.000000 0.178125 0.050000 0.146875 0.102083 0.145313 0.131250 0.118750 0.131250 0.128125 0.183333 0.104688 0.160417 0.121875 0.225000 0.200000 0.285417 0.207813 0.262500 0.232813 0.256250 0.264062 0.181250 0.245312 0.164583 0.254688 0.133333 0.242188 0.133333 0.243750 0.093750 0.232813 0.056250 0.220312 0.060417 0.218750 0.025000
9 0.290625 0.466667 0.237500 0.456250 0.207813 0.475000 0.170313 0.416667 0.150000 0.472917 0.114062 0.477083 0.075000 0.445833 0.021875 0.443750 0.000000 0.458333 0.000000 0.564583 0.287500 0.493750
9 0.312500 0.410417 0.320312 0.477083 0.451562 0.510417 0.423438 0.520833 0.671875 0.997917 0.998437 0.997917 0.998437 0.552083 0.567187 0.479167 0.462500 0.531250
10 0.198437 0.000000 0.265625 0.181250 0.201563 0.287500 0.326562 0.406250 0.346875 0.356250 0.443750 0.391667 0.471875 0.258333 0.507812 0.366667 0.693750 0.291667 0.684375 0.381250 0.748437 0.304167 0.792188 0.375000 0.925000 0.337500 0.998437 0.256250 0.998437 0.000000
10 0.000000 0.000000 0.007812 0.127083 0.065625 0.162500 0.118750 0.220833 0.101562 0.164583 0.126562 0.183333 0.117188 0.131250 0.129688 0.120833 0.143750 0.131250 0.145313 0.102083 0.176563 0.050000 0.179688 0.000000
11 0.309375 0.406250 0.304688 0.410417 0.296875 0.433333 0.292187 0.435417 0.289062 0.460417 0.292187 0.466667 0.289062 0.468750 0.289062 0.493750 0.295312 0.493750 0.298438 0.497917 0.296875 0.508333 0.306250 0.510417 0.310937 0.493750 0.318750 0.493750 0.325000 0.487500 0.318750 0.477083 0.317188 0.427083 0.312500 0.422917