0 0.000000 0.612500 0.000000 0.997917 0.940625 0.997917 0.429688 0.468750
2 0.457813 0.389583 0.465625 0.400000 0.498437 0.402083 0.501563 0.397917 0.503125 0.404167 0.506250 0.402083 0.506250 0.393750 0.481250 0.393750 0.476562 0.389583
2 0.398438 0.364583 0.398438 0.379167 0.401562 0.387500 0.409375 0.393750 0.412500 0.414583 0.418750 0.414583 0.420312 0.397917 0.428125 0.391667 0.431250 0.383333 0.435937 0.381250 0.442188 0.387500 0.448437 0.387500 0.446875 0.379167 0.440625 0.379167 0.439063 0.375000 0.423438 0.372917 0.421875 0.368750 0.417187 0.372917 0.409375 0.364583 0.406250 0.368750
3 0.518750 0.395833 0.514062 0.404167 0.521875 0.400000 0.526563 0.402083 0.531250 0.397917 0.534375 0.408333 0.542188 0.420833 0.545312 0.443750 0.551562 0.414583 0.553125 0.393750
3 0.076563 0.000000 0.070312 0.091667 0.140625 0.122917 0.215625 0.225000 0.242188 0.233333 0.226562 0.345833 0.276562 0.400000 0.281250 0.439583 0.381250 0.435417 0.384375 0.379167 0.112500 0.012500
4 0.743750 0.437500 0.735938 0.531250 0.950000 0.585417 0.998437 0.614583 0.998437 0.431250 0.834375 0.431250 0.810937 0.527083 0.817187 0.435417
5 0.557813 0.389583 0.553125 0.400000 0.553125 0.414583 0.546875 0.441667 0.546875 0.477083 0.551562 0.466667 0.553125 0.431250 0.559375 0.395833
5 0.514062 0.354167 0.510938 0.356250 0.510938 0.381250 0.506250 0.418750 0.503125 0.420833 0.498437 0.497917 0.498437 0.487500 0.504687 0.485417 0.509375 0.435417 0.517188 0.429167 0.507812 0.418750 0.512500 0.400000
8 0.525000 0.402083 0.510938 0.406250 0.509375 0.418750 0.517188 0.422917 0.518750 0.429167 0.510938 0.435417 0.506250 0.481250 0.545312 0.477083 0.545312 0.445833 0.540625 0.420833 0.532813 0.406250
8 0.431250 0.385417 0.420312 0.404167 0.421875 0.443750 0.473438 0.481250 0.495312 0.485417 0.506250 0.406250 0.465625 0.402083 0.453125 0.385417 0.448437 0.389583
8 0.389062 0.345833 0.381250 0.364583 0.381250 0.370833 0.385937 0.379167 0.387500 0.389583 0.384375 0.408333 0.385937 0.412500 0.403125 0.416667 0.404687 0.410417 0.409375 0.406250 0.407813 0.393750 0.401562 0.389583 0.396875 0.379167 0.395313 0.347917
8 0.998437 0.000000 0.756250 0.000000 0.764062 0.141667 0.687500 0.156250 0.746875 0.195833 0.734375 0.360417 0.692187 0.400000 0.704688 0.333333 0.478125 0.389583 0.514062 0.352083 0.560937 0.393750 0.550000 0.477083 0.726562 0.529167 0.750000 0.429167 0.818750 0.435417 0.810937 0.525000 0.834375 0.429167 0.998437 0.429167 0.998437 0.308333 0.904687 0.341667 0.998437 0.231250 0.898438 0.200000 0.998437 0.106250 0.959375 0.060417
8 0.150000 0.041667 0.335938 0.308333 0.381250 0.275000 0.354687 0.127083 0.335938 0.137500 0.329688 0.097917 0.303125 0.097917 0.321875 0.075000 0.328125 0.020833 0.307812 0.035417 0.289062 0.000000 0.282813 0.031250 0.264062 0.018750 0.253125 0.033333 0.209375 0.000000 0.173437 0.064583
8 0.000000 0.000000 0.000000 0.610417 0.060937 0.568750 0.201563 0.550000 0.278125 0.470833 0.275000 0.400000 0.225000 0.345833 0.240625 0.233333 0.140625 0.125000 0.073438 0.097917 0.068750 0.025000 0.046875 0.010417 0.029687 0.045833
9 0.420312 0.433333 0.421875 0.466667 0.925000 0.981250 0.998437 0.997917 0.996875 0.614583 0.568750 0.479167 0.498437 0.500000
9 0.409375 0.408333 0.403125 0.418750 0.385937 0.414583 0.381250 0.437500 0.340625 0.425000 0.284375 0.443750 0.275000 0.412500 0.279687 0.470833 0.267188 0.495833 0.248438 0.506250 0.387500 0.456250 0.398438 0.460417
10 0.826562 0.358333 0.798438 0.362500 0.789062 0.383333 0.789062 0.395833 0.782813 0.404167 0.768750 0.397917 0.762500 0.385417 0.765625 0.422917 0.790625 0.425000 0.796875 0.408333 0.803125 0.408333 0.807813 0.414583 0.815625 0.410417 0.821875 0.395833
10 0.998437 0.275000 0.945312 0.291667 0.934375 0.306250 0.918750 0.302083 0.915625 0.331250 0.906250 0.341667 0.921875 0.358333 0.931250 0.356250 0.971875 0.320833 0.975000 0.310417 0.998437 0.306250
10 0.998437 0.108333 0.976562 0.118750 0.965625 0.152083 0.932813 0.156250 0.920312 0.175000 0.901563 0.187500 0.900000 0.200000 0.912500 0.189583 0.940625 0.195833 0.956250 0.214583 0.998437 0.229167
10 0.960938 0.041667 0.962500 0.045833 0.960938 0.060417 0.973437 0.058333 0.975000 0.054167 0.982812 0.054167 0.990625 0.060417 0.998437 0.058333 0.998437 0.031250 0.993750 0.035417 0.979688 0.035417 0.978125 0.033333 0.975000 0.035417 0.973437 0.031250
10 0.293750 0.000000 0.332813 0.029167 0.304688 0.097917 0.353125 0.122917 0.382812 0.275000 0.346875 0.320833 0.379688 0.366667 0.478125 0.387500 0.509375 0.341667 0.559375 0.370833 0.621875 0.325000 0.704688 0.331250 0.692187 0.397917 0.732812 0.360417 0.745313 0.195833 0.685937 0.156250 0.762500 0.141667 0.754687 0.000000
10 0.225000 0.000000 0.226562 0.006250 0.239063 0.008333 0.253125 0.031250 0.257812 0.031250 0.264062 0.016667 0.271875 0.018750 0.279687 0.029167 0.285938 0.025000 0.287500 0.000000
10 0.100000 0.000000 0.151562 0.060417 0.148438 0.041667 0.157812 0.039583 0.173437 0.062500 0.175000 0.050000 0.192188 0.039583 0.189062 0.012500 0.195312 0.008333 0.204687 0.018750 0.203125 0.004167 0.207813 0.002083
10 0.007812 0.000000 0.014063 0.008333 0.021875 0.008333 0.031250 0.018750 0.031250 0.027083 0.026562 0.035417 0.029687 0.043750 0.037500 0.043750 0.035937 0.039583 0.040625 0.029167 0.039062 0.020833 0.043750 0.010417 0.048438 0.008333 0.065625 0.025000 0.070312 0.016667 0.070312 0.000000
11 0.415625 0.416667 0.410938 0.416667 0.407813 0.420833 0.404687 0.435417 0.404687 0.445833 0.400000 0.456250 0.400000 0.462500 0.404687 0.466667 0.406250 0.472917 0.409375 0.472917 0.412500 0.466667 0.418750 0.466667 0.417187 0.462500 0.418750 0.427083