0 0.000000 0.487500 0.000000 0.997917 0.887500 0.997917 0.310937 0.358333 0.051562 0.427083
2 0.310937 0.258333 0.310937 0.260417 0.318750 0.264583 0.323437 0.277083 0.334375 0.279167 0.342187 0.285417 0.357812 0.287500 0.354687 0.281250 0.350000 0.281250 0.345313 0.275000 0.339062 0.275000 0.337500 0.270833 0.331250 0.268750 0.329688 0.264583 0.326562 0.268750 0.325000 0.264583 0.318750 0.262500 0.317188 0.258333
3 0.145313 0.000000 0.139063 0.058333 0.151562 0.079167 0.178125 0.087500 0.250000 0.206250 0.237500 0.322917 0.275000 0.314583 0.290625 0.325000 0.292187 0.254167 0.168750 0.014583
4 0.998437 0.631250 0.984375 0.635417 0.982812 0.639583 0.984375 0.643750 0.984375 0.660417 0.989062 0.662500 0.995313 0.670833 0.995313 0.675000 0.993750 0.677083 0.992188 0.675000 0.990625 0.683333 0.996875 0.683333 0.998437 0.681250
4 0.629687 0.447917 0.632812 0.502083 0.787500 0.587500 0.921875 0.527083 0.917188 0.633333 0.946875 0.604167 0.959375 0.547917 0.979688 0.572917 0.975000 0.604167 0.998437 0.618750 0.998437 0.497917 0.665625 0.410417
4 0.371875 0.302083 0.375000 0.314583 0.407813 0.320833 0.417187 0.329167 0.423438 0.314583 0.425000 0.329167 0.435937 0.329167 0.448437 0.343750 0.446875 0.368750 0.454688 0.391667 0.464062 0.325000
4 0.334375 0.281250 0.321875 0.279167 0.318750 0.291667 0.318750 0.300000 0.315625 0.302083 0.315625 0.308333 0.312500 0.312500 0.312500 0.320833 0.315625 0.325000 0.321875 0.325000 0.321875 0.322917 0.326562 0.318750 0.329688 0.312500 0.329688 0.302083 0.332813 0.300000 0.335938 0.293750 0.339062 0.293750 0.342187 0.287500
5 0.425000 0.312500 0.420312 0.327083 0.420312 0.337500 0.414062 0.345833 0.417187 0.352083 0.414062 0.370833 0.410938 0.375000 0.412500 0.379167 0.409375 0.381250 0.406250 0.410417 0.410938 0.404167 0.420312 0.354167 0.428125 0.352083 0.420312 0.345833
8 0.807813 0.581250 0.810937 0.602083 0.998437 0.704167 0.981250 0.641667 0.998437 0.620833 0.973437 0.604167 0.978125 0.572917 0.962500 0.550000 0.948438 0.604167 0.923438 0.635417 0.912500 0.627083 0.907813 0.568750 0.921875 0.529167
8 0.423438 0.331250 0.421875 0.345833 0.429688 0.352083 0.426563 0.356250 0.421875 0.354167 0.412500 0.402083 0.451562 0.404167 0.451562 0.389583 0.445312 0.368750 0.446875 0.343750 0.435937 0.331250
8 0.343750 0.287500 0.331250 0.302083 0.323437 0.329167 0.335938 0.331250 0.339062 0.352083 0.370312 0.387500 0.404687 0.402083 0.415625 0.352083 0.412500 0.345833 0.418750 0.331250 0.407813 0.322917 0.375000 0.316667 0.371875 0.295833
8 0.296875 0.233333 0.289062 0.245833 0.295312 0.258333 0.296875 0.268750 0.295312 0.308333 0.310937 0.314583 0.314063 0.302083 0.317188 0.300000 0.321875 0.275000 0.317188 0.264583 0.310937 0.266667 0.306250 0.262500 0.301563 0.233333
8 0.381250 0.300000 0.620313 0.495833 0.662500 0.408333 0.998437 0.495833 0.970313 0.229167 0.696875 0.393750 0.693750 0.339583 0.775000 0.318750 0.696875 0.268750 0.782813 0.227083 0.728125 0.200000 0.767188 0.154167 0.723437 0.104167 0.754687 0.000000 0.690625 0.079167 0.660937 0.031250 0.620313 0.202083 0.573438 0.189583 0.607812 0.289583
8 0.150000 0.000000 0.170313 0.014583 0.267188 0.204167 0.303125 0.175000 0.298438 0.050000 0.282813 0.043750 0.273438 0.010417 0.262500 0.018750 0.257812 0.000000
8 0.000000 0.000000 0.000000 0.485417 0.051562 0.425000 0.217188 0.408333 0.215625 0.385417 0.253125 0.360417 0.254688 0.325000 0.235937 0.322917 0.248438 0.206250 0.137500 0.058333 0.143750 0.000000
9 0.335938 0.333333 0.331250 0.370833 0.882812 0.993750 0.998437 0.997917 0.996875 0.704167 0.482812 0.416667 0.406250 0.412500
9 0.325000 0.331250 0.315625 0.327083 0.306250 0.312500 0.295312 0.310417 0.290625 0.327083 0.284375 0.327083 0.275000 0.316667 0.253125 0.320833 0.256250 0.337500 0.250000 0.343750 0.248438 0.354167 0.254688 0.358333 0.253125 0.362500 0.290625 0.352083 0.303125 0.352083 0.317188 0.360417 0.318750 0.343750
10 0.998437 0.000000 0.756250 0.000000 0.725000 0.104167 0.751563 0.093750 0.768750 0.154167 0.729688 0.200000 0.784375 0.227083 0.698438 0.268750 0.776563 0.318750 0.693750 0.341667 0.698438 0.393750 0.843750 0.339583 0.851562 0.293750 0.914062 0.229167 0.998437 0.245833
10 0.268750 0.204167 0.373437 0.297917 0.425000 0.268750 0.471875 0.304167 0.607812 0.287500 0.571875 0.189583 0.618750 0.202083 0.623437 0.091667 0.660937 0.029167 0.690625 0.077083 0.746875 0.000000 0.259375 0.000000 0.300000 0.050000 0.304688 0.175000
18 0.331250 0.331250 0.326562 0.331250 0.320312 0.343750 0.320312 0.350000 0.318750 0.352083 0.318750 0.370833 0.323437 0.375000 0.325000 0.375000 0.329688 0.366667 0.329688 0.362500 0.334375 0.352083 0.334375 0.343750 0.335938 0.341667 0.335938 0.337500 0.334375 0.333333