0 0.609375 0.997917 0.451562 0.545833 0.489063 0.520833 0.335938 0.479167 0.278125 0.525000 0.265625 0.497917 0.000000 0.545833 0.000000 0.997917
2 0.514062 0.383333 0.506250 0.383333 0.490625 0.389583 0.457813 0.389583 0.456250 0.393750 0.448437 0.393750 0.453125 0.397917 0.479687 0.393750 0.514062 0.395833
2 0.579688 0.368750 0.556250 0.370833 0.539062 0.375000 0.537500 0.379167 0.525000 0.379167 0.523438 0.393750 0.531250 0.391667 0.537500 0.385417 0.540625 0.385417 0.542188 0.391667 0.545312 0.377083 0.551562 0.379167 0.556250 0.387500 0.564063 0.387500 0.571875 0.377083 0.579688 0.377083
3 0.998437 0.439583 0.996875 0.441667 0.993750 0.441667 0.989062 0.447917 0.982812 0.445833 0.981250 0.450000 0.981250 0.454167 0.982812 0.456250 0.979688 0.464583 0.982812 0.466667 0.992188 0.466667 0.993750 0.468750 0.996875 0.468750 0.998437 0.466667
3 0.287500 0.404167 0.289062 0.462500 0.296875 0.458333 0.320312 0.460417 0.323437 0.454167 0.325000 0.422917 0.314063 0.410417 0.304688 0.410417 0.303125 0.406250
3 0.578125 0.377083 0.571875 0.379167 0.562500 0.389583 0.560937 0.400000 0.562500 0.402083 0.560937 0.404167 0.562500 0.414583 0.565625 0.422917 0.565625 0.439583 0.568750 0.445833 0.575000 0.437500 0.576562 0.395833 0.579688 0.381250
3 0.000000 0.087500 0.000000 0.502083 0.246875 0.466667 0.278125 0.320833
4 0.979688 0.466667 0.979688 0.475000 0.981250 0.477083 0.981250 0.497917 0.984375 0.497917 0.985938 0.502083 0.989062 0.502083 0.995313 0.512500 0.998437 0.512500 0.998437 0.468750 0.993750 0.470833 0.992188 0.468750 0.982812 0.468750
4 0.282813 0.331250 0.279687 0.354167 0.276562 0.356250 0.276562 0.372917 0.279687 0.377083 0.281250 0.395833 0.289062 0.404167 0.303125 0.404167 0.304688 0.408333 0.314063 0.408333 0.318750 0.412500 0.321875 0.362500 0.301563 0.350000
5 0.584375 0.366667 0.581250 0.368750 0.573438 0.454167 0.576562 0.491667 0.584375 0.408333
5 0.537500 0.156250 0.515625 0.162500 0.531250 0.183333 0.503125 0.564583 0.517188 0.506250 0.535937 0.193750 0.556250 0.177083
8 0.540625 0.387500 0.521875 0.397917 0.521875 0.410417 0.534375 0.412500 0.535937 0.418750 0.523438 0.420833 0.517188 0.508333 0.542188 0.506250 0.575000 0.491667 0.573438 0.458333 0.564063 0.439583 0.560937 0.408333 0.550000 0.402083
8 0.342187 0.354167 0.339062 0.404167 0.371875 0.412500 0.390625 0.464583 0.504687 0.512500 0.514062 0.397917 0.453125 0.400000 0.431250 0.366667 0.421875 0.383333 0.417187 0.362500 0.393750 0.406250 0.379688 0.356250 0.367188 0.404167 0.357812 0.406250
8 0.517188 0.350000 0.514062 0.350000 0.506250 0.356250 0.498437 0.354167 0.482812 0.375000 0.482812 0.381250 0.479687 0.387500 0.490625 0.387500 0.506250 0.381250 0.514062 0.381250 0.517188 0.364583
8 0.526563 0.343750 0.525000 0.377083 0.537500 0.377083 0.539062 0.372917 0.545312 0.372917 0.540625 0.362500 0.540625 0.354167 0.537500 0.350000 0.537500 0.347917 0.528125 0.345833
8 0.292187 0.339583 0.323437 0.362500 0.321875 0.402083 0.332813 0.404167 0.335938 0.393750 0.334375 0.379167 0.337500 0.377083 0.335938 0.347917 0.325000 0.341667 0.315625 0.343750 0.310937 0.337500
8 0.578125 0.352083 0.578125 0.491667 0.793750 0.520833 0.801562 0.477083 0.800000 0.522917 0.998437 0.562500 0.978125 0.475000 0.998437 0.337500 0.876563 0.383333 0.865625 0.316667 0.829688 0.297917 0.751563 0.379167 0.754687 0.289583 0.617188 0.304167
8 0.054688 0.000000 0.060937 0.075000 0.028125 0.045833 0.051562 0.129167 0.201563 0.256250 0.204687 0.216667 0.185938 0.197917 0.215625 0.183333 0.212500 0.150000 0.246875 0.120833 0.246875 0.085417 0.232813 0.077083 0.237500 0.025000 0.209375 0.035417 0.217188 0.000000 0.084375 0.000000 0.081250 0.014583
9 0.246875 0.468750 0.210938 0.462500 0.190625 0.479167 0.160938 0.477083 0.081250 0.504167 0.028125 0.510417 0.007812 0.500000 0.000000 0.504167 0.000000 0.543750 0.248438 0.502083
9 0.289062 0.464583 0.490625 0.520833 0.453125 0.545833 0.610938 0.997917 0.998437 0.997917 0.998437 0.564583 0.573438 0.493750 0.517188 0.510417 0.503125 0.566667 0.504687 0.514583 0.390625 0.466667 0.365625 0.410417 0.334375 0.456250 0.320312 0.404167 0.321875 0.460417
10 0.210938 0.020833 0.250000 0.104167 0.187500 0.197917 0.203125 0.258333 0.357812 0.404167 0.379688 0.354167 0.456250 0.391667 0.517188 0.347917 0.525000 0.154167 0.557813 0.168750 0.545312 0.370833 0.756250 0.289583 0.751563 0.377083 0.829688 0.295833 0.876563 0.381250 0.998437 0.335417 0.998437 0.000000
10 0.000000 0.000000 0.001563 0.089583 0.050000 0.127083 0.048438 0.108333 0.029687 0.081250 0.026562 0.045833 0.032813 0.041667 0.042188 0.064583 0.059375 0.075000 0.048438 0.029167 0.053125 0.000000
11 0.275000 0.372917 0.268750 0.375000 0.268750 0.389583 0.259375 0.397917 0.253125 0.422917 0.248438 0.485417 0.256250 0.510417 0.250000 0.522917 0.264062 0.522917 0.265625 0.481250 0.275000 0.522917 0.281250 0.518750 0.281250 0.504167 0.295312 0.495833 0.287500 0.466667 0.285938 0.402083