0 0.000000 0.612500 0.000000 0.997917 0.756250 0.997917 0.564063 0.616667 0.643750 0.554167 0.359375 0.495833
3 0.242188 0.314583 0.240625 0.331250 0.235937 0.335417 0.235937 0.350000 0.234375 0.352083 0.239063 0.356250 0.240625 0.347917 0.242188 0.350000 0.242188 0.360417 0.248438 0.362500 0.251563 0.358333 0.250000 0.352083 0.251563 0.343750 0.254688 0.341667 0.256250 0.327083 0.254688 0.320833 0.248438 0.312500
3 0.712500 0.439583 0.720313 0.302083 0.601562 0.354167 0.693750 0.352083 0.695312 0.370833 0.681250 0.370833 0.690625 0.391667 0.687500 0.402083
3 0.000000 0.037500 0.000000 0.531250 0.103125 0.495833 0.225000 0.516667 0.245312 0.483333 0.334375 0.475000 0.326562 0.395833 0.164062 0.366667 0.159375 0.306250 0.168750 0.345833 0.184375 0.291667 0.162500 0.283333 0.181250 0.277083 0.162500 0.272917 0.171875 0.187500
4 0.164062 0.191667 0.164062 0.272917 0.170313 0.256250 0.182812 0.275000 0.164062 0.283333 0.185938 0.291667 0.176563 0.295833 0.168750 0.347917 0.160938 0.306250 0.164062 0.364583 0.246875 0.368750 0.326562 0.393750 0.323437 0.310417
5 0.668750 0.368750 0.664062 0.368750 0.667188 0.375000 0.656250 0.529167 0.657813 0.560417
5 0.367188 0.310417 0.367188 0.325000 0.373437 0.331250 0.368750 0.483333 0.373437 0.335417 0.381250 0.325000 0.381250 0.312500
5 0.728125 0.300000 0.721875 0.302083 0.715625 0.535417 0.728125 0.370833
7 0.645312 0.354167 0.645312 0.362500 0.651563 0.366667 0.676562 0.366667 0.678125 0.370833 0.679688 0.368750 0.693750 0.370833 0.695312 0.366667 0.693750 0.354167 0.676562 0.354167 0.675000 0.352083 0.668750 0.354167 0.646875 0.352083
8 0.331250 0.335417 0.328125 0.402083 0.339062 0.414583 0.346875 0.408333 0.350000 0.412500 0.368750 0.410417 0.370312 0.347917 0.357812 0.354167 0.345313 0.337500
8 0.657813 0.527083 0.665625 0.372917 0.601562 0.358333 0.625000 0.339583 0.615625 0.318750 0.535937 0.368750 0.500000 0.329167 0.490625 0.354167 0.482812 0.327083 0.456250 0.379167 0.437500 0.362500 0.426563 0.412500 0.404687 0.358333 0.375000 0.352083 0.375000 0.412500 0.432812 0.416667 0.448437 0.470833 0.584375 0.525000
8 0.742188 0.229167 0.675000 0.310417 0.732812 0.302083 0.718750 0.535417 0.676562 0.368750 0.664062 0.510417 0.764062 0.529167 0.773438 0.435417 0.721875 0.639583 0.864062 0.820833 0.820312 0.808333 0.810937 0.956250 0.998437 0.997917 0.998437 0.243750 0.906250 0.316667 0.926562 0.191667
8 0.000000 0.000000 0.000000 0.035417 0.129688 0.141667 0.135937 0.120833 0.126562 0.072917 0.114062 0.079167 0.107813 0.043750 0.089063 0.066667 0.084375 0.060417 0.087500 0.000000
9 0.565625 0.587500 0.585938 0.677083 0.757812 0.997917 0.914062 0.997917 0.809375 0.956250 0.834375 0.862500 0.818750 0.808333 0.862500 0.820833 0.803125 0.760417 0.825000 0.739583 0.742188 0.702083 0.723437 0.589583 0.767188 0.529167
9 0.654687 0.529167 0.456250 0.477083 0.420312 0.414583 0.373437 0.414583 0.368750 0.485417 0.362500 0.412500 0.353125 0.445833 0.339062 0.416667 0.334375 0.477083 0.245312 0.485417 0.225000 0.518750 0.103125 0.497917 0.001563 0.531250 0.000000 0.610417 0.359375 0.491667
10 0.089063 0.000000 0.160938 0.179167 0.357812 0.352083 0.381250 0.310417 0.425000 0.410417 0.482812 0.325000 0.629687 0.337500 0.785937 0.206250 0.926562 0.189583 0.906250 0.314583 0.998437 0.241667 0.998437 0.000000
11 0.678125 0.481250 0.668750 0.495833 0.667188 0.508333 0.662500 0.516667 0.662500 0.537500 0.659375 0.550000 0.648438 0.554167 0.651563 0.560417 0.656250 0.560417 0.659375 0.550000 0.660937 0.560417 0.671875 0.552083 0.684375 0.550000 0.684375 0.520833 0.681250 0.514583 0.684375 0.493750
11 0.346875 0.410417 0.343750 0.412500 0.342187 0.416667 0.342187 0.422917 0.340625 0.425000 0.342187 0.427083 0.342187 0.443750 0.345313 0.443750 0.346875 0.441667 0.348438 0.443750 0.353125 0.443750 0.354687 0.425000 0.353125 0.422917 0.353125 0.418750