0 0.504687 0.527083 0.340625 0.479167 0.260937 0.535417 0.214062 0.508333 0.001563 0.545833 0.000000 0.997917 0.595313 0.997917 0.459375 0.547917
3 0.279687 0.400000 0.281250 0.460417 0.284375 0.470833 0.290625 0.470833 0.300000 0.460417 0.320312 0.460417 0.321875 0.464583 0.328125 0.460417 0.329688 0.418750 0.325000 0.412500 0.304688 0.404167
3 0.590625 0.395833 0.589063 0.395833 0.585938 0.404167 0.581250 0.404167 0.579688 0.408333 0.581250 0.412500 0.579688 0.416667 0.581250 0.420833 0.578125 0.431250 0.578125 0.439583 0.581250 0.447917 0.587500 0.445833 0.587500 0.433333 0.589063 0.431250 0.589063 0.418750 0.590625 0.416667 0.590625 0.404167 0.592187 0.402083 0.592187 0.397917
3 0.000000 0.079167 0.000000 0.502083 0.021875 0.481250 0.228125 0.464583 0.259375 0.358333 0.276562 0.393750 0.284375 0.322917
4 0.592187 0.370833 0.584375 0.375000 0.543750 0.375000 0.542188 0.387500 0.553125 0.387500 0.560937 0.395833 0.562500 0.402083 0.568750 0.400000 0.576562 0.410417 0.578125 0.429167 0.579688 0.404167 0.585938 0.402083 0.589063 0.393750 0.592187 0.395833
4 0.285938 0.327083 0.281250 0.337500 0.278125 0.397917 0.304688 0.402083 0.325000 0.410417 0.328125 0.360417 0.300000 0.343750 0.298438 0.335417
5 0.598437 0.364583 0.593750 0.368750 0.593750 0.402083 0.589063 0.433333 0.589063 0.497917 0.600000 0.393750
5 0.559375 0.120833 0.534375 0.125000 0.550000 0.152083 0.518750 0.579167 0.557813 0.156250 0.579688 0.143750
8 0.542188 0.389583 0.539062 0.412500 0.545312 0.414583 0.539062 0.416667 0.531250 0.512500 0.585938 0.500000 0.587500 0.458333 0.576562 0.439583 0.568750 0.402083 0.562500 0.404167 0.553125 0.389583
8 0.306250 0.341667 0.329688 0.360417 0.328125 0.402083 0.342187 0.404167 0.348438 0.358333 0.346875 0.404167 0.381250 0.412500 0.393750 0.464583 0.520312 0.514583 0.529687 0.402083 0.493750 0.391667 0.531250 0.381250 0.534375 0.343750 0.507812 0.354167 0.490625 0.393750 0.460938 0.395833 0.440625 0.362500 0.432812 0.381250 0.428125 0.358333 0.404687 0.400000 0.389062 0.356250 0.368750 0.406250 0.351562 0.347917
8 0.589063 0.354167 0.592187 0.495833 0.818750 0.525000 0.831250 0.468750 0.826562 0.527083 0.998437 0.562500 0.998437 0.360417 0.906250 0.383333 0.895312 0.316667 0.854688 0.291667 0.770312 0.379167 0.775000 0.287500 0.631250 0.300000
8 0.012500 0.010417 0.034375 0.106250 0.207813 0.252083 0.206250 0.197917 0.189062 0.195833 0.190625 0.175000 0.212500 0.166667 0.209375 0.129167 0.243750 0.095833 0.243750 0.060417 0.228125 0.047917 0.232813 0.000000 0.034375 0.000000 0.042188 0.045833
9 0.228125 0.466667 0.207813 0.458333 0.123438 0.489583 0.092188 0.479167 0.021875 0.483333 0.000000 0.504167 0.000000 0.545833 0.225000 0.506250
9 0.284375 0.472917 0.506250 0.527083 0.460938 0.547917 0.593750 0.995833 0.998437 0.997917 0.998437 0.564583 0.643750 0.495833 0.531250 0.514583 0.518750 0.581250 0.520312 0.516667 0.393750 0.466667 0.381250 0.414583 0.342187 0.450000 0.326562 0.404167 0.329688 0.460417
10 0.192188 0.175000 0.368750 0.404167 0.535937 0.339583 0.542188 0.118750 0.581250 0.133333 0.556250 0.370833 0.776563 0.287500 0.770312 0.377083 0.854688 0.289583 0.906250 0.381250 0.998437 0.358333 0.998437 0.000000 0.234375 0.000000 0.245312 0.095833
10 0.000000 0.000000 0.000000 0.077083 0.031250 0.102083 0.029687 0.083333 0.012500 0.054167 0.009375 0.014583 0.014063 0.008333 0.023438 0.033333 0.034375 0.043750 0.042188 0.043750 0.040625 0.022917 0.032813 0.000000
11 0.265625 0.360417 0.256250 0.364583 0.256250 0.379167 0.242188 0.397917 0.225000 0.493750 0.226562 0.506250 0.248438 0.508333 0.242188 0.529167 0.260937 0.533333 0.265625 0.506250 0.287500 0.500000 0.279687 0.460417 0.278125 0.400000 0.267188 0.383333