0 0.725000 0.504167 0.546875 0.531250 0.495312 0.587500 0.445312 0.560417 0.420312 0.608333 0.370312 0.564583 0.000000 0.612500 0.000000 0.997917 0.614062 0.997917 0.598437 0.700000 0.726562 0.575000
0 0.942187 0.472917 0.914062 0.437500 0.771875 0.454167 0.751563 0.491667 0.753125 0.531250 0.760938 0.554167 0.775000 0.564583 0.790625 0.550000 0.942187 0.512500
1 0.395313 0.552083 0.000000 0.610417 0.370312 0.562500 0.389062 0.585417
1 0.450000 0.541667 0.445312 0.541667 0.443750 0.545833 0.437500 0.545833 0.437500 0.577083 0.434375 0.583333 0.429688 0.585417 0.428125 0.597917 0.429688 0.591667 0.437500 0.581250 0.439063 0.570833 0.445312 0.558333 0.450000 0.560417 0.454688 0.570833
1 0.579688 0.520833 0.532813 0.531250 0.518750 0.531250 0.526563 0.550000 0.529687 0.543750 0.532813 0.543750 0.534375 0.539583 0.546875 0.529167 0.560937 0.529167
1 0.660937 0.504167 0.725000 0.502083 0.729688 0.525000 0.729688 0.570833 0.725000 0.579167 0.731250 0.579167 0.729688 0.489583
1 0.982812 0.456250 0.979688 0.458333 0.979688 0.464583 0.976562 0.466667 0.976562 0.487500 0.971875 0.497917 0.982812 0.495833 0.984375 0.491667 0.996875 0.491667 0.998437 0.487500 0.998437 0.483333 0.992188 0.483333 0.989062 0.477083 0.989062 0.462500
1 0.943750 0.447917 0.928125 0.425000 0.743750 0.439583 0.753125 0.472917 0.750000 0.570833 0.773438 0.564583 0.756250 0.547917 0.750000 0.506250 0.771875 0.452083 0.914062 0.435417 0.943750 0.472917 0.939063 0.508333 0.948438 0.512500
3 0.607812 0.093750 0.440625 0.235417 0.476562 0.220833 0.495312 0.195833 0.521875 0.235417 0.529687 0.220833 0.534375 0.241667 0.545312 0.235417 0.553125 0.279167 0.592187 0.304167 0.593750 0.329167 0.620313 0.341667
5 0.693750 0.322917 0.698438 0.452083 0.703125 0.481250 0.696875 0.322917
5 0.710938 0.000000 0.745313 0.637500 0.728125 0.070833
7 0.721875 0.029167 0.725000 0.031250 0.731250 0.027083 0.735938 0.018750 0.740625 0.016667 0.740625 0.014583 0.753125 0.002083 0.753125 0.000000 0.721875 0.000000
8 0.712500 0.052083 0.534375 0.120833 0.609375 0.093750 0.620313 0.343750 0.495312 0.197917 0.298438 0.264583 0.225000 0.206250 0.137500 0.366667 0.029687 0.358333 0.000000 0.462500 0.404687 0.518750 0.431250 0.360417 0.457813 0.506250 0.484375 0.372917 0.514062 0.491667 0.696875 0.439583 0.693750 0.289583 0.728125 0.439583
8 0.998437 0.000000 0.896875 0.002083 0.881250 0.077083 0.835938 0.047917 0.757812 0.152083 0.728125 0.081250 0.743750 0.437500 0.929688 0.418750 0.957812 0.329167 0.985938 0.366667
9 0.457813 0.508333 0.460938 0.518750 0.460938 0.525000 0.464062 0.531250 0.464062 0.535417 0.467187 0.539583 0.470313 0.539583 0.471875 0.537500 0.481250 0.537500 0.482812 0.535417 0.482812 0.516667 0.481250 0.514583 0.481250 0.508333
9 0.998437 0.489583 0.750000 0.572917 0.745313 0.639583 0.732812 0.577083 0.617188 0.656250 0.592187 0.750000 0.615625 0.997917 0.998437 0.997917
9 0.000000 0.608333 0.395313 0.550000 0.404687 0.520833 0.146875 0.504167 0.123438 0.443750 0.014063 0.493750 0.000000 0.479167
9 0.729688 0.464583 0.704688 0.454167 0.701562 0.483333 0.695312 0.450000 0.656250 0.435417 0.598437 0.483333 0.512500 0.493750 0.510938 0.520833 0.532813 0.529167 0.729688 0.487500
9 0.928125 0.420833 0.776563 0.429167 0.746875 0.437500
10 0.745313 0.152083 0.762500 0.147917 0.800000 0.091667 0.815625 0.091667 0.835938 0.045833 0.867188 0.047917 0.881250 0.075000 0.879687 0.035417 0.900000 0.000000 0.754687 0.000000 0.726562 0.031250 0.731250 0.095833 0.750000 0.122917
10 0.000000 0.412500 0.032813 0.354167 0.137500 0.364583 0.195312 0.212500 0.296875 0.262500 0.307812 0.229167 0.435937 0.235417 0.565625 0.075000 0.626563 0.062500 0.639062 0.100000 0.700000 0.058333 0.709375 0.000000 0.000000 0.000000
11 0.007812 0.456250 0.004687 0.460417 0.003125 0.460417 0.001563 0.464583 0.000000 0.464583 0.000000 0.475000 0.001563 0.475000 0.003125 0.477083 0.003125 0.481250 0.006250 0.483333 0.007812 0.491667 0.014063 0.491667 0.014063 0.489583 0.017188 0.487500 0.017188 0.483333 0.020313 0.477083 0.020313 0.472917 0.017188 0.466667 0.017188 0.462500 0.015625 0.462500 0.010937 0.456250
11 0.484375 0.375000 0.476562 0.491667 0.484375 0.516667 0.481250 0.581250 0.495312 0.585417 0.501563 0.577083 0.501563 0.539583 0.520312 0.572917 0.528125 0.560417 0.509375 0.520833 0.515625 0.479167 0.496875 0.379167
11 0.431250 0.362500 0.418750 0.404167 0.417187 0.506250 0.390625 0.572917 0.406250 0.604167 0.425000 0.602083 0.435937 0.577083 0.435937 0.502083 0.451562 0.541667 0.456250 0.589583 0.473438 0.583333 0.446875 0.456250 0.446875 0.406250
11 0.957812 0.331250 0.937500 0.383333 0.929688 0.439583 0.945312 0.447917 0.945312 0.481250 0.954688 0.489583 0.954688 0.508333 0.970313 0.502083 0.981250 0.454167 0.990625 0.462500 0.992188 0.481250 0.998437 0.481250 0.998437 0.343750 0.985938 0.347917 0.982812 0.368750 0.970313 0.335417