0 0.000000 0.620833 0.000000 0.997917 0.771875 0.997917 0.600000 0.637500 0.692187 0.570833 0.337500 0.493750
3 0.751563 0.335417 0.740625 0.337500 0.737500 0.362500 0.717187 0.372917 0.718750 0.400000 0.737500 0.416667 0.737500 0.433333 0.746875 0.435417
3 0.759375 0.270833 0.701562 0.291667 0.609375 0.339583 0.651563 0.335417 0.671875 0.320833 0.681250 0.329167 0.685937 0.312500 0.745313 0.312500 0.751563 0.325000
3 0.006250 0.197917 0.023438 0.220833 0.000000 0.220833 0.000000 0.537500 0.139063 0.539583 0.162500 0.485417 0.228125 0.508333 0.307812 0.479167 0.285938 0.270833 0.089063 0.110417 0.167187 0.189583 0.068750 0.127083
4 0.000000 0.039583 0.000000 0.218750 0.021875 0.220833 0.004687 0.197917 0.032813 0.179167 0.040625 0.141667 0.068750 0.125000 0.101562 0.162500 0.165625 0.189583 0.145313 0.164583 0.120313 0.158333 0.081250 0.102083
5 0.814063 0.420833 0.809375 0.425000 0.804688 0.527083 0.806250 0.545833 0.809375 0.535417 0.809375 0.479167
5 0.717187 0.333333 0.712500 0.333333 0.703125 0.579167 0.707812 0.575000
5 0.351562 0.289583 0.359375 0.312500 0.356250 0.485417 0.360938 0.314583 0.370312 0.291667
5 0.762500 0.279167 0.757812 0.285417 0.757812 0.302083 0.750000 0.329167 0.753125 0.335417 0.748437 0.427083 0.751563 0.454167
7 0.682813 0.329167 0.729688 0.335417 0.729688 0.341667 0.717187 0.343750 0.715625 0.366667 0.720313 0.370833 0.737500 0.360417 0.737500 0.341667 0.740625 0.335417 0.748437 0.333333 0.750000 0.320833 0.745313 0.314583 0.685937 0.314583
8 0.342187 0.333333 0.328125 0.331250 0.318750 0.360417 0.296875 0.383333 0.298438 0.391667 0.310937 0.400000 0.312500 0.418750 0.329688 0.416667 0.335938 0.404167 0.340625 0.412500 0.356250 0.410417 0.357812 0.350000 0.350000 0.345833
8 0.703125 0.522917 0.709375 0.366667 0.673438 0.322917 0.609375 0.341667 0.631250 0.325000 0.606250 0.306250 0.537500 0.352083 0.504687 0.310417 0.490625 0.341667 0.482812 0.308333 0.454688 0.368750 0.440625 0.352083 0.426563 0.410417 0.404687 0.354167 0.362500 0.347917 0.362500 0.410417 0.434375 0.414583 0.448437 0.468750 0.646875 0.525000 0.687500 0.466667
8 0.956250 0.158333 0.764062 0.200000 0.685937 0.295833 0.764062 0.279167 0.710938 0.535417 0.803125 0.529167 0.815625 0.420833 0.820312 0.547917 0.700000 0.606250 0.834375 0.997917 0.998437 0.997917 0.998437 0.247917 0.937500 0.287500
8 0.000000 0.000000 0.000000 0.037500 0.039062 0.070833 0.045312 0.070833 0.045312 0.064583 0.054688 0.058333 0.056250 0.047917 0.059375 0.047917 0.056250 0.029167 0.045312 0.014583 0.042188 0.000000
9 0.878125 0.962500 0.878125 0.964583 0.890625 0.979167 0.890625 0.983333 0.896875 0.991667 0.900000 0.991667 0.901563 0.995833 0.903125 0.995833 0.904687 0.989583 0.907813 0.987500 0.906250 0.985417 0.907813 0.983333 0.907813 0.979167 0.906250 0.979167 0.901563 0.970833 0.896875 0.968750 0.892188 0.962500 0.889062 0.962500 0.887500 0.960417
9 0.604688 0.604167 0.625000 0.710417 0.773438 0.997917 0.832812 0.997917 0.765625 0.845833 0.775000 0.781250 0.698438 0.606250 0.729688 0.570833 0.818750 0.543750 0.773438 0.520833 0.709375 0.535417 0.723437 0.564583
9 0.656250 0.550000 0.448437 0.470833 0.425000 0.412500 0.360938 0.412500 0.356250 0.487500 0.350000 0.412500 0.346875 0.443750 0.310937 0.422917 0.306250 0.483333 0.228125 0.510417 0.162500 0.487500 0.139063 0.541667 0.000000 0.539583 0.000000 0.618750 0.337500 0.491667
10 0.043750 0.000000 0.046875 0.075000 0.300000 0.283333 0.298438 0.377083 0.364063 0.287500 0.426563 0.408333 0.482812 0.306250 0.637500 0.322917 0.834375 0.172917 0.956250 0.156250 0.948438 0.300000 0.998437 0.245833 0.998437 0.000000
11 0.692187 0.470833 0.685937 0.468750 0.679688 0.475000 0.675000 0.500000 0.648438 0.525000 0.646875 0.533333 0.657813 0.550000 0.654687 0.554167 0.657813 0.564583 0.665625 0.564583 0.678125 0.533333 0.682813 0.554167 0.675000 0.564583 0.687500 0.570833 0.700000 0.564583 0.693750 0.543750 0.693750 0.500000 0.698438 0.487500
11 0.335938 0.406250 0.331250 0.416667 0.332813 0.420833 0.332813 0.439583 0.335938 0.441667 0.337500 0.439583 0.337500 0.435417 0.340625 0.433333 0.342187 0.435417 0.342187 0.441667 0.346875 0.441667 0.348438 0.439583 0.348438 0.416667 0.346875 0.414583 0.343750 0.414583 0.342187 0.416667 0.339062 0.412500 0.337500 0.406250