0 0.746875 0.427083 0.396875 0.558333 0.373437 0.664583 0.367188 0.562500 0.295312 0.579167 0.278125 0.695833 0.267188 0.647917 0.195312 0.660417 0.196875 0.602083 0.000000 0.645833 0.000000 0.997917 0.575000 0.997917 0.584375 0.762500 0.645312 0.647917 0.754687 0.572917
0 0.776563 0.562500 0.989062 0.475000 0.998437 0.454167 0.960938 0.452083 0.962500 0.431250 0.942187 0.433333 0.934375 0.462500 0.914062 0.470833 0.910937 0.497917 0.878125 0.510417 0.865625 0.410417 0.775000 0.420833
1 0.703125 0.429167 0.632812 0.435417 0.634375 0.450000 0.664062 0.454167 0.654687 0.452083 0.650000 0.445833 0.660937 0.437500
3 0.518750 0.045833 0.367188 0.191667 0.403125 0.168750 0.432812 0.210417 0.443750 0.195833 0.448437 0.220833 0.462500 0.214583 0.468750 0.260417 0.514062 0.287500 0.510938 0.310417 0.542188 0.327083 0.528125 0.050000
5 0.620313 0.308333 0.632812 0.477083 0.625000 0.312500
5 0.728125 0.000000 0.760938 0.685417 0.779687 0.720833 0.748437 0.000000
8 0.356250 0.479167 0.354687 0.483333 0.354687 0.491667 0.351562 0.500000 0.351562 0.518750 0.354687 0.522917 0.354687 0.527083 0.357812 0.533333 0.357812 0.531250 0.359375 0.529167 0.362500 0.529167 0.362500 0.527083 0.360938 0.525000 0.359375 0.487500 0.357812 0.485417 0.357812 0.479167
8 0.731250 0.081250 0.653125 0.152083 0.628125 0.045833 0.529687 0.054167 0.543750 0.337500 0.403125 0.170833 0.143750 0.222917 0.046875 0.154167 0.046875 0.222917 0.007812 0.160417 0.000000 0.537500 0.223438 0.545833 0.257812 0.312500 0.300000 0.541667 0.362500 0.352083 0.396875 0.512500 0.626563 0.435417 0.621875 0.268750 0.632812 0.433333 0.746875 0.420833
8 0.800000 0.000000 0.785937 0.083333 0.750000 0.052083 0.768750 0.416667 0.865625 0.408333 0.885938 0.310417 0.906250 0.339583 0.928125 0.327083 0.948438 0.397917 0.968750 0.306250 0.992188 0.331250 0.998437 0.000000
9 0.000000 0.643750 0.196875 0.600000 0.220312 0.550000 0.000000 0.539583
9 0.368750 0.552083 0.362500 0.531250 0.359375 0.531250 0.357812 0.541667 0.350000 0.550000 0.346875 0.550000 0.342187 0.539583 0.314063 0.543750 0.295312 0.541667 0.290625 0.550000 0.290625 0.566667 0.295312 0.577083 0.368750 0.560417
9 0.998437 0.470833 0.776563 0.564583 0.779687 0.722917 0.754687 0.575000 0.632812 0.664583 0.578125 0.791667 0.576562 0.997917 0.998437 0.997917
9 0.678125 0.466667 0.634375 0.452083 0.631250 0.479167 0.626563 0.447917 0.581250 0.433333 0.528125 0.483333 0.398438 0.512500 0.390625 0.554167 0.637500 0.495833
10 0.750000 0.000000 0.751563 0.050000 0.757812 0.045833 0.767188 0.047917 0.773438 0.060417 0.776563 0.079167 0.785937 0.081250 0.781250 0.037500 0.790625 0.022917 0.793750 0.004167 0.798438 0.000000
10 0.000000 0.185417 0.012500 0.158333 0.050000 0.220833 0.057813 0.152083 0.076563 0.204167 0.143750 0.220833 0.159375 0.177083 0.348438 0.200000 0.518750 0.043750 0.553125 0.091667 0.628125 0.043750 0.673438 0.145833 0.728125 0.079167 0.728125 0.010417 0.000000 0.000000
11 0.362500 0.354167 0.350000 0.393750 0.340625 0.527083 0.346875 0.547917 0.356250 0.541667 0.357812 0.477083 0.370312 0.552083 0.360938 0.654167 0.373437 0.662500 0.409375 0.610417 0.389062 0.554167 0.395313 0.479167 0.415625 0.493750 0.376563 0.364583
11 0.257812 0.314583 0.240625 0.377083 0.245312 0.439583 0.232813 0.527083 0.203125 0.583333 0.190625 0.647917 0.209375 0.662500 0.267188 0.645833 0.265625 0.691667 0.278125 0.693750 0.306250 0.660417 0.289062 0.566667 0.306250 0.497917 0.282813 0.333333
11 0.892188 0.312500 0.881250 0.316667 0.870313 0.354167 0.867188 0.429167 0.873437 0.437500 0.878125 0.508333 0.892188 0.506250 0.893750 0.472917 0.896875 0.495833 0.907813 0.497917 0.912500 0.470833 0.932813 0.462500 0.942187 0.400000 0.940625 0.356250 0.926562 0.327083 0.914062 0.320833 0.906250 0.341667
11 0.975000 0.304167 0.956250 0.337500 0.957812 0.370833 0.945312 0.404167 0.945312 0.425000 0.960938 0.425000 0.960938 0.450000 0.975000 0.450000 0.987500 0.433333 0.990625 0.397917 0.992188 0.445833 0.998437 0.447917 0.998437 0.308333 0.992188 0.333333