0 0.000000 0.616667 0.000000 0.997917 0.723437 0.997917 0.620313 0.687500 0.653125 0.622917 0.739062 0.595833 0.740625 0.533333 0.567187 0.568750 0.559375 0.535417 0.073438 0.533333
0 0.751563 0.587500 0.992188 0.525000 0.998437 0.489583 0.787500 0.479167 0.839063 0.520833 0.751563 0.533333
2 0.171875 0.402083 0.160938 0.402083 0.157812 0.414583 0.148438 0.410417 0.151562 0.414583 0.145313 0.437500 0.137500 0.443750 0.126562 0.443750 0.126562 0.447917 0.137500 0.458333 0.173437 0.445833
2 0.681250 0.189583 0.617188 0.218750 0.539062 0.279167 0.554688 0.279167 0.596875 0.252083 0.604688 0.235417 0.612500 0.250000 0.620313 0.245833 0.635938 0.220833 0.653125 0.214583
3 0.132812 0.458333 0.123438 0.437500 0.029687 0.441667 0.010937 0.470833 0.125000 0.464583
3 0.701562 0.162500 0.656250 0.200000 0.682813 0.189583 0.620313 0.247917 0.604688 0.237500 0.578125 0.266667 0.604688 0.247917 0.626563 0.277083 0.635938 0.266667 0.640625 0.285417 0.650000 0.281250 0.654687 0.325000 0.690625 0.350000 0.685937 0.372917 0.707812 0.381250 0.712500 0.170833
5 0.785937 0.372917 0.781250 0.375000 0.784375 0.381250 0.784375 0.479167 0.781250 0.481250 0.784375 0.483333 0.784375 0.518750
5 0.157812 0.222917 0.148438 0.229167 0.167187 0.264583 0.181250 0.518750 0.170313 0.264583 0.184375 0.231250
7 0.690625 0.158333 0.787500 0.152083 0.748437 0.187500 0.750000 0.216667 0.820312 0.162500 0.823438 0.137500 0.817187 0.129167 0.800000 0.143750 0.795312 0.120833 0.693750 0.125000
8 0.003125 0.470833 0.029687 0.439583 0.137500 0.441667 0.146875 0.410417 0.167187 0.400000 0.148438 0.364583 0.115625 0.404167 0.096875 0.372917 0.093750 0.400000 0.073438 0.406250 0.000000 0.352083
8 0.739062 0.158333 0.710938 0.162500 0.712500 0.395833 0.606250 0.250000 0.446875 0.302083 0.389062 0.250000 0.329688 0.383333 0.203125 0.341667 0.179688 0.397917 0.564063 0.508333 0.571875 0.402083 0.596875 0.481250 0.620313 0.418750 0.628125 0.502083 0.715625 0.491667
8 0.787500 0.154167 0.750000 0.158333 0.750000 0.185417 0.754687 0.183333 0.759375 0.175000 0.768750 0.168750 0.771875 0.168750 0.773438 0.164583 0.779687 0.162500 0.781250 0.158333
8 0.684375 0.118750 0.679688 0.122917 0.682813 0.137500 0.671875 0.145833 0.665625 0.166667 0.657813 0.170833 0.650000 0.162500 0.646875 0.164583 0.651563 0.195833 0.701562 0.160417 0.689063 0.158333 0.692187 0.131250
8 0.759375 0.114583 0.754687 0.112500 0.750000 0.114583 0.746875 0.100000 0.726562 0.110417 0.714063 0.108333 0.710938 0.112500 0.709375 0.120833 0.718750 0.120833 0.720313 0.118750 0.729688 0.122917 0.732812 0.120833 0.759375 0.120833
8 0.782813 0.093750 0.765625 0.120833 0.825000 0.141667 0.750000 0.220833 0.756250 0.466667 0.782813 0.472917 0.785937 0.337500 0.787500 0.472917 0.998437 0.481250 0.998437 0.091667 0.887500 0.204167 0.857812 0.200000 0.853125 0.079167
9 0.998437 0.522917 0.671875 0.612500 0.632812 0.645833 0.640625 0.808333 0.725000 0.997917 0.998437 0.997917
9 0.585938 0.504167 0.585938 0.506250 0.589063 0.508333 0.589063 0.512500 0.592187 0.518750 0.592187 0.529167 0.593750 0.533333 0.610938 0.533333 0.607812 0.525000 0.606250 0.504167 0.604688 0.504167 0.603125 0.508333 0.600000 0.508333 0.598437 0.504167
9 0.787500 0.475000 0.839063 0.485417 0.959375 0.487500 0.862500 0.472917
9 0.564063 0.510417 0.398438 0.497917 0.315625 0.468750 0.309375 0.416667 0.246875 0.422917 0.209375 0.458333 0.181250 0.445833 0.181250 0.520833 0.173437 0.447917 0.003125 0.472917 0.000000 0.614583 0.035937 0.595833 0.057813 0.533333 0.560937 0.533333
9 0.740625 0.414583 0.718750 0.404167 0.721875 0.483333 0.715625 0.493750 0.687500 0.504167 0.628125 0.504167 0.628125 0.533333 0.740625 0.531250
9 0.750000 0.393750 0.751563 0.531250 0.837500 0.520833 0.832812 0.508333 0.787500 0.489583 0.782813 0.518750 0.782813 0.487500 0.776563 0.481250 0.782813 0.475000 0.764062 0.475000 0.751563 0.458333 0.760938 0.389583
10 0.000000 0.350000 0.171875 0.397917 0.160938 0.220833 0.179688 0.383333 0.318750 0.387500 0.364063 0.254167 0.537500 0.279167 0.681250 0.116667 0.839063 0.077083 0.887500 0.202083 0.998437 0.089583 0.998437 0.000000 0.000000 0.000000
11 0.187500 0.414583 0.182812 0.427083 0.182812 0.441667 0.189062 0.456250 0.189062 0.452083 0.190625 0.450000 0.192188 0.452083 0.192188 0.447917 0.195312 0.445833 0.195312 0.439583 0.196875 0.437500 0.193750 0.429167 0.193750 0.422917
11 0.571875 0.404167 0.554688 0.562500 0.567187 0.566667 0.582812 0.539583 0.581250 0.560417 0.596875 0.558333 0.582812 0.502083 0.587500 0.468750 0.600000 0.506250 0.607812 0.475000 0.612500 0.562500 0.621875 0.564583 0.631250 0.483333 0.623437 0.429167 0.609375 0.414583 0.596875 0.483333