0 0.015625 0.997917 0.998437 0.995833 0.800000 0.760417 0.857812 0.712500 0.845313 0.677083 0.479687 0.531250
1 0.631250 0.572917 0.845313 0.675000 0.859375 0.712500 0.834375 0.731250 0.925000 0.725000 0.985938 0.685417 0.920312 0.650000 0.912500 0.714583 0.901563 0.643750 0.860938 0.627083 0.814063 0.658333 0.704688 0.608333 0.689063 0.581250 0.673438 0.593750
2 0.678125 0.472917 0.678125 0.487500 0.679688 0.491667 0.690625 0.491667 0.692187 0.493750 0.689063 0.504167 0.690625 0.518750 0.703125 0.518750 0.704688 0.487500 0.695312 0.483333 0.687500 0.485417 0.681250 0.479167 0.681250 0.472917
2 0.998437 0.416667 0.967187 0.420833 0.975000 0.425000 0.973437 0.431250 0.917188 0.435417 0.917188 0.489583 0.951562 0.493750 0.959375 0.512500 0.960938 0.502083 0.984375 0.497917 0.989062 0.487500 0.979688 0.481250 0.979688 0.472917 0.998437 0.475000
2 0.998437 0.118750 0.789062 0.129167 0.515625 0.497917 0.484375 0.479167 0.478125 0.529167 0.560937 0.527083 0.528125 0.502083 0.543750 0.454167 0.625000 0.495833 0.623437 0.447917 0.670312 0.425000 0.676562 0.381250 0.678125 0.422917 0.760938 0.381250 0.770312 0.433333 0.778125 0.383333 0.896875 0.287500 0.901563 0.225000 0.912500 0.289583 0.998437 0.231250
3 0.196875 0.104167 0.189062 0.495833 0.295312 0.508333 0.310937 0.479167 0.323437 0.516667 0.375000 0.518750 0.381250 0.495833 0.393750 0.518750 0.400000 0.410417
3 0.000000 0.000000 0.000000 0.460417 0.162500 0.487500 0.179688 0.077083 0.137500 0.000000
4 0.321875 0.516667 0.314063 0.508333 0.314063 0.493750 0.310937 0.481250 0.304688 0.489583 0.301563 0.504167 0.298438 0.504167 0.295312 0.510417 0.284375 0.510417 0.314063 0.512500
5 0.678125 0.383333 0.673438 0.416667 0.676562 0.572917
5 0.901563 0.227083 0.906250 0.704167 0.920312 0.712500
5 0.198437 0.000000 0.182812 0.004167 0.159375 0.700000 0.184375 0.670833
8 0.989062 0.472917 0.979688 0.477083 0.990625 0.487500 0.984375 0.500000 0.960938 0.504167 0.960938 0.516667 0.971875 0.541667 0.971875 0.570833 0.964063 0.610417 0.975000 0.618750 0.979688 0.614583 0.978125 0.602083 0.985938 0.575000 0.981250 0.520833 0.985938 0.508333 0.998437 0.508333 0.998437 0.477083
8 0.570312 0.466667 0.568750 0.470833 0.568750 0.506250 0.576562 0.508333 0.581250 0.506250 0.582812 0.502083 0.585938 0.502083 0.589063 0.495833 0.592187 0.495833 0.593750 0.489583 0.585938 0.487500 0.584375 0.493750 0.582812 0.491667 0.582812 0.470833 0.576562 0.466667
8 0.540625 0.458333 0.537500 0.468750 0.537500 0.483333 0.531250 0.487500 0.529687 0.493750 0.531250 0.506250 0.537500 0.506250 0.539062 0.502083 0.545312 0.502083 0.546875 0.506250 0.551562 0.506250 0.553125 0.502083 0.554688 0.506250 0.556250 0.502083 0.557813 0.506250 0.560937 0.506250 0.560937 0.462500 0.553125 0.462500 0.548438 0.456250
8 0.671875 0.425000 0.654687 0.429167 0.650000 0.443750 0.645312 0.441667 0.639062 0.447917 0.632812 0.447917 0.631250 0.452083 0.625000 0.447917 0.620313 0.470833 0.625000 0.477083 0.626563 0.491667 0.634375 0.491667 0.635938 0.487500 0.653125 0.487500 0.654687 0.477083 0.667188 0.472917 0.665625 0.462500 0.671875 0.450000
8 0.445312 0.385417 0.435937 0.414583 0.404687 0.441667 0.398438 0.520833 0.464062 0.529167 0.467187 0.439583 0.468750 0.529167 0.476562 0.529167 0.473438 0.504167 0.487500 0.477083 0.489063 0.452083 0.462500 0.422917
8 0.896875 0.289583 0.778125 0.385417 0.770312 0.435417 0.756250 0.381250 0.678125 0.425000 0.678125 0.470833 0.742188 0.500000 0.737500 0.489583 0.782813 0.491667 0.785937 0.466667 0.789062 0.487500 0.842187 0.475000 0.853125 0.493750 0.853125 0.456250 0.871875 0.437500 0.898438 0.437500 0.900000 0.464583
8 0.998437 0.233333 0.910937 0.291667 0.915625 0.435417 0.973437 0.429167 0.965625 0.420833 0.998437 0.414583
8 0.707812 0.222917 0.662500 0.247917 0.642188 0.275000 0.639062 0.310417 0.595313 0.225000 0.584375 0.229167 0.550000 0.300000 0.537500 0.400000 0.553125 0.425000 0.543750 0.447917 0.639062 0.333333
8 0.732812 0.041667 0.765625 0.118750 0.740625 0.133333 0.756250 0.160417 0.820312 0.112500 0.998437 0.116667 0.998437 0.000000 0.768750 0.000000 0.784375 0.029167 0.775000 0.050000
9 0.800000 0.752083 0.998437 0.993750 0.998437 0.685417 0.937500 0.704167 0.925000 0.727083 0.850000 0.727083
9 0.576562 0.539583 0.576562 0.527083 0.570312 0.527083 0.567187 0.531250 0.565625 0.527083 0.554688 0.531250 0.498437 0.531250 0.532813 0.531250 0.542188 0.539583
9 0.000000 0.997917 0.478125 0.531250 0.189062 0.497917 0.182812 0.693750 0.159375 0.702083 0.162500 0.489583 0.000000 0.462500
10 0.196875 0.087500 0.401562 0.456250 0.446875 0.383333 0.515625 0.495833 0.582812 0.229167 0.639062 0.308333 0.754687 0.162500 0.734375 0.035417 0.782813 0.029167 0.767188 0.000000 0.200000 0.000000
10 0.139063 0.000000 0.143750 0.020833 0.181250 0.072917 0.182812 0.000000
18 0.917188 0.491667 0.920312 0.647917 0.940625 0.666667 0.998437 0.683333 0.992188 0.525000 0.998437 0.510417 0.982812 0.520833 0.987500 0.575000 0.975000 0.620833 0.962500 0.610417 0.970313 0.541667 0.954688 0.500000
18 0.904687 0.643750 0.898438 0.439583 0.854688 0.456250 0.856250 0.508333 0.842187 0.477083 0.759375 0.508333 0.707812 0.481250 0.690625 0.520833 0.678125 0.489583 0.676562 0.575000 0.660937 0.481250 0.578125 0.525000 0.592187 0.552083 0.673438 0.591667 0.689063 0.579167 0.814063 0.656250 0.860938 0.625000