0 0.000000 0.354167 0.000000 0.997917 0.771875 0.997917 0.428125 0.491667 0.379688 0.337500 0.300000 0.295833
4 0.407813 0.295833 0.409375 0.304167 0.412500 0.304167 0.414062 0.306250 0.418750 0.306250 0.420312 0.308333 0.426563 0.308333 0.428125 0.310417 0.434375 0.310417 0.435937 0.306250 0.435937 0.300000 0.434375 0.295833 0.431250 0.293750 0.431250 0.291667 0.421875 0.291667 0.420312 0.295833
4 0.362500 0.275000 0.350000 0.295833 0.342187 0.287500 0.345313 0.295833 0.342187 0.310417 0.364063 0.329167 0.381250 0.337500 0.387500 0.306250 0.381250 0.318750 0.376563 0.320833 0.364063 0.304167 0.364063 0.293750 0.375000 0.272917 0.376563 0.264583
4 0.195312 0.000000 0.203125 0.031250 0.201563 0.062500 0.189062 0.087500 0.196875 0.141667 0.214062 0.183333 0.248438 0.216667 0.257812 0.202083 0.270313 0.139583 0.245312 0.002083
5 0.310937 0.008333 0.318750 0.037500 0.259375 0.256250 0.318750 0.037500 0.334375 0.035417
8 0.309375 0.143750 0.298438 0.156250 0.290625 0.154167 0.287500 0.166667 0.301563 0.168750 0.310937 0.177083 0.323437 0.243750 0.329688 0.252083 0.332813 0.222917 0.328125 0.216667 0.329688 0.206250 0.325000 0.200000 0.325000 0.191667 0.315625 0.175000 0.317188 0.152083
8 0.282813 0.147917 0.276562 0.145833 0.275000 0.143750 0.271875 0.143750 0.271875 0.150000 0.268750 0.158333 0.268750 0.164583 0.265625 0.172917 0.265625 0.179167 0.275000 0.177083 0.278125 0.172917 0.279687 0.168750 0.279687 0.162500 0.284375 0.152083
8 0.998437 0.000000 0.501563 0.004167 0.510938 0.191667 0.473438 0.258333 0.456250 0.145833 0.365625 0.293750 0.400000 0.416667 0.462500 0.425000 0.543750 0.545833 0.625000 0.770833 0.745313 0.887500 0.768750 0.829167 0.706250 0.710417 0.781250 0.637500 0.890625 0.643750 0.920312 0.562500 0.998437 0.606250
8 0.000000 0.000000 0.000000 0.054167 0.137500 0.116667 0.204687 0.168750 0.187500 0.095833 0.201563 0.052083 0.193750 0.000000
9 0.406250 0.414583 0.773438 0.997917 0.998437 0.997917 0.998437 0.608333 0.920312 0.564583 0.890625 0.645833 0.781250 0.639583 0.706250 0.712500 0.770312 0.829167 0.745313 0.889583 0.623437 0.770833 0.485938 0.456250
9 0.000000 0.056250 0.000000 0.352083 0.300000 0.293750 0.340625 0.308333 0.306250 0.172917 0.285938 0.170833 0.259375 0.258333 0.278125 0.175000 0.245312 0.218750 0.137500 0.118750
10 0.245312 0.000000 0.281250 0.145833 0.309375 0.008333 0.335938 0.031250 0.292187 0.154167 0.318750 0.152083 0.343750 0.287500 0.385937 0.264583 0.395313 0.200000 0.451562 0.143750 0.473438 0.256250 0.492188 0.181250 0.509375 0.191667 0.520312 0.081250 0.493750 0.014583 0.518750 0.000000