0 0.051562 0.997917 0.981250 0.997917 0.787500 0.741667 0.878125 0.664583 0.540625 0.535417 0.448437 0.570833
1 0.907813 0.652083 0.909375 0.664583 0.906250 0.668750 0.909375 0.704167 0.910937 0.700000 0.925000 0.693750 0.954688 0.689583 0.967187 0.683333 0.935937 0.670833 0.926562 0.660417
1 0.573438 0.541667 0.820312 0.664583 0.864062 0.652083 0.879687 0.672917 0.846875 0.710417 0.901563 0.708333 0.890625 0.645833 0.856250 0.631250 0.810937 0.656250 0.748437 0.614583 0.714063 0.612500 0.693750 0.583333 0.682813 0.597917
2 0.685937 0.456250 0.685937 0.495833 0.690625 0.497917 0.700000 0.495833 0.701562 0.497917 0.700000 0.508333 0.703125 0.512500 0.706250 0.506250 0.709375 0.506250 0.709375 0.493750 0.712500 0.489583 0.704688 0.483333 0.695312 0.481250 0.689063 0.472917 0.689063 0.458333
2 0.676562 0.452083 0.675000 0.454167 0.670312 0.454167 0.668750 0.456250 0.668750 0.464583 0.671875 0.470833 0.671875 0.491667 0.675000 0.493750 0.679688 0.493750 0.679688 0.487500 0.681250 0.485417 0.681250 0.475000 0.678125 0.472917 0.678125 0.454167
2 0.935937 0.466667 0.968750 0.477083 0.968750 0.487500 0.964063 0.489583 0.960938 0.497917 0.998437 0.497917 0.998437 0.447917 0.950000 0.450000 0.951562 0.454167 0.946875 0.464583
2 0.998437 0.150000 0.762500 0.177083 0.529687 0.497917 0.500000 0.479167 0.489063 0.531250 0.570312 0.529167 0.537500 0.502083 0.554688 0.460417 0.634375 0.500000 0.625000 0.460417 0.676562 0.443750 0.682813 0.387500 0.689063 0.439583 0.760938 0.387500 0.778125 0.422917 0.885938 0.306250 0.890625 0.197917 0.898438 0.293750 0.998437 0.241667
3 0.240625 0.145833 0.232813 0.500000 0.409375 0.520833 0.412500 0.412500
3 0.000000 0.000000 0.000000 0.447917 0.209375 0.495833 0.225000 0.120833 0.143750 0.000000
5 0.684375 0.389583 0.679688 0.443750 0.682813 0.581250
5 0.890625 0.200000 0.892188 0.693750 0.906250 0.706250
5 0.243750 0.000000 0.229687 0.008333 0.206250 0.675000 0.223438 0.675000
8 0.581250 0.466667 0.576562 0.468750 0.576562 0.508333 0.578125 0.468750 0.579688 0.508333 0.589063 0.510417 0.592187 0.506250 0.592187 0.468750
8 0.904687 0.466667 0.906250 0.495833 0.951562 0.497917 0.954688 0.504167 0.951562 0.512500 0.960938 0.539583 0.965625 0.537500 0.973437 0.506250 0.998437 0.508333 0.998437 0.500000 0.960938 0.500000 0.959375 0.493750 0.968750 0.479167 0.934375 0.466667
8 0.554688 0.462500 0.548438 0.470833 0.548438 0.475000 0.540625 0.489583 0.540625 0.500000 0.539062 0.502083 0.540625 0.506250 0.571875 0.506250 0.571875 0.466667 0.570312 0.464583
8 0.679688 0.431250 0.676562 0.445833 0.673438 0.435417 0.665625 0.435417 0.659375 0.445833 0.656250 0.443750 0.642188 0.452083 0.639062 0.460417 0.637500 0.456250 0.626563 0.460417 0.626563 0.495833 0.650000 0.497917 0.670312 0.491667 0.667188 0.456250 0.678125 0.452083
8 0.457813 0.387500 0.448437 0.416667 0.414062 0.447917 0.410938 0.520833 0.476562 0.529167 0.479687 0.443750 0.479687 0.529167 0.487500 0.531250 0.498437 0.450000 0.470313 0.418750
8 0.887500 0.312500 0.803125 0.372917 0.778125 0.425000 0.760938 0.389583 0.714063 0.408333 0.689063 0.441667 0.685937 0.427083 0.690625 0.472917 0.748437 0.497917 0.837500 0.481250 0.842187 0.512500 0.856250 0.510417 0.856250 0.460417 0.889062 0.447917
8 0.998437 0.243750 0.900000 0.295833 0.904687 0.458333 0.920312 0.445833 0.998437 0.445833
8 0.718750 0.227083 0.675000 0.250000 0.654687 0.279167 0.650000 0.312500 0.600000 0.229167 0.562500 0.300000 0.546875 0.393750 0.564063 0.429167 0.573438 0.431250 0.642188 0.350000
8 0.740625 0.060417 0.770312 0.135417 0.746875 0.150000 0.762500 0.175000 0.815625 0.143750 0.998437 0.147917 0.998437 0.000000 0.781250 0.000000 0.784375 0.064583
9 0.789062 0.737500 0.945312 0.927083 0.982812 0.997917 0.998437 0.997917 0.998437 0.689583 0.826562 0.716667
9 0.587500 0.529167 0.581250 0.527083 0.578125 0.531250 0.518750 0.533333 0.540625 0.533333 0.548438 0.539583 0.585938 0.539583
9 0.000000 0.997917 0.050000 0.997917 0.128125 0.883333 0.490625 0.533333 0.232813 0.502083 0.206250 0.677083 0.209375 0.497917 0.000000 0.450000
10 0.240625 0.143750 0.414062 0.445833 0.459375 0.385417 0.526563 0.497917 0.571875 0.435417 0.545312 0.389583 0.595313 0.233333 0.650000 0.310417 0.760938 0.179167 0.739062 0.060417 0.785937 0.039583 0.779687 0.000000 0.245312 0.000000
10 0.145313 0.000000 0.171875 0.020833 0.178125 0.047917 0.225000 0.118750 0.229687 0.000000
18 0.904687 0.495833 0.907813 0.650000 0.968750 0.683333 0.998437 0.687500 0.998437 0.539583 0.981250 0.533333 0.998437 0.522917 0.998437 0.510417 0.973437 0.514583 0.960938 0.541667 0.946875 0.500000
18 0.904687 0.464583 0.907813 0.462500 0.925000 0.464583 0.926562 0.466667 0.943750 0.464583 0.946875 0.462500 0.950000 0.452083 0.948438 0.450000 0.935937 0.450000 0.934375 0.447917 0.920312 0.447917 0.915625 0.458333 0.910937 0.458333 0.909375 0.456250 0.904687 0.460417
18 0.892188 0.639583 0.889062 0.450000 0.857812 0.460417 0.845313 0.518750 0.837500 0.483333 0.764062 0.512500 0.685937 0.497917 0.682813 0.583333 0.679688 0.495833 0.598437 0.504167 0.587500 0.531250 0.810937 0.654167 0.856250 0.629167