0 0.000000 0.754167 0.000000 0.997917 0.998437 0.997917 0.998437 0.837500 0.857812 0.827083 0.814063 0.722917 0.760938 0.750000 0.748437 0.677083 0.556250 0.608333 0.454688 0.508333
1 0.770312 0.677083 0.770312 0.737500 0.757812 0.745833 0.773438 0.747917 0.779687 0.704167 0.814063 0.720833 0.829688 0.793750 0.857812 0.825000 0.887500 0.837500 0.939063 0.810417 0.998437 0.835417 0.939063 0.791667 0.898438 0.829167 0.862500 0.820833 0.834375 0.781250 0.828125 0.712500
1 0.706250 0.677083 0.720313 0.679167 0.735938 0.670833 0.748437 0.675000 0.753125 0.681250 0.754687 0.695833 0.751563 0.712500 0.754687 0.727083 0.756250 0.670833 0.742188 0.664583 0.737500 0.656250 0.723437 0.675000
1 0.537500 0.583333 0.556250 0.606250 0.570312 0.610417 0.581250 0.604167 0.643750 0.606250 0.684375 0.662500 0.648438 0.602083
2 0.518750 0.416667 0.500000 0.416667 0.498437 0.429167 0.492188 0.431250 0.492188 0.456250 0.485938 0.468750 0.476562 0.468750 0.468750 0.445833 0.453125 0.445833 0.431250 0.479167 0.435937 0.495833 0.440625 0.491667 0.445312 0.506250 0.457813 0.506250 0.467187 0.497917 0.478125 0.502083 0.484375 0.487500 0.509375 0.485417 0.500000 0.472917
2 0.998437 0.000000 0.820312 0.000000 0.717187 0.172917 0.617188 0.277083 0.565625 0.387500 0.721875 0.404167 0.773438 0.368750 0.781250 0.270833 0.784375 0.360417 0.921875 0.302083 0.998437 0.318750
3 0.000000 0.000000 0.000000 0.452083 0.009375 0.433333 0.020313 0.464583 0.157812 0.466667 0.195312 0.360417 0.229687 0.435417 0.209375 0.475000 0.262500 0.477083 0.279687 0.277083 0.068750 0.000000
4 0.579688 0.550000 0.600000 0.554167 0.604688 0.589583 0.620313 0.556250 0.651563 0.570833 0.665625 0.547917 0.659375 0.525000 0.690625 0.539583 0.678125 0.529167 0.687500 0.518750 0.729688 0.531250 0.735938 0.520833 0.728125 0.514583 0.737500 0.510417 0.584375 0.489583
4 0.459375 0.504167 0.528125 0.516667 0.529687 0.564583 0.535937 0.545833 0.576562 0.545833 0.579688 0.489583 0.498437 0.487500 0.484375 0.489583 0.478125 0.504167
5 0.396875 0.312500 0.392188 0.314583 0.396875 0.327083 0.384375 0.512500 0.396875 0.322917 0.403125 0.318750
5 0.781250 0.272917 0.754687 0.718750 0.764062 0.745833
8 0.590625 0.404167 0.584375 0.487500 0.585938 0.491667 0.604688 0.491667 0.600000 0.472917 0.596875 0.479167 0.595313 0.468750 0.598437 0.466667 0.596875 0.431250 0.601562 0.418750 0.600000 0.410417 0.595313 0.404167
8 0.771875 0.370833 0.712500 0.410417 0.639062 0.410417 0.637500 0.402083 0.634375 0.433333 0.621875 0.425000 0.615625 0.491667 0.767188 0.512500
8 0.195312 0.362500 0.179688 0.372917 0.176563 0.381250 0.179688 0.414583 0.171875 0.416667 0.171875 0.450000 0.157812 0.468750 0.162500 0.475000 0.204687 0.481250 0.210938 0.477083 0.209375 0.468750 0.220312 0.460417 0.228125 0.435417 0.212500 0.420833 0.212500 0.385417
8 0.540625 0.337500 0.535937 0.364583 0.528125 0.352083 0.531250 0.381250 0.520312 0.383333 0.521875 0.422917 0.501563 0.477083 0.518750 0.487500 0.578125 0.491667 0.584375 0.397917 0.565625 0.389583 0.565625 0.372917 0.550000 0.377083 0.553125 0.343750
8 0.784375 0.362500 0.778125 0.520833 0.793750 0.502083 0.825000 0.506250 0.832812 0.529167 0.985938 0.583333 0.998437 0.560417 0.998437 0.320833 0.973437 0.333333 0.921875 0.304167
8 0.457813 0.406250 0.398438 0.297917 0.337500 0.410417 0.279687 0.306250 0.271875 0.412500 0.339062 0.420833 0.289062 0.458333 0.300000 0.481250 0.381250 0.502083 0.392188 0.312500 0.404687 0.318750 0.389062 0.502083 0.428125 0.506250
8 0.760938 0.008333 0.742188 0.031250 0.740625 0.000000 0.596875 0.004167 0.537500 0.227083 0.557813 0.300000 0.590625 0.320833 0.643750 0.237500 0.715625 0.172917 0.778125 0.066667
9 0.870313 0.629167 0.870313 0.637500 0.871875 0.637500 0.873437 0.641667 0.876563 0.641667 0.878125 0.639583 0.884375 0.639583 0.885938 0.637500 0.890625 0.637500 0.896875 0.633333 0.895312 0.622917 0.893750 0.622917 0.892188 0.618750 0.889062 0.618750 0.887500 0.616667 0.873437 0.616667 0.873437 0.620833
9 0.837500 0.572917 0.832812 0.577083 0.835938 0.587500 0.835938 0.606250 0.839063 0.618750 0.842187 0.622917 0.843750 0.637500 0.843750 0.633333 0.846875 0.631250 0.850000 0.612500 0.848437 0.606250 0.850000 0.577083
9 0.609375 0.572917 0.606250 0.591667 0.643750 0.597917 0.650000 0.602083 0.650000 0.572917 0.637500 0.564583 0.629687 0.564583 0.623437 0.558333 0.620313 0.558333 0.620313 0.562500
9 0.600000 0.589583 0.598437 0.554167 0.595313 0.550000 0.537500 0.552083 0.529687 0.566667 0.528125 0.556250 0.523438 0.562500 0.526563 0.575000 0.534375 0.581250
9 0.829688 0.531250 0.828125 0.556250 0.851562 0.558333 0.857812 0.547917 0.871875 0.552083 0.873437 0.595833 0.907813 0.604167 0.914062 0.600000 0.912500 0.560417 0.915625 0.554167 0.910937 0.550000
9 0.456250 0.508333 0.475000 0.529167 0.496875 0.533333 0.507812 0.539583 0.528125 0.539583 0.528125 0.518750 0.484375 0.514583 0.481250 0.508333
9 0.431250 0.504167 0.296875 0.481250 0.287500 0.458333 0.337500 0.427083 0.273438 0.412500 0.265625 0.475000 0.000000 0.454167 0.000000 0.752083
10 0.617188 0.400000 0.612500 0.487500 0.617188 0.485417 0.620313 0.470833 0.620313 0.425000 0.625000 0.420833 0.632812 0.433333 0.631250 0.422917 0.634375 0.414583 0.631250 0.406250 0.635938 0.402083
10 0.593750 0.393750 0.590625 0.397917 0.590625 0.402083 0.595313 0.402083 0.601562 0.410417 0.603125 0.418750 0.601562 0.450000 0.603125 0.454167 0.607812 0.456250 0.607812 0.441667 0.610938 0.422917 0.610938 0.395833 0.595313 0.395833
10 0.740625 0.027083 0.745313 0.029167 0.751563 0.014583 0.760938 0.006250 0.765625 0.029167 0.771875 0.029167 0.779687 0.064583 0.818750 0.000000 0.742188 0.000000
10 0.070312 0.000000 0.281250 0.277083 0.334375 0.408333 0.398438 0.295833 0.485938 0.466667 0.526563 0.352083 0.553125 0.341667 0.556250 0.377083 0.587500 0.325000 0.535937 0.227083 0.598437 0.000000
18 0.764062 0.512500 0.731250 0.512500 0.737500 0.522917 0.729688 0.533333 0.687500 0.520833 0.679688 0.529167 0.690625 0.541667 0.659375 0.527083 0.667188 0.547917 0.653125 0.566667 0.651563 0.606250 0.693750 0.672917 0.723437 0.672917 0.737500 0.654167 0.757812 0.668750
18 0.776563 0.520833 0.771875 0.672917 0.829688 0.712500 0.846875 0.804167 0.892188 0.829167 0.939063 0.789583 0.998437 0.831250 0.998437 0.562500 0.979688 0.589583 0.920312 0.556250 0.910937 0.606250 0.875000 0.602083 0.868750 0.552083 0.825000 0.554167 0.828125 0.510417