0 0.000000 0.735417 0.000000 0.997917 0.998437 0.997917 0.998437 0.833333 0.881250 0.756250 0.810937 0.789583 0.751563 0.675000 0.701562 0.691667 0.673438 0.625000 0.654687 0.656250 0.443750 0.504167
1 0.515625 0.564583 0.526563 0.577083 0.534375 0.579167 0.560937 0.572917 0.565625 0.577083 0.600000 0.581250 0.603125 0.585417 0.600000 0.575000
2 0.506250 0.414583 0.490625 0.410417 0.487500 0.427083 0.479687 0.435417 0.478125 0.464583 0.464062 0.464583 0.456250 0.441667 0.442188 0.441667 0.429688 0.466667 0.421875 0.470833 0.421875 0.500000 0.453125 0.502083 0.467187 0.497917 0.476562 0.481250 0.492188 0.481250 0.485938 0.470833 0.492188 0.445833 0.506250 0.425000
2 0.998437 0.000000 0.781250 0.000000 0.539062 0.400000 0.575000 0.410417 0.571875 0.483333 0.603125 0.487500 0.628125 0.422917 0.662500 0.460417 0.670312 0.343750 0.671875 0.408333 0.776563 0.354167 0.800000 0.400000 0.996875 0.260417
3 0.000000 0.000000 0.000000 0.439583 0.173437 0.466667 0.214062 0.372917 0.242188 0.431250 0.221875 0.470833 0.267188 0.470833 0.282813 0.289583 0.060937 0.000000
4 0.706250 0.504167 0.710938 0.510417 0.714063 0.510417 0.721875 0.516667 0.721875 0.522917 0.720313 0.525000 0.714063 0.525000 0.714063 0.527083 0.717187 0.525000 0.720313 0.527083 0.732812 0.527083 0.732812 0.516667 0.734375 0.514583 0.737500 0.514583 0.740625 0.518750 0.739062 0.510417 0.729688 0.508333 0.728125 0.504167 0.721875 0.504167 0.720313 0.502083
4 0.454688 0.502083 0.506250 0.512500 0.507812 0.539583 0.565625 0.529167 0.570312 0.554167 0.578125 0.527083 0.603125 0.516667 0.606250 0.535417 0.629687 0.522917 0.628125 0.506250 0.659375 0.506250 0.662500 0.516667 0.676562 0.497917 0.476562 0.483333
5 0.657813 0.595833 0.656250 0.610417 0.653125 0.616667 0.653125 0.633333 0.654687 0.637500 0.651563 0.639583 0.651563 0.647917 0.654687 0.654167 0.659375 0.654167 0.660937 0.652083 0.660937 0.614583 0.657813 0.612500
5 0.821875 0.412500 0.818750 0.418750 0.817187 0.533333 0.818750 0.483333 0.821875 0.481250 0.823438 0.445833
5 0.670312 0.345833 0.664062 0.487500 0.670312 0.422917
5 0.384375 0.322917 0.389062 0.329167 0.381250 0.506250 0.392188 0.333333 0.400000 0.327083
8 0.628125 0.425000 0.618750 0.437500 0.617188 0.450000 0.604688 0.479167 0.604688 0.487500 0.659375 0.493750 0.662500 0.462500 0.659375 0.466667 0.657813 0.462500 0.651563 0.462500 0.648438 0.468750 0.645312 0.464583 0.645312 0.425000
8 0.570312 0.406250 0.562500 0.406250 0.560937 0.445833 0.557813 0.447917 0.557813 0.485417 0.570312 0.483333 0.571875 0.431250 0.573438 0.429167 0.573438 0.410417
8 0.214062 0.375000 0.203125 0.383333 0.200000 0.397917 0.203125 0.418750 0.195312 0.420833 0.200000 0.443750 0.192188 0.456250 0.179688 0.464583 0.182812 0.468750 0.220312 0.472917 0.221875 0.466667 0.231250 0.460417 0.240625 0.431250 0.221875 0.422917 0.218750 0.414583 0.221875 0.389583
8 0.526563 0.341667 0.520312 0.368750 0.512500 0.358333 0.517188 0.381250 0.506250 0.383333 0.507812 0.425000 0.493750 0.445833 0.487500 0.470833 0.493750 0.481250 0.551562 0.485417 0.557813 0.404167 0.537500 0.400000 0.532813 0.381250 0.535937 0.347917
8 0.400000 0.329167 0.393750 0.333333 0.384375 0.495833 0.418750 0.500000 0.420312 0.470833 0.440625 0.443750 0.446875 0.408333 0.435937 0.402083 0.431250 0.379167 0.406250 0.352083
8 0.396875 0.306250 0.385937 0.300000 0.373437 0.347917 0.365625 0.333333 0.368750 0.358333 0.348438 0.360417 0.329688 0.408333 0.298438 0.333333 0.281250 0.322917 0.276562 0.410417 0.332813 0.420833 0.293750 0.441667 0.289062 0.477083 0.378125 0.495833 0.382812 0.322917 0.400000 0.325000
8 0.998437 0.260417 0.815625 0.368750 0.800000 0.402083 0.789062 0.356250 0.681250 0.400000 0.670312 0.441667 0.703125 0.431250 0.670312 0.447917 0.667188 0.493750 0.815625 0.533333 0.821875 0.410417 0.818750 0.537500 0.871875 0.539583 0.876563 0.562500 0.935937 0.531250 0.998437 0.566667
8 0.657813 0.000000 0.610938 0.000000 0.554688 0.085417 0.546875 0.162500 0.529687 0.175000 0.529687 0.229167 0.515625 0.256250 0.520312 0.291667 0.550000 0.333333 0.621875 0.264583 0.715625 0.100000 0.707812 0.077083 0.685937 0.077083 0.685937 0.052083 0.660937 0.027083
9 0.964063 0.760417 0.964063 0.766667 0.973437 0.770833 0.978125 0.777083 0.985938 0.779167 0.987500 0.783333 0.998437 0.783333 0.998437 0.750000 0.996875 0.754167 0.985938 0.750000 0.981250 0.752083 0.973437 0.752083 0.971875 0.750000
9 0.567187 0.535417 0.565625 0.531250 0.554688 0.535417 0.525000 0.533333 0.506250 0.541667 0.503125 0.545833 0.503125 0.554167 0.512500 0.562500 0.551562 0.564583 0.553125 0.568750 0.565625 0.568750
9 0.575000 0.531250 0.578125 0.535417 0.570312 0.556250 0.570312 0.570833 0.598437 0.572917 0.596875 0.570833 0.596875 0.556250 0.592187 0.543750 0.590625 0.533333 0.587500 0.529167 0.578125 0.529167
9 0.742188 0.518750 0.742188 0.522917 0.745313 0.527083 0.762500 0.531250 0.765625 0.535417 0.765625 0.543750 0.782813 0.543750 0.784375 0.545833 0.789062 0.543750 0.787500 0.539583 0.790625 0.537500 0.790625 0.529167 0.787500 0.529167 0.785937 0.525000 0.773438 0.525000 0.771875 0.520833
9 0.445312 0.504167 0.464062 0.520833 0.490625 0.529167 0.506250 0.529167 0.506250 0.514583 0.496875 0.516667 0.495312 0.512500 0.471875 0.508333 0.470313 0.504167
9 0.420312 0.500000 0.289062 0.479167 0.287500 0.447917 0.321875 0.414583 0.276562 0.412500 0.256250 0.475000 0.000000 0.441667 0.000000 0.733333
10 0.700000 0.422917 0.698438 0.425000 0.696875 0.422917 0.693750 0.422917 0.689063 0.427083 0.689063 0.437500 0.687500 0.439583 0.684375 0.439583 0.682813 0.437500 0.673438 0.437500 0.670312 0.443750 0.671875 0.450000 0.678125 0.450000 0.678125 0.447917 0.682813 0.443750 0.693750 0.443750 0.693750 0.441667 0.696875 0.439583 0.701562 0.431250
10 0.581250 0.408333 0.579688 0.410417 0.581250 0.418750 0.582812 0.420833 0.587500 0.420833 0.589063 0.422917 0.589063 0.429167 0.592187 0.429167 0.598437 0.437500 0.600000 0.443750 0.600000 0.425000 0.601562 0.422917 0.600000 0.420833 0.601562 0.418750 0.601562 0.412500 0.598437 0.410417 0.587500 0.410417 0.585938 0.408333
10 0.659375 0.014583 0.675000 0.050000 0.687500 0.052083 0.687500 0.077083 0.695312 0.085417 0.707812 0.075000 0.710938 0.091667 0.717187 0.095833 0.779687 0.000000 0.659375 0.000000
10 0.065625 0.000000 0.284375 0.289583 0.326562 0.406250 0.390625 0.297917 0.471875 0.464583 0.512500 0.354167 0.535937 0.345833 0.535937 0.383333 0.556250 0.341667 0.517188 0.287500 0.523438 0.195833 0.609375 0.000000
18 0.603125 0.541667 0.618750 0.616667 0.657813 0.593750 0.698438 0.687500 0.753125 0.664583 0.804688 0.783333 0.848437 0.789583 0.881250 0.754167 0.998437 0.831250 0.998437 0.785417 0.962500 0.766667 0.998437 0.747917 0.998437 0.568750 0.978125 0.547917 0.765625 0.545833 0.695312 0.493750