0 0.000000 0.727083 0.000000 0.997917 0.998437 0.997917 0.953125 0.858333 0.878125 0.872917 0.804688 0.770833 0.710938 0.754167 0.548438 0.591667 0.568750 0.625000 0.526563 0.633333 0.409375 0.504167
1 0.964063 0.875000 0.962500 0.862500 0.959375 0.856250 0.959375 0.847917 0.954688 0.837500 0.950000 0.837500 0.932813 0.858333 0.923438 0.864583 0.918750 0.864583 0.918750 0.866667 0.923438 0.866667 0.940625 0.854167 0.953125 0.856250
1 0.470313 0.545833 0.526563 0.631250 0.587500 0.622917 0.710938 0.752083 0.804688 0.768750 0.875000 0.868750 0.915625 0.870833 0.856250 0.839583 0.817187 0.727083 0.792188 0.712500 0.748437 0.762500 0.681250 0.687500 0.670312 0.643750 0.617188 0.641667 0.535937 0.552083
2 0.467187 0.414583 0.457813 0.408333 0.451562 0.412500 0.448437 0.429167 0.443750 0.427083 0.439063 0.464583 0.425000 0.462500 0.418750 0.441667 0.404687 0.441667 0.384375 0.472917 0.389062 0.487500 0.385937 0.500000 0.431250 0.502083 0.440625 0.487500 0.443750 0.491667 0.440625 0.481250 0.459375 0.481250 0.462500 0.487500 0.446875 0.468750 0.454688 0.460417
2 0.998437 0.000000 0.760938 0.000000 0.489063 0.406250 0.565625 0.425000 0.567187 0.495833 0.573438 0.429167 0.756250 0.333333 0.765625 0.216667 0.768750 0.322917 0.998437 0.252083
3 0.000000 0.000000 0.000000 0.460417 0.175000 0.475000 0.200000 0.429167 0.209375 0.477083 0.246875 0.477083 0.256250 0.306250 0.025000 0.004167
4 0.506250 0.483333 0.503125 0.525000 0.510938 0.531250 0.510938 0.537500 0.514062 0.520833 0.515625 0.537500 0.520312 0.518750 0.534375 0.525000 0.535937 0.539583 0.537500 0.518750 0.551562 0.502083 0.548438 0.493750 0.556250 0.489583 0.535937 0.483333 0.515625 0.483333 0.514062 0.479167 0.512500 0.483333
4 0.432812 0.502083 0.462500 0.508333 0.464062 0.529167 0.475000 0.522917 0.500000 0.525000 0.501563 0.483333 0.465625 0.479167 0.462500 0.489583 0.459375 0.483333 0.440625 0.483333 0.445312 0.491667 0.440625 0.489583
8 0.804688 0.512500 0.804688 0.525000 0.803125 0.529167 0.804688 0.529167 0.806250 0.533333 0.815625 0.533333 0.815625 0.531250 0.821875 0.527083 0.821875 0.522917 0.825000 0.520833 0.825000 0.516667 0.818750 0.512500 0.810937 0.512500 0.809375 0.510417
8 0.187500 0.431250 0.187500 0.437500 0.190625 0.439583 0.190625 0.458333 0.179688 0.472917 0.185938 0.477083 0.207813 0.477083 0.209375 0.458333 0.207813 0.452083 0.201563 0.443750 0.200000 0.431250
8 0.518750 0.420833 0.517188 0.481250 0.529687 0.481250 0.534375 0.477083 0.537500 0.483333 0.554688 0.487500 0.560937 0.481250 0.562500 0.487500 0.565625 0.433333 0.562500 0.437500 0.560937 0.431250 0.548438 0.422917
8 0.514062 0.416667 0.510938 0.416667 0.510938 0.422917 0.509375 0.425000 0.506250 0.481250 0.512500 0.481250 0.514062 0.477083 0.514062 0.447917 0.515625 0.445833 0.515625 0.420833
8 0.484375 0.350000 0.479687 0.352083 0.478125 0.370833 0.471875 0.362500 0.475000 0.387500 0.470313 0.393750 0.465625 0.389583 0.468750 0.418750 0.456250 0.460417 0.448437 0.468750 0.462500 0.481250 0.501563 0.481250 0.504687 0.412500 0.487500 0.406250 0.492188 0.356250
8 0.360938 0.347917 0.354687 0.497917 0.382812 0.502083 0.387500 0.491667 0.382812 0.472917 0.404687 0.439583 0.407813 0.406250 0.398438 0.404167 0.393750 0.383333 0.379688 0.364583 0.362500 0.356250
8 0.756250 0.335417 0.667188 0.397917 0.632812 0.389583 0.573438 0.431250 0.570312 0.487500 0.581250 0.481250 0.571875 0.452083 0.584375 0.445833 0.585938 0.481250 0.645312 0.491667 0.675000 0.510417 0.700000 0.497917 0.707812 0.516667 0.750000 0.518750
8 0.353125 0.306250 0.335938 0.337500 0.339062 0.352083 0.329688 0.341667 0.325000 0.372917 0.307812 0.368750 0.293750 0.410417 0.256250 0.337500 0.251563 0.416667 0.293750 0.425000 0.250000 0.452083 0.248438 0.475000 0.348438 0.497917 0.362500 0.329167
8 0.998437 0.254167 0.901563 0.266667 0.768750 0.325000 0.762500 0.506250 0.826562 0.485417 0.867188 0.541667 0.870313 0.581250 0.885938 0.543750 0.932813 0.545833 0.962500 0.570833 0.996875 0.541667
8 0.573438 0.037500 0.501563 0.139583 0.489063 0.189583 0.495312 0.208333 0.476562 0.231250 0.471875 0.312500 0.498437 0.352083 0.532813 0.329167 0.629687 0.172917
9 0.460938 0.533333 0.460938 0.537500 0.465625 0.539583 0.467187 0.543750 0.510938 0.545833 0.509375 0.531250 0.501563 0.525000 0.500000 0.527083 0.475000 0.525000
9 0.520312 0.520833 0.520312 0.525000 0.518750 0.527083 0.518750 0.535417 0.515625 0.539583 0.515625 0.547917 0.535937 0.550000 0.535937 0.541667 0.532813 0.533333 0.532813 0.525000
9 0.410938 0.504167 0.410938 0.506250 0.428125 0.516667 0.443750 0.516667 0.453125 0.520833 0.462500 0.520833 0.462500 0.510417 0.459375 0.508333 0.445312 0.508333 0.443750 0.504167
9 0.000000 0.725000 0.379688 0.504167 0.251563 0.475000 0.000000 0.462500
9 0.251563 0.454167 0.267188 0.437500 0.275000 0.435417 0.279687 0.431250 0.285938 0.431250 0.292187 0.425000 0.281250 0.425000 0.279687 0.420833 0.253125 0.418750 0.251563 0.420833 0.253125 0.437500 0.250000 0.439583
10 0.634375 0.420833 0.632812 0.422917 0.626563 0.422917 0.625000 0.425000 0.617188 0.425000 0.614062 0.429167 0.612500 0.450000 0.615625 0.450000 0.618750 0.441667 0.623437 0.441667 0.626563 0.450000 0.628125 0.450000 0.629687 0.445833 0.637500 0.441667 0.639062 0.437500
10 0.021875 0.000000 0.257812 0.306250 0.289062 0.408333 0.353125 0.304167 0.428125 0.462500 0.504687 0.358333 0.475000 0.231250 0.560937 0.041667 0.631250 0.168750 0.759375 0.000000
18 0.550000 0.493750 0.537500 0.522917 0.546875 0.577083 0.568750 0.575000 0.581250 0.606250 0.604688 0.610417 0.623437 0.643750 0.670312 0.641667 0.682813 0.687500 0.743750 0.741667 0.751563 0.520833 0.571875 0.489583 0.565625 0.514583
18 0.762500 0.508333 0.754687 0.741667 0.792188 0.710417 0.828125 0.735417 0.842187 0.808333 0.878125 0.860417 0.917188 0.866667 0.954688 0.835417 0.998437 0.956250 0.998437 0.541667 0.964063 0.572917 0.885938 0.545833 0.870313 0.583333 0.826562 0.487500
18 0.803125 0.462500 0.803125 0.466667 0.825000 0.470833 0.829688 0.477083 0.840625 0.470833 0.843750 0.466667 0.848437 0.466667 0.845313 0.460417 0.839063 0.460417 0.831250 0.466667 0.826562 0.466667 0.821875 0.462500 0.814063 0.462500 0.812500 0.460417 0.810937 0.462500