0 0.000000 0.822917 0.000000 0.997917 0.832812 0.997917 0.759375 0.875000 0.900000 0.812500 0.845313 0.700000 0.734375 0.695833 0.539062 0.579167 0.534375 0.622917 0.459375 0.525000 0.387500 0.514583
1 0.467187 0.537500 0.534375 0.620833 0.539062 0.577083 0.734375 0.693750 0.845313 0.697917 0.881250 0.727083 0.898438 0.808333 0.920312 0.820833 0.885938 0.714583 0.825000 0.668750 0.740625 0.691667 0.721875 0.633333 0.679688 0.660417 0.517188 0.539583
2 0.490625 0.487500 0.446875 0.481250 0.462500 0.425000 0.451562 0.418750 0.437500 0.441667 0.435937 0.470833 0.421875 0.472917 0.414062 0.452083 0.404687 0.452083 0.384375 0.483333 0.396875 0.512500 0.410938 0.512500 0.412500 0.497917 0.423438 0.491667 0.428125 0.508333 0.490625 0.514583
2 0.275000 0.410417 0.273438 0.414583 0.273438 0.429167 0.271875 0.431250 0.271875 0.441667 0.273438 0.445833 0.278125 0.445833 0.279687 0.447917 0.298438 0.447917 0.303125 0.445833 0.303125 0.435417 0.301563 0.433333 0.281250 0.431250 0.279687 0.429167 0.278125 0.414583 0.276562 0.414583
2 0.998437 0.000000 0.742188 0.000000 0.482812 0.395833 0.534375 0.435417 0.495312 0.514583 0.562500 0.483333 0.559375 0.427083 0.614062 0.397917 0.615625 0.339583 0.618750 0.393750 0.701562 0.345833 0.729688 0.406250 0.762500 0.331250 0.998437 0.179167
3 0.000000 0.022917 0.000000 0.497917 0.217188 0.506250 0.239063 0.437500 0.246875 0.506250 0.270313 0.502083 0.275000 0.354167
5 0.617188 0.341667 0.612500 0.618750 0.617188 0.618750
8 0.846875 0.566667 0.846875 0.595833 0.854688 0.612500 0.862500 0.660417 0.868750 0.672917 0.876563 0.677083 0.887500 0.660417 0.887500 0.585417 0.871875 0.564583
8 0.792188 0.527083 0.792188 0.533333 0.795312 0.537500 0.806250 0.537500 0.814063 0.547917 0.815625 0.558333 0.825000 0.560417 0.826562 0.550000 0.829688 0.543750 0.829688 0.539583 0.825000 0.531250 0.815625 0.531250 0.803125 0.522917
8 0.237500 0.439583 0.234375 0.445833 0.234375 0.472917 0.231250 0.483333 0.231250 0.493750 0.225000 0.502083 0.232813 0.502083 0.234375 0.506250 0.245312 0.506250 0.245312 0.493750 0.239063 0.483333 0.239063 0.477083 0.235937 0.470833 0.235937 0.458333 0.242188 0.450000
8 0.532813 0.435417 0.526563 0.435417 0.525000 0.431250 0.503125 0.431250 0.501563 0.439583 0.498437 0.429167 0.495312 0.487500 0.500000 0.489583 0.500000 0.502083 0.501563 0.489583 0.504687 0.487500 0.506250 0.491667 0.510938 0.477083 0.532813 0.477083
8 0.614062 0.400000 0.604688 0.406250 0.593750 0.404167 0.565625 0.418750 0.560937 0.427083 0.560937 0.450000 0.553125 0.456250 0.550000 0.472917 0.565625 0.485417 0.598437 0.487500 0.610938 0.483333 0.610938 0.410417
8 0.367188 0.379167 0.365625 0.510417 0.367188 0.514583 0.385937 0.514583 0.392188 0.502083 0.382812 0.483333 0.392188 0.472917 0.396875 0.456250 0.403125 0.454167 0.403125 0.418750 0.396875 0.420833 0.387500 0.395833
8 0.356250 0.339583 0.346875 0.337500 0.337500 0.379167 0.331250 0.372917 0.332813 0.381250 0.321875 0.395833 0.310937 0.395833 0.304688 0.406250 0.304688 0.445833 0.290625 0.450000 0.281250 0.495833 0.284375 0.506250 0.360938 0.512500 0.364063 0.375000
8 0.998437 0.181250 0.762500 0.333333 0.729688 0.408333 0.714063 0.352083 0.618750 0.400000 0.618750 0.481250 0.739062 0.454167 0.732812 0.477083 0.770312 0.479167 0.773438 0.531250 0.856250 0.487500 0.850000 0.554167 0.976562 0.491667 0.998437 0.527083 0.998437 0.422917 0.960938 0.422917 0.998437 0.408333
8 0.634375 0.160417 0.592187 0.214583 0.540625 0.106250 0.526563 0.112500 0.476562 0.208333 0.459375 0.320833 0.475000 0.383333 0.464062 0.375000 0.448437 0.481250 0.490625 0.485417 0.481250 0.379167 0.504687 0.370833 0.567187 0.285417
9 0.760938 0.875000 0.776563 0.918750 0.834375 0.997917 0.998437 0.997917 0.998437 0.850000 0.940625 0.841667 0.900000 0.816667 0.868750 0.841667 0.829688 0.843750
9 0.412500 0.512500 0.429688 0.520833 0.459375 0.522917 0.464062 0.537500 0.517188 0.537500 0.520312 0.518750 0.514062 0.510417 0.493750 0.518750 0.462500 0.510417
9 0.382812 0.516667 0.284375 0.508333 0.278125 0.447917 0.262500 0.508333 0.000000 0.500000 0.000000 0.820833
10 0.000000 0.010417 0.276562 0.354167 0.281250 0.429167 0.350000 0.333333 0.432812 0.470833 0.473438 0.383333 0.475000 0.208333 0.525000 0.112500 0.595313 0.212500 0.740625 0.000000
18 0.539062 0.489583 0.535937 0.545833 0.532813 0.504167 0.521875 0.514583 0.518750 0.543750 0.526563 0.554167 0.534375 0.550000 0.564063 0.581250 0.585938 0.581250 0.595313 0.600000 0.610938 0.610417 0.612500 0.485417
18 0.618750 0.483333 0.618750 0.616667 0.679688 0.658333 0.721875 0.631250 0.740625 0.689583 0.801562 0.681250 0.823438 0.641667 0.832812 0.685417 0.887500 0.714583 0.928125 0.829167 0.996875 0.827083 0.989062 0.497917 0.850000 0.556250 0.856250 0.489583 0.773438 0.533333 0.768750 0.479167 0.732812 0.479167 0.739062 0.456250 0.710938 0.454167 0.704688 0.489583