0 0.975000 0.637500 0.976562 0.637500 0.978125 0.641667 0.982812 0.643750 0.985938 0.650000 0.993750 0.650000 0.995313 0.647917 0.998437 0.647917 0.998437 0.625000 0.982812 0.625000
0 0.203125 0.997917 0.998437 0.997917 0.998437 0.802083 0.920312 0.764583 0.904687 0.697917 0.506250 0.520833
1 0.698438 0.622917 0.771875 0.654167 0.856250 0.668750 0.890625 0.695833 0.940625 0.687500 0.931250 0.675000 0.904687 0.672917 0.912500 0.631250
2 0.625000 0.406250 0.612500 0.408333 0.609375 0.395833 0.606250 0.408333 0.575000 0.408333 0.562500 0.472917 0.542188 0.472917 0.535937 0.452083 0.521875 0.450000 0.498437 0.485417 0.500000 0.502083 0.512500 0.516667 0.614062 0.522917 0.617188 0.508333 0.631250 0.504167 0.612500 0.504167 0.606250 0.489583 0.595313 0.493750 0.576562 0.477083 0.593750 0.427083 0.601562 0.422917 0.606250 0.443750
2 0.021875 0.000000 0.096875 0.056250 0.162500 0.154167 0.150000 0.179167 0.164062 0.195833 0.148438 0.197917 0.137500 0.250000 0.143750 0.287500 0.114062 0.204167 0.067187 0.222917 0.110937 0.293750 0.181250 0.310417 0.187500 0.347917 0.196875 0.129167 0.087500 0.000000
3 0.000000 0.000000 0.000000 0.558333 0.165625 0.539583 0.185938 0.327083 0.110937 0.295833 0.065625 0.222917 0.114062 0.202083 0.143750 0.285417 0.160938 0.154167 0.090625 0.052083
4 0.998437 0.508333 0.617188 0.510417 0.617188 0.585417 0.621875 0.558333 0.689063 0.560417 0.693750 0.600000 0.698438 0.560417 0.842187 0.570833 0.845313 0.612500 0.848437 0.566667 0.912500 0.575000 0.925000 0.508333 0.935937 0.566667 0.998437 0.566667
5 0.934375 0.510417 0.921875 0.514583 0.918750 0.616667 0.912500 0.660417 0.906250 0.666667 0.928125 0.672917 0.931250 0.664583
5 0.425000 0.102083 0.396875 0.108333 0.417187 0.137500 0.409375 0.600000 0.423438 0.139583 0.445312 0.125000
8 0.353125 0.460417 0.328125 0.439583 0.320312 0.441667 0.312500 0.464583 0.303125 0.477083 0.304688 0.500000 0.296875 0.497917 0.296875 0.512500 0.301563 0.514583 0.315625 0.487500 0.339062 0.487500 0.353125 0.481250
8 0.185938 0.395833 0.184375 0.460417 0.243750 0.445833 0.240625 0.425000 0.373437 0.425000 0.385937 0.443750 0.389062 0.520833 0.403125 0.529167 0.407813 0.358333 0.385937 0.408333 0.364063 0.393750 0.329688 0.312500 0.295312 0.310417 0.248438 0.381250 0.223438 0.364583
8 0.446875 0.256250 0.428125 0.302083 0.431250 0.335417 0.420312 0.314583 0.414062 0.531250 0.492188 0.535417 0.501563 0.518750 0.496875 0.485417 0.520312 0.452083 0.523438 0.414583 0.482812 0.362500 0.489063 0.329167 0.464062 0.318750 0.464062 0.277083
8 0.998437 0.331250 0.937500 0.400000 0.884375 0.375000 0.851562 0.200000 0.795312 0.291667 0.815625 0.410417 0.784375 0.377083 0.770312 0.475000 0.760938 0.379167 0.717187 0.297917 0.678125 0.331250 0.664062 0.258333 0.578125 0.481250 0.998437 0.506250
8 0.985938 0.066667 0.973437 0.087500 0.998437 0.110417 0.956250 0.114583 0.943750 0.135417 0.960938 0.147917 0.940625 0.187500 0.956250 0.233333 0.921875 0.277083 0.993750 0.314583 0.998437 0.066667
9 0.935937 0.568750 0.935937 0.670833 0.929688 0.672917 0.942187 0.687500 0.903125 0.702083 0.900000 0.716667 0.925000 0.766667 0.998437 0.800000 0.998437 0.650000 0.973437 0.637500 0.982812 0.622917 0.998437 0.622917 0.998437 0.568750
9 0.509375 0.518750 0.656250 0.610417 0.914062 0.637500 0.918750 0.568750 0.848437 0.568750 0.843750 0.614583 0.840625 0.570833 0.698438 0.562500 0.693750 0.602083 0.689063 0.562500 0.621875 0.560417 0.618750 0.591667 0.612500 0.522917
9 0.498437 0.529167 0.414062 0.533333 0.409375 0.602083 0.379688 0.431250 0.185938 0.460417 0.165625 0.541667 0.000000 0.560417 0.000000 0.997917 0.204687 0.995833
10 0.089063 0.000000 0.198437 0.129167 0.187500 0.393750 0.318750 0.308333 0.387500 0.406250 0.406250 0.100000 0.420312 0.312500 0.457813 0.262500 0.542188 0.470833 0.664062 0.256250 0.775000 0.470833 0.851562 0.197917 0.884375 0.372917 0.998437 0.329167 0.920312 0.277083 0.998437 0.000000