0 0.085938 0.997917 0.998437 0.997917 0.998437 0.958333 0.739062 0.652083 0.501563 0.518750
1 0.893750 0.572917 0.779687 0.597917 0.778125 0.616667 0.767188 0.612500 0.768750 0.600000 0.675000 0.597917 0.670312 0.610417 0.710938 0.650000 0.739062 0.650000 0.753125 0.693750 0.812500 0.700000 0.840625 0.675000 0.843750 0.647917 0.887500 0.629167
2 0.610938 0.416667 0.603125 0.408333 0.570312 0.412500 0.560937 0.468750 0.540625 0.475000 0.532813 0.454167 0.521875 0.452083 0.493750 0.491667 0.510938 0.516667 0.582812 0.518750 0.585938 0.493750 0.571875 0.485417 0.576562 0.456250 0.589063 0.429167 0.595313 0.429167 0.600000 0.443750
2 0.167187 0.285417 0.156250 0.283333 0.150000 0.295833 0.148438 0.312500 0.137500 0.312500 0.143750 0.327083 0.142187 0.350000 0.162500 0.347917 0.154688 0.345833 0.159375 0.339583 0.150000 0.339583 0.146875 0.329167 0.150000 0.322917 0.157812 0.325000 0.159375 0.293750 0.162500 0.291667 0.165625 0.295833 0.167187 0.306250 0.171875 0.304167
2 0.075000 0.000000 0.250000 0.212500 0.246875 0.364583 0.254688 0.193750 0.092188 0.000000
3 0.000000 0.000000 0.000000 0.250000 0.062500 0.345833 0.064062 0.408333 0.100000 0.441667 0.073438 0.435417 0.070312 0.516667 0.232813 0.510417 0.248438 0.212500 0.079687 0.004167
4 0.585938 0.497917 0.587500 0.562500 0.725000 0.550000 0.746875 0.581250 0.779687 0.508333 0.781250 0.566667 0.893750 0.564583 0.893750 0.725000 0.907813 0.658333 0.998437 0.731250 0.998437 0.516667
5 0.779687 0.510417 0.776563 0.510417 0.776563 0.527083 0.773438 0.529167 0.771875 0.593750 0.768750 0.602083 0.770312 0.614583 0.778125 0.614583 0.779687 0.610417
5 0.420312 0.202083 0.420312 0.216667 0.431250 0.222917 0.423438 0.566667 0.435937 0.227083 0.453125 0.214583
5 0.992188 0.008333 0.979688 0.016667 0.975000 0.527083 0.985938 0.516667
8 0.160938 0.433333 0.156250 0.433333 0.154688 0.429167 0.140625 0.431250 0.139063 0.435417 0.132812 0.437500 0.123438 0.447917 0.106250 0.447917 0.106250 0.450000 0.114062 0.456250 0.118750 0.466667 0.125000 0.466667 0.132812 0.456250 0.135937 0.456250 0.148438 0.443750 0.153125 0.443750 0.154688 0.437500
8 0.990625 0.337500 0.987500 0.514583 0.998437 0.514583 0.998437 0.341667
8 0.245312 0.379167 0.245312 0.443750 0.287500 0.418750 0.389062 0.435417 0.381250 0.458333 0.342187 0.437500 0.289062 0.495833 0.326562 0.518750 0.418750 0.525000 0.425000 0.356250 0.401562 0.368750 0.389062 0.414583 0.337500 0.316667 0.303125 0.312500 0.278125 0.362500
8 0.448437 0.272917 0.432812 0.331250 0.428125 0.522917 0.490625 0.529167 0.498437 0.518750 0.492188 0.489583 0.518750 0.452083 0.520312 0.406250 0.510938 0.410417 0.504687 0.385417 0.489063 0.372917 0.487500 0.341667 0.465625 0.331250 0.465625 0.289583
8 0.000000 0.264583 0.006250 0.552083 0.071875 0.527083 0.071875 0.435417 0.100000 0.445833 0.062500 0.408333 0.064062 0.354167 0.051562 0.327083 0.015625 0.306250
8 0.973437 0.350000 0.914062 0.416667 0.851562 0.379167 0.837500 0.414583 0.812500 0.239583 0.762500 0.322917 0.771875 0.441667 0.740625 0.391667 0.725000 0.460417 0.693750 0.322917 0.656250 0.350000 0.643750 0.287500 0.573438 0.485417 0.968750 0.512500
8 0.996875 0.145833 0.992188 0.177083 0.995313 0.181250 0.992188 0.320833 0.998437 0.314583
8 0.778125 0.000000 0.768750 0.035417 0.834375 0.089583 0.881250 0.072917 0.889062 0.127083 0.931250 0.133333 0.870313 0.197917 0.867188 0.291667 0.846875 0.320833 0.895312 0.354167 0.957812 0.345833 0.975000 0.310417 0.978125 0.016667 0.996875 0.014583 0.996875 0.072917 0.998437 0.000000
9 0.759375 0.695833 0.998437 0.956250 0.996875 0.731250 0.907813 0.660417 0.904687 0.725000 0.893750 0.727083 0.887500 0.631250 0.843750 0.650000 0.818750 0.700000
9 0.779687 0.595833 0.892188 0.572917 0.893750 0.566667 0.851562 0.560417 0.839063 0.566667 0.832812 0.560417 0.815625 0.560417 0.806250 0.577083 0.801562 0.564583 0.784375 0.564583
9 0.518750 0.518750 0.570312 0.568750 0.625000 0.589583 0.770312 0.593750 0.770312 0.562500 0.756250 0.556250 0.746875 0.583333 0.742188 0.558333 0.643750 0.550000 0.639062 0.572917 0.637500 0.550000 0.595313 0.550000 0.587500 0.564583 0.576562 0.518750
9 0.495312 0.522917 0.428125 0.525000 0.420312 0.568750 0.418750 0.527083 0.282813 0.487500 0.339062 0.437500 0.387500 0.450000 0.321875 0.427083 0.245312 0.445833 0.232813 0.512500 0.000000 0.554167 0.000000 0.997917 0.084375 0.997917
10 0.093750 0.000000 0.256250 0.193750 0.253125 0.375000 0.331250 0.312500 0.392188 0.412500 0.420312 0.200000 0.540625 0.472917 0.643750 0.285417 0.725000 0.458333 0.812500 0.237500 0.837500 0.412500 0.973437 0.347917 0.845313 0.320833 0.929688 0.133333 0.776563 0.000000