0 0.185938 0.997917 0.998437 0.997917 0.998437 0.583333 0.885938 0.662500 0.881250 0.625000 0.685937 0.618750 0.503125 0.520833
2 0.626563 0.410417 0.615625 0.410417 0.614062 0.400000 0.607812 0.410417 0.578125 0.408333 0.564063 0.475000 0.545312 0.475000 0.537500 0.454167 0.526563 0.450000 0.500000 0.485417 0.503125 0.506250 0.515625 0.516667 0.529687 0.508333 0.531250 0.516667 0.609375 0.522917 0.617188 0.506250 0.610938 0.493750 0.584375 0.489583 0.578125 0.477083 0.595313 0.427083 0.604688 0.427083 0.607812 0.450000
2 0.070312 0.000000 0.198437 0.156250 0.206250 0.329167 0.214062 0.143750 0.092188 0.000000
3 0.000000 0.000000 0.000000 0.550000 0.167187 0.518750 0.187500 0.533333 0.204687 0.381250 0.198437 0.160417 0.068750 0.000000
4 0.612500 0.514583 0.614062 0.585417 0.617188 0.556250 0.681250 0.560417 0.684375 0.595833 0.687500 0.560417 0.823438 0.568750 0.826562 0.610417 0.831250 0.564583 0.889062 0.562500 0.893750 0.512500 0.903125 0.564583 0.998437 0.568750 0.998437 0.510417
5 0.903125 0.514583 0.893750 0.514583 0.890625 0.527083 0.889062 0.602083 0.882812 0.625000 0.884375 0.643750 0.878125 0.658333 0.895312 0.660417 0.898438 0.645833 0.896875 0.606250
5 0.434375 0.125000 0.404687 0.131250 0.425000 0.158333 0.412500 0.591667 0.432812 0.156250 0.450000 0.152083
8 0.315625 0.472917 0.315625 0.479167 0.321875 0.481250 0.325000 0.485417 0.342187 0.487500 0.357812 0.479167 0.357812 0.462500 0.350000 0.460417 0.348438 0.454167 0.343750 0.450000 0.339062 0.450000 0.335938 0.445833 0.326562 0.445833 0.317188 0.475000
8 0.203125 0.383333 0.203125 0.454167 0.248438 0.443750 0.243750 0.427083 0.259375 0.422917 0.387500 0.427083 0.395313 0.514583 0.410938 0.529167 0.415625 0.362500 0.403125 0.360417 0.389062 0.410417 0.368750 0.395833 0.357812 0.345833 0.332813 0.312500 0.301563 0.310417 0.254688 0.379167 0.234375 0.364583
8 0.451562 0.258333 0.432812 0.304167 0.435937 0.335417 0.428125 0.322917 0.421875 0.529167 0.493750 0.535417 0.504687 0.518750 0.498437 0.485417 0.525000 0.443750 0.525000 0.406250 0.515625 0.408333 0.506250 0.379167 0.485938 0.362500 0.490625 0.331250 0.481250 0.337500 0.467187 0.322917 0.467187 0.279167
8 0.998437 0.337500 0.937500 0.406250 0.879687 0.385417 0.850000 0.208333 0.792188 0.300000 0.810937 0.416667 0.785937 0.377083 0.770312 0.479167 0.762500 0.385417 0.717187 0.302083 0.682813 0.341667 0.656250 0.268750 0.631250 0.408333 0.579688 0.481250 0.998437 0.508333
8 0.998437 0.081250 0.968750 0.087500 0.960938 0.100000 0.978125 0.112500 0.979688 0.129167 0.950000 0.127083 0.935937 0.145833 0.948438 0.168750 0.928125 0.206250 0.943750 0.245833 0.912500 0.285417 0.971875 0.325000 0.993750 0.325000 0.998437 0.312500
9 0.959375 0.729167 0.945312 0.727083 0.939063 0.720833 0.926562 0.722917 0.918750 0.735417 0.909375 0.739583 0.906250 0.758333 0.910937 0.766667 0.918750 0.768750 0.920312 0.772917 0.929688 0.768750 0.937500 0.770833 0.945312 0.766667 0.960938 0.766667 0.965625 0.760417 0.964063 0.752083 0.957812 0.747917 0.960938 0.735417
9 0.898438 0.622917 0.932813 0.606250 0.959375 0.585417 0.998437 0.581250 0.998437 0.570833 0.932813 0.566667 0.921875 0.575000 0.915625 0.566667 0.903125 0.566667
9 0.521875 0.518750 0.596875 0.585417 0.685937 0.616667 0.878125 0.625000 0.887500 0.564583 0.831250 0.566667 0.826562 0.612500 0.821875 0.568750 0.687500 0.562500 0.684375 0.597917 0.681250 0.562500 0.617188 0.558333 0.614062 0.587500 0.610938 0.522917
9 0.495312 0.535417 0.420312 0.531250 0.412500 0.593750 0.395313 0.437500 0.342187 0.422917 0.203125 0.456250 0.187500 0.535417 0.000000 0.552083 0.000000 0.997917 0.184375 0.997917
10 0.093750 0.000000 0.215625 0.143750 0.206250 0.381250 0.321875 0.308333 0.390625 0.408333 0.414062 0.122917 0.426563 0.320833 0.451562 0.256250 0.545312 0.472917 0.667188 0.264583 0.775000 0.477083 0.850000 0.206250 0.879687 0.383333 0.998437 0.335417 0.910937 0.289583 0.998437 0.000000