0 0.242188 0.995833 0.998437 0.997917 0.998437 0.797917 0.657813 0.647917 0.479687 0.504167
1 0.881250 0.739583 0.946875 0.779167 0.998437 0.795833 0.998437 0.758333
2 0.626563 0.481250 0.625000 0.479167 0.623437 0.481250 0.620313 0.479167 0.614062 0.489583 0.610938 0.489583 0.607812 0.483333 0.603125 0.489583 0.603125 0.506250 0.626563 0.506250
2 0.667188 0.470833 0.656250 0.472917 0.653125 0.485417 0.651563 0.479167 0.646875 0.472917 0.635938 0.479167 0.632812 0.483333 0.632812 0.506250 0.667188 0.506250
2 0.598437 0.385417 0.582812 0.375000 0.576562 0.385417 0.546875 0.385417 0.532813 0.458333 0.509375 0.458333 0.501563 0.435417 0.487500 0.435417 0.460938 0.481250 0.484375 0.506250 0.598437 0.506250 0.598437 0.487500 0.582812 0.472917 0.551562 0.466667 0.568750 0.400000 0.578125 0.400000 0.581250 0.425000
2 0.604688 0.377083 0.604688 0.383333 0.609375 0.387500 0.614062 0.402083 0.612500 0.406250 0.614062 0.408333 0.617188 0.402083 0.621875 0.402083 0.621875 0.397917 0.625000 0.391667 0.631250 0.395833 0.631250 0.385417 0.634375 0.383333 0.610938 0.383333 0.607812 0.379167 0.607812 0.372917 0.607812 0.375000
3 0.000000 0.452083 0.000000 0.487500 0.020313 0.485417 0.021875 0.481250 0.032813 0.481250 0.034375 0.477083 0.051562 0.475000 0.051562 0.468750 0.046875 0.468750 0.043750 0.462500 0.039062 0.462500 0.032813 0.452083
4 0.998437 0.479167 0.678125 0.502083 0.675000 0.631250 0.681250 0.581250 0.873437 0.604167 0.884375 0.691667 0.885938 0.606250 0.998437 0.612500
5 0.212500 0.000000 0.187500 0.014583 0.176563 0.839583 0.200000 0.835417
8 0.181250 0.347917 0.129688 0.377083 0.103125 0.420833 0.073438 0.393750 0.057813 0.360417 0.025000 0.387500 0.001563 0.354167 0.000000 0.450000 0.032813 0.450000 0.056250 0.472917 0.178125 0.433333
8 0.489063 0.387500 0.446875 0.337500 0.450000 0.285417 0.418750 0.279167 0.418750 0.227083 0.396875 0.200000 0.375000 0.254167 0.384375 0.297917 0.362500 0.264583 0.376563 0.314583 0.318750 0.383333 0.271875 0.289583 0.217188 0.293750 0.209375 0.487500 0.260937 0.487500 0.307812 0.539583 0.453125 0.537500
8 0.998437 0.272917 0.921875 0.343750 0.890625 0.104167 0.818750 0.222917 0.843750 0.364583 0.818750 0.316667 0.760938 0.414583 0.771875 0.322917 0.726562 0.229167 0.689063 0.256250 0.671875 0.170833 0.635938 0.339583 0.617188 0.302083 0.632812 0.395833 0.570312 0.400000 0.553125 0.466667 0.600000 0.508333 0.667188 0.468750 0.670312 0.516667 0.993750 0.481250
9 0.492188 0.508333 0.689063 0.662500 0.998437 0.756250 0.998437 0.614583 0.885938 0.608333 0.878125 0.693750 0.873437 0.606250 0.681250 0.583333 0.676562 0.635417 0.667188 0.508333
9 0.454688 0.537500 0.307812 0.541667 0.210938 0.483333 0.206250 0.820833 0.176563 0.841667 0.176563 0.433333 0.000000 0.489583 0.000000 0.997917 0.240625 0.997917
10 0.214062 0.000000 0.209375 0.310417 0.271875 0.287500 0.318750 0.381250 0.400000 0.197917 0.509375 0.456250 0.634375 0.377083 0.671875 0.168750 0.773438 0.322917 0.760938 0.412500 0.818750 0.314583 0.842187 0.364583 0.817187 0.222917 0.890625 0.102083 0.923438 0.343750 0.998437 0.270833 0.998437 0.000000
10 0.000000 0.000000 0.000000 0.356250 0.025000 0.385417 0.057813 0.358333 0.103125 0.418750 0.129688 0.375000 0.181250 0.345833 0.189062 0.000000