0 0.187500 0.997917 0.998437 0.997917 0.998437 0.837500 0.703125 0.702083 0.457813 0.500000
2 0.607812 0.468750 0.606250 0.470833 0.600000 0.468750 0.600000 0.472917 0.596875 0.475000 0.595313 0.479167 0.592187 0.479167 0.590625 0.475000 0.585938 0.475000 0.584375 0.479167 0.584375 0.497917 0.607812 0.497917 0.609375 0.495833 0.609375 0.472917
2 0.778125 0.485417 0.809375 0.485417 0.810937 0.481250 0.810937 0.472917 0.804688 0.472917 0.801562 0.468750 0.795312 0.468750 0.793750 0.466667 0.784375 0.466667 0.784375 0.481250 0.782813 0.483333 0.778125 0.483333
2 0.653125 0.425000 0.643750 0.435417 0.643750 0.458333 0.635938 0.462500 0.634375 0.468750 0.628125 0.462500 0.615625 0.470833 0.614062 0.497917 0.659375 0.495833 0.648438 0.483333 0.654687 0.462500 0.664062 0.450000
2 0.637500 0.402083 0.623437 0.368750 0.525000 0.375000 0.510938 0.450000 0.462500 0.427083 0.437500 0.475000 0.460938 0.495833 0.485938 0.495833 0.490625 0.472917 0.496875 0.495833 0.579688 0.497917 0.562500 0.462500 0.517188 0.450000 0.526563 0.429167 0.535937 0.443750 0.546875 0.389583 0.560937 0.416667 0.581250 0.372917
4 0.998437 0.472917 0.726562 0.493750 0.726562 0.677083 0.734375 0.606250 0.998437 0.652083
8 0.465625 0.375000 0.364063 0.166667 0.350000 0.277083 0.326562 0.239583 0.342187 0.293750 0.290625 0.358333 0.212500 0.266667 0.053125 0.412500 0.000000 0.358333 0.000000 0.579167 0.048438 0.579167 0.085938 0.506250 0.050000 0.447917 0.120313 0.418750 0.101562 0.493750 0.182812 0.495833 0.153125 0.560417 0.426563 0.537500
8 0.998437 0.256250 0.928125 0.229167 0.910937 0.287500 0.896875 0.056250 0.818750 0.187500 0.842187 0.339583 0.823438 0.285417 0.753125 0.381250 0.773438 0.300000 0.662500 0.122917 0.629687 0.310417 0.607812 0.268750 0.639062 0.404167 0.581250 0.375000 0.518750 0.450000 0.612500 0.500000 0.653125 0.422917 0.667188 0.537500 0.721875 0.470833 0.998437 0.470833
9 0.459375 0.493750 0.703125 0.700000 0.998437 0.835417 0.995313 0.652083 0.734375 0.608333 0.728125 0.681250 0.723437 0.502083 0.700000 0.531250 0.671875 0.500000 0.667188 0.539583 0.660937 0.497917
9 0.428125 0.537500 0.159375 0.564583 0.142187 0.525000 0.181250 0.495833 0.093750 0.481250 0.129688 0.420833 0.051562 0.447917 0.087500 0.506250 0.048438 0.581250 0.000000 0.581250 0.000000 0.997917 0.189062 0.995833
10 0.000000 0.000000 0.051562 0.410417 0.189062 0.264583 0.298438 0.352083 0.364063 0.164583 0.510938 0.447917 0.623437 0.366667 0.662500 0.120833 0.793750 0.372917 0.896875 0.054167 0.912500 0.287500 0.998437 0.254167 0.998437 0.000000