0 0.681250 0.997917 0.456250 0.487500 0.000000 0.754167 0.000000 0.997917
2 0.667188 0.477083 0.662500 0.487500 0.662500 0.514583 0.670312 0.514583 0.671875 0.516667 0.676562 0.516667 0.676562 0.500000 0.678125 0.497917 0.676562 0.477083
2 0.657813 0.479167 0.651563 0.472917 0.648438 0.475000 0.648438 0.479167 0.643750 0.483333 0.642188 0.489583 0.643750 0.500000 0.640625 0.504167 0.634375 0.502083 0.634375 0.489583 0.631250 0.481250 0.625000 0.487500 0.623437 0.506250 0.625000 0.508333 0.637500 0.506250 0.640625 0.508333 0.645312 0.506250 0.646875 0.502083 0.653125 0.502083 0.654687 0.489583 0.657813 0.487500
2 0.704688 0.468750 0.698438 0.468750 0.685937 0.477083 0.685937 0.481250 0.681250 0.489583 0.679688 0.516667 0.709375 0.518750 0.701562 0.506250 0.701562 0.497917 0.707812 0.479167 0.707812 0.472917
2 0.573438 0.456250 0.570312 0.502083 0.618750 0.506250 0.618750 0.483333 0.614062 0.485417 0.607812 0.477083 0.603125 0.479167 0.598437 0.472917 0.598437 0.462500 0.595313 0.456250
2 0.398438 0.420833 0.393750 0.427083 0.393750 0.450000 0.392188 0.452083 0.390625 0.477083 0.404687 0.477083 0.407813 0.481250 0.410938 0.445833 0.409375 0.441667 0.406250 0.445833 0.403125 0.443750 0.403125 0.427083
2 0.682813 0.347917 0.698438 0.383333 0.700000 0.443750 0.707812 0.460417 0.707812 0.352083
2 0.610938 0.343750 0.590625 0.343750 0.589063 0.327083 0.554688 0.339583 0.551562 0.320833 0.520312 0.435417 0.490625 0.437500 0.479687 0.406250 0.453125 0.404167 0.417187 0.441667 0.412500 0.481250 0.431250 0.454167 0.464062 0.475000 0.489063 0.460417 0.565625 0.500000 0.568750 0.456250 0.540625 0.458333 0.534375 0.395833 0.543750 0.414583 0.545312 0.347917 0.553125 0.381250 0.584375 0.341667 0.590625 0.402083
4 0.848437 0.543750 0.998437 0.568750 0.998437 0.541667 0.967187 0.541667 0.910937 0.514583 0.896875 0.514583 0.889062 0.531250 0.851562 0.529167
4 0.460938 0.475000 0.460938 0.483333 0.467187 0.487500 0.500000 0.491667 0.501563 0.495833 0.539062 0.495833 0.537500 0.479167
5 0.360938 0.252083 0.350000 0.254167 0.359375 0.277083 0.351562 0.437500 0.356250 0.422917 0.360938 0.268750 0.375000 0.262500
8 0.998437 0.366667 0.906250 0.364583 0.853125 0.435417 0.826562 0.297917 0.746875 0.475000 0.704688 0.460417 0.689063 0.362500 0.639062 0.312500 0.590625 0.404167 0.584375 0.343750 0.553125 0.383333 0.546875 0.347917 0.531250 0.418750 0.567187 0.502083 0.595313 0.454167 0.620313 0.512500 0.651563 0.470833 0.637500 0.508333 0.676562 0.475000 0.678125 0.516667 0.704688 0.466667 0.725000 0.527083 0.998437 0.539583
8 0.328125 0.000000 0.000000 0.000000 0.000000 0.743750 0.368750 0.533333 0.389062 0.416667 0.410938 0.481250 0.460938 0.397917 0.440625 0.295833 0.367188 0.266667 0.351562 0.439583 0.356250 0.270833 0.295312 0.279167
9 0.462500 0.487500 0.682813 0.997917 0.998437 0.997917 0.998437 0.570833
9 0.384375 0.510417 0.387500 0.516667 0.395313 0.510417 0.401562 0.495833 0.420312 0.495833 0.428125 0.487500 0.434375 0.487500 0.423438 0.483333 0.406250 0.483333 0.404687 0.479167 0.390625 0.479167 0.389062 0.497917 0.385937 0.479167
10 0.301563 0.072917 0.334375 0.162500 0.304688 0.158333 0.296875 0.279167 0.412500 0.264583 0.490625 0.435417 0.551562 0.318750 0.707812 0.350000 0.709375 0.460417 0.746875 0.472917 0.826562 0.295833 0.853125 0.433333 0.906250 0.362500 0.998437 0.364583 0.998437 0.000000 0.329688 0.000000
13 0.420312 0.481250 0.423438 0.481250 0.425000 0.483333 0.432812 0.483333 0.434375 0.485417 0.440625 0.485417 0.442188 0.487500 0.443750 0.485417 0.446875 0.485417 0.446875 0.472917 0.445312 0.470833 0.439063 0.470833 0.437500 0.468750 0.429688 0.468750 0.423438 0.475000 0.421875 0.475000