0 0.789062 0.997917 0.478125 0.493750 0.396875 0.512500 0.276562 0.662500 0.000000 0.879167 0.000000 0.997917
2 0.851562 0.477083 0.851562 0.483333 0.848437 0.487500 0.848437 0.493750 0.846875 0.495833 0.848437 0.497917 0.848437 0.512500 0.850000 0.516667 0.860938 0.516667 0.860938 0.500000 0.862500 0.497917 0.862500 0.489583 0.864062 0.487500 0.864062 0.477083
2 0.743750 0.458333 0.740625 0.462500 0.740625 0.466667 0.734375 0.472917 0.734375 0.481250 0.732812 0.483333 0.732812 0.487500 0.737500 0.493750 0.734375 0.506250 0.739062 0.508333 0.748437 0.508333 0.750000 0.502083 0.751563 0.462500 0.748437 0.462500
2 0.773438 0.458333 0.770312 0.468750 0.768750 0.510417 0.807813 0.512500 0.795312 0.497917 0.793750 0.491667 0.795312 0.479167 0.803125 0.460417 0.801562 0.450000 0.784375 0.450000 0.778125 0.458333
2 0.629687 0.441667 0.617188 0.443750 0.617188 0.447917 0.612500 0.456250 0.610938 0.502083 0.626563 0.502083 0.628125 0.500000
2 0.421875 0.431250 0.412500 0.433333 0.414062 0.437500 0.412500 0.443750 0.404687 0.450000 0.403125 0.458333 0.403125 0.475000 0.406250 0.477083 0.404687 0.487500 0.428125 0.487500 0.428125 0.456250 0.423438 0.454167 0.423438 0.441667 0.425000 0.439583
2 0.612500 0.308333 0.576562 0.312500 0.567187 0.447917 0.515625 0.437500 0.507812 0.406250 0.476562 0.404167 0.467187 0.431250 0.435937 0.447917 0.434375 0.487500 0.453125 0.475000 0.454688 0.443750 0.457813 0.472917 0.496875 0.472917 0.498437 0.456250 0.503125 0.487500 0.575000 0.472917 0.606250 0.500000 0.592187 0.364583 0.600000 0.356250 0.607812 0.375000
2 0.678125 0.293750 0.670312 0.310417 0.648438 0.320833 0.667188 0.402083 0.657813 0.431250 0.635938 0.437500 0.632812 0.502083 0.704688 0.506250 0.703125 0.472917 0.676562 0.466667 0.670312 0.422917 0.684375 0.400000 0.673438 0.375000 0.660937 0.372917 0.673438 0.325000 0.685937 0.314583
4 0.500000 0.491667 0.510938 0.491667 0.512500 0.495833 0.529687 0.495833 0.546875 0.502083 0.587500 0.500000 0.585938 0.479167 0.575000 0.475000 0.512500 0.479167 0.509375 0.485417 0.506250 0.483333 0.504687 0.489583 0.501563 0.483333
5 0.298438 0.000000 0.242188 0.000000 0.264062 0.031250 0.262500 0.406250 0.275000 0.070833 0.284375 0.035417 0.303125 0.027083
8 0.496875 0.487500 0.496875 0.475000 0.490625 0.472917 0.485938 0.468750 0.481250 0.468750 0.479687 0.472917 0.471875 0.472917 0.470313 0.470833 0.460938 0.470833 0.459375 0.472917 0.471875 0.475000 0.475000 0.479167 0.475000 0.483333 0.482812 0.483333 0.484375 0.485417 0.487500 0.483333 0.490625 0.485417 0.492188 0.489583 0.493750 0.489583 0.495312 0.485417
8 0.623437 0.256250 0.609375 0.375000 0.600000 0.358333 0.593750 0.364583 0.607812 0.437500 0.607812 0.525000 0.615625 0.443750 0.631250 0.441667 0.631250 0.502083 0.634375 0.437500 0.657813 0.429167 0.665625 0.402083 0.646875 0.329167 0.654687 0.306250 0.646875 0.289583 0.634375 0.306250 0.623437 0.302083
8 0.998437 0.197917 0.951562 0.360417 0.932813 0.337500 0.942187 0.395833 0.910937 0.375000 0.909375 0.414583 0.893750 0.354167 0.850000 0.364583 0.803125 0.437500 0.793750 0.306250 0.728125 0.239583 0.701562 0.254167 0.664062 0.354167 0.678125 0.466667 0.709375 0.514583 0.751563 0.460417 0.754687 0.518750 0.801562 0.447917 0.809375 0.514583 0.848437 0.516667 0.864062 0.475000 0.865625 0.520833 0.992188 0.529167
8 0.109375 0.000000 0.000000 0.000000 0.000000 0.877083 0.362500 0.575000 0.393750 0.393750 0.396875 0.485417 0.421875 0.429167 0.432812 0.491667 0.489063 0.389583 0.448437 0.260417 0.323437 0.270833 0.276562 0.177083 0.262500 0.408333 0.257812 0.175000 0.129688 0.127083 0.150000 0.052083
9 0.409375 0.522917 0.404687 0.518750 0.392188 0.520833 0.392188 0.516667 0.376563 0.510417 0.367188 0.516667 0.367188 0.529167 0.359375 0.535417 0.356250 0.547917 0.359375 0.568750 0.365625 0.570833 0.376563 0.558333 0.392188 0.547917
9 0.396875 0.510417 0.434375 0.512500 0.443750 0.506250 0.445312 0.502083 0.450000 0.502083 0.460938 0.493750 0.446875 0.493750 0.445312 0.489583 0.434375 0.489583 0.432812 0.493750 0.429688 0.493750 0.428125 0.489583 0.396875 0.487500
9 0.475000 0.485417 0.787500 0.995833 0.998437 0.997917 0.998437 0.533333 0.664062 0.504167 0.607812 0.527083 0.604688 0.502083
10 0.276562 0.070833 0.320312 0.266667 0.428125 0.241667 0.490625 0.314583 0.476562 0.402083 0.562500 0.445833 0.623437 0.210417 0.626563 0.304167 0.685937 0.308333 0.726562 0.237500 0.793750 0.304167 0.803125 0.435417 0.850000 0.362500 0.942187 0.393750 0.998437 0.195833 0.998437 0.000000 0.300000 0.000000
10 0.109375 0.002083 0.128125 0.043750 0.137500 0.035417 0.151562 0.052083 0.137500 0.083333 0.123438 0.081250 0.139063 0.114583 0.129688 0.125000 0.148438 0.139583 0.165625 0.118750 0.190625 0.125000 0.217188 0.168750 0.234375 0.154167 0.251563 0.162500 0.262500 0.193750 0.267188 0.062500 0.262500 0.031250 0.240625 0.000000
13 0.445312 0.485417 0.446875 0.491667 0.464062 0.491667 0.465625 0.495833 0.470313 0.495833 0.470313 0.493750 0.473438 0.491667 0.473438 0.479167 0.467187 0.475000 0.456250 0.475000 0.454688 0.479167 0.453125 0.477083 0.451562 0.479167 0.448437 0.479167 0.448437 0.481250