0 0.735938 0.993750 0.489063 0.493750 0.412500 0.504167 0.000000 0.802083 0.000000 0.997917
2 0.990625 0.516667 0.993750 0.527083 0.993750 0.543750 0.989062 0.558333 0.989062 0.566667 0.992188 0.568750 0.998437 0.568750 0.998437 0.516667
2 0.732812 0.481250 0.731250 0.481250 0.728125 0.487500 0.721875 0.489583 0.721875 0.522917 0.725000 0.522917 0.726562 0.527083 0.729688 0.527083 0.731250 0.502083 0.732812 0.500000
2 0.714063 0.479167 0.707812 0.477083 0.706250 0.487500 0.701562 0.489583 0.695312 0.502083 0.695312 0.512500 0.690625 0.506250 0.692187 0.500000 0.689063 0.487500 0.679688 0.493750 0.679688 0.518750 0.682813 0.516667 0.684375 0.502083 0.685937 0.506250 0.687500 0.502083 0.690625 0.508333 0.685937 0.510417 0.685937 0.516667 0.700000 0.518750 0.703125 0.514583 0.706250 0.522917 0.714063 0.522917
2 0.764062 0.470833 0.745313 0.479167 0.740625 0.497917 0.739062 0.527083 0.771875 0.531250 0.767188 0.520833 0.762500 0.516667 0.764062 0.500000 0.767188 0.497917 0.767188 0.475000
2 0.428125 0.427083 0.425000 0.431250 0.421875 0.431250 0.421875 0.443750 0.417187 0.450000 0.414062 0.447917 0.412500 0.483333 0.420312 0.481250 0.434375 0.485417 0.435937 0.456250 0.434375 0.454167 0.431250 0.456250 0.428125 0.452083
2 0.646875 0.402083 0.643750 0.445833 0.618750 0.456250 0.615625 0.466667 0.612500 0.452083 0.595313 0.452083 0.587500 0.506250 0.610938 0.506250 0.614062 0.464583 0.615625 0.508333 0.673438 0.518750 0.673438 0.489583 0.667188 0.493750 0.660937 0.481250 0.653125 0.483333 0.653125 0.466667 0.645312 0.460417 0.653125 0.435417
2 0.625000 0.316667 0.623437 0.335417 0.631250 0.333333 0.635938 0.341667 0.634375 0.366667 0.639062 0.383333 0.639062 0.395833 0.639062 0.385417 0.645312 0.377083 0.650000 0.377083 0.650000 0.362500 0.656250 0.352083 0.660937 0.352083 0.662500 0.337500 0.634375 0.335417 0.631250 0.331250 0.629687 0.316667
2 0.603125 0.297917 0.592187 0.333333 0.573438 0.335417 0.554688 0.445833 0.517188 0.441667 0.509375 0.410417 0.479687 0.408333 0.470313 0.435417 0.440625 0.450000 0.437500 0.485417 0.456250 0.472917 0.459375 0.445833 0.460938 0.472917 0.492188 0.481250 0.562500 0.464583 0.582812 0.502083 0.584375 0.435417 0.571875 0.406250 0.578125 0.383333 0.587500 0.406250 0.595313 0.333333 0.601562 0.370833 0.620313 0.335417 0.600000 0.331250
4 0.500000 0.485417 0.503125 0.495833 0.525000 0.495833 0.534375 0.502083 0.543750 0.502083 0.545312 0.506250 0.576562 0.506250 0.578125 0.485417 0.567187 0.483333 0.565625 0.479167 0.526563 0.479167 0.525000 0.483333 0.523438 0.479167 0.503125 0.479167
5 0.353125 0.172917 0.343750 0.177083 0.357812 0.197917 0.350000 0.425000 0.360938 0.218750 0.365625 0.197917 0.379688 0.191667 0.375000 0.181250
8 0.954688 0.556250 0.954688 0.560417 0.959375 0.560417 0.960938 0.564583 0.987500 0.566667 0.987500 0.558333 0.985938 0.554167 0.982812 0.552083 0.959375 0.552083 0.957812 0.556250
8 0.998437 0.356250 0.956250 0.385417 0.920312 0.270833 0.892188 0.414583 0.764062 0.452083 0.764062 0.372917 0.695312 0.291667 0.639062 0.397917 0.631250 0.335417 0.601562 0.372917 0.596875 0.333333 0.582812 0.506250 0.603125 0.447917 0.614062 0.508333 0.646875 0.400000 0.675000 0.520833 0.712500 0.475000 0.737500 0.527083 0.764062 0.468750 0.776563 0.533333 0.989062 0.547917
8 0.254688 0.000000 0.000000 0.000000 0.000000 0.772917 0.404687 0.529167 0.410938 0.410417 0.435937 0.487500 0.490625 0.397917 0.495312 0.327083 0.398438 0.256250 0.359375 0.281250 0.348438 0.425000 0.353125 0.279167 0.257812 0.172917 0.278125 0.066667 0.315625 0.072917
9 0.107813 0.731250 0.084375 0.722917 0.082812 0.727083 0.050000 0.729167 0.006250 0.756250 0.000000 0.775000 0.000000 0.800000
9 0.490625 0.493750 0.737500 0.997917 0.998437 0.997917 0.998437 0.570833
9 0.412500 0.485417 0.412500 0.502083 0.428125 0.502083 0.429688 0.506250 0.437500 0.506250 0.439063 0.502083 0.446875 0.502083 0.456250 0.495833 0.462500 0.495833 0.462500 0.489583 0.448437 0.489583 0.446875 0.487500 0.445312 0.489583 0.440625 0.487500 0.435937 0.489583 0.420312 0.483333
9 0.401562 0.483333 0.398438 0.485417 0.396875 0.495833 0.398438 0.497917 0.398438 0.506250 0.404687 0.512500 0.403125 0.516667 0.404687 0.518750 0.404687 0.525000 0.407813 0.529167 0.415625 0.520833 0.415625 0.514583 0.420312 0.512500 0.418750 0.508333 0.410938 0.508333 0.409375 0.510417 0.404687 0.506250 0.404687 0.502083 0.407813 0.500000 0.407813 0.483333
10 0.248438 0.014583 0.318750 0.081250 0.279687 0.066667 0.264062 0.193750 0.353125 0.277083 0.342187 0.177083 0.379688 0.183333 0.359375 0.279167 0.442188 0.258333 0.517188 0.439583 0.601562 0.293750 0.764062 0.339583 0.779687 0.450000 0.892188 0.412500 0.920312 0.268750 0.956250 0.383333 0.998437 0.354167 0.998437 0.000000
13 0.448437 0.487500 0.462500 0.487500 0.464062 0.491667 0.476562 0.491667 0.478125 0.489583 0.478125 0.483333 0.481250 0.481250 0.482812 0.477083 0.475000 0.477083 0.473438 0.475000 0.460938 0.475000 0.459375 0.477083 0.456250 0.475000 0.451562 0.479167 0.450000 0.483333 0.448437 0.483333