0 0.693750 0.993750 0.462500 0.487500 0.000000 0.764583 0.000000 0.997917
2 0.701562 0.472917 0.696875 0.479167 0.695312 0.497917 0.692187 0.504167 0.692187 0.518750 0.704688 0.518750 0.706250 0.522917 0.720313 0.522917 0.715625 0.516667 0.710938 0.502083 0.717187 0.481250 0.717187 0.472917
2 0.581250 0.460417 0.578125 0.502083 0.626563 0.508333 0.628125 0.489583 0.621875 0.489583 0.617188 0.479167 0.609375 0.479167 0.607812 0.466667 0.603125 0.456250
2 0.396875 0.427083 0.395313 0.477083 0.403125 0.477083 0.401562 0.458333 0.409375 0.456250 0.412500 0.460417 0.412500 0.481250 0.414062 0.445833 0.410938 0.450000 0.409375 0.447917 0.406250 0.427083
2 0.695312 0.347917 0.698438 0.360417 0.703125 0.364583 0.703125 0.375000 0.710938 0.385417 0.710938 0.445833 0.718750 0.456250 0.717187 0.347917
2 0.620313 0.343750 0.595313 0.322917 0.587500 0.341667 0.562500 0.335417 0.562500 0.302083 0.526563 0.439583 0.492188 0.437500 0.484375 0.408333 0.457813 0.404167 0.450000 0.431250 0.420312 0.445833 0.418750 0.481250 0.435937 0.443750 0.467187 0.485417 0.537500 0.477083 0.573438 0.502083 0.576562 0.456250 0.548438 0.458333 0.537500 0.402083 0.551562 0.414583 0.553125 0.356250 0.567187 0.377083 0.589063 0.339583 0.600000 0.397917
4 0.465625 0.479167 0.478125 0.489583 0.496875 0.489583 0.517188 0.497917 0.545312 0.495833 0.545312 0.487500 0.537500 0.479167 0.481250 0.475000
5 0.356250 0.237500 0.346875 0.241667 0.357812 0.252083 0.351562 0.435417 0.360938 0.258333 0.364063 0.262500 0.367188 0.252083 0.376563 0.247917
8 0.998437 0.570833 0.998437 0.372917 0.923438 0.364583 0.879687 0.427083 0.860938 0.291667 0.754687 0.475000 0.653125 0.310417 0.600000 0.400000 0.589063 0.341667 0.539062 0.402083 0.576562 0.506250 0.582812 0.456250 0.667188 0.520833 0.717187 0.470833 0.725000 0.527083
8 0.310937 0.000000 0.000000 0.000000 0.000000 0.745833 0.367188 0.539583 0.393750 0.425000 0.415625 0.483333 0.467187 0.395833 0.435937 0.281250 0.362500 0.264583 0.350000 0.435417 0.356250 0.268750 0.289062 0.262500 0.293750 0.135417 0.326562 0.131250 0.290625 0.050000
9 0.150000 0.664583 0.123438 0.670833 0.079687 0.702083 0.057813 0.708333 0.035937 0.739583 0.000000 0.747917 0.000000 0.762500
9 0.457813 0.483333 0.695312 0.997917 0.998437 0.997917 0.998437 0.572917
9 0.387500 0.516667 0.390625 0.518750 0.400000 0.510417 0.400000 0.504167 0.403125 0.502083 0.400000 0.500000 0.401562 0.497917 0.428125 0.495833 0.437500 0.487500 0.426563 0.483333 0.414062 0.485417 0.406250 0.483333 0.404687 0.479167 0.395313 0.479167 0.395313 0.495833 0.390625 0.500000 0.389062 0.481250 0.385937 0.485417 0.385937 0.495833 0.389062 0.502083
10 0.292187 0.039583 0.328125 0.131250 0.295312 0.135417 0.290625 0.262500 0.418750 0.262500 0.492188 0.435417 0.528125 0.435417 0.562500 0.300000 0.717187 0.345833 0.753125 0.472917 0.842187 0.291667 0.879687 0.425000 0.923438 0.362500 0.998437 0.370833 0.998437 0.000000
13 0.426563 0.479167 0.428125 0.483333 0.432812 0.483333 0.439063 0.487500 0.451562 0.487500 0.453125 0.485417 0.453125 0.479167 0.451562 0.477083 0.451562 0.472917 0.448437 0.472917 0.446875 0.470833 0.434375 0.470833 0.432812 0.472917 0.429688 0.472917 0.429688 0.475000