0 0.781250 0.997917 0.490625 0.493750 0.401562 0.510417 0.301563 0.635417 0.000000 0.850000 0.000000 0.997917
2 0.851562 0.481250 0.850000 0.483333 0.850000 0.487500 0.846875 0.491667 0.845313 0.491667 0.845313 0.495833 0.843750 0.497917 0.843750 0.510417 0.848437 0.518750 0.851562 0.520833 0.856250 0.520833 0.856250 0.508333 0.857812 0.506250 0.857812 0.500000 0.859375 0.497917 0.859375 0.489583 0.860938 0.487500 0.860938 0.483333 0.859375 0.481250
2 0.746875 0.466667 0.740625 0.462500 0.737500 0.470833 0.732812 0.472917 0.728125 0.489583 0.720313 0.487500 0.718750 0.472917 0.710938 0.472917 0.707812 0.481250 0.707812 0.491667 0.739062 0.491667 0.743750 0.495833 0.743750 0.510417 0.743750 0.500000 0.746875 0.497917
2 0.779687 0.454167 0.768750 0.472917 0.768750 0.497917 0.765625 0.500000 0.765625 0.512500 0.804688 0.516667 0.796875 0.504167 0.792188 0.502083 0.790625 0.495833 0.796875 0.485417 0.798438 0.462500 0.801562 0.458333 0.793750 0.454167
2 0.396875 0.447917 0.390625 0.447917 0.385937 0.460417 0.385937 0.468750 0.382812 0.472917 0.384375 0.487500 0.387500 0.487500 0.389062 0.485417 0.396875 0.485417
2 0.628125 0.441667 0.617188 0.441667 0.612500 0.450000 0.609375 0.462500 0.607812 0.502083 0.626563 0.502083 0.628125 0.452083 0.629687 0.450000
2 0.426563 0.431250 0.415625 0.433333 0.415625 0.443750 0.412500 0.447917 0.406250 0.447917 0.406250 0.458333 0.403125 0.466667 0.403125 0.485417 0.432812 0.487500 0.432812 0.456250 0.428125 0.458333 0.423438 0.445833 0.428125 0.439583
2 0.610938 0.316667 0.576562 0.320833 0.568750 0.447917 0.517188 0.437500 0.509375 0.406250 0.479687 0.406250 0.471875 0.431250 0.437500 0.450000 0.437500 0.491667 0.454688 0.477083 0.459375 0.443750 0.460938 0.468750 0.587500 0.477083 0.589063 0.497917 0.603125 0.502083 0.590625 0.385417 0.596875 0.360417 0.607812 0.383333
2 0.673438 0.300000 0.671875 0.312500 0.653125 0.314583 0.648438 0.327083 0.664062 0.427083 0.634375 0.441667 0.632812 0.502083 0.701562 0.508333 0.703125 0.479167 0.676562 0.472917 0.676562 0.452083 0.665625 0.445833 0.681250 0.410417 0.671875 0.383333 0.659375 0.381250 0.673438 0.320833 0.682813 0.312500
4 0.707812 0.493750 0.707812 0.510417 0.709375 0.508333 0.715625 0.508333 0.718750 0.506250 0.720313 0.502083 0.725000 0.502083 0.731250 0.497917 0.737500 0.500000 0.740625 0.504167 0.740625 0.510417 0.742188 0.510417 0.740625 0.508333 0.742188 0.495833 0.739062 0.493750 0.729688 0.493750 0.728125 0.491667
4 0.589063 0.500000 0.587500 0.479167 0.568750 0.475000 0.503125 0.479167 0.503125 0.491667 0.507812 0.495833 0.529687 0.495833 0.540625 0.502083
5 0.281250 0.033333 0.271875 0.054167 0.289062 0.072917 0.295312 0.102083 0.290625 0.404167 0.300000 0.114583 0.306250 0.083333 0.323437 0.075000 0.326562 0.058333
8 0.621875 0.260417 0.609375 0.383333 0.596875 0.362500 0.592187 0.385417 0.606250 0.450000 0.604688 0.525000 0.614062 0.443750 0.631250 0.447917 0.629687 0.510417 0.632812 0.441667 0.662500 0.427083 0.646875 0.291667 0.625000 0.316667
8 0.998437 0.208333 0.971875 0.216667 0.929688 0.389583 0.848437 0.372917 0.804688 0.443750 0.790625 0.316667 0.723437 0.250000 0.662500 0.358333 0.675000 0.468750 0.704688 0.514583 0.742188 0.460417 0.750000 0.518750 0.751563 0.468750 0.762500 0.514583 0.793750 0.452083 0.806250 0.516667 0.846875 0.518750 0.859375 0.479167 0.860938 0.525000 0.996875 0.535417
8 0.117188 0.000000 0.000000 0.000000 0.000000 0.847917 0.364063 0.575000 0.400000 0.400000 0.434375 0.491667 0.495312 0.368750 0.432812 0.247917 0.346875 0.277083 0.298438 0.233333 0.290625 0.406250 0.285938 0.206250 0.171875 0.145833 0.193750 0.102083 0.143750 0.097917
9 0.415625 0.522917 0.407813 0.516667 0.398438 0.518750 0.393750 0.512500 0.382812 0.514583 0.378125 0.520833 0.379688 0.533333 0.375000 0.535417 0.373437 0.541667 0.370312 0.543750 0.370312 0.554167 0.367188 0.560417 0.368750 0.564583 0.371875 0.566667 0.376563 0.560417 0.387500 0.554167 0.390625 0.547917 0.395313 0.547917 0.398438 0.539583 0.403125 0.539583 0.409375 0.529167 0.415625 0.527083
9 0.401562 0.508333 0.434375 0.512500 0.464062 0.493750 0.451562 0.493750 0.450000 0.489583 0.446875 0.489583 0.445312 0.493750 0.437500 0.493750 0.435937 0.489583 0.434375 0.493750 0.432812 0.489583 0.403125 0.487500
9 0.460938 0.470833 0.782813 0.997917 0.998437 0.997917 0.998437 0.537500 0.642188 0.504167 0.604688 0.527083
10 0.118750 0.000000 0.171875 0.143750 0.287500 0.214583 0.268750 0.041667 0.323437 0.050000 0.300000 0.235417 0.432812 0.245833 0.493750 0.318750 0.479687 0.404167 0.565625 0.447917 0.621875 0.225000 0.625000 0.314583 0.721875 0.247917 0.790625 0.314583 0.804688 0.441667 0.848437 0.370833 0.929688 0.387500 0.998437 0.206250 0.998437 0.000000
13 0.448437 0.487500 0.450000 0.487500 0.451562 0.491667 0.464062 0.491667 0.465625 0.495833 0.473438 0.495833 0.473438 0.493750 0.478125 0.489583 0.476562 0.479167 0.473438 0.477083 0.456250 0.477083 0.453125 0.479167 0.451562 0.485417