0 0.781250 0.997917 0.481250 0.493750 0.389062 0.512500 0.393750 0.545833 0.000000 0.872917 0.000000 0.997917
2 0.857812 0.472917 0.856250 0.477083 0.851562 0.477083 0.851562 0.483333 0.848437 0.493750 0.848437 0.506250 0.850000 0.508333 0.850000 0.512500 0.862500 0.516667 0.862500 0.497917 0.864062 0.495833 0.864062 0.487500 0.865625 0.485417 0.865625 0.472917
2 0.745313 0.456250 0.743750 0.458333 0.743750 0.464583 0.740625 0.468750 0.737500 0.468750 0.737500 0.475000 0.734375 0.481250 0.734375 0.485417 0.739062 0.487500 0.743750 0.493750 0.743750 0.506250 0.751563 0.506250 0.751563 0.460417
2 0.800000 0.445833 0.787500 0.447917 0.773438 0.460417 0.768750 0.504167 0.770312 0.508333 0.807813 0.510417 0.798438 0.500000 0.795312 0.491667 0.803125 0.460417 0.803125 0.450000
2 0.628125 0.437500 0.625000 0.437500 0.623437 0.441667 0.618750 0.441667 0.614062 0.452083 0.612500 0.500000 0.615625 0.502083 0.618750 0.500000 0.626563 0.502083 0.628125 0.458333 0.629687 0.456250
2 0.418750 0.427083 0.414062 0.427083 0.409375 0.431250 0.407813 0.443750 0.398438 0.452083 0.398438 0.487500 0.425000 0.487500 0.426563 0.456250 0.421875 0.456250 0.418750 0.452083 0.420312 0.443750
2 0.610938 0.306250 0.573438 0.310417 0.562500 0.447917 0.510938 0.435417 0.504687 0.406250 0.473438 0.404167 0.462500 0.431250 0.431250 0.447917 0.429688 0.491667 0.450000 0.472917 0.451562 0.443750 0.453125 0.470833 0.489063 0.477083 0.495312 0.456250 0.496875 0.472917 0.514062 0.460417 0.518750 0.475000 0.582812 0.472917 0.585938 0.497917 0.606250 0.500000 0.596875 0.352083 0.607812 0.370833
2 0.678125 0.289583 0.668750 0.306250 0.654687 0.306250 0.648438 0.325000 0.667188 0.414583 0.634375 0.439583 0.632812 0.502083 0.706250 0.506250 0.706250 0.472917 0.695312 0.477083 0.689063 0.462500 0.679688 0.468750 0.681250 0.447917 0.668750 0.429167 0.684375 0.402083 0.676562 0.372917 0.662500 0.370833 0.673438 0.312500 0.689063 0.308333 0.678125 0.304167
4 0.584375 0.497917 0.582812 0.475000 0.500000 0.475000 0.496875 0.483333 0.496875 0.491667 0.514062 0.491667 0.515625 0.495833 0.529687 0.495833 0.545312 0.502083 0.576562 0.502083
5 0.260937 0.000000 0.240625 0.000000 0.235937 0.408333 0.243750 0.397917 0.250000 0.035417
8 0.625000 0.243750 0.609375 0.370833 0.596875 0.354167 0.593750 0.375000 0.609375 0.441667 0.607812 0.525000 0.615625 0.443750 0.629687 0.437500 0.631250 0.502083 0.632812 0.439583 0.665625 0.414583 0.646875 0.325000 0.654687 0.302083 0.646875 0.281250 0.634375 0.302083 0.625000 0.297917
8 0.998437 0.191667 0.956250 0.352083 0.935937 0.337500 0.946875 0.391667 0.914062 0.368750 0.906250 0.412500 0.892188 0.354167 0.815625 0.381250 0.801562 0.441667 0.798438 0.304167 0.728125 0.233333 0.701562 0.247917 0.664062 0.350000 0.678125 0.464583 0.709375 0.514583 0.746875 0.454167 0.754687 0.516667 0.800000 0.443750 0.810937 0.512500 0.865625 0.470833 0.867188 0.518750 0.998437 0.527083
8 0.103125 0.000000 0.000000 0.000000 0.000000 0.870833 0.325000 0.606250 0.387500 0.393750 0.390625 0.487500 0.418750 0.425000 0.428125 0.491667 0.489063 0.366667 0.425000 0.241667 0.303125 0.275000 0.257812 0.154167 0.235937 0.410417 0.235937 0.150000 0.115625 0.122917
9 0.403125 0.522917 0.360938 0.510417 0.356250 0.533333 0.346875 0.535417 0.335938 0.560417 0.332813 0.595833 0.393750 0.543750 0.393750 0.535417 0.398438 0.529167 0.404687 0.529167
9 0.389062 0.510417 0.404687 0.514583 0.428125 0.514583 0.459375 0.493750 0.443750 0.493750 0.442188 0.489583 0.439063 0.489583 0.437500 0.493750 0.426563 0.493750 0.425000 0.489583 0.389062 0.489583
9 0.478125 0.487500 0.782813 0.997917 0.998437 0.997917 0.998437 0.529167 0.623437 0.502083 0.607812 0.527083 0.600000 0.500000
9 0.362500 0.489583 0.364063 0.493750 0.364063 0.506250 0.373437 0.506250 0.375000 0.508333 0.382812 0.508333 0.384375 0.510417 0.385937 0.506250 0.385937 0.489583 0.384375 0.487500 0.376563 0.487500 0.375000 0.489583 0.371875 0.487500 0.365625 0.487500
10 0.251563 0.035417 0.303125 0.272917 0.425000 0.239583 0.487500 0.312500 0.473438 0.402083 0.560937 0.445833 0.623437 0.231250 0.626563 0.297917 0.687500 0.304167 0.726562 0.231250 0.795312 0.297917 0.801562 0.439583 0.864062 0.354167 0.946875 0.389583 0.998437 0.189583 0.998437 0.000000
10 0.081250 0.037500 0.112500 0.083333 0.115625 0.120833 0.137500 0.089583 0.165625 0.100000 0.187500 0.137500 0.209375 0.127083 0.235937 0.147917 0.239063 0.000000 0.104688 0.000000 0.095312 0.008333 0.093750 0.031250
13 0.443750 0.483333 0.443750 0.491667 0.462500 0.491667 0.464062 0.495833 0.467187 0.495833 0.471875 0.487500 0.470313 0.479167 0.465625 0.475000 0.453125 0.475000 0.453125 0.487500 0.451562 0.489583 0.450000 0.487500 0.450000 0.477083 0.445312 0.479167