0 0.000000 0.710417 0.000000 0.997917 0.656250 0.997917 0.476562 0.497917 0.257812 0.581250 0.154688 0.487500
2 0.939063 0.518750 0.937500 0.518750 0.931250 0.529167 0.926562 0.529167 0.923438 0.535417 0.923438 0.552083 0.921875 0.556250 0.934375 0.556250 0.935937 0.558333 0.935937 0.556250 0.939063 0.554167 0.939063 0.545833 0.937500 0.543750 0.939063 0.541667 0.939063 0.535417 0.942187 0.533333 0.942187 0.525000 0.939063 0.522917
2 0.957812 0.504167 0.951562 0.520833 0.948438 0.550000 0.945312 0.552083 0.946875 0.558333 0.968750 0.560417 0.970313 0.564583 0.998437 0.566667 0.998437 0.545833 0.985938 0.522917 0.984375 0.510417 0.976562 0.508333 0.975000 0.504167
2 0.376563 0.425000 0.368750 0.418750 0.364063 0.420833 0.346875 0.420833 0.343750 0.435417 0.343750 0.445833 0.368750 0.445833 0.373437 0.454167 0.375000 0.450000
2 0.548438 0.452083 0.537500 0.431250 0.498437 0.435417 0.492188 0.397917 0.475000 0.389583 0.440625 0.393750 0.434375 0.412500 0.410938 0.404167 0.382812 0.425000 0.382812 0.435417 0.398438 0.437500 0.382812 0.450000 0.395313 0.454167 0.401562 0.472917 0.415625 0.470833 0.420312 0.422917 0.421875 0.470833 0.457813 0.466667 0.467187 0.481250 0.479687 0.450000 0.482812 0.477083 0.543750 0.475000
2 0.012500 0.306250 0.015625 0.360417 0.000000 0.364583 0.000000 0.425000 0.070312 0.431250 0.090625 0.410417 0.118750 0.418750 0.125000 0.437500 0.178125 0.441667 0.176563 0.420833 0.206250 0.404167 0.221875 0.420833 0.221875 0.447917 0.265625 0.443750 0.259375 0.420833 0.240625 0.427083 0.232813 0.400000 0.203125 0.377083 0.193750 0.337500 0.170313 0.322917 0.173437 0.300000 0.135937 0.289583 0.126562 0.268750
2 0.812500 0.239583 0.815625 0.268750 0.843750 0.250000 0.843750 0.310417 0.820312 0.322917 0.839063 0.320833 0.842187 0.364583 0.817187 0.418750 0.767188 0.427083 0.764062 0.506250 0.776563 0.477083 0.810937 0.487500 0.795312 0.527083 0.848437 0.497917 0.931250 0.512500 0.932813 0.475000 0.912500 0.479167 0.909375 0.433333 0.879687 0.400000 0.901563 0.370833 0.873437 0.347917 0.923438 0.337500 0.920312 0.258333
2 0.600000 0.241667 0.570312 0.408333 0.575000 0.450000 0.626563 0.491667 0.659375 0.487500 0.673438 0.464583 0.715625 0.487500 0.739062 0.477083 0.754687 0.518750 0.757812 0.418750 0.714063 0.414583 0.690625 0.387500 0.690625 0.358333 0.712500 0.354167 0.698438 0.304167 0.715625 0.287500 0.720313 0.239583 0.693750 0.241667 0.682813 0.212500 0.679688 0.239583
3 0.307812 0.462500 0.307812 0.479167 0.317188 0.479167 0.318750 0.481250 0.323437 0.481250 0.325000 0.483333 0.329688 0.483333 0.331250 0.481250 0.331250 0.477083 0.332813 0.475000 0.332813 0.462500
3 0.373437 0.456250 0.371875 0.458333 0.362500 0.460417 0.360938 0.466667 0.343750 0.466667 0.342187 0.468750 0.343750 0.485417 0.351562 0.485417 0.353125 0.487500 0.373437 0.487500 0.373437 0.472917 0.375000 0.470833
3 0.382812 0.452083 0.381250 0.456250 0.381250 0.487500 0.400000 0.487500 0.400000 0.479167 0.401562 0.475000 0.400000 0.472917 0.400000 0.466667 0.396875 0.462500 0.396875 0.458333 0.395313 0.456250 0.389062 0.456250 0.387500 0.452083
4 0.773438 0.479167 0.771875 0.508333 0.768750 0.512500 0.762500 0.508333 0.760938 0.539583 0.814063 0.543750 0.801562 0.537500 0.803125 0.527083 0.793750 0.527083 0.798438 0.506250 0.795312 0.491667 0.809375 0.487500
4 0.754687 0.533333 0.742188 0.481250 0.715625 0.489583 0.696875 0.466667 0.667188 0.468750 0.659375 0.489583 0.634375 0.493750 0.610938 0.472917 0.465625 0.487500 0.598437 0.533333
4 0.000000 0.427083 0.000000 0.462500 0.264062 0.477083 0.265625 0.447917
8 0.071875 0.431250 0.078125 0.435417 0.092188 0.435417 0.093750 0.439583 0.118750 0.439583 0.123438 0.437500 0.123438 0.429167 0.126562 0.427083 0.120313 0.425000 0.118750 0.420833 0.114062 0.418750 0.100000 0.418750 0.087500 0.412500 0.076563 0.414583 0.073438 0.418750
8 0.178125 0.420833 0.179688 0.443750 0.220312 0.445833 0.220312 0.420833 0.212500 0.410417 0.207813 0.410417 0.206250 0.406250 0.189062 0.408333
8 0.092188 0.275000 0.090625 0.268750 0.087500 0.266667 0.081250 0.254167 0.076563 0.254167 0.073438 0.256250 0.071875 0.260417 0.068750 0.260417 0.067187 0.264583 0.064062 0.264583 0.065625 0.266667 0.060937 0.268750 0.060937 0.277083 0.059375 0.279167 0.057813 0.277083 0.057813 0.279167 0.060937 0.277083 0.062500 0.279167 0.082812 0.279167 0.084375 0.281250 0.092188 0.281250 0.090625 0.279167
8 0.000000 0.233333 0.000000 0.362500 0.014063 0.360417 0.015625 0.325000 0.010937 0.306250 0.021875 0.293750 0.029687 0.293750 0.031250 0.279167 0.029687 0.268750 0.021875 0.262500 0.020313 0.254167 0.007812 0.247917
8 0.385937 0.131250 0.298438 0.129167 0.267188 0.187500 0.225000 0.154167 0.196875 0.252083 0.170313 0.233333 0.148438 0.275000 0.214062 0.391667 0.260937 0.420833 0.275000 0.500000 0.284375 0.454167 0.342187 0.485417 0.371875 0.456250 0.342187 0.445833 0.365625 0.416667 0.378125 0.491667 0.396875 0.445833 0.381250 0.425000 0.434375 0.410417 0.467187 0.354167 0.470313 0.247917 0.448437 0.258333
8 0.803125 0.093750 0.775000 0.145833 0.756250 0.135417 0.759375 0.189583 0.700000 0.304167 0.714063 0.354167 0.692187 0.358333 0.709375 0.408333 0.760938 0.422917 0.753125 0.560417 0.765625 0.427083 0.817187 0.416667 0.840625 0.364583 0.837500 0.320833 0.818750 0.322917 0.842187 0.310417 0.842187 0.250000 0.810937 0.262500 0.825000 0.206250 0.806250 0.197917 0.820312 0.137500
8 0.998437 0.000000 0.950000 0.033333 0.964063 0.127083 0.929688 0.106250 0.920312 0.168750 0.887500 0.170833 0.881250 0.256250 0.920312 0.256250 0.923438 0.339583 0.875000 0.343750 0.903125 0.370833 0.881250 0.400000 0.935937 0.508333 0.848437 0.500000 0.803125 0.537500 0.920312 0.556250 0.939063 0.516667 0.943750 0.560417 0.975000 0.502083 0.998437 0.543750
9 0.168750 0.797917 0.159375 0.806250 0.156250 0.802083 0.157812 0.791667 0.154688 0.789583 0.150000 0.791667 0.150000 0.793750 0.145313 0.797917 0.139063 0.797917 0.137500 0.800000 0.137500 0.808333 0.148438 0.818750 0.154688 0.818750 0.157812 0.810417 0.162500 0.808333
9 0.295312 0.712500 0.295312 0.718750 0.292187 0.720833 0.292187 0.731250 0.293750 0.735417 0.296875 0.737500 0.298438 0.735417 0.303125 0.735417 0.304688 0.737500 0.307812 0.737500 0.310937 0.733333 0.310937 0.727083 0.312500 0.725000 0.310937 0.720833 0.310937 0.712500 0.307812 0.712500 0.306250 0.714583 0.298438 0.714583
9 0.348438 0.727083 0.346875 0.727083 0.345313 0.722917 0.342187 0.722917 0.339062 0.718750 0.340625 0.716667 0.337500 0.718750 0.335938 0.712500 0.331250 0.710417 0.325000 0.714583 0.326562 0.727083 0.323437 0.729167 0.321875 0.733333 0.318750 0.733333 0.318750 0.737500 0.320312 0.739583 0.328125 0.739583 0.329688 0.741667 0.329688 0.739583 0.335938 0.733333 0.342187 0.733333 0.343750 0.731250 0.345313 0.735417 0.346875 0.735417
9 0.468750 0.508333 0.657813 0.997917 0.998437 0.997917 0.998437 0.568750
9 0.000000 0.708333 0.154688 0.485417 0.181250 0.485417 0.218750 0.570833 0.257812 0.579167 0.426563 0.497917 0.000000 0.464583
10 0.000000 0.231250 0.145313 0.287500 0.225000 0.152083 0.385937 0.129167 0.473438 0.254167 0.442188 0.391667 0.573438 0.450000 0.600000 0.239583 0.723437 0.237500 0.803125 0.091667 0.810937 0.239583 0.889062 0.239583 0.981250 0.000000 0.000000 0.000000
13 0.459375 0.470833 0.457813 0.468750 0.439063 0.466667 0.440625 0.470833 0.439063 0.472917 0.435937 0.470833 0.421875 0.472917 0.420312 0.475000 0.420312 0.495833 0.437500 0.495833 0.439063 0.497917 0.446875 0.495833 0.450000 0.491667 0.450000 0.485417 0.446875 0.483333 0.451562 0.477083 0.454688 0.481250 0.457813 0.481250
13 0.545312 0.475000 0.595313 0.472917 0.596875 0.470833 0.595313 0.456250 0.582812 0.452083 0.550000 0.452083 0.546875 0.456250