0 0.689063 0.993750 0.470313 0.493750 0.340625 0.547917 0.226562 0.512500 0.223438 0.618750 0.025000 0.702083 0.045312 0.735417 0.000000 0.772917 0.000000 0.997917
1 0.000000 0.716667 0.031250 0.716667 0.020313 0.708333 0.042188 0.689583 0.142187 0.664583 0.218750 0.618750 0.000000 0.616667
1 0.182812 0.483333 0.218750 0.547917 0.217188 0.531250 0.226562 0.510417 0.268750 0.529167 0.200000 0.483333
2 0.831250 0.456250 0.826562 0.456250 0.825000 0.460417 0.812500 0.462500 0.806250 0.468750 0.804688 0.489583 0.807813 0.493750 0.821875 0.495833 0.826562 0.491667 0.831250 0.491667 0.837500 0.495833 0.837500 0.487500 0.828125 0.487500 0.825000 0.477083 0.821875 0.475000 0.821875 0.466667
2 0.379688 0.425000 0.373437 0.416667 0.370312 0.416667 0.365625 0.425000 0.354687 0.425000 0.351562 0.427083 0.350000 0.433333 0.350000 0.445833 0.351562 0.450000 0.356250 0.450000 0.357812 0.445833 0.367188 0.445833 0.370312 0.454167 0.379688 0.454167
2 0.396875 0.427083 0.403125 0.477083 0.412500 0.475000 0.418750 0.425000 0.420312 0.466667 0.464062 0.470833 0.473438 0.454167 0.478125 0.470833 0.484375 0.456250 0.496875 0.458333 0.498437 0.472917 0.529687 0.470833 0.537500 0.447917 0.529687 0.431250 0.526563 0.439583 0.490625 0.431250 0.481250 0.393750 0.437500 0.393750 0.434375 0.414583 0.407813 0.414583
2 0.185938 0.312500 0.182812 0.450000 0.196875 0.450000 0.196875 0.427083 0.210938 0.412500 0.228125 0.414583 0.237500 0.429167 0.237500 0.445833 0.271875 0.447917 0.260937 0.418750 0.235937 0.400000 0.231250 0.404167 0.223438 0.389583 0.223438 0.368750 0.201563 0.350000 0.204687 0.318750
2 0.040625 0.331250 0.046875 0.383333 0.039062 0.400000 0.046875 0.425000 0.100000 0.439583 0.101562 0.427083 0.118750 0.420833 0.142187 0.429167 0.146875 0.445833 0.175000 0.445833 0.178125 0.310417 0.151562 0.306250 0.143750 0.287500 0.131250 0.302083 0.120313 0.275000 0.112500 0.300000 0.078125 0.302083
2 0.742188 0.258333 0.737500 0.283333 0.756250 0.316667 0.753125 0.395833 0.734375 0.404167 0.728125 0.425000 0.703125 0.429167 0.701562 0.468750 0.787500 0.481250 0.795312 0.437500 0.782813 0.410417 0.790625 0.381250 0.778125 0.362500 0.793750 0.362500 0.800000 0.316667 0.770312 0.293750 0.767188 0.275000 0.779687 0.258333
2 0.660937 0.233333 0.651563 0.258333 0.579688 0.264583 0.557813 0.433333 0.601562 0.483333 0.639062 0.460417 0.693750 0.468750 0.693750 0.422917 0.664062 0.420833 0.642188 0.395833 0.642188 0.372917 0.660937 0.370833 0.650000 0.333333 0.676562 0.260417 0.660937 0.256250
3 0.348438 0.466667 0.348438 0.483333 0.350000 0.485417 0.357812 0.485417 0.359375 0.487500 0.376563 0.487500 0.376563 0.483333 0.378125 0.481250 0.378125 0.464583 0.376563 0.462500 0.364063 0.462500 0.362500 0.466667
3 0.315625 0.462500 0.315625 0.479167 0.318750 0.479167 0.320312 0.481250 0.334375 0.481250 0.335938 0.483333 0.339062 0.481250 0.339062 0.477083 0.340625 0.475000 0.340625 0.466667 0.337500 0.466667 0.335938 0.462500
3 0.389062 0.452083 0.389062 0.454167 0.384375 0.458333 0.384375 0.464583 0.382812 0.466667 0.382812 0.487500 0.401562 0.487500 0.401562 0.472917 0.400000 0.470833 0.400000 0.466667 0.396875 0.464583 0.396875 0.456250 0.395313 0.452083
4 0.875000 0.500000 0.873437 0.504167 0.873437 0.537500 0.896875 0.537500 0.903125 0.539583 0.904687 0.533333 0.903125 0.531250 0.903125 0.504167 0.896875 0.504167 0.895312 0.500000
4 0.846875 0.497917 0.845313 0.500000 0.845313 0.525000 0.843750 0.527083 0.843750 0.533333 0.850000 0.533333 0.851562 0.535417 0.857812 0.535417 0.859375 0.537500 0.860938 0.535417 0.860938 0.522917 0.862500 0.520833 0.862500 0.500000 0.859375 0.500000 0.857812 0.497917
4 0.803125 0.489583 0.803125 0.529167 0.806250 0.533333 0.809375 0.527083 0.814063 0.529167 0.815625 0.533333 0.837500 0.533333 0.837500 0.500000 0.820312 0.500000 0.807813 0.495833
4 0.700000 0.470833 0.698438 0.518750 0.701562 0.522917 0.784375 0.529167 0.787500 0.522917 0.784375 0.502083 0.790625 0.493750 0.790625 0.479167 0.768750 0.483333 0.767188 0.477083 0.754687 0.472917
4 0.693750 0.470833 0.639062 0.462500 0.601562 0.485417 0.598437 0.475000 0.579688 0.468750 0.478125 0.475000 0.475000 0.495833 0.553125 0.516667 0.690625 0.518750
4 0.282813 0.450000 0.182812 0.452083 0.182812 0.481250 0.193750 0.481250 0.195312 0.477083 0.281250 0.479167
4 0.000000 0.420833 0.000000 0.475000 0.121875 0.472917 0.173437 0.481250 0.173437 0.447917 0.121875 0.450000 0.051562 0.427083
5 0.179688 0.260417 0.171875 0.585417 0.178125 0.581250 0.185938 0.285417
7 0.182812 0.220833 0.184375 0.222917 0.181250 0.233333 0.182812 0.241667 0.179688 0.243750 0.181250 0.266667 0.184375 0.283333 0.189062 0.287500 0.196875 0.277083 0.198437 0.254167 0.193750 0.227083 0.190625 0.222917
8 0.101562 0.429167 0.103125 0.431250 0.101562 0.439583 0.106250 0.443750 0.112500 0.443750 0.121875 0.447917 0.142187 0.447917 0.145313 0.445833 0.146875 0.435417 0.143750 0.435417 0.142187 0.431250 0.135937 0.431250 0.134375 0.427083 0.125000 0.427083 0.118750 0.422917 0.107813 0.425000
8 0.198437 0.427083 0.196875 0.443750 0.200000 0.452083 0.207813 0.452083 0.209375 0.450000 0.210938 0.452083 0.231250 0.452083 0.235937 0.447917 0.235937 0.429167 0.232813 0.427083 0.228125 0.416667 0.214062 0.416667 0.210938 0.414583
8 0.000000 0.247917 0.000000 0.418750 0.045312 0.425000 0.037500 0.400000 0.045312 0.383333 0.039062 0.331250 0.100000 0.293750 0.081250 0.264583 0.050000 0.312500 0.040625 0.283333 0.012500 0.250000
8 0.728125 0.164583 0.704688 0.206250 0.693750 0.193750 0.696875 0.241667 0.671875 0.266667 0.651563 0.333333 0.662500 0.370833 0.643750 0.372917 0.654687 0.412500 0.695312 0.422917 0.692187 0.533333 0.701562 0.429167 0.728125 0.422917 0.753125 0.387500 0.754687 0.316667 0.735938 0.283333 0.740625 0.258333 0.729688 0.254167 0.740625 0.197917
8 0.237500 0.187500 0.215625 0.270833 0.187500 0.289583 0.203125 0.350000 0.273438 0.447917 0.296875 0.447917 0.296875 0.495833 0.304688 0.445833 0.310937 0.481250 0.315625 0.460417 0.342187 0.485417 0.376563 0.460417 0.381250 0.495833 0.395313 0.427083 0.434375 0.412500 0.462500 0.362500 0.465625 0.264583 0.445312 0.277083 0.417187 0.197917 0.378125 0.160417 0.325000 0.154167 0.278125 0.200000
8 0.892188 0.000000 0.859375 0.072917 0.867188 0.000000 0.814063 0.002083 0.803125 0.143750 0.776563 0.041667 0.793750 0.618750 0.826562 0.454167 0.868750 0.560417 0.875000 0.497917 0.906250 0.560417 0.998437 0.550000 0.998437 0.202083 0.932813 0.152083 0.948438 0.066667 0.917188 0.116667 0.882812 0.062500
9 0.000000 0.770833 0.012500 0.762500 0.014063 0.758333 0.023438 0.754167 0.026562 0.747917 0.035937 0.743750 0.043750 0.735417 0.043750 0.731250 0.034375 0.725000 0.035937 0.722917 0.032813 0.722917 0.031250 0.718750 0.025000 0.720833 0.000000 0.718750
9 0.464062 0.502083 0.690625 0.997917 0.998437 0.997917 0.996875 0.550000 0.803125 0.531250 0.793750 0.620833 0.782813 0.529167
9 0.195312 0.479167 0.304688 0.545833 0.340625 0.545833 0.425000 0.497917 0.303125 0.481250 0.296875 0.497917 0.295312 0.481250 0.282813 0.489583 0.281250 0.481250
9 0.000000 0.477083 0.000000 0.614583 0.223438 0.616667 0.232813 0.595833 0.184375 0.489583 0.179688 0.581250 0.170313 0.585417 0.173437 0.483333
10 0.893750 0.000000 0.884375 0.062500 0.901563 0.056250 0.918750 0.077083 0.917188 0.114583 0.935937 0.072917 0.953125 0.070833 0.946875 0.129167 0.934375 0.152083 0.956250 0.160417 0.964063 0.202083 0.978125 0.193750 0.993750 0.210417 0.998437 0.000000
10 0.884375 0.000000 0.868750 0.000000 0.870313 0.014583 0.865625 0.029167 0.862500 0.031250 0.862500 0.037500 0.853125 0.052083 0.854688 0.070833 0.862500 0.068750 0.879687 0.037500 0.881250 0.047917 0.879687 0.029167 0.881250 0.014583 0.884375 0.012500
10 0.000000 0.245833 0.050000 0.310417 0.081250 0.262500 0.176563 0.308333 0.182812 0.218750 0.204687 0.279167 0.237500 0.185417 0.378125 0.158333 0.467187 0.264583 0.440625 0.391667 0.560937 0.450000 0.581250 0.256250 0.685937 0.254167 0.726562 0.162500 0.731250 0.254167 0.782813 0.256250 0.775000 0.041667 0.803125 0.141667 0.821875 0.000000 0.000000 0.000000
13 0.420312 0.472917 0.420312 0.491667 0.431250 0.491667 0.432812 0.495833 0.440625 0.495833 0.442188 0.491667 0.445312 0.491667 0.445312 0.483333 0.440625 0.472917 0.432812 0.472917 0.431250 0.470833 0.423438 0.470833
13 0.531250 0.462500 0.531250 0.470833 0.554688 0.468750 0.556250 0.466667 0.576562 0.466667 0.576562 0.456250 0.568750 0.452083 0.557813 0.452083 0.556250 0.450000 0.537500 0.450000 0.534375 0.452083 0.534375 0.460417