0 0.693750 0.993750 0.470313 0.493750 0.335938 0.547917 0.225000 0.510417 0.229687 0.614583 0.081250 0.677083 0.000000 0.772917 0.000000 0.997917
1 0.000000 0.706250 0.050000 0.706250 0.081250 0.675000 0.150000 0.658333 0.225000 0.614583 0.000000 0.608333
1 0.190625 0.483333 0.190625 0.497917 0.217188 0.535417 0.221875 0.547917 0.223438 0.541667 0.218750 0.535417 0.225000 0.508333 0.234375 0.508333 0.251563 0.516667 0.203125 0.487500 0.201563 0.483333
2 0.821875 0.458333 0.807813 0.462500 0.806250 0.466667 0.800000 0.468750 0.795312 0.475000 0.795312 0.491667 0.800000 0.495833 0.807813 0.495833 0.809375 0.497917 0.818750 0.495833 0.825000 0.487500 0.818750 0.481250 0.818750 0.475000 0.817187 0.472917 0.817187 0.466667
2 0.379688 0.422917 0.370312 0.416667 0.365625 0.425000 0.354687 0.425000 0.350000 0.435417 0.351562 0.450000 0.356250 0.450000 0.357812 0.445833 0.367188 0.445833 0.370312 0.454167 0.379688 0.454167
2 0.539062 0.447917 0.529687 0.431250 0.528125 0.439583 0.490625 0.431250 0.485938 0.397917 0.470313 0.389583 0.437500 0.393750 0.434375 0.414583 0.412500 0.412500 0.396875 0.429167 0.403125 0.477083 0.412500 0.477083 0.418750 0.425000 0.420312 0.466667 0.471875 0.468750 0.473438 0.456250 0.476562 0.468750 0.493750 0.456250 0.498437 0.472917 0.528125 0.470833
2 0.195312 0.314583 0.190625 0.450000 0.196875 0.450000 0.198437 0.427083 0.209375 0.414583 0.229687 0.414583 0.237500 0.425000 0.237500 0.445833 0.250000 0.454167 0.273438 0.447917 0.260937 0.416667 0.229687 0.402083 0.226562 0.375000 0.207813 0.350000 0.214062 0.318750
2 0.045312 0.327083 0.043750 0.397917 0.053125 0.427083 0.101562 0.439583 0.118750 0.420833 0.143750 0.429167 0.148438 0.445833 0.182812 0.445833 0.185938 0.312500 0.165625 0.302083 0.156250 0.308333 0.148438 0.289583 0.132812 0.306250 0.120313 0.289583
2 0.737500 0.260417 0.737500 0.293750 0.750000 0.295833 0.753125 0.387500 0.740625 0.406250 0.731250 0.404167 0.728125 0.420833 0.700000 0.427083 0.698438 0.468750 0.756250 0.470833 0.765625 0.489583 0.779687 0.491667 0.785937 0.429167 0.775000 0.362500 0.785937 0.360417 0.790625 0.325000 0.760938 0.297917 0.771875 0.260417
2 0.659375 0.233333 0.650000 0.260417 0.579688 0.262500 0.556250 0.425000 0.578125 0.466667 0.667188 0.460417 0.690625 0.470833 0.692187 0.420833 0.662500 0.420833 0.639062 0.402083 0.642188 0.375000 0.657813 0.370833 0.645312 0.331250 0.660937 0.314583 0.660937 0.287500 0.676562 0.260417 0.660937 0.256250
3 0.315625 0.464583 0.315625 0.479167 0.321875 0.479167 0.323437 0.481250 0.334375 0.481250 0.335938 0.483333 0.337500 0.481250 0.340625 0.481250 0.340625 0.466667 0.339062 0.466667 0.337500 0.462500 0.318750 0.462500
3 0.378125 0.462500 0.375000 0.460417 0.373437 0.462500 0.365625 0.462500 0.364063 0.466667 0.350000 0.466667 0.350000 0.483333 0.351562 0.485417 0.378125 0.487500
3 0.389062 0.452083 0.384375 0.464583 0.384375 0.487500 0.401562 0.487500 0.401562 0.475000 0.400000 0.472917 0.400000 0.466667 0.396875 0.464583 0.395313 0.452083
4 0.871875 0.500000 0.868750 0.510417 0.868750 0.531250 0.867188 0.535417 0.896875 0.537500 0.896875 0.527083 0.900000 0.525000 0.900000 0.504167 0.890625 0.504167 0.889062 0.500000
4 0.843750 0.500000 0.842187 0.504167 0.842187 0.516667 0.845313 0.520833 0.845313 0.527083 0.842187 0.531250 0.842187 0.533333 0.853125 0.533333 0.856250 0.535417 0.856250 0.504167 0.854688 0.504167 0.853125 0.500000
4 0.696875 0.470833 0.695312 0.518750 0.779687 0.527083 0.779687 0.493750 0.765625 0.491667 0.762500 0.475000 0.726562 0.472917 0.725000 0.468750
4 0.690625 0.472917 0.667188 0.462500 0.603125 0.472917 0.479687 0.472917 0.475000 0.495833 0.554688 0.516667 0.689063 0.518750
4 0.282813 0.452083 0.271875 0.450000 0.262500 0.456250 0.250000 0.456250 0.239063 0.447917 0.232813 0.454167 0.190625 0.452083 0.192188 0.481250 0.201563 0.481250 0.203125 0.477083 0.278125 0.479167
4 0.000000 0.420833 0.001563 0.456250 0.068750 0.472917 0.181250 0.481250 0.182812 0.447917 0.112500 0.447917 0.070312 0.431250
5 0.189062 0.266667 0.179688 0.581250 0.185938 0.581250 0.192188 0.433333
7 0.193750 0.229167 0.190625 0.233333 0.192188 0.237500 0.189062 0.247917 0.190625 0.254167 0.190625 0.262500 0.189062 0.264583 0.190625 0.266667 0.190625 0.281250 0.193750 0.289583 0.201563 0.289583 0.203125 0.281250 0.206250 0.277083 0.204687 0.272917 0.204687 0.262500 0.206250 0.260417 0.204687 0.239583 0.201563 0.237500 0.201563 0.231250
8 0.000000 0.456250 0.000000 0.477083 0.053125 0.477083 0.062500 0.472917 0.056250 0.468750 0.042188 0.466667 0.040625 0.462500 0.018750 0.462500
8 0.103125 0.433333 0.104688 0.443750 0.110937 0.443750 0.112500 0.445833 0.131250 0.445833 0.134375 0.447917 0.135937 0.445833 0.146875 0.445833 0.148438 0.443750 0.148438 0.437500 0.143750 0.431250 0.132812 0.431250 0.131250 0.427083 0.125000 0.427083 0.118750 0.422917 0.109375 0.425000
8 0.198437 0.435417 0.198437 0.450000 0.201563 0.452083 0.209375 0.450000 0.214062 0.452083 0.232813 0.452083 0.239063 0.443750 0.235937 0.425000 0.229687 0.416667 0.209375 0.416667 0.200000 0.427083
8 0.000000 0.247917 0.000000 0.418750 0.050000 0.425000 0.042188 0.397917 0.043750 0.327083 0.100000 0.295833 0.092188 0.272917 0.078125 0.268750 0.065625 0.285417 0.065625 0.300000 0.050000 0.314583 0.042188 0.283333 0.012500 0.250000
8 0.726562 0.166667 0.703125 0.206250 0.690625 0.197917 0.695312 0.245833 0.684375 0.243750 0.662500 0.287500 0.662500 0.314583 0.646875 0.331250 0.659375 0.370833 0.643750 0.375000 0.640625 0.393750 0.662500 0.418750 0.693750 0.420833 0.690625 0.533333 0.698438 0.427083 0.728125 0.418750 0.751563 0.387500 0.748437 0.295833 0.735938 0.293750 0.726562 0.256250 0.739062 0.204167 0.725000 0.189583
8 0.237500 0.189583 0.195312 0.291667 0.231250 0.402083 0.264062 0.418750 0.284375 0.487500 0.296875 0.452083 0.298438 0.497917 0.304688 0.456250 0.310937 0.481250 0.337500 0.460417 0.342187 0.485417 0.375000 0.458333 0.381250 0.495833 0.396875 0.425000 0.434375 0.412500 0.462500 0.362500 0.465625 0.264583 0.445312 0.279167 0.385937 0.164583 0.325000 0.156250 0.278125 0.202083
8 0.879687 0.000000 0.848437 0.081250 0.856250 0.000000 0.803125 0.022917 0.793750 0.164583 0.765625 0.058333 0.779687 0.616667 0.812500 0.458333 0.859375 0.560417 0.893750 0.493750 0.901563 0.560417 0.998437 0.550000 0.998437 0.197917 0.956250 0.206250 0.929688 0.152083 0.942187 0.072917 0.914062 0.112500 0.875000 0.079167
9 0.000000 0.770833 0.048438 0.735417 0.053125 0.729167 0.053125 0.710417 0.000000 0.708333
9 0.464062 0.502083 0.695312 0.997917 0.998437 0.997917 0.996875 0.550000 0.859375 0.562500 0.792188 0.529167 0.779687 0.618750 0.779687 0.529167
9 0.203125 0.479167 0.279687 0.533333 0.326562 0.545833 0.425000 0.497917 0.304688 0.481250 0.298438 0.500000 0.295312 0.481250 0.284375 0.489583 0.282813 0.481250
9 0.000000 0.479167 0.000000 0.606250 0.229687 0.612500 0.240625 0.591667 0.192188 0.500000 0.187500 0.581250 0.178125 0.581250 0.178125 0.483333
10 0.881250 0.000000 0.873437 0.077083 0.898438 0.064583 0.912500 0.081250 0.914062 0.110417 0.942187 0.070833 0.948438 0.093750 0.931250 0.152083 0.948438 0.164583 0.946875 0.183333 0.959375 0.185417 0.956250 0.204167 0.973437 0.197917 0.985938 0.214583 0.998437 0.195833 0.998437 0.000000
10 0.873437 0.000000 0.857812 0.000000 0.857812 0.027083 0.854688 0.031250 0.851562 0.050000 0.843750 0.064583 0.846875 0.079167 0.860938 0.064583 0.862500 0.058333 0.867188 0.060417 0.871875 0.052083 0.871875 0.045833 0.868750 0.052083 0.865625 0.043750 0.868750 0.039583
10 0.000000 0.245833 0.050000 0.312500 0.078125 0.266667 0.176563 0.310417 0.237500 0.187500 0.385937 0.162500 0.467187 0.264583 0.439063 0.391667 0.560937 0.447917 0.581250 0.258333 0.685937 0.256250 0.725000 0.164583 0.728125 0.256250 0.770312 0.258333 0.764062 0.058333 0.793750 0.162500 0.814063 0.000000 0.000000 0.000000
13 0.420312 0.472917 0.420312 0.491667 0.432812 0.491667 0.434375 0.495833 0.440625 0.495833 0.440625 0.493750 0.442188 0.491667 0.445312 0.491667 0.446875 0.487500 0.443750 0.481250 0.443750 0.477083 0.440625 0.472917 0.434375 0.472917 0.432812 0.470833 0.423438 0.470833
13 0.531250 0.460417 0.531250 0.470833 0.535937 0.468750 0.553125 0.468750 0.554688 0.466667 0.576562 0.466667 0.576562 0.458333 0.571875 0.452083 0.562500 0.452083 0.560937 0.450000 0.535937 0.450000 0.534375 0.458333
18 0.792188 0.514583 0.792188 0.527083 0.809375 0.529167 0.810937 0.533333 0.834375 0.533333 0.834375 0.520833 0.837500 0.518750 0.837500 0.508333 0.834375 0.504167 0.823438 0.504167 0.821875 0.500000 0.812500 0.500000 0.804688 0.512500 0.796875 0.514583 0.793750 0.510417