0 0.000000 0.739583 0.000000 0.997917 0.682813 0.997917 0.470313 0.493750 0.334375 0.550000 0.203125 0.493750 0.204687 0.629167
1 0.204687 0.625000 0.107813 0.635417 0.000000 0.629167 0.000000 0.737500 0.015625 0.718750 0.146875 0.668750
1 0.176563 0.483333 0.200000 0.533333 0.196875 0.525000 0.201563 0.514583 0.200000 0.495833 0.206250 0.491667 0.220312 0.502083 0.203125 0.489583 0.200000 0.483333
2 0.376563 0.420833 0.371875 0.420833 0.370312 0.418750 0.368750 0.420833 0.351562 0.420833 0.350000 0.425000 0.350000 0.439583 0.348438 0.441667 0.350000 0.450000 0.354687 0.450000 0.356250 0.445833 0.365625 0.445833 0.370312 0.454167 0.376563 0.454167
2 0.537500 0.445833 0.529687 0.431250 0.526563 0.439583 0.490625 0.431250 0.484375 0.397917 0.470313 0.389583 0.437500 0.393750 0.435937 0.412500 0.409375 0.410417 0.396875 0.425000 0.406250 0.470833 0.415625 0.458333 0.417187 0.425000 0.421875 0.464583 0.470313 0.468750 0.473438 0.447917 0.475000 0.466667 0.482812 0.452083 0.495312 0.456250 0.498437 0.472917 0.529687 0.470833
2 0.167187 0.306250 0.164062 0.445833 0.192188 0.447917 0.196875 0.418750 0.217188 0.412500 0.234375 0.427083 0.232813 0.450000 0.267188 0.454167 0.256250 0.416667 0.228125 0.404167 0.220312 0.368750 0.201563 0.350000 0.209375 0.318750
2 0.159375 0.304167 0.151562 0.306250 0.140625 0.285417 0.129688 0.302083 0.118750 0.272917 0.107813 0.297917 0.073438 0.300000 0.042188 0.320833 0.045312 0.422917 0.076563 0.422917 0.079687 0.437500 0.096875 0.439583 0.100000 0.422917 0.137500 0.425000 0.143750 0.443750 0.154688 0.443750
2 0.748437 0.258333 0.743750 0.289583 0.760938 0.312500 0.757812 0.393750 0.732812 0.425000 0.706250 0.427083 0.704688 0.468750 0.810937 0.485417 0.803125 0.464583 0.809375 0.427083 0.789062 0.408333 0.801562 0.385417 0.782813 0.362500 0.814063 0.352083 0.815625 0.314583 0.798438 0.295833 0.779687 0.295833 0.785937 0.256250
2 0.657813 0.229167 0.653125 0.258333 0.581250 0.258333 0.557813 0.433333 0.578125 0.468750 0.603125 0.483333 0.639062 0.460417 0.698438 0.470833 0.700000 0.422917 0.667188 0.420833 0.645312 0.393750 0.646875 0.370833 0.664062 0.366667 0.656250 0.325000 0.684375 0.300000 0.675000 0.281250 0.681250 0.258333 0.664062 0.258333
3 0.312500 0.462500 0.312500 0.479167 0.321875 0.479167 0.323437 0.481250 0.337500 0.481250 0.337500 0.466667 0.335938 0.462500
3 0.376563 0.462500 0.375000 0.460417 0.364063 0.460417 0.360938 0.466667 0.346875 0.466667 0.346875 0.483333 0.350000 0.485417 0.375000 0.487500
3 0.384375 0.452083 0.382812 0.456250 0.382812 0.487500 0.400000 0.487500 0.400000 0.472917 0.401562 0.470833 0.400000 0.468750 0.398438 0.452083
4 0.923438 0.531250 0.923438 0.545833 0.943750 0.547917 0.945312 0.543750 0.965625 0.543750 0.967187 0.547917 0.998437 0.552083 0.998437 0.525000 0.985938 0.531250 0.950000 0.531250 0.937500 0.525000 0.934375 0.518750 0.926562 0.518750
4 0.885938 0.500000 0.882812 0.504167 0.882812 0.539583 0.884375 0.541667 0.907813 0.541667 0.912500 0.543750 0.912500 0.531250 0.915625 0.529167 0.915625 0.514583 0.912500 0.512500 0.912500 0.504167 0.901563 0.504167 0.900000 0.500000
4 0.823438 0.483333 0.823438 0.527083 0.820312 0.533333 0.851562 0.539583 0.871875 0.537500 0.871875 0.500000 0.850000 0.500000 0.848437 0.529167 0.845313 0.531250 0.843750 0.504167 0.832812 0.489583 0.834375 0.485417 0.837500 0.487500 0.834375 0.479167 0.831250 0.487500
4 0.704688 0.470833 0.701562 0.522917 0.806250 0.527083 0.803125 0.516667 0.776563 0.520833 0.759375 0.508333 0.792188 0.489583 0.807813 0.506250 0.809375 0.487500 0.798438 0.487500 0.795312 0.479167
4 0.698438 0.472917 0.639062 0.462500 0.603125 0.485417 0.573438 0.468750 0.478125 0.475000 0.475000 0.497917 0.553125 0.516667 0.693750 0.522917
4 0.164062 0.447917 0.164062 0.477083 0.178125 0.481250 0.278125 0.479167 0.278125 0.447917 0.271875 0.452083 0.270313 0.447917 0.267188 0.456250
4 0.000000 0.416667 0.000000 0.477083 0.153125 0.477083 0.154688 0.445833 0.106250 0.445833 0.079687 0.439583 0.076563 0.425000 0.056250 0.429167
5 0.162500 0.268750 0.153125 0.591667 0.168750 0.304167
7 0.164062 0.204167 0.162500 0.212500 0.164062 0.216667 0.160938 0.227083 0.162500 0.266667 0.167187 0.272917 0.175000 0.272917 0.178125 0.268750 0.181250 0.254167 0.178125 0.212500 0.176563 0.208333 0.170313 0.204167
8 0.098437 0.427083 0.098437 0.439583 0.103125 0.439583 0.106250 0.443750 0.142187 0.443750 0.142187 0.437500 0.143750 0.435417 0.140625 0.435417 0.137500 0.427083 0.123438 0.427083 0.115625 0.422917 0.104688 0.422917
8 0.193750 0.427083 0.193750 0.447917 0.195312 0.450000 0.228125 0.452083 0.231250 0.450000 0.231250 0.445833 0.234375 0.441667 0.232813 0.427083 0.225000 0.416667 0.203125 0.414583
8 0.090625 0.272917 0.082812 0.264583 0.075000 0.266667 0.073438 0.272917 0.064062 0.281250 0.060937 0.300000 0.054688 0.302083 0.054688 0.308333 0.050000 0.312500 0.054688 0.308333 0.059375 0.310417 0.073438 0.297917 0.095312 0.293750
8 0.004687 0.243750 0.000000 0.245833 0.000000 0.414583 0.043750 0.422917 0.043750 0.383333 0.039062 0.375000 0.042188 0.341667 0.037500 0.327083 0.045312 0.306250 0.037500 0.281250
8 0.732812 0.156250 0.709375 0.200000 0.696875 0.191667 0.701562 0.237500 0.676562 0.268750 0.685937 0.300000 0.657813 0.325000 0.665625 0.366667 0.646875 0.375000 0.667188 0.418750 0.701562 0.422917 0.695312 0.537500 0.704688 0.427083 0.735938 0.420833 0.760938 0.356250 0.756250 0.291667 0.742188 0.289583 0.746875 0.250000 0.735938 0.252083 0.746875 0.191667 0.735938 0.189583
8 0.234375 0.185417 0.212500 0.268750 0.187500 0.258333 0.175000 0.308333 0.210938 0.318750 0.203125 0.350000 0.228125 0.402083 0.290625 0.447917 0.292187 0.495833 0.303125 0.443750 0.304688 0.479167 0.375000 0.458333 0.379688 0.497917 0.395313 0.425000 0.435937 0.410417 0.462500 0.360417 0.464062 0.264583 0.443750 0.275000 0.435937 0.229167 0.376563 0.156250 0.323437 0.150000 0.275000 0.197917
8 0.917188 0.000000 0.881250 0.056250 0.889062 0.000000 0.829688 0.000000 0.825000 0.135417 0.796875 0.018750 0.781250 0.295833 0.817187 0.314583 0.784375 0.362500 0.812500 0.485417 0.760938 0.508333 0.806250 0.518750 0.807813 0.629167 0.835938 0.454167 0.876563 0.564583 0.885938 0.495833 0.915625 0.566667 0.926562 0.516667 0.998437 0.522917 0.998437 0.200000 0.945312 0.147917 0.965625 0.060417 0.929688 0.106250
9 0.464062 0.502083 0.684375 0.997917 0.998437 0.997917 0.998437 0.554167 0.820312 0.535417 0.807813 0.631250 0.803125 0.533333
9 0.201563 0.479167 0.226562 0.506250 0.295312 0.547917 0.334375 0.547917 0.423438 0.497917 0.381250 0.489583 0.379688 0.500000 0.376563 0.489583 0.300000 0.481250 0.295312 0.500000 0.292187 0.481250 0.279687 0.489583 0.278125 0.481250
9 0.000000 0.479167 0.000000 0.627083 0.201563 0.625000 0.220312 0.600000 0.176563 0.479167 0.162500 0.481250 0.157812 0.593750 0.153125 0.479167
10 0.918750 0.000000 0.910937 0.039583 0.931250 0.066667 0.929688 0.104167 0.945312 0.066667 0.962500 0.052083 0.967187 0.060417 0.959375 0.129167 0.946875 0.147917 0.959375 0.141667 0.970313 0.154167 0.964063 0.170833 0.981250 0.175000 0.975000 0.195833 0.998437 0.197917 0.998437 0.000000
10 0.907813 0.000000 0.890625 0.000000 0.889062 0.010417 0.875000 0.029167 0.878125 0.039583 0.876563 0.045833 0.878125 0.054167 0.881250 0.054167 0.882812 0.050000 0.892188 0.041667 0.895312 0.031250 0.900000 0.027083 0.900000 0.020833 0.903125 0.018750 0.904687 0.004167
10 0.000000 0.000000 0.045312 0.314583 0.078125 0.262500 0.159375 0.302083 0.164062 0.202083 0.171875 0.304167 0.234375 0.183333 0.376563 0.154167 0.465625 0.264583 0.440625 0.391667 0.539062 0.447917 0.581250 0.256250 0.692187 0.252083 0.732812 0.154167 0.737500 0.252083 0.793750 0.252083 0.796875 0.016667 0.825000 0.133333 0.828125 0.000000
13 0.418750 0.475000 0.418750 0.491667 0.432812 0.491667 0.434375 0.495833 0.439063 0.495833 0.440625 0.491667 0.443750 0.491667 0.443750 0.479167 0.442188 0.475000 0.439063 0.472917 0.431250 0.472917 0.429688 0.470833 0.425000 0.470833
13 0.531250 0.462500 0.531250 0.470833 0.537500 0.470833 0.539062 0.468750 0.571875 0.468750 0.573438 0.466667 0.576562 0.468750 0.576562 0.456250 0.575000 0.454167 0.557813 0.452083 0.556250 0.450000 0.537500 0.450000 0.534375 0.454167 0.534375 0.460417