0 0.890625 0.997917 0.556250 0.558333 0.553125 0.508333 0.459375 0.504167 0.000000 0.945833 0.000000 0.997917
1 0.000000 0.481250 0.000000 0.502083 0.004687 0.502083 0.006250 0.497917 0.032813 0.495833 0.034375 0.491667 0.037500 0.491667 0.035937 0.483333 0.006250 0.483333 0.004687 0.481250
2 0.560937 0.427083 0.560937 0.454167 0.568750 0.464583 0.568750 0.477083 0.621875 0.475000 0.623437 0.460417 0.617188 0.458333 0.612500 0.447917 0.606250 0.447917 0.603125 0.441667 0.593750 0.441667 0.592187 0.431250 0.578125 0.431250 0.575000 0.422917 0.571875 0.431250
2 0.156250 0.393750 0.162500 0.402083 0.164062 0.422917 0.162500 0.429167 0.157812 0.435417 0.154688 0.435417 0.157812 0.435417 0.159375 0.439583 0.171875 0.439583 0.175000 0.395833 0.157812 0.395833
2 0.364063 0.389583 0.357812 0.389583 0.357812 0.395833 0.351562 0.406250 0.350000 0.404167 0.348438 0.406250 0.342187 0.406250 0.340625 0.418750 0.339062 0.420833 0.339062 0.429167 0.342187 0.429167 0.351562 0.410417 0.356250 0.410417 0.364063 0.414583 0.365625 0.412500 0.365625 0.393750
2 0.392188 0.381250 0.382812 0.383333 0.384375 0.393750 0.381250 0.397917 0.375000 0.397917 0.375000 0.414583 0.373437 0.416667 0.375000 0.433333 0.373437 0.435417 0.378125 0.439583 0.395313 0.439583 0.396875 0.385417
2 0.295312 0.385417 0.292187 0.389583 0.292187 0.418750 0.295312 0.420833 0.300000 0.418750 0.318750 0.420833 0.321875 0.414583 0.321875 0.410417 0.315625 0.410417 0.310937 0.404167 0.310937 0.400000 0.314063 0.397917 0.314063 0.393750 0.303125 0.381250
2 0.401562 0.387500 0.400000 0.454167 0.431250 0.468750 0.435937 0.495833 0.443750 0.475000 0.454688 0.477083 0.460938 0.402083 0.460938 0.458333 0.521875 0.464583 0.525000 0.427083 0.528125 0.468750 0.546875 0.452083 0.545312 0.379167 0.467187 0.375000 0.435937 0.416667 0.410938 0.383333
2 0.268750 0.362500 0.259375 0.352083 0.248438 0.387500 0.228125 0.410417 0.214062 0.402083 0.204687 0.383333 0.185938 0.385417 0.181250 0.439583 0.264062 0.445833 0.264062 0.437500 0.278125 0.425000
2 0.029687 0.310417 0.021875 0.312500 0.014063 0.333333 0.000000 0.329167 0.000000 0.391667 0.017188 0.406250 0.007812 0.420833 0.037500 0.422917 0.043750 0.418750 0.050000 0.331250 0.032813 0.322917
2 0.070312 0.308333 0.065625 0.327083 0.067187 0.372917 0.062500 0.425000 0.090625 0.429167 0.087500 0.418750 0.090625 0.391667 0.103125 0.372917 0.118750 0.366667 0.110937 0.356250 0.085938 0.356250 0.084375 0.335417 0.073438 0.329167 0.075000 0.310417
2 0.998437 0.000000 0.807813 0.014583 0.773438 0.304167 0.689063 0.306250 0.689063 0.475000 0.703125 0.427083 0.750000 0.412500 0.840625 0.425000 0.865625 0.466667 0.998437 0.466667
3 0.617188 0.529167 0.998437 0.670833 0.998437 0.625000 0.632812 0.520833
3 0.398438 0.456250 0.398438 0.502083 0.432812 0.502083 0.434375 0.497917 0.432812 0.472917 0.428125 0.468750 0.414062 0.468750 0.401562 0.456250
3 0.289062 0.458333 0.289062 0.483333 0.292187 0.485417 0.303125 0.485417 0.304688 0.487500 0.317188 0.487500 0.314063 0.485417 0.314063 0.477083 0.318750 0.475000 0.320312 0.458333 0.298438 0.458333 0.296875 0.456250 0.290625 0.456250
3 0.237500 0.456250 0.237500 0.460417 0.251563 0.464583 0.257812 0.472917 0.262500 0.470833 0.264062 0.475000 0.268750 0.477083 0.267188 0.483333 0.260937 0.483333 0.273438 0.483333 0.275000 0.475000 0.273438 0.452083 0.254688 0.452083 0.253125 0.456250 0.248438 0.454167
4 0.998437 0.622917 0.998437 0.468750 0.564063 0.479167 0.565625 0.522917 0.632812 0.518750
4 0.395313 0.466667 0.392188 0.462500 0.389062 0.462500 0.384375 0.466667 0.375000 0.466667 0.373437 0.464583 0.370312 0.466667 0.370312 0.495833 0.393750 0.495833 0.393750 0.475000 0.395313 0.472917
4 0.337500 0.458333 0.335938 0.462500 0.335938 0.491667 0.359375 0.493750 0.360938 0.491667 0.360938 0.472917 0.362500 0.470833 0.360938 0.462500 0.342187 0.462500 0.340625 0.458333
4 0.179688 0.443750 0.179688 0.477083 0.267188 0.481250 0.262500 0.472917 0.257812 0.475000 0.235937 0.460417 0.237500 0.454167 0.264062 0.447917
4 0.062500 0.427083 0.059375 0.483333 0.112500 0.485417 0.170313 0.477083 0.171875 0.441667 0.107813 0.437500
4 0.000000 0.420833 0.000000 0.475000 0.035937 0.477083 0.037500 0.468750 0.040625 0.466667 0.040625 0.447917 0.043750 0.445833 0.043750 0.420833 0.039062 0.420833 0.037500 0.425000
8 0.545312 0.458333 0.537500 0.470833 0.534375 0.470833 0.534375 0.477083 0.535937 0.479167 0.535937 0.491667 0.537500 0.495833 0.543750 0.502083 0.546875 0.500000 0.546875 0.489583 0.545312 0.487500
8 0.460938 0.460417 0.460938 0.477083 0.470313 0.470833 0.496875 0.475000 0.501563 0.483333 0.503125 0.497917 0.507812 0.500000 0.509375 0.483333 0.520312 0.483333 0.521875 0.477083 0.520312 0.464583 0.500000 0.466667 0.473438 0.458333
8 0.623437 0.477083 0.687500 0.475000 0.684375 0.456250 0.679688 0.456250 0.665625 0.443750 0.659375 0.445833 0.657813 0.452083 0.653125 0.437500 0.648438 0.437500 0.646875 0.454167 0.643750 0.458333 0.625000 0.460417
8 0.000000 0.000000 0.000000 0.327083 0.053125 0.343750 0.031250 0.552083 0.070312 0.306250 0.120313 0.366667 0.092188 0.429167 0.176563 0.395833 0.170313 0.506250 0.184375 0.385417 0.262500 0.350000 0.275000 0.483333 0.360938 0.460417 0.364063 0.535417 0.381250 0.383333 0.495312 0.368750 0.537500 0.279167 0.543750 0.102083 0.456250 0.077083 0.464062 0.000000
9 0.546875 0.527083 0.892188 0.997917 0.998437 0.997917 0.996875 0.670833 0.623437 0.531250
9 0.470313 0.514583 0.370312 0.497917 0.360938 0.537500 0.359375 0.495833 0.057813 0.489583 0.035937 0.556250 0.035937 0.493750 0.000000 0.504167 0.000000 0.943750
10 0.429688 0.343750 0.423438 0.356250 0.404687 0.358333 0.401562 0.362500 0.401562 0.385417 0.406250 0.379167 0.410938 0.381250 0.414062 0.395833 0.431250 0.414583 0.435937 0.414583 0.456250 0.375000 0.451562 0.364583 0.456250 0.362500 0.450000 0.362500 0.443750 0.352083
10 0.465625 0.000000 0.456250 0.075000 0.476562 0.041667 0.507812 0.116667 0.545312 0.102083 0.553125 0.218750 0.484375 0.372917 0.553125 0.377083 0.554688 0.425000 0.684375 0.454167 0.689063 0.302083 0.771875 0.304167 0.806250 0.014583 0.864062 0.000000
13 0.459375 0.485417 0.459375 0.502083 0.467187 0.502083 0.468750 0.500000 0.498437 0.502083 0.501563 0.500000 0.500000 0.483333 0.496875 0.477083 0.482812 0.475000 0.481250 0.472917 0.470313 0.472917 0.460938 0.479167
13 0.693750 0.475000 0.862500 0.475000 0.868750 0.468750 0.840625 0.427083 0.806250 0.414583 0.750000 0.414583 0.703125 0.429167