0 0.750000 0.997917 0.521875 0.508333 0.453125 0.504167 0.000000 0.831250 0.000000 0.997917
1 0.165625 0.485417 0.100000 0.481250 0.101562 0.491667 0.000000 0.516667 0.000000 0.558333 0.123438 0.497917
2 0.787500 0.508333 0.784375 0.537500 0.784375 0.570833 0.817187 0.570833 0.814063 0.560417 0.810937 0.558333 0.810937 0.552083 0.804688 0.541667 0.806250 0.531250 0.801562 0.518750 0.798438 0.516667 0.798438 0.510417
2 0.265625 0.416667 0.264062 0.420833 0.257812 0.427083 0.257812 0.445833 0.279687 0.445833 0.281250 0.443750 0.281250 0.439583 0.278125 0.433333 0.278125 0.429167 0.271875 0.425000 0.268750 0.416667
2 0.365625 0.410417 0.365625 0.422917 0.370312 0.429167 0.370312 0.435417 0.373437 0.445833 0.384375 0.445833 0.387500 0.447917 0.389062 0.443750 0.389062 0.414583 0.387500 0.418750 0.381250 0.420833 0.370312 0.410417
2 0.404687 0.414583 0.403125 0.445833 0.428125 0.447917 0.431250 0.487500 0.446875 0.477083 0.451562 0.416667 0.453125 0.464583 0.523438 0.475000 0.534375 0.456250 0.546875 0.481250 0.589063 0.481250 0.601562 0.464583 0.559375 0.431250 0.537500 0.435417 0.534375 0.393750 0.475000 0.389583 0.465625 0.404167 0.445312 0.393750 0.428125 0.422917
2 0.203125 0.395833 0.201563 0.400000 0.209375 0.406250 0.215625 0.425000 0.214062 0.439583 0.207813 0.445833 0.231250 0.447917 0.232813 0.408333 0.225000 0.406250 0.217188 0.389583 0.214062 0.389583 0.212500 0.393750
2 0.178125 0.335417 0.151562 0.327083 0.146875 0.270833 0.115625 0.243750 0.100000 0.260417 0.045312 0.252083 0.000000 0.268750 0.000000 0.418750 0.034375 0.422917 0.042188 0.402083 0.057813 0.397917 0.098437 0.416667 0.098437 0.433333 0.160938 0.439583
2 0.695312 0.160417 0.685937 0.335417 0.642188 0.339583 0.639062 0.443750 0.693750 0.447917 0.706250 0.477083 0.771875 0.477083 0.785937 0.452083 0.815625 0.456250 0.818750 0.485417 0.857812 0.464583 0.998437 0.481250 0.998437 0.139583 0.932813 0.145833 0.923438 0.110417 0.907813 0.145833 0.839063 0.152083 0.825000 0.110417 0.806250 0.154167
3 0.356250 0.466667 0.356250 0.491667 0.360938 0.491667 0.367188 0.495833 0.385937 0.495833 0.387500 0.468750
3 0.315625 0.462500 0.315625 0.485417 0.321875 0.485417 0.323437 0.487500 0.342187 0.487500 0.342187 0.472917 0.345313 0.470833 0.345313 0.466667 0.343750 0.466667 0.342187 0.462500
3 0.303125 0.458333 0.279687 0.460417 0.278125 0.462500 0.256250 0.462500 0.256250 0.483333 0.303125 0.483333
3 0.404687 0.450000 0.403125 0.462500 0.400000 0.466667 0.395313 0.464583 0.392188 0.468750 0.390625 0.495833 0.403125 0.500000 0.428125 0.502083 0.429688 0.477083 0.426563 0.447917
4 0.998437 0.589583 0.993750 0.479167 0.857812 0.466667 0.818750 0.487500 0.815625 0.458333 0.784375 0.454167 0.771875 0.479167 0.531250 0.483333 0.528125 0.504167 0.779687 0.587500 0.793750 0.506250 0.818750 0.570833
4 0.303125 0.445833 0.257812 0.447917 0.256250 0.460417 0.278125 0.460417 0.279687 0.458333 0.303125 0.456250
4 0.000000 0.420833 0.000000 0.468750 0.178125 0.485417 0.225000 0.479167 0.231250 0.450000 0.171875 0.447917 0.129688 0.433333 0.084375 0.435417 0.067187 0.450000 0.034375 0.425000
8 0.453125 0.466667 0.451562 0.481250 0.453125 0.477083 0.479687 0.477083 0.487500 0.487500 0.487500 0.495833 0.490625 0.483333 0.493750 0.487500 0.495312 0.502083 0.498437 0.491667 0.500000 0.495833 0.501563 0.479167 0.504687 0.477083 0.504687 0.468750 0.482812 0.470833 0.459375 0.464583
8 0.534375 0.458333 0.531250 0.458333 0.531250 0.466667 0.528125 0.475000 0.528125 0.502083 0.529687 0.483333 0.531250 0.481250 0.545312 0.481250 0.546875 0.477083 0.545312 0.466667 0.543750 0.464583 0.539062 0.464583
8 0.034375 0.414583 0.037500 0.429167 0.059375 0.437500 0.067187 0.447917 0.075000 0.437500 0.084375 0.433333 0.096875 0.433333 0.096875 0.427083 0.100000 0.425000 0.098437 0.418750 0.087500 0.410417 0.070312 0.410417 0.057813 0.400000 0.043750 0.406250 0.042188 0.404167
8 0.000000 0.218750 0.000000 0.266667 0.001563 0.268750 0.017188 0.260417 0.018750 0.262500 0.020313 0.258333 0.026562 0.260417 0.031250 0.256250 0.035937 0.256250 0.037500 0.252083 0.040625 0.254167 0.035937 0.245833 0.023438 0.235417 0.020313 0.227083 0.012500 0.218750 0.004687 0.220833
8 0.410938 0.041667 0.295312 0.033333 0.265625 0.125000 0.207813 0.077083 0.109375 0.241667 0.179688 0.335417 0.162500 0.439583 0.234375 0.408333 0.225000 0.516667 0.242188 0.412500 0.248438 0.500000 0.268750 0.414583 0.304688 0.485417 0.387500 0.466667 0.387500 0.516667 0.395313 0.416667 0.468750 0.400000 0.510938 0.329167 0.515625 0.193750 0.446875 0.147917
9 0.457813 0.787500 0.464062 0.802083 0.467187 0.800000 0.465625 0.787500 0.468750 0.781250 0.481250 0.783333 0.482812 0.779167 0.492188 0.779167 0.493750 0.783333 0.506250 0.783333 0.507812 0.779167 0.517188 0.779167 0.517188 0.772917 0.512500 0.764583 0.498437 0.764583 0.496875 0.768750 0.490625 0.764583 0.485938 0.768750 0.484375 0.764583 0.476562 0.764583 0.475000 0.760417 0.473438 0.764583 0.460938 0.762500
9 0.515625 0.520833 0.751563 0.997917 0.998437 0.997917 0.998437 0.591667 0.740625 0.585417
9 0.459375 0.508333 0.240625 0.485417 0.228125 0.520833 0.226562 0.483333 0.167187 0.485417 0.001563 0.556250 0.000000 0.829167
9 0.000000 0.514583 0.053125 0.502083 0.054688 0.497917 0.095312 0.491667 0.103125 0.485417 0.095312 0.479167 0.000000 0.470833
10 0.445312 0.389583 0.440625 0.389583 0.439063 0.385417 0.435937 0.383333 0.432812 0.385417 0.429688 0.395833 0.426563 0.400000 0.420312 0.400000 0.418750 0.404167 0.414062 0.404167 0.412500 0.410417 0.421875 0.420833 0.428125 0.420833 0.428125 0.418750 0.434375 0.412500 0.435937 0.404167 0.439063 0.402083
10 0.000000 0.000000 0.000000 0.216667 0.098437 0.258333 0.207813 0.075000 0.265625 0.122917 0.295312 0.031250 0.410938 0.039583 0.517188 0.193750 0.475000 0.387500 0.603125 0.464583 0.684375 0.335417 0.695312 0.158333 0.998437 0.137500 0.998437 0.000000
13 0.451562 0.483333 0.451562 0.502083 0.470313 0.502083 0.471875 0.506250 0.479687 0.506250 0.481250 0.502083 0.485938 0.502083 0.485938 0.487500 0.484375 0.487500 0.479687 0.479167 0.453125 0.479167
13 0.617188 0.475000 0.617188 0.479167 0.704688 0.477083 0.700000 0.458333 0.693750 0.450000 0.650000 0.443750 0.620313 0.452083 0.618750 0.462500 0.621875 0.470833