0 0.059375 0.997917 0.967187 0.997917 0.585938 0.570833 0.575000 0.508333 0.465625 0.504167
2 0.581250 0.420833 0.581250 0.483333 0.585938 0.475000 0.609375 0.472917 0.610938 0.462500 0.612500 0.472917 0.642188 0.470833 0.643750 0.456250 0.631250 0.456250 0.629687 0.452083 0.625000 0.456250 0.623437 0.443750 0.604688 0.437500 0.601562 0.427083 0.587500 0.427083
2 0.562500 0.420833 0.562500 0.450000 0.567187 0.450000 0.576562 0.456250 0.576562 0.420833 0.573438 0.422917 0.564063 0.422917
2 0.353125 0.385417 0.351562 0.408333 0.368750 0.412500 0.378125 0.427083 0.378125 0.433333 0.385937 0.439583 0.392188 0.439583 0.392188 0.400000 0.395313 0.397917 0.393750 0.372917 0.390625 0.377083 0.379688 0.377083 0.382812 0.391667 0.378125 0.395833 0.370312 0.393750 0.359375 0.383333
2 0.279687 0.375000 0.273438 0.385417 0.275000 0.418750 0.278125 0.418750 0.279687 0.414583 0.293750 0.414583 0.306250 0.418750 0.307812 0.416667 0.307812 0.404167 0.303125 0.397917 0.301563 0.385417 0.290625 0.372917
2 0.556250 0.379167 0.464062 0.372917 0.439063 0.414583 0.412500 0.379167 0.398438 0.383333 0.396875 0.454167 0.420312 0.475000 0.460938 0.470833 0.467187 0.385417 0.467187 0.460417 0.532813 0.464583 0.535937 0.412500 0.539062 0.477083 0.559375 0.443750
2 0.246875 0.350000 0.231250 0.333333 0.223438 0.335417 0.184375 0.400000 0.164062 0.391667 0.151562 0.366667 0.125000 0.368750 0.123438 0.437500 0.256250 0.439583
2 0.000000 0.229167 0.000000 0.425000 0.045312 0.429167 0.040625 0.410417 0.046875 0.379167 0.073438 0.354167 0.059375 0.322917 0.012500 0.283333 0.009375 0.264583 0.021875 0.254167
2 0.998437 0.000000 0.881250 0.000000 0.839063 0.275000 0.718750 0.279167 0.706250 0.452083 0.754687 0.466667 0.765625 0.410417 0.935937 0.377083 0.998437 0.404167
3 0.656250 0.525000 0.701562 0.554167 0.998437 0.652083 0.998437 0.612500
3 0.396875 0.456250 0.396875 0.506250 0.423438 0.508333 0.434375 0.506250 0.435937 0.500000 0.434375 0.470833 0.428125 0.477083 0.420312 0.477083 0.404687 0.466667
3 0.273438 0.456250 0.271875 0.462500 0.271875 0.487500 0.301563 0.487500 0.303125 0.472917 0.306250 0.470833 0.306250 0.458333
3 0.190625 0.437500 0.190625 0.445833 0.198437 0.450000 0.225000 0.456250 0.226562 0.460417 0.234375 0.458333 0.245312 0.464583 0.251563 0.464583 0.253125 0.460417 0.256250 0.462500 0.256250 0.441667 0.204687 0.435417
4 0.435937 0.495833 0.446875 0.495833 0.446875 0.487500 0.453125 0.481250 0.460938 0.481250 0.460938 0.472917 0.439063 0.472917 0.437500 0.470833 0.435937 0.472917
4 0.350000 0.466667 0.348438 0.491667 0.373437 0.491667 0.375000 0.495833 0.389062 0.495833 0.390625 0.466667
4 0.998437 0.610417 0.998437 0.458333 0.581250 0.485417 0.592187 0.529167 0.660937 0.520833
4 0.118750 0.441667 0.118750 0.491667 0.254688 0.485417 0.254688 0.462500 0.226562 0.462500 0.178125 0.443750
4 0.000000 0.427083 0.000000 0.487500 0.106250 0.493750 0.109375 0.460417 0.106250 0.437500
5 0.400000 0.322917 0.396875 0.322917 0.396875 0.397917 0.393750 0.400000 0.390625 0.483333 0.393750 0.506250
8 0.467187 0.462500 0.467187 0.475000 0.475000 0.470833 0.504687 0.472917 0.510938 0.483333 0.512500 0.495833 0.520312 0.495833 0.518750 0.485417 0.521875 0.481250 0.529687 0.481250 0.529687 0.466667 0.526563 0.464583 0.490625 0.462500 0.485938 0.458333 0.473438 0.458333
8 0.562500 0.452083 0.562500 0.470833 0.560937 0.472917 0.562500 0.495833 0.565625 0.485417 0.567187 0.487500 0.567187 0.497917 0.568750 0.500000 0.575000 0.500000 0.575000 0.483333 0.571875 0.479167 0.576562 0.477083 0.576562 0.458333 0.571875 0.454167
8 0.642188 0.472917 0.710938 0.470833 0.718750 0.464583 0.717187 0.458333 0.710938 0.458333 0.687500 0.435417 0.671875 0.447917 0.667188 0.447917 0.662500 0.435417 0.657813 0.435417 0.654687 0.454167 0.645312 0.460417
8 0.000000 0.000000 0.000000 0.227083 0.075000 0.354167 0.046875 0.431250 0.110937 0.439583 0.106250 0.520833 0.123438 0.368750 0.184375 0.397917 0.231250 0.331250 0.256250 0.489583 0.339062 0.460417 0.342187 0.554167 0.350000 0.462500 0.392188 0.454167 0.351562 0.385417 0.396875 0.320833 0.507812 0.354167 0.570312 0.175000 0.560937 0.041667 0.498437 0.004167
9 0.568750 0.531250 0.923438 0.950000 0.998437 0.997917 0.998437 0.654167 0.657813 0.535417
9 0.478125 0.518750 0.348438 0.500000 0.335938 0.556250 0.335938 0.497917 0.125000 0.491667 0.114062 0.522917 0.106250 0.495833 0.000000 0.504167 0.000000 0.997917 0.064062 0.991667
10 0.398438 0.381250 0.439063 0.412500 0.464062 0.370833 0.564063 0.368750 0.564063 0.420833 0.700000 0.443750 0.718750 0.277083 0.837500 0.275000 0.879687 0.000000 0.484375 0.000000 0.518750 0.050000 0.562500 0.041667 0.557813 0.237500 0.490625 0.337500 0.507812 0.356250 0.401562 0.322917
11 0.548438 0.468750 0.545312 0.468750 0.545312 0.470833 0.539062 0.479167 0.540625 0.508333 0.542188 0.510417 0.542188 0.518750 0.545312 0.520833 0.546875 0.518750 0.548438 0.497917 0.551562 0.495833 0.551562 0.477083 0.548438 0.475000
13 0.465625 0.479167 0.464062 0.502083 0.493750 0.502083 0.495312 0.506250 0.501563 0.506250 0.503125 0.502083 0.510938 0.500000 0.509375 0.483333 0.504687 0.475000 0.475000 0.472917
13 0.998437 0.406250 0.935937 0.379167 0.932813 0.389583 0.834375 0.389583 0.765625 0.412500 0.756250 0.466667 0.998437 0.456250