0 0.900000 0.997917 0.537500 0.504167 0.460938 0.504167 0.000000 0.954167 0.000000 0.997917
2 0.562500 0.427083 0.562500 0.456250 0.570312 0.460417 0.570312 0.477083 0.625000 0.477083 0.628125 0.460417 0.618750 0.458333 0.615625 0.447917 0.610938 0.447917 0.606250 0.441667 0.596875 0.441667 0.595313 0.431250 0.581250 0.431250 0.576562 0.420833 0.573438 0.431250
2 0.162500 0.393750 0.160938 0.395833 0.156250 0.395833 0.160938 0.402083 0.162500 0.425000 0.159375 0.427083 0.159375 0.431250 0.154688 0.435417 0.162500 0.435417 0.164062 0.439583 0.167187 0.439583 0.168750 0.437500 0.168750 0.425000 0.170313 0.422917 0.170313 0.393750
2 0.364063 0.389583 0.357812 0.389583 0.350000 0.404167 0.342187 0.404167 0.340625 0.406250 0.339062 0.429167 0.342187 0.429167 0.348438 0.422917 0.351562 0.412500 0.354687 0.410417 0.364063 0.410417 0.365625 0.408333 0.365625 0.400000 0.367188 0.395833
2 0.293750 0.385417 0.292187 0.389583 0.292187 0.418750 0.295312 0.420833 0.296875 0.418750 0.321875 0.418750 0.323437 0.416667 0.321875 0.410417 0.320312 0.412500 0.314063 0.406250 0.314063 0.391667 0.306250 0.381250 0.300000 0.381250
2 0.393750 0.379167 0.392188 0.383333 0.384375 0.383333 0.385937 0.393750 0.381250 0.400000 0.373437 0.397917 0.375000 0.400000 0.373437 0.406250 0.375000 0.425000 0.379688 0.439583 0.396875 0.439583 0.398438 0.385417
2 0.401562 0.385417 0.401562 0.454167 0.457813 0.477083 0.462500 0.404167 0.462500 0.475000 0.515625 0.466667 0.521875 0.500000 0.528125 0.422917 0.528125 0.477083 0.551562 0.445833 0.559375 0.454167 0.548438 0.379167 0.460938 0.375000 0.435937 0.416667 0.410938 0.381250
2 0.268750 0.362500 0.257812 0.352083 0.248438 0.381250 0.228125 0.408333 0.209375 0.400000 0.201563 0.379167 0.182812 0.383333 0.178125 0.439583 0.264062 0.439583 0.275000 0.427083 0.276562 0.414583
2 0.053125 0.302083 0.046875 0.422917 0.087500 0.429167 0.084375 0.414583 0.087500 0.391667 0.106250 0.362500 0.096875 0.352083 0.075000 0.354167 0.068750 0.343750 0.070312 0.327083 0.057813 0.318750 0.060937 0.302083
2 0.003125 0.302083 0.000000 0.306250 0.000000 0.391667 0.014063 0.404167 0.014063 0.412500 0.006250 0.420833 0.026562 0.422917 0.032813 0.381250 0.034375 0.327083 0.032813 0.320833 0.021875 0.320833 0.014063 0.300000
2 0.820312 0.000000 0.784375 0.295833 0.693750 0.302083 0.692187 0.475000 0.714063 0.422917 0.818750 0.408333 0.893750 0.472917 0.998437 0.466667 0.998437 0.000000
3 0.626563 0.520833 0.998437 0.670833 0.996875 0.620833
3 0.289062 0.458333 0.289062 0.483333 0.292187 0.485417 0.317188 0.487500 0.318750 0.470833 0.321875 0.468750 0.320312 0.466667 0.320312 0.458333
3 0.400000 0.452083 0.401562 0.468750 0.398438 0.470833 0.398438 0.502083 0.426563 0.502083 0.428125 0.506250 0.437500 0.495833 0.443750 0.495833 0.442188 0.479167 0.437500 0.477083 0.440625 0.475000 0.437500 0.475000 0.434375 0.468750 0.420312 0.468750 0.401562 0.456250
4 0.998437 0.620833 0.998437 0.468750 0.567187 0.479167 0.562500 0.502083 0.567187 0.522917 0.639062 0.518750
4 0.395313 0.468750 0.389062 0.464583 0.387500 0.466667 0.370312 0.466667 0.370312 0.485417 0.368750 0.487500 0.370312 0.495833 0.371875 0.495833 0.373437 0.491667 0.375000 0.495833 0.389062 0.495833 0.390625 0.491667 0.395313 0.491667
4 0.360938 0.462500 0.359375 0.462500 0.357812 0.466667 0.340625 0.466667 0.337500 0.470833 0.334375 0.487500 0.335938 0.487500 0.337500 0.491667 0.360938 0.491667 0.360938 0.468750 0.362500 0.466667
4 0.264062 0.441667 0.260937 0.452083 0.253125 0.439583 0.243750 0.439583 0.239063 0.447917 0.178125 0.441667 0.176563 0.477083 0.185938 0.485417 0.192188 0.485417 0.192188 0.477083 0.203125 0.479167 0.196875 0.485417 0.259375 0.483333 0.267188 0.479167 0.256250 0.460417 0.264062 0.450000
4 0.046875 0.425000 0.046875 0.481250 0.106250 0.485417 0.162500 0.479167 0.168750 0.470833 0.168750 0.441667 0.162500 0.437500 0.098437 0.435417
4 0.000000 0.420833 0.000000 0.470833 0.004687 0.470833 0.006250 0.475000 0.020313 0.475000 0.025000 0.454167 0.025000 0.441667 0.028125 0.439583 0.028125 0.427083 0.020313 0.422917 0.003125 0.422917
8 0.548438 0.458333 0.540625 0.470833 0.537500 0.470833 0.537500 0.500000 0.539062 0.502083 0.540625 0.500000 0.546875 0.502083 0.546875 0.489583 0.548438 0.487500
8 0.626563 0.466667 0.626563 0.477083 0.690625 0.475000 0.687500 0.456250 0.679688 0.454167 0.670312 0.443750 0.659375 0.452083 0.654687 0.435417 0.648438 0.443750 0.648438 0.454167 0.645312 0.458333 0.629687 0.460417
8 0.000000 0.000000 0.014063 0.556250 0.053125 0.300000 0.107813 0.362500 0.089063 0.429167 0.171875 0.393750 0.167187 0.506250 0.181250 0.383333 0.262500 0.350000 0.273438 0.483333 0.360938 0.460417 0.360938 0.537500 0.371875 0.397917 0.431250 0.339583 0.496875 0.366667 0.540625 0.277083 0.546875 0.097917 0.457813 0.070833 0.465625 0.000000
9 0.550000 0.527083 0.898438 0.995833 0.998437 0.997917 0.996875 0.670833 0.626563 0.531250
9 0.000000 0.952083 0.473438 0.516667 0.368750 0.500000 0.359375 0.539583 0.357812 0.495833 0.045312 0.479167 0.070312 0.487500 0.039062 0.497917 0.021875 0.560417 0.001563 0.500000
10 0.431250 0.341667 0.423438 0.354167 0.407813 0.354167 0.404687 0.358333 0.403125 0.381250 0.404687 0.385417 0.410938 0.379167 0.414062 0.383333 0.414062 0.391667 0.435937 0.414583 0.459375 0.375000 0.453125 0.366667 0.454688 0.360417 0.448437 0.358333 0.439063 0.343750
10 0.467187 0.000000 0.457813 0.068750 0.478125 0.035417 0.509375 0.106250 0.548438 0.097917 0.554688 0.212500 0.484375 0.372917 0.556250 0.377083 0.557813 0.425000 0.618750 0.456250 0.687500 0.454167 0.692187 0.302083 0.782813 0.295833 0.818750 0.000000
13 0.460938 0.483333 0.460938 0.502083 0.490625 0.502083 0.492188 0.506250 0.495312 0.506250 0.496875 0.502083 0.504687 0.500000 0.504687 0.485417 0.496875 0.475000 0.470313 0.472917 0.464062 0.477083
13 0.889062 0.470833 0.878125 0.464583 0.860938 0.427083 0.826562 0.420833 0.818750 0.410417 0.714063 0.425000 0.703125 0.475000