0 0.642188 0.697917 0.640625 0.785417 0.643750 0.779167 0.646875 0.779167 0.654687 0.750000 0.662500 0.739583 0.657813 0.720833
0 0.732812 0.993750 0.601562 0.820833 0.625000 0.677083 0.528125 0.485417 0.296875 0.518750 0.271875 0.802083 0.271875 0.516667 0.000000 0.537500 0.000000 0.997917
1 0.215625 0.516667 0.195312 0.504167 0.000000 0.518750 0.000000 0.535417
1 0.392188 0.502083 0.375000 0.500000 0.371875 0.508333 0.368750 0.504167 0.365625 0.508333 0.362500 0.504167 0.323437 0.504167 0.321875 0.508333 0.312500 0.508333 0.309375 0.514583 0.392188 0.512500
1 0.482812 0.489583 0.464062 0.489583 0.462500 0.493750 0.459375 0.489583 0.446875 0.489583 0.445312 0.493750 0.437500 0.493750 0.435937 0.497917 0.406250 0.502083 0.404687 0.510417 0.434375 0.506250 0.435937 0.502083 0.450000 0.502083 0.456250 0.497917 0.473438 0.495833 0.475000 0.491667
2 0.464062 0.427083 0.464062 0.468750 0.467187 0.468750 0.468750 0.466667 0.473438 0.468750 0.476562 0.464583 0.476562 0.456250 0.478125 0.454167 0.478125 0.437500 0.471875 0.437500 0.470313 0.435417 0.470313 0.427083
2 0.407813 0.395833 0.406250 0.425000 0.426563 0.431250 0.431250 0.441667 0.431250 0.454167 0.421875 0.466667 0.443750 0.464583 0.459375 0.470833 0.459375 0.416667 0.451562 0.416667 0.446875 0.404167 0.429688 0.404167 0.428125 0.395833 0.425000 0.395833 0.423438 0.404167
2 0.000000 0.352083 0.012500 0.381250 0.075000 0.362500 0.109375 0.414583 0.181250 0.427083 0.185938 0.502083 0.201563 0.433333 0.206250 0.481250 0.239063 0.466667 0.245312 0.429167 0.364063 0.439583 0.375000 0.350000 0.368750 0.443750 0.403125 0.420833 0.395313 0.327083 0.262500 0.320833 0.221875 0.377083 0.187500 0.331250 0.065625 0.295833
2 0.631250 0.275000 0.620313 0.277083 0.615625 0.335417 0.585938 0.339583 0.584375 0.379167 0.573438 0.381250 0.550000 0.441667 0.554688 0.466667 0.610938 0.454167 0.610938 0.443750 0.562500 0.452083 0.560937 0.431250 0.595313 0.393750 0.629687 0.395833
2 0.998437 0.104167 0.893750 0.104167 0.900000 0.060417 0.870313 0.066667 0.865625 0.104167 0.695312 0.097917 0.668750 0.268750 0.643750 0.277083 0.643750 0.391667 0.807813 0.420833 0.998437 0.391667
3 0.556250 0.531250 0.557813 0.547917 0.560937 0.550000 0.564063 0.558333 0.568750 0.564583 0.573438 0.566667 0.575000 0.552083 0.576562 0.550000 0.576562 0.541667 0.571875 0.537500 0.571875 0.531250 0.571875 0.537500 0.570312 0.539583 0.565625 0.539583 0.562500 0.537500 0.560937 0.533333 0.557813 0.533333
3 0.010937 0.466667 0.010937 0.470833 0.007812 0.479167 0.007812 0.502083 0.009375 0.504167 0.007812 0.512500 0.009375 0.514583 0.017188 0.514583 0.018750 0.512500 0.018750 0.500000 0.017188 0.497917 0.017188 0.477083 0.014063 0.475000 0.014063 0.468750
3 0.645312 0.416667 0.642188 0.664583 0.678125 0.735417 0.762500 0.731250 0.764062 0.475000 0.793750 0.412500 0.670312 0.404167
4 0.367188 0.472917 0.367188 0.502083 0.368750 0.502083 0.368750 0.475000 0.370312 0.472917 0.373437 0.475000 0.373437 0.500000 0.375000 0.497917 0.387500 0.497917 0.389062 0.475000
4 0.406250 0.500000 0.420312 0.495833 0.435937 0.495833 0.437500 0.491667 0.445312 0.491667 0.445312 0.489583 0.437500 0.489583 0.435937 0.487500 0.437500 0.483333 0.434375 0.481250 0.434375 0.472917 0.409375 0.470833 0.409375 0.485417 0.406250 0.487500
4 0.362500 0.470833 0.356250 0.468750 0.350000 0.475000 0.320312 0.475000 0.323437 0.479167 0.325000 0.502083 0.362500 0.502083 0.362500 0.479167 0.364063 0.477083
4 0.553125 0.466667 0.546875 0.531250 0.556250 0.545833 0.554688 0.531250 0.570312 0.537500 0.575000 0.520833 0.578125 0.550000 0.568750 0.566667 0.600000 0.579167 0.601562 0.627083 0.625000 0.675000 0.628125 0.468750 0.614062 0.456250 0.581250 0.458333 0.565625 0.479167 0.567187 0.510417
4 0.000000 0.450000 0.000000 0.516667 0.007812 0.514583 0.010937 0.464583 0.018750 0.477083 0.018750 0.514583 0.109375 0.508333 0.110937 0.433333 0.028125 0.422917 0.023438 0.447917
4 0.998437 0.393750 0.809375 0.422917 0.796875 0.410417 0.771875 0.443750 0.757812 0.608333 0.765625 0.733333 0.998437 0.735417
5 0.295312 0.483333 0.278125 0.485417 0.273438 0.512500 0.271875 0.754167 0.260937 0.791667 0.268750 0.800000 0.295312 0.789583
7 0.650000 0.056250 0.648438 0.062500 0.648438 0.135417 0.654687 0.127083 0.654687 0.114583 0.656250 0.112500 0.654687 0.077083
7 0.623437 0.029167 0.617188 0.035417 0.614062 0.043750 0.610938 0.070833 0.617188 0.112500 0.626563 0.125000 0.629687 0.120833 0.631250 0.039583 0.629687 0.031250
8 0.428125 0.470833 0.434375 0.470833 0.435937 0.472917 0.435937 0.481250 0.439063 0.483333 0.437500 0.487500 0.459375 0.487500 0.459375 0.472917 0.448437 0.470833 0.443750 0.466667 0.442188 0.468750 0.431250 0.466667
8 0.492188 0.445833 0.485938 0.454167 0.479687 0.456250 0.478125 0.472917 0.476562 0.466667 0.473438 0.470833 0.470313 0.468750 0.464062 0.470833 0.464062 0.487500 0.476562 0.489583 0.478125 0.475000 0.479687 0.489583 0.485938 0.487500 0.485938 0.479167 0.492188 0.470833
8 0.240625 0.439583 0.240625 0.466667 0.256250 0.458333 0.310937 0.460417 0.318750 0.472917 0.350000 0.472917 0.364063 0.466667 0.364063 0.441667 0.350000 0.437500 0.310937 0.439583 0.245312 0.431250
8 0.406250 0.427083 0.406250 0.464583 0.407813 0.464583 0.409375 0.468750 0.421875 0.470833 0.420312 0.464583 0.425000 0.462500 0.429688 0.454167 0.428125 0.435417 0.421875 0.431250 0.414062 0.431250 0.412500 0.427083
8 0.403125 0.422917 0.392188 0.437500 0.387500 0.452083 0.382812 0.452083 0.381250 0.456250 0.379688 0.452083 0.381250 0.456250 0.379688 0.458333 0.379688 0.470833 0.381250 0.472917 0.389062 0.472917 0.389062 0.466667 0.396875 0.456250 0.403125 0.456250
8 0.500000 0.416667 0.495312 0.441667 0.496875 0.470833 0.509375 0.472917 0.510938 0.462500 0.512500 0.472917 0.523438 0.470833 0.539062 0.516667 0.543750 0.518750 0.545312 0.441667 0.542188 0.445833 0.535937 0.435417 0.526563 0.437500 0.518750 0.462500 0.514062 0.445833 0.507812 0.443750 0.504687 0.416667
8 0.629687 0.397917 0.621875 0.404167 0.614062 0.404167 0.607812 0.395833 0.603125 0.400000 0.595313 0.395833 0.592187 0.404167 0.578125 0.410417 0.576562 0.416667 0.564063 0.427083 0.562500 0.450000 0.570312 0.450000 0.573438 0.439583 0.595313 0.439583 0.596875 0.443750 0.628125 0.439583 0.629687 0.433333 0.625000 0.427083 0.629687 0.425000
8 0.643750 0.416667 0.670312 0.402083 0.685937 0.402083 0.687500 0.404167 0.693750 0.402083 0.687500 0.400000 0.685937 0.395833 0.678125 0.393750 0.673438 0.395833 0.643750 0.393750
8 0.000000 0.364583 0.000000 0.447917 0.023438 0.445833 0.028125 0.420833 0.106250 0.429167 0.118750 0.506250 0.176563 0.506250 0.178125 0.487500 0.165625 0.470833 0.184375 0.460417 0.181250 0.429167 0.109375 0.416667 0.075000 0.364583 0.021875 0.383333
9 0.604688 0.800000 0.606250 0.825000 0.668750 0.860417 0.734375 0.997917 0.998437 0.997917 0.998437 0.737500 0.678125 0.737500 0.656250 0.716667 0.648438 0.779167
10 0.000000 0.350000 0.068750 0.293750 0.221875 0.375000 0.393750 0.322917 0.403125 0.377083 0.409375 0.308333 0.407813 0.393750 0.518750 0.460417 0.631250 0.272917 0.620313 0.029167 0.662500 0.275000 0.695312 0.095833 0.995313 0.104167 0.998437 0.000000 0.000000 0.000000
11 0.396875 0.458333 0.390625 0.466667 0.389062 0.500000 0.393750 0.502083 0.395313 0.533333 0.403125 0.535417 0.403125 0.504167 0.404687 0.487500 0.407813 0.485417 0.407813 0.466667 0.404687 0.464583 0.403125 0.458333
13 0.525000 0.475000 0.520312 0.470833 0.515625 0.477083 0.506250 0.472917 0.496875 0.472917 0.498437 0.506250 0.500000 0.502083 0.501563 0.502083 0.503125 0.506250 0.512500 0.506250 0.518750 0.491667 0.518750 0.485417 0.520312 0.483333 0.525000 0.483333
13 0.196875 0.491667 0.196875 0.506250 0.228125 0.518750 0.243750 0.510417 0.271875 0.512500 0.275000 0.487500 0.282813 0.481250 0.296875 0.483333 0.296875 0.516667 0.307812 0.516667 0.312500 0.506250 0.323437 0.502083 0.321875 0.479167 0.314063 0.464583 0.256250 0.460417 0.223438 0.479167 0.209375 0.479167