0 0.000000 0.564583 0.000000 0.608333 0.007812 0.612500 0.014063 0.612500 0.015625 0.616667 0.020313 0.616667 0.021875 0.620833 0.021875 0.612500 0.025000 0.610417 0.025000 0.606250 0.021875 0.604167 0.023438 0.564583 0.021875 0.562500 0.018750 0.564583
0 0.810937 0.997917 0.556250 0.675000 0.576562 0.597917 0.532813 0.491667 0.373437 0.520833 0.368750 0.679167 0.357812 0.520833 0.042188 0.560417 0.043750 0.618750 0.167187 0.668750 0.000000 0.829167 0.000000 0.997917
1 0.023438 0.550000 0.021875 0.547917 0.021875 0.545833 0.020313 0.547917 0.000000 0.547917 0.000000 0.562500 0.018750 0.562500 0.020313 0.560417 0.023438 0.560417
1 0.248438 0.525000 0.226562 0.518750 0.042188 0.541667 0.042188 0.558333
1 0.373437 0.508333 0.373437 0.518750 0.376563 0.516667 0.400000 0.516667 0.401562 0.514583 0.410938 0.514583 0.409375 0.504167 0.390625 0.504167 0.389062 0.508333 0.387500 0.508333 0.385937 0.504167 0.385937 0.508333 0.382812 0.512500 0.381250 0.508333
1 0.493750 0.485417 0.489063 0.489583 0.457813 0.489583 0.456250 0.493750 0.453125 0.489583 0.451562 0.493750 0.437500 0.493750 0.435937 0.497917 0.421875 0.502083 0.421875 0.510417 0.478125 0.495833 0.479687 0.491667 0.493750 0.491667
2 0.475000 0.427083 0.475000 0.466667 0.485938 0.466667 0.487500 0.460417 0.487500 0.447917 0.489063 0.445833 0.492188 0.447917 0.496875 0.447917 0.498437 0.445833 0.496875 0.441667 0.492188 0.437500 0.482812 0.437500 0.479687 0.433333 0.479687 0.427083
2 0.420312 0.400000 0.420312 0.429167 0.434375 0.433333 0.443750 0.445833 0.443750 0.458333 0.435937 0.468750 0.443750 0.470833 0.453125 0.466667 0.470313 0.470833 0.470313 0.420833 0.459375 0.416667 0.456250 0.406250 0.440625 0.406250 0.435937 0.400000 0.434375 0.406250 0.428125 0.406250
2 0.037500 0.385417 0.045312 0.414583 0.107813 0.393750 0.139063 0.435417 0.214062 0.450000 0.221875 0.518750 0.235937 0.452083 0.243750 0.477083 0.279687 0.443750 0.379688 0.456250 0.384375 0.366667 0.384375 0.458333 0.414062 0.425000 0.396875 0.333333 0.279687 0.339583 0.242188 0.397917 0.206250 0.354167 0.093750 0.331250
2 0.998437 0.095833 0.857812 0.104167 0.850000 0.066667 0.820312 0.108333 0.676562 0.112500 0.659375 0.264583 0.618750 0.275000 0.582812 0.402083 0.721875 0.387500 0.737500 0.414583 0.998437 0.362500
3 0.867188 0.570833 0.868750 0.622917 0.998437 0.658333 0.998437 0.591667 0.893750 0.566667
3 0.068750 0.481250 0.070312 0.485417 0.070312 0.527083 0.073438 0.529167 0.070312 0.531250 0.070312 0.537500 0.081250 0.537500 0.084375 0.535417 0.082812 0.533333 0.082812 0.483333 0.084375 0.481250
3 0.146875 0.458333 0.150000 0.462500 0.150000 0.477083 0.151562 0.479167 0.151562 0.506250 0.146875 0.512500 0.146875 0.527083 0.162500 0.525000 0.159375 0.520833 0.157812 0.504167 0.154688 0.497917 0.154688 0.460417
3 0.564063 0.439583 0.554688 0.452083 0.553125 0.481250 0.548438 0.485417 0.550000 0.516667 0.564063 0.547917 0.571875 0.558333 0.573438 0.554167 0.576562 0.556250 0.576562 0.566667 0.576562 0.550000 0.571875 0.543750 0.568750 0.456250 0.575000 0.452083 0.575000 0.441667
3 0.603125 0.420833 0.584375 0.437500 0.600000 0.462500 0.603125 0.504167 0.593750 0.589583 0.587500 0.581250 0.585938 0.591667 0.587500 0.618750 0.590625 0.610417 0.612500 0.631250 0.662500 0.627083 0.665625 0.425000
4 0.000000 0.483333 0.000000 0.545833 0.020313 0.545833 0.021875 0.543750 0.021875 0.483333
4 0.067187 0.481250 0.062500 0.479167 0.060937 0.483333 0.039062 0.483333 0.039062 0.539583 0.068750 0.537500 0.068750 0.531250 0.071875 0.529167 0.068750 0.527083
4 0.384375 0.479167 0.384375 0.500000 0.385937 0.502083 0.387500 0.502083 0.389062 0.497917 0.390625 0.502083 0.407813 0.502083 0.407813 0.477083 0.404687 0.479167 0.403125 0.477083 0.401562 0.479167 0.396875 0.479167 0.395313 0.477083 0.393750 0.479167 0.389062 0.479167 0.385937 0.477083
4 0.421875 0.500000 0.426563 0.500000 0.429688 0.495833 0.435937 0.495833 0.437500 0.491667 0.451562 0.491667 0.453125 0.487500 0.456250 0.491667 0.457813 0.487500 0.456250 0.477083 0.456250 0.481250 0.453125 0.483333 0.451562 0.477083 0.445312 0.477083 0.443750 0.475000 0.429688 0.477083 0.428125 0.475000
4 0.098437 0.456250 0.092188 0.477083 0.087500 0.477083 0.084375 0.483333 0.084375 0.533333 0.145313 0.527083 0.145313 0.512500 0.150000 0.506250 0.148438 0.462500 0.145313 0.458333
4 0.570312 0.456250 0.573438 0.543750 0.576562 0.547917 0.576562 0.483333 0.575000 0.454167
4 0.584375 0.445833 0.585938 0.589583 0.587500 0.579167 0.589063 0.589583 0.592187 0.589583 0.601562 0.504167 0.598437 0.462500 0.589063 0.445833
4 0.998437 0.364583 0.664062 0.420833 0.664062 0.625000 0.867188 0.622917 0.875000 0.562500 0.998437 0.589583
5 0.360938 0.487500 0.357812 0.675000 0.368750 0.677083 0.373437 0.672917 0.371875 0.508333 0.368750 0.487500
5 0.415625 0.320833 0.414062 0.389583 0.415625 0.454167 0.418750 0.454167 0.418750 0.322917
5 0.573438 0.185417 0.584375 0.662500 0.582812 0.233333
5 0.021875 0.018750 0.012500 0.191667 0.031250 0.700000 0.045312 0.172917
7 0.562500 0.191667 0.557813 0.202083 0.556250 0.220833 0.557813 0.222917 0.557813 0.235417 0.560937 0.237500 0.562500 0.245833 0.565625 0.252083 0.568750 0.254167 0.568750 0.197917 0.567187 0.191667
7 0.010937 0.135417 0.000000 0.156250 0.000000 0.195833 0.003125 0.197917 0.006250 0.208333 0.012500 0.214583 0.010937 0.212500 0.012500 0.210417 0.010937 0.164583 0.014063 0.139583
7 0.039062 0.116667 0.042188 0.168750 0.046875 0.172917 0.042188 0.220833 0.050000 0.227083 0.060937 0.214583 0.064062 0.197917 0.067187 0.195833 0.068750 0.156250 0.059375 0.129167
7 0.000000 0.000000 0.000000 0.064583 0.015625 0.081250 0.014063 0.020833 0.023438 0.016667 0.029687 0.020833 0.032813 0.085417 0.039062 0.047917 0.100000 0.114583 0.104688 0.106250 0.115625 0.110417 0.115625 0.083333 0.048438 0.002083
8 0.500000 0.447917 0.496875 0.450000 0.492188 0.450000 0.490625 0.447917 0.490625 0.460417 0.487500 0.462500 0.485938 0.468750 0.475000 0.468750 0.475000 0.487500 0.485938 0.487500 0.489063 0.483333 0.490625 0.485417 0.495312 0.481250 0.496875 0.470833 0.500000 0.466667
8 0.267188 0.456250 0.268750 0.481250 0.284375 0.470833 0.334375 0.472917 0.342187 0.481250 0.346875 0.506250 0.357812 0.506250 0.357812 0.489583 0.379688 0.472917 0.379688 0.458333 0.375000 0.462500 0.368750 0.452083 0.279687 0.445833
8 0.420312 0.431250 0.420312 0.460417 0.425000 0.472917 0.451562 0.475000 0.454688 0.481250 0.453125 0.468750 0.443750 0.472917 0.437500 0.472917 0.434375 0.468750 0.442188 0.458333 0.440625 0.441667 0.434375 0.435417
8 0.414062 0.427083 0.412500 0.427083 0.410938 0.435417 0.407813 0.437500 0.403125 0.450000 0.403125 0.454167 0.400000 0.458333 0.398438 0.456250 0.396875 0.458333 0.396875 0.464583 0.395313 0.466667 0.395313 0.475000 0.396875 0.477083 0.401562 0.477083 0.403125 0.475000 0.404687 0.477083 0.407813 0.475000 0.407813 0.470833 0.412500 0.462500 0.412500 0.456250 0.414062 0.454167
8 0.507812 0.414583 0.506250 0.435417 0.503125 0.437500 0.503125 0.466667 0.532813 0.472917 0.548438 0.506250 0.546875 0.431250 0.543750 0.427083 0.529687 0.441667 0.529687 0.454167 0.526563 0.456250 0.525000 0.445833 0.517188 0.439583 0.514062 0.416667
8 0.039062 0.410417 0.039062 0.481250 0.084375 0.479167 0.089063 0.454167 0.153125 0.456250 0.164062 0.525000 0.220312 0.518750 0.214062 0.452083 0.139063 0.437500 0.107813 0.395833 0.068750 0.416667
8 0.020313 0.391667 0.010937 0.393750 0.000000 0.404167 0.000000 0.481250 0.021875 0.481250
8 0.582812 0.404167 0.584375 0.435417 0.603125 0.418750 0.685937 0.416667 0.689063 0.425000 0.731250 0.418750 0.729688 0.395833 0.721875 0.389583 0.604688 0.389583
8 0.046875 0.000000 0.135937 0.100000 0.157812 0.079167 0.162500 0.000000 0.193750 0.081250 0.198437 0.033333 0.218750 0.014583 0.231250 0.031250 0.259375 0.033333 0.279687 0.016667 0.275000 0.000000
9 0.165625 0.658333 0.107813 0.629167 0.042188 0.631250 0.031250 0.702083 0.023438 0.695833 0.023438 0.629167 0.000000 0.629167 0.000000 0.827083 0.135937 0.704167
9 0.554688 0.668750 0.590625 0.683333 0.812500 0.997917 0.998437 0.997917 0.996875 0.658333 0.862500 0.622917 0.590625 0.618750 0.585938 0.662500
10 0.007812 0.212500 0.006250 0.218750 0.000000 0.216667 0.000000 0.377083 0.006250 0.383333 0.020313 0.383333 0.020313 0.241667 0.014063 0.235417 0.014063 0.216667
10 0.003125 0.066667 0.000000 0.066667 0.000000 0.154167 0.004687 0.141667 0.014063 0.129167 0.018750 0.102083 0.017188 0.083333 0.012500 0.077083 0.009375 0.077083
10 0.037500 0.383333 0.396875 0.331250 0.414062 0.387500 0.417187 0.318750 0.421875 0.402083 0.528125 0.454167 0.575000 0.391667 0.562500 0.189583 0.585938 0.372917 0.676562 0.110417 0.998437 0.093750 0.998437 0.000000 0.276562 0.000000 0.196875 0.083333 0.162500 0.002083 0.100000 0.116667 0.037500 0.050000
11 0.414062 0.456250 0.414062 0.462500 0.409375 0.470833 0.409375 0.502083 0.412500 0.508333 0.412500 0.529167 0.418750 0.533333 0.420312 0.531250 0.420312 0.497917 0.421875 0.489583 0.425000 0.485417 0.425000 0.475000 0.420312 0.466667 0.418750 0.456250
13 0.232813 0.504167 0.232813 0.520833 0.250000 0.527083 0.271875 0.527083 0.289062 0.518750 0.329688 0.522917 0.345313 0.512500 0.345313 0.493750 0.334375 0.475000 0.284375 0.472917 0.264062 0.489583
13 0.495312 0.497917 0.498437 0.502083 0.501563 0.502083 0.501563 0.497917 0.504687 0.495833 0.518750 0.502083 0.528125 0.491667 0.528125 0.479167 0.532813 0.477083 0.532813 0.475000 0.515625 0.468750 0.503125 0.468750 0.501563 0.477083 0.500000 0.468750 0.495312 0.483333