0 0.243750 0.547917 0.242188 0.535417 0.159375 0.543750 0.182812 0.547917
0 0.376563 0.516667 0.357812 0.520833 0.331250 0.520833 0.331250 0.545833 0.340625 0.547917 0.357812 0.543750 0.376563 0.543750
0 0.998437 0.908333 0.598437 0.568750 0.612500 0.500000 0.515625 0.508333 0.514062 0.570833 0.506250 0.508333 0.384375 0.514583 0.418750 0.568750 0.143750 0.997917 0.998437 0.997917
0 0.631250 0.489583 0.629687 0.489583 0.628125 0.493750 0.625000 0.493750 0.625000 0.495833 0.620313 0.500000 0.620313 0.550000 0.625000 0.547917 0.626563 0.543750 0.631250 0.543750
1 0.134375 0.529167 0.070312 0.529167 0.057813 0.531250 0.057813 0.537500 0.068750 0.539583 0.120313 0.535417 0.134375 0.539583
1 0.242188 0.525000 0.235937 0.520833 0.234375 0.525000 0.140625 0.529167 0.140625 0.543750 0.242188 0.533333
1 0.595313 0.483333 0.585938 0.489583 0.571875 0.487500 0.550000 0.489583 0.548438 0.493750 0.535937 0.493750 0.534375 0.497917 0.531250 0.497917 0.529687 0.506250 0.531250 0.502083 0.546875 0.502083 0.562500 0.495833 0.578125 0.495833 0.579688 0.491667 0.595313 0.491667
2 0.578125 0.427083 0.578125 0.468750 0.585938 0.466667 0.590625 0.472917 0.590625 0.470833 0.593750 0.468750 0.593750 0.452083 0.601562 0.447917 0.600000 0.437500 0.587500 0.437500 0.582812 0.431250 0.582812 0.427083
2 0.526563 0.406250 0.526563 0.433333 0.539062 0.435417 0.546875 0.445833 0.546875 0.460417 0.540625 0.468750 0.548438 0.464583 0.554688 0.468750 0.559375 0.462500 0.560937 0.466667 0.573438 0.470833 0.573438 0.420833 0.568750 0.416667 0.564063 0.418750 0.560937 0.408333 0.545312 0.408333 0.543750 0.404167 0.537500 0.408333
2 0.235937 0.397917 0.242188 0.441667 0.296875 0.435417 0.325000 0.479167 0.329688 0.450000 0.348438 0.445833 0.371875 0.456250 0.376563 0.472917 0.376563 0.437500 0.364063 0.433333 0.376563 0.406250 0.353125 0.389583 0.346875 0.372917 0.339062 0.381250 0.328125 0.377083 0.326562 0.364583 0.312500 0.372917 0.268750 0.358333 0.254688 0.364583 0.254688 0.393750 0.250000 0.381250
2 0.514062 0.350000 0.407813 0.354167 0.382812 0.400000 0.382812 0.475000 0.407813 0.470833 0.404687 0.452083 0.493750 0.454167 0.496875 0.393750 0.498437 0.458333 0.504687 0.460417 0.521875 0.433333
2 0.053125 0.322917 0.057813 0.481250 0.093750 0.479167 0.098437 0.445833 0.143750 0.422917 0.214062 0.422917 0.217188 0.406250 0.164062 0.379167 0.143750 0.352083 0.114062 0.366667 0.121875 0.379167 0.112500 0.381250 0.090625 0.339583 0.068750 0.320833
2 0.004687 0.316667 0.000000 0.316667 0.000000 0.479167 0.009375 0.452083 0.009375 0.364583
2 0.998437 0.129167 0.920312 0.139583 0.923438 0.110417 0.901563 0.114583 0.896875 0.145833 0.748437 0.164583 0.739062 0.279167 0.712500 0.285417 0.709375 0.335417 0.689063 0.337500 0.668750 0.414583 0.778125 0.402083 0.790625 0.422917 0.998437 0.391667
3 0.779687 0.531250 0.781250 0.556250 0.998437 0.606250 0.993750 0.554167
3 0.057813 0.487500 0.057813 0.508333 0.062500 0.510417 0.064062 0.518750 0.071875 0.518750 0.078125 0.508333 0.096875 0.508333 0.098437 0.512500 0.093750 0.518750 0.096875 0.522917 0.089063 0.527083 0.134375 0.527083 0.134375 0.483333 0.100000 0.485417 0.095312 0.481250
3 0.632812 0.447917 0.634375 0.554167 0.659375 0.556250 0.659375 0.516667 0.653125 0.495833 0.657813 0.452083 0.653125 0.445833
3 0.329688 0.479167 0.296875 0.437500 0.248438 0.439583 0.239063 0.479167 0.170313 0.468750 0.143750 0.481250 0.140625 0.527083 0.240625 0.518750 0.245312 0.550000 0.329688 0.547917
4 0.057813 0.529167 0.087500 0.527083 0.089063 0.522917 0.095312 0.522917 0.092188 0.518750 0.095312 0.516667 0.096875 0.510417 0.078125 0.510417 0.076563 0.514583 0.073438 0.514583 0.071875 0.520833 0.064062 0.520833 0.060937 0.510417 0.057813 0.510417
4 0.557813 0.477083 0.554688 0.479167 0.553125 0.477083 0.546875 0.475000 0.545312 0.477083 0.537500 0.477083 0.535937 0.479167 0.531250 0.479167 0.531250 0.495833 0.534375 0.495833 0.535937 0.491667 0.548438 0.491667 0.550000 0.487500 0.557813 0.487500
4 0.493750 0.475000 0.490625 0.475000 0.485938 0.479167 0.479687 0.479167 0.478125 0.485417 0.473438 0.493750 0.471875 0.493750 0.470313 0.489583 0.470313 0.495833 0.471875 0.500000 0.495312 0.500000 0.493750 0.495833
4 0.998437 0.393750 0.654687 0.445833 0.660937 0.556250 0.778125 0.554167 0.781250 0.527083 0.998437 0.554167
5 0.507812 0.479167 0.507812 0.568750 0.514062 0.568750 0.512500 0.483333 0.510938 0.479167
5 0.140625 0.431250 0.139063 0.443750 0.135937 0.445833 0.135937 0.543750 0.139063 0.543750 0.139063 0.485417 0.142187 0.483333 0.142187 0.477083 0.139063 0.475000 0.139063 0.468750 0.142187 0.466667
5 0.612500 0.331250 0.615625 0.570833 0.618750 0.341667
5 0.378125 0.295833 0.381250 0.564583 0.379688 0.379167 0.384375 0.347917
7 0.357812 0.275000 0.359375 0.291667 0.376563 0.314583 0.378125 0.293750 0.381250 0.300000 0.381250 0.310417 0.382812 0.300000 0.390625 0.306250 0.396875 0.304167 0.396875 0.289583 0.393750 0.289583 0.379688 0.270833 0.368750 0.270833 0.367188 0.281250 0.360938 0.272917
8 0.406250 0.452083 0.406250 0.466667 0.409375 0.468750 0.406250 0.472917 0.409375 0.477083 0.425000 0.468750 0.456250 0.468750 0.473438 0.491667 0.479687 0.477083 0.493750 0.472917 0.493750 0.456250
8 0.332813 0.447917 0.331250 0.510417 0.373437 0.506250 0.371875 0.493750 0.368750 0.491667 0.368750 0.479167 0.373437 0.472917 0.371875 0.458333 0.360938 0.452083 0.350000 0.452083 0.348438 0.447917
8 0.526563 0.435417 0.526563 0.454167 0.529687 0.456250 0.531250 0.477083 0.546875 0.472917 0.556250 0.477083 0.557813 0.468750 0.554688 0.470833 0.551562 0.466667 0.543750 0.470833 0.539062 0.468750 0.545312 0.460417 0.543750 0.441667 0.539062 0.437500
8 0.521875 0.435417 0.520312 0.435417 0.518750 0.441667 0.510938 0.450000 0.510938 0.454167 0.507812 0.456250 0.504687 0.462500 0.500000 0.462500 0.498437 0.460417 0.498437 0.472917 0.504687 0.472917 0.507812 0.477083 0.517188 0.477083 0.517188 0.472917 0.521875 0.460417
8 0.137500 0.435417 0.126562 0.441667 0.107813 0.443750 0.098437 0.447917 0.095312 0.456250 0.095312 0.479167 0.100000 0.483333 0.134375 0.481250 0.135937 0.477083 0.134375 0.445833 0.137500 0.443750
8 0.610938 0.420833 0.609375 0.427083 0.610938 0.433333 0.601562 0.450000 0.595313 0.452083 0.595313 0.468750 0.592187 0.470833 0.592187 0.475000 0.595313 0.475000 0.600000 0.466667 0.612500 0.466667 0.612500 0.429167 0.610938 0.427083
8 0.617188 0.414583 0.618750 0.468750 0.625000 0.468750 0.631250 0.472917 0.631250 0.445833 0.629687 0.441667 0.623437 0.441667 0.621875 0.439583 0.621875 0.429167
8 0.635938 0.443750 0.703125 0.443750 0.782813 0.425000 0.778125 0.404167 0.764062 0.410417 0.690625 0.404167 0.640625 0.431250
8 0.234375 0.400000 0.218750 0.406250 0.212500 0.429167 0.171875 0.429167 0.160938 0.422917 0.140625 0.427083 0.140625 0.475000 0.157812 0.479167 0.173437 0.466667 0.178125 0.475000 0.239063 0.477083 0.240625 0.431250
8 0.000000 0.575000 0.056250 0.568750 0.054688 0.318750 0.112500 0.379167 0.196875 0.389583 0.218750 0.341667 0.223438 0.383333 0.278125 0.331250 0.250000 0.214583 0.373437 0.208333 0.370312 0.268750 0.403125 0.225000 0.418750 0.262500 0.459375 0.222917 0.412500 0.181250 0.535937 0.035417 0.000000 0.000000
9 0.600000 0.566667 0.998437 0.906250 0.995313 0.604167 0.779687 0.556250 0.626563 0.545833
9 0.417187 0.562500 0.125000 0.541667 0.000000 0.577083 0.000000 0.997917 0.142187 0.997917
10 0.190625 0.352083 0.192188 0.360417 0.207813 0.370833 0.207813 0.383333 0.198437 0.389583 0.198437 0.397917 0.212500 0.404167 0.232813 0.402083 0.250000 0.379167 0.248438 0.360417 0.239063 0.370833 0.229687 0.370833 0.220312 0.385417 0.210938 0.358333 0.217188 0.352083 0.237500 0.354167 0.225000 0.352083 0.218750 0.343750 0.200000 0.339583
10 0.264062 0.206250 0.253125 0.252083 0.259375 0.289583 0.276562 0.289583 0.268750 0.322917 0.279687 0.331250 0.256250 0.327083 0.254688 0.362500 0.326562 0.362500 0.376563 0.404167 0.365625 0.360417 0.375000 0.312500 0.356250 0.275000 0.367188 0.279167 0.360938 0.247917 0.379688 0.218750 0.373437 0.210417 0.356250 0.231250 0.329688 0.202083 0.331250 0.220833 0.310937 0.208333 0.306250 0.233333 0.284375 0.239583 0.276562 0.206250
10 0.382812 0.397917 0.490625 0.343750 0.521875 0.397917 0.526563 0.335417 0.526563 0.404167 0.603125 0.445833 0.615625 0.329167 0.634375 0.445833 0.735938 0.283333 0.748437 0.162500 0.998437 0.127083 0.998437 0.000000 0.509375 0.000000 0.537500 0.041667 0.414062 0.181250 0.460938 0.229167 0.414062 0.264583 0.403125 0.227083
11 0.528125 0.456250 0.521875 0.462500 0.521875 0.466667 0.518750 0.472917 0.518750 0.489583 0.521875 0.500000 0.521875 0.520833 0.528125 0.522917 0.528125 0.502083 0.529687 0.500000 0.529687 0.466667 0.528125 0.464583
13 0.470313 0.497917 0.460938 0.472917 0.425000 0.470833 0.403125 0.487500 0.389062 0.489583 0.384375 0.512500 0.412500 0.514583 0.429688 0.508333 0.456250 0.512500
13 0.600000 0.468750 0.596875 0.472917 0.596875 0.497917 0.601562 0.497917 0.603125 0.495833 0.610938 0.495833 0.612500 0.497917 0.612500 0.468750