0 0.000000 0.397917 0.000000 0.997917 0.998437 0.997917 0.998437 0.741667 0.690625 0.508333 0.676562 0.670833 0.678125 0.508333
1 0.917188 0.652083 0.943750 0.670833 0.935937 0.691667 0.917188 0.683333 0.939063 0.697917 0.990625 0.754167 0.998437 0.739583 0.998437 0.679167 0.948438 0.656250
1 0.662500 0.520833 0.670312 0.641667 0.676562 0.668750 0.681250 0.654167 0.676562 0.556250 0.668750 0.552083
1 0.534375 0.477083 0.629687 0.475000 0.631250 0.468750 0.606250 0.470833 0.600000 0.466667 0.596875 0.470833 0.576562 0.462500 0.565625 0.462500 0.564063 0.468750 0.562500 0.462500 0.548438 0.460417 0.537500 0.464583
1 0.417187 0.456250 0.520312 0.477083 0.520312 0.464583 0.509375 0.456250 0.498437 0.456250 0.496875 0.462500 0.493750 0.458333 0.490625 0.462500 0.487500 0.458333 0.435937 0.450000
1 0.000000 0.375000 0.000000 0.395833 0.310937 0.437500 0.287500 0.416667
2 0.837500 0.439583 0.792188 0.445833 0.790625 0.447917 0.792188 0.464583 0.800000 0.460417 0.804688 0.452083 0.814063 0.450000 0.820312 0.445833 0.831250 0.445833
2 0.607812 0.400000 0.607812 0.406250 0.606250 0.408333 0.606250 0.420833 0.604688 0.422917 0.604688 0.433333 0.601562 0.443750 0.604688 0.445833 0.610938 0.445833 0.617188 0.433333 0.617188 0.418750 0.615625 0.414583 0.609375 0.414583 0.607812 0.412500
2 0.546875 0.356250 0.545312 0.377083 0.562500 0.387500 0.570312 0.402083 0.568750 0.420833 0.557813 0.433333 0.571875 0.431250 0.579688 0.437500 0.582812 0.431250 0.589063 0.443750 0.596875 0.443750 0.600000 0.389583 0.590625 0.389583 0.587500 0.370833 0.570312 0.368750 0.567187 0.356250 0.562500 0.366667
2 0.540625 0.268750 0.507812 0.289583 0.498437 0.391667 0.520312 0.404167 0.540625 0.377083 0.543750 0.350000
2 0.998437 0.202083 0.964063 0.227083 0.856250 0.214583 0.831250 0.314583 0.775000 0.310417 0.764062 0.366667 0.743750 0.366667 0.690625 0.431250 0.687500 0.462500 0.726562 0.431250 0.767188 0.466667 0.784375 0.360417 0.804688 0.385417 0.995313 0.360417
2 0.139063 0.237500 0.181250 0.266667 0.220312 0.258333 0.250000 0.306250 0.309375 0.331250 0.312500 0.366667 0.351562 0.377083 0.350000 0.347917 0.492188 0.383333 0.501563 0.293750 0.531250 0.266667 0.404687 0.247917 0.359375 0.297917 0.335938 0.250000 0.320312 0.258333 0.232813 0.197917 0.178125 0.243750
2 0.000000 0.070833 0.000000 0.206250 0.089063 0.235417 0.090625 0.222917 0.062500 0.195833 0.067187 0.152083 0.076563 0.145833
3 0.790625 0.456250 0.793750 0.508333 0.784375 0.537500 0.773438 0.535417 0.795312 0.568750 0.790625 0.587500 0.835938 0.627083 0.923438 0.652083 0.943750 0.456250 0.865625 0.435417 0.795312 0.466667
3 0.309375 0.370833 0.309375 0.385417 0.310937 0.389583 0.328125 0.389583 0.332813 0.387500 0.335938 0.383333 0.350000 0.379167 0.350000 0.377083 0.339062 0.377083 0.323437 0.368750 0.310937 0.368750
3 0.296875 0.360417 0.293750 0.360417 0.284375 0.370833 0.282813 0.395833 0.287500 0.404167 0.285938 0.414583 0.287500 0.414583 0.285938 0.412500 0.290625 0.402083 0.290625 0.397917 0.296875 0.391667 0.301563 0.391667 0.301563 0.368750
4 0.790625 0.470833 0.779687 0.475000 0.779687 0.485417 0.776563 0.491667 0.776563 0.518750 0.773438 0.520833 0.773438 0.533333 0.779687 0.533333 0.781250 0.537500 0.782813 0.537500 0.787500 0.512500 0.792188 0.508333 0.790625 0.483333 0.793750 0.481250 0.793750 0.472917
4 0.685937 0.466667 0.684375 0.495833 0.721875 0.531250 0.735938 0.529167 0.742188 0.550000 0.790625 0.589583 0.793750 0.568750 0.779687 0.545833 0.768750 0.558333 0.762500 0.535417 0.775000 0.472917 0.750000 0.464583 0.740625 0.522917 0.734375 0.525000 0.734375 0.472917 0.721875 0.468750 0.714063 0.489583
4 0.539062 0.441667 0.537500 0.460417 0.539062 0.458333 0.543750 0.462500 0.548438 0.458333 0.562500 0.460417 0.565625 0.439583 0.567187 0.441667 0.565625 0.460417 0.568750 0.460417 0.567187 0.456250 0.570312 0.445833 0.564063 0.437500 0.543750 0.435417
4 0.495312 0.420833 0.495312 0.433333 0.492188 0.445833 0.492188 0.456250 0.496875 0.454167 0.509375 0.454167 0.517188 0.458333 0.518750 0.456250 0.518750 0.435417 0.520312 0.429167 0.509375 0.429167 0.498437 0.420833
4 0.435937 0.412500 0.437500 0.450000 0.473438 0.456250 0.489063 0.454167 0.490625 0.416667 0.451562 0.416667
4 0.000000 0.285417 0.000000 0.372917 0.203125 0.400000 0.201563 0.312500 0.107813 0.272917 0.092188 0.275000 0.087500 0.304167
5 0.787500 0.397917 0.784375 0.400000 0.776563 0.487500 0.773438 0.489583 0.768750 0.556250 0.782813 0.435417 0.785937 0.433333
5 0.685937 0.395833 0.678125 0.543750 0.671875 0.545833 0.678125 0.556250 0.682813 0.556250
5 0.540625 0.264583 0.512500 0.279167 0.503125 0.293750 0.490625 0.460417 0.506250 0.289583
5 0.559375 0.239583 0.554688 0.239583 0.542188 0.383333
7 0.796875 0.364583 0.793750 0.362500 0.784375 0.362500 0.784375 0.364583 0.779687 0.370833 0.778125 0.375000 0.778125 0.389583 0.781250 0.397917 0.785937 0.397917 0.795312 0.391667 0.798438 0.383333 0.798438 0.368750
7 0.304688 0.333333 0.304688 0.335417 0.301563 0.339583 0.301563 0.352083 0.300000 0.354167 0.300000 0.364583 0.301563 0.366667 0.307812 0.366667 0.309375 0.368750 0.310937 0.366667 0.310937 0.356250 0.314063 0.352083 0.314063 0.339583 0.309375 0.333333
8 0.695312 0.441667 0.692187 0.466667 0.700000 0.468750 0.714063 0.487500 0.721875 0.466667 0.735938 0.472917 0.732812 0.518750 0.739062 0.522917 0.750000 0.462500 0.757812 0.464583 0.754687 0.445833 0.743750 0.435417 0.726562 0.433333 0.718750 0.445833 0.707812 0.435417
8 0.565625 0.437500 0.571875 0.445833 0.568750 0.456250 0.570312 0.460417 0.578125 0.462500 0.579688 0.458333 0.582812 0.462500 0.595313 0.466667 0.596875 0.445833 0.589063 0.445833 0.584375 0.437500 0.581250 0.460417 0.579688 0.458333 0.579688 0.439583 0.571875 0.433333 0.568750 0.433333
8 0.782813 0.400000 0.778125 0.406250 0.778125 0.414583 0.771875 0.422917 0.771875 0.450000 0.768750 0.458333 0.768750 0.468750 0.775000 0.470833 0.776563 0.464583 0.776563 0.454167 0.782813 0.414583
8 0.600000 0.450000 0.603125 0.466667 0.606250 0.458333 0.610938 0.466667 0.612500 0.454167 0.614062 0.466667 0.631250 0.466667 0.635938 0.454167 0.656250 0.452083 0.665625 0.475000 0.670312 0.445833 0.671875 0.479167 0.681250 0.466667 0.681250 0.427083 0.667188 0.425000 0.654687 0.447917 0.643750 0.395833 0.634375 0.406250 0.629687 0.427083 0.610938 0.447917
8 0.568750 0.402083 0.562500 0.389583 0.545312 0.379167 0.542188 0.385417 0.537500 0.379167 0.520312 0.406250 0.509375 0.400000 0.506250 0.425000 0.520312 0.427083 0.523438 0.408333 0.532813 0.400000 0.546875 0.408333 0.545312 0.433333 0.556250 0.435417 0.567187 0.420833
8 0.393750 0.381250 0.428125 0.393750 0.432812 0.408333 0.439063 0.412500 0.490625 0.414583 0.492188 0.385417 0.484375 0.379167 0.462500 0.379167 0.460938 0.375000 0.446875 0.375000 0.420312 0.364583 0.420312 0.372917
8 0.798438 0.385417 0.781250 0.470833 0.792188 0.443750 0.862500 0.433333 0.945312 0.456250 0.928125 0.641667 0.998437 0.677083 0.998437 0.358333 0.926562 0.385417
8 0.062500 0.000000 0.029687 0.085417 0.078125 0.145833 0.064062 0.195833 0.092188 0.233333 0.000000 0.208333 0.000000 0.283333 0.087500 0.302083 0.114062 0.272917 0.281250 0.381250 0.293750 0.339583 0.256250 0.322917 0.231250 0.268750 0.137500 0.239583 0.107813 0.172917 0.126562 0.156250 0.107813 0.141667 0.106250 0.041667
9 0.203125 0.354167 0.201563 0.387500 0.206250 0.402083 0.248438 0.408333 0.250000 0.412500 0.284375 0.414583 0.285938 0.404167 0.279687 0.379167 0.254688 0.368750 0.248438 0.372917 0.237500 0.354167 0.232813 0.360417
9 0.350000 0.354167 0.354687 0.377083 0.365625 0.377083 0.367188 0.372917 0.371875 0.372917 0.373437 0.377083 0.392188 0.381250 0.403125 0.372917 0.420312 0.370833 0.418750 0.364583 0.412500 0.364583 0.390625 0.352083 0.382812 0.352083 0.381250 0.347917 0.367188 0.347917 0.365625 0.343750 0.356250 0.343750
10 0.089063 0.000000 0.140625 0.235417 0.232813 0.195833 0.359375 0.295833 0.404687 0.245833 0.540625 0.262500 0.545312 0.331250 0.559375 0.237500 0.546875 0.354167 0.601562 0.397917 0.607812 0.358333 0.654687 0.445833 0.775000 0.308333 0.829688 0.314583 0.856250 0.212500 0.998437 0.200000 0.998437 0.000000
10 0.000000 0.000000 0.000000 0.068750 0.032813 0.100000 0.028125 0.079167 0.042188 0.089583 0.039062 0.072917 0.046875 0.058333 0.043750 0.041667 0.051562 0.039583 0.046875 0.025000 0.060937 0.018750 0.060937 0.000000
11 0.529687 0.402083 0.521875 0.416667 0.518750 0.458333 0.521875 0.464583 0.520312 0.502083 0.532813 0.500000 0.532813 0.475000 0.535937 0.466667 0.537500 0.441667 0.543750 0.433333 0.545312 0.408333
13 0.635938 0.456250 0.629687 0.485417 0.631250 0.491667 0.637500 0.491667 0.639062 0.487500 0.640625 0.491667 0.651563 0.491667 0.654687 0.497917 0.659375 0.497917 0.660937 0.495833 0.660937 0.477083 0.662500 0.475000 0.660937 0.472917 0.660937 0.458333 0.656250 0.454167
13 0.287500 0.412500 0.290625 0.425000 0.306250 0.427083 0.323437 0.443750 0.343750 0.437500 0.387500 0.445833 0.406250 0.458333 0.435937 0.447917 0.435937 0.416667 0.428125 0.395833 0.371875 0.375000 0.328125 0.391667 0.296875 0.393750