0 0.000000 0.416667 0.000000 0.997917 0.998437 0.997917 0.982812 0.783333 0.714063 0.668750 0.590625 0.493750 0.573438 0.554167 0.551562 0.493750 0.445312 0.518750
1 0.912500 0.729167 0.910937 0.743750 0.914062 0.752083 0.935937 0.768750 0.954688 0.768750 0.985938 0.785417 0.998437 0.783333 0.996875 0.758333 0.970313 0.750000 0.957812 0.739583 0.943750 0.739583
1 0.460938 0.491667 0.551562 0.491667 0.553125 0.485417 0.535937 0.487500 0.528125 0.483333 0.526563 0.487500 0.523438 0.483333 0.507812 0.483333 0.506250 0.479167 0.479687 0.477083 0.473438 0.483333 0.471875 0.479167 0.467187 0.479167 0.462500 0.483333
1 0.356250 0.470833 0.446875 0.491667 0.446875 0.477083 0.437500 0.472917 0.421875 0.479167 0.418750 0.475000 0.359375 0.466667
1 0.000000 0.395833 0.000000 0.414583 0.251563 0.450000 0.229687 0.431250
2 0.648438 0.410417 0.642188 0.412500 0.640625 0.427083 0.632812 0.429167 0.631250 0.435417 0.625000 0.441667 0.625000 0.445833 0.615625 0.454167 0.631250 0.456250 0.637500 0.460417 0.640625 0.466667 0.646875 0.464583 0.650000 0.445833 0.650000 0.433333 0.646875 0.431250
2 0.476562 0.375000 0.475000 0.400000 0.498437 0.416667 0.498437 0.439583 0.489063 0.447917 0.492188 0.454167 0.501563 0.447917 0.507812 0.456250 0.510938 0.447917 0.512500 0.456250 0.525000 0.462500 0.529687 0.418750 0.529687 0.462500 0.540625 0.462500 0.545312 0.445833 0.559375 0.447917 0.539062 0.431250 0.537500 0.420833 0.518750 0.404167 0.517188 0.391667 0.501563 0.387500 0.498437 0.375000 0.495312 0.385417
2 0.000000 0.212500 0.000000 0.241667 0.146875 0.266667 0.290625 0.391667 0.314063 0.366667 0.426563 0.404167 0.434375 0.322917 0.465625 0.300000 0.440625 0.320833 0.429688 0.406250 0.451562 0.422917 0.470313 0.395833 0.468750 0.291667 0.339062 0.264583 0.292187 0.310417 0.267188 0.260417 0.153125 0.200000 0.090625 0.245833
2 0.998437 0.039583 0.893750 0.027083 0.812500 0.289583 0.734375 0.275000 0.718750 0.350000 0.678125 0.347917 0.656250 0.393750 0.654687 0.468750 0.682813 0.418750 0.817187 0.404167 0.976562 0.439583 0.998437 0.529167
3 0.250000 0.408333 0.259375 0.408333 0.260937 0.410417 0.271875 0.408333 0.276562 0.404167 0.290625 0.400000 0.290625 0.393750 0.279687 0.389583 0.251563 0.385417
3 0.240625 0.377083 0.235937 0.375000 0.223438 0.393750 0.220312 0.389583 0.209375 0.389583 0.200000 0.383333 0.193750 0.385417 0.210938 0.391667 0.217188 0.400000 0.221875 0.414583 0.221875 0.427083 0.218750 0.429167 0.231250 0.429167 0.232813 0.418750 0.243750 0.408333 0.246875 0.385417 0.242188 0.385417
4 0.623437 0.497917 0.615625 0.533333 0.665625 0.600000 0.707812 0.618750 0.714063 0.666667 0.998437 0.758333 0.998437 0.531250 0.740625 0.452083 0.728125 0.477083 0.656250 0.470833 0.629687 0.525000
4 0.428125 0.437500 0.428125 0.454167 0.426563 0.456250 0.425000 0.475000 0.429688 0.475000 0.431250 0.470833 0.437500 0.470833 0.446875 0.475000 0.446875 0.458333 0.450000 0.456250 0.446875 0.454167 0.446875 0.445833 0.439063 0.445833 0.437500 0.441667 0.431250 0.441667 0.429688 0.437500
4 0.371875 0.433333 0.375000 0.441667 0.375000 0.466667 0.420312 0.475000 0.420312 0.452083 0.423438 0.435417 0.421875 0.433333 0.412500 0.433333 0.409375 0.437500 0.385937 0.437500 0.379688 0.433333
4 0.000000 0.316667 0.000000 0.393750 0.220312 0.427083 0.215625 0.400000 0.192188 0.381250 0.167187 0.400000 0.146875 0.370833 0.146875 0.329167 0.045312 0.295833 0.039062 0.322917
5 0.465625 0.302083 0.440625 0.312500 0.435937 0.322917 0.421875 0.477083 0.435937 0.331250 0.443750 0.314583
8 0.581250 0.460417 0.581250 0.475000 0.612500 0.527083 0.623437 0.495833 0.629687 0.522917 0.635938 0.485417 0.646875 0.485417 0.646875 0.466667 0.640625 0.468750 0.631250 0.458333 0.607812 0.456250 0.600000 0.447917 0.590625 0.450000 0.582812 0.466667
8 0.571875 0.418750 0.567187 0.422917 0.559375 0.450000 0.546875 0.452083 0.540625 0.464583 0.529687 0.464583 0.529687 0.483333 0.534375 0.481250 0.535937 0.470833 0.537500 0.483333 0.542188 0.483333 0.543750 0.477083 0.545312 0.483333 0.553125 0.483333 0.559375 0.470833 0.576562 0.472917 0.575000 0.431250
8 0.659375 0.452083 0.659375 0.468750 0.728125 0.475000 0.725000 0.456250 0.740625 0.450000 0.990625 0.527083 0.993750 0.470833 0.976562 0.441667 0.942187 0.445833 0.864062 0.414583 0.789062 0.404167 0.740625 0.429167 0.695312 0.416667
8 0.439063 0.416667 0.439063 0.443750 0.446875 0.443750 0.456250 0.425000 0.464062 0.425000 0.467187 0.433333 0.470313 0.414583 0.471875 0.450000 0.481250 0.456250 0.479687 0.475000 0.492188 0.477083 0.495312 0.460417 0.495312 0.477083 0.507812 0.477083 0.507812 0.458333 0.501563 0.450000 0.492188 0.456250 0.487500 0.450000 0.496875 0.439583 0.496875 0.416667 0.475000 0.402083 0.471875 0.416667 0.468750 0.397917 0.451562 0.425000
8 0.293750 0.381250 0.292187 0.397917 0.314063 0.395833 0.364063 0.414583 0.371875 0.431250 0.423438 0.431250 0.426563 0.406250 0.410938 0.395833 0.382812 0.395833 0.314063 0.368750 0.303125 0.368750
8 0.000000 0.243750 0.000000 0.314583 0.039062 0.320833 0.043750 0.295833 0.146875 0.327083 0.148438 0.370833 0.167187 0.397917 0.179688 0.395833 0.182812 0.379167 0.223438 0.391667 0.234375 0.377083 0.228125 0.343750 0.196875 0.327083 0.146875 0.268750 0.103125 0.272917 0.087500 0.250000 0.042188 0.237500
8 0.000000 0.000000 0.000000 0.210417 0.035937 0.225000 0.026562 0.183333 0.032813 0.175000 0.015625 0.164583 0.035937 0.154167 0.017188 0.131250 0.026562 0.112500 0.017188 0.097917 0.026562 0.072917 0.010937 0.056250 0.017188 0.031250
10 0.003125 0.000000 0.039062 0.225000 0.153125 0.197917 0.292187 0.308333 0.468750 0.289583 0.475000 0.345833 0.485938 0.270833 0.476562 0.372917 0.582812 0.464583 0.734375 0.272917 0.810937 0.289583 0.893750 0.025000 0.998437 0.037500
11 0.464062 0.427083 0.456250 0.427083 0.448437 0.441667 0.448437 0.454167 0.451562 0.456250 0.448437 0.458333 0.448437 0.502083 0.445312 0.516667 0.454688 0.516667 0.459375 0.487500 0.462500 0.481250 0.465625 0.481250 0.470313 0.441667
13 0.559375 0.472917 0.557813 0.477083 0.554688 0.479167 0.553125 0.506250 0.568750 0.506250 0.573438 0.512500 0.575000 0.508333 0.575000 0.485417 0.576562 0.483333 0.576562 0.475000
13 0.231250 0.431250 0.234375 0.441667 0.248438 0.443750 0.254688 0.454167 0.309375 0.456250 0.348438 0.475000 0.373437 0.462500 0.373437 0.441667 0.364063 0.416667 0.314063 0.397917 0.265625 0.412500 0.242188 0.410417