0 0.000000 0.420833 0.000000 0.997917 0.967187 0.997917 0.906250 0.925000 0.887500 0.758333 0.690625 0.654167 0.582812 0.497917 0.440625 0.518750
1 0.451562 0.491667 0.523438 0.491667 0.542188 0.485417 0.507812 0.483333 0.506250 0.479167 0.459375 0.479167 0.457813 0.483333 0.453125 0.479167
1 0.346875 0.472917 0.379688 0.477083 0.412500 0.487500 0.434375 0.487500 0.435937 0.491667 0.435937 0.475000 0.421875 0.472917 0.418750 0.479167 0.417187 0.475000 0.412500 0.479167 0.410938 0.475000 0.368750 0.466667 0.350000 0.466667
1 0.000000 0.400000 0.003125 0.420833 0.246875 0.454167 0.220312 0.433333
2 0.467187 0.375000 0.464062 0.400000 0.479687 0.406250 0.489063 0.420833 0.481250 0.452083 0.490625 0.447917 0.515625 0.458333 0.518750 0.447917 0.520312 0.464583 0.529687 0.464583 0.534375 0.447917 0.543750 0.445833 0.543750 0.437500 0.528125 0.429167 0.528125 0.416667 0.523438 0.420833 0.517188 0.406250 0.509375 0.404167 0.506250 0.389583 0.492188 0.387500 0.489063 0.375000 0.484375 0.385417
2 0.000000 0.222917 0.000000 0.245833 0.139063 0.270833 0.168750 0.325000 0.278125 0.381250 0.415625 0.406250 0.426563 0.316667 0.454688 0.300000 0.428125 0.327083 0.421875 0.410417 0.460938 0.395833 0.457813 0.291667 0.328125 0.264583 0.282813 0.312500 0.254688 0.260417 0.142187 0.202083 0.073438 0.247917
2 0.998437 0.056250 0.870313 0.035417 0.795312 0.285417 0.720313 0.275000 0.704688 0.350000 0.667188 0.345833 0.642188 0.429167 0.632812 0.410417 0.606250 0.450000 0.776563 0.397917 0.939063 0.437500 0.956250 0.518750 0.978125 0.525000 0.998437 0.468750
3 0.240625 0.389583 0.242188 0.395833 0.240625 0.408333 0.259375 0.408333 0.262500 0.410417 0.273438 0.402083 0.281250 0.402083 0.282813 0.397917 0.284375 0.400000 0.282813 0.395833 0.275000 0.391667 0.251563 0.389583 0.250000 0.385417 0.246875 0.385417 0.245312 0.389583
3 0.234375 0.408333 0.235937 0.387500 0.231250 0.383333 0.231250 0.379167 0.221875 0.379167 0.217188 0.389583 0.192188 0.387500 0.182812 0.383333 0.185938 0.389583 0.207813 0.395833 0.212500 0.402083 0.212500 0.412500 0.218750 0.425000 0.218750 0.431250 0.221875 0.433333 0.225000 0.416667
4 0.460938 0.452083 0.460938 0.477083 0.506250 0.477083 0.507812 0.481250 0.510938 0.481250 0.510938 0.479167 0.501563 0.477083 0.498437 0.472917 0.498437 0.458333 0.471875 0.456250
4 0.585938 0.489583 0.690625 0.652083 0.818750 0.689583 0.887500 0.756250 0.878125 0.827083 0.909375 0.862500 0.914062 0.943750 0.998437 0.997917 0.998437 0.470833 0.978125 0.527083 0.717187 0.450000
4 0.418750 0.437500 0.418750 0.450000 0.417187 0.452083 0.417187 0.460417 0.415625 0.462500 0.417187 0.472917 0.417187 0.468750 0.418750 0.466667 0.421875 0.470833 0.435937 0.472917 0.437500 0.470833 0.437500 0.454167 0.435937 0.452083 0.435937 0.445833 0.428125 0.445833 0.426563 0.441667 0.421875 0.441667 0.420312 0.437500
4 0.412500 0.435417 0.403125 0.433333 0.400000 0.437500 0.364063 0.435417 0.365625 0.464583 0.382812 0.466667 0.398438 0.472917 0.410938 0.472917
4 0.000000 0.320833 0.000000 0.397917 0.135937 0.414583 0.137500 0.331250 0.035937 0.300000 0.029687 0.325000
5 0.454688 0.302083 0.431250 0.312500 0.425000 0.327083 0.412500 0.477083 0.426563 0.327083 0.432812 0.314583
8 0.562500 0.416667 0.557813 0.416667 0.553125 0.439583 0.548438 0.445833 0.537500 0.450000 0.529687 0.466667 0.518750 0.468750 0.518750 0.481250 0.543750 0.483333 0.545312 0.472917 0.551562 0.466667 0.564063 0.470833 0.565625 0.431250
8 0.464062 0.402083 0.460938 0.450000 0.471875 0.454167 0.498437 0.456250 0.490625 0.450000 0.482812 0.454167 0.478125 0.450000 0.478125 0.445833 0.485938 0.439583 0.487500 0.420833 0.479687 0.408333
8 0.459375 0.402083 0.454688 0.408333 0.451562 0.408333 0.442188 0.425000 0.439063 0.422917 0.435937 0.425000 0.431250 0.420833 0.429688 0.443750 0.437500 0.443750 0.439063 0.435417 0.448437 0.422917 0.451562 0.425000 0.453125 0.418750 0.456250 0.420833 0.454688 0.425000 0.456250 0.433333 0.457813 0.433333
8 0.957812 0.458333 0.771875 0.400000 0.731250 0.425000 0.684375 0.410417 0.642188 0.462500 0.584375 0.441667 0.567187 0.470833 0.596875 0.497917 0.654687 0.460417 0.703125 0.470833 0.717187 0.447917 0.954688 0.518750
8 0.351562 0.414583 0.357812 0.416667 0.364063 0.433333 0.400000 0.435417 0.403125 0.431250 0.412500 0.433333 0.415625 0.408333 0.409375 0.400000 0.385937 0.400000 0.365625 0.393750 0.365625 0.404167 0.357812 0.414583
8 0.212500 0.352083 0.209375 0.354167 0.209375 0.356250 0.210938 0.358333 0.210938 0.362500 0.214062 0.366667 0.214062 0.377083 0.210938 0.379167 0.209375 0.387500 0.217188 0.387500 0.220312 0.383333 0.220312 0.379167 0.223438 0.377083 0.221875 0.356250 0.218750 0.352083
8 0.000000 0.247917 0.000000 0.318750 0.029687 0.322917 0.034375 0.300000 0.045312 0.297917 0.132812 0.329167 0.171875 0.327083 0.139063 0.272917 0.112500 0.264583 0.092188 0.279167 0.067187 0.247917 0.029687 0.239583
8 0.000000 0.133333 0.000000 0.220833 0.040625 0.231250 0.025000 0.227083 0.014063 0.214583 0.017188 0.191667 0.010937 0.185417 0.015625 0.177083 0.014063 0.170833 0.001563 0.164583 0.020313 0.150000 0.017188 0.145833 0.007812 0.150000 0.004687 0.143750 0.009375 0.141667 0.009375 0.133333
9 0.245312 0.358333 0.248438 0.364583 0.245312 0.379167 0.251563 0.387500 0.276562 0.389583 0.285938 0.400000 0.318750 0.400000 0.357812 0.412500 0.364063 0.404167 0.364063 0.393750 0.298438 0.368750 0.281250 0.368750 0.278125 0.383333 0.270313 0.370833
9 0.135937 0.327083 0.137500 0.362500 0.140625 0.343750 0.151562 0.358333 0.135937 0.375000 0.137500 0.416667 0.217188 0.431250 0.210938 0.402083 0.181250 0.383333 0.207813 0.387500 0.212500 0.350000 0.232813 0.377083 0.239063 0.354167 0.192188 0.331250
10 0.025000 0.225000 0.142187 0.200000 0.282813 0.310417 0.371875 0.268750 0.457813 0.289583 0.465625 0.350000 0.475000 0.272917 0.467187 0.372917 0.573438 0.460417 0.720313 0.272917 0.793750 0.285417 0.870313 0.033333 0.998437 0.054167 0.998437 0.000000 0.000000 0.000000
11 0.454688 0.420833 0.451562 0.427083 0.448437 0.425000 0.440625 0.435417 0.437500 0.445833 0.439063 0.470833 0.435937 0.512500 0.440625 0.516667 0.445312 0.516667 0.446875 0.493750 0.450000 0.491667 0.456250 0.458333 0.459375 0.454167 0.459375 0.441667 0.453125 0.425000
13 0.548438 0.470833 0.542188 0.489583 0.542188 0.502083 0.545312 0.506250 0.548438 0.506250 0.550000 0.502083 0.553125 0.506250 0.560937 0.508333 0.564063 0.506250 0.565625 0.512500 0.568750 0.512500 0.573438 0.502083 0.573438 0.489583 0.575000 0.487500 0.573438 0.479167 0.568750 0.472917 0.565625 0.475000 0.551562 0.468750
13 0.223438 0.429167 0.226562 0.443750 0.254688 0.458333 0.293750 0.456250 0.345313 0.475000 0.350000 0.464583 0.364063 0.464583 0.364063 0.437500 0.356250 0.416667 0.318750 0.402083 0.282813 0.400000 0.262500 0.412500 0.234375 0.410417