0 0.000000 0.410417 0.000000 0.997917 0.998437 0.997917 0.996875 0.760417 0.753125 0.691667 0.606250 0.497917 0.464062 0.520833
1 0.471875 0.495833 0.478125 0.495833 0.479687 0.491667 0.482812 0.495833 0.537500 0.495833 0.539062 0.491667 0.565625 0.489583 0.492188 0.479167 0.490625 0.483333 0.475000 0.483333
1 0.367188 0.470833 0.429688 0.487500 0.446875 0.487500 0.448437 0.491667 0.459375 0.491667 0.460938 0.487500 0.459375 0.477083 0.445312 0.472917 0.442188 0.479167 0.439063 0.475000 0.434375 0.479167 0.387500 0.466667 0.370312 0.466667
1 0.000000 0.389583 0.004687 0.412500 0.264062 0.450000 0.240625 0.429167
2 0.668750 0.416667 0.657813 0.416667 0.654687 0.431250 0.646875 0.431250 0.646875 0.437500 0.640625 0.441667 0.639062 0.450000 0.631250 0.452083 0.626563 0.458333 0.634375 0.454167 0.654687 0.460417 0.659375 0.466667 0.667188 0.468750 0.671875 0.437500 0.668750 0.429167
2 0.490625 0.375000 0.489063 0.402083 0.510938 0.416667 0.510938 0.441667 0.503125 0.454167 0.521875 0.456250 0.525000 0.450000 0.526563 0.458333 0.537500 0.462500 0.543750 0.429167 0.543750 0.462500 0.551562 0.464583 0.557813 0.447917 0.565625 0.450000 0.564063 0.439583 0.551562 0.433333 0.551562 0.420833 0.543750 0.425000 0.542188 0.410417 0.532813 0.406250 0.532813 0.393750 0.515625 0.389583 0.510938 0.375000 0.507812 0.387500
2 0.053125 0.227083 0.120313 0.272917 0.167187 0.268750 0.290625 0.391667 0.325000 0.364583 0.439063 0.404167 0.448437 0.320833 0.478125 0.300000 0.453125 0.322917 0.443750 0.410417 0.482812 0.397917 0.481250 0.291667 0.351562 0.264583 0.307812 0.312500 0.282813 0.262500 0.173437 0.202083 0.109375 0.245833
2 0.000000 0.131250 0.000000 0.235417 0.012500 0.241667 0.028125 0.241667 0.029687 0.220833 0.006250 0.206250 0.000000 0.193750 0.000000 0.172917 0.004687 0.156250 0.012500 0.150000 0.018750 0.152083 0.012500 0.139583
2 0.998437 0.014583 0.929688 0.012500 0.840625 0.287500 0.756250 0.272917 0.737500 0.352083 0.695312 0.347917 0.670312 0.400000 0.671875 0.468750 0.704688 0.418750 0.834375 0.402083 0.998437 0.445833
3 0.264062 0.387500 0.264062 0.408333 0.279687 0.408333 0.285938 0.404167 0.298438 0.402083 0.301563 0.397917 0.301563 0.393750 0.290625 0.393750 0.287500 0.389583 0.284375 0.389583 0.279687 0.385417 0.265625 0.383333
3 0.254688 0.377083 0.245312 0.379167 0.240625 0.387500 0.242188 0.402083 0.240625 0.404167 0.240625 0.422917 0.239063 0.425000 0.242188 0.429167 0.243750 0.429167 0.245312 0.416667 0.250000 0.412500 0.251563 0.408333 0.256250 0.408333 0.254688 0.404167 0.256250 0.402083 0.256250 0.385417 0.254688 0.381250 0.251563 0.379167
4 0.621875 0.518750 0.689063 0.610417 0.743750 0.627083 0.753125 0.689583 0.998437 0.760417 0.998437 0.527083 0.968750 0.500000 0.768750 0.456250 0.762500 0.483333 0.704688 0.468750 0.656250 0.487500 0.646875 0.535417 0.640625 0.500000
4 0.484375 0.452083 0.482812 0.462500 0.481250 0.464583 0.481250 0.470833 0.479687 0.472917 0.479687 0.481250 0.490625 0.481250 0.492188 0.477083 0.498437 0.477083 0.496875 0.477083 0.495312 0.472917 0.503125 0.460417 0.506250 0.460417 0.506250 0.456250 0.496875 0.458333 0.495312 0.456250 0.487500 0.456250 0.485938 0.452083
4 0.440625 0.439583 0.440625 0.447917 0.439063 0.450000 0.439063 0.458333 0.437500 0.460417 0.437500 0.472917 0.440625 0.472917 0.442188 0.470833 0.443750 0.472917 0.445312 0.470833 0.446875 0.472917 0.460938 0.475000 0.460938 0.452083 0.459375 0.450000 0.459375 0.445833 0.445312 0.445833 0.443750 0.441667
4 0.384375 0.431250 0.385937 0.464583 0.415625 0.470833 0.420312 0.475000 0.432812 0.475000 0.435937 0.435417 0.414062 0.437500
4 0.000000 0.310417 0.001563 0.389583 0.162500 0.412500 0.160938 0.327083 0.059375 0.289583 0.053125 0.320833
5 0.478125 0.302083 0.468750 0.302083 0.450000 0.320833 0.434375 0.477083 0.450000 0.329167 0.456250 0.314583
5 0.500000 0.272917 0.484375 0.389583 0.482812 0.445833
8 0.496875 0.472917 0.496875 0.475000 0.500000 0.477083 0.504687 0.477083 0.506250 0.462500 0.509375 0.460417 0.510938 0.464583 0.507812 0.477083 0.509375 0.477083 0.510938 0.481250 0.520312 0.481250 0.520312 0.458333 0.517188 0.456250 0.507812 0.456250 0.507812 0.460417 0.503125 0.462500
8 0.604688 0.452083 0.596875 0.470833 0.596875 0.487500 0.628125 0.525000 0.632812 0.522917 0.640625 0.497917 0.646875 0.516667 0.646875 0.533333 0.654687 0.487500 0.667188 0.491667 0.667188 0.470833 0.645312 0.458333 0.626563 0.460417 0.615625 0.447917
8 0.584375 0.420833 0.571875 0.452083 0.560937 0.454167 0.551562 0.466667 0.543750 0.464583 0.540625 0.483333 0.545312 0.485417 0.548438 0.472917 0.550000 0.485417 0.556250 0.483333 0.560937 0.487500 0.567187 0.487500 0.573438 0.472917 0.592187 0.477083 0.593750 0.456250 0.587500 0.450000 0.587500 0.427083
8 0.671875 0.470833 0.673438 0.491667 0.690625 0.468750 0.762500 0.481250 0.765625 0.456250 0.968750 0.497917 0.971875 0.518750 0.998437 0.525000 0.998437 0.447917 0.904687 0.412500 0.817187 0.406250 0.765625 0.431250 0.704688 0.420833
8 0.487500 0.404167 0.487500 0.418750 0.484375 0.420833 0.484375 0.450000 0.487500 0.454167 0.501563 0.456250 0.500000 0.450000 0.509375 0.441667 0.509375 0.416667 0.504687 0.410417 0.498437 0.410417 0.495312 0.406250
8 0.482812 0.400000 0.479687 0.402083 0.478125 0.408333 0.475000 0.408333 0.468750 0.416667 0.465625 0.425000 0.457813 0.425000 0.456250 0.420833 0.453125 0.420833 0.453125 0.443750 0.460938 0.443750 0.462500 0.437500 0.468750 0.429167 0.478125 0.429167 0.481250 0.437500
8 0.303125 0.372917 0.303125 0.397917 0.320312 0.393750 0.376563 0.414583 0.387500 0.431250 0.435937 0.433333 0.439063 0.406250 0.431250 0.400000 0.409375 0.400000 0.325000 0.366667 0.307812 0.366667
8 0.000000 0.000000 0.000000 0.129167 0.020313 0.150000 0.001563 0.193750 0.031250 0.220833 0.028125 0.243750 0.000000 0.237500 0.000000 0.308333 0.053125 0.318750 0.059375 0.287500 0.160938 0.325000 0.164062 0.412500 0.237500 0.427083 0.243750 0.345833 0.167187 0.270833 0.120313 0.275000 0.051562 0.229167 0.048438 0.077083 0.025000 0.004167
9 0.167187 0.968750 0.160938 0.956250 0.154688 0.956250 0.151562 0.947917 0.143750 0.945833 0.140625 0.954167 0.121875 0.977083 0.121875 0.981250 0.131250 0.987500 0.139063 0.989583 0.142187 0.987500 0.145313 0.991667 0.153125 0.987500 0.159375 0.979167 0.162500 0.979167 0.167187 0.972917
10 0.023438 0.000000 0.057813 0.225000 0.173437 0.200000 0.307812 0.310417 0.351562 0.262500 0.481250 0.289583 0.489063 0.343750 0.500000 0.270833 0.492188 0.372917 0.598437 0.464583 0.735938 0.352083 0.756250 0.270833 0.837500 0.289583 0.928125 0.012500 0.998437 0.012500
11 0.478125 0.431250 0.468750 0.431250 0.460938 0.445833 0.462500 0.487500 0.457813 0.512500 0.464062 0.518750 0.468750 0.516667 0.470313 0.493750 0.473438 0.483333 0.478125 0.481250 0.482812 0.454167
13 0.573438 0.475000 0.567187 0.489583 0.565625 0.508333 0.579688 0.508333 0.590625 0.516667 0.595313 0.506250 0.596875 0.489583 0.595313 0.497917 0.592187 0.479167 0.582812 0.475000
13 0.242188 0.431250 0.268750 0.454167 0.321875 0.456250 0.359375 0.475000 0.370312 0.464583 0.384375 0.464583 0.384375 0.435417 0.376563 0.416667 0.320312 0.395833 0.279687 0.410417 0.251563 0.410417