0 0.850000 0.997917 0.453125 0.479167 0.182812 0.518750 0.168750 0.602083 0.146875 0.518750 0.107813 0.616667 0.118750 0.518750 0.000000 0.508333 0.000000 0.997917
1 0.498437 0.493750 0.846875 0.993750 0.998437 0.997917 0.998437 0.797917 0.925000 0.758333 0.896875 0.668750 0.704688 0.618750
1 0.182812 0.516667 0.301563 0.506250 0.442188 0.470833 0.307812 0.479167 0.226562 0.466667 0.187500 0.479167
1 0.000000 0.506250 0.118750 0.516667 0.120313 0.508333 0.104688 0.495833 0.128125 0.479167 0.000000 0.466667
2 0.414062 0.397917 0.414062 0.414583 0.412500 0.416667 0.412500 0.435417 0.410938 0.437500 0.410938 0.443750 0.417187 0.445833 0.420312 0.439583 0.420312 0.433333 0.426563 0.429167 0.428125 0.425000 0.429688 0.429167 0.429688 0.420833 0.417187 0.410417 0.417187 0.400000
2 0.187500 0.160417 0.179688 0.266667 0.212500 0.352083 0.287500 0.377083 0.306250 0.356250 0.317188 0.247917 0.312500 0.333333 0.365625 0.381250 0.348438 0.431250 0.385937 0.425000 0.404687 0.443750 0.410938 0.395833 0.392188 0.358333 0.332813 0.335417 0.314063 0.193750
2 0.000000 0.181250 0.000000 0.250000 0.103125 0.283333 0.107813 0.358333 0.129688 0.358333 0.139063 0.322917 0.165625 0.295833 0.179688 0.156250 0.087500 0.135417
2 0.998437 0.150000 0.932813 0.083333 0.875000 0.114583 0.885938 0.056250 0.864062 0.110417 0.782813 0.083333 0.718750 0.291667 0.620313 0.270833 0.600000 0.354167 0.496875 0.431250 0.498437 0.481250 0.546875 0.425000 0.668750 0.433333 0.721875 0.366667 0.739062 0.397917 0.776563 0.310417 0.910937 0.245833 0.957812 0.314583 0.975000 0.454167
3 0.773438 0.622917 0.773438 0.629167 0.817187 0.633333 0.828125 0.637500 0.825000 0.633333 0.810937 0.627083 0.804688 0.618750 0.779687 0.618750
3 0.945312 0.458333 0.917188 0.745833 0.998437 0.795833 0.998437 0.572917 0.990625 0.560417 0.998437 0.458333
4 0.998437 0.493750 0.998437 0.497917 0.995313 0.500000 0.993750 0.535417 0.992188 0.537500 0.993750 0.543750 0.992188 0.560417 0.995313 0.568750 0.998437 0.570833
4 0.520312 0.489583 0.529687 0.514583 0.696875 0.612500 0.757812 0.627083 0.801562 0.616667 0.776563 0.610417 0.798438 0.595833 0.782813 0.541667 0.803125 0.543750 0.842187 0.497917 0.748437 0.495833 0.756250 0.522917 0.731250 0.545833 0.723437 0.477083 0.537500 0.472917
4 0.503125 0.477083 0.500000 0.483333 0.500000 0.489583 0.503125 0.491667 0.506250 0.491667 0.507812 0.493750 0.507812 0.500000 0.509375 0.502083 0.515625 0.502083 0.515625 0.487500 0.517188 0.485417 0.517188 0.472917 0.510938 0.472917 0.506250 0.477083
4 0.400000 0.456250 0.385937 0.447917 0.382812 0.466667 0.382812 0.445833 0.314063 0.420833 0.303125 0.437500 0.295312 0.402083 0.285938 0.420833 0.198437 0.406250 0.187500 0.477083 0.226562 0.464583 0.360938 0.475000 0.400000 0.468750
4 0.000000 0.358333 0.000000 0.464583 0.129688 0.475000 0.126562 0.362500
5 0.317188 0.250000 0.304688 0.358333 0.307812 0.362500 0.303125 0.435417 0.309375 0.412500
5 0.329688 0.104167 0.326562 0.104167 0.326562 0.131250 0.320312 0.177083 0.320312 0.231250 0.325000 0.204167 0.329688 0.112500 0.332813 0.110417
5 0.273438 0.039583 0.243750 0.045833 0.190625 0.083333 0.176563 0.266667 0.193750 0.091667 0.223438 0.064583 0.268750 0.052083
8 0.792188 0.533333 0.784375 0.541667 0.784375 0.570833 0.800000 0.595833 0.785937 0.597917 0.778125 0.606250 0.778125 0.610417 0.803125 0.616667 0.804688 0.543750 0.800000 0.543750 0.796875 0.535417
8 0.409375 0.447917 0.409375 0.470833 0.415625 0.468750 0.417187 0.454167 0.418750 0.472917 0.442188 0.468750 0.446875 0.458333 0.459375 0.464583 0.467187 0.450000 0.496875 0.460417 0.498437 0.443750 0.490625 0.433333 0.490625 0.420833 0.489063 0.427083 0.481250 0.420833 0.471875 0.427083 0.462500 0.447917 0.454688 0.429167 0.454688 0.404167 0.448437 0.395833 0.428125 0.439583 0.426563 0.431250 0.421875 0.433333 0.417187 0.447917
8 0.998437 0.352083 0.995313 0.372917 0.998437 0.393750 0.995313 0.410417 0.984375 0.429167 0.981250 0.450000 0.976562 0.454167 0.998437 0.456250
8 0.209375 0.347917 0.215625 0.404167 0.285938 0.418750 0.295312 0.400000 0.301563 0.412500 0.306250 0.362500 0.292187 0.368750 0.287500 0.379167 0.276562 0.379167 0.256250 0.364583 0.234375 0.362500
8 0.315625 0.337500 0.309375 0.418750 0.326562 0.429167 0.382812 0.443750 0.382812 0.431250 0.373437 0.425000 0.360938 0.435417 0.346875 0.431250 0.350000 0.416667 0.360938 0.410417 0.364063 0.381250 0.350000 0.358333 0.340625 0.358333
8 0.000000 0.252083 0.000000 0.356250 0.081250 0.364583 0.107813 0.360417 0.107813 0.295833 0.103125 0.285417 0.079687 0.270833
8 0.973437 0.370833 0.910937 0.247917 0.895312 0.285417 0.857812 0.289583 0.850000 0.262500 0.828125 0.306250 0.776563 0.312500 0.739062 0.400000 0.721875 0.368750 0.707812 0.395833 0.676562 0.385417 0.668750 0.435417 0.546875 0.427083 0.528125 0.472917 0.723437 0.475000 0.740625 0.543750 0.748437 0.493750 0.942187 0.485417
10 0.000000 0.000000 0.000000 0.179167 0.181250 0.156250 0.273438 0.037500 0.187500 0.158333 0.318750 0.212500 0.329688 0.102083 0.334375 0.335417 0.407813 0.393750 0.415625 0.339583 0.462500 0.445833 0.620313 0.268750 0.717187 0.291667 0.782813 0.081250 0.884375 0.056250 0.875000 0.112500 0.998437 0.147917 0.998437 0.000000
11 0.187500 0.268750 0.171875 0.268750 0.128125 0.358333 0.132812 0.466667 0.106250 0.495833 0.121875 0.512500 0.101562 0.577083 0.104688 0.614583 0.121875 0.606250 0.126562 0.556250 0.154688 0.497917 0.164062 0.500000 0.156250 0.593750 0.184375 0.589583 0.181250 0.497917 0.196875 0.406250 0.215625 0.391667
13 0.857812 0.487500 0.810937 0.527083 0.804688 0.616667 0.851562 0.662500 0.896875 0.666667 0.909375 0.693750 0.920312 0.695833 0.942187 0.487500
13 0.445312 0.462500 0.443750 0.475000 0.454688 0.479167 0.453125 0.497917 0.457813 0.512500 0.462500 0.506250 0.471875 0.506250 0.495312 0.516667 0.498437 0.483333 0.496875 0.466667 0.492188 0.456250 0.467187 0.452083 0.459375 0.466667 0.454688 0.460417