0 0.935937 0.997917 0.501563 0.483333 0.112500 0.535417 0.120313 0.635417 0.085938 0.575000 0.076563 0.683333 0.025000 0.702083 0.062500 0.531250 0.000000 0.527083 0.000000 0.997917
1 0.548438 0.512500 0.937500 0.997917 0.998437 0.997917 0.998437 0.733333 0.870313 0.702083 0.582812 0.531250 0.570312 0.550000
1 0.000000 0.472917 0.000000 0.525000 0.031250 0.529167 0.064062 0.527083 0.064062 0.514583 0.067187 0.510417 0.067187 0.485417 0.064062 0.479167
1 0.110937 0.531250 0.282813 0.527083 0.482812 0.479167 0.337500 0.485417 0.210938 0.458333 0.204687 0.487500 0.129688 0.485417
2 0.459375 0.404167 0.456250 0.406250 0.456250 0.433333 0.454688 0.435417 0.453125 0.454167 0.462500 0.454167 0.465625 0.441667 0.470313 0.439583 0.470313 0.427083 0.468750 0.427083 0.465625 0.420833 0.460938 0.420833 0.459375 0.418750
2 0.184375 0.314583 0.182812 0.352083 0.179688 0.362500 0.189062 0.362500 0.182812 0.358333 0.185938 0.350000 0.190625 0.358333 0.195312 0.352083 0.200000 0.354167 0.201563 0.350000 0.204687 0.356250 0.206250 0.352083 0.204687 0.339583 0.207813 0.337500 0.206250 0.335417 0.207813 0.331250 0.203125 0.331250 0.201563 0.327083 0.192188 0.322917
2 0.362500 0.220833 0.354687 0.331250 0.403125 0.370833 0.407813 0.393750 0.389062 0.435417 0.414062 0.431250 0.446875 0.454167 0.450000 0.389583 0.435937 0.383333 0.435937 0.364583 0.415625 0.362500 0.410938 0.345833 0.401562 0.358333 0.376563 0.339583
2 0.195312 0.152083 0.185938 0.291667 0.259375 0.320833 0.276562 0.356250 0.326562 0.383333 0.342187 0.352083 0.357812 0.187500
2 0.003125 0.133333 0.000000 0.210417 0.078125 0.239583 0.098437 0.218750 0.109375 0.175000 0.139063 0.187500 0.170313 0.360417 0.189062 0.145833 0.135937 0.135417 0.042188 0.183333 0.021875 0.162500 0.020313 0.137500
2 0.998437 0.045833 0.901563 0.020833 0.806250 0.289583 0.679688 0.264583 0.657813 0.360417 0.621875 0.352083 0.539062 0.439583 0.546875 0.481250 0.604688 0.431250 0.748437 0.433333 0.821875 0.493750 0.814063 0.372917 0.867188 0.383333 0.960938 0.258333 0.998437 0.254167
4 0.578125 0.483333 0.576562 0.527083 0.870313 0.700000 0.998437 0.731250 0.996875 0.508333 0.734375 0.491667 0.721875 0.560417 0.703125 0.504167
4 0.548438 0.485417 0.548438 0.510417 0.557813 0.516667 0.568750 0.518750 0.571875 0.522917 0.571875 0.483333
4 0.170313 0.362500 0.160938 0.383333 0.143750 0.372917 0.143750 0.414583 0.129688 0.483333 0.160938 0.483333
4 0.000000 0.343750 0.000000 0.470833 0.065625 0.479167 0.064062 0.445833 0.051562 0.429167 0.040625 0.387500 0.045312 0.347917
4 0.178125 0.368750 0.170313 0.481250 0.204687 0.485417 0.210938 0.456250 0.337500 0.483333 0.423438 0.481250 0.425000 0.452083 0.343750 0.422917 0.339062 0.450000 0.329688 0.408333 0.323437 0.420833 0.221875 0.408333 0.215625 0.337500
5 0.373437 0.077083 0.364063 0.085417 0.339062 0.447917
5 0.239063 0.000000 0.221875 0.000000 0.198437 0.035417 0.164062 0.485417 0.204687 0.041667
8 0.429688 0.445833 0.429688 0.466667 0.428125 0.468750 0.428125 0.475000 0.434375 0.475000 0.435937 0.477083 0.445312 0.477083 0.446875 0.456250 0.443750 0.456250 0.439063 0.450000 0.439063 0.447917 0.435937 0.445833
8 0.581250 0.477083 0.621875 0.483333 0.628125 0.502083 0.703125 0.502083 0.718750 0.537500 0.710938 0.554167 0.721875 0.558333 0.734375 0.489583 0.809375 0.489583 0.800000 0.450000 0.748437 0.435417 0.623437 0.458333 0.620313 0.437500 0.604688 0.433333
8 0.470313 0.477083 0.485938 0.477083 0.490625 0.466667 0.498437 0.466667 0.500000 0.472917 0.507812 0.460417 0.515625 0.458333 0.539062 0.464583 0.540625 0.450000 0.534375 0.443750 0.532813 0.431250 0.529687 0.435417 0.518750 0.431250 0.509375 0.452083 0.503125 0.456250 0.496875 0.408333 0.492188 0.404167 0.484375 0.414583 0.482812 0.433333 0.471875 0.445833
8 0.357812 0.331250 0.350000 0.350000 0.345313 0.420833 0.365625 0.433333 0.389062 0.439583 0.389062 0.425000 0.403125 0.412500 0.406250 0.393750 0.403125 0.372917 0.398438 0.372917 0.392188 0.360417 0.385937 0.356250 0.381250 0.360417 0.371875 0.347917 0.367188 0.347917
8 0.184375 0.295833 0.187500 0.316667 0.217188 0.337500 0.221875 0.406250 0.256250 0.404167 0.323437 0.418750 0.329688 0.406250 0.337500 0.418750 0.340625 0.360417 0.323437 0.385417 0.320312 0.375000 0.276562 0.358333 0.257812 0.335417 0.259375 0.322917 0.204687 0.295833
8 0.998437 0.256250 0.978125 0.279167 0.960938 0.260417 0.940625 0.316667 0.932813 0.300000 0.914062 0.337500 0.870313 0.356250 0.867188 0.385417 0.815625 0.372917 0.818750 0.402083 0.804688 0.418750 0.823438 0.493750 0.998437 0.508333
8 0.000000 0.212500 0.000000 0.341667 0.042188 0.347917 0.056250 0.272917 0.075000 0.241667 0.025000 0.227083
10 0.196875 0.145833 0.357812 0.185417 0.373437 0.075000 0.378125 0.339583 0.451562 0.400000 0.460938 0.343750 0.460938 0.418750 0.493750 0.402083 0.506250 0.454167 0.656250 0.360417 0.679688 0.262500 0.806250 0.287500 0.900000 0.020833 0.998437 0.043750 0.998437 0.000000 0.240625 0.000000
10 0.000000 0.150000 0.003125 0.131250 0.020313 0.135417 0.023438 0.162500 0.043750 0.181250 0.135937 0.133333 0.189062 0.143750 0.196875 0.035417 0.220312 0.000000 0.000000 0.000000
11 0.123438 0.175000 0.054688 0.283333 0.040625 0.377083 0.068750 0.510417 0.023438 0.700000 0.075000 0.683333 0.056250 0.643750 0.085938 0.572917 0.101562 0.643750 0.129688 0.600000 0.109375 0.529167 0.142187 0.372917 0.160938 0.381250 0.168750 0.347917 0.142187 0.197917
13 0.487500 0.472917 0.484375 0.483333 0.503125 0.483333 0.503125 0.489583 0.498437 0.493750 0.498437 0.508333 0.503125 0.512500 0.503125 0.520833 0.517188 0.516667 0.535937 0.522917 0.539062 0.531250 0.545312 0.531250 0.546875 0.483333 0.543750 0.468750 0.515625 0.460417 0.500000 0.475000 0.498437 0.468750