0 0.000000 0.681250 0.000000 0.997917 0.998437 0.997917 0.998437 0.889583 0.607812 0.577083 0.525000 0.564583 0.489063 0.479167
1 0.610938 0.535417 0.612500 0.581250 0.998437 0.887500 0.998437 0.695833 0.740625 0.593750 0.764062 0.652083 0.729688 0.654167 0.709375 0.631250 0.732812 0.629167 0.731250 0.591667
1 0.467187 0.479167 0.201563 0.535417 0.000000 0.516667 0.000000 0.679167
2 0.431250 0.400000 0.428125 0.454167 0.437500 0.456250 0.434375 0.439583 0.437500 0.435417 0.443750 0.433333 0.446875 0.437500 0.446875 0.427083 0.443750 0.422917 0.443750 0.418750 0.439063 0.418750 0.435937 0.414583 0.435937 0.402083
2 0.400000 0.352083 0.396875 0.439583 0.406250 0.439583 0.406250 0.450000 0.410938 0.450000 0.412500 0.454167 0.423438 0.454167 0.426563 0.414583 0.423438 0.383333 0.409375 0.381250 0.406250 0.354167
2 0.339062 0.322917 0.348438 0.362500 0.342187 0.387500 0.325000 0.410417 0.318750 0.410417 0.323437 0.418750 0.320312 0.435417 0.337500 0.439583 0.350000 0.433333 0.357812 0.439583 0.357812 0.429167 0.365625 0.422917 0.392188 0.435417 0.395313 0.352083 0.382812 0.352083 0.373437 0.331250 0.373437 0.345833 0.362500 0.347917
2 0.998437 0.164583 0.921875 0.154167 0.910937 0.112500 0.876563 0.145833 0.765625 0.129167 0.717187 0.310417 0.642188 0.304167 0.631250 0.358333 0.593750 0.354167 0.526563 0.460417 0.592187 0.450000 0.615625 0.510417 0.665625 0.387500 0.732812 0.366667 0.742188 0.414583 0.762500 0.377083 0.789062 0.439583 0.996875 0.377083
2 0.190625 0.056250 0.178125 0.352083 0.187500 0.393750 0.240625 0.420833 0.207813 0.381250 0.207813 0.343750 0.240625 0.308333 0.248438 0.262500 0.259375 0.252083 0.298438 0.302083 0.317188 0.295833 0.273438 0.072917
2 0.000000 0.025000 0.000000 0.222917 0.071875 0.247917 0.076563 0.279167 0.104688 0.302083 0.128125 0.300000 0.157812 0.339583 0.171875 0.054167
3 0.610938 0.527083 0.610938 0.533333 0.623437 0.543750 0.631250 0.543750 0.678125 0.568750 0.709375 0.577083 0.709375 0.560417 0.704688 0.556250
3 0.814063 0.477083 0.809375 0.477083 0.806250 0.487500 0.803125 0.537500 0.804688 0.602083 0.800000 0.620833 0.810937 0.625000 0.809375 0.591667 0.812500 0.585417 0.810937 0.564583 0.814063 0.562500 0.810937 0.535417 0.815625 0.533333 0.815625 0.497917 0.818750 0.491667
3 0.257812 0.425000 0.256250 0.514583 0.389062 0.495833 0.384375 0.487500 0.275000 0.497917 0.271875 0.464583 0.278125 0.427083
3 0.176563 0.395833 0.179688 0.433333 0.200000 0.420833 0.206250 0.460417 0.203125 0.495833 0.192188 0.512500 0.179688 0.510417 0.178125 0.533333 0.210938 0.529167 0.207813 0.466667 0.215625 0.404167
4 0.998437 0.504167 0.978125 0.520833 0.875000 0.522917 0.842187 0.566667 0.817187 0.510417 0.812500 0.627083 0.998437 0.693750 0.998437 0.604167 0.903125 0.583333 0.889062 0.550000 0.971875 0.535417 0.998437 0.550000
4 0.739062 0.477083 0.739062 0.591667 0.801562 0.622917 0.801562 0.537500 0.807813 0.477083
4 0.732812 0.587500 0.729688 0.472917 0.621875 0.477083 0.615625 0.512500 0.610938 0.497917 0.610938 0.525000 0.710938 0.560417 0.710938 0.581250
4 0.276562 0.431250 0.275000 0.495833 0.389062 0.485417 0.390625 0.456250
4 0.196875 0.420833 0.192188 0.422917 0.185938 0.435417 0.179688 0.435417 0.178125 0.431250 0.179688 0.506250 0.190625 0.510417 0.201563 0.495833 0.201563 0.479167 0.204687 0.477083 0.201563 0.429167
4 0.214062 0.416667 0.209375 0.466667 0.212500 0.520833 0.214062 0.516667 0.254688 0.512500 0.257812 0.485417 0.256250 0.425000
4 0.000000 0.383333 0.001563 0.516667 0.148438 0.529167 0.154688 0.414583 0.146875 0.395833 0.126562 0.404167
5 0.734375 0.477083 0.734375 0.629167 0.712500 0.629167 0.710938 0.637500 0.729688 0.652083 0.762500 0.652083 0.762500 0.641667 0.739062 0.629167
5 0.426563 0.322917 0.414062 0.327083 0.396875 0.345833 0.390625 0.495833 0.395313 0.468750 0.398438 0.350000 0.404687 0.335417
5 0.434375 0.318750 0.421875 0.472917 0.423438 0.491667 0.426563 0.491667
5 0.193750 0.000000 0.175000 0.000000 0.151562 0.533333 0.175000 0.533333 0.181250 0.508333 0.175000 0.377083
7 0.735938 0.387500 0.726562 0.395833 0.725000 0.406250 0.726562 0.433333 0.731250 0.441667 0.725000 0.452083 0.726562 0.475000 0.729688 0.470833 0.731250 0.475000 0.739062 0.475000 0.740625 0.447917 0.739062 0.443750 0.732812 0.441667 0.735938 0.439583 0.740625 0.425000 0.740625 0.395833
8 0.998437 0.602083 0.998437 0.552083 0.979688 0.537500 0.951562 0.539583 0.928125 0.552083 0.917188 0.552083 0.907813 0.543750 0.890625 0.547917 0.903125 0.581250 0.932813 0.593750
8 0.396875 0.441667 0.395313 0.481250 0.418750 0.483333 0.420312 0.485417 0.421875 0.456250 0.412500 0.456250 0.410938 0.452083 0.404687 0.450000 0.406250 0.441667
8 0.442188 0.437500 0.435937 0.439583 0.439063 0.456250 0.437500 0.458333 0.428125 0.456250 0.428125 0.485417 0.434375 0.485417 0.434375 0.468750 0.437500 0.464583 0.439063 0.466667 0.439063 0.485417 0.442188 0.485417
8 0.521875 0.431250 0.517188 0.439583 0.514062 0.437500 0.514062 0.425000 0.510938 0.431250 0.506250 0.425000 0.493750 0.431250 0.490625 0.439583 0.492188 0.472917 0.495312 0.472917 0.498437 0.460417 0.506250 0.454167 0.512500 0.454167 0.525000 0.460417 0.525000 0.441667 0.521875 0.437500
8 0.335938 0.441667 0.356250 0.445833 0.357812 0.450000 0.381250 0.450000 0.382812 0.454167 0.390625 0.454167 0.390625 0.437500 0.375000 0.425000 0.365625 0.425000 0.359375 0.429167 0.357812 0.441667 0.351562 0.441667 0.350000 0.435417 0.345313 0.435417
8 0.471875 0.400000 0.464062 0.408333 0.464062 0.425000 0.451562 0.441667 0.451562 0.470833 0.448437 0.472917 0.448437 0.483333 0.462500 0.481250 0.471875 0.466667 0.485938 0.464583 0.485938 0.458333 0.481250 0.454167 0.481250 0.441667 0.476562 0.433333 0.476562 0.416667
8 0.998437 0.377083 0.809375 0.414583 0.789062 0.441667 0.778125 0.391667 0.762500 0.379167 0.735938 0.441667 0.740625 0.475000 0.817187 0.477083 0.820312 0.525000 0.842187 0.564583 0.875000 0.520833 0.978125 0.518750 0.998437 0.502083
8 0.737500 0.375000 0.729688 0.368750 0.725000 0.381250 0.696875 0.379167 0.685937 0.391667 0.665625 0.389583 0.648438 0.416667 0.639062 0.418750 0.628125 0.475000 0.725000 0.475000 0.723437 0.452083 0.729688 0.441667 0.723437 0.406250 0.732812 0.385417 0.739062 0.387500
8 0.256250 0.254167 0.237500 0.283333 0.242188 0.308333 0.221875 0.316667 0.209375 0.343750 0.209375 0.381250 0.221875 0.383333 0.245312 0.420833 0.320312 0.437500 0.317188 0.410417 0.343750 0.379167 0.340625 0.329167 0.321875 0.302083 0.304688 0.295833 0.298438 0.304167 0.293750 0.285417 0.279687 0.283333
8 0.000000 0.225000 0.000000 0.381250 0.126562 0.402083 0.146875 0.393750 0.154688 0.412500 0.157812 0.341667 0.128125 0.302083 0.104688 0.304167 0.076563 0.281250 0.071875 0.250000
10 0.193750 0.002083 0.192188 0.054167 0.275000 0.072917 0.328125 0.314583 0.403125 0.335417 0.425000 0.395833 0.434375 0.316667 0.437500 0.414583 0.471875 0.397917 0.489063 0.458333 0.628125 0.360417 0.642188 0.302083 0.715625 0.310417 0.765625 0.127083 0.910937 0.110417 0.998437 0.162500 0.998437 0.000000
10 0.000000 0.000000 0.004687 0.025000 0.173437 0.050000 0.173437 0.000000
13 0.468750 0.472917 0.468750 0.485417 0.490625 0.479167 0.500000 0.529167 0.507812 0.516667 0.515625 0.520833 0.525000 0.562500 0.543750 0.550000 0.584375 0.560417 0.596875 0.577083 0.604688 0.572917 0.609375 0.493750 0.598437 0.456250 0.540625 0.445833 0.529687 0.462500 0.506250 0.456250 0.495312 0.475000 0.485938 0.466667