0 0.000000 0.816667 0.000000 0.997917 0.998437 0.997917 0.998437 0.800000 0.700000 0.622917 0.654687 0.658333 0.639062 0.579167 0.496875 0.475000 0.360938 0.493750 0.425000 0.522917
1 0.971875 0.756250 0.968750 0.760417 0.964063 0.781250 0.979688 0.787500 0.982812 0.793750 0.990625 0.797917 0.998437 0.797917 0.998437 0.766667 0.985938 0.760417 0.981250 0.760417 0.976562 0.756250
1 0.889062 0.600000 0.889062 0.616667 0.893750 0.627083 0.926562 0.637500 0.929688 0.643750 0.950000 0.647917 0.951562 0.652083 0.959375 0.650000 0.964063 0.614583 0.940625 0.612500 0.934375 0.608333 0.926562 0.593750 0.900000 0.589583
1 0.793750 0.581250 0.800000 0.591667 0.807813 0.595833 0.812500 0.595833 0.818750 0.600000 0.825000 0.589583 0.826562 0.583333 0.829688 0.581250 0.828125 0.579167 0.810937 0.579167 0.809375 0.577083 0.795312 0.577083
1 0.690625 0.554167 0.690625 0.577083 0.693750 0.581250 0.701562 0.581250 0.703125 0.585417 0.709375 0.585417 0.710938 0.589583 0.718750 0.589583 0.717187 0.581250 0.728125 0.570833 0.725000 0.570833 0.718750 0.564583
1 0.423438 0.518750 0.360938 0.502083 0.000000 0.589583 0.000000 0.814583
1 0.478125 0.475000 0.443750 0.489583 0.432812 0.489583 0.431250 0.493750 0.428125 0.493750 0.425000 0.497917 0.462500 0.497917 0.479687 0.483333
2 0.432812 0.381250 0.429688 0.443750 0.446875 0.447917 0.442188 0.439583 0.442188 0.431250 0.445312 0.425000 0.448437 0.429167 0.451562 0.406250 0.442188 0.402083 0.442188 0.383333
2 0.368750 0.310417 0.364063 0.431250 0.379688 0.431250 0.385937 0.416667 0.395313 0.412500 0.404687 0.416667 0.407813 0.439583 0.423438 0.443750 0.428125 0.358333 0.407813 0.356250 0.403125 0.312500
2 0.362500 0.300000 0.351562 0.306250 0.310937 0.262500 0.250000 0.306250 0.257812 0.322917 0.257812 0.350000 0.248438 0.397917 0.256250 0.408333 0.285938 0.402083 0.296875 0.383333 0.307812 0.383333 0.312500 0.368750 0.323437 0.364583 0.332813 0.377083 0.357812 0.383333
2 0.998437 0.202083 0.779687 0.185417 0.739062 0.320833 0.659375 0.306250 0.648438 0.362500 0.606250 0.364583 0.545312 0.462500 0.620313 0.435417 0.642188 0.481250 0.770312 0.466667 0.860938 0.481250 0.868750 0.512500 0.928125 0.462500 0.998437 0.460417
2 0.000000 0.000000 0.000000 0.341667 0.181250 0.383333 0.182812 0.202083 0.223438 0.175000 0.173437 0.000000
3 0.362500 0.479167 0.362500 0.491667 0.371875 0.491667 0.373437 0.487500 0.376563 0.487500 0.378125 0.491667 0.387500 0.491667 0.389062 0.487500 0.395313 0.487500 0.396875 0.491667 0.420312 0.491667 0.420312 0.483333
3 0.354687 0.483333 0.195312 0.512500 0.193750 0.393750 0.179688 0.393750 0.165625 0.516667 0.000000 0.539583 0.000000 0.587500 0.353125 0.506250
4 0.642188 0.483333 0.642188 0.518750 0.656250 0.493750 0.654687 0.533333 0.743750 0.575000 0.856250 0.568750 0.864062 0.516667 0.856250 0.481250 0.743750 0.468750 0.723437 0.485417
4 0.429688 0.452083 0.428125 0.481250 0.442188 0.481250 0.442188 0.472917 0.443750 0.470833 0.446875 0.481250 0.446875 0.468750 0.450000 0.466667 0.450000 0.456250 0.443750 0.456250 0.437500 0.452083
4 0.364063 0.433333 0.362500 0.477083 0.420312 0.481250 0.421875 0.450000 0.390625 0.445833 0.387500 0.441667 0.392188 0.437500
4 0.193750 0.391667 0.195312 0.510417 0.348438 0.491667 0.356250 0.477083 0.356250 0.435417 0.250000 0.414583
4 0.000000 0.343750 0.000000 0.537500 0.165625 0.514583 0.178125 0.393750 0.185938 0.389583
5 0.421875 0.187500 0.375000 0.216667 0.367188 0.233333 0.354687 0.502083 0.360938 0.500000 0.368750 0.243750 0.382812 0.214583
8 0.501563 0.431250 0.500000 0.445833 0.503125 0.452083 0.503125 0.475000 0.509375 0.477083 0.514062 0.468750 0.520312 0.468750 0.526563 0.460417 0.543750 0.462500 0.543750 0.435417 0.535937 0.425000 0.529687 0.431250 0.526563 0.427083 0.526563 0.416667 0.525000 0.422917 0.520312 0.416667 0.512500 0.416667
8 0.370312 0.433333 0.392188 0.435417 0.393750 0.439583 0.389062 0.441667 0.390625 0.443750 0.423438 0.447917 0.423438 0.445833 0.417187 0.445833 0.415625 0.441667 0.406250 0.439583 0.406250 0.427083 0.403125 0.416667 0.392188 0.414583 0.382812 0.422917 0.382812 0.429167 0.379688 0.433333
8 0.476562 0.389583 0.473438 0.414583 0.467187 0.429167 0.460938 0.431250 0.457813 0.477083 0.460938 0.468750 0.465625 0.477083 0.467187 0.433333 0.468750 0.477083 0.478125 0.472917 0.484375 0.460417 0.493750 0.458333 0.485938 0.429167 0.484375 0.397917
8 0.178125 0.362500 0.182812 0.387500 0.221875 0.404167 0.356250 0.433333 0.357812 0.385417 0.323437 0.366667 0.285938 0.404167 0.256250 0.410417 0.246875 0.397917 0.246875 0.379167 0.254688 0.377083 0.253125 0.331250 0.223438 0.383333
10 0.175000 0.000000 0.225000 0.175000 0.184375 0.202083 0.192188 0.362500 0.310937 0.260417 0.359375 0.304167 0.421875 0.185417 0.368750 0.308333 0.428125 0.356250 0.437500 0.239583 0.457813 0.414583 0.465625 0.337500 0.498437 0.454167 0.659375 0.304167 0.739062 0.318750 0.779687 0.183333 0.998437 0.200000 0.998437 0.000000
13 0.865625 0.514583 0.856250 0.579167 0.887500 0.597917 0.900000 0.587500 0.926562 0.591667 0.950000 0.612500 0.965625 0.614583 0.982812 0.600000 0.998437 0.616667 0.998437 0.462500 0.928125 0.464583
13 0.512500 0.472917 0.510938 0.495833 0.535937 0.506250 0.537500 0.520833 0.550000 0.533333 0.559375 0.529167 0.564063 0.545833 0.606250 0.543750 0.623437 0.570833 0.623437 0.560417 0.637500 0.547917 0.640625 0.477083 0.634375 0.441667 0.581250 0.435417 0.565625 0.441667 0.550000 0.464583 0.526563 0.462500
14 0.625000 0.560417 0.654687 0.656250 0.700000 0.620833 0.934375 0.741667 0.917188 0.777083 0.935937 0.791667 0.971875 0.754167 0.998437 0.764583 0.985938 0.604167 0.951562 0.654167 0.893750 0.629167 0.854688 0.577083 0.818750 0.602083 0.723437 0.566667 0.710938 0.591667 0.640625 0.518750