0 0.000000 0.697917 0.000000 0.997917 0.998437 0.997917 0.996875 0.872917 0.642188 0.604167 0.553125 0.600000 0.492188 0.483333
1 0.675000 0.570833 0.667188 0.620833 0.998437 0.872917 0.998437 0.833333 0.945312 0.787500 0.993750 0.787500 0.993750 0.706250
1 0.468750 0.483333 0.006250 0.556250 0.000000 0.695833
2 0.431250 0.397917 0.428125 0.454167 0.442188 0.456250 0.435937 0.439583 0.442188 0.435417 0.443750 0.429167 0.445312 0.435417 0.450000 0.437500 0.450000 0.427083 0.446875 0.425000 0.445312 0.431250 0.443750 0.429167 0.443750 0.416667 0.435937 0.414583 0.435937 0.400000
2 0.396875 0.345833 0.390625 0.435417 0.406250 0.435417 0.412500 0.454167 0.421875 0.454167 0.426563 0.410417 0.423438 0.379167 0.409375 0.377083 0.406250 0.347917
2 0.334375 0.312500 0.326562 0.320833 0.323437 0.358333 0.293750 0.393750 0.296875 0.431250 0.325000 0.435417 0.329688 0.425000 0.350000 0.433333 0.350000 0.420833 0.357812 0.414583 0.387500 0.427083 0.392188 0.345833 0.378125 0.343750 0.373437 0.327083 0.370312 0.339583 0.362500 0.341667
2 0.998437 0.060417 0.960938 0.093750 0.831250 0.070833 0.756250 0.308333 0.662500 0.293750 0.643750 0.362500 0.604688 0.354167 0.529687 0.458333 0.590625 0.435417 0.668750 0.477083 0.679688 0.404167 0.840625 0.335417 0.859375 0.393750 0.885938 0.347917 0.912500 0.443750 0.982812 0.429167 0.964063 0.368750 0.998437 0.312500
2 0.032813 0.000000 0.018750 0.252083 0.098437 0.302083 0.106250 0.383333 0.196875 0.404167 0.150000 0.356250 0.146875 0.312500 0.175000 0.258333 0.196875 0.258333 0.185938 0.231250 0.209375 0.191667 0.303125 0.275000 0.250000 0.002083
3 0.675000 0.568750 0.765625 0.610417 0.784375 0.612500 0.790625 0.600000 0.767188 0.583333 0.676562 0.554167
3 0.198437 0.402083 0.193750 0.522917 0.384375 0.495833 0.384375 0.485417 0.221875 0.504167 0.225000 0.410417
3 0.023438 0.343750 0.031250 0.408333 0.048438 0.404167 0.057813 0.422917 0.050000 0.481250 0.039062 0.466667 0.032813 0.493750 0.053125 0.502083 0.031250 0.504167 0.025000 0.556250 0.093750 0.554167 0.106250 0.364583
4 0.670312 0.483333 0.676562 0.552083 0.787500 0.591667 0.782813 0.616667 0.993750 0.704167 0.989062 0.489583
4 0.390625 0.458333 0.390625 0.475000 0.389062 0.477083 0.390625 0.483333 0.420312 0.487500 0.420312 0.468750 0.421875 0.466667 0.418750 0.464583 0.409375 0.464583 0.396875 0.458333
4 0.223438 0.420833 0.221875 0.502083 0.384375 0.483333 0.385937 0.452083 0.359375 0.452083 0.228125 0.414583
4 0.026562 0.393750 0.025000 0.422917 0.018750 0.431250 0.034375 0.450000 0.026562 0.458333 0.020313 0.491667 0.007812 0.508333 0.007812 0.550000 0.018750 0.547917 0.021875 0.556250 0.028125 0.543750 0.029687 0.504167 0.051562 0.502083 0.031250 0.493750 0.039062 0.464583 0.048438 0.481250 0.056250 0.435417 0.048438 0.406250 0.034375 0.414583
4 0.104688 0.383333 0.096875 0.537500 0.140625 0.525000 0.192188 0.522917 0.200000 0.410417
5 0.992188 0.489583 0.998437 0.777083 0.993750 0.789583 0.946875 0.787500 0.964063 0.812500 0.998437 0.831250
5 0.456250 0.366667 0.453125 0.408333 0.445312 0.416667 0.443750 0.487500 0.446875 0.487500 0.446875 0.479167 0.450000 0.477083 0.451562 0.422917 0.456250 0.408333
5 0.434375 0.308333 0.421875 0.468750 0.423438 0.495833
5 0.031250 0.000000 0.000000 0.000000 0.000000 0.562500 0.004687 0.279167
7 0.998437 0.431250 0.965625 0.437500 0.965625 0.487500 0.989062 0.487500 0.990625 0.491667 0.992188 0.487500 0.998437 0.487500
7 0.998437 0.320833 0.990625 0.322917 0.976562 0.337500 0.965625 0.368750 0.967187 0.393750 0.973437 0.412500 0.989062 0.427083 0.998437 0.425000
8 0.390625 0.437500 0.390625 0.456250 0.396875 0.456250 0.403125 0.460417 0.418750 0.462500 0.421875 0.464583 0.421875 0.456250 0.412500 0.456250 0.407813 0.447917 0.406250 0.437500
8 0.532813 0.441667 0.526563 0.435417 0.523438 0.435417 0.518750 0.441667 0.517188 0.427083 0.514062 0.431250 0.509375 0.427083 0.500000 0.429167 0.490625 0.445833 0.492188 0.481250 0.501563 0.470833 0.509375 0.468750 0.517188 0.456250 0.528125 0.456250 0.528125 0.450000
8 0.326562 0.435417 0.343750 0.445833 0.357812 0.445833 0.359375 0.450000 0.385937 0.450000 0.387500 0.429167 0.382812 0.425000 0.375000 0.425000 0.365625 0.416667 0.357812 0.416667 0.356250 0.420833 0.351562 0.420833 0.350000 0.435417 0.345313 0.435417 0.340625 0.429167 0.331250 0.431250 0.329688 0.427083
8 0.473438 0.402083 0.467187 0.406250 0.460938 0.435417 0.453125 0.441667 0.448437 0.485417 0.456250 0.483333 0.459375 0.439583 0.460938 0.481250 0.468750 0.481250 0.473438 0.468750 0.481250 0.468750 0.485938 0.477083 0.487500 0.460417 0.478125 0.435417 0.478125 0.412500
8 0.968750 0.435417 0.912500 0.445833 0.917188 0.427083 0.884375 0.347917 0.859375 0.395833 0.840625 0.337500 0.829688 0.366667 0.789062 0.350000 0.767188 0.381250 0.717187 0.385417 0.695312 0.414583 0.679688 0.406250 0.668750 0.481250 0.964063 0.487500
8 0.212500 0.191667 0.187500 0.231250 0.198437 0.258333 0.175000 0.260417 0.157812 0.283333 0.151562 0.356250 0.165625 0.356250 0.195312 0.402083 0.295312 0.431250 0.292187 0.393750 0.321875 0.358333 0.326562 0.333333 0.315625 0.283333 0.282813 0.250000 0.265625 0.260417 0.256250 0.233333 0.239063 0.233333
8 0.020313 0.183333 0.006250 0.279167 0.007812 0.506250 0.032813 0.450000 0.017188 0.431250 0.020313 0.345833 0.103125 0.360417 0.096875 0.302083 0.064062 0.268750 0.029687 0.268750 0.017188 0.252083
10 0.250000 0.000000 0.323437 0.320833 0.426563 0.304167 0.396875 0.343750 0.428125 0.393750 0.434375 0.306250 0.437500 0.414583 0.454688 0.381250 0.490625 0.460417 0.643750 0.360417 0.662500 0.291667 0.756250 0.306250 0.831250 0.068750 0.998437 0.058333 0.998437 0.000000
13 0.495312 0.479167 0.512500 0.543750 0.518750 0.529167 0.535937 0.535417 0.537500 0.568750 0.553125 0.572917 0.553125 0.597917 0.584375 0.583333 0.664062 0.618750 0.675000 0.531250 0.656250 0.452083 0.581250 0.437500 0.553125 0.475000 0.517188 0.458333