0 0.000000 0.831250 0.000000 0.997917 0.998437 0.997917 0.998437 0.779167 0.731250 0.645833 0.693750 0.691667 0.670312 0.593750 0.504687 0.475000 0.354687 0.493750 0.421875 0.525000
1 0.975000 0.614583 0.976562 0.627083 0.978125 0.629167 0.978125 0.637500 0.979688 0.643750 0.982812 0.645833 0.982812 0.650000 0.990625 0.654167 0.996875 0.654167 0.998437 0.658333 0.998437 0.622917 0.990625 0.622917 0.989062 0.618750 0.982812 0.618750 0.978125 0.614583
1 0.843750 0.585417 0.846875 0.600000 0.882812 0.614583 0.887500 0.610417 0.892188 0.595833 0.898438 0.589583 0.898438 0.585417 0.878125 0.585417 0.876563 0.583333 0.846875 0.583333
1 0.735938 0.568750 0.740625 0.600000 0.765625 0.606250 0.770312 0.602083 0.765625 0.595833 0.768750 0.591667 0.778125 0.591667 0.781250 0.604167 0.795312 0.604167 0.798438 0.600000 0.800000 0.606250 0.806250 0.606250 0.806250 0.597917 0.776563 0.585417 0.773438 0.575000
1 0.654687 0.539583 0.651563 0.547917 0.648438 0.550000 0.648438 0.554167 0.654687 0.560417 0.659375 0.560417 0.660937 0.564583 0.668750 0.564583 0.671875 0.568750 0.673438 0.568750 0.675000 0.564583 0.675000 0.552083 0.671875 0.547917 0.659375 0.543750
1 0.420312 0.518750 0.354687 0.502083 0.000000 0.595833 0.000000 0.829167
1 0.478125 0.472917 0.473438 0.472917 0.465625 0.479167 0.457813 0.479167 0.456250 0.483333 0.445312 0.485417 0.440625 0.489583 0.428125 0.489583 0.423438 0.495833 0.429688 0.497917 0.465625 0.495833 0.467187 0.491667 0.470313 0.491667 0.471875 0.487500 0.478125 0.483333
2 0.429688 0.379167 0.428125 0.443750 0.445312 0.445833 0.445312 0.441667 0.442188 0.439583 0.442188 0.427083 0.446875 0.425000 0.448437 0.404167 0.443750 0.404167 0.440625 0.400000 0.440625 0.381250
2 0.360938 0.293750 0.356250 0.429167 0.375000 0.431250 0.385937 0.412500 0.398438 0.412500 0.406250 0.439583 0.420312 0.439583 0.423438 0.356250 0.404687 0.352083 0.401562 0.310417 0.365625 0.306250
2 0.356250 0.302083 0.307812 0.254167 0.240625 0.302083 0.250000 0.316667 0.248438 0.368750 0.232813 0.404167 0.278125 0.402083 0.289062 0.375000 0.298438 0.379167 0.300000 0.366667 0.310937 0.360417 0.323437 0.372917 0.351562 0.377083
2 0.998437 0.187500 0.793750 0.166667 0.750000 0.312500 0.662500 0.300000 0.650000 0.360417 0.607812 0.358333 0.545312 0.458333 0.615625 0.427083 0.650000 0.439583 0.654687 0.477083 0.892188 0.479167 0.896875 0.512500 0.998437 0.454167
2 0.000000 0.000000 0.000000 0.341667 0.151562 0.375000 0.150000 0.341667 0.198437 0.377083 0.157812 0.266667 0.160938 0.185417 0.207813 0.164583 0.159375 0.000000
3 0.843750 0.566667 0.843750 0.575000 0.845313 0.579167 0.862500 0.579167 0.864062 0.581250 0.876563 0.581250 0.878125 0.583333 0.882812 0.577083 0.882812 0.572917 0.879687 0.570833
3 0.654687 0.522917 0.654687 0.537500 0.659375 0.541667 0.662500 0.541667 0.664062 0.543750 0.667188 0.543750 0.668750 0.545833 0.670312 0.545833 0.670312 0.539583 0.671875 0.537500 0.673438 0.537500 0.675000 0.531250 0.668750 0.525000 0.664062 0.525000 0.662500 0.522917
3 0.354687 0.479167 0.354687 0.487500 0.407813 0.487500 0.409375 0.491667 0.418750 0.491667 0.418750 0.483333
3 0.000000 0.593750 0.346875 0.506250 0.346875 0.485417 0.157812 0.520833 0.157812 0.381250 0.125000 0.372917 0.120313 0.520833 0.003125 0.541667
4 0.654687 0.479167 0.654687 0.520833 0.676562 0.531250 0.675000 0.550000 0.682813 0.497917 0.684375 0.543750 0.776563 0.583333 0.837500 0.587500 0.790625 0.558333 0.893750 0.583333 0.889062 0.479167 0.784375 0.462500
4 0.428125 0.452083 0.426563 0.481250 0.440625 0.481250 0.442188 0.462500 0.443750 0.460417 0.445312 0.462500 0.445312 0.477083 0.446875 0.472917 0.446875 0.456250 0.440625 0.456250 0.435937 0.452083
4 0.356250 0.431250 0.354687 0.477083 0.418750 0.481250 0.418750 0.447917 0.406250 0.441667 0.404687 0.437500
4 0.157812 0.387500 0.157812 0.518750 0.342187 0.491667 0.348438 0.481250 0.350000 0.431250
4 0.000000 0.343750 0.000000 0.541667 0.117188 0.522917 0.123438 0.372917
5 0.462500 0.347917 0.459375 0.385417 0.453125 0.389583 0.448437 0.414583 0.448437 0.483333 0.451562 0.397917 0.457813 0.387500 0.456250 0.481250 0.459375 0.397917 0.465625 0.383333 0.460938 0.379167
5 0.435937 0.235417 0.429688 0.270833 0.421875 0.495833
5 0.417187 0.166667 0.371875 0.195833 0.359375 0.222917 0.348438 0.506250 0.360938 0.227083 0.373437 0.200000
8 0.500000 0.431250 0.501563 0.472917 0.509375 0.477083 0.514062 0.466667 0.523438 0.466667 0.526563 0.458333 0.543750 0.460417 0.548438 0.466667 0.543750 0.458333 0.540625 0.427083 0.534375 0.422917 0.528125 0.431250 0.525000 0.414583 0.521875 0.420833 0.515625 0.414583 0.507812 0.416667
8 0.376563 0.431250 0.403125 0.435417 0.403125 0.422917 0.398438 0.414583 0.385937 0.414583 0.381250 0.420833 0.381250 0.422917 0.378125 0.425000 0.378125 0.429167
8 0.479687 0.387500 0.475000 0.389583 0.471875 0.414583 0.459375 0.435417 0.456250 0.477083 0.459375 0.477083 0.460938 0.466667 0.462500 0.477083 0.465625 0.439583 0.468750 0.445833 0.467187 0.475000 0.478125 0.470833 0.482812 0.460417 0.490625 0.460417 0.492188 0.450000
8 0.350000 0.379167 0.323437 0.375000 0.314063 0.362500 0.303125 0.364583 0.298438 0.381250 0.287500 0.379167 0.289062 0.391667 0.278125 0.404167 0.264062 0.404167 0.257812 0.412500 0.350000 0.429167
8 0.246875 0.333333 0.242188 0.356250 0.226562 0.364583 0.218750 0.389583 0.212500 0.387500 0.212500 0.379167 0.203125 0.383333 0.182812 0.372917 0.168750 0.356250 0.156250 0.356250 0.150000 0.343750 0.143750 0.358333 0.164062 0.385417 0.231250 0.404167 0.243750 0.387500
10 0.160938 0.000000 0.209375 0.164583 0.162500 0.185417 0.218750 0.387500 0.304688 0.252083 0.356250 0.300000 0.417187 0.164583 0.360938 0.291667 0.425000 0.356250 0.435937 0.233333 0.456250 0.414583 0.462500 0.345833 0.498437 0.452083 0.662500 0.297917 0.750000 0.310417 0.793750 0.164583 0.998437 0.185417 0.998437 0.000000
13 0.898438 0.510417 0.890625 0.531250 0.889062 0.568750 0.900000 0.587500 0.950000 0.595833 0.998437 0.620833 0.998437 0.456250 0.959375 0.458333 0.926562 0.493750
13 0.510938 0.472917 0.512500 0.495833 0.526563 0.506250 0.537500 0.502083 0.539062 0.520833 0.556250 0.535417 0.564063 0.529167 0.568750 0.547917 0.585938 0.539583 0.614062 0.543750 0.645312 0.581250 0.653125 0.539583 0.653125 0.445833 0.645312 0.437500 0.584375 0.431250 0.548438 0.468750 0.526563 0.460417
14 0.646875 0.566667 0.671875 0.593750 0.693750 0.689583 0.712500 0.689583 0.731250 0.643750 0.998437 0.777083 0.998437 0.660417 0.965625 0.604167 0.900000 0.589583 0.882812 0.616667 0.782813 0.579167 0.807813 0.606250 0.757812 0.608333 0.731250 0.556250 0.678125 0.535417 0.673438 0.570833