0 0.000000 0.854167 0.000000 0.997917 0.998437 0.997917 0.998437 0.797917 0.940625 0.783333 0.878125 0.860417 0.801562 0.672917 0.490625 0.472917 0.329688 0.493750 0.409375 0.529167
1 0.793750 0.622917 0.815625 0.637500 0.834375 0.595833 0.932813 0.614583 0.984375 0.612500 0.978125 0.602083 0.796875 0.587500
1 0.667188 0.572917 0.737500 0.616667 0.751563 0.612500 0.784375 0.620833 0.785937 0.583333 0.740625 0.564583 0.679688 0.547917
1 0.407813 0.525000 0.329688 0.504167 0.000000 0.602083 0.000000 0.852083
1 0.470313 0.470833 0.457813 0.479167 0.448437 0.479167 0.446875 0.483333 0.431250 0.489583 0.420312 0.489583 0.418750 0.493750 0.414062 0.493750 0.414062 0.497917 0.459375 0.495833 0.470313 0.481250
2 0.420312 0.375000 0.420312 0.412500 0.417187 0.439583 0.420312 0.439583 0.421875 0.443750 0.437500 0.443750 0.431250 0.431250 0.432812 0.425000 0.439063 0.420833 0.439063 0.408333 0.442188 0.406250 0.442188 0.402083 0.435937 0.402083 0.431250 0.395833 0.432812 0.381250 0.431250 0.377083
2 0.345313 0.272917 0.342187 0.293750 0.335938 0.295833 0.332813 0.402083 0.339062 0.408333 0.332813 0.422917 0.360938 0.427083 0.373437 0.404167 0.390625 0.410417 0.392188 0.433333 0.410938 0.435417 0.415625 0.352083 0.395313 0.347917 0.390625 0.302083 0.353125 0.295833 0.353125 0.279167
2 0.289062 0.239583 0.214062 0.295833 0.226562 0.304167 0.225000 0.393750 0.256250 0.387500 0.251563 0.364583 0.265625 0.366667 0.268750 0.350000 0.281250 0.341667 0.295312 0.358333 0.326562 0.362500 0.329688 0.287500
2 0.998437 0.160417 0.820312 0.133333 0.764062 0.304167 0.667188 0.287500 0.650000 0.354167 0.606250 0.352083 0.537500 0.458333 0.640625 0.418750 0.678125 0.431250 0.682813 0.477083 0.825000 0.454167 0.998437 0.481250
2 0.000000 0.000000 0.000000 0.333333 0.025000 0.343750 0.001563 0.312500 0.015625 0.289583 0.070312 0.341667 0.121875 0.352083 0.135937 0.381250 0.201563 0.391667 0.156250 0.343750 0.140625 0.266667 0.095312 0.256250 0.098437 0.129167 0.154688 0.114583 0.121875 0.000000
3 0.815625 0.585417 0.970313 0.597917 0.946875 0.583333 0.817187 0.568750
3 0.770312 0.552083 0.768750 0.554167 0.768750 0.575000 0.771875 0.577083 0.775000 0.577083 0.776563 0.579167 0.781250 0.579167 0.782813 0.581250 0.785937 0.581250 0.785937 0.575000 0.787500 0.572917 0.787500 0.556250 0.785937 0.554167 0.776563 0.554167 0.775000 0.552083
3 0.679688 0.527083 0.679688 0.545833 0.684375 0.545833 0.690625 0.550000 0.701562 0.550000 0.703125 0.554167 0.717187 0.554167 0.714063 0.543750 0.714063 0.537500 0.700000 0.531250 0.693750 0.531250 0.687500 0.527083
3 0.331250 0.477083 0.331250 0.487500 0.387500 0.487500 0.389062 0.491667 0.409375 0.491667 0.409375 0.483333
3 0.000000 0.335417 0.000000 0.600000 0.321875 0.510417 0.320312 0.489583 0.003125 0.545833
4 0.682813 0.479167 0.682813 0.525000 0.765625 0.575000 0.770312 0.550000 0.789062 0.556250 0.796875 0.502083 0.795312 0.585417 0.814063 0.589583 0.825000 0.566667 0.975000 0.600000 0.970313 0.537500 0.998437 0.502083 0.998437 0.483333 0.825000 0.456250 0.790625 0.479167
4 0.418750 0.447917 0.415625 0.458333 0.417187 0.481250 0.431250 0.481250 0.434375 0.466667 0.437500 0.481250 0.439063 0.477083 0.439063 0.456250 0.431250 0.454167 0.428125 0.450000
4 0.331250 0.427083 0.331250 0.475000 0.409375 0.481250 0.410938 0.447917 0.396875 0.443750 0.395313 0.435417
4 0.006250 0.341667 0.003125 0.543750 0.321875 0.487500 0.325000 0.427083
5 0.795312 0.504167 0.792188 0.508333 0.792188 0.547917 0.787500 0.575000 0.785937 0.620833 0.792188 0.622917 0.795312 0.589583 0.793750 0.581250 0.798438 0.522917
5 0.456250 0.329167 0.453125 0.377083 0.440625 0.408333 0.440625 0.483333 0.443750 0.389583 0.451562 0.385417 0.446875 0.481250 0.453125 0.383333 0.460938 0.377083 0.454688 0.377083
5 0.423438 0.214583 0.410938 0.495833 0.415625 0.491667
5 0.403125 0.120833 0.353125 0.150000 0.335938 0.177083 0.323437 0.508333 0.339062 0.181250 0.354687 0.154167
8 0.518750 0.412500 0.515625 0.420833 0.510938 0.412500 0.503125 0.414583 0.492188 0.429167 0.495312 0.472917 0.504687 0.475000 0.507812 0.466667 0.517188 0.466667 0.521875 0.456250 0.535937 0.456250 0.537500 0.445833 0.534375 0.427083 0.528125 0.420833 0.520312 0.427083
8 0.362500 0.427083 0.365625 0.427083 0.367188 0.429167 0.381250 0.429167 0.382812 0.431250 0.389062 0.431250 0.389062 0.410417 0.384375 0.406250 0.373437 0.406250 0.371875 0.410417 0.365625 0.414583 0.364063 0.418750 0.364063 0.425000
8 0.473438 0.385417 0.467187 0.387500 0.464062 0.412500 0.451562 0.431250 0.448437 0.477083 0.453125 0.466667 0.456250 0.477083 0.459375 0.425000 0.462500 0.472917 0.465625 0.414583 0.467187 0.468750 0.485938 0.452083
8 0.326562 0.364583 0.295312 0.360417 0.281250 0.343750 0.278125 0.352083 0.270313 0.350000 0.265625 0.368750 0.253125 0.364583 0.256250 0.389583 0.225000 0.395833 0.218750 0.358333 0.210938 0.370833 0.209375 0.393750 0.325000 0.425000
8 0.003125 0.300000 0.003125 0.312500 0.026562 0.345833 0.100000 0.370833 0.126562 0.370833 0.121875 0.354167 0.115625 0.350000 0.104688 0.356250 0.087500 0.333333 0.070312 0.343750 0.064062 0.325000 0.053125 0.314583 0.034375 0.310417 0.026562 0.316667 0.015625 0.291667
10 0.095312 0.237500 0.207813 0.391667 0.212500 0.295833 0.287500 0.237500 0.329688 0.285417 0.342187 0.158333 0.403125 0.118750 0.335938 0.293750 0.415625 0.350000 0.426563 0.214583 0.446875 0.412500 0.456250 0.327083 0.492188 0.450000 0.667188 0.285417 0.764062 0.302083 0.820312 0.131250 0.998437 0.158333 0.998437 0.000000 0.123438 0.000000 0.156250 0.114583 0.100000 0.129167
13 0.993750 0.504167 0.976562 0.520833 0.975000 0.535417 0.971875 0.537500 0.970313 0.564583 0.973437 0.593750 0.985938 0.616667 0.998437 0.620833 0.998437 0.504167
13 0.503125 0.479167 0.503125 0.491667 0.537500 0.506250 0.540625 0.525000 0.557813 0.539583 0.576562 0.537500 0.582812 0.560417 0.610938 0.547917 0.665625 0.572917 0.678125 0.554167 0.676562 0.431250 0.598437 0.422917 0.553125 0.468750 0.521875 0.458333
14 0.726562 0.612500 0.803125 0.672917 0.796875 0.735417 0.823438 0.750000 0.865625 0.850000 0.906250 0.854167 0.945312 0.779167 0.998437 0.795833 0.998437 0.639583 0.985938 0.618750 0.834375 0.597917 0.809375 0.639583