0 0.000000 0.879167 0.000000 0.997917 0.998437 0.997917 0.998437 0.758333 0.737500 0.706250 0.470313 0.472917 0.114062 0.491667 0.307812 0.585417
1 0.932813 0.720833 0.959375 0.731250 0.960938 0.735417 0.996875 0.752083 0.998437 0.756250 0.998437 0.718750 0.970313 0.718750 0.965625 0.722917 0.946875 0.718750
1 0.301563 0.564583 0.109375 0.510417 0.103125 0.570833 0.000000 0.600000 0.000000 0.877083 0.298438 0.602083
1 0.439063 0.468750 0.359375 0.504167 0.135937 0.477083 0.110937 0.489583 0.407813 0.508333
2 0.367188 0.331250 0.364063 0.429167 0.400000 0.439583 0.396875 0.425000 0.400000 0.395833 0.395313 0.391667 0.395313 0.364583 0.378125 0.364583 0.375000 0.331250
2 0.117188 0.212500 0.170313 0.343750 0.135937 0.391667 0.270313 0.410417 0.271875 0.327083 0.273438 0.410417 0.326562 0.381250 0.354687 0.425000 0.356250 0.383333 0.334375 0.381250 0.357812 0.366667 0.337500 0.262500 0.292187 0.258333 0.287500 0.229167 0.268750 0.247917 0.192188 0.164583
2 0.998437 0.000000 0.956250 0.004167 0.848437 0.270833 0.764062 0.229167 0.681250 0.237500 0.656250 0.337500 0.596875 0.327083 0.510938 0.450000 0.556250 0.485417 0.668750 0.383333 0.857812 0.308333 0.996875 0.331250
3 0.090625 0.522917 0.059375 0.535417 0.001563 0.543750 0.000000 0.597917 0.089063 0.564583
3 0.179688 0.479167 0.353125 0.493750 0.353125 0.487500
4 0.362500 0.439583 0.362500 0.485417 0.389062 0.481250 0.393750 0.450000 0.396875 0.452083 0.395313 0.477083 0.400000 0.481250 0.400000 0.466667 0.395313 0.450000
4 0.112500 0.404167 0.110937 0.477083 0.353125 0.485417 0.354687 0.435417 0.309375 0.416667 0.146875 0.406250 0.120313 0.414583
4 0.000000 0.345833 0.000000 0.543750 0.089063 0.522917 0.095312 0.383333 0.076563 0.368750
5 0.420312 0.302083 0.417187 0.352083 0.403125 0.377083 0.403125 0.483333 0.404687 0.375000 0.412500 0.362500 0.410938 0.483333 0.415625 0.364583 0.428125 0.354167 0.417187 0.352083
5 0.118750 0.000000 0.107813 0.002083 0.093750 0.568750 0.106250 0.564583
8 0.415625 0.422917 0.414062 0.427083 0.414062 0.466667 0.412500 0.468750 0.412500 0.475000 0.415625 0.475000 0.415625 0.466667 0.417187 0.464583 0.420312 0.466667 0.420312 0.475000 0.420312 0.456250 0.421875 0.454167 0.423438 0.422917 0.420312 0.425000
8 0.504687 0.420833 0.493750 0.416667 0.490625 0.422917 0.489063 0.406250 0.485938 0.406250 0.485938 0.412500 0.478125 0.406250 0.464062 0.416667 0.460938 0.422917 0.464062 0.470833 0.475000 0.472917 0.479687 0.464583 0.495312 0.464583 0.501563 0.454167 0.509375 0.450000
8 0.296875 0.404167 0.296875 0.412500 0.314063 0.416667 0.326562 0.429167 0.345313 0.429167 0.354687 0.433333 0.335938 0.420833 0.335938 0.406250 0.326562 0.383333 0.307812 0.383333
8 0.439063 0.379167 0.434375 0.381250 0.435937 0.395833 0.432812 0.397917 0.431250 0.393750 0.426563 0.414583 0.426563 0.472917 0.439063 0.466667 0.443750 0.454167 0.453125 0.454167 0.450000 0.431250 0.443750 0.420833 0.446875 0.416667 0.443750 0.387500
8 0.117188 0.237500 0.115625 0.408333 0.242188 0.408333 0.131250 0.387500 0.168750 0.343750 0.146875 0.310417 0.150000 0.281250 0.142187 0.270833 0.132812 0.279167
8 0.012500 0.185417 0.000000 0.206250 0.000000 0.343750 0.076563 0.366667 0.095312 0.381250 0.100000 0.227083 0.085938 0.227083 0.078125 0.239583 0.070312 0.220833 0.057813 0.220833 0.043750 0.233333
10 0.115625 0.214583 0.192188 0.162500 0.357812 0.329167 0.371875 0.110417 0.367188 0.329167 0.400000 0.393750 0.420312 0.300000 0.418750 0.422917 0.439063 0.377083 0.460938 0.445833 0.596875 0.325000 0.656250 0.335417 0.681250 0.235417 0.848437 0.268750 0.957812 0.000000 0.120313 0.000000
10 0.000000 0.000000 0.000000 0.204167 0.012500 0.183333 0.043750 0.231250 0.070312 0.218750 0.078125 0.237500 0.100000 0.225000 0.107813 0.000000
13 0.443750 0.456250 0.442188 0.458333 0.442188 0.462500 0.440625 0.464583 0.440625 0.475000 0.439063 0.477083 0.440625 0.479167 0.440625 0.481250 0.451562 0.481250 0.451562 0.479167 0.453125 0.477083 0.454688 0.477083 0.454688 0.458333 0.453125 0.456250
13 0.998437 0.716667 0.998437 0.331250 0.857812 0.310417 0.668750 0.385417 0.556250 0.487500 0.520312 0.452083 0.476562 0.472917 0.582812 0.577083 0.603125 0.560417 0.610938 0.602083 0.707812 0.631250 0.737500 0.704167 0.789062 0.681250