0 0.000000 0.500000 0.000000 0.997917 0.998437 0.997917 0.971875 0.743750 0.828125 0.710417 0.770312 0.754167 0.731250 0.670833 0.467187 0.472917 0.321875 0.525000
1 0.582812 0.522917 0.581250 0.545833 0.592187 0.554167 0.598437 0.554167 0.600000 0.558333 0.604688 0.558333 0.615625 0.566667 0.615625 0.550000 0.618750 0.541667 0.618750 0.535417 0.610938 0.535417 0.609375 0.531250 0.600000 0.531250
1 0.426563 0.468750 0.303125 0.514583 0.295312 0.500000 0.000000 0.472917 0.000000 0.497917 0.353125 0.520833 0.392188 0.512500
2 0.392188 0.385417 0.385937 0.385417 0.384375 0.425000 0.382812 0.427083 0.382812 0.435417 0.384375 0.439583 0.387500 0.439583 0.387500 0.435417 0.390625 0.433333 0.392188 0.416667 0.393750 0.414583 0.392188 0.408333 0.395313 0.406250 0.395313 0.391667 0.392188 0.389583
2 0.315625 0.291667 0.315625 0.406250 0.360938 0.429167 0.379688 0.431250 0.379688 0.352083 0.357812 0.345833 0.356250 0.310417 0.318750 0.302083
2 0.998437 0.327083 0.926562 0.220833 0.850000 0.206250 0.850000 0.177083 0.815625 0.197917 0.737500 0.177083 0.692187 0.322917 0.607812 0.310417 0.598437 0.360417 0.510938 0.406250 0.500000 0.456250 0.681250 0.464583 0.737500 0.414583 0.815625 0.410417 0.985938 0.454167 0.998437 0.491667
2 0.000000 0.097917 0.000000 0.343750 0.215625 0.379167 0.229687 0.329167 0.259375 0.325000 0.262500 0.281250 0.300000 0.400000 0.301563 0.345833 0.279687 0.333333 0.303125 0.335417 0.304688 0.214583 0.250000 0.206250 0.239063 0.168750 0.229687 0.195833 0.087500 0.043750
3 0.582812 0.508333 0.582812 0.520833 0.584375 0.522917 0.593750 0.525000 0.600000 0.529167 0.609375 0.529167 0.610938 0.533333 0.618750 0.533333 0.623437 0.520833 0.623437 0.516667 0.618750 0.514583 0.612500 0.514583 0.610938 0.512500 0.604688 0.512500 0.595313 0.508333
3 0.000000 0.462500 0.050000 0.477083 0.295312 0.497917
3 0.390625 0.450000 0.382812 0.456250 0.381250 0.479167 0.370312 0.481250 0.368750 0.477083 0.360938 0.483333 0.312500 0.489583 0.312500 0.497917 0.360938 0.491667 0.362500 0.487500 0.387500 0.483333 0.392188 0.479167
4 0.676562 0.466667 0.582812 0.468750 0.576562 0.475000 0.582812 0.506250 0.625000 0.514583 0.632812 0.502083 0.657813 0.487500 0.659375 0.477083
4 0.315625 0.427083 0.312500 0.487500 0.360938 0.481250 0.368750 0.475000 0.370312 0.479167 0.378125 0.477083 0.379688 0.447917 0.356250 0.435417 0.334375 0.431250 0.332813 0.427083
4 0.000000 0.375000 0.000000 0.460417 0.295312 0.487500 0.296875 0.420833 0.217188 0.406250 0.212500 0.383333 0.198437 0.404167
5 0.406250 0.275000 0.401562 0.331250 0.385937 0.345833 0.379688 0.477083 0.384375 0.360417 0.398438 0.339583 0.393750 0.481250 0.401562 0.337500 0.412500 0.329167 0.403125 0.329167
5 0.328125 0.000000 0.315625 0.066667 0.303125 0.512500
8 0.315625 0.408333 0.315625 0.425000 0.332813 0.425000 0.334375 0.429167 0.356250 0.433333 0.371875 0.439583 0.375000 0.445833 0.379688 0.445833 0.379688 0.433333 0.360938 0.431250 0.353125 0.425000 0.339062 0.420833 0.337500 0.416667
8 0.496875 0.420833 0.489063 0.414583 0.481250 0.420833 0.479687 0.404167 0.475000 0.412500 0.473438 0.406250 0.460938 0.406250 0.450000 0.422917 0.453125 0.468750 0.467187 0.470833 0.470313 0.462500 0.496875 0.464583 0.501563 0.450000 0.501563 0.435417
8 0.429688 0.375000 0.420312 0.389583 0.428125 0.397917 0.421875 0.404167 0.421875 0.454167 0.418750 0.406250 0.412500 0.435417 0.410938 0.416667 0.398438 0.414583 0.396875 0.470833 0.401562 0.460417 0.407813 0.470833 0.410938 0.433333 0.412500 0.470833 0.442188 0.452083
8 0.298438 0.420833 0.287500 0.360417 0.264062 0.325000 0.262500 0.283333 0.260937 0.325000 0.229687 0.331250 0.210938 0.358333 0.215625 0.381250 0.000000 0.345833 0.000000 0.372917 0.198437 0.402083 0.212500 0.381250 0.217188 0.404167
10 0.398438 0.341667 0.393750 0.341667 0.389062 0.347917 0.387500 0.352083 0.387500 0.358333 0.385937 0.360417 0.385937 0.383333 0.392188 0.383333 0.393750 0.385417 0.393750 0.389583 0.395313 0.389583 0.395313 0.383333 0.396875 0.381250 0.396875 0.347917 0.398438 0.345833
10 0.328125 0.002083 0.318750 0.300000 0.381250 0.381250 0.406250 0.272917 0.400000 0.402083 0.429688 0.372917 0.443750 0.443750 0.595313 0.362500 0.607812 0.308333 0.692187 0.320833 0.737500 0.175000 0.926562 0.218750 0.998437 0.325000 0.998437 0.000000
10 0.000000 0.000000 0.000000 0.095833 0.087500 0.041667 0.229687 0.193750 0.239063 0.166667 0.250000 0.204167 0.307812 0.225000 0.318750 0.000000
13 0.442188 0.454167 0.440625 0.454167 0.439063 0.456250 0.429688 0.456250 0.429688 0.462500 0.428125 0.464583 0.428125 0.477083 0.434375 0.477083 0.435937 0.479167 0.435937 0.481250 0.442188 0.481250 0.442188 0.479167 0.443750 0.477083 0.443750 0.470833 0.445312 0.468750 0.443750 0.466667 0.443750 0.456250
13 0.470313 0.464583 0.470313 0.495833 0.490625 0.502083 0.493750 0.514583 0.507812 0.518750 0.510938 0.527083 0.518750 0.525000 0.523438 0.537500 0.542188 0.529167 0.571875 0.545833 0.579688 0.543750 0.581250 0.500000 0.570312 0.468750 0.514062 0.445833 0.496875 0.466667
13 0.625000 0.516667 0.625000 0.631250 0.654687 0.616667 0.731250 0.668750 0.770312 0.752083 0.807813 0.752083 0.828125 0.708333 0.956250 0.735417 0.998437 0.825000 0.989062 0.458333 0.745313 0.414583