0 0.000000 0.493750 0.000000 0.997917 0.998437 0.997917 0.942187 0.722917 0.759375 0.741667 0.467187 0.472917 0.381250 0.520833
1 0.581250 0.522917 0.581250 0.539583 0.579688 0.541667 0.581250 0.545833 0.593750 0.554167 0.598437 0.554167 0.600000 0.558333 0.612500 0.562500 0.615625 0.535417 0.612500 0.535417 0.610938 0.531250 0.601562 0.531250 0.590625 0.525000
1 0.000000 0.491667 0.381250 0.518750 0.428125 0.468750 0.306250 0.512500 0.000000 0.468750
2 0.387500 0.385417 0.385937 0.387500 0.384375 0.441667 0.389062 0.445833 0.392188 0.445833 0.393750 0.414583 0.395313 0.412500 0.395313 0.391667 0.393750 0.385417
2 0.285938 0.343750 0.289062 0.352083 0.289062 0.358333 0.293750 0.362500 0.292187 0.400000 0.303125 0.404167 0.301563 0.397917 0.303125 0.395833 0.303125 0.375000 0.304688 0.372917 0.303125 0.358333 0.306250 0.356250 0.304688 0.347917 0.293750 0.347917 0.292187 0.343750
2 0.318750 0.295833 0.318750 0.408333 0.362500 0.429167 0.381250 0.431250 0.379688 0.352083 0.357812 0.345833 0.356250 0.310417 0.329688 0.306250
2 0.998437 0.331250 0.925000 0.225000 0.846875 0.208333 0.848437 0.181250 0.814063 0.202083 0.734375 0.181250 0.692187 0.322917 0.607812 0.310417 0.598437 0.360417 0.510938 0.408333 0.500000 0.458333 0.670312 0.466667 0.726562 0.418750 0.798438 0.412500 0.965625 0.456250 0.998437 0.522917
2 0.000000 0.108333 0.000000 0.343750 0.215625 0.381250 0.214062 0.356250 0.257812 0.325000 0.260937 0.277083 0.289062 0.302083 0.278125 0.339583 0.306250 0.335417 0.307812 0.216667 0.253125 0.208333 0.242188 0.170833 0.229687 0.195833 0.095312 0.047917
3 0.581250 0.504167 0.582812 0.520833 0.601562 0.529167 0.610938 0.529167 0.612500 0.533333 0.617188 0.533333 0.618750 0.518750 0.620313 0.516667 0.610938 0.512500 0.596875 0.510417 0.595313 0.508333 0.584375 0.508333 0.582812 0.504167
3 0.114062 0.479167 0.298438 0.497917 0.298438 0.487500
3 0.392188 0.447917 0.384375 0.452083 0.381250 0.479167 0.315625 0.487500 0.314063 0.497917 0.360938 0.491667 0.362500 0.487500 0.392188 0.481250
4 0.668750 0.468750 0.578125 0.470833 0.576562 0.475000 0.584375 0.506250 0.620313 0.514583 0.628125 0.502083 0.651563 0.487500 0.656250 0.475000
4 0.317188 0.425000 0.315625 0.485417 0.376563 0.477083 0.373437 0.441667
4 0.000000 0.383333 0.000000 0.460417 0.300000 0.481250 0.301563 0.422917 0.214062 0.395833
5 0.406250 0.275000 0.401562 0.333333 0.385937 0.350000 0.381250 0.477083 0.387500 0.350000 0.400000 0.339583 0.393750 0.481250 0.403125 0.337500 0.414062 0.329167 0.403125 0.329167
5 0.329688 0.000000 0.301563 0.510417 0.314063 0.487500
8 0.400000 0.414583 0.398438 0.420833 0.398438 0.470833 0.401562 0.470833 0.401562 0.462500 0.403125 0.460417 0.406250 0.462500 0.406250 0.470833 0.407813 0.470833 0.407813 0.462500 0.410938 0.454167 0.410938 0.416667 0.404687 0.418750
8 0.318750 0.410417 0.318750 0.422917 0.373437 0.439583 0.378125 0.477083 0.379688 0.433333 0.362500 0.431250 0.331250 0.414583 0.326562 0.418750 0.326562 0.412500
8 0.498437 0.422917 0.492188 0.416667 0.484375 0.416667 0.482812 0.420833 0.481250 0.404167 0.476562 0.412500 0.473438 0.406250 0.462500 0.406250 0.456250 0.412500 0.451562 0.422917 0.454688 0.468750 0.468750 0.470833 0.471875 0.462500 0.498437 0.464583 0.501563 0.452083
8 0.431250 0.375000 0.426563 0.375000 0.423438 0.395833 0.428125 0.395833 0.429688 0.402083 0.421875 0.408333 0.420312 0.441667 0.418750 0.408333 0.414062 0.416667 0.414062 0.470833 0.426563 0.466667 0.431250 0.454167 0.442188 0.454167 0.442188 0.435417 0.434375 0.418750 0.435937 0.393750
8 0.303125 0.412500 0.290625 0.400000 0.292187 0.362500 0.275000 0.331250 0.287500 0.302083 0.257812 0.281250 0.259375 0.325000 0.232813 0.333333 0.214062 0.360417 0.215625 0.383333 0.148438 0.368750 0.068750 0.377083
9 0.000000 0.345833 0.000000 0.381250 0.142187 0.372917
10 0.400000 0.341667 0.395313 0.341667 0.389062 0.350000 0.389062 0.362500 0.387500 0.364583 0.387500 0.383333 0.393750 0.383333 0.396875 0.391667 0.396875 0.364583 0.398438 0.362500 0.398438 0.347917 0.400000 0.345833
10 0.331250 0.000000 0.320312 0.300000 0.382812 0.381250 0.406250 0.272917 0.401562 0.402083 0.431250 0.372917 0.443750 0.443750 0.593750 0.364583 0.607812 0.308333 0.692187 0.320833 0.734375 0.179167 0.848437 0.179167 0.998437 0.329167 0.998437 0.000000
10 0.000000 0.000000 0.000000 0.106250 0.095312 0.045833 0.229687 0.193750 0.242188 0.168750 0.253125 0.206250 0.307812 0.214583 0.310937 0.231250 0.321875 0.000000
13 0.431250 0.456250 0.429688 0.458333 0.429688 0.464583 0.428125 0.466667 0.429688 0.468750 0.428125 0.470833 0.428125 0.477083 0.439063 0.477083 0.440625 0.479167 0.440625 0.481250 0.442188 0.481250 0.442188 0.479167 0.443750 0.477083 0.443750 0.472917 0.445312 0.470833 0.443750 0.456250
13 0.471875 0.464583 0.468750 0.491667 0.479687 0.502083 0.489063 0.500000 0.493750 0.512500 0.507812 0.516667 0.510938 0.527083 0.518750 0.525000 0.521875 0.535417 0.548438 0.529167 0.571875 0.545833 0.578125 0.543750 0.579688 0.489583 0.570312 0.468750 0.509375 0.447917 0.498437 0.466667
13 0.625000 0.508333 0.620313 0.625000 0.650000 0.612500 0.725000 0.664583 0.740625 0.722917 0.771875 0.743750 0.807813 0.700000 0.942187 0.720833 0.998437 0.868750 0.998437 0.525000 0.965625 0.458333 0.742188 0.416667