0 0.000000 0.862500 0.000000 0.997917 0.998437 0.997917 0.995313 0.760417 0.607812 0.587500 0.489063 0.472917 0.292187 0.489583 0.390625 0.541667
1 0.715625 0.602083 0.998437 0.762500 0.998437 0.635417 0.898438 0.629167 0.740625 0.570833
1 0.387500 0.531250 0.292187 0.508333 0.000000 0.600000 0.000000 0.860417
1 0.464062 0.470833 0.445312 0.483333 0.409375 0.489583 0.403125 0.497917 0.389062 0.489583 0.292187 0.481250 0.292187 0.487500 0.442188 0.502083 0.464062 0.481250
2 0.409375 0.370833 0.406250 0.435417 0.431250 0.443750 0.431250 0.437500 0.423438 0.431250 0.423438 0.422917 0.428125 0.416667 0.432812 0.420833 0.431250 0.412500 0.434375 0.410417 0.434375 0.400000 0.426563 0.395833 0.426563 0.379167 0.423438 0.372917
2 0.300000 0.256250 0.295312 0.362500 0.307812 0.393750 0.295312 0.414583 0.345313 0.420833 0.356250 0.395833 0.370312 0.395833 0.382812 0.427083 0.398438 0.433333 0.403125 0.343750 0.382812 0.335417 0.379688 0.287500 0.342187 0.283333 0.334375 0.258333 0.323437 0.281250
2 0.293750 0.247917 0.264062 0.216667 0.185938 0.270833 0.185938 0.279167 0.200000 0.287500 0.196875 0.341667 0.201563 0.333333 0.215625 0.339583 0.217188 0.314583 0.231250 0.320833 0.234375 0.310417 0.250000 0.329167 0.287500 0.337500
2 0.007812 0.197917 0.000000 0.212500 0.000000 0.333333 0.176563 0.383333 0.150000 0.339583 0.131250 0.333333 0.110937 0.247917 0.029687 0.229167 0.025000 0.208333
2 0.998437 0.108333 0.868750 0.083333 0.793750 0.293750 0.675000 0.272917 0.657813 0.350000 0.607812 0.345833 0.531250 0.454167 0.670312 0.402083 0.731250 0.418750 0.740625 0.481250 0.998437 0.464583
2 0.000000 0.000000 0.000000 0.006250 0.007812 0.012500 0.000000 0.014583 0.000000 0.027083 0.007812 0.027083 0.015625 0.033333 0.025000 0.029167 0.028125 0.014583 0.032813 0.010417 0.050000 0.016667 0.050000 0.012500 0.070312 0.016667 0.067187 0.000000
3 0.845313 0.606250 0.898438 0.627083 0.998437 0.633333 0.998437 0.608333 0.921875 0.597917 0.914062 0.568750 0.906250 0.583333 0.846875 0.577083
3 0.739062 0.543750 0.739062 0.556250 0.737500 0.558333 0.739062 0.568750 0.778125 0.581250 0.775000 0.579167 0.773438 0.570833 0.767188 0.568750 0.762500 0.550000 0.753125 0.550000 0.751563 0.545833 0.740625 0.545833
3 0.282813 0.489583 0.256250 0.504167 0.001563 0.541667 0.000000 0.597917 0.281250 0.516667
3 0.292187 0.477083 0.353125 0.487500 0.389062 0.487500 0.390625 0.491667 0.396875 0.491667 0.396875 0.483333
4 0.998437 0.466667 0.920312 0.454167 0.887500 0.485417 0.740625 0.483333 0.740625 0.543750 0.762500 0.547917 0.779687 0.581250 0.843750 0.606250 0.846875 0.575000 0.906250 0.581250 0.914062 0.566667 0.921875 0.595833 0.998437 0.606250
4 0.406250 0.445833 0.404687 0.481250 0.420312 0.481250 0.423438 0.472917 0.423438 0.458333 0.426563 0.454167 0.428125 0.456250 0.428125 0.477083 0.429688 0.477083 0.431250 0.454167 0.421875 0.445833
4 0.295312 0.416667 0.292187 0.475000 0.396875 0.481250 0.398438 0.441667 0.393750 0.433333 0.384375 0.437500 0.367188 0.427083
4 0.000000 0.335417 0.000000 0.541667 0.282813 0.487500 0.282813 0.414583
5 0.450000 0.320833 0.445312 0.372917 0.435937 0.383333 0.431250 0.483333 0.442188 0.481250 0.445312 0.381250 0.454688 0.368750 0.446875 0.368750
5 0.384375 0.033333 0.318750 0.072917 0.300000 0.104167 0.284375 0.518750 0.303125 0.114583 0.317188 0.081250
8 0.512500 0.408333 0.509375 0.416667 0.504687 0.410417 0.493750 0.414583 0.484375 0.429167 0.484375 0.443750 0.489063 0.452083 0.487500 0.470833 0.498437 0.475000 0.501563 0.466667 0.515625 0.466667 0.521875 0.454167 0.532813 0.452083 0.528125 0.427083 0.523438 0.420833 0.518750 0.420833 0.515625 0.427083
8 0.354687 0.400000 0.354687 0.404167 0.350000 0.412500 0.350000 0.418750 0.346875 0.420833 0.348438 0.422917 0.375000 0.427083 0.385937 0.435417 0.381250 0.427083 0.384375 0.422917 0.373437 0.400000 0.370312 0.397917 0.356250 0.397917
8 0.465625 0.383333 0.460938 0.385417 0.453125 0.422917 0.445312 0.427083 0.443750 0.475000 0.445312 0.464583 0.450000 0.475000 0.451562 0.433333 0.453125 0.472917 0.464062 0.468750 0.470313 0.456250 0.478125 0.454167 0.470313 0.422917 0.470313 0.389583
8 0.178125 0.381250 0.285938 0.414583 0.287500 0.339583 0.273438 0.341667 0.271875 0.333333 0.250000 0.331250 0.235937 0.312500 0.231250 0.322917 0.218750 0.314583 0.217188 0.339583 0.201563 0.335417 0.198437 0.350000 0.203125 0.360417
10 0.000000 0.210417 0.189062 0.372917 0.184375 0.270833 0.293750 0.245833 0.303125 0.091667 0.384375 0.031250 0.310937 0.091667 0.300000 0.254167 0.403125 0.341667 0.414062 0.183333 0.409375 0.368750 0.450000 0.318750 0.485938 0.447917 0.675000 0.270833 0.793750 0.291667 0.868750 0.081250 0.998437 0.106250 0.998437 0.000000 0.000000 0.029167
13 0.735938 0.585417 0.739062 0.477083 0.725000 0.416667 0.639062 0.406250 0.601562 0.422917 0.557813 0.472917 0.535937 0.456250 0.500000 0.472917 0.503125 0.495833 0.543750 0.508333 0.545312 0.529167 0.556250 0.527083 0.570312 0.554167 0.601562 0.554167 0.607812 0.585417 0.635938 0.568750 0.689063 0.581250 0.703125 0.602083