0 0.000000 0.783333 0.000000 0.997917 0.998437 0.997917 0.998437 0.895833 0.860938 0.854167 0.809375 0.693750 0.650000 0.670833 0.459375 0.468750
1 0.423438 0.464583 0.001563 0.566667 0.000000 0.781250 0.407813 0.495833
2 0.367188 0.362500 0.365625 0.429167 0.370312 0.435417 0.382812 0.435417 0.384375 0.402083 0.387500 0.397917 0.396875 0.397917 0.400000 0.402083 0.400000 0.393750 0.385937 0.385417 0.384375 0.364583
2 0.323437 0.306250 0.318750 0.418750 0.323437 0.410417 0.357812 0.414583 0.360938 0.352083 0.364063 0.350000 0.360938 0.347917 0.360938 0.312500 0.345313 0.306250 0.342187 0.310417
2 0.512500 0.416667 0.514062 0.456250 0.543750 0.439583 0.575000 0.464583 0.653125 0.387500 0.715625 0.366667 0.829688 0.397917 0.860938 0.466667 0.990625 0.470833 0.998437 0.354167 0.923438 0.233333 0.726562 0.191667 0.681250 0.327083 0.609375 0.310417 0.592187 0.372917 0.559375 0.364583
2 0.000000 0.000000 0.000000 0.247917 0.190625 0.339583 0.225000 0.385417 0.259375 0.372917 0.310937 0.404167 0.312500 0.227083 0.232813 0.210417 0.176563 0.000000
3 0.364063 0.435417 0.362500 0.439583 0.364063 0.468750 0.360938 0.483333 0.381250 0.479167 0.381250 0.470833 0.368750 0.470833 0.367188 0.468750 0.367188 0.462500 0.368750 0.460417 0.368750 0.435417
3 0.356250 0.433333 0.350000 0.433333 0.350000 0.466667 0.346875 0.483333 0.342187 0.487500 0.318750 0.485417 0.314063 0.487500 0.314063 0.495833 0.342187 0.491667 0.343750 0.487500 0.356250 0.487500
3 0.309375 0.489583 0.271875 0.489583 0.276562 0.404167 0.259375 0.397917 0.264062 0.485417 0.243750 0.506250 0.248438 0.393750 0.235937 0.387500 0.231250 0.497917 0.000000 0.525000 0.000000 0.566667
4 0.860938 0.468750 0.865625 0.579167 0.998437 0.550000 0.998437 0.470833
4 0.370312 0.437500 0.368750 0.468750 0.381250 0.468750 0.382812 0.454167 0.389062 0.456250 0.387500 0.466667 0.392188 0.466667 0.392188 0.458333 0.395313 0.454167 0.396875 0.464583 0.396875 0.447917 0.395313 0.445833 0.392188 0.447917 0.389062 0.441667 0.382812 0.441667 0.381250 0.437500
4 0.318750 0.420833 0.315625 0.437500 0.315625 0.485417 0.345313 0.483333 0.348438 0.466667 0.348438 0.433333 0.343750 0.435417 0.340625 0.427083 0.320312 0.425000
4 0.276562 0.406250 0.273438 0.433333 0.273438 0.489583 0.307812 0.487500 0.310937 0.418750
4 0.248438 0.397917 0.243750 0.493750 0.245312 0.506250 0.257812 0.506250 0.264062 0.464583 0.264062 0.408333 0.259375 0.402083 0.251563 0.402083
4 0.000000 0.306250 0.000000 0.522917 0.231250 0.495833 0.234375 0.387500
5 0.420312 0.341667 0.417187 0.370833 0.401562 0.387500 0.398438 0.472917 0.403125 0.391667 0.414062 0.377083 0.412500 0.466667
5 0.381250 0.141667 0.376563 0.185417 0.323437 0.227083 0.310937 0.497917 0.326562 0.227083 0.373437 0.195833 0.359375 0.487500
8 0.607812 0.447917 0.585938 0.450000 0.579688 0.456250 0.578125 0.462500 0.578125 0.502083 0.581250 0.502083 0.582812 0.506250 0.587500 0.489583 0.593750 0.481250 0.596875 0.468750 0.606250 0.456250
8 0.526563 0.458333 0.534375 0.458333 0.559375 0.466667 0.571875 0.464583 0.565625 0.456250 0.550000 0.458333 0.546875 0.454167 0.543750 0.441667 0.534375 0.441667 0.529687 0.447917
8 0.320312 0.416667 0.320312 0.422917 0.325000 0.422917 0.326562 0.425000 0.340625 0.425000 0.343750 0.433333 0.346875 0.431250 0.356250 0.431250 0.357812 0.427083 0.357812 0.416667 0.353125 0.416667 0.345313 0.412500 0.337500 0.412500 0.335938 0.414583 0.323437 0.412500
8 0.387500 0.400000 0.385937 0.402083 0.385937 0.418750 0.384375 0.420833 0.384375 0.435417 0.382812 0.439583 0.389062 0.439583 0.392188 0.445833 0.393750 0.443750 0.396875 0.445833 0.398438 0.441667 0.398438 0.425000 0.400000 0.422917 0.400000 0.404167 0.398438 0.404167 0.396875 0.400000
8 0.509375 0.410417 0.503125 0.414583 0.490625 0.408333 0.487500 0.414583 0.484375 0.393750 0.481250 0.404167 0.475000 0.395833 0.464062 0.400000 0.453125 0.416667 0.456250 0.466667 0.478125 0.470833 0.481250 0.462500 0.482812 0.470833 0.490625 0.456250 0.504687 0.456250 0.514062 0.462500 0.515625 0.458333 0.510938 0.452083 0.517188 0.441667 0.517188 0.431250
8 0.242188 0.383333 0.248438 0.389583 0.251563 0.400000 0.257812 0.400000 0.259375 0.395833 0.275000 0.397917 0.282813 0.408333 0.307812 0.416667 0.312500 0.414583 0.309375 0.400000 0.293750 0.393750 0.284375 0.385417 0.271875 0.383333 0.270313 0.379167 0.259375 0.375000 0.245312 0.375000
8 0.431250 0.362500 0.425000 0.362500 0.417187 0.393750 0.414062 0.464583 0.417187 0.412500 0.421875 0.406250 0.429688 0.406250 0.420312 0.414583 0.420312 0.462500 0.429688 0.447917 0.443750 0.443750 0.442188 0.420833 0.434375 0.414583 0.437500 0.393750
8 0.000000 0.250000 0.000000 0.304167 0.218750 0.381250 0.220312 0.364583 0.190625 0.341667
10 0.373437 0.197917 0.351562 0.202083 0.335938 0.212500 0.326562 0.239583 0.323437 0.304167 0.360938 0.310417 0.362500 0.347917
10 0.178125 0.000000 0.234375 0.210417 0.310937 0.222917 0.318750 0.297917 0.382812 0.141667 0.368750 0.360417 0.400000 0.391667 0.420312 0.339583 0.451562 0.443750 0.592187 0.370833 0.609375 0.308333 0.681250 0.325000 0.781250 0.116667 0.781250 0.202083 0.923438 0.231250 0.998437 0.352083 0.998437 0.000000
13 0.484375 0.468750 0.482812 0.506250 0.500000 0.506250 0.501563 0.522917 0.512500 0.533333 0.559375 0.537500 0.568750 0.547917 0.573438 0.543750 0.576562 0.508333 0.571875 0.489583 0.560937 0.481250 0.556250 0.466667 0.523438 0.458333 0.514062 0.464583 0.490625 0.458333
13 0.429688 0.450000 0.425000 0.460417 0.425000 0.466667 0.423438 0.468750 0.423438 0.477083 0.425000 0.481250 0.442188 0.481250 0.443750 0.472917 0.445312 0.470833 0.445312 0.452083 0.443750 0.450000
13 0.628125 0.416667 0.581250 0.510417 0.581250 0.595833 0.634375 0.612500 0.659375 0.672917 0.718750 0.650000 0.809375 0.691667 0.860938 0.852083 0.998437 0.893750 0.998437 0.552083 0.865625 0.581250 0.854688 0.437500 0.823438 0.395833 0.710938 0.368750