0 0.000000 0.789583 0.000000 0.997917 0.998437 0.997917 0.979688 0.787500 0.840625 0.708333 0.706250 0.722917 0.592187 0.556250 0.457813 0.468750
1 0.978125 0.679167 0.978125 0.716667 0.962500 0.729167 0.935937 0.729167 0.921875 0.750000 0.982812 0.787500 0.982812 0.733333 0.998437 0.716667 0.998437 0.687500
1 0.423438 0.466667 0.000000 0.570833 0.000000 0.787500 0.410938 0.495833
2 0.365625 0.362500 0.365625 0.402083 0.362500 0.427083 0.368750 0.435417 0.379688 0.435417 0.384375 0.439583 0.384375 0.402083 0.390625 0.397917 0.400000 0.402083 0.400000 0.395833 0.387500 0.389583 0.385937 0.364583
2 0.345313 0.289583 0.343750 0.306250 0.315625 0.302083 0.310937 0.418750 0.315625 0.420833 0.320312 0.410417 0.356250 0.414583 0.360938 0.310417 0.346875 0.308333
2 0.998437 0.300000 0.950000 0.222917 0.800000 0.191667 0.800000 0.102083 0.795312 0.183333 0.742188 0.177083 0.701562 0.310417 0.615625 0.306250 0.600000 0.368750 0.529687 0.393750 0.514062 0.456250 0.543750 0.439583 0.578125 0.472917 0.687500 0.377083 0.785937 0.341667 0.939063 0.385417 0.970313 0.464583 0.998437 0.466667
2 0.000000 0.000000 0.003125 0.256250 0.192188 0.345833 0.196875 0.377083 0.243750 0.366667 0.304688 0.402083 0.309375 0.220833 0.228125 0.202083 0.168750 0.000000
3 0.979688 0.612500 0.979688 0.616667 0.976562 0.618750 0.979688 0.627083 0.978125 0.677083 0.985938 0.679167 0.987500 0.683333 0.998437 0.685417 0.998437 0.618750 0.993750 0.618750 0.992188 0.614583
3 0.364063 0.433333 0.360938 0.447917 0.359375 0.485417 0.381250 0.481250 0.381250 0.470833 0.378125 0.472917 0.368750 0.472917 0.367188 0.470833 0.367188 0.443750 0.368750 0.437500
3 0.353125 0.433333 0.343750 0.431250 0.346875 0.441667 0.342187 0.487500 0.332813 0.487500 0.332813 0.447917 0.329688 0.479167 0.325000 0.485417 0.307812 0.489583 0.304688 0.502083 0.335938 0.491667 0.353125 0.491667
3 0.301563 0.489583 0.257812 0.491667 0.264062 0.397917 0.242188 0.393750 0.248438 0.470833 0.228125 0.510417 0.229687 0.389583 0.203125 0.379167 0.207813 0.502083 0.000000 0.527083 0.000000 0.568750 0.295312 0.506250
4 0.971875 0.468750 0.979688 0.510417 0.979688 0.604167 0.976562 0.606250 0.998437 0.616667 0.998437 0.468750
4 0.370312 0.437500 0.368750 0.470833 0.381250 0.468750 0.381250 0.456250 0.382812 0.454167 0.389062 0.456250 0.387500 0.468750 0.392188 0.466667 0.395313 0.458333 0.396875 0.464583 0.395313 0.458333 0.398438 0.450000 0.396875 0.445833 0.389062 0.441667 0.381250 0.441667 0.379688 0.437500
4 0.310937 0.420833 0.307812 0.487500 0.328125 0.479167 0.329688 0.450000 0.332813 0.445833 0.334375 0.487500 0.340625 0.487500 0.345313 0.441667 0.342187 0.431250 0.340625 0.435417 0.335938 0.431250 0.334375 0.437500 0.329688 0.427083
4 0.264062 0.404167 0.259375 0.437500 0.260937 0.456250 0.257812 0.458333 0.259375 0.491667 0.301563 0.487500 0.303125 0.418750
4 0.229687 0.395833 0.226562 0.414583 0.228125 0.439583 0.225000 0.470833 0.225000 0.502083 0.231250 0.510417 0.237500 0.506250 0.243750 0.485417 0.248438 0.441667 0.248438 0.404167
4 0.000000 0.306250 0.000000 0.525000 0.207813 0.500000 0.212500 0.408333 0.201563 0.379167
5 0.420312 0.341667 0.417187 0.370833 0.401562 0.391667 0.398438 0.466667 0.403125 0.462500 0.404687 0.468750 0.404687 0.385417 0.414062 0.375000 0.417187 0.379167 0.412500 0.468750
5 0.378125 0.160417 0.315625 0.216667 0.303125 0.502083 0.318750 0.214583 0.371875 0.175000 0.357812 0.487500
8 0.634375 0.447917 0.623437 0.445833 0.592187 0.450000 0.581250 0.475000 0.581250 0.500000 0.584375 0.506250 0.595313 0.506250 0.603125 0.510417 0.606250 0.497917 0.623437 0.472917 0.623437 0.466667 0.634375 0.454167
8 0.529687 0.456250 0.529687 0.458333 0.562500 0.464583 0.568750 0.470833 0.575000 0.468750 0.575000 0.460417 0.571875 0.456250 0.553125 0.458333 0.550000 0.445833 0.545312 0.445833 0.543750 0.441667 0.539062 0.441667
8 0.317188 0.420833 0.318750 0.422917 0.334375 0.425000 0.339062 0.433333 0.340625 0.433333 0.342187 0.429167 0.353125 0.431250 0.354687 0.433333 0.356250 0.416667 0.343750 0.414583 0.342187 0.412500 0.339062 0.414583 0.335938 0.412500 0.331250 0.416667 0.329688 0.412500 0.320312 0.412500
8 0.390625 0.400000 0.389062 0.402083 0.385937 0.402083 0.385937 0.439583 0.393750 0.441667 0.398438 0.445833 0.398438 0.431250 0.400000 0.429167 0.400000 0.412500 0.401562 0.410417 0.401562 0.404167 0.398438 0.404167 0.395313 0.400000
8 0.454688 0.416667 0.453125 0.433333 0.457813 0.439583 0.459375 0.468750 0.479687 0.470833 0.481250 0.464583 0.485938 0.468750 0.492188 0.458333 0.500000 0.456250 0.501563 0.443750 0.507812 0.458333 0.518750 0.466667 0.520312 0.460417 0.512500 0.456250 0.518750 0.431250 0.510938 0.410417 0.506250 0.416667 0.493750 0.408333 0.489063 0.416667 0.485938 0.393750 0.482812 0.406250 0.478125 0.397917 0.471875 0.397917
8 0.225000 0.377083 0.229687 0.391667 0.234375 0.395833 0.240625 0.395833 0.242188 0.391667 0.259375 0.391667 0.265625 0.397917 0.265625 0.404167 0.303125 0.416667 0.304688 0.404167 0.301563 0.395833 0.292187 0.393750 0.282813 0.385417 0.243750 0.368750 0.229687 0.370833
8 0.431250 0.362500 0.421875 0.372917 0.415625 0.414583 0.414062 0.454167 0.418750 0.412500 0.426563 0.404167 0.432812 0.406250 0.421875 0.414583 0.420312 0.464583 0.431250 0.447917 0.446875 0.452083 0.442188 0.420833 0.434375 0.414583 0.439063 0.395833
8 0.000000 0.254167 0.000000 0.304167 0.195312 0.377083 0.192188 0.347917
10 0.371875 0.177083 0.339062 0.189583 0.321875 0.210417 0.315625 0.300000 0.343750 0.304167 0.345313 0.287500 0.346875 0.306250 0.360938 0.308333 0.362500 0.318750
10 0.170313 0.000000 0.231250 0.204167 0.312500 0.254167 0.379688 0.160417 0.365625 0.360417 0.400000 0.393750 0.420312 0.339583 0.448437 0.443750 0.598437 0.368750 0.615625 0.304167 0.690625 0.320833 0.740625 0.177083 0.793750 0.183333 0.800000 0.100000 0.800000 0.189583 0.950000 0.220833 0.998437 0.297917 0.998437 0.000000
13 0.998437 0.718750 0.984375 0.733333 0.984375 0.808333 0.978125 0.843750 0.984375 0.868750 0.998437 0.891667
13 0.484375 0.470833 0.484375 0.506250 0.504687 0.506250 0.506250 0.527083 0.515625 0.529167 0.518750 0.539583 0.567187 0.539583 0.575000 0.552083 0.582812 0.552083 0.587500 0.512500 0.579688 0.500000 0.581250 0.489583 0.565625 0.468750 0.523438 0.460417 0.518750 0.468750 0.515625 0.462500 0.495312 0.458333
13 0.431250 0.450000 0.425000 0.464583 0.425000 0.481250 0.443750 0.481250 0.443750 0.479167 0.446875 0.477083 0.446875 0.454167 0.443750 0.450000
13 0.600000 0.520833 0.600000 0.610417 0.676562 0.643750 0.706250 0.720833 0.748437 0.693750 0.831250 0.704167 0.912500 0.754167 0.978125 0.714583 0.978125 0.510417 0.939063 0.387500 0.785937 0.343750 0.664062 0.404167