0 0.000000 0.733333 0.000000 0.997917 0.998437 0.997917 0.996875 0.864583 0.875000 0.872917 0.817187 0.750000 0.662500 0.668750 0.650000 0.591667 0.585938 0.602083 0.479687 0.468750
1 0.428125 0.460417 0.000000 0.552083 0.000000 0.731250 0.221875 0.620833 0.410938 0.491667
2 0.384375 0.362500 0.382812 0.400000 0.379688 0.418750 0.381250 0.429167 0.390625 0.431250 0.392188 0.400000 0.396875 0.397917 0.398438 0.393750 0.407813 0.397917 0.407813 0.389583 0.396875 0.387500 0.393750 0.381250 0.393750 0.364583
2 0.351562 0.310417 0.343750 0.406250 0.348438 0.410417 0.351562 0.406250 0.360938 0.406250 0.373437 0.418750 0.376563 0.389583 0.371875 0.312500
2 0.998437 0.133333 0.915625 0.295833 0.934375 0.368750 0.879687 0.264583 0.704688 0.225000 0.671875 0.337500 0.604688 0.322917 0.590625 0.375000 0.529687 0.393750 0.503125 0.454167 0.568750 0.460417 0.620313 0.404167 0.704688 0.425000 0.721875 0.487500 0.809375 0.435417 0.998437 0.445833
2 0.000000 0.000000 0.000000 0.218750 0.251563 0.356250 0.278125 0.393750 0.339062 0.406250 0.332813 0.239583 0.259375 0.220833 0.220312 0.018750
3 0.373437 0.431250 0.370312 0.433333 0.365625 0.431250 0.367188 0.441667 0.362500 0.466667 0.357812 0.472917 0.356250 0.470833 0.353125 0.475000 0.340625 0.477083 0.339062 0.487500 0.371875 0.479167 0.371875 0.445833 0.368750 0.437500 0.371875 0.435417 0.373437 0.439583
3 0.334375 0.477083 0.310937 0.475000 0.309375 0.404167 0.293750 0.475000 0.298438 0.400000 0.287500 0.395833 0.281250 0.481250 0.000000 0.508333 0.000000 0.550000
4 0.382812 0.431250 0.382812 0.462500 0.390625 0.462500 0.390625 0.456250 0.393750 0.447917 0.398438 0.452083 0.396875 0.460417 0.401562 0.460417 0.404687 0.454167 0.406250 0.441667 0.404687 0.441667 0.403125 0.437500 0.396875 0.437500
4 0.357812 0.425000 0.343750 0.425000 0.343750 0.433333 0.342187 0.435417 0.342187 0.475000 0.343750 0.472917 0.353125 0.472917 0.360938 0.466667 0.360938 0.458333 0.364063 0.452083 0.365625 0.435417
4 0.315625 0.410417 0.315625 0.425000 0.310937 0.454167 0.312500 0.475000 0.314063 0.477083 0.315625 0.475000 0.334375 0.475000 0.337500 0.447917 0.337500 0.420833
4 0.301563 0.402083 0.296875 0.406250 0.295312 0.416667 0.295312 0.435417 0.293750 0.437500 0.295312 0.475000 0.298438 0.475000 0.301563 0.470833 0.303125 0.447917 0.304688 0.445833 0.304688 0.410417
4 0.000000 0.281250 0.000000 0.506250 0.285938 0.475000 0.285938 0.395833
5 0.428125 0.341667 0.425000 0.372917 0.409375 0.391667 0.406250 0.460417 0.410938 0.458333 0.412500 0.385417 0.420312 0.377083 0.425000 0.412500 0.420312 0.462500 0.425000 0.452083 0.423438 0.379167
5 0.396875 0.170833 0.390625 0.222917 0.351562 0.250000 0.335938 0.487500 0.351562 0.260417 0.387500 0.231250 0.373437 0.479167
8 0.526563 0.458333 0.543750 0.462500 0.551562 0.468750 0.553125 0.466667 0.560937 0.468750 0.564063 0.466667 0.567187 0.460417 0.560937 0.454167 0.550000 0.458333 0.545312 0.452083 0.545312 0.447917 0.540625 0.445833 0.539062 0.441667 0.531250 0.441667
8 0.343750 0.408333 0.343750 0.422917 0.357812 0.422917 0.360938 0.429167 0.373437 0.429167 0.373437 0.420833 0.370312 0.418750 0.367188 0.412500 0.360938 0.408333 0.351562 0.408333 0.348438 0.412500
8 0.420312 0.397917 0.420312 0.406250 0.418750 0.408333 0.415625 0.408333 0.414062 0.404167 0.412500 0.404167 0.412500 0.435417 0.410938 0.439583 0.415625 0.447917 0.421875 0.443750 0.421875 0.437500 0.423438 0.435417 0.423438 0.412500 0.420312 0.410417
8 0.398438 0.395833 0.396875 0.400000 0.393750 0.400000 0.392188 0.433333 0.403125 0.435417 0.404687 0.439583 0.406250 0.439583 0.406250 0.435417 0.407813 0.433333 0.407813 0.410417 0.409375 0.408333 0.409375 0.400000 0.404687 0.400000 0.403125 0.395833
8 0.459375 0.412500 0.457813 0.429167 0.460938 0.435417 0.460938 0.464583 0.482812 0.468750 0.482812 0.462500 0.487500 0.462500 0.492188 0.454167 0.501563 0.454167 0.503125 0.443750 0.509375 0.454167 0.514062 0.454167 0.518750 0.441667 0.514062 0.410417 0.507812 0.414583 0.498437 0.406250 0.492188 0.412500 0.490625 0.393750 0.485938 0.404167 0.481250 0.393750 0.471875 0.395833
8 0.287500 0.393750 0.295312 0.395833 0.303125 0.402083 0.314063 0.404167 0.320312 0.412500 0.332813 0.414583 0.337500 0.418750 0.337500 0.406250 0.332813 0.400000 0.328125 0.400000 0.326562 0.395833 0.320312 0.395833 0.300000 0.385417 0.290625 0.385417
8 0.435937 0.358333 0.432812 0.358333 0.425000 0.379167 0.425000 0.408333 0.428125 0.410417 0.426563 0.450000 0.429688 0.454167 0.425000 0.458333 0.428125 0.458333 0.435937 0.443750 0.446875 0.443750 0.450000 0.437500 0.446875 0.435417 0.446875 0.416667 0.439063 0.410417 0.443750 0.402083 0.443750 0.383333
8 0.000000 0.220833 0.001563 0.281250 0.275000 0.389583 0.251563 0.358333
10 0.387500 0.233333 0.362500 0.243750 0.351562 0.270833 0.351562 0.308333 0.371875 0.310417 0.375000 0.316667 0.375000 0.360417 0.378125 0.360417
10 0.143750 0.000000 0.221875 0.018750 0.260937 0.220833 0.332813 0.237500 0.335938 0.306250 0.398438 0.170833 0.384375 0.360417 0.410938 0.389583 0.428125 0.339583 0.456250 0.439583 0.604688 0.320833 0.671875 0.335417 0.704688 0.222917 0.879687 0.262500 0.934375 0.366667 0.914062 0.295833 0.998437 0.131250 0.998437 0.000000
13 0.435937 0.445833 0.434375 0.452083 0.429688 0.458333 0.429688 0.475000 0.442188 0.475000 0.443750 0.477083 0.446875 0.477083 0.446875 0.475000 0.450000 0.472917 0.450000 0.466667 0.451562 0.464583 0.451562 0.454167 0.450000 0.452083 0.450000 0.445833
13 0.484375 0.468750 0.585938 0.600000 0.650000 0.589583 0.662500 0.666667 0.817187 0.747917 0.875000 0.870833 0.998437 0.864583 0.998437 0.447917 0.809375 0.437500 0.721875 0.489583 0.704688 0.427083 0.620313 0.406250 0.557813 0.485417