0 0.000000 0.743750 0.000000 0.997917 0.998437 0.997917 0.864062 0.787500 0.676562 0.681250 0.657813 0.595833 0.589063 0.604167 0.481250 0.468750
1 0.428125 0.458333 0.000000 0.552083 0.000000 0.741667 0.212500 0.627083 0.404687 0.495833
2 0.382812 0.362500 0.381250 0.397917 0.385937 0.404167 0.379688 0.406250 0.381250 0.429167 0.389062 0.431250 0.392188 0.400000 0.398438 0.393750 0.407813 0.397917 0.407813 0.389583 0.393750 0.383333 0.392188 0.362500
2 0.346875 0.308333 0.342187 0.406250 0.360938 0.406250 0.371875 0.416667 0.376563 0.360417 0.371875 0.358333 0.371875 0.312500
2 0.998437 0.154167 0.929688 0.279167 0.946875 0.370833 0.887500 0.262500 0.756250 0.231250 0.756250 0.158333 0.753125 0.225000 0.706250 0.220833 0.675000 0.333333 0.606250 0.320833 0.592187 0.372917 0.526563 0.395833 0.515625 0.454167 0.543750 0.439583 0.560937 0.483333 0.629687 0.400000 0.715625 0.422917 0.737500 0.477083 0.845313 0.431250 0.998437 0.431250
2 0.000000 0.000000 0.000000 0.220833 0.259375 0.362500 0.273438 0.393750 0.337500 0.404167 0.329688 0.235417 0.256250 0.216667 0.214062 0.010417
3 0.367188 0.429167 0.362500 0.431250 0.364063 0.433333 0.362500 0.460417 0.359375 0.470833 0.350000 0.477083 0.337500 0.477083 0.337500 0.485417 0.368750 0.479167 0.368750 0.452083 0.371875 0.450000
3 0.332813 0.477083 0.306250 0.475000 0.309375 0.404167 0.298438 0.477083 0.287500 0.477083 0.293750 0.397917 0.282813 0.393750 0.278125 0.481250 0.000000 0.508333 0.000000 0.550000
4 0.381250 0.431250 0.382812 0.433333 0.382812 0.439583 0.381250 0.441667 0.381250 0.460417 0.382812 0.462500 0.389062 0.462500 0.389062 0.452083 0.393750 0.445833 0.396875 0.447917 0.396875 0.456250 0.398438 0.454167 0.400000 0.456250 0.401562 0.443750 0.403125 0.441667 0.400000 0.443750 0.396875 0.437500 0.393750 0.437500 0.389062 0.433333 0.382812 0.433333
4 0.340625 0.422917 0.342187 0.433333 0.339062 0.435417 0.339062 0.475000 0.350000 0.475000 0.357812 0.470833 0.360938 0.460417 0.360938 0.439583 0.362500 0.437500 0.360938 0.431250 0.362500 0.429167 0.359375 0.429167 0.356250 0.425000
4 0.310937 0.406250 0.310937 0.422917 0.307812 0.435417 0.307812 0.475000 0.309375 0.477083 0.332813 0.475000 0.335938 0.420833 0.323437 0.414583 0.315625 0.414583 0.314063 0.408333
4 0.300000 0.402083 0.292187 0.404167 0.289062 0.477083 0.292187 0.479167 0.296875 0.477083 0.298438 0.462500 0.301563 0.460417 0.303125 0.404167
4 0.000000 0.283333 0.000000 0.506250 0.278125 0.479167 0.281250 0.395833
5 0.426563 0.339583 0.425000 0.366667 0.409375 0.385417 0.406250 0.464583 0.410938 0.458333 0.412500 0.464583 0.412500 0.445833 0.409375 0.443750 0.410938 0.391667 0.420312 0.375000 0.421875 0.404167
5 0.395313 0.166667 0.389062 0.216667 0.346875 0.254167 0.334375 0.487500 0.350000 0.252083 0.385937 0.227083 0.370312 0.479167
8 0.528125 0.452083 0.529687 0.458333 0.548438 0.462500 0.551562 0.466667 0.553125 0.464583 0.560937 0.466667 0.565625 0.462500 0.565625 0.458333 0.560937 0.454167 0.548438 0.456250 0.543750 0.441667 0.531250 0.441667
8 0.342187 0.408333 0.340625 0.420833 0.345313 0.420833 0.346875 0.422917 0.356250 0.422917 0.359375 0.427083 0.367188 0.427083 0.368750 0.429167 0.371875 0.427083 0.371875 0.418750 0.370312 0.418750 0.367188 0.412500 0.360938 0.408333 0.350000 0.408333 0.348438 0.410417 0.343750 0.410417
8 0.398438 0.395833 0.396875 0.400000 0.393750 0.400000 0.392188 0.406250 0.390625 0.433333 0.396875 0.435417 0.400000 0.441667 0.403125 0.439583 0.404687 0.443750 0.404687 0.437500 0.406250 0.435417 0.406250 0.418750 0.407813 0.416667 0.407813 0.400000 0.404687 0.400000 0.403125 0.395833
8 0.457813 0.414583 0.460938 0.464583 0.482812 0.466667 0.492188 0.454167 0.501563 0.454167 0.503125 0.443750 0.507812 0.447917 0.507812 0.456250 0.514062 0.456250 0.518750 0.427083 0.512500 0.408333 0.509375 0.414583 0.501563 0.406250 0.495312 0.406250 0.492188 0.412500 0.490625 0.393750 0.485938 0.402083 0.481250 0.393750 0.475000 0.393750
8 0.282813 0.389583 0.285938 0.393750 0.293750 0.395833 0.295312 0.400000 0.309375 0.402083 0.315625 0.408333 0.315625 0.412500 0.323437 0.412500 0.335938 0.418750 0.335938 0.406250 0.331250 0.400000 0.326562 0.400000 0.325000 0.395833 0.320312 0.395833 0.295312 0.383333 0.287500 0.383333
8 0.435937 0.358333 0.425000 0.377083 0.423438 0.404167 0.420312 0.395833 0.417187 0.408333 0.412500 0.400000 0.414062 0.454167 0.420312 0.445833 0.418750 0.414583 0.421875 0.422917 0.421875 0.410417 0.428125 0.402083 0.435937 0.404167 0.428125 0.410417 0.425000 0.458333 0.435937 0.443750 0.446875 0.443750 0.446875 0.416667 0.439063 0.410417 0.443750 0.389583
8 0.000000 0.222917 0.000000 0.281250 0.268750 0.389583 0.259375 0.364583
10 0.385937 0.229167 0.367188 0.233333 0.354687 0.243750 0.350000 0.264583 0.348438 0.306250 0.373437 0.312500 0.373437 0.358333 0.376563 0.358333
10 0.171875 0.000000 0.215625 0.010417 0.257812 0.216667 0.328125 0.231250 0.335938 0.304167 0.396875 0.166667 0.382812 0.360417 0.426563 0.337500 0.456250 0.439583 0.606250 0.318750 0.675000 0.331250 0.756250 0.156250 0.756250 0.229167 0.887500 0.260417 0.946875 0.368750 0.928125 0.279167 0.998437 0.152083 0.998437 0.000000
13 0.435937 0.445833 0.429688 0.456250 0.429688 0.472917 0.432812 0.475000 0.446875 0.475000 0.450000 0.472917 0.450000 0.464583 0.451562 0.462500 0.450000 0.445833
13 0.482812 0.468750 0.589063 0.602083 0.657813 0.593750 0.676562 0.679167 0.710938 0.670833 0.864062 0.785417 0.920312 0.914583 0.998437 0.943750 0.998437 0.433333 0.823438 0.437500 0.734375 0.497917 0.715625 0.425000 0.629687 0.402083 0.560937 0.485417