0 0.000000 0.737500 0.000000 0.997917 0.998437 0.997917 0.954688 0.806250 0.646875 0.608333 0.542188 0.593750 0.442188 0.470833
1 0.657813 0.568750 0.648438 0.608333 0.956250 0.806250 0.971875 0.685417 0.889062 0.660417 0.817187 0.614583
1 0.403125 0.466667 0.000000 0.560417 0.000000 0.735417 0.357812 0.516667
2 0.317188 0.285417 0.310937 0.402083 0.325000 0.412500 0.332813 0.429167 0.360938 0.435417 0.360938 0.397917 0.376563 0.391667 0.364063 0.387500 0.364063 0.356250 0.332813 0.350000 0.331250 0.291667
2 0.201563 0.145833 0.189062 0.352083 0.195312 0.385417 0.260937 0.412500 0.273438 0.393750 0.300000 0.400000 0.309375 0.283333 0.267188 0.268750 0.256250 0.156250
2 0.998437 0.125000 0.907813 0.097917 0.910937 0.000000 0.906250 0.089583 0.828125 0.081250 0.746875 0.310417 0.628125 0.281250 0.607812 0.354167 0.514062 0.393750 0.501563 0.458333 0.720313 0.439583 0.787500 0.481250 0.998437 0.491667
2 0.000000 0.000000 0.000000 0.260417 0.181250 0.347917 0.193750 0.145833 0.153125 0.135417 0.135937 0.097917 0.123438 0.095833 0.120313 0.127083 0.053125 0.110417 0.048438 0.058333 0.082812 0.054167 0.067187 0.004167
3 0.750000 0.472917 0.721875 0.472917 0.715625 0.552083 0.650000 0.535417 0.657813 0.566667 0.731250 0.595833 0.748437 0.591667 0.743750 0.558333
3 0.882812 0.468750 0.873437 0.645833 0.889062 0.658333 0.918750 0.664583 0.928125 0.510417 0.942187 0.477083
3 0.395313 0.456250 0.392188 0.468750 0.389062 0.456250 0.385937 0.466667 0.382812 0.447917 0.384375 0.462500 0.379688 0.462500 0.373437 0.477083 0.371875 0.470833 0.365625 0.475000 0.348438 0.468750 0.325000 0.475000 0.321875 0.450000 0.318750 0.472917 0.312500 0.483333 0.304688 0.479167 0.304688 0.493750 0.378125 0.477083 0.393750 0.468750
3 0.256250 0.422917 0.251563 0.487500 0.246875 0.493750 0.182812 0.500000 0.182812 0.520833 0.254688 0.506250
3 0.298438 0.420833 0.284375 0.416667 0.284375 0.422917 0.287500 0.427083 0.284375 0.487500 0.278125 0.502083 0.273438 0.502083 0.292187 0.500000 0.296875 0.495833
3 0.000000 0.302083 0.000000 0.558333 0.170313 0.522917 0.171875 0.504167 0.010937 0.522917 0.014063 0.352083 0.025000 0.314583
4 0.934375 0.489583 0.920312 0.664583 0.973437 0.685417 0.998437 0.652083 0.998437 0.493750
4 0.715625 0.550000 0.718750 0.483333 0.714063 0.477083 0.689063 0.483333 0.629687 0.481250 0.620313 0.493750 0.625000 0.502083 0.632812 0.504167 0.635938 0.518750 0.646875 0.533333
4 0.751563 0.477083 0.745313 0.558333 0.750000 0.591667 0.875000 0.637500 0.881250 0.483333
4 0.332813 0.456250 0.335938 0.466667 0.345313 0.466667 0.346875 0.468750 0.343750 0.470833 0.346875 0.470833 0.350000 0.464583 0.354687 0.470833 0.364063 0.470833 0.365625 0.472917 0.365625 0.456250 0.362500 0.452083 0.350000 0.452083 0.346875 0.466667 0.343750 0.464583 0.343750 0.454167 0.342187 0.452083 0.337500 0.452083
4 0.309375 0.425000 0.306250 0.441667 0.307812 0.454167 0.304688 0.456250 0.304688 0.477083 0.312500 0.481250 0.315625 0.470833 0.317188 0.472917 0.321875 0.447917 0.325000 0.450000 0.325000 0.466667 0.325000 0.431250 0.321875 0.431250 0.320312 0.427083
4 0.187500 0.387500 0.182812 0.497917 0.246875 0.491667 0.256250 0.420833 0.256250 0.506250 0.279687 0.497917 0.282813 0.420833
4 0.018750 0.329167 0.010937 0.520833 0.170313 0.502083 0.178125 0.381250
5 0.400000 0.327083 0.396875 0.356250 0.378125 0.372917 0.373437 0.475000 0.379688 0.372917 0.387500 0.362500 0.396875 0.364583 0.392188 0.466667
5 0.240625 0.000000 0.215625 0.008333 0.198437 0.056250 0.171875 0.522917 0.181250 0.522917 0.206250 0.041667
8 0.607812 0.475000 0.618750 0.491667 0.629687 0.479167 0.689063 0.481250 0.714063 0.475000 0.718750 0.481250 0.721875 0.470833 0.756250 0.472917 0.757812 0.456250 0.754687 0.447917 0.720313 0.441667 0.640625 0.443750 0.617188 0.450000
8 0.550000 0.445833 0.548438 0.445833 0.546875 0.441667 0.534375 0.437500 0.534375 0.439583 0.531250 0.441667 0.529687 0.445833 0.529687 0.452083 0.526563 0.458333 0.526563 0.468750 0.540625 0.454167 0.551562 0.454167
8 0.379688 0.395833 0.376563 0.464583 0.379688 0.460417 0.381250 0.445833 0.387500 0.452083 0.385937 0.456250 0.387500 0.464583 0.390625 0.447917 0.392188 0.410417 0.389062 0.410417 0.384375 0.397917
8 0.265625 0.412500 0.265625 0.414583 0.270313 0.418750 0.282813 0.418750 0.284375 0.414583 0.298438 0.418750 0.300000 0.416667 0.300000 0.402083 0.292187 0.402083 0.292187 0.404167 0.289062 0.406250 0.282813 0.397917 0.279687 0.400000 0.278125 0.395833 0.273438 0.395833 0.271875 0.406250
8 0.500000 0.408333 0.493750 0.416667 0.482812 0.410417 0.475000 0.414583 0.471875 0.393750 0.468750 0.406250 0.462500 0.397917 0.445312 0.404167 0.437500 0.418750 0.443750 0.470833 0.464062 0.475000 0.470313 0.466667 0.473438 0.477083 0.473438 0.468750 0.482812 0.466667 0.489063 0.456250 0.489063 0.443750 0.500000 0.458333 0.507812 0.441667
8 0.376563 0.395833 0.362500 0.397917 0.360938 0.437500 0.332813 0.431250 0.325000 0.414583 0.310937 0.404167 0.309375 0.422917 0.326562 0.431250 0.326562 0.472917 0.345313 0.468750 0.335938 0.468750 0.331250 0.460417 0.337500 0.450000 0.345313 0.454167 0.346875 0.464583 0.350000 0.450000 0.365625 0.454167 0.368750 0.443750 0.371875 0.466667
8 0.415625 0.358333 0.409375 0.358333 0.401562 0.379167 0.404687 0.385417 0.396875 0.404167 0.393750 0.454167 0.396875 0.414583 0.406250 0.402083 0.412500 0.404167 0.401562 0.414583 0.400000 0.454167 0.409375 0.454167 0.412500 0.447917 0.428125 0.450000 0.426563 0.422917 0.417187 0.414583 0.421875 0.393750
8 0.000000 0.262500 0.000000 0.300000 0.025000 0.312500 0.021875 0.322917 0.178125 0.379167 0.179688 0.350000
10 0.917188 0.000000 0.909375 0.097917 0.996875 0.125000 0.998437 0.000000
10 0.201563 0.143750 0.256250 0.154167 0.268750 0.268750 0.309375 0.281250 0.332813 0.006250 0.334375 0.350000 0.392188 0.408333 0.400000 0.325000 0.440625 0.445833 0.451562 0.397917 0.598437 0.360417 0.628125 0.279167 0.746875 0.308333 0.826562 0.081250 0.904687 0.089583 0.909375 0.000000 0.242188 0.000000
10 0.065625 0.000000 0.084375 0.054167 0.050000 0.058333 0.043750 0.075000 0.053125 0.108333 0.120313 0.125000 0.121875 0.095833 0.135937 0.095833 0.151562 0.112500 0.153125 0.133333 0.193750 0.141667 0.200000 0.035417 0.226562 0.000000
13 0.998437 0.654167 0.975000 0.685417 0.956250 0.781250 0.960938 0.850000 0.998437 0.912500
13 0.484375 0.462500 0.475000 0.518750 0.506250 0.522917 0.510938 0.558333 0.532813 0.564583 0.539062 0.589583 0.550000 0.591667 0.560937 0.577083 0.623437 0.595833 0.632812 0.610417 0.648438 0.606250 0.653125 0.545833 0.606250 0.472917 0.540625 0.456250 0.520312 0.479167 0.514062 0.464583
13 0.412500 0.450000 0.409375 0.456250 0.406250 0.456250 0.404687 0.460417 0.403125 0.481250 0.404687 0.483333 0.418750 0.483333 0.420312 0.485417 0.423438 0.485417 0.425000 0.481250 0.428125 0.481250 0.428125 0.452083 0.426563 0.450000