0 0.000000 0.727083 0.000000 0.997917 0.970313 0.997917 0.831250 0.877083 0.757812 0.879167 0.693750 0.645833 0.518750 0.577083 0.451562 0.475000
1 0.596875 0.541667 0.593750 0.579167 0.690625 0.643750 0.695312 0.641667 0.706250 0.583333 0.656250 0.566667 0.637500 0.552083
1 0.454688 0.475000 0.457813 0.481250 0.468750 0.487500 0.479687 0.500000 0.485938 0.502083 0.498437 0.516667 0.501563 0.504167 0.504687 0.502083 0.504687 0.493750 0.490625 0.491667 0.482812 0.487500 0.476562 0.479167
1 0.392188 0.472917 0.000000 0.570833 0.000000 0.725000 0.323437 0.537500
2 0.510938 0.456250 0.556250 0.452083 0.571875 0.418750 0.634375 0.470833 0.767188 0.466667 0.812500 0.406250 0.998437 0.381250 0.998437 0.327083 0.926562 0.247917 0.850000 0.233333 0.845313 0.204167 0.815625 0.227083 0.704688 0.195833 0.660937 0.333333 0.585938 0.322917 0.575000 0.372917 0.521875 0.383333
2 0.000000 0.000000 0.003125 0.350000 0.134375 0.370833 0.150000 0.245833 0.156250 0.379167 0.265625 0.379167 0.331250 0.429167 0.307812 0.366667 0.342187 0.404167 0.351562 0.343750 0.309375 0.333333 0.301563 0.245833 0.189062 0.225000 0.157812 0.000000
3 0.590625 0.468750 0.595313 0.477083 0.601562 0.472917 0.606250 0.477083 0.604688 0.533333 0.598437 0.535417 0.593750 0.529167 0.596875 0.539583 0.606250 0.539583 0.609375 0.543750 0.610938 0.477083 0.618750 0.466667
3 0.651563 0.462500 0.648438 0.560417 0.660937 0.560417 0.665625 0.518750 0.665625 0.481250 0.668750 0.466667 0.665625 0.462500
3 0.504687 0.464583 0.500000 0.464583 0.498437 0.462500 0.495312 0.466667 0.482812 0.464583 0.481250 0.466667 0.481250 0.477083 0.479687 0.481250 0.482812 0.485417 0.485938 0.485417 0.495312 0.491667 0.504687 0.491667 0.504687 0.479167 0.506250 0.477083
3 0.748437 0.462500 0.720313 0.460417 0.721875 0.493750 0.718750 0.504167 0.720313 0.522917 0.723437 0.522917 0.725000 0.504167 0.728125 0.502083 0.728125 0.487500 0.725000 0.483333 0.731250 0.475000 0.739062 0.475000 0.740625 0.470833 0.746875 0.470833
3 0.357812 0.445833 0.357812 0.460417 0.359375 0.464583 0.357812 0.466667 0.356250 0.481250 0.384375 0.472917 0.382812 0.470833 0.382812 0.456250 0.381250 0.452083 0.375000 0.452083 0.373437 0.447917 0.368750 0.447917 0.362500 0.443750
3 0.232813 0.406250 0.231250 0.472917 0.223438 0.508333 0.309375 0.497917 0.353125 0.483333 0.353125 0.472917 0.343750 0.470833 0.342187 0.483333 0.303125 0.477083 0.242188 0.485417 0.243750 0.414583
3 0.081250 0.358333 0.092188 0.381250 0.085938 0.541667 0.125000 0.537500 0.134375 0.372917
4 0.617188 0.470833 0.612500 0.477083 0.610938 0.543750 0.637500 0.550000 0.646875 0.556250 0.650000 0.472917
4 0.764062 0.468750 0.748437 0.468750 0.726562 0.483333 0.729688 0.502083 0.723437 0.525000 0.717187 0.506250 0.718750 0.472917 0.670312 0.472917 0.664062 0.556250 0.709375 0.560417 0.725000 0.520833
4 0.584375 0.468750 0.582812 0.477083 0.589063 0.491667 0.595313 0.497917 0.592187 0.504167 0.593750 0.527083 0.598437 0.533333 0.603125 0.533333 0.604688 0.477083 0.601562 0.475000 0.595313 0.479167 0.589063 0.472917 0.589063 0.468750
4 0.243750 0.410417 0.242188 0.483333 0.276562 0.483333 0.303125 0.475000 0.335938 0.475000 0.342187 0.481250 0.343750 0.468750 0.353125 0.470833 0.353125 0.443750 0.276562 0.425000
4 0.154688 0.379167 0.148438 0.410417 0.146875 0.525000 0.221875 0.508333 0.229687 0.472917 0.232813 0.404167
4 0.000000 0.347917 0.000000 0.568750 0.084375 0.545833 0.089063 0.377083 0.079687 0.360417
5 0.393750 0.302083 0.389062 0.325000 0.359375 0.347917 0.354687 0.481250 0.360938 0.347917 0.387500 0.327083 0.384375 0.454167
5 0.150000 0.247917 0.137500 0.341667 0.128125 0.539583 0.145313 0.539583 0.146875 0.395833 0.154688 0.372917
5 0.173437 0.000000 0.159375 0.000000 0.159375 0.010417 0.162500 0.022917 0.159375 0.025000 0.162500 0.039583 0.159375 0.041667 0.162500 0.060417 0.170313 0.050000 0.170313 0.041667 0.171875 0.039583 0.170313 0.029167 0.173437 0.018750 0.171875 0.012500
8 0.557813 0.441667 0.557813 0.452083 0.571875 0.456250 0.578125 0.466667 0.618750 0.464583 0.623437 0.470833 0.632812 0.468750 0.631250 0.447917 0.617188 0.441667 0.607812 0.445833 0.596875 0.458333 0.592187 0.450000 0.590625 0.433333 0.578125 0.422917 0.565625 0.422917
8 0.892188 0.404167 0.887500 0.397917 0.871875 0.397917 0.865625 0.404167 0.843750 0.406250 0.842187 0.410417 0.812500 0.408333 0.796875 0.420833 0.792188 0.443750 0.831250 0.418750
8 0.439063 0.414583 0.445312 0.472917 0.468750 0.475000 0.467187 0.466667 0.473438 0.464583 0.478125 0.481250 0.482812 0.462500 0.496875 0.462500 0.490625 0.443750 0.493750 0.433333 0.509375 0.468750 0.517188 0.420833 0.507812 0.397917 0.498437 0.412500 0.495312 0.406250 0.476562 0.412500 0.473438 0.389583 0.470313 0.402083 0.465625 0.393750 0.453125 0.393750
8 0.360938 0.383333 0.357812 0.443750 0.362500 0.441667 0.373437 0.445833 0.375000 0.450000 0.381250 0.450000 0.382812 0.410417 0.371875 0.383333 0.365625 0.385417
8 0.354687 0.437500 0.356250 0.383333 0.339062 0.406250 0.326562 0.362500 0.309375 0.366667 0.307812 0.402083 0.325000 0.406250 0.331250 0.431250 0.310937 0.427083 0.307812 0.410417 0.265625 0.381250 0.234375 0.375000 0.225000 0.391667 0.212500 0.372917 0.190625 0.372917 0.190625 0.389583 0.276562 0.422917
8 0.412500 0.352083 0.406250 0.354167 0.400000 0.387500 0.385937 0.416667 0.389062 0.454167 0.395313 0.400000 0.395313 0.460417 0.396875 0.452083 0.407813 0.443750 0.423438 0.443750 0.428125 0.454167 0.426563 0.420833 0.417187 0.412500 0.420312 0.377083
9 0.656250 0.562500 0.656250 0.564583 0.660937 0.564583 0.698438 0.581250 0.707812 0.579167 0.707812 0.566667 0.709375 0.564583 0.707812 0.560417 0.693750 0.560417 0.692187 0.558333 0.664062 0.558333 0.660937 0.562500
10 0.387500 0.329167 0.364063 0.343750 0.360938 0.364583 0.360938 0.377083 0.370312 0.377083 0.373437 0.383333 0.382812 0.387500 0.382812 0.408333
10 0.175000 0.000000 0.190625 0.225000 0.301563 0.243750 0.353125 0.372917 0.393750 0.300000 0.389062 0.404167 0.415625 0.352083 0.429688 0.443750 0.585938 0.320833 0.657813 0.335417 0.704688 0.193750 0.845313 0.202083 0.998437 0.325000 0.998437 0.000000
13 0.518750 0.452083 0.506250 0.479167 0.498437 0.527083 0.500000 0.558333 0.514062 0.550000 0.518750 0.575000 0.529687 0.564583 0.576562 0.570833 0.581250 0.583333 0.589063 0.585417 0.595313 0.562500 0.593750 0.497917 0.579688 0.468750 0.567187 0.456250
13 0.407813 0.445833 0.404687 0.452083 0.398438 0.452083 0.393750 0.466667 0.393750 0.487500 0.412500 0.487500 0.414062 0.491667 0.418750 0.491667 0.421875 0.483333 0.426563 0.483333 0.426563 0.472917 0.429688 0.468750 0.426563 0.447917 0.423438 0.445833
13 0.998437 0.383333 0.789062 0.445833 0.726562 0.520833 0.695312 0.643750 0.726562 0.816667 0.757812 0.877083 0.793750 0.897917 0.831250 0.875000 0.971875 0.997917 0.998437 0.997917