0 0.000000 0.737500 0.000000 0.997917 0.998437 0.997917 0.998437 0.841667 0.712500 0.656250 0.573438 0.631250 0.459375 0.479167
1 0.726562 0.606250 0.715625 0.658333 0.998437 0.839583 0.998437 0.695833
1 0.407813 0.470833 0.000000 0.560417 0.000000 0.735417 0.387500 0.506250
2 0.310937 0.279167 0.303125 0.397917 0.325000 0.408333 0.339062 0.433333 0.365625 0.437500 0.365625 0.400000 0.370312 0.391667 0.379688 0.393750 0.368750 0.383333 0.368750 0.358333 0.351562 0.347917 0.350000 0.354167 0.334375 0.347917 0.334375 0.285417
2 0.145313 0.112500 0.132812 0.322917 0.146875 0.337500 0.150000 0.368750 0.242188 0.408333 0.290625 0.404167 0.300000 0.277083 0.264062 0.260417 0.251563 0.137500
2 0.000000 0.052083 0.000000 0.254167 0.121875 0.318750 0.134375 0.104167 0.114062 0.089583 0.103125 0.104167 0.039062 0.087500 0.028125 0.060417
2 0.993750 0.000000 0.976562 0.052083 0.896875 0.029167 0.787500 0.310417 0.648438 0.275000 0.614062 0.364583 0.521875 0.395833 0.510938 0.462500 0.542188 0.491667 0.545312 0.439583 0.628125 0.472917 0.829688 0.450000 0.832812 0.489583 0.998437 0.495833
3 0.107813 0.510417 0.000000 0.522917 0.000000 0.558333 0.106250 0.537500
3 0.787500 0.479167 0.781250 0.579167 0.714063 0.562500 0.725000 0.579167 0.728125 0.602083 0.796875 0.631250 0.815625 0.631250 0.826562 0.483333
3 0.295312 0.502083 0.328125 0.491667 0.353125 0.491667 0.376563 0.477083 0.375000 0.472917 0.371875 0.477083 0.353125 0.472917 0.346875 0.477083 0.320312 0.477083 0.318750 0.450000 0.312500 0.487500 0.303125 0.489583 0.296875 0.477083
3 0.268750 0.412500 0.275000 0.420833 0.273438 0.475000 0.268750 0.506250 0.279687 0.506250 0.281250 0.502083 0.285938 0.502083 0.287500 0.460417 0.284375 0.437500 0.289062 0.427083 0.289062 0.416667
3 0.237500 0.400000 0.232813 0.400000 0.223438 0.497917 0.121875 0.510417 0.121875 0.535417 0.234375 0.514583
4 0.828125 0.487500 0.820312 0.627083 0.998437 0.693750 0.998437 0.497917
4 0.659375 0.489583 0.671875 0.514583 0.684375 0.518750 0.687500 0.533333 0.710938 0.558333 0.781250 0.577083 0.785937 0.487500
4 0.300000 0.422917 0.295312 0.466667 0.303125 0.487500 0.310937 0.487500 0.318750 0.447917 0.320312 0.475000 0.346875 0.475000 0.350000 0.454167 0.354687 0.456250 0.354687 0.472917 0.367188 0.475000 0.370312 0.454167 0.375000 0.470833 0.373437 0.447917 0.365625 0.439583
4 0.267188 0.412500 0.239063 0.408333 0.234375 0.506250 0.237500 0.512500 0.267188 0.506250 0.273438 0.420833
4 0.131250 0.362500 0.123438 0.508333 0.223438 0.495833 0.231250 0.400000
4 0.000000 0.316667 0.000000 0.520833 0.107813 0.508333 0.118750 0.356250
5 0.407813 0.327083 0.403125 0.356250 0.381250 0.375000 0.378125 0.479167 0.384375 0.370833 0.400000 0.358333 0.398438 0.464583
5 0.151562 0.000000 0.107813 0.537500 0.120313 0.535417
6 0.110937 0.072917 0.110937 0.079167 0.112500 0.081250 0.109375 0.083333 0.110937 0.093750 0.110937 0.089583 0.114062 0.087500 0.115625 0.091667 0.121875 0.093750 0.131250 0.102083 0.134375 0.102083 0.134375 0.091667 0.135937 0.087500 0.132812 0.087500 0.129688 0.079167 0.121875 0.075000
8 0.635938 0.464583 0.656250 0.487500 0.785937 0.485417 0.787500 0.477083 0.825000 0.477083 0.831250 0.485417 0.829688 0.452083 0.779687 0.441667 0.648438 0.447917
8 0.556250 0.441667 0.545312 0.441667 0.545312 0.445833 0.539062 0.456250 0.539062 0.470833 0.548438 0.475000 0.551562 0.472917 0.551562 0.470833 0.554688 0.466667 0.564063 0.460417 0.564063 0.456250 0.560937 0.452083 0.559375 0.445833 0.556250 0.443750
8 0.301563 0.400000 0.300000 0.420833 0.306250 0.420833 0.312500 0.425000 0.320312 0.425000 0.321875 0.429167 0.331250 0.429167 0.332813 0.433333 0.337500 0.433333 0.337500 0.431250 0.332813 0.427083 0.331250 0.418750 0.328125 0.416667 0.325000 0.410417 0.317188 0.404167
8 0.507812 0.410417 0.501563 0.420833 0.489063 0.414583 0.481250 0.420833 0.479687 0.397917 0.475000 0.408333 0.467187 0.400000 0.456250 0.404167 0.445312 0.418750 0.448437 0.475000 0.481250 0.483333 0.484375 0.466667 0.496875 0.466667 0.496875 0.445833 0.501563 0.460417 0.509375 0.460417 0.517188 0.437500
8 0.389062 0.395833 0.384375 0.395833 0.382812 0.400000 0.381250 0.468750 0.382812 0.450000 0.389062 0.450000 0.390625 0.456250 0.396875 0.454167 0.396875 0.414583 0.392188 0.412500
8 0.370312 0.393750 0.367188 0.400000 0.367188 0.439583 0.375000 0.447917 0.375000 0.456250 0.376563 0.458333 0.376563 0.429167 0.379688 0.427083 0.378125 0.418750 0.379688 0.395833
8 0.421875 0.362500 0.417187 0.362500 0.409375 0.379167 0.401562 0.418750 0.400000 0.456250 0.404687 0.410417 0.414062 0.402083 0.420312 0.404167 0.406250 0.420833 0.409375 0.460417 0.420312 0.450000 0.435937 0.452083 0.434375 0.427083 0.425000 0.418750 0.428125 0.385417
8 0.132812 0.325000 0.131250 0.327083 0.132812 0.329167 0.131250 0.360417 0.132812 0.362500 0.137500 0.362500 0.142187 0.366667 0.148438 0.368750 0.150000 0.350000 0.146875 0.345833 0.145313 0.337500 0.142187 0.335417 0.139063 0.327083
8 0.000000 0.256250 0.000000 0.314583 0.118750 0.352083 0.121875 0.320833 0.064062 0.289583 0.040625 0.270833
10 0.400000 0.360417 0.395313 0.364583 0.390625 0.364583 0.390625 0.366667 0.385937 0.370833 0.385937 0.381250 0.384375 0.383333 0.384375 0.391667 0.393750 0.395833 0.392188 0.400000 0.392188 0.408333 0.393750 0.412500 0.396875 0.412500 0.398438 0.406250
10 0.310937 0.277083 0.379688 0.391667 0.407813 0.325000 0.404687 0.397917 0.421875 0.360417 0.446875 0.450000 0.456250 0.402083 0.614062 0.362500 0.648438 0.272917 0.787500 0.308333 0.895312 0.029167 0.976562 0.050000 0.987500 0.006250 0.331250 0.000000
10 0.153125 0.000000 0.146875 0.110417 0.250000 0.133333 0.265625 0.260417 0.300000 0.275000 0.323437 0.000000
10 0.000000 0.000000 0.000000 0.050000 0.028125 0.058333 0.039062 0.085417 0.103125 0.102083 0.110937 0.070833 0.137500 0.085417 0.142187 0.000000
13 0.493750 0.470833 0.484375 0.529167 0.528125 0.537500 0.529687 0.579167 0.559375 0.591667 0.573438 0.629167 0.606250 0.618750 0.703125 0.658333 0.723437 0.637500 0.723437 0.579167 0.653125 0.481250 0.575000 0.460417 0.537500 0.493750 0.528125 0.468750
13 0.420312 0.452083 0.414062 0.456250 0.409375 0.466667 0.409375 0.487500 0.425000 0.487500 0.426563 0.491667 0.428125 0.491667 0.431250 0.485417 0.434375 0.485417 0.434375 0.475000 0.435937 0.472917 0.434375 0.454167