0 0.000000 0.733333 0.000000 0.997917 0.998437 0.997917 0.998437 0.833333 0.759375 0.675000 0.593750 0.647917 0.446875 0.468750
1 0.773438 0.614583 0.768750 0.656250 0.754687 0.672917 0.998437 0.831250 0.998437 0.687500
1 0.410938 0.466667 0.000000 0.552083 0.000000 0.731250 0.379688 0.506250
2 0.303125 0.268750 0.296875 0.391667 0.317188 0.393750 0.335938 0.422917 0.365625 0.431250 0.368750 0.391667 0.381250 0.387500 0.371875 0.377083 0.370312 0.347917 0.339062 0.343750 0.334375 0.275000
2 0.109375 0.054167 0.093750 0.297917 0.114062 0.310417 0.120313 0.352083 0.226562 0.397917 0.284375 0.393750 0.293750 0.266667 0.262500 0.256250 0.246875 0.118750 0.129688 0.091667
2 0.000000 0.035417 0.000000 0.247917 0.079687 0.293750 0.095312 0.087500 0.025000 0.066667 0.017188 0.041667
2 0.998437 0.000000 0.928125 0.000000 0.807813 0.297917 0.657813 0.262500 0.632812 0.345833 0.529687 0.387500 0.515625 0.454167 0.871875 0.441667 0.878125 0.487500 0.998437 0.491667
3 0.065625 0.514583 0.039062 0.514583 0.031250 0.518750 0.000000 0.520833 0.000000 0.550000 0.064062 0.537500
3 0.828125 0.472917 0.820312 0.585417 0.773438 0.572917 0.764062 0.579167 0.779687 0.616667 0.839063 0.641667 0.860938 0.641667 0.871875 0.477083
3 0.378125 0.466667 0.368750 0.470833 0.314063 0.470833 0.312500 0.479167 0.303125 0.489583 0.295312 0.489583 0.289062 0.483333 0.289062 0.493750 0.353125 0.485417 0.367188 0.477083 0.378125 0.477083
3 0.265625 0.404167 0.268750 0.412500 0.268750 0.435417 0.265625 0.447917 0.265625 0.483333 0.262500 0.502083 0.279687 0.497917 0.279687 0.477083 0.278125 0.479167 0.275000 0.475000 0.273438 0.460417 0.276562 0.406250
3 0.223438 0.391667 0.217188 0.402083 0.209375 0.497917 0.084375 0.510417 0.084375 0.531250 0.220312 0.512500
4 0.871875 0.485417 0.865625 0.635417 0.998437 0.685417 0.996875 0.489583
4 0.682813 0.481250 0.721875 0.535417 0.760938 0.572917 0.818750 0.585417 0.825000 0.477083
4 0.293750 0.412500 0.289062 0.481250 0.295312 0.487500 0.306250 0.485417 0.314063 0.468750 0.378125 0.464583 0.376563 0.445833 0.371875 0.460417 0.373437 0.439583
4 0.278125 0.406250 0.276562 0.412500 0.276562 0.441667 0.275000 0.443750 0.275000 0.460417 0.278125 0.477083 0.281250 0.475000 0.281250 0.456250 0.282813 0.454167 0.282813 0.408333
4 0.226562 0.400000 0.225000 0.443750 0.221875 0.445833 0.221875 0.510417 0.240625 0.506250 0.242188 0.502083 0.260937 0.502083 0.267188 0.412500 0.262500 0.402083
4 0.092188 0.341667 0.084375 0.508333 0.210938 0.493750 0.217188 0.389583
4 0.000000 0.312500 0.000000 0.518750 0.065625 0.512500 0.076563 0.337500
5 0.409375 0.318750 0.406250 0.343750 0.389062 0.354167 0.382812 0.368750 0.379688 0.477083 0.384375 0.368750 0.404687 0.352083 0.400000 0.466667
5 0.321875 0.000000 0.296875 0.212500 0.284375 0.502083
5 0.109375 0.000000 0.096875 0.037500 0.065625 0.539583 0.082812 0.533333
8 0.551562 0.435417 0.551562 0.439583 0.550000 0.443750 0.546875 0.445833 0.546875 0.450000 0.542188 0.460417 0.542188 0.466667 0.556250 0.466667 0.560937 0.470833 0.562500 0.466667 0.571875 0.458333 0.568750 0.441667 0.562500 0.435417
8 0.653125 0.456250 0.653125 0.464583 0.682813 0.479167 0.868750 0.470833 0.873437 0.481250 0.871875 0.443750 0.826562 0.433333 0.676562 0.439583
8 0.462500 0.395833 0.448437 0.414583 0.448437 0.433333 0.453125 0.439583 0.451562 0.468750 0.473438 0.472917 0.481250 0.464583 0.481250 0.475000 0.485938 0.477083 0.489063 0.462500 0.498437 0.464583 0.500000 0.439583 0.506250 0.454167 0.514062 0.454167 0.520312 0.431250 0.509375 0.404167 0.504687 0.416667 0.501563 0.408333 0.490625 0.406250 0.484375 0.414583 0.482812 0.393750 0.478125 0.404167 0.473438 0.393750
8 0.295312 0.393750 0.295312 0.410417 0.296875 0.412500 0.309375 0.414583 0.326562 0.425000 0.335938 0.425000 0.337500 0.427083 0.329688 0.412500 0.329688 0.408333 0.318750 0.400000 0.317188 0.395833
8 0.385937 0.389583 0.384375 0.418750 0.382812 0.420833 0.382812 0.445833 0.389062 0.443750 0.392188 0.447917 0.392188 0.458333 0.393750 0.458333 0.398438 0.441667 0.400000 0.408333 0.396875 0.410417 0.392188 0.393750
8 0.373437 0.387500 0.368750 0.397917 0.370312 0.404167 0.370312 0.422917 0.368750 0.429167 0.364063 0.433333 0.373437 0.437500 0.375000 0.443750 0.379688 0.441667 0.381250 0.389583
8 0.423438 0.354167 0.417187 0.358333 0.412500 0.391667 0.404687 0.404167 0.403125 0.450000 0.404687 0.414583 0.407813 0.404167 0.412500 0.404167 0.407813 0.441667 0.410938 0.454167 0.421875 0.443750 0.439063 0.443750 0.435937 0.418750 0.426563 0.412500 0.431250 0.402083 0.431250 0.381250
8 0.093750 0.300000 0.093750 0.312500 0.092188 0.314583 0.093750 0.335417 0.092188 0.339583 0.109375 0.350000 0.118750 0.350000 0.118750 0.333333 0.120313 0.331250 0.115625 0.325000 0.112500 0.310417 0.109375 0.310417 0.107813 0.306250 0.101562 0.302083
8 0.000000 0.250000 0.000000 0.310417 0.076563 0.335417 0.078125 0.291667
10 0.404687 0.354167 0.396875 0.354167 0.389062 0.360417 0.385937 0.368750 0.385937 0.383333 0.392188 0.385417 0.396875 0.391667 0.396875 0.408333 0.400000 0.406250 0.400000 0.385417 0.403125 0.383333 0.401562 0.381250 0.401562 0.375000 0.403125 0.372917 0.403125 0.358333
10 0.304688 0.266667 0.379688 0.381250 0.409375 0.316667 0.404687 0.397917 0.423438 0.352083 0.445312 0.443750 0.462500 0.393750 0.504687 0.414583 0.631250 0.345833 0.657813 0.260417 0.807813 0.295833 0.926562 0.000000 0.323437 0.000000
10 0.110937 0.000000 0.107813 0.050000 0.128125 0.066667 0.129688 0.089583 0.248438 0.118750 0.264062 0.256250 0.293750 0.264583 0.314063 0.000000
10 0.000000 0.000000 0.000000 0.033333 0.017188 0.039583 0.025000 0.064583 0.095312 0.079167 0.100000 0.000000
13 0.501563 0.458333 0.489063 0.525000 0.535937 0.535417 0.540625 0.585417 0.582812 0.606250 0.593750 0.645833 0.625000 0.633333 0.740625 0.675000 0.764062 0.664583 0.771875 0.608333 0.762500 0.575000 0.676562 0.475000 0.587500 0.452083 0.546875 0.497917 0.535937 0.464583
13 0.421875 0.445833 0.417187 0.454167 0.414062 0.452083 0.412500 0.456250 0.410938 0.481250 0.412500 0.483333 0.414062 0.481250 0.425000 0.481250 0.429688 0.485417 0.437500 0.477083 0.437500 0.468750 0.439063 0.466667 0.437500 0.464583 0.437500 0.454167 0.434375 0.445833