0 0.000000 0.760417 0.000000 0.997917 0.998437 0.997917 0.998437 0.916667 0.754687 0.727083 0.703125 0.735417 0.673438 0.614583 0.521875 0.562500 0.451562 0.470833
1 0.607812 0.541667 0.604688 0.572917 0.656250 0.606250 0.673438 0.612500 0.678125 0.566667 0.681250 0.562500 0.664062 0.562500 0.643750 0.552083 0.628125 0.550000 0.617188 0.541667
1 0.404687 0.466667 0.000000 0.566667 0.000000 0.758333 0.392188 0.495833
2 0.332813 0.297917 0.328125 0.414583 0.334375 0.416667 0.339062 0.433333 0.364063 0.435417 0.364063 0.400000 0.368750 0.391667 0.379688 0.391667 0.367188 0.387500 0.364063 0.358333 0.343750 0.358333 0.337500 0.352083 0.337500 0.306250
2 0.256250 0.187500 0.246875 0.404167 0.282813 0.414583 0.287500 0.402083 0.320312 0.406250 0.326562 0.297917 0.284375 0.287500 0.271875 0.189583
2 0.998437 0.183333 0.840625 0.143750 0.840625 0.079167 0.832812 0.139583 0.771875 0.125000 0.712500 0.312500 0.612500 0.289583 0.590625 0.362500 0.510938 0.393750 0.500000 0.456250 0.535937 0.433333 0.585938 0.466667 0.650000 0.435417 0.756250 0.470833 0.857812 0.341667 0.996875 0.241667
2 0.000000 0.000000 0.000000 0.277083 0.017188 0.325000 0.073438 0.331250 0.087500 0.358333 0.109375 0.325000 0.239063 0.375000 0.248438 0.185417 0.178125 0.170833 0.167187 0.139583 0.150000 0.164583 0.109375 0.156250 0.115625 0.120833 0.139063 0.118750 0.101562 0.000000
3 0.285938 0.485417 0.284375 0.485417 0.284375 0.489583 0.279687 0.495833 0.243750 0.497917 0.242188 0.500000 0.242188 0.510417 0.254688 0.510417 0.264062 0.506250 0.275000 0.506250 0.276562 0.502083 0.285938 0.502083
3 0.689063 0.464583 0.670312 0.462500 0.667188 0.468750 0.664062 0.529167 0.604688 0.516667 0.609375 0.539583 0.664062 0.560417 0.681250 0.560417
3 0.326562 0.431250 0.326562 0.441667 0.329688 0.445833 0.328125 0.460417 0.325000 0.458333 0.323437 0.491667 0.325000 0.487500 0.357812 0.485417 0.368750 0.477083 0.378125 0.477083 0.376563 0.466667 0.373437 0.470833 0.339062 0.475000 0.335938 0.470833 0.337500 0.435417 0.335938 0.431250
3 0.304688 0.427083 0.309375 0.435417 0.307812 0.481250 0.304688 0.483333 0.304688 0.495833 0.312500 0.495833 0.317188 0.493750 0.318750 0.427083
3 0.123438 0.358333 0.134375 0.383333 0.125000 0.539583 0.232813 0.514583 0.234375 0.500000 0.150000 0.506250 0.160938 0.368750
3 0.028125 0.322917 0.045312 0.345833 0.039062 0.516667 0.029687 0.529167 0.000000 0.531250 0.000000 0.558333 0.059375 0.558333 0.070312 0.552083 0.081250 0.343750
4 0.754687 0.468750 0.746875 0.468750 0.745313 0.472917 0.739062 0.468750 0.737500 0.472917 0.735938 0.468750 0.689063 0.470833 0.685937 0.537500 0.689063 0.537500 0.706250 0.508333 0.746875 0.483333
4 0.578125 0.468750 0.587500 0.491667 0.596875 0.493750 0.596875 0.506250 0.603125 0.514583 0.653125 0.527083 0.665625 0.525000 0.665625 0.470833 0.590625 0.472917
4 0.339062 0.447917 0.342187 0.450000 0.339062 0.452083 0.337500 0.468750 0.339062 0.472917 0.354687 0.470833 0.357812 0.452083 0.362500 0.456250 0.360938 0.468750 0.362500 0.470833 0.371875 0.468750 0.371875 0.452083 0.367188 0.452083 0.365625 0.447917 0.354687 0.447917 0.350000 0.441667 0.346875 0.445833
4 0.246875 0.406250 0.243750 0.495833 0.279687 0.493750 0.285938 0.483333 0.287500 0.502083 0.301563 0.497917 0.306250 0.481250 0.306250 0.431250 0.293750 0.427083 0.285938 0.416667 0.267188 0.416667
4 0.159375 0.379167 0.151562 0.506250 0.232813 0.497917 0.237500 0.404167
4 0.078125 0.358333 0.071875 0.547917 0.123438 0.539583 0.131250 0.375000
4 0.026562 0.322917 0.000000 0.325000 0.000000 0.529167 0.029687 0.527083 0.037500 0.516667 0.043750 0.345833
5 0.401562 0.331250 0.398438 0.362500 0.381250 0.379167 0.379688 0.477083 0.382812 0.383333 0.393750 0.366667 0.398438 0.368750 0.395313 0.468750
5 0.334375 0.081250 0.273438 0.106250 0.253125 0.139583 0.235937 0.514583 0.256250 0.145833 0.268750 0.116667
8 0.696875 0.454167 0.693750 0.445833 0.645312 0.437500 0.595313 0.445833 0.587500 0.466667 0.590625 0.470833 0.665625 0.468750 0.670312 0.460417 0.671875 0.464583 0.685937 0.460417 0.690625 0.470833 0.695312 0.470833
8 0.521875 0.447917 0.521875 0.454167 0.532813 0.454167 0.534375 0.456250 0.545312 0.456250 0.542188 0.441667 0.540625 0.441667 0.535937 0.435417 0.529687 0.435417
8 0.285938 0.406250 0.285938 0.412500 0.284375 0.414583 0.285938 0.414583 0.287500 0.418750 0.290625 0.418750 0.293750 0.425000 0.298438 0.425000 0.300000 0.427083 0.304688 0.425000 0.318750 0.425000 0.318750 0.408333 0.314063 0.406250 0.304688 0.406250 0.303125 0.410417 0.300000 0.410417 0.298438 0.406250 0.289062 0.406250 0.287500 0.404167
8 0.382812 0.395833 0.382812 0.445833 0.389062 0.450000 0.392188 0.450000 0.395313 0.410417 0.390625 0.410417
8 0.456250 0.395833 0.437500 0.416667 0.443750 0.468750 0.467187 0.470833 0.471875 0.477083 0.475000 0.464583 0.485938 0.454167 0.487500 0.443750 0.492188 0.454167 0.498437 0.456250 0.506250 0.431250 0.496875 0.406250 0.492188 0.414583 0.481250 0.406250 0.473438 0.414583 0.471875 0.393750 0.467187 0.404167 0.462500 0.395833
8 0.368750 0.393750 0.365625 0.400000 0.365625 0.435417 0.342187 0.435417 0.339062 0.445833 0.350000 0.439583 0.354687 0.445833 0.371875 0.450000 0.373437 0.443750 0.376563 0.464583 0.379688 0.395833
8 0.343750 0.385417 0.343750 0.387500 0.340625 0.389583 0.340625 0.393750 0.339062 0.395833 0.339062 0.402083 0.343750 0.410417 0.348438 0.410417 0.350000 0.408333 0.354687 0.418750 0.356250 0.414583 0.354687 0.412500 0.356250 0.410417 0.356250 0.400000 0.351562 0.391667 0.350000 0.385417
8 0.414062 0.358333 0.409375 0.360417 0.398438 0.395833 0.396875 0.454167 0.400000 0.408333 0.404687 0.410417 0.403125 0.454167 0.410938 0.454167 0.414062 0.445833 0.428125 0.447917 0.426563 0.420833 0.418750 0.414583 0.421875 0.404167 0.420312 0.375000
8 0.090625 0.356250 0.123438 0.366667 0.123438 0.356250 0.148438 0.360417 0.171875 0.381250 0.239063 0.400000 0.237500 0.375000 0.139063 0.331250 0.109375 0.327083
8 0.000000 0.279167 0.000000 0.322917 0.009375 0.322917 0.012500 0.325000 0.014063 0.320833 0.014063 0.316667 0.012500 0.314583 0.012500 0.302083 0.014063 0.300000 0.015625 0.289583 0.012500 0.281250 0.009375 0.279167 0.001563 0.281250
10 0.103125 0.000000 0.115625 0.158333 0.248438 0.183333 0.335938 0.081250 0.256250 0.183333 0.289062 0.289583 0.335938 0.216667 0.339062 0.352083 0.395313 0.408333 0.401562 0.329167 0.429688 0.443750 0.612500 0.287500 0.712500 0.310417 0.842187 0.031250 0.840625 0.141667 0.998437 0.181250 0.998437 0.000000
13 0.476562 0.464583 0.471875 0.510417 0.496875 0.512500 0.500000 0.539583 0.512500 0.539583 0.518750 0.558333 0.542188 0.550000 0.603125 0.570833 0.606250 0.522917 0.576562 0.468750 0.521875 0.456250 0.514062 0.468750 0.496875 0.456250
13 0.414062 0.447917 0.412500 0.450000 0.412500 0.454167 0.406250 0.460417 0.406250 0.481250 0.420312 0.481250 0.421875 0.483333 0.425000 0.483333 0.426563 0.479167 0.429688 0.477083 0.429688 0.456250 0.428125 0.454167 0.428125 0.450000
13 0.998437 0.241667 0.857812 0.343750 0.706250 0.510417 0.675000 0.597917 0.703125 0.733333 0.754687 0.725000 0.995313 0.914583