0 0.000000 0.727083 0.000000 0.997917 0.982812 0.997917 0.704688 0.804167 0.664062 0.622917 0.518750 0.570833 0.446875 0.470833
1 0.592187 0.537500 0.590625 0.572917 0.665625 0.622917 0.675000 0.566667 0.646875 0.562500 0.637500 0.554167
1 0.453125 0.472917 0.498437 0.510417 0.501563 0.506250 0.501563 0.502083 0.504687 0.500000 0.504687 0.493750 0.500000 0.493750 0.489063 0.485417 0.484375 0.485417 0.481250 0.479167
1 0.395313 0.468750 0.000000 0.564583 0.000000 0.725000 0.371875 0.506250
2 0.998437 0.183333 0.964063 0.237500 0.990625 0.247917 0.985938 0.322917 0.925000 0.254167 0.845313 0.239583 0.842187 0.210417 0.810937 0.231250 0.700000 0.202083 0.659375 0.335417 0.585938 0.322917 0.576562 0.372917 0.512500 0.404167 0.512500 0.454167 0.573438 0.418750 0.595313 0.454167 0.707812 0.475000 0.781250 0.422917 0.998437 0.383333
2 0.187500 0.150000 0.178125 0.381250 0.196875 0.385417 0.210938 0.364583 0.232813 0.389583 0.240625 0.375000 0.275000 0.377083 0.335938 0.427083 0.310937 0.402083 0.310937 0.366667 0.332813 0.360417 0.342187 0.393750 0.357812 0.375000 0.354687 0.341667 0.310937 0.331250 0.307812 0.250000 0.232813 0.220833 0.198437 0.225000
2 0.000000 0.000000 0.000000 0.339583 0.157812 0.372917 0.176563 0.089583 0.160938 0.000000
3 0.604688 0.464583 0.593750 0.468750 0.604688 0.475000 0.603125 0.510417 0.598437 0.518750 0.589063 0.510417 0.589063 0.527083 0.592187 0.535417 0.614062 0.543750 0.607812 0.535417 0.606250 0.502083 0.607812 0.481250 0.610938 0.472917 0.617188 0.468750
3 0.646875 0.462500 0.645312 0.547917 0.642188 0.552083 0.629687 0.550000 0.646875 0.560417 0.657813 0.560417 0.657813 0.518750 0.662500 0.466667 0.660937 0.462500
3 0.484375 0.462500 0.482812 0.464583 0.482812 0.481250 0.484375 0.483333 0.489063 0.483333 0.492188 0.487500 0.495312 0.487500 0.500000 0.491667 0.504687 0.491667 0.506250 0.475000 0.507812 0.472917 0.506250 0.464583 0.504687 0.462500 0.500000 0.462500 0.498437 0.464583 0.490625 0.464583 0.489063 0.462500
3 0.235937 0.502083 0.384375 0.470833 0.384375 0.452083 0.362500 0.445833 0.359375 0.479167 0.350000 0.447917 0.345313 0.472917 0.256250 0.481250 0.254688 0.406250 0.243750 0.404167
3 0.109375 0.362500 0.120313 0.383333 0.115625 0.497917 0.118750 0.535417 0.146875 0.527083 0.151562 0.516667 0.157812 0.375000
4 0.614062 0.470833 0.609375 0.481250 0.607812 0.502083 0.609375 0.535417 0.615625 0.543750 0.626563 0.543750 0.628125 0.547917 0.642188 0.550000 0.642188 0.522917 0.645312 0.520833 0.645312 0.472917
4 0.578125 0.468750 0.584375 0.491667 0.587500 0.491667 0.590625 0.497917 0.589063 0.500000 0.589063 0.508333 0.592187 0.510417 0.590625 0.512500 0.596875 0.512500 0.598437 0.516667 0.601562 0.510417 0.603125 0.475000 0.596875 0.475000 0.592187 0.468750
4 0.728125 0.464583 0.717187 0.464583 0.715625 0.479167 0.709375 0.470833 0.707812 0.477083 0.689063 0.475000 0.689063 0.462500 0.682813 0.462500 0.681250 0.472917 0.668750 0.472917 0.664062 0.466667 0.659375 0.518750 0.662500 0.564583 0.675000 0.564583 0.678125 0.541667
4 0.256250 0.410417 0.256250 0.479167 0.345313 0.470833 0.350000 0.445833 0.351562 0.466667 0.357812 0.464583 0.357812 0.443750 0.350000 0.437500
4 0.178125 0.383333 0.170313 0.435417 0.170313 0.516667 0.196875 0.510417 0.193750 0.502083 0.234375 0.502083 0.240625 0.472917 0.242188 0.404167
4 0.000000 0.341667 0.000000 0.562500 0.117188 0.535417 0.118750 0.383333 0.110937 0.364583
5 0.395313 0.302083 0.393750 0.320833 0.362500 0.350000 0.359375 0.477083 0.365625 0.347917 0.392188 0.327083 0.387500 0.464583
5 0.196875 0.000000 0.182812 0.000000 0.153125 0.531250 0.168750 0.529167
8 0.557813 0.441667 0.557813 0.452083 0.570312 0.456250 0.576562 0.466667 0.610938 0.462500 0.618750 0.468750 0.631250 0.468750 0.631250 0.447917 0.614062 0.441667 0.595313 0.456250 0.590625 0.443750 0.592187 0.437500 0.585938 0.427083 0.573438 0.420833 0.565625 0.422917
8 0.440625 0.412500 0.448437 0.470833 0.470313 0.472917 0.473438 0.462500 0.478125 0.466667 0.475000 0.475000 0.481250 0.477083 0.484375 0.460417 0.498437 0.462500 0.496875 0.429167 0.509375 0.466667 0.520312 0.433333 0.509375 0.395833 0.498437 0.412500 0.496875 0.406250 0.479687 0.410417 0.475000 0.387500 0.473438 0.400000 0.460938 0.389583
8 0.365625 0.381250 0.362500 0.443750 0.373437 0.441667 0.378125 0.445833 0.378125 0.450000 0.384375 0.450000 0.385937 0.447917 0.384375 0.425000 0.387500 0.422917 0.387500 0.406250 0.382812 0.402083 0.375000 0.379167 0.371875 0.379167 0.370312 0.383333
8 0.357812 0.441667 0.359375 0.379167 0.342187 0.395833 0.329688 0.360417 0.315625 0.358333 0.310937 0.395833 0.328125 0.404167 0.335938 0.429167 0.315625 0.425000 0.310937 0.406250 0.275000 0.379167 0.240625 0.377083 0.232813 0.391667 0.212500 0.366667 0.200000 0.375000 0.206250 0.391667
8 0.415625 0.350000 0.407813 0.354167 0.401562 0.372917 0.404687 0.383333 0.390625 0.404167 0.389062 0.450000 0.393750 0.450000 0.395313 0.439583 0.396875 0.460417 0.409375 0.443750 0.428125 0.443750 0.429688 0.439583 0.428125 0.418750 0.418750 0.410417 0.423438 0.402083 0.423438 0.385417
10 0.392188 0.329167 0.381250 0.333333 0.368750 0.343750 0.365625 0.360417 0.365625 0.379167 0.370312 0.381250 0.371875 0.377083 0.375000 0.377083 0.378125 0.383333 0.382812 0.383333 0.385937 0.387500 0.385937 0.404167 0.389062 0.383333 0.389062 0.337500 0.392188 0.335417
10 0.198437 0.000000 0.198437 0.222917 0.306250 0.245833 0.359375 0.377083 0.395313 0.300000 0.390625 0.402083 0.415625 0.347917 0.437500 0.443750 0.585938 0.320833 0.657813 0.335417 0.700000 0.200000 0.842187 0.208333 0.985938 0.320833 0.998437 0.000000
10 0.162500 0.000000 0.171875 0.047917 0.171875 0.066667 0.175000 0.068750 0.176563 0.079167 0.179688 0.029167 0.178125 0.020833 0.179688 0.018750 0.181250 0.020833 0.179688 0.018750 0.181250 0.000000
13 0.518750 0.450000 0.500000 0.510417 0.498437 0.550000 0.506250 0.554167 0.512500 0.545833 0.518750 0.568750 0.529687 0.558333 0.571875 0.564583 0.578125 0.577083 0.584375 0.577083 0.590625 0.554167 0.589063 0.497917 0.576562 0.468750 0.556250 0.452083
13 0.409375 0.445833 0.406250 0.452083 0.401562 0.452083 0.398438 0.456250 0.396875 0.485417 0.398438 0.487500 0.401562 0.485417 0.421875 0.487500 0.425000 0.481250 0.428125 0.481250 0.428125 0.470833 0.431250 0.466667 0.431250 0.458333 0.428125 0.452083 0.428125 0.445833
13 0.742188 0.447917 0.679688 0.541667 0.665625 0.625000 0.695312 0.789583 0.771875 0.810417 0.998437 0.997917 0.998437 0.385417