0 0.000000 0.741667 0.000000 0.997917 0.998437 0.997917 0.998437 0.852083 0.796875 0.779167 0.726562 0.802083 0.582812 0.641667 0.578125 0.562500 0.459375 0.475000
1 0.567187 0.525000 0.567187 0.537500 0.565625 0.539583 0.565625 0.552083 0.564063 0.554167 0.568750 0.554167 0.570312 0.558333 0.579688 0.560417 0.579688 0.537500 0.581250 0.535417 0.581250 0.531250 0.575000 0.527083 0.570312 0.527083
1 0.462500 0.477083 0.475000 0.489583 0.479687 0.491667 0.481250 0.495833 0.492188 0.502083 0.493750 0.506250 0.496875 0.506250 0.498437 0.491667 0.492188 0.489583 0.485938 0.483333 0.482812 0.483333 0.481250 0.479167
1 0.404687 0.470833 0.003125 0.560417 0.000000 0.739583 0.365625 0.518750
2 0.264062 0.256250 0.256250 0.393750 0.289062 0.387500 0.348438 0.431250 0.343750 0.412500 0.326562 0.408333 0.326562 0.377083 0.343750 0.366667 0.356250 0.402083 0.368750 0.383333 0.365625 0.350000 0.326562 0.339583 0.321875 0.266667
2 0.998437 0.000000 0.867188 0.279167 0.678125 0.237500 0.646875 0.345833 0.584375 0.337500 0.575000 0.379167 0.526563 0.389583 0.518750 0.452083 0.998437 0.408333
2 0.000000 0.031250 0.000000 0.329167 0.240625 0.402083 0.251563 0.254167 0.235937 0.247917 0.215625 0.079167 0.081250 0.050000 0.059375 0.000000 0.040625 0.000000 0.037500 0.039583
3 0.565625 0.504167 0.565625 0.518750 0.567187 0.522917 0.570312 0.525000 0.575000 0.525000 0.579688 0.529167 0.582812 0.529167 0.582812 0.520833 0.587500 0.510417 0.581250 0.510417 0.579688 0.508333 0.570312 0.508333 0.568750 0.504167
3 0.371875 0.472917 0.342187 0.477083 0.335938 0.470833 0.334375 0.477083 0.292187 0.481250 0.279687 0.502083 0.253125 0.504167 0.248438 0.497917 0.250000 0.512500 0.273438 0.502083 0.345313 0.491667 0.371875 0.481250
3 0.232813 0.395833 0.217188 0.395833 0.220312 0.410417 0.217188 0.518750 0.239063 0.514583 0.239063 0.475000 0.231250 0.450000 0.232813 0.410417 0.237500 0.402083
3 0.142187 0.385417 0.132812 0.375000 0.120313 0.518750 0.000000 0.533333 0.000000 0.560417 0.137500 0.539583
4 0.810937 0.475000 0.890625 0.564583 0.998437 0.612500 0.998437 0.477083
4 0.557813 0.468750 0.557813 0.475000 0.567187 0.493750 0.565625 0.502083 0.568750 0.502083 0.570312 0.506250 0.587500 0.508333 0.590625 0.500000 0.595313 0.495833 0.595313 0.489583 0.606250 0.475000 0.603125 0.472917 0.600000 0.479167 0.592187 0.475000 0.589063 0.479167 0.584375 0.470833
4 0.253125 0.410417 0.253125 0.502083 0.279687 0.500000 0.292187 0.479167 0.334375 0.475000 0.335938 0.468750 0.360938 0.472917 0.365625 0.443750 0.367188 0.470833 0.371875 0.470833 0.360938 0.437500 0.312500 0.431250 0.287500 0.416667
4 0.240625 0.404167 0.237500 0.404167 0.234375 0.410417 0.234375 0.435417 0.232813 0.437500 0.234375 0.439583 0.234375 0.445833 0.232813 0.447917 0.234375 0.460417 0.239063 0.472917
4 0.143750 0.385417 0.140625 0.537500 0.215625 0.518750 0.215625 0.395833
4 0.000000 0.331250 0.000000 0.531250 0.120313 0.516667 0.131250 0.372917
5 0.404687 0.314583 0.401562 0.339583 0.378125 0.358333 0.373437 0.479167 0.379688 0.358333 0.400000 0.343750 0.396875 0.468750
5 0.278125 0.000000 0.268750 0.000000 0.240625 0.516667
8 0.546875 0.458333 0.554688 0.466667 0.595313 0.466667 0.600000 0.470833 0.607812 0.470833 0.615625 0.460417 0.615625 0.456250 0.606250 0.447917 0.600000 0.447917 0.587500 0.460417 0.584375 0.458333 0.581250 0.441667 0.568750 0.427083 0.564063 0.427083 0.557813 0.435417 0.553125 0.454167
8 0.704688 0.437500 0.809375 0.472917 0.998437 0.475000 0.998437 0.410417 0.857812 0.416667 0.842187 0.406250
8 0.453125 0.404167 0.445312 0.427083 0.451562 0.441667 0.451562 0.472917 0.475000 0.477083 0.478125 0.466667 0.485938 0.481250 0.487500 0.464583 0.501563 0.464583 0.500000 0.439583 0.509375 0.458333 0.517188 0.452083 0.523438 0.431250 0.512500 0.402083 0.503125 0.416667 0.501563 0.408333 0.484375 0.412500 0.482812 0.393750 0.478125 0.404167 0.473438 0.395833
8 0.384375 0.387500 0.378125 0.389583 0.375000 0.464583 0.379688 0.464583 0.379688 0.445833 0.387500 0.447917 0.389062 0.454167 0.395313 0.454167 0.395313 0.410417 0.390625 0.408333 0.389062 0.393750
8 0.371875 0.456250 0.375000 0.387500 0.367188 0.385417 0.356250 0.404167 0.343750 0.368750 0.329688 0.370833 0.326562 0.410417 0.289062 0.389583 0.256250 0.395833 0.257812 0.406250 0.312500 0.429167 0.332813 0.429167 0.329688 0.412500 0.343750 0.410417 0.350000 0.433333 0.360938 0.435417
8 0.420312 0.354167 0.409375 0.375000 0.409375 0.393750 0.400000 0.410417 0.398438 0.454167 0.403125 0.447917 0.406250 0.402083 0.410938 0.404167 0.406250 0.412500 0.406250 0.454167 0.435937 0.447917 0.434375 0.420833 0.425000 0.414583 0.429688 0.404167 0.428125 0.370833
10 0.264062 0.254167 0.321875 0.264583 0.328125 0.339583 0.373437 0.385417 0.384375 0.350000 0.392188 0.408333 0.404687 0.312500 0.400000 0.406250 0.420312 0.352083 0.450000 0.445833 0.460938 0.395833 0.645312 0.345833 0.678125 0.235417 0.867188 0.277083 0.995313 0.000000 0.279687 0.000000
10 0.060937 0.000000 0.081250 0.025000 0.081250 0.047917 0.215625 0.077083 0.237500 0.247917 0.251563 0.252083 0.267188 0.000000
10 0.000000 0.000000 0.000000 0.029167 0.001563 0.031250 0.014063 0.033333 0.020313 0.037500 0.026562 0.035417 0.037500 0.037500 0.037500 0.018750 0.039062 0.016667 0.037500 0.004167 0.039062 0.000000
13 0.510938 0.456250 0.500000 0.485417 0.495312 0.539583 0.504687 0.535417 0.507812 0.547917 0.537500 0.543750 0.551562 0.547917 0.556250 0.558333 0.560937 0.558333 0.565625 0.537500 0.565625 0.493750 0.556250 0.468750 0.545312 0.458333
13 0.435937 0.452083 0.434375 0.450000 0.418750 0.450000 0.415625 0.452083 0.414062 0.456250 0.410938 0.456250 0.409375 0.458333 0.409375 0.464583 0.406250 0.466667 0.406250 0.487500 0.429688 0.487500 0.435937 0.481250
13 0.596875 0.489583 0.584375 0.641667 0.612500 0.639583 0.696875 0.720833 0.721875 0.795833 0.770312 0.808333 0.796875 0.777083 0.998437 0.850000 0.998437 0.614583 0.890625 0.566667 0.784375 0.462500 0.654687 0.441667