0 0.000000 0.691667 0.000000 0.997917 0.998437 0.997917 0.998437 0.858333 0.662500 0.631250 0.545312 0.622917 0.443750 0.468750
1 0.667188 0.570833 0.664062 0.631250 0.998437 0.856250 0.998437 0.712500 0.934375 0.666667 0.846875 0.650000
1 0.448437 0.470833 0.456250 0.481250 0.485938 0.502083 0.514062 0.529167 0.520312 0.512500 0.520312 0.502083 0.503125 0.497917 0.501563 0.493750 0.478125 0.483333 0.470313 0.475000
1 0.381250 0.466667 0.137500 0.518750 0.000000 0.516667 0.000000 0.689583 0.379688 0.485417
2 0.510938 0.397917 0.510938 0.447917 0.651563 0.427083 0.662500 0.468750 0.998437 0.450000 0.998437 0.218750 0.915625 0.195833 0.909375 0.158333 0.876563 0.183333 0.750000 0.143750 0.684375 0.327083 0.596875 0.306250 0.582812 0.364583 0.545312 0.358333
2 0.000000 0.000000 0.000000 0.316667 0.115625 0.356250 0.145313 0.331250 0.170313 0.377083 0.185938 0.347917 0.217188 0.352083 0.254688 0.404167 0.317188 0.414583 0.287500 0.352083 0.309375 0.343750 0.321875 0.387500 0.337500 0.325000 0.284375 0.304167 0.279687 0.212500 0.129688 0.179167 0.092188 0.000000
3 0.635938 0.462500 0.634375 0.464583 0.640625 0.475000 0.643750 0.483333 0.643750 0.487500 0.646875 0.489583 0.648438 0.495833 0.650000 0.491667 0.650000 0.472917 0.653125 0.468750 0.659375 0.466667 0.659375 0.462500
3 0.717187 0.460417 0.714063 0.583333 0.710938 0.585417 0.731250 0.595833 0.739062 0.462500
3 0.464062 0.462500 0.464062 0.472917 0.470313 0.472917 0.478125 0.481250 0.501563 0.491667 0.503125 0.495833 0.520312 0.500000 0.521875 0.489583 0.510938 0.487500 0.504687 0.481250 0.504687 0.460417 0.478125 0.460417 0.475000 0.477083 0.470313 0.470833 0.470313 0.462500
3 0.851562 0.456250 0.845313 0.639583 0.854688 0.650000 0.879687 0.652083 0.889062 0.581250 0.887500 0.483333 0.903125 0.462500 0.896875 0.456250
3 0.964063 0.452083 0.951562 0.679167 0.954688 0.691667 0.998437 0.710417 0.998437 0.452083
3 0.359375 0.437500 0.348438 0.435417 0.350000 0.460417 0.343750 0.462500 0.342187 0.466667 0.339062 0.466667 0.339062 0.475000 0.348438 0.475000 0.368750 0.466667 0.368750 0.462500 0.367188 0.466667 0.362500 0.466667 0.359375 0.460417 0.359375 0.447917 0.360938 0.445833
3 0.068750 0.512500 0.137500 0.516667 0.314063 0.479167 0.273438 0.468750 0.267188 0.452083 0.260937 0.472917 0.156250 0.477083 0.157812 0.372917 0.139063 0.366667 0.125000 0.502083
4 0.896875 0.470833 0.889062 0.483333 0.890625 0.581250 0.881250 0.652083 0.950000 0.675000 0.962500 0.468750
4 0.740625 0.468750 0.732812 0.595833 0.778125 0.597917 0.831250 0.622917 0.848437 0.647917 0.848437 0.479167 0.810937 0.483333
4 0.653125 0.470833 0.648438 0.497917 0.656250 0.508333 0.664062 0.564583 0.712500 0.583333 0.715625 0.468750
4 0.157812 0.375000 0.156250 0.475000 0.260937 0.470833 0.267188 0.450000 0.273438 0.466667 0.312500 0.466667 0.314063 0.477083 0.325000 0.450000 0.326562 0.464583 0.334375 0.464583 0.335938 0.435417
4 0.000000 0.318750 0.000000 0.514583 0.123438 0.502083 0.137500 0.364583
8 0.651563 0.429167 0.646875 0.429167 0.629687 0.441667 0.628125 0.445833 0.625000 0.447917 0.626563 0.454167 0.628125 0.454167 0.632812 0.462500 0.635938 0.460417 0.659375 0.460417 0.660937 0.447917 0.657813 0.445833 0.656250 0.437500
8 0.432812 0.408333 0.435937 0.466667 0.462500 0.470833 0.467187 0.458333 0.475000 0.475000 0.478125 0.458333 0.492188 0.458333 0.490625 0.427083 0.507812 0.466667 0.528125 0.466667 0.534375 0.454167 0.509375 0.447917 0.517188 0.420833 0.506250 0.389583 0.492188 0.412500 0.490625 0.402083 0.471875 0.408333 0.470313 0.383333 0.465625 0.397917 0.459375 0.387500 0.446875 0.389583
8 0.343750 0.366667 0.343750 0.400000 0.340625 0.420833 0.342187 0.437500 0.354687 0.433333 0.359375 0.435417 0.362500 0.443750 0.370312 0.443750 0.373437 0.400000 0.365625 0.389583 0.364063 0.375000 0.357812 0.366667 0.356250 0.370833
8 0.179688 0.362500 0.178125 0.377083 0.182812 0.381250 0.253125 0.404167 0.246875 0.387500 0.248438 0.379167 0.242188 0.379167 0.239063 0.368750 0.229687 0.368750 0.228125 0.360417 0.221875 0.356250 0.201563 0.352083 0.189062 0.354167 0.185938 0.350000
8 0.290625 0.347917 0.292187 0.387500 0.309375 0.387500 0.318750 0.414583 0.310937 0.418750 0.264062 0.408333 0.300000 0.422917 0.326562 0.425000 0.328125 0.433333 0.335938 0.433333 0.340625 0.364583 0.328125 0.370833 0.321875 0.389583 0.309375 0.345833
8 0.401562 0.343750 0.393750 0.381250 0.376563 0.402083 0.375000 0.445833 0.381250 0.445833 0.384375 0.400000 0.385937 0.447917 0.398438 0.435417 0.415625 0.435417 0.423438 0.464583 0.420312 0.414583 0.410938 0.406250 0.415625 0.393750 0.412500 0.358333
8 0.128125 0.339583 0.128125 0.352083 0.126562 0.354167 0.128125 0.360417 0.132812 0.360417 0.143750 0.366667 0.151562 0.366667 0.153125 0.370833 0.167187 0.372917 0.168750 0.356250 0.167187 0.354167 0.164062 0.356250 0.157812 0.343750 0.151562 0.341667 0.145313 0.333333 0.139063 0.331250 0.137500 0.335417 0.131250 0.335417
9 0.740625 0.597917 0.759375 0.610417 0.782813 0.616667 0.784375 0.620833 0.801562 0.622917 0.817187 0.633333 0.835938 0.637500 0.834375 0.629167 0.828125 0.622917 0.818750 0.622917 0.817187 0.618750 0.801562 0.614583 0.778125 0.600000
10 0.093750 0.000000 0.128125 0.175000 0.275000 0.206250 0.340625 0.358333 0.378125 0.300000 0.343750 0.343750 0.373437 0.381250 0.384375 0.281250 0.378125 0.395833 0.406250 0.341667 0.423438 0.439583 0.582812 0.362500 0.596875 0.304167 0.684375 0.325000 0.750000 0.141667 0.998437 0.216667 0.998437 0.000000
13 0.398438 0.437500 0.395313 0.445833 0.389062 0.445833 0.384375 0.452083 0.381250 0.464583 0.382812 0.466667 0.381250 0.483333 0.382812 0.485417 0.400000 0.483333 0.410938 0.487500 0.412500 0.479167 0.418750 0.477083 0.420312 0.466667 0.418750 0.441667 0.415625 0.437500
13 0.546875 0.435417 0.526563 0.468750 0.512500 0.585417 0.535937 0.579167 0.548438 0.622917 0.565625 0.610417 0.635938 0.620833 0.653125 0.641667 0.667188 0.602083 0.665625 0.568750 0.639062 0.475000 0.604688 0.441667