0 0.000000 0.691667 0.000000 0.997917 0.998437 0.997917 0.995313 0.858333 0.450000 0.472917
1 0.454688 0.475000 0.998437 0.860417 0.996875 0.691667
1 0.354687 0.475000 0.001563 0.554167 0.000000 0.689583 0.353125 0.500000
2 0.425000 0.441667 0.425000 0.443750 0.423438 0.445833 0.423438 0.456250 0.420312 0.460417 0.420312 0.466667 0.429688 0.466667 0.431250 0.468750 0.437500 0.468750 0.437500 0.452083 0.435937 0.450000 0.435937 0.445833 0.432812 0.445833 0.431250 0.443750 0.431250 0.441667
2 0.498437 0.406250 0.496875 0.410417 0.496875 0.414583 0.500000 0.420833 0.498437 0.429167 0.503125 0.439583 0.506250 0.441667 0.507812 0.454167 0.509375 0.456250 0.517188 0.456250 0.517188 0.450000 0.509375 0.431250 0.506250 0.429167 0.504687 0.422917 0.504687 0.406250
2 0.293750 0.297917 0.292187 0.300000 0.292187 0.341667 0.293750 0.343750 0.295312 0.333333 0.300000 0.329167 0.301563 0.331250 0.309375 0.331250 0.310937 0.335417 0.318750 0.339583 0.317188 0.302083
2 0.000000 0.064583 0.003125 0.262500 0.060937 0.300000 0.060937 0.329167 0.156250 0.339583 0.185938 0.385417 0.271875 0.402083 0.235937 0.368750 0.234375 0.318750 0.268750 0.304167 0.284375 0.360417 0.287500 0.297917 0.225000 0.287500 0.203125 0.104167 0.093750 0.083333 0.075000 0.052083 0.056250 0.072917
2 0.998437 0.000000 0.854688 0.243750 0.867188 0.272917 0.660937 0.229167 0.637500 0.331250 0.531250 0.364583 0.523438 0.456250 0.606250 0.422917 0.670312 0.445833 0.729688 0.335417 0.776563 0.358333 0.787500 0.439583 0.875000 0.372917 0.910937 0.443750 0.998437 0.437500
3 0.639062 0.545833 0.998437 0.691667 0.998437 0.604167 0.812500 0.560417 0.798438 0.539583 0.790625 0.566667 0.681250 0.535417
3 0.529687 0.479167 0.526563 0.497917 0.529687 0.502083 0.610938 0.535417 0.609375 0.508333 0.593750 0.504167 0.589063 0.497917 0.590625 0.487500 0.584375 0.516667 0.579688 0.518750 0.575000 0.504167 0.570312 0.508333 0.556250 0.493750 0.534375 0.491667 0.529687 0.487500
3 0.251563 0.493750 0.278125 0.491667 0.281250 0.489583 0.281250 0.477083 0.253125 0.477083 0.253125 0.491667
3 0.354687 0.472917 0.353125 0.468750 0.335938 0.470833 0.335938 0.437500 0.326562 0.435417 0.329688 0.450000 0.326562 0.475000 0.321875 0.475000 0.320312 0.447917 0.317188 0.470833 0.292187 0.472917 0.287500 0.477083 0.287500 0.489583
3 0.000000 0.420833 0.000000 0.554167 0.217188 0.502083 0.215625 0.479167 0.006250 0.497917
4 0.517188 0.458333 0.507812 0.456250 0.489063 0.458333 0.487500 0.477083 0.484375 0.481250 0.487500 0.477083 0.489063 0.458333 0.492188 0.470833 0.490625 0.477083 0.496875 0.487500 0.503125 0.491667 0.509375 0.487500 0.517188 0.491667 0.518750 0.466667
4 0.335938 0.441667 0.335938 0.468750 0.342187 0.470833 0.343750 0.468750 0.351562 0.468750 0.353125 0.466667 0.354687 0.470833 0.356250 0.456250 0.360938 0.450000 0.360938 0.447917 0.356250 0.447917 0.354687 0.445833 0.350000 0.445833 0.342187 0.441667
4 0.998437 0.602083 0.998437 0.439583 0.525000 0.468750 0.525000 0.495833 0.529687 0.477083 0.579688 0.516667 0.590625 0.485417 0.623437 0.541667 0.790625 0.564583 0.798438 0.537500
4 0.289062 0.427083 0.287500 0.475000 0.292187 0.470833 0.317188 0.468750 0.317188 0.454167 0.320312 0.445833 0.325000 0.475000 0.328125 0.456250 0.325000 0.435417 0.320312 0.431250
4 0.000000 0.335417 0.006250 0.495833 0.215625 0.477083 0.226562 0.500000 0.282813 0.470833 0.282813 0.425000
5 0.342187 0.214583 0.301563 0.233333 0.289062 0.258333 0.282813 0.489583 0.293750 0.250000
8 0.620313 0.425000 0.595313 0.427083 0.589063 0.435417 0.573438 0.433333 0.534375 0.441667 0.531250 0.445833 0.531250 0.460417 0.592187 0.460417 0.607812 0.464583 0.609375 0.452083 0.618750 0.447917
8 0.373437 0.393750 0.368750 0.397917 0.362500 0.393750 0.362500 0.404167 0.359375 0.406250 0.360938 0.408333 0.359375 0.445833 0.367188 0.437500 0.371875 0.437500 0.373437 0.435417
8 0.498437 0.393750 0.490625 0.404167 0.481250 0.397917 0.475000 0.406250 0.473438 0.379167 0.468750 0.393750 0.462500 0.383333 0.440625 0.393750 0.432812 0.408333 0.439063 0.468750 0.465625 0.472917 0.467187 0.458333 0.479687 0.458333 0.485938 0.477083 0.489063 0.456250 0.506250 0.456250 0.496875 0.429167
8 0.912500 0.414583 0.881250 0.383333 0.879687 0.375000 0.839063 0.389583 0.832812 0.402083 0.810937 0.414583 0.806250 0.439583 0.818750 0.445833 0.907813 0.443750 0.912500 0.435417
8 0.517188 0.372917 0.517188 0.381250 0.507812 0.395833 0.506250 0.422917 0.514062 0.437500 0.520312 0.458333 0.529687 0.433333 0.529687 0.427083 0.532813 0.425000 0.534375 0.414583 0.528125 0.389583 0.521875 0.375000
8 0.775000 0.358333 0.762500 0.341667 0.720313 0.341667 0.689063 0.395833 0.671875 0.445833 0.785937 0.439583
8 0.398438 0.337500 0.389062 0.360417 0.390625 0.379167 0.378125 0.393750 0.376563 0.437500 0.412500 0.433333 0.420312 0.458333 0.423438 0.443750 0.420312 0.414583 0.412500 0.414583 0.409375 0.404167 0.415625 0.389583 0.407813 0.341667
8 0.296875 0.333333 0.295312 0.343750 0.290625 0.343750 0.289062 0.425000 0.323437 0.429167 0.354687 0.443750 0.356250 0.389583 0.346875 0.379167 0.340625 0.347917 0.335938 0.341667 0.332813 0.347917 0.320312 0.347917 0.309375 0.333333
8 0.000000 0.260417 0.000000 0.333333 0.282813 0.422917 0.268750 0.306250 0.235937 0.320833 0.237500 0.368750 0.267188 0.377083 0.271875 0.404167 0.185938 0.387500 0.156250 0.341667 0.139063 0.354167 0.106250 0.329167 0.060937 0.331250 0.060937 0.302083
10 0.000000 0.062500 0.203125 0.102083 0.226562 0.287500 0.342187 0.212500 0.293750 0.295833 0.357812 0.372917 0.365625 0.235417 0.362500 0.372917 0.404687 0.335417 0.437500 0.443750 0.450000 0.383333 0.637500 0.329167 0.660937 0.227083 0.867188 0.270833 0.978125 0.000000 0.000000 0.000000
13 0.414062 0.437500 0.389062 0.435417 0.384375 0.441667 0.367188 0.439583 0.357812 0.456250 0.356250 0.497917 0.392188 0.495833 0.400000 0.502083 0.406250 0.487500 0.415625 0.485417 0.418750 0.458333