0 0.000000 0.702083 0.000000 0.997917 0.998437 0.997917 0.998437 0.852083 0.459375 0.475000
1 0.460938 0.475000 0.998437 0.850000 0.998437 0.693750
1 0.365625 0.475000 0.000000 0.556250 0.000000 0.700000 0.365625 0.497917
2 0.431250 0.441667 0.429688 0.445833 0.429688 0.458333 0.426563 0.460417 0.426563 0.466667 0.428125 0.468750 0.437500 0.468750 0.439063 0.470833 0.445312 0.470833 0.445312 0.466667 0.443750 0.464583 0.445312 0.460417 0.445312 0.456250 0.443750 0.454167 0.443750 0.445833 0.437500 0.445833 0.435937 0.441667
2 0.507812 0.408333 0.506250 0.412500 0.503125 0.414583 0.503125 0.418750 0.506250 0.420833 0.507812 0.443750 0.510938 0.445833 0.514062 0.458333 0.521875 0.458333 0.520312 0.454167 0.520312 0.445833 0.517188 0.443750 0.514062 0.431250 0.509375 0.425000 0.509375 0.408333
2 0.307812 0.304167 0.306250 0.347917 0.309375 0.341667 0.309375 0.337500 0.312500 0.333333 0.315625 0.337500 0.315625 0.341667 0.329688 0.341667 0.329688 0.331250 0.326562 0.320833 0.326562 0.306250
2 0.000000 0.079167 0.000000 0.272917 0.043750 0.266667 0.104688 0.341667 0.185938 0.352083 0.209375 0.391667 0.287500 0.406250 0.251563 0.372917 0.250000 0.322917 0.278125 0.310417 0.301563 0.370833 0.303125 0.304167 0.240625 0.291667 0.223438 0.125000 0.192188 0.116667 0.189062 0.079167 0.184375 0.114583 0.117188 0.102083 0.101562 0.075000 0.084375 0.097917
2 0.998437 0.000000 0.964063 0.000000 0.850000 0.275000 0.748437 0.229167 0.660937 0.239583 0.637500 0.337500 0.537500 0.364583 0.528125 0.458333 0.604688 0.425000 0.660937 0.450000 0.706250 0.345833 0.756250 0.364583 0.767188 0.445833 0.848437 0.381250 0.879687 0.447917 0.998437 0.437500
3 0.654687 0.552083 0.998437 0.691667 0.990625 0.604167 0.775000 0.550000 0.757812 0.560417 0.675000 0.539583 0.681250 0.552083
3 0.268750 0.493750 0.281250 0.493750 0.282813 0.491667 0.296875 0.491667 0.296875 0.477083 0.273438 0.477083 0.271875 0.479167 0.271875 0.487500
3 0.000000 0.554167 0.053125 0.554167 0.242188 0.500000 0.240625 0.481250 0.076563 0.493750 0.068750 0.466667 0.039062 0.477083 0.035937 0.493750 0.001563 0.493750
3 0.367188 0.452083 0.354687 0.445833 0.359375 0.452083 0.353125 0.460417 0.348438 0.456250 0.351562 0.443750 0.345313 0.435417 0.335938 0.435417 0.339062 0.475000 0.335938 0.479167 0.331250 0.475000 0.331250 0.454167 0.326562 0.472917 0.303125 0.477083 0.303125 0.491667 0.304688 0.487500 0.362500 0.475000
4 0.998437 0.606250 0.998437 0.439583 0.496875 0.466667 0.503125 0.489583 0.526563 0.475000 0.529687 0.497917 0.534375 0.475000 0.562500 0.514583 0.654687 0.554167 0.775000 0.547917
4 0.304688 0.429167 0.303125 0.475000 0.307812 0.475000 0.309375 0.470833 0.326562 0.470833 0.331250 0.452083 0.332813 0.475000 0.335938 0.477083 0.337500 0.445833 0.334375 0.435417 0.329688 0.435417 0.328125 0.431250
4 0.000000 0.333333 0.000000 0.495833 0.035937 0.491667 0.039062 0.475000 0.068750 0.464583 0.076563 0.491667 0.239063 0.477083 0.248438 0.497917 0.296875 0.475000 0.298438 0.427083
5 0.376563 0.245833 0.367188 0.366667 0.367188 0.450000
5 0.354687 0.229167 0.328125 0.239583 0.307812 0.260417 0.298438 0.491667 0.307812 0.270833 0.315625 0.252083
8 0.620313 0.427083 0.598437 0.429167 0.590625 0.437500 0.578125 0.435417 0.564063 0.441667 0.540625 0.441667 0.535937 0.447917 0.535937 0.462500 0.606250 0.464583 0.607812 0.452083 0.615625 0.450000
8 0.381250 0.395833 0.376563 0.400000 0.370312 0.397917 0.370312 0.433333 0.368750 0.435417 0.368750 0.445833 0.373437 0.445833 0.378125 0.439583 0.381250 0.439583
8 0.881250 0.435417 0.878125 0.416667 0.851562 0.391667 0.848437 0.383333 0.817187 0.395833 0.809375 0.410417 0.787500 0.420833 0.784375 0.445833 0.840625 0.445833 0.842187 0.450000 0.860938 0.445833 0.870313 0.450000
8 0.453125 0.389583 0.440625 0.408333 0.446875 0.470833 0.473438 0.472917 0.475000 0.460417 0.485938 0.460417 0.484375 0.477083 0.490625 0.481250 0.493750 0.458333 0.512500 0.458333 0.501563 0.418750 0.504687 0.393750 0.500000 0.393750 0.498437 0.404167 0.487500 0.400000 0.482812 0.406250 0.479687 0.379167 0.475000 0.393750 0.468750 0.385417
8 0.521875 0.375000 0.521875 0.383333 0.510938 0.406250 0.510938 0.425000 0.515625 0.431250 0.518750 0.443750 0.521875 0.445833 0.521875 0.454167 0.525000 0.460417 0.529687 0.441667 0.537500 0.429167 0.537500 0.406250 0.526563 0.375000
8 0.662500 0.441667 0.662500 0.450000 0.765625 0.445833 0.764062 0.397917 0.754687 0.364583 0.726562 0.347917 0.706250 0.347917 0.701562 0.366667
8 0.406250 0.339583 0.398438 0.360417 0.398438 0.381250 0.385937 0.393750 0.384375 0.439583 0.420312 0.435417 0.428125 0.458333 0.428125 0.418750 0.420312 0.414583 0.417187 0.406250 0.421875 0.391667 0.415625 0.345833
8 0.312500 0.335417 0.304688 0.358333 0.304688 0.427083 0.345313 0.433333 0.348438 0.441667 0.364063 0.445833 0.365625 0.395833 0.357812 0.385417 0.350000 0.354167 0.332813 0.352083 0.329688 0.343750 0.315625 0.343750
8 0.000000 0.275000 0.007812 0.335417 0.298438 0.425000 0.301563 0.372917 0.278125 0.312500 0.251563 0.322917 0.253125 0.372917 0.281250 0.381250 0.287500 0.408333 0.209375 0.393750 0.185938 0.354167 0.104688 0.343750 0.101562 0.316667 0.043750 0.268750
10 0.000000 0.077083 0.189062 0.077083 0.242188 0.291667 0.354687 0.227083 0.307812 0.302083 0.365625 0.372917 0.376563 0.243750 0.378125 0.393750 0.410938 0.337500 0.443750 0.443750 0.456250 0.385417 0.637500 0.335417 0.660937 0.237500 0.850000 0.272917 0.962500 0.000000 0.000000 0.000000
13 0.423438 0.441667 0.420312 0.437500 0.378125 0.441667 0.367188 0.458333 0.367188 0.497917 0.400000 0.495833 0.407813 0.502083 0.417187 0.485417 0.420312 0.487500 0.423438 0.483333 0.426563 0.468750