0 0.857812 0.995833 0.803125 0.847917 0.700000 0.739583 0.640625 0.745833 0.639062 0.608333 0.470313 0.475000 0.000000 0.697917 0.000000 0.997917
1 0.471875 0.475000 0.639062 0.606250 0.657813 0.562500 0.496875 0.479167
1 0.393750 0.470833 0.000000 0.541667 0.000000 0.695833 0.393750 0.491667
2 0.445312 0.441667 0.445312 0.443750 0.443750 0.445833 0.443750 0.466667 0.446875 0.466667 0.448437 0.468750 0.457813 0.468750 0.457813 0.447917 0.456250 0.445833 0.451562 0.445833 0.450000 0.443750 0.450000 0.441667
2 0.998437 0.052083 0.896875 0.020833 0.771875 0.306250 0.646875 0.281250 0.628125 0.356250 0.546875 0.375000 0.539062 0.450000 0.620313 0.462500 0.653125 0.387500 0.693750 0.425000 0.785937 0.379167 0.998437 0.431250
2 0.000000 0.000000 0.000000 0.308333 0.059375 0.281250 0.117188 0.339583 0.129688 0.310417 0.167187 0.314583 0.237500 0.393750 0.325000 0.408333 0.295312 0.383333 0.293750 0.335417 0.318750 0.329167 0.332813 0.377083 0.348438 0.316667 0.287500 0.304167 0.275000 0.170833 0.090625 0.133333 0.068750 0.177083 0.020313 0.000000
3 0.534375 0.497917 0.657813 0.560417 0.659375 0.535417 0.621875 0.522917 0.618750 0.493750 0.612500 0.531250 0.592187 0.527083 0.590625 0.497917 0.579688 0.504167 0.576562 0.483333 0.571875 0.504167 0.568750 0.485417 0.560937 0.497917 0.537500 0.489583
3 0.312500 0.485417 0.306250 0.472917 0.234375 0.472917 0.220312 0.452083 0.212500 0.475000 0.000000 0.481250 0.000000 0.539583
3 0.343750 0.481250 0.354687 0.477083 0.371875 0.477083 0.393750 0.468750 0.395313 0.456250 0.400000 0.447917 0.378125 0.447917 0.373437 0.437500 0.359375 0.433333 0.362500 0.443750 0.360938 0.464583 0.357812 0.468750 0.343750 0.468750
4 0.676562 0.462500 0.592187 0.462500 0.587500 0.475000 0.506250 0.464583 0.503125 0.472917 0.525000 0.495833 0.529687 0.477083 0.531250 0.497917 0.537500 0.487500 0.560937 0.495833 0.568750 0.483333 0.571875 0.502083 0.576562 0.481250 0.579688 0.502083 0.592187 0.497917 0.592187 0.525000 0.614062 0.527083 0.618750 0.491667 0.621875 0.520833 0.659375 0.533333
4 0.345313 0.431250 0.345313 0.445833 0.343750 0.447917 0.343750 0.466667 0.357812 0.466667 0.359375 0.464583 0.359375 0.456250 0.360938 0.454167 0.360938 0.443750 0.359375 0.441667 0.359375 0.435417 0.350000 0.435417
4 0.000000 0.310417 0.000000 0.479167 0.212500 0.472917 0.220312 0.450000 0.234375 0.470833 0.310937 0.483333 0.340625 0.468750 0.340625 0.431250
5 0.387500 0.270833 0.356250 0.285417 0.348438 0.306250 0.342187 0.481250 0.350000 0.306250 0.359375 0.287500
8 0.684375 0.400000 0.676562 0.393750 0.653125 0.389583 0.629687 0.445833 0.625000 0.447917 0.623437 0.462500 0.678125 0.460417 0.692187 0.429167 0.692187 0.416667
8 0.456250 0.408333 0.465625 0.472917 0.487500 0.475000 0.482812 0.464583 0.490625 0.462500 0.501563 0.481250 0.503125 0.462500 0.521875 0.462500 0.517188 0.418750 0.539062 0.468750 0.587500 0.472917 0.600000 0.445833 0.539062 0.452083 0.545312 0.414583 0.535937 0.385417 0.520312 0.410417 0.517188 0.400000 0.495312 0.406250 0.492188 0.383333 0.489063 0.397917 0.468750 0.389583
8 0.429688 0.343750 0.417187 0.354167 0.406250 0.412500 0.403125 0.395833 0.393750 0.400000 0.390625 0.429167 0.376563 0.362500 0.353125 0.354167 0.345313 0.429167 0.387500 0.443750 0.389062 0.427083 0.390625 0.443750 0.400000 0.445833 0.403125 0.412500 0.404687 0.443750 0.435937 0.437500 0.442188 0.456250
8 0.295312 0.335417 0.296875 0.383333 0.317188 0.385417 0.326562 0.408333 0.260937 0.400000 0.342187 0.429167 0.345313 0.354167 0.329688 0.379167 0.318750 0.331250
8 0.117188 0.341667 0.123438 0.352083 0.232813 0.391667 0.218750 0.352083 0.214062 0.354167 0.185938 0.322917 0.129688 0.312500
8 0.039062 0.289583 0.034375 0.318750 0.048438 0.320833 0.053125 0.325000 0.076563 0.325000 0.100000 0.331250 0.096875 0.331250 0.095312 0.322917 0.089063 0.318750 0.084375 0.308333 0.084375 0.297917 0.079687 0.291667 0.064062 0.289583 0.059375 0.283333 0.054688 0.283333 0.051562 0.293750
10 0.021875 0.000000 0.068750 0.175000 0.090625 0.131250 0.275000 0.168750 0.289062 0.304167 0.387500 0.268750 0.351562 0.314583 0.390625 0.377083 0.400000 0.266667 0.396875 0.397917 0.429688 0.341667 0.451562 0.443750 0.468750 0.387500 0.628125 0.354167 0.646875 0.279167 0.771875 0.304167 0.896875 0.018750 0.998437 0.050000 0.998437 0.000000
13 0.439063 0.441667 0.417187 0.437500 0.412500 0.445833 0.401562 0.445833 0.395313 0.466667 0.395313 0.491667 0.403125 0.491667 0.404687 0.487500 0.417187 0.487500 0.421875 0.495833 0.428125 0.495833 0.429688 0.487500 0.440625 0.481250 0.442188 0.458333
13 0.703125 0.410417 0.639062 0.614583 0.642188 0.745833 0.700000 0.737500 0.803125 0.845833 0.859375 0.997917 0.998437 0.997917 0.998437 0.433333 0.821875 0.381250