0 0.000000 0.702083 0.000000 0.997917 0.959375 0.997917 0.971875 0.841667 0.468750 0.477083
1 0.473438 0.479167 0.973437 0.841667 0.998437 0.802083 0.998437 0.689583
1 0.379688 0.475000 0.000000 0.550000 0.000000 0.700000 0.378125 0.497917
2 0.329688 0.310417 0.329688 0.325000 0.328125 0.327083 0.328125 0.339583 0.329688 0.341667 0.329688 0.345833 0.328125 0.350000 0.337500 0.350000 0.339062 0.352083 0.342187 0.352083 0.342187 0.314583 0.340625 0.312500
2 0.029687 0.112500 0.000000 0.172917 0.000000 0.310417 0.042188 0.277083 0.092188 0.281250 0.198437 0.387500 0.304688 0.408333 0.273438 0.381250 0.270313 0.331250 0.300000 0.318750 0.317188 0.372917 0.325000 0.310417 0.264062 0.297917 0.250000 0.145833 0.159375 0.129167 0.142187 0.102083 0.123438 0.120833
2 0.998437 0.000000 0.945312 0.000000 0.809375 0.291667 0.657813 0.260417 0.635938 0.347917 0.543750 0.372917 0.534375 0.464583 0.593750 0.435417 0.646875 0.458333 0.685937 0.370833 0.726562 0.387500 0.743750 0.462500 0.803125 0.408333 0.831250 0.462500 0.996875 0.464583
3 0.537500 0.485417 0.534375 0.502083 0.537500 0.506250 0.570312 0.516667 0.598437 0.533333 0.598437 0.520833 0.593750 0.508333 0.584375 0.508333 0.578125 0.518750 0.567187 0.500000 0.546875 0.497917 0.545312 0.493750 0.539062 0.493750
3 0.275000 0.491667 0.262500 0.475000 0.167187 0.483333 0.156250 0.464583 0.143750 0.472917 0.137500 0.462500 0.128125 0.485417 0.000000 0.487500 0.000000 0.547917 0.148438 0.529167
3 0.970313 0.456250 0.912500 0.452083 0.901563 0.595833 0.657813 0.535417 0.632812 0.547917 0.948438 0.672917 0.948438 0.497917
3 0.373437 0.475000 0.362500 0.472917 0.359375 0.468750 0.357812 0.439583 0.351562 0.477083 0.348438 0.477083 0.346875 0.456250 0.346875 0.466667 0.340625 0.472917 0.323437 0.475000 0.323437 0.487500
4 0.956250 0.468750 0.946875 0.583333 0.950000 0.672917 0.998437 0.687500 0.998437 0.464583
4 0.500000 0.468750 0.503125 0.489583 0.593750 0.506250 0.600000 0.533333 0.625000 0.543750 0.657813 0.533333 0.903125 0.589583 0.909375 0.460417 0.603125 0.460417 0.598437 0.489583 0.590625 0.468750
4 0.325000 0.431250 0.323437 0.472917 0.340625 0.470833 0.345313 0.466667 0.346875 0.454167 0.350000 0.477083 0.357812 0.437500 0.360938 0.468750 0.378125 0.472917 0.373437 0.462500 0.376563 0.447917 0.362500 0.445833 0.359375 0.437500
4 0.000000 0.312500 0.000000 0.485417 0.128125 0.483333 0.137500 0.460417 0.167187 0.481250 0.271875 0.475000 0.276562 0.491667 0.318750 0.472917 0.314063 0.427083
5 0.371875 0.250000 0.348438 0.258333 0.328125 0.279167 0.320312 0.487500 0.329688 0.287500 0.334375 0.272917
8 0.615625 0.437500 0.593750 0.437500 0.585938 0.445833 0.576562 0.441667 0.575000 0.445833 0.545312 0.447917 0.539062 0.452083 0.539062 0.466667 0.590625 0.466667 0.596875 0.472917 0.598437 0.487500 0.600000 0.464583 0.603125 0.458333 0.609375 0.458333 0.610938 0.443750
8 0.829688 0.441667 0.826562 0.431250 0.809375 0.414583 0.796875 0.410417 0.781250 0.416667 0.765625 0.433333 0.756250 0.437500 0.751563 0.443750 0.751563 0.460417 0.825000 0.462500 0.829688 0.454167
8 0.532813 0.383333 0.517188 0.410417 0.509375 0.397917 0.504687 0.408333 0.490625 0.406250 0.487500 0.385417 0.482812 0.397917 0.473438 0.387500 0.456250 0.397917 0.448437 0.412500 0.451562 0.472917 0.482812 0.477083 0.485938 0.464583 0.489063 0.481250 0.498437 0.483333 0.500000 0.462500 0.518750 0.462500 0.509375 0.437500 0.512500 0.425000 0.532813 0.462500 0.545312 0.425000
8 0.648438 0.445833 0.648438 0.458333 0.742188 0.460417 0.735938 0.450000 0.735938 0.422917 0.729688 0.395833 0.717187 0.379167 0.685937 0.372917 0.664062 0.412500 0.654687 0.441667
8 0.328125 0.352083 0.325000 0.429167 0.359375 0.435417 0.362500 0.443750 0.387500 0.450000 0.392188 0.400000 0.381250 0.402083 0.371875 0.391667 0.364063 0.356250 0.348438 0.358333 0.346875 0.354167
8 0.417187 0.341667 0.406250 0.364583 0.409375 0.381250 0.401562 0.385417 0.396875 0.395833 0.396875 0.441667 0.404687 0.443750 0.407813 0.435417 0.431250 0.439583 0.435937 0.464583 0.437500 0.427083 0.435937 0.418750 0.426563 0.412500 0.431250 0.395833 0.428125 0.362500 0.423438 0.345833
8 0.323437 0.354167 0.314063 0.375000 0.300000 0.320833 0.278125 0.320833 0.271875 0.331250 0.275000 0.381250 0.296875 0.383333 0.304688 0.410417 0.215625 0.385417 0.206250 0.391667 0.318750 0.429167
8 0.021875 0.312500 0.031250 0.325000 0.076563 0.335417 0.120313 0.360417 0.192188 0.385417 0.196875 0.377083 0.164062 0.347917 0.160938 0.331250 0.092188 0.283333 0.078125 0.291667 0.042188 0.279167
10 0.000000 0.170833 0.037500 0.100000 0.250000 0.143750 0.265625 0.297917 0.371875 0.247917 0.343750 0.352083 0.392188 0.397917 0.420312 0.339583 0.451562 0.445833 0.464062 0.387500 0.635938 0.345833 0.657813 0.258333 0.809375 0.289583 0.943750 0.000000 0.000000 0.000000
13 0.998437 0.804167 0.976562 0.833333 0.956250 0.893750 0.953125 0.945833 0.960938 0.968750 0.960938 0.997917 0.998437 0.997917
13 0.431250 0.441667 0.423438 0.437500 0.407813 0.437500 0.404687 0.445833 0.390625 0.443750 0.382812 0.458333 0.381250 0.495833 0.410938 0.495833 0.418750 0.500000 0.425000 0.487500 0.431250 0.487500 0.434375 0.472917