0 0.000000 0.675000 0.000000 0.997917 0.998437 0.997917 0.996875 0.877083 0.454688 0.475000
1 0.456250 0.475000 0.998437 0.877083 0.996875 0.697917
1 0.345313 0.477083 0.000000 0.543750 0.000000 0.672917 0.334375 0.506250
2 0.420312 0.441667 0.420312 0.454167 0.421875 0.456250 0.418750 0.464583 0.415625 0.460417 0.414062 0.460417 0.414062 0.466667 0.420312 0.466667 0.421875 0.468750 0.435937 0.468750 0.434375 0.464583 0.434375 0.445833 0.429688 0.445833 0.428125 0.441667
2 0.500000 0.406250 0.495312 0.414583 0.496875 0.433333 0.503125 0.441667 0.503125 0.447917 0.506250 0.450000 0.506250 0.456250 0.514062 0.458333 0.514062 0.445833 0.509375 0.435417 0.506250 0.433333 0.504687 0.422917 0.501563 0.420833 0.501563 0.412500 0.504687 0.410417 0.504687 0.404167
2 0.309375 0.291667 0.276562 0.289583 0.273438 0.325000 0.275000 0.366667 0.278125 0.366667 0.278125 0.335417 0.285938 0.331250 0.287500 0.320833 0.292187 0.320833 0.296875 0.327083 0.301563 0.325000 0.312500 0.337500
2 0.998437 0.041667 0.893750 0.227083 0.907813 0.277083 0.776563 0.247917 0.762500 0.212500 0.671875 0.220833 0.640625 0.333333 0.575000 0.322917 0.529687 0.364583 0.520312 0.456250 0.621875 0.420833 0.692187 0.445833 0.781250 0.318750 0.818750 0.345833 0.828125 0.441667 0.945312 0.362500 0.998437 0.445833
2 0.000000 0.035417 0.000000 0.300000 0.032813 0.297917 0.045312 0.335417 0.090625 0.312500 0.151562 0.370833 0.262500 0.397917 0.221875 0.358333 0.218750 0.306250 0.254688 0.293750 0.268750 0.356250 0.270313 0.289583 0.207813 0.275000 0.184375 0.075000 0.062500 0.047917 0.043750 0.014583
3 0.679688 0.566667 0.998437 0.697917 0.998437 0.614583 0.873437 0.581250 0.862500 0.535417 0.853125 0.591667 0.698438 0.547917
3 0.529687 0.485417 0.529687 0.506250 0.621875 0.543750 0.618750 0.529167 0.621875 0.508333 0.614062 0.512500 0.598437 0.504167 0.592187 0.522917 0.585938 0.527083 0.578125 0.518750 0.560937 0.516667 0.553125 0.508333 0.553125 0.497917 0.534375 0.493750
3 0.184375 0.479167 0.000000 0.487500 0.000000 0.541667 0.184375 0.502083
3 0.229687 0.458333 0.229687 0.477083 0.226562 0.493750 0.243750 0.493750 0.245312 0.491667 0.264062 0.489583 0.264062 0.472917 0.232813 0.475000 0.231250 0.472917 0.231250 0.458333
3 0.345313 0.466667 0.343750 0.462500 0.339062 0.468750 0.325000 0.466667 0.326562 0.435417 0.320312 0.431250 0.317188 0.479167 0.309375 0.477083 0.307812 0.445833 0.307812 0.460417 0.301563 0.470833 0.270313 0.472917 0.268750 0.489583 0.340625 0.475000
4 0.998437 0.612500 0.998437 0.447917 0.484375 0.460417 0.493750 0.489583 0.529687 0.483333 0.585938 0.525000 0.621875 0.506250 0.625000 0.547917 0.676562 0.568750 0.698438 0.545833 0.853125 0.589583 0.862500 0.533333 0.873437 0.579167
4 0.326562 0.437500 0.326562 0.466667 0.339062 0.466667 0.342187 0.464583 0.343750 0.460417 0.342187 0.454167 0.345313 0.450000 0.346875 0.450000 0.346875 0.445833 0.342187 0.441667 0.337500 0.441667 0.335938 0.439583
4 0.271875 0.420833 0.270313 0.470833 0.301563 0.468750 0.306250 0.460417 0.307812 0.443750 0.310937 0.447917 0.310937 0.477083 0.318750 0.475000 0.318750 0.431250 0.312500 0.431250 0.310937 0.427083 0.276562 0.425000
4 0.000000 0.331250 0.000000 0.485417 0.184375 0.477083 0.185938 0.497917 0.226562 0.491667 0.229687 0.456250 0.232813 0.472917 0.264062 0.470833 0.265625 0.418750
5 0.331250 0.191667 0.292187 0.208333 0.273438 0.239583 0.265625 0.491667 0.278125 0.233333 0.287500 0.216667
8 0.631250 0.425000 0.603125 0.427083 0.596875 0.435417 0.578125 0.433333 0.535937 0.441667 0.531250 0.445833 0.531250 0.464583 0.571875 0.460417 0.618750 0.464583 0.620313 0.452083 0.631250 0.445833
8 0.357812 0.389583 0.354687 0.389583 0.354687 0.400000 0.353125 0.402083 0.353125 0.416667 0.354687 0.418750 0.351562 0.420833 0.351562 0.441667 0.353125 0.443750 0.359375 0.433333 0.360938 0.435417 0.365625 0.435417 0.367188 0.429167 0.365625 0.427083 0.367188 0.425000 0.368750 0.393750 0.362500 0.395833
8 0.446875 0.385417 0.429688 0.406250 0.437500 0.470833 0.467187 0.475000 0.462500 0.460417 0.470313 0.458333 0.479687 0.464583 0.471875 0.475000 0.482812 0.481250 0.484375 0.458333 0.504687 0.456250 0.495312 0.433333 0.496875 0.393750 0.489063 0.404167 0.475000 0.400000 0.471875 0.406250 0.470313 0.379167 0.465625 0.393750 0.457813 0.383333
8 0.515625 0.372917 0.515625 0.381250 0.507812 0.391667 0.503125 0.420833 0.506250 0.422917 0.507812 0.433333 0.515625 0.445833 0.515625 0.458333 0.518750 0.458333 0.520312 0.445833 0.532813 0.422917 0.532813 0.406250 0.520312 0.372917
8 0.982812 0.412500 0.940625 0.364583 0.931250 0.372917 0.910937 0.375000 0.884375 0.400000 0.853125 0.418750 0.851562 0.439583 0.978125 0.445833
8 0.396875 0.333333 0.385937 0.358333 0.387500 0.375000 0.371875 0.393750 0.370312 0.435417 0.385937 0.429167 0.407813 0.431250 0.412500 0.437500 0.412500 0.456250 0.418750 0.462500 0.418750 0.420833 0.404687 0.404167 0.410938 0.393750 0.406250 0.350000
8 0.287500 0.322917 0.287500 0.331250 0.279687 0.335417 0.279687 0.366667 0.273438 0.366667 0.271875 0.418750 0.325000 0.429167 0.346875 0.443750 0.350000 0.385417 0.340625 0.381250 0.340625 0.364583 0.329688 0.335417 0.320312 0.343750
8 0.817187 0.345833 0.800000 0.327083 0.781250 0.320833 0.751563 0.327083 0.712500 0.395833 0.693750 0.445833 0.825000 0.441667 0.829688 0.412500
8 0.265625 0.416667 0.265625 0.335417 0.248438 0.291667 0.220312 0.306250 0.223438 0.358333 0.254688 0.370833 0.262500 0.400000 0.151562 0.372917 0.142187 0.343750 0.118750 0.327083 0.104688 0.337500 0.090625 0.314583 0.062500 0.312500 0.045312 0.337500 0.032813 0.331250 0.032813 0.300000 0.000000 0.302083 0.000000 0.329167
10 0.000000 0.000000 0.184375 0.072917 0.210938 0.277083 0.271875 0.287500 0.331250 0.189583 0.276562 0.287500 0.350000 0.370833 0.360938 0.225000 0.354687 0.372917 0.400000 0.333333 0.429688 0.443750 0.446875 0.383333 0.640625 0.331250 0.671875 0.218750 0.907813 0.275000 0.998437 0.039583
13 0.410938 0.437500 0.385937 0.431250 0.379688 0.437500 0.359375 0.435417 0.350000 0.452083 0.343750 0.454167 0.346875 0.460417 0.346875 0.470833 0.343750 0.472917 0.346875 0.477083 0.343750 0.483333 0.346875 0.502083 0.353125 0.495833 0.379688 0.495833 0.392188 0.502083 0.403125 0.485417 0.409375 0.487500 0.412500 0.466667