0 0.000000 0.654167 0.000000 0.997917 0.998437 0.997917 0.996875 0.916667 0.462500 0.477083
1 0.462500 0.479167 0.998437 0.916667 0.998437 0.718750
1 0.329688 0.477083 0.000000 0.522917 0.000000 0.652083 0.325000 0.506250
2 0.429688 0.441667 0.429688 0.450000 0.428125 0.452083 0.428125 0.462500 0.426563 0.464583 0.428125 0.466667 0.428125 0.468750 0.432812 0.468750 0.434375 0.470833 0.442188 0.470833 0.442188 0.456250 0.439063 0.450000 0.439063 0.445833 0.435937 0.445833 0.434375 0.443750 0.434375 0.441667
2 0.503125 0.414583 0.503125 0.429167 0.506250 0.431250 0.507812 0.441667 0.515625 0.450000 0.517188 0.460417 0.526563 0.460417 0.525000 0.445833 0.520312 0.435417 0.517188 0.433333 0.514062 0.422917 0.514062 0.410417 0.517188 0.404167
2 0.246875 0.266667 0.248438 0.297917 0.256250 0.306250 0.256250 0.335417 0.262500 0.345833 0.267188 0.343750 0.265625 0.314583 0.268750 0.310417 0.275000 0.314583 0.281250 0.297917 0.295312 0.304167 0.304688 0.318750 0.310937 0.318750 0.309375 0.279167 0.304688 0.275000
2 0.965625 0.260417 0.837500 0.227083 0.823438 0.185417 0.803125 0.218750 0.718750 0.191667 0.678125 0.329167 0.595313 0.316667 0.584375 0.356250 0.542188 0.364583 0.534375 0.452083 0.692187 0.414583 0.695312 0.456250 0.800000 0.454167 0.915625 0.268750
2 0.000000 0.000000 0.003125 0.262500 0.017188 0.277083 0.028125 0.231250 0.054688 0.285417 0.076563 0.291667 0.081250 0.331250 0.234375 0.372917 0.235937 0.354167 0.201563 0.339583 0.200000 0.281250 0.240625 0.250000 0.184375 0.250000 0.153125 0.000000
3 0.781250 0.618750 0.998437 0.716667 0.995313 0.654167 0.821875 0.597917 0.803125 0.597917
3 0.000000 0.466667 0.000000 0.520833 0.081250 0.508333 0.092188 0.502083 0.090625 0.468750
3 0.495312 0.466667 0.503125 0.495833 0.673438 0.570833 0.671875 0.535417 0.645312 0.522917 0.645312 0.472917 0.635938 0.472917 0.632812 0.543750 0.623437 0.545833 0.618750 0.531250 0.578125 0.527083 0.571875 0.508333 0.554688 0.504167 0.539062 0.456250 0.529687 0.502083 0.525000 0.477083 0.510938 0.493750
3 0.340625 0.439583 0.332813 0.435417 0.321875 0.466667 0.318750 0.422917 0.307812 0.422917 0.310937 0.460417 0.298438 0.470833 0.293750 0.427083 0.287500 0.464583 0.237500 0.466667 0.235937 0.487500 0.329688 0.475000 0.331250 0.447917
3 0.181250 0.408333 0.171875 0.491667 0.229687 0.487500 0.228125 0.466667 0.181250 0.466667
4 0.546875 0.470833 0.545312 0.483333 0.548438 0.472917 0.553125 0.475000 0.553125 0.500000 0.571875 0.506250 0.578125 0.525000 0.593750 0.525000 0.606250 0.535417 0.618750 0.529167 0.623437 0.543750 0.631250 0.543750 0.634375 0.472917 0.623437 0.472917 0.618750 0.483333 0.607812 0.468750
4 0.535937 0.464583 0.532813 0.460417 0.501563 0.462500 0.498437 0.468750 0.500000 0.487500 0.518750 0.491667 0.520312 0.479167 0.525000 0.475000 0.526563 0.500000 0.528125 0.497917 0.529687 0.500000 0.529687 0.485417 0.532813 0.483333
4 0.646875 0.472917 0.646875 0.522917 0.673438 0.535417 0.673438 0.575000 0.779687 0.616667 0.821875 0.595833 0.998437 0.654167 0.998437 0.452083 0.679688 0.456250 0.676562 0.472917
4 0.239063 0.406250 0.237500 0.464583 0.287500 0.462500 0.293750 0.425000 0.298438 0.429167 0.298438 0.468750 0.307812 0.464583 0.309375 0.425000 0.295312 0.425000 0.292187 0.416667 0.254688 0.406250
4 0.000000 0.316667 0.000000 0.464583 0.090625 0.466667 0.093750 0.502083 0.165625 0.493750 0.181250 0.406250 0.182812 0.466667 0.231250 0.460417 0.231250 0.400000 0.179688 0.393750 0.173437 0.379167
5 0.318750 0.127083 0.248438 0.166667 0.231250 0.489583 0.248438 0.185417 0.262500 0.154167
8 0.693750 0.418750 0.648438 0.425000 0.639062 0.437500 0.614062 0.433333 0.568750 0.445833 0.557813 0.441667 0.550000 0.464583 0.676562 0.470833 0.679688 0.454167 0.693750 0.452083
8 0.354687 0.383333 0.353125 0.385417 0.353125 0.400000 0.351562 0.402083 0.351562 0.427083 0.368750 0.427083 0.368750 0.412500 0.370312 0.410417 0.370312 0.395833 0.371875 0.389583 0.367188 0.391667 0.364063 0.387500
8 0.448437 0.389583 0.437500 0.406250 0.443750 0.472917 0.471875 0.477083 0.470313 0.464583 0.478125 0.460417 0.487500 0.466667 0.484375 0.481250 0.492188 0.485417 0.496875 0.460417 0.515625 0.460417 0.501563 0.429167 0.501563 0.414583 0.507812 0.408333 0.504687 0.393750 0.496875 0.406250 0.487500 0.400000 0.479687 0.406250 0.478125 0.379167 0.473438 0.393750 0.467187 0.383333
8 0.532813 0.368750 0.528125 0.370833 0.528125 0.381250 0.521875 0.385417 0.515625 0.410417 0.515625 0.422917 0.526563 0.445833 0.528125 0.460417 0.532813 0.458333 0.532813 0.452083 0.545312 0.425000 0.545312 0.404167 0.540625 0.395833 0.540625 0.389583 0.537500 0.387500
8 0.403125 0.331250 0.393750 0.354167 0.393750 0.375000 0.375000 0.387500 0.375000 0.427083 0.410938 0.427083 0.418750 0.441667 0.418750 0.456250 0.426563 0.462500 0.425000 0.416667 0.415625 0.414583 0.410938 0.402083 0.418750 0.389583 0.415625 0.354167 0.409375 0.333333
8 0.245312 0.281250 0.240625 0.402083 0.290625 0.414583 0.295312 0.397917 0.300000 0.418750 0.342187 0.437500 0.348438 0.429167 0.348438 0.381250 0.340625 0.377083 0.326562 0.318750 0.315625 0.327083 0.281250 0.300000 0.275000 0.316667 0.267188 0.314583 0.268750 0.343750 0.262500 0.347917
8 0.232813 0.264583 0.226562 0.272917 0.212500 0.270833 0.210938 0.277083 0.201563 0.281250 0.209375 0.300000 0.209375 0.320833 0.203125 0.339583 0.209375 0.345833 0.235937 0.352083 0.235937 0.314583 0.240625 0.268750
8 0.998437 0.260417 0.915625 0.270833 0.898438 0.308333 0.853125 0.354167 0.804688 0.452083 0.998437 0.450000
8 0.000000 0.252083 0.000000 0.314583 0.232813 0.402083 0.234375 0.375000 0.193750 0.354167 0.081250 0.333333 0.075000 0.291667 0.054688 0.287500 0.028125 0.233333 0.017188 0.279167
10 0.154688 0.000000 0.185938 0.250000 0.318750 0.125000 0.257812 0.160417 0.246875 0.262500 0.350000 0.364583 0.364063 0.202083 0.354687 0.366667 0.407813 0.329167 0.435937 0.443750 0.595313 0.314583 0.675000 0.331250 0.718750 0.189583 0.998437 0.258333 0.998437 0.000000
13 0.426563 0.466667 0.417187 0.456250 0.417187 0.441667 0.410938 0.429167 0.350000 0.429167 0.332813 0.447917 0.335938 0.456250 0.331250 0.470833 0.332813 0.506250 0.342187 0.500000 0.379688 0.502083 0.382812 0.510417 0.389062 0.510417 0.389062 0.504167 0.400000 0.497917 0.404687 0.487500 0.415625 0.483333 0.418750 0.468750