0 0.000000 0.560417 0.000000 0.997917 0.768750 0.997917 0.390625 0.470833
1 0.393750 0.472917 0.767188 0.995833 0.998437 0.997917 0.995313 0.822917 0.684375 0.616667
2 0.495312 0.368750 0.487500 0.379167 0.471875 0.389583 0.471875 0.395833 0.481250 0.402083 0.492188 0.418750 0.498437 0.420833 0.495312 0.441667 0.498437 0.454167 0.514062 0.454167 0.514062 0.437500 0.498437 0.408333 0.496875 0.393750 0.493750 0.389583
2 0.253125 0.327083 0.253125 0.337500 0.271875 0.345833 0.276562 0.352083 0.284375 0.345833 0.292187 0.345833 0.293750 0.343750 0.293750 0.339583 0.292187 0.339583 0.290625 0.335417 0.273438 0.333333 0.271875 0.331250 0.260937 0.331250 0.259375 0.327083
2 0.209375 0.327083 0.209375 0.333333 0.210938 0.335417 0.218750 0.335417 0.220312 0.337500 0.234375 0.337500 0.237500 0.333333 0.235937 0.331250 0.237500 0.329167 0.234375 0.327083 0.232813 0.322917 0.229687 0.322917 0.228125 0.320833 0.220312 0.320833 0.218750 0.318750 0.212500 0.318750
2 0.521875 0.454167 0.775000 0.475000 0.739062 0.462500 0.740625 0.372917 0.998437 0.316667 0.998437 0.272917 0.929688 0.245833 0.920312 0.212500 0.893750 0.233333 0.678125 0.160417 0.615625 0.329167 0.621875 0.385417 0.560937 0.312500 0.537500 0.333333 0.548438 0.387500
2 0.010937 0.006250 0.000000 0.064583 0.012500 0.047917 0.035937 0.062500 0.068750 0.183333 0.073438 0.295833 0.057813 0.347917 0.076563 0.387500 0.125000 0.333333 0.120313 0.202083 0.110937 0.206250 0.095312 0.070833 0.023438 0.050000
3 0.743750 0.477083 0.732812 0.666667 0.998437 0.825000 0.998437 0.691667 0.782813 0.612500 0.784375 0.479167
3 0.623437 0.447917 0.607812 0.450000 0.604688 0.591667 0.620313 0.593750 0.634375 0.456250
4 0.785937 0.479167 0.782813 0.610417 0.998437 0.689583 0.998437 0.500000
4 0.634375 0.458333 0.620313 0.595833 0.668750 0.606250 0.731250 0.654167 0.742188 0.477083
4 0.603125 0.591667 0.606250 0.450000 0.592187 0.460417 0.584375 0.447917 0.420312 0.458333 0.421875 0.481250 0.446875 0.466667 0.446875 0.495833 0.584375 0.568750
5 0.137500 0.000000 0.128125 0.000000 0.112500 0.206250 0.121875 0.195833
8 0.382812 0.393750 0.392188 0.470833 0.415625 0.475000 0.418750 0.458333 0.431250 0.454167 0.443750 0.460417 0.496875 0.454167 0.496875 0.420833 0.470313 0.395833 0.467187 0.372917 0.459375 0.372917 0.453125 0.395833 0.443750 0.389583 0.432812 0.395833 0.431250 0.362500 0.425000 0.379167 0.417187 0.366667 0.400000 0.368750
8 0.998437 0.318750 0.878125 0.329167 0.740625 0.375000 0.740625 0.462500 0.817187 0.485417 0.998437 0.497917
8 0.528125 0.295833 0.517188 0.300000 0.515625 0.316667 0.500000 0.345833 0.495312 0.385417 0.500000 0.408333 0.515625 0.437500 0.515625 0.454167 0.520312 0.454167 0.532813 0.433333 0.534375 0.416667 0.543750 0.404167 0.548438 0.372917 0.543750 0.341667 0.535937 0.335417 0.529687 0.318750
8 0.232813 0.295833 0.232813 0.297917 0.225000 0.306250 0.226562 0.318750 0.232813 0.320833 0.234375 0.325000 0.239063 0.329167 0.237500 0.331250 0.239063 0.333333 0.235937 0.339583 0.243750 0.341667 0.243750 0.306250 0.246875 0.295833 0.243750 0.297917
8 0.250000 0.302083 0.250000 0.347917 0.276562 0.397917 0.318750 0.404167 0.325000 0.460417 0.335938 0.460417 0.337500 0.412500 0.350000 0.402083 0.340625 0.464583 0.360938 0.450000 0.364063 0.427083 0.371875 0.460417 0.373437 0.416667 0.350000 0.383333 0.357812 0.341667 0.342187 0.291667 0.325000 0.352083 0.256250 0.341667 0.251563 0.327083 0.271875 0.320833
8 0.125000 0.241667 0.125000 0.331250 0.135937 0.325000 0.162500 0.325000 0.207813 0.333333 0.207813 0.322917 0.189062 0.302083 0.159375 0.310417 0.143750 0.260417 0.131250 0.239583
8 0.012500 0.050000 0.000000 0.066667 0.000000 0.295833 0.037500 0.314583 0.057813 0.352083 0.071875 0.295833 0.067187 0.183333 0.034375 0.062500
10 0.135937 0.004167 0.120313 0.216667 0.159375 0.308333 0.287500 0.266667 0.251563 0.300000 0.325000 0.350000 0.342187 0.289583 0.385937 0.441667 0.400000 0.366667 0.475000 0.387500 0.526563 0.293750 0.620313 0.385417 0.678125 0.158333 0.998437 0.270833 0.998437 0.000000
10 0.000000 0.000000 0.000000 0.037500 0.009375 0.035417 0.012500 0.004167 0.014063 0.037500 0.023438 0.047917 0.096875 0.070833 0.112500 0.164583 0.126562 0.000000
13 0.000000 0.297917 0.000000 0.558333 0.032813 0.547917 0.042188 0.570833 0.073438 0.570833 0.103125 0.508333 0.209375 0.529167 0.240625 0.495833 0.267188 0.506250 0.273438 0.477083 0.321875 0.475000 0.321875 0.410417 0.276562 0.400000 0.243750 0.343750 0.135937 0.327083 0.073438 0.389583 0.037500 0.316667