0 0.000000 0.670833 0.000000 0.997917 0.965625 0.997917 0.395313 0.479167
1 0.403125 0.483333 0.967187 0.997917 0.998437 0.997917 0.995313 0.722917
2 0.487500 0.379167 0.465625 0.402083 0.464062 0.412500 0.468750 0.420833 0.476562 0.418750 0.490625 0.437500 0.490625 0.456250 0.504687 0.454167 0.504687 0.439583 0.492188 0.418750 0.489063 0.406250 0.482812 0.402083
2 0.282813 0.362500 0.282813 0.366667 0.281250 0.368750 0.281250 0.377083 0.285938 0.379167 0.289062 0.383333 0.292187 0.383333 0.296875 0.379167 0.301563 0.379167 0.301563 0.364583 0.289062 0.364583 0.287500 0.362500
2 0.023438 0.139583 0.042188 0.168750 0.100000 0.193750 0.104688 0.216667 0.126562 0.235417 0.146875 0.216667 0.167187 0.243750 0.176563 0.289583 0.160938 0.191667 0.104688 0.181250 0.100000 0.168750 0.095312 0.179167 0.056250 0.172917 0.043750 0.145833
2 0.998437 0.000000 0.946875 0.000000 0.842187 0.252083 0.821875 0.222917 0.740625 0.243750 0.617188 0.216667 0.581250 0.347917 0.557813 0.312500 0.518750 0.333333 0.532813 0.400000 0.512500 0.454167 0.606250 0.454167 0.604688 0.410417 0.998437 0.293750
3 0.607812 0.456250 0.607812 0.564583 0.998437 0.725000 0.998437 0.610417 0.621875 0.529167
3 0.521875 0.454167 0.518750 0.472917 0.518750 0.516667 0.517188 0.522917 0.521875 0.527083 0.526563 0.527083 0.526563 0.468750 0.528125 0.466667 0.528125 0.456250
3 0.554688 0.450000 0.551562 0.539583 0.564063 0.539583 0.564063 0.470833 0.567187 0.452083
4 0.520312 0.454167 0.470313 0.458333 0.448437 0.468750 0.451562 0.470833 0.451562 0.487500 0.448437 0.491667 0.517188 0.525000
4 0.568750 0.454167 0.565625 0.470833 0.565625 0.539583 0.603125 0.554167 0.606250 0.456250 0.600000 0.456250 0.598437 0.452083
4 0.529687 0.452083 0.526563 0.454167 0.529687 0.456250 0.528125 0.527083 0.550000 0.537500 0.553125 0.481250 0.551562 0.456250 0.531250 0.456250
4 0.998437 0.608333 0.998437 0.445833 0.618750 0.462500 0.621875 0.527083
5 0.221875 0.012500 0.201563 0.408333 0.209375 0.408333
8 0.464062 0.379167 0.451562 0.404167 0.431250 0.402083 0.431250 0.372917 0.426563 0.389583 0.412500 0.377083 0.393750 0.391667 0.384375 0.425000 0.398438 0.481250 0.404687 0.470833 0.406250 0.481250 0.423438 0.481250 0.425000 0.464583 0.487500 0.456250 0.485938 0.431250 0.462500 0.412500 0.468750 0.395833
8 0.271875 0.341667 0.259375 0.335417 0.246875 0.337500 0.242188 0.343750 0.242188 0.360417 0.235937 0.366667 0.225000 0.366667 0.210938 0.354167 0.210938 0.408333 0.243750 0.414583 0.248438 0.404167 0.276562 0.402083 0.276562 0.377083 0.264062 0.370833 0.264062 0.360417
8 0.510938 0.320833 0.507812 0.327083 0.503125 0.322917 0.503125 0.339583 0.493750 0.352083 0.484375 0.402083 0.490625 0.406250 0.503125 0.431250 0.506250 0.454167 0.510938 0.454167 0.531250 0.400000 0.531250 0.375000 0.525000 0.356250 0.517188 0.347917 0.517188 0.333333 0.515625 0.337500
8 0.343750 0.316667 0.334375 0.333333 0.331250 0.372917 0.292187 0.385417 0.281250 0.379167 0.281250 0.402083 0.310937 0.404167 0.326562 0.429167 0.345313 0.433333 0.353125 0.422917 0.348438 0.477083 0.354687 0.477083 0.357812 0.464583 0.365625 0.464583 0.367188 0.435417 0.373437 0.468750 0.378125 0.447917 0.373437 0.420833 0.360938 0.416667 0.354687 0.402083 0.362500 0.385417 0.357812 0.345833
8 0.998437 0.295833 0.654687 0.385417 0.606250 0.410417 0.607812 0.454167 0.998437 0.443750
8 0.000000 0.133333 0.000000 0.314583 0.098437 0.360417 0.148438 0.418750 0.200000 0.408333 0.201563 0.347917 0.184375 0.350000 0.160938 0.233333 0.146875 0.218750 0.126562 0.237500 0.100000 0.195833 0.042188 0.170833 0.020313 0.122917
10 0.000000 0.131250 0.160938 0.189583 0.203125 0.345833 0.221875 0.010417 0.212500 0.352083 0.309375 0.318750 0.281250 0.356250 0.329688 0.372917 0.343750 0.314583 0.389062 0.450000 0.503125 0.320833 0.581250 0.345833 0.617188 0.214583 0.842187 0.250000 0.945312 0.000000 0.000000 0.000000
13 0.000000 0.668750 0.115625 0.602083 0.150000 0.625000 0.168750 0.560417 0.235937 0.568750 0.279687 0.516667 0.310937 0.525000 0.345313 0.491667 0.340625 0.431250 0.287500 0.404167 0.148438 0.420833 0.098437 0.362500 0.000000 0.331250