0 0.000000 0.635417 0.000000 0.997917 0.998437 0.997917 0.996875 0.937500 0.435937 0.485417 0.309375 0.529167 0.262500 0.602083
1 0.076563 0.529167 0.000000 0.543750 0.000000 0.633333 0.092188 0.600000 0.090625 0.587500 0.079687 0.572917
1 0.435937 0.487500 0.998437 0.937500 0.998437 0.683333 0.882812 0.666667
2 0.406250 0.452083 0.406250 0.470833 0.409375 0.472917 0.409375 0.477083 0.410938 0.481250 0.421875 0.481250 0.421875 0.477083 0.420312 0.475000 0.421875 0.470833 0.420312 0.468750 0.420312 0.462500 0.418750 0.460417 0.418750 0.456250 0.414062 0.456250 0.412500 0.452083
2 0.506250 0.393750 0.496875 0.406250 0.492188 0.406250 0.490625 0.410417 0.492188 0.429167 0.495312 0.433333 0.506250 0.435417 0.507812 0.443750 0.510938 0.445833 0.510938 0.454167 0.514062 0.456250 0.515625 0.462500 0.525000 0.462500 0.525000 0.445833 0.506250 0.410417 0.509375 0.402083 0.509375 0.393750
2 0.137500 0.404167 0.145313 0.408333 0.162500 0.408333 0.171875 0.395833 0.181250 0.395833 0.181250 0.393750 0.167187 0.383333 0.164062 0.375000 0.150000 0.372917 0.143750 0.381250 0.143750 0.387500 0.140625 0.389583 0.140625 0.397917
2 0.153125 0.339583 0.139063 0.341667 0.137500 0.337500 0.129688 0.339583 0.129688 0.347917 0.126562 0.354167 0.115625 0.350000 0.096875 0.352083 0.100000 0.356250 0.112500 0.358333 0.126562 0.356250 0.132812 0.366667 0.140625 0.366667 0.143750 0.360417 0.146875 0.360417 0.148438 0.352083 0.154688 0.350000
2 0.000000 0.300000 0.000000 0.333333 0.028125 0.339583 0.050000 0.352083 0.085938 0.356250 0.071875 0.339583 0.071875 0.327083 0.014063 0.320833 0.009375 0.314583 0.009375 0.306250
2 0.000000 0.212500 0.000000 0.275000 0.001563 0.275000 0.001563 0.270833 0.006250 0.260417 0.012500 0.254167 0.015625 0.247917 0.014063 0.237500 0.009375 0.233333 0.009375 0.227083 0.006250 0.225000 0.004687 0.216667
2 0.081250 0.212500 0.096875 0.243750 0.100000 0.291667 0.115625 0.283333 0.106250 0.237500 0.135937 0.218750 0.164062 0.227083 0.170313 0.247917 0.212500 0.262500 0.221875 0.287500 0.235937 0.270833 0.231250 0.233333 0.150000 0.222917 0.132812 0.195833 0.117188 0.195833 0.115625 0.216667
2 0.998437 0.000000 0.893750 0.000000 0.792188 0.270833 0.625000 0.254167 0.595313 0.352083 0.540625 0.345833 0.534375 0.460417 0.595313 0.462500 0.596875 0.425000 0.817187 0.352083 0.890625 0.377083 0.887500 0.450000 0.996875 0.464583
3 0.084375 0.495833 0.000000 0.500000 0.000000 0.541667 0.076563 0.527083
3 0.568750 0.462500 0.557813 0.458333 0.557813 0.518750 0.553125 0.527083 0.537500 0.514583 0.542188 0.464583 0.534375 0.462500 0.529687 0.514583 0.506250 0.508333 0.489063 0.489583 0.487500 0.500000 0.567187 0.531250
3 0.939063 0.454167 0.795312 0.458333 0.796875 0.558333 0.603125 0.518750 0.592187 0.464583 0.590625 0.539583 0.921875 0.668750 0.915625 0.510417
4 0.828125 0.560417 0.818750 0.581250 0.818750 0.591667 0.815625 0.593750 0.817187 0.595833 0.814063 0.600000 0.814063 0.606250 0.821875 0.610417 0.825000 0.616667 0.842187 0.620833 0.848437 0.627083 0.848437 0.564583 0.845313 0.560417 0.839063 0.570833 0.834375 0.558333
4 0.543750 0.464583 0.542188 0.481250 0.540625 0.483333 0.539062 0.514583 0.540625 0.520833 0.553125 0.525000 0.556250 0.518750 0.556250 0.464583
4 0.484375 0.468750 0.484375 0.497917 0.489063 0.487500 0.495312 0.493750 0.496875 0.500000 0.504687 0.502083 0.506250 0.506250 0.529687 0.512500 0.532813 0.464583 0.489063 0.464583
4 0.998437 0.462500 0.934375 0.468750 0.917188 0.510417 0.925000 0.662500 0.929688 0.654167 0.998437 0.681250
4 0.801562 0.550000 0.796875 0.462500 0.601562 0.468750 0.603125 0.516667 0.787500 0.556250
4 0.568750 0.460417 0.570312 0.481250 0.567187 0.527083 0.570312 0.533333 0.589063 0.535417 0.592187 0.468750 0.587500 0.462500
4 0.000000 0.497917 0.084375 0.493750 0.156250 0.410417 0.000000 0.379167
8 0.432812 0.385417 0.414062 0.414583 0.423438 0.481250 0.450000 0.485417 0.453125 0.466667 0.470313 0.466667 0.481250 0.495833 0.484375 0.466667 0.514062 0.462500 0.504687 0.435417 0.490625 0.429167 0.489063 0.410417 0.495312 0.404167 0.490625 0.389583 0.484375 0.389583 0.478125 0.410417 0.459375 0.406250 0.457813 0.379167 0.453125 0.395833 0.446875 0.385417
8 0.892188 0.383333 0.873437 0.362500 0.817187 0.354167 0.779687 0.383333 0.596875 0.427083 0.600000 0.466667 0.884375 0.450000
8 0.532813 0.339583 0.528125 0.345833 0.525000 0.341667 0.525000 0.354167 0.510938 0.385417 0.507812 0.408333 0.526563 0.445833 0.526563 0.462500 0.532813 0.462500 0.535937 0.441667 0.550000 0.408333 0.550000 0.389583 0.545312 0.375000 0.535937 0.362500
8 0.375000 0.329167 0.362500 0.356250 0.365625 0.377083 0.328125 0.395833 0.328125 0.418750 0.368750 0.422917 0.375000 0.437500 0.385937 0.443750 0.387500 0.475000 0.389062 0.466667 0.404687 0.468750 0.403125 0.427083 0.392188 0.422917 0.384375 0.408333 0.392188 0.397917 0.390625 0.364583 0.384375 0.337500
8 0.000000 0.172917 0.017188 0.243750 0.000000 0.297917 0.087500 0.356250 0.000000 0.335417 0.000000 0.377083 0.137500 0.406250 0.160938 0.370833 0.325000 0.418750 0.309375 0.352083 0.259375 0.364583 0.237500 0.270833 0.221875 0.289583 0.135937 0.220833 0.107813 0.237500 0.117188 0.283333 0.100000 0.293750 0.071875 0.162500 0.025000 0.133333 0.045312 0.164583
10 0.000000 0.170833 0.037500 0.133333 0.082812 0.208333 0.231250 0.231250 0.276562 0.364583 0.293750 0.100000 0.282813 0.362500 0.356250 0.383333 0.378125 0.327083 0.418750 0.454167 0.432812 0.383333 0.595313 0.350000 0.625000 0.252083 0.792188 0.268750 0.892188 0.000000 0.000000 0.000000
13 0.081250 0.572917 0.100000 0.602083 0.234375 0.581250 0.256250 0.602083 0.279687 0.554167 0.306250 0.556250 0.309375 0.527083 0.331250 0.537500 0.348438 0.510417 0.367188 0.516667 0.387500 0.477083 0.407813 0.479167 0.387500 0.477083 0.364063 0.420833 0.295312 0.431250 0.270313 0.404167 0.171875 0.397917 0.090625 0.483333