0 0.000000 0.743750 0.000000 0.997917 0.989062 0.997917 0.407813 0.483333 0.190625 0.556250 0.175000 0.616667 0.039062 0.656250
1 0.409375 0.483333 0.998437 0.997917 0.998437 0.718750
2 0.487500 0.383333 0.471875 0.397917 0.467187 0.406250 0.467187 0.414583 0.470313 0.420833 0.481250 0.422917 0.490625 0.435417 0.490625 0.456250 0.504687 0.456250 0.504687 0.435417 0.484375 0.400000 0.489063 0.391667
2 0.042188 0.150000 0.067187 0.183333 0.085938 0.185417 0.104688 0.200000 0.110937 0.193750 0.118750 0.227083 0.140625 0.241667 0.157812 0.225000 0.171875 0.235417 0.176563 0.252083 0.168750 0.197917 0.065625 0.181250 0.059375 0.160417
2 0.998437 0.000000 0.935937 0.004167 0.832812 0.254167 0.823438 0.225000 0.800000 0.247917 0.617188 0.220833 0.581250 0.347917 0.559375 0.312500 0.518750 0.333333 0.534375 0.404167 0.515625 0.454167 0.604688 0.454167 0.603125 0.410417 0.998437 0.283333
3 0.604688 0.456250 0.604688 0.560417 0.998437 0.716667 0.998437 0.604167 0.620313 0.527083
3 0.554688 0.452083 0.553125 0.537500 0.564063 0.539583 0.565625 0.452083
4 0.456250 0.468750 0.456250 0.495833 0.520312 0.525000 0.517188 0.512500 0.525000 0.495833 0.526563 0.525000 0.551562 0.537500 0.551562 0.456250 0.475000 0.458333
4 0.567187 0.454167 0.565625 0.539583 0.592187 0.543750 0.600000 0.550000 0.603125 0.456250
4 0.998437 0.602083 0.998437 0.443750 0.615625 0.464583 0.620313 0.525000
5 0.229687 0.025000 0.210938 0.350000 0.215625 0.412500
8 0.401562 0.385417 0.389062 0.408333 0.398438 0.481250 0.426563 0.481250 0.426563 0.466667 0.439063 0.462500 0.453125 0.468750 0.454688 0.487500 0.460938 0.460417 0.489063 0.456250 0.489063 0.435417 0.465625 0.414583 0.470313 0.400000 0.465625 0.381250 0.454688 0.404167 0.434375 0.402083 0.432812 0.372917 0.428125 0.389583 0.418750 0.377083
8 0.275000 0.341667 0.256250 0.337500 0.246875 0.347917 0.245312 0.364583 0.218750 0.364583 0.218750 0.412500 0.250000 0.416667 0.257812 0.406250 0.281250 0.404167 0.282813 0.379167 0.267188 0.366667 0.275000 0.356250
8 0.514062 0.322917 0.509375 0.329167 0.506250 0.325000 0.506250 0.341667 0.492188 0.364583 0.490625 0.391667 0.485938 0.397917 0.506250 0.435417 0.507812 0.454167 0.514062 0.454167 0.514062 0.445833 0.532813 0.404167 0.532813 0.375000 0.528125 0.360417 0.518750 0.350000
8 0.343750 0.320833 0.332813 0.347917 0.334375 0.375000 0.287500 0.381250 0.285938 0.404167 0.315625 0.406250 0.334375 0.433333 0.350000 0.433333 0.351562 0.477083 0.368750 0.464583 0.370312 0.435417 0.379688 0.475000 0.376563 0.425000 0.357812 0.404167 0.365625 0.385417 0.354687 0.327083
8 0.998437 0.285417 0.604688 0.410417 0.604688 0.450000 0.993750 0.443750
8 0.000000 0.112500 0.000000 0.316667 0.018750 0.339583 0.131250 0.370833 0.167187 0.414583 0.207813 0.412500 0.209375 0.352083 0.192188 0.345833 0.170313 0.235417 0.126562 0.237500 0.110937 0.195833 0.064062 0.183333 0.039062 0.141667 0.015625 0.145833
10 0.000000 0.110417 0.168750 0.195833 0.209375 0.350000 0.229687 0.022917 0.221875 0.360417 0.314063 0.320833 0.287500 0.362500 0.332813 0.375000 0.348438 0.318750 0.393750 0.450000 0.506250 0.322917 0.581250 0.345833 0.617188 0.218750 0.832812 0.252083 0.937500 0.000000 0.000000 0.000000
13 0.000000 0.741667 0.039062 0.654167 0.143750 0.593750 0.175000 0.614583 0.190625 0.554167 0.248438 0.564583 0.284375 0.516667 0.331250 0.512500 0.350000 0.491667 0.348438 0.435417 0.310937 0.406250 0.167187 0.416667 0.093750 0.354167 0.000000 0.339583