0 0.000000 0.685417 0.000000 0.997917 0.906250 0.997917 0.389062 0.479167 0.164062 0.589583 0.042188 0.583333
1 0.390625 0.479167 0.907813 0.997917 0.998437 0.997917 0.995313 0.743750
2 0.479687 0.375000 0.464062 0.389583 0.456250 0.406250 0.459375 0.412500 0.471875 0.414583 0.482812 0.427083 0.484375 0.454167 0.498437 0.454167 0.496875 0.437500 0.487500 0.416667 0.482812 0.412500 0.481250 0.404167 0.473438 0.395833 0.478125 0.389583
2 0.262500 0.352083 0.262500 0.356250 0.260937 0.358333 0.260937 0.368750 0.262500 0.370833 0.267188 0.368750 0.276562 0.375000 0.278125 0.375000 0.281250 0.370833 0.287500 0.370833 0.287500 0.358333 0.285938 0.356250 0.264062 0.354167
2 0.000000 0.347917 0.000000 0.356250 0.003125 0.358333 0.017188 0.358333 0.023438 0.362500 0.032813 0.362500 0.048438 0.366667 0.050000 0.362500 0.046875 0.352083 0.040625 0.345833 0.031250 0.341667 0.029687 0.337500 0.026562 0.337500 0.025000 0.341667 0.020313 0.339583 0.017188 0.343750 0.007812 0.343750 0.006250 0.347917
2 0.017188 0.139583 0.045312 0.168750 0.068750 0.175000 0.075000 0.193750 0.092188 0.193750 0.100000 0.175000 0.115625 0.191667 0.142187 0.281250 0.143750 0.387500 0.151562 0.389583 0.160938 0.331250 0.128125 0.160417
2 0.998437 0.000000 0.873437 0.252083 0.840625 0.216667 0.748437 0.233333 0.620313 0.200000 0.578125 0.345833 0.551562 0.308333 0.514062 0.341667 0.506250 0.452083 0.618750 0.450000 0.620313 0.393750 0.995313 0.287500
3 0.621875 0.458333 0.620313 0.577083 0.998437 0.745833 0.998437 0.622917 0.639062 0.537500 0.634375 0.460417
3 0.570312 0.447917 0.554688 0.445833 0.554688 0.470833 0.556250 0.472917 0.554688 0.516667 0.560937 0.506250 0.564063 0.506250 0.565625 0.483333 0.568750 0.472917 0.568750 0.450000
3 0.015625 0.395833 0.018750 0.404167 0.021875 0.406250 0.023438 0.414583 0.026562 0.416667 0.029687 0.427083 0.034375 0.429167 0.040625 0.429167 0.042188 0.425000 0.045312 0.425000 0.043750 0.420833 0.048438 0.418750 0.059375 0.402083
4 0.998437 0.620833 0.998437 0.452083 0.634375 0.458333 0.639062 0.535417
4 0.414062 0.464583 0.412500 0.481250 0.423438 0.485417 0.437500 0.466667 0.439063 0.491667 0.615625 0.562500 0.621875 0.452083 0.570312 0.450000 0.565625 0.506250 0.554688 0.518750 0.550000 0.454167
5 0.189062 0.000000 0.167187 0.391667 0.175000 0.379167
8 0.375000 0.402083 0.382812 0.477083 0.393750 0.477083 0.395313 0.466667 0.396875 0.477083 0.410938 0.481250 0.414062 0.462500 0.482812 0.454167 0.481250 0.427083 0.454688 0.406250 0.459375 0.395833 0.454688 0.375000 0.443750 0.402083 0.431250 0.393750 0.421875 0.397917 0.420312 0.368750 0.415625 0.385417 0.401562 0.372917
8 0.165625 0.341667 0.159375 0.345833 0.154688 0.345833 0.154688 0.360417 0.153125 0.362500 0.154688 0.385417 0.153125 0.389583 0.157812 0.391667 0.165625 0.391667 0.165625 0.379167 0.164062 0.377083 0.164062 0.370833 0.165625 0.368750 0.165625 0.352083 0.167187 0.350000 0.165625 0.347917
8 0.254688 0.331250 0.232813 0.327083 0.225000 0.337500 0.226562 0.350000 0.212500 0.358333 0.189062 0.337500 0.176563 0.339583 0.175000 0.391667 0.204687 0.404167 0.214062 0.387500 0.256250 0.387500 0.256250 0.368750 0.246875 0.358333 0.257812 0.341667
8 0.506250 0.312500 0.501563 0.320833 0.496875 0.318750 0.496875 0.335417 0.487500 0.343750 0.479687 0.389583 0.475000 0.393750 0.498437 0.437500 0.500000 0.454167 0.504687 0.452083 0.525000 0.397917 0.525000 0.366667 0.512500 0.341667 0.512500 0.329167 0.506250 0.325000
8 0.260937 0.370833 0.260937 0.391667 0.285938 0.391667 0.304688 0.422917 0.331250 0.427083 0.331250 0.472917 0.337500 0.418750 0.335938 0.472917 0.345313 0.460417 0.365625 0.468750 0.365625 0.425000 0.342187 0.400000 0.350000 0.364583 0.339062 0.316667 0.329688 0.310417 0.317188 0.368750
8 0.998437 0.285417 0.620313 0.395833 0.620313 0.450000 0.998437 0.450000
8 0.000000 0.125000 0.000000 0.345833 0.029687 0.335417 0.051562 0.362500 0.000000 0.358333 0.000000 0.375000 0.014063 0.393750 0.048438 0.400000 0.142187 0.387500 0.140625 0.281250 0.114062 0.191667 0.100000 0.177083 0.092188 0.195833 0.075000 0.195833
10 0.178125 0.337500 0.290625 0.308333 0.262500 0.350000 0.317188 0.366667 0.334375 0.310417 0.379688 0.450000 0.382812 0.385417 0.462500 0.391667 0.506250 0.310417 0.582812 0.347917 0.620313 0.197917 0.873437 0.250000 0.990625 0.000000 0.190625 0.000000
10 0.000000 0.000000 0.000000 0.110417 0.014063 0.137500 0.129688 0.160417 0.165625 0.339583 0.182812 0.000000
13 0.000000 0.683333 0.026562 0.656250 0.042188 0.581250 0.164062 0.587500 0.235937 0.522917 0.282813 0.527083 0.304688 0.491667 0.328125 0.491667 0.329688 0.427083 0.279687 0.391667 0.198437 0.406250 0.100000 0.385417 0.034375 0.431250 0.000000 0.377083