0 0.000000 0.681250 0.000000 0.997917 0.998437 0.997917 0.410938 0.483333 0.228125 0.550000 0.096875 0.695833
1 0.414062 0.487500 0.998437 0.985417 0.993750 0.712500
2 0.493750 0.385417 0.489063 0.393750 0.485938 0.393750 0.473438 0.408333 0.475000 0.425000 0.482812 0.425000 0.490625 0.431250 0.492188 0.441667 0.496875 0.445833 0.495312 0.454167 0.498437 0.460417 0.512500 0.458333 0.509375 0.437500 0.501563 0.427083 0.492188 0.404167 0.495312 0.395833
2 0.000000 0.212500 0.000000 0.266667 0.006250 0.268750 0.009375 0.262500 0.012500 0.260417 0.010937 0.258333 0.012500 0.237500 0.009375 0.235417 0.009375 0.222917
2 0.053125 0.164583 0.071875 0.177083 0.092188 0.206250 0.142187 0.220833 0.146875 0.245833 0.164062 0.262500 0.178125 0.241667 0.190625 0.252083 0.184375 0.208333 0.084375 0.191667 0.082812 0.175000 0.075000 0.166667
2 0.998437 0.000000 0.925000 0.002083 0.829688 0.239583 0.618750 0.231250 0.584375 0.350000 0.567187 0.320833 0.525000 0.339583 0.539062 0.400000 0.518750 0.456250 0.600000 0.460417 0.600000 0.418750 0.998437 0.293750
3 0.554688 0.456250 0.556250 0.466667 0.553125 0.537500 0.564063 0.539583 0.565625 0.456250
3 0.998437 0.714583 0.998437 0.435417 0.948438 0.439583 0.946875 0.593750 0.620313 0.527083 0.600000 0.462500 0.601562 0.558333
4 0.567187 0.456250 0.565625 0.539583 0.592187 0.539583 0.595313 0.543750 0.598437 0.529167 0.598437 0.462500 0.593750 0.458333
4 0.553125 0.458333 0.467187 0.458333 0.460938 0.468750 0.434375 0.468750 0.432812 0.485417 0.446875 0.487500 0.446875 0.477083 0.456250 0.472917 0.459375 0.495833 0.521875 0.525000 0.529687 0.477083 0.531250 0.527083 0.550000 0.535417
4 0.953125 0.454167 0.612500 0.466667 0.612500 0.520833 0.946875 0.591667
5 0.243750 0.045833 0.229687 0.418750 0.235937 0.416667
8 0.471875 0.385417 0.460938 0.408333 0.442188 0.404167 0.439063 0.375000 0.435937 0.393750 0.426563 0.381250 0.409375 0.387500 0.395313 0.425000 0.403125 0.447917 0.403125 0.481250 0.412500 0.483333 0.415625 0.472917 0.417187 0.483333 0.431250 0.483333 0.434375 0.466667 0.460938 0.466667 0.467187 0.456250 0.495312 0.458333 0.489063 0.431250 0.473438 0.425000 0.471875 0.408333 0.478125 0.400000
8 0.284375 0.347917 0.264062 0.343750 0.251563 0.372917 0.245312 0.370833 0.243750 0.375000 0.237500 0.362500 0.234375 0.406250 0.237500 0.416667 0.234375 0.418750 0.268750 0.422917 0.279687 0.410417 0.293750 0.410417 0.293750 0.385417 0.278125 0.370833
8 0.510938 0.333333 0.510938 0.347917 0.498437 0.368750 0.493750 0.404167 0.510938 0.437500 0.514062 0.458333 0.517188 0.458333 0.535937 0.410417 0.537500 0.387500 0.532813 0.364583 0.525000 0.358333 0.517188 0.333333 0.515625 0.337500
8 0.353125 0.322917 0.342187 0.352083 0.342187 0.377083 0.306250 0.389583 0.296875 0.385417 0.296875 0.410417 0.329688 0.412500 0.351562 0.435417 0.365625 0.425000 0.359375 0.435417 0.365625 0.477083 0.368750 0.466667 0.385937 0.470833 0.389062 0.452083 0.382812 0.425000 0.370312 0.420833 0.364063 0.404167 0.371875 0.391667 0.368750 0.362500
8 0.998437 0.295833 0.971875 0.285417 0.904687 0.329167 0.604688 0.414583 0.600000 0.447917 0.612500 0.464583 0.998437 0.433333
8 0.000000 0.175000 0.014063 0.237500 0.000000 0.268750 0.000000 0.362500 0.153125 0.372917 0.207813 0.420833 0.228125 0.418750 0.228125 0.358333 0.207813 0.352083 0.184375 0.245833 0.164062 0.264583 0.142187 0.222917 0.092188 0.208333 0.050000 0.168750 0.043750 0.139583 0.020313 0.189583
10 0.000000 0.172917 0.184375 0.206250 0.228125 0.356250 0.246875 0.045833 0.237500 0.360417 0.332813 0.381250 0.356250 0.320833 0.400000 0.454167 0.412500 0.383333 0.584375 0.347917 0.621875 0.227083 0.829688 0.237500 0.925000 0.000000 0.000000 0.000000
13 0.000000 0.679167 0.054688 0.668750 0.064062 0.693750 0.096875 0.693750 0.128125 0.620833 0.187500 0.581250 0.215625 0.600000 0.228125 0.547917 0.271875 0.558333 0.303125 0.516667 0.342187 0.512500 0.359375 0.491667 0.357812 0.437500 0.329688 0.414583 0.207813 0.422917 0.153125 0.375000 0.000000 0.364583