0 0.000000 0.566667 0.000000 0.997917 0.732812 0.997917 0.400000 0.470833 0.329688 0.458333 0.162500 0.545833
1 0.000000 0.564583 0.021875 0.554167 0.034375 0.556250 0.071875 0.547917 0.090625 0.533333 0.103125 0.531250 0.039062 0.525000 0.026562 0.516667 0.010937 0.514583 0.000000 0.527083
1 0.404687 0.472917 0.734375 0.997917 0.998437 0.997917 0.998437 0.845833 0.931250 0.764583
2 0.514062 0.368750 0.485938 0.393750 0.484375 0.400000 0.495312 0.402083 0.500000 0.397917 0.503125 0.410417 0.517188 0.420833 0.515625 0.443750 0.510938 0.456250 0.534375 0.456250 0.532813 0.435417 0.520312 0.412500 0.514062 0.391667
2 0.273438 0.327083 0.273438 0.331250 0.275000 0.331250 0.281250 0.341667 0.284375 0.341667 0.285938 0.345833 0.290625 0.345833 0.292187 0.341667 0.293750 0.343750 0.295312 0.341667 0.306250 0.339583 0.306250 0.333333 0.303125 0.333333 0.301563 0.331250 0.292187 0.331250 0.290625 0.327083 0.284375 0.327083 0.282813 0.325000 0.276562 0.325000
2 0.595313 0.304167 0.560937 0.331250 0.570312 0.339583 0.576562 0.383333 0.543750 0.456250 0.607812 0.454167 0.612500 0.464583 0.623437 0.464583 0.642188 0.445833 0.645312 0.393750
2 0.732812 0.122917 0.651563 0.327083 0.654687 0.464583 0.703125 0.450000 0.967187 0.518750 0.937500 0.468750 0.951562 0.335417 0.998437 0.329167 0.998437 0.195833 0.965625 0.212500
2 0.000000 0.000000 0.018750 0.120833 0.021875 0.297917 0.076563 0.272917 0.118750 0.283333 0.123438 0.239583 0.090625 0.070833 0.093750 0.000000 0.082812 0.025000
3 0.964063 0.493750 0.970313 0.550000 0.953125 0.808333 0.998437 0.843750 0.998437 0.497917
3 0.584375 0.456250 0.578125 0.531250 0.578125 0.575000 0.590625 0.577083 0.590625 0.550000 0.600000 0.460417
3 0.678125 0.454167 0.667188 0.633333 0.685937 0.647917 0.701562 0.647917 0.715625 0.468750 0.720313 0.460417
4 0.721875 0.462500 0.706250 0.647917 0.910937 0.747917 0.951562 0.791667 0.968750 0.520833
4 0.604688 0.456250 0.592187 0.577083 0.585938 0.579167 0.642188 0.602083 0.665625 0.627083 0.678125 0.468750 0.612500 0.466667
4 0.423438 0.477083 0.443750 0.487500 0.448437 0.468750 0.460938 0.466667 0.460938 0.497917 0.578125 0.577083 0.581250 0.458333 0.462500 0.456250 0.459375 0.464583 0.451562 0.452083 0.450000 0.462500 0.434375 0.460417
8 0.659375 0.368750 0.651563 0.377083 0.646875 0.389583 0.648438 0.404167 0.642188 0.420833 0.643750 0.445833 0.640625 0.452083 0.632812 0.452083 0.628125 0.458333 0.628125 0.464583 0.653125 0.464583
8 0.396875 0.393750 0.403125 0.470833 0.421875 0.477083 0.434375 0.458333 0.450000 0.460417 0.451562 0.450000 0.459375 0.462500 0.462500 0.454167 0.512500 0.452083 0.515625 0.420833 0.500000 0.400000 0.482812 0.400000 0.487500 0.391667 0.481250 0.372917 0.465625 0.397917 0.446875 0.393750 0.446875 0.362500 0.440625 0.379167 0.431250 0.366667 0.417187 0.368750
8 0.998437 0.331250 0.951562 0.337500 0.945312 0.347917 0.939063 0.468750 0.959375 0.495833 0.998437 0.495833
8 0.253125 0.291667 0.260937 0.395833 0.267188 0.356250 0.265625 0.387500 0.325000 0.397917 0.337500 0.460417 0.348438 0.460417 0.357812 0.404167 0.353125 0.460417 0.376563 0.450000 0.387500 0.464583 0.387500 0.414583 0.365625 0.391667 0.371875 0.337500 0.357812 0.291667 0.329688 0.352083 0.310937 0.337500 0.285938 0.347917 0.271875 0.331250 0.282813 0.312500
8 0.246875 0.289583 0.243750 0.289583 0.239063 0.297917 0.235937 0.295833 0.234375 0.300000 0.235937 0.302083 0.234375 0.310417 0.228125 0.320833 0.229687 0.325000 0.232813 0.325000 0.234375 0.329167 0.239063 0.331250 0.243750 0.339583 0.245312 0.339583 0.245312 0.329167 0.243750 0.327083 0.246875 0.325000 0.246875 0.318750 0.245312 0.316667 0.246875 0.310417
8 0.551562 0.285417 0.545312 0.293750 0.539062 0.291667 0.534375 0.318750 0.526563 0.322917 0.518750 0.343750 0.515625 0.391667 0.534375 0.435417 0.535937 0.456250 0.543750 0.454167 0.575000 0.383333 0.568750 0.339583 0.556250 0.325000 0.557813 0.308333 0.551562 0.300000
8 0.129688 0.229167 0.125000 0.237500 0.125000 0.264583 0.120313 0.272917 0.120313 0.283333 0.126562 0.287500 0.153125 0.289583 0.167187 0.293750 0.170313 0.297917 0.165625 0.270833 0.162500 0.268750 0.154688 0.243750 0.145313 0.229167 0.140625 0.233333 0.135937 0.227083
8 0.000000 0.039583 0.003125 0.325000 0.023438 0.306250 0.017188 0.264583 0.025000 0.237500 0.014063 0.214583 0.017188 0.120833 0.006250 0.095833
10 0.093750 0.010417 0.123438 0.237500 0.218750 0.314583 0.290625 0.247917 0.253125 0.289583 0.328125 0.350000 0.357812 0.289583 0.389062 0.439583 0.550000 0.283333 0.645312 0.391667 0.732812 0.120833 0.998437 0.193750 0.998437 0.000000
10 0.004687 0.000000 0.039062 0.008333 0.050000 0.016667 0.082812 0.022917 0.087500 0.002083
13 0.000000 0.329167 0.000000 0.525000 0.014063 0.512500 0.162500 0.543750 0.187500 0.506250 0.240625 0.514583 0.260937 0.477083 0.325000 0.479167 0.325000 0.400000 0.260937 0.397917 0.248438 0.343750 0.201563 0.304167 0.076563 0.275000