0 0.000000 0.583333 0.000000 0.997917 0.751563 0.997917 0.396875 0.468750 0.326562 0.458333
1 0.000000 0.581250 0.059375 0.568750 0.120313 0.539583 0.145313 0.537500 0.153125 0.527083 0.148438 0.518750 0.112500 0.518750 0.064062 0.504167 0.043750 0.520833 0.003125 0.514583
1 0.257812 0.502083 0.262500 0.497917 0.267188 0.497917 0.268750 0.493750 0.275000 0.489583 0.278125 0.489583 0.284375 0.483333 0.290625 0.481250 0.290625 0.479167 0.287500 0.477083 0.262500 0.477083 0.260937 0.479167 0.260937 0.491667
1 0.401562 0.470833 0.750000 0.995833 0.998437 0.997917 0.996875 0.835417 0.771875 0.664583
2 0.506250 0.364583 0.485938 0.383333 0.479687 0.393750 0.489063 0.397917 0.501563 0.414583 0.507812 0.416667 0.506250 0.454167 0.525000 0.454167 0.523438 0.435417 0.506250 0.400000
2 0.259375 0.322917 0.259375 0.329167 0.265625 0.333333 0.268750 0.339583 0.275000 0.339583 0.281250 0.345833 0.284375 0.345833 0.285938 0.341667 0.296875 0.341667 0.300000 0.337500 0.298438 0.333333 0.295312 0.331250 0.287500 0.331250 0.285938 0.327083
2 0.534375 0.454167 0.626563 0.458333 0.639062 0.395833 0.635938 0.460417 0.839063 0.489583 0.835938 0.354167 0.998437 0.310417 0.998437 0.243750 0.970313 0.202083 0.929688 0.218750 0.707812 0.137500 0.634375 0.327083 0.640625 0.393750 0.582812 0.302083 0.550000 0.329167 0.564063 0.381250
2 0.006250 0.016667 0.042188 0.150000 0.042188 0.312500 0.064062 0.322917 0.118750 0.289583 0.121875 0.233333 0.101562 0.133333 0.104688 0.087500 0.092188 0.081250 0.082812 0.039583
3 0.843750 0.479167 0.835938 0.735417 0.998437 0.835417 0.998437 0.700000 0.907813 0.664583 0.920312 0.487500
3 0.643750 0.447917 0.637500 0.606250 0.646875 0.616667 0.660937 0.616667 0.671875 0.481250 0.678125 0.454167 0.670312 0.447917
4 0.921875 0.491667 0.914062 0.531250 0.909375 0.664583 0.998437 0.697917 0.998437 0.500000
4 0.678125 0.458333 0.662500 0.616667 0.771875 0.662500 0.829688 0.712500 0.843750 0.481250 0.835938 0.491667
4 0.426563 0.458333 0.423438 0.477083 0.442188 0.483333 0.440625 0.468750 0.453125 0.464583 0.460938 0.502083 0.598437 0.575000 0.637500 0.610417 0.643750 0.462500 0.581250 0.456250 0.573438 0.508333 0.571875 0.454167
4 0.000000 0.383333 0.004687 0.372917 0.037500 0.352083 0.064062 0.325000 0.000000 0.300000 0.028125 0.316667 0.023438 0.341667 0.000000 0.331250
5 0.110937 0.000000 0.106250 0.000000 0.103125 0.018750 0.104688 0.025000 0.100000 0.047917 0.101562 0.054167 0.096875 0.066667 0.098437 0.077083 0.106250 0.083333 0.104688 0.079167 0.107813 0.054167 0.106250 0.045833 0.109375 0.027083 0.107813 0.020833 0.110937 0.018750 0.109375 0.016667
8 0.639062 0.397917 0.632812 0.402083 0.631250 0.406250 0.631250 0.433333 0.629687 0.435417 0.628125 0.458333 0.632812 0.458333 0.634375 0.445833 0.637500 0.443750 0.637500 0.406250 0.639062 0.404167
8 0.390625 0.389583 0.389062 0.416667 0.396875 0.429167 0.390625 0.443750 0.396875 0.447917 0.398438 0.468750 0.407813 0.464583 0.420312 0.475000 0.428125 0.454167 0.504687 0.454167 0.506250 0.416667 0.478125 0.393750 0.475000 0.370833 0.467187 0.370833 0.457813 0.395833 0.439063 0.391667 0.439063 0.360417 0.432812 0.377083 0.425000 0.364583 0.409375 0.366667
8 0.998437 0.312500 0.837500 0.354167 0.832812 0.462500 0.850000 0.477083 0.998437 0.497917
8 0.540625 0.289583 0.529687 0.289583 0.528125 0.304167 0.507812 0.350000 0.507812 0.400000 0.525000 0.435417 0.526563 0.454167 0.532813 0.454167 0.562500 0.381250 0.559375 0.337500 0.548438 0.331250 0.548438 0.304167 0.542188 0.304167
8 0.250000 0.289583 0.248438 0.339583 0.265625 0.385417 0.321875 0.397917 0.334375 0.460417 0.345313 0.406250 0.357812 0.400000 0.345313 0.460417 0.357812 0.445833 0.384375 0.454167 0.378125 0.406250 0.357812 0.381250 0.365625 0.347917 0.353125 0.291667 0.337500 0.304167 0.329688 0.347917 0.310937 0.337500 0.281250 0.347917 0.257812 0.329167 0.278125 0.312500
8 0.240625 0.287500 0.235937 0.291667 0.234375 0.295833 0.231250 0.295833 0.229687 0.300000 0.228125 0.297917 0.229687 0.302083 0.229687 0.318750 0.226562 0.320833 0.231250 0.325000 0.232813 0.329167 0.235937 0.329167 0.239063 0.331250 0.240625 0.335417 0.243750 0.335417 0.243750 0.310417 0.245312 0.308333 0.245312 0.293750 0.246875 0.289583
8 0.121875 0.231250 0.123438 0.268750 0.117188 0.295833 0.207813 0.314583 0.192188 0.295833 0.167187 0.300000 0.139063 0.231250 0.129688 0.233333 0.128125 0.227083
8 0.000000 0.010417 0.000000 0.329167 0.023438 0.339583 0.026562 0.316667 0.003125 0.302083 0.040625 0.310417 0.042188 0.170833 0.025000 0.072917
10 0.109375 0.020833 0.162500 0.291667 0.287500 0.254167 0.251563 0.287500 0.329688 0.345833 0.350000 0.287500 0.390625 0.439583 0.398438 0.375000 0.482812 0.385417 0.529687 0.287500 0.639062 0.387500 0.707812 0.135417 0.998437 0.241667 0.998437 0.000000
10 0.000000 0.000000 0.000000 0.008333 0.007812 0.016667 0.082812 0.037500 0.089063 0.043750 0.095312 0.079167 0.104688 0.000000
13 0.353125 0.456250 0.354687 0.464583 0.384375 0.464583 0.384375 0.458333 0.382812 0.456250 0.379688 0.458333 0.375000 0.458333 0.371875 0.454167 0.371875 0.452083 0.362500 0.452083 0.360938 0.447917 0.357812 0.447917 0.357812 0.450000 0.354687 0.452083
13 0.000000 0.385417 0.000000 0.531250 0.003125 0.512500 0.064062 0.502083 0.190625 0.533333 0.203125 0.502083 0.251563 0.508333 0.262500 0.475000 0.310937 0.481250 0.325000 0.464583 0.321875 0.400000 0.265625 0.387500 0.256250 0.352083 0.212500 0.316667 0.107813 0.293750