0 0.000000 0.633333 0.000000 0.997917 0.745313 0.997917 0.450000 0.483333 0.090625 0.522917
1 0.453125 0.485417 0.746875 0.997917 0.998437 0.997917 0.996875 0.835417
1 0.090625 0.520833 0.231250 0.500000 0.228125 0.466667 0.095312 0.464583
2 0.537500 0.402083 0.546875 0.414583 0.546875 0.406250 0.568750 0.383333 0.573438 0.391667 0.584375 0.387500 0.585938 0.397917 0.603125 0.418750 0.603125 0.460417 0.628125 0.464583 0.623437 0.431250 0.600000 0.383333 0.598437 0.341667
2 0.673438 0.279167 0.684375 0.356250 0.640625 0.464583 0.654687 0.464583 0.660937 0.450000 0.673438 0.464583 0.693750 0.454167 0.745313 0.454167 0.754687 0.406250 0.684375 0.285417
2 0.998437 0.000000 0.975000 0.000000 0.846875 0.243750 0.870313 0.258333 0.865625 0.360417 0.831250 0.454167 0.934375 0.458333 0.998437 0.439583
2 0.000000 0.000000 0.001563 0.141667 0.073438 0.214583 0.093750 0.293750 0.109375 0.283333 0.131250 0.304167 0.157812 0.289583 0.140625 0.262500 0.131250 0.268750 0.098437 0.245833 0.037500 0.000000
3 0.956250 0.445833 0.960938 0.506250 0.945312 0.725000 0.956250 0.795833 0.998437 0.835417 0.998437 0.441667
4 0.484375 0.470833 0.498437 0.502083 0.525000 0.472917 0.531250 0.527083 0.967187 0.814583 0.943750 0.725000 0.957812 0.454167
4 0.096875 0.383333 0.095312 0.462500 0.145313 0.466667 0.153125 0.445833 0.160938 0.464583 0.226562 0.464583 0.232813 0.416667 0.225000 0.406250 0.182812 0.404167 0.146875 0.385417
5 0.306250 0.202083 0.268750 0.216667 0.253125 0.235417 0.242188 0.400000 0.256250 0.237500 0.268750 0.220833 0.293750 0.214583
8 0.445312 0.400000 0.456250 0.485417 0.481250 0.491667 0.484375 0.468750 0.517188 0.472917 0.520312 0.460417 0.601562 0.462500 0.603125 0.425000 0.584375 0.389583 0.568750 0.385417 0.545312 0.416667 0.535937 0.406250 0.543750 0.391667 0.537500 0.372917 0.515625 0.406250 0.496875 0.400000 0.495312 0.364583 0.490625 0.385417 0.481250 0.372917 0.464062 0.375000
8 0.250000 0.316667 0.246875 0.391667 0.257812 0.372917 0.331250 0.383333 0.356250 0.400000 0.351562 0.466667 0.393750 0.475000 0.396875 0.418750 0.412500 0.410417 0.398438 0.475000 0.426563 0.454167 0.435937 0.475000 0.434375 0.418750 0.412500 0.402083 0.420312 0.358333 0.403125 0.293750 0.376563 0.358333 0.365625 0.339583 0.321875 0.347917 0.321875 0.312500 0.296875 0.291667
8 0.825000 0.243750 0.818750 0.256250 0.812500 0.250000 0.807813 0.287500 0.756250 0.395833 0.757812 0.422917 0.748437 0.427083 0.745313 0.456250 0.825000 0.456250 0.834375 0.443750 0.840625 0.372917 0.834375 0.364583
8 0.092188 0.293750 0.098437 0.381250 0.156250 0.385417 0.229687 0.414583 0.240625 0.400000 0.196875 0.381250 0.239063 0.387500 0.246875 0.318750 0.240625 0.306250 0.217188 0.308333 0.193750 0.243750 0.178125 0.243750 0.162500 0.287500 0.131250 0.306250 0.109375 0.285417
8 0.650000 0.225000 0.640625 0.237500 0.634375 0.227083 0.600000 0.333333 0.601562 0.383333 0.625000 0.431250 0.629687 0.464583 0.639062 0.464583 0.682813 0.356250 0.676562 0.293750 0.662500 0.279167 0.660937 0.250000 0.656250 0.256250 0.650000 0.245833
10 0.039062 0.000000 0.100000 0.245833 0.245312 0.308333 0.306250 0.200000 0.253125 0.314583 0.376563 0.356250 0.403125 0.291667 0.446875 0.452083 0.650000 0.222917 0.751563 0.402083 0.825000 0.241667 0.842187 0.402083 0.845313 0.243750 0.973437 0.004167
13 0.525000 0.475000 0.521875 0.475000 0.518750 0.479167 0.510938 0.479167 0.509375 0.483333 0.503125 0.485417 0.501563 0.500000 0.503125 0.502083 0.507812 0.502083 0.509375 0.506250 0.521875 0.506250 0.523438 0.497917 0.525000 0.495833
13 0.404687 0.468750 0.404687 0.477083 0.415625 0.477083 0.417187 0.481250 0.420312 0.481250 0.421875 0.477083 0.423438 0.477083 0.425000 0.481250 0.432812 0.481250 0.434375 0.475000 0.428125 0.470833 0.426563 0.466667 0.420312 0.466667 0.418750 0.464583 0.406250 0.464583
13 0.235937 0.404167 0.228125 0.458333 0.234375 0.500000 0.296875 0.495833 0.310937 0.508333 0.318750 0.508333 0.323437 0.491667 0.345313 0.500000 0.348438 0.397917 0.325000 0.383333 0.257812 0.375000
13 0.000000 0.139583 0.003125 0.631250 0.043750 0.543750 0.090625 0.518750 0.096875 0.370833 0.071875 0.214583