0 0.000000 0.556250 0.000000 0.997917 0.751563 0.997917 0.460938 0.489583 0.346875 0.479167 0.271875 0.537500 0.182812 0.531250 0.160938 0.577083
1 0.462500 0.489583 0.750000 0.995833 0.998437 0.997917 0.998437 0.831250 0.578125 0.560417 0.567187 0.525000
1 0.287500 0.500000 0.342187 0.491667 0.348438 0.487500 0.346875 0.477083 0.404687 0.483333 0.335938 0.475000 0.332813 0.481250 0.329688 0.472917 0.295312 0.470833 0.289062 0.472917
2 0.732812 0.391667 0.731250 0.397917 0.732812 0.406250 0.737500 0.412500 0.737500 0.418750 0.734375 0.420833 0.729688 0.437500 0.729688 0.466667 0.759375 0.466667 0.759375 0.456250 0.746875 0.435417 0.751563 0.429167 0.751563 0.422917 0.748437 0.420833 0.748437 0.408333 0.740625 0.402083 0.739062 0.393750
2 0.787500 0.445833 0.845313 0.460417 0.895312 0.454167 0.901563 0.435417 0.934375 0.431250 0.931250 0.393750 0.901563 0.393750 0.862500 0.431250 0.825000 0.364583
2 0.709375 0.260417 0.668750 0.291667 0.659375 0.272917 0.650000 0.310417 0.643750 0.285417 0.642188 0.316667 0.562500 0.389583 0.560937 0.472917 0.571875 0.472917 0.576562 0.400000 0.628125 0.393750 0.626563 0.362500 0.650000 0.333333 0.656250 0.347917 0.665625 0.331250 0.667188 0.345833 0.690625 0.333333 0.698438 0.350000 0.709375 0.343750
2 0.123438 0.268750 0.110937 0.256250 0.109375 0.243750 0.101562 0.243750 0.100000 0.250000 0.060937 0.222917 0.023438 0.243750 0.009375 0.260417 0.000000 0.254167 0.000000 0.277083 0.015625 0.281250 0.040625 0.266667 0.067187 0.268750 0.076563 0.279167 0.082812 0.279167 0.092188 0.262500
3 0.817187 0.456250 0.800000 0.447917 0.765625 0.454167 0.771875 0.470833 0.768750 0.539583 0.765625 0.541667 0.767188 0.579167 0.793750 0.543750 0.798438 0.466667
3 0.337500 0.447917 0.335938 0.452083 0.335938 0.464583 0.337500 0.464583 0.343750 0.472917 0.360938 0.472917 0.364063 0.468750 0.362500 0.464583 0.362500 0.452083 0.359375 0.452083 0.357812 0.447917
3 0.293750 0.437500 0.293750 0.445833 0.292187 0.447917 0.292187 0.462500 0.293750 0.466667 0.296875 0.468750 0.318750 0.468750 0.320312 0.470833 0.326562 0.470833 0.331250 0.460417 0.331250 0.445833 0.329688 0.443750 0.304688 0.439583 0.303125 0.437500
3 0.998437 0.441667 0.964063 0.431250 0.901563 0.437500 0.898438 0.445833 0.906250 0.456250 0.909375 0.516667 0.929688 0.512500 0.939063 0.502083 0.932813 0.483333 0.928125 0.487500 0.925000 0.481250 0.928125 0.458333 0.992188 0.464583
4 0.498437 0.502083 0.501563 0.506250 0.506250 0.506250 0.509375 0.510417 0.521875 0.516667 0.528125 0.516667 0.526563 0.506250 0.528125 0.493750 0.531250 0.489583 0.543750 0.485417 0.537500 0.483333 0.535937 0.479167 0.501563 0.477083
4 0.998437 0.829167 0.998437 0.466667 0.928125 0.460417 0.940625 0.502083 0.909375 0.518750 0.901563 0.452083 0.803125 0.462500 0.767188 0.581250 0.767188 0.464583 0.578125 0.475000 0.578125 0.558333
5 0.228125 0.043750 0.154688 0.070833 0.139063 0.093750 0.126562 0.287500 0.145313 0.093750 0.167187 0.070833 0.215625 0.060417
8 0.557813 0.362500 0.550000 0.364583 0.535937 0.402083 0.528125 0.393750 0.509375 0.400000 0.507812 0.362500 0.501563 0.385417 0.492188 0.370833 0.464062 0.385417 0.453125 0.408333 0.460938 0.487500 0.496875 0.500000 0.501563 0.475000 0.521875 0.477083 0.525000 0.460417 0.534375 0.466667 0.537500 0.458333 0.559375 0.456250 0.562500 0.410417 0.556250 0.397917 0.565625 0.385417
8 0.123438 0.272917 0.092188 0.264583 0.082812 0.281250 0.051562 0.268750 0.026562 0.272917 0.018750 0.283333 0.000000 0.279167 0.000000 0.320833 0.054688 0.281250 0.123438 0.285417
8 0.131250 0.279167 0.282813 0.347917 0.289062 0.470833 0.293750 0.435417 0.332813 0.443750 0.337500 0.383333 0.337500 0.445833 0.365625 0.466667 0.346875 0.475000 0.384375 0.458333 0.400000 0.481250 0.415625 0.412500 0.404687 0.481250 0.443750 0.477083 0.410938 0.287500 0.370312 0.347917 0.360938 0.322917 0.310937 0.333333 0.314063 0.300000 0.281250 0.272917 0.207813 0.300000 0.170313 0.231250
8 0.998437 0.197917 0.978125 0.222917 0.976562 0.252083 0.960938 0.270833 0.956250 0.302083 0.934375 0.320833 0.929688 0.370833 0.935937 0.431250 0.998437 0.439583
8 0.795312 0.066667 0.765625 0.072917 0.709375 0.243750 0.710938 0.343750 0.650000 0.335417 0.628125 0.395833 0.578125 0.400000 0.573438 0.472917 0.728125 0.466667 0.732812 0.389583 0.760938 0.466667 0.785937 0.445833 0.865625 0.247917
10 0.000000 0.000000 0.003125 0.256250 0.123438 0.266667 0.142187 0.083333 0.228125 0.041667 0.146875 0.093750 0.132812 0.272917 0.370312 0.345833 0.410938 0.285417 0.456250 0.456250 0.473438 0.372917 0.709375 0.258333 0.767188 0.068750 0.862500 0.208333 0.862500 0.429167 0.998437 0.195833 0.998437 0.000000
13 0.576562 0.475000 0.557813 0.475000 0.550000 0.479167 0.542188 0.489583 0.531250 0.491667 0.528125 0.502083 0.529687 0.516667 0.534375 0.516667 0.542188 0.522917 0.562500 0.518750 0.571875 0.527083 0.571875 0.487500 0.575000 0.485417
13 0.409375 0.475000 0.409375 0.483333 0.410938 0.485417 0.414062 0.483333 0.418750 0.483333 0.421875 0.487500 0.426563 0.487500 0.428125 0.485417 0.442188 0.485417 0.443750 0.483333 0.442188 0.479167 0.437500 0.477083 0.434375 0.470833 0.428125 0.470833 0.426563 0.468750 0.412500 0.468750
13 0.000000 0.322917 0.000000 0.554167 0.120313 0.547917 0.135937 0.572917 0.160938 0.575000 0.182812 0.529167 0.243750 0.516667 0.271875 0.535417 0.285938 0.500000 0.287500 0.360417 0.201563 0.302083 0.075000 0.283333
14 0.559375 0.458333 0.537500 0.460417 0.534375 0.468750 0.531250 0.468750 0.529687 0.462500 0.528125 0.464583 0.525000 0.462500 0.523438 0.477083 0.526563 0.477083 0.528125 0.466667 0.529687 0.477083 0.535937 0.477083 0.537500 0.481250 0.545312 0.483333 0.550000 0.477083 0.559375 0.472917