0 0.000000 0.633333 0.000000 0.997917 0.743750 0.997917 0.451562 0.485417 0.106250 0.520833
1 0.453125 0.485417 0.745313 0.997917 0.998437 0.997917 0.998437 0.827083
1 0.104688 0.520833 0.232813 0.500000 0.231250 0.466667 0.107813 0.466667
2 0.535937 0.404167 0.545312 0.412500 0.559375 0.402083 0.564063 0.387500 0.581250 0.391667 0.601562 0.414583 0.600000 0.460417 0.626563 0.464583 0.620313 0.429167 0.603125 0.402083 0.595313 0.372917 0.596875 0.343750
2 0.671875 0.281250 0.665625 0.291667 0.675000 0.295833 0.679688 0.362500 0.639062 0.464583 0.653125 0.464583 0.659375 0.450000 0.667188 0.464583 0.690625 0.454167 0.743750 0.456250 0.742188 0.437500 0.754687 0.429167 0.754687 0.410417 0.684375 0.289583
2 0.998437 0.000000 0.967187 0.004167 0.840625 0.247917 0.862500 0.264583 0.857812 0.372917 0.829688 0.456250 0.998437 0.439583
2 0.000000 0.000000 0.000000 0.135417 0.089063 0.227083 0.104688 0.297917 0.135937 0.304167 0.157812 0.287500 0.142187 0.277083 0.142187 0.262500 0.131250 0.268750 0.103125 0.245833 0.040625 0.000000
3 0.932813 0.445833 0.925000 0.700000 0.973437 0.791667 0.998437 0.808333 0.998437 0.441667
4 0.484375 0.470833 0.484375 0.483333 0.482812 0.485417 0.482812 0.491667 0.484375 0.495833 0.489063 0.495833 0.493750 0.500000 0.495312 0.497917 0.498437 0.502083 0.498437 0.475000 0.496875 0.472917 0.492188 0.472917 0.490625 0.470833
4 0.523438 0.470833 0.531250 0.529167 0.998437 0.825000 0.923438 0.700000 0.931250 0.454167
4 0.110937 0.385417 0.107813 0.464583 0.231250 0.464583 0.235937 0.416667 0.226562 0.408333 0.170313 0.402083 0.168750 0.391667
5 0.307812 0.206250 0.257812 0.229167 0.242188 0.402083 0.246875 0.397917 0.256250 0.241667 0.273438 0.220833 0.296875 0.216667
8 0.445312 0.402083 0.456250 0.485417 0.481250 0.491667 0.484375 0.468750 0.514062 0.475000 0.539062 0.462500 0.598437 0.460417 0.600000 0.414583 0.570312 0.389583 0.540625 0.414583 0.535937 0.372917 0.517188 0.408333 0.496875 0.402083 0.495312 0.364583 0.489063 0.387500 0.479687 0.372917 0.464062 0.375000
8 0.253125 0.316667 0.248438 0.391667 0.259375 0.375000 0.329688 0.383333 0.351562 0.400000 0.351562 0.466667 0.385937 0.475000 0.409375 0.412500 0.398438 0.475000 0.425000 0.464583 0.426563 0.445833 0.435937 0.468750 0.434375 0.420833 0.412500 0.402083 0.420312 0.358333 0.403125 0.295833 0.373437 0.358333 0.351562 0.337500 0.325000 0.352083 0.314063 0.337500 0.321875 0.312500 0.298438 0.293750
8 0.821875 0.245833 0.817187 0.258333 0.809375 0.252083 0.807813 0.281250 0.751563 0.404167 0.756250 0.429167 0.743750 0.437500 0.745313 0.456250 0.825000 0.456250 0.835938 0.397917
8 0.104688 0.300000 0.110937 0.383333 0.162500 0.387500 0.170313 0.400000 0.221875 0.404167 0.235937 0.414583 0.246875 0.312500 0.220312 0.312500 0.193750 0.243750 0.179688 0.243750 0.162500 0.287500 0.143750 0.289583 0.135937 0.306250
8 0.648438 0.229167 0.639062 0.239583 0.631250 0.233333 0.631250 0.252083 0.604688 0.302083 0.596875 0.372917 0.621875 0.429167 0.628125 0.464583 0.637500 0.464583 0.673438 0.385417 0.679688 0.345833 0.673438 0.295833 0.657813 0.279167 0.657813 0.252083 0.650000 0.252083
10 0.042188 0.006250 0.104688 0.245833 0.246875 0.310417 0.307812 0.204167 0.253125 0.314583 0.373437 0.356250 0.403125 0.293750 0.446875 0.452083 0.646875 0.227083 0.750000 0.404167 0.821875 0.243750 0.840625 0.402083 0.839063 0.247917 0.968750 0.000000
13 0.523438 0.472917 0.518750 0.475000 0.518750 0.477083 0.515625 0.479167 0.514062 0.483333 0.503125 0.483333 0.501563 0.487500 0.501563 0.502083 0.506250 0.502083 0.507812 0.506250 0.521875 0.506250 0.523438 0.483333 0.525000 0.481250
13 0.404687 0.466667 0.404687 0.477083 0.415625 0.477083 0.417187 0.481250 0.418750 0.481250 0.420312 0.477083 0.421875 0.481250 0.432812 0.481250 0.434375 0.477083 0.434375 0.472917 0.429688 0.472917 0.425000 0.466667 0.420312 0.466667 0.418750 0.464583 0.406250 0.464583
13 0.239063 0.406250 0.232813 0.437500 0.237500 0.500000 0.303125 0.495833 0.312500 0.508333 0.321875 0.506250 0.325000 0.491667 0.345313 0.500000 0.353125 0.435417 0.348438 0.397917 0.321875 0.383333 0.259375 0.377083
13 0.000000 0.137500 0.003125 0.631250 0.037500 0.608333 0.059375 0.543750 0.103125 0.520833 0.110937 0.404167 0.087500 0.227083