0 0.000000 0.556250 0.000000 0.997917 0.826562 0.997917 0.707812 0.881250 0.450000 0.483333 0.167187 0.472917 0.203125 0.506250
0 0.112500 0.466667 0.114062 0.472917 0.137500 0.475000 0.146875 0.479167 0.159375 0.479167 0.159375 0.468750 0.131250 0.468750 0.129688 0.466667 0.117188 0.466667 0.115625 0.462500
0 0.065625 0.458333 0.065625 0.464583 0.070312 0.464583 0.071875 0.466667 0.085938 0.466667 0.087500 0.468750 0.100000 0.468750 0.101562 0.470833 0.106250 0.470833 0.106250 0.462500 0.101562 0.462500 0.100000 0.460417 0.090625 0.460417 0.089063 0.458333
1 0.451562 0.483333 0.728125 0.904167 0.828125 0.997917 0.998437 0.997917 0.996875 0.620833 0.634375 0.583333
1 0.000000 0.554167 0.171875 0.518750 0.201563 0.502083 0.168750 0.483333 0.162500 0.497917 0.159375 0.481250 0.064062 0.466667 0.053125 0.483333 0.000000 0.487500
1 0.167187 0.460417 0.167187 0.470833 0.268750 0.483333 0.384375 0.483333 0.384375 0.477083 0.268750 0.477083
1 0.114062 0.456250 0.114062 0.460417 0.115625 0.460417 0.117188 0.464583 0.159375 0.466667 0.159375 0.460417 0.151562 0.460417 0.148438 0.462500 0.145313 0.458333 0.129688 0.458333 0.128125 0.456250 0.120313 0.456250 0.118750 0.454167
2 0.998437 0.000000 0.825000 0.135417 0.804688 0.102083 0.771875 0.181250 0.767188 0.133333 0.759375 0.191667 0.604688 0.333333 0.612500 0.435417 0.557813 0.441667 0.557813 0.470833 0.634375 0.481250 0.645312 0.454167 0.657813 0.487500 0.732812 0.458333 0.789062 0.497917 0.998437 0.512500
3 0.312500 0.458333 0.312500 0.475000 0.376563 0.475000 0.376563 0.458333 0.367188 0.458333 0.354687 0.452083 0.353125 0.447917 0.323437 0.443750
4 0.789062 0.500000 0.806250 0.558333 0.785937 0.591667 0.998437 0.620833 0.996875 0.510417 0.862500 0.489583
4 0.706250 0.497917 0.706250 0.500000 0.709375 0.500000 0.710938 0.502083 0.710938 0.510417 0.712500 0.514583 0.717187 0.514583 0.717187 0.512500 0.720313 0.510417 0.721875 0.506250 0.725000 0.506250 0.726562 0.502083 0.740625 0.502083 0.739062 0.497917 0.735938 0.495833 0.734375 0.489583 0.710938 0.489583
4 0.754687 0.475000 0.750000 0.508333 0.739062 0.529167 0.726562 0.537500 0.726562 0.550000 0.721875 0.552083 0.726562 0.558333 0.714063 0.560417 0.717187 0.564583 0.709375 0.568750 0.690625 0.566667 0.682813 0.579167 0.748437 0.593750 0.773438 0.589583 0.754687 0.550000
4 0.653125 0.489583 0.645312 0.485417 0.645312 0.456250 0.639062 0.456250 0.634375 0.483333 0.520312 0.468750 0.517188 0.510417 0.573438 0.543750 0.617188 0.554167 0.618750 0.514583 0.631250 0.502083 0.637500 0.581250 0.632812 0.564583 0.643750 0.568750 0.642188 0.508333
4 0.168750 0.412500 0.165625 0.450000 0.170313 0.460417 0.215625 0.460417 0.260937 0.470833 0.301563 0.452083 0.301563 0.437500 0.293750 0.431250
4 0.154688 0.410417 0.153125 0.458333 0.159375 0.458333 0.159375 0.454167 0.160938 0.452083 0.160938 0.410417
4 0.134375 0.404167 0.131250 0.414583 0.132812 0.427083 0.131250 0.441667 0.126562 0.447917 0.121875 0.450000 0.117188 0.447917 0.117188 0.452083 0.129688 0.456250 0.146875 0.456250 0.148438 0.412500 0.146875 0.406250
4 0.000000 0.385417 0.000000 0.485417 0.059375 0.477083 0.065625 0.456250 0.062500 0.391667 0.037500 0.393750
5 0.114062 0.285417 0.109375 0.295833 0.107813 0.472917 0.112500 0.472917
5 0.175000 0.270833 0.167187 0.270833 0.164062 0.285417 0.168750 0.318750 0.162500 0.495833
5 0.157812 0.262500 0.148438 0.460417 0.153125 0.435417 0.156250 0.316667 0.160938 0.297917
7 0.070312 0.281250 0.070312 0.289583 0.073438 0.291667 0.079687 0.289583 0.081250 0.293750 0.084375 0.291667 0.085938 0.293750 0.095312 0.293750 0.096875 0.295833 0.107813 0.295833 0.110937 0.293750 0.110937 0.287500 0.109375 0.285417 0.093750 0.285417 0.092188 0.283333 0.084375 0.283333 0.082812 0.281250
8 0.584375 0.312500 0.562500 0.333333 0.557813 0.364583 0.545312 0.356250 0.539062 0.414583 0.509375 0.381250 0.509375 0.333333 0.500000 0.362500 0.487500 0.343750 0.464062 0.352083 0.443750 0.383333 0.453125 0.481250 0.467187 0.487500 0.470313 0.472917 0.471875 0.491667 0.517188 0.502083 0.517188 0.470833 0.556250 0.468750 0.557813 0.439583 0.609375 0.439583 0.610938 0.385417 0.584375 0.339583
8 0.000000 0.187500 0.000000 0.383333 0.057813 0.389583 0.026562 0.316667 0.107813 0.314583 0.082812 0.279167 0.150000 0.402083 0.157812 0.260417 0.154688 0.408333 0.175000 0.268750 0.168750 0.410417 0.298438 0.431250 0.262500 0.470833 0.376563 0.456250 0.387500 0.393750 0.382812 0.468750 0.442188 0.466667 0.385937 0.233333 0.354687 0.318750 0.339062 0.254167 0.323437 0.285417 0.187500 0.175000
10 0.000000 0.185417 0.187500 0.172917 0.339062 0.252083 0.354687 0.316667 0.385937 0.231250 0.450000 0.447917 0.468750 0.345833 0.542188 0.410417 0.573438 0.310417 0.596875 0.347917 0.767188 0.131250 0.771875 0.179167 0.978125 0.000000 0.000000 0.000000
13 0.626563 0.504167 0.620313 0.514583 0.618750 0.527083 0.615625 0.535417 0.615625 0.547917 0.620313 0.556250 0.629687 0.558333 0.631250 0.556250 0.631250 0.518750 0.632812 0.516667 0.632812 0.508333 0.631250 0.504167
13 0.646875 0.497917 0.640625 0.560417 0.664062 0.579167 0.725000 0.558333 0.725000 0.537500 0.748437 0.508333 0.753125 0.472917 0.756250 0.550000 0.771875 0.585417 0.792188 0.589583 0.804688 0.558333 0.798438 0.520833 0.768750 0.468750 0.690625 0.462500
13 0.384375 0.470833 0.385937 0.483333 0.400000 0.481250 0.407813 0.485417 0.410938 0.481250 0.429688 0.481250 0.432812 0.477083 0.429688 0.470833 0.425000 0.470833 0.420312 0.464583 0.410938 0.464583 0.409375 0.466667 0.404687 0.460417 0.389062 0.460417
14 0.115625 0.337500 0.115625 0.439583 0.128125 0.443750 0.131250 0.435417 0.129688 0.414583 0.132812 0.404167 0.129688 0.354167
14 0.051562 0.302083 0.064062 0.308333 0.054688 0.310417 0.062500 0.320833 0.056250 0.327083 0.046875 0.322917 0.046875 0.331250 0.057813 0.343750 0.062500 0.364583 0.076563 0.379167 0.078125 0.393750 0.106250 0.427083 0.110937 0.318750
15 0.053125 0.343750 0.057813 0.383333 0.065625 0.395833 0.067187 0.456250 0.093750 0.454167 0.095312 0.450000 0.104688 0.450000 0.106250 0.454167 0.106250 0.429167 0.076563 0.393750 0.075000 0.379167 0.060937 0.364583 0.057813 0.347917
15 0.031250 0.304167 0.032813 0.312500 0.028125 0.316667 0.034375 0.325000 0.043750 0.329167 0.051562 0.339583 0.050000 0.333333 0.046875 0.333333 0.043750 0.325000 0.046875 0.320833 0.054688 0.320833 0.056250 0.325000 0.057813 0.320833 0.060937 0.320833 0.056250 0.312500 0.059375 0.308333 0.062500 0.308333 0.039062 0.300000