0 0.000000 0.589583 0.000000 0.997917 0.765625 0.997917 0.460938 0.489583 0.334375 0.485417 0.193750 0.531250 0.170313 0.583333 0.112500 0.556250
1 0.462500 0.489583 0.767188 0.997917 0.998437 0.997917 0.998437 0.810417 0.609375 0.572917 0.596875 0.531250
1 0.206250 0.522917 0.334375 0.493750 0.334375 0.483333 0.407813 0.485417 0.345313 0.477083 0.318750 0.483333 0.303125 0.472917 0.212500 0.483333
2 0.998437 0.350000 0.984375 0.362500 0.943750 0.368750 0.939063 0.393750 0.901563 0.450000 0.934375 0.452083 0.948438 0.435417 0.959375 0.452083 0.993750 0.450000 0.998437 0.439583
2 0.800000 0.218750 0.779687 0.187500 0.693750 0.262500 0.679688 0.241667 0.665625 0.287500 0.662500 0.258333 0.650000 0.302083 0.562500 0.389583 0.570312 0.452083 0.540625 0.456250 0.542188 0.475000 0.604688 0.470833 0.610938 0.372917 0.656250 0.350000 0.693750 0.366667 0.693750 0.312500 0.726562 0.289583 0.731250 0.254167 0.748437 0.279167 0.764062 0.256250 0.760938 0.279167 0.803125 0.270833
4 0.565625 0.485417 0.565625 0.495833 0.570312 0.497917 0.573438 0.516667 0.567187 0.520833 0.565625 0.525000 0.595313 0.529167 0.600000 0.485417 0.595313 0.483333
4 0.506250 0.475000 0.506250 0.491667 0.503125 0.493750 0.503125 0.502083 0.518750 0.514583 0.548438 0.520833 0.539062 0.516667 0.537500 0.493750 0.539062 0.491667 0.540625 0.495833 0.545312 0.487500 0.556250 0.483333 0.553125 0.479167
4 0.367188 0.458333 0.367188 0.477083 0.396875 0.477083 0.396875 0.466667 0.392188 0.466667 0.387500 0.462500 0.384375 0.462500 0.378125 0.458333 0.373437 0.458333 0.371875 0.456250
4 0.320312 0.445833 0.320312 0.475000 0.345313 0.475000 0.346875 0.477083 0.362500 0.477083 0.364063 0.475000 0.364063 0.466667 0.360938 0.468750 0.357812 0.464583 0.354687 0.452083 0.348438 0.452083 0.346875 0.447917
4 0.612500 0.466667 0.609375 0.570833 0.998437 0.808333 0.996875 0.447917 0.815625 0.456250 0.809375 0.437500
4 0.212500 0.433333 0.214062 0.485417 0.264062 0.481250 0.278125 0.470833 0.314063 0.475000 0.317188 0.445833 0.290625 0.437500 0.273438 0.441667 0.240625 0.429167
5 0.012500 0.000000 0.003125 0.000000 0.000000 0.022917 0.000000 0.172917 0.006250 0.172917 0.004687 0.129167 0.009375 0.095833 0.006250 0.085417
8 0.562500 0.352083 0.553125 0.354167 0.545312 0.385417 0.532813 0.383333 0.531250 0.402083 0.510938 0.393750 0.509375 0.356250 0.504687 0.379167 0.493750 0.364583 0.465625 0.379167 0.453125 0.397917 0.451562 0.422917 0.460938 0.445833 0.460938 0.487500 0.501563 0.497917 0.506250 0.472917 0.537500 0.475000 0.540625 0.454167 0.568750 0.452083 0.568750 0.402083 0.560937 0.389583 0.570312 0.375000
8 0.140625 0.250000 0.206250 0.308333 0.210938 0.372917 0.253125 0.385417 0.212500 0.389583 0.212500 0.431250 0.270313 0.435417 0.271875 0.383333 0.265625 0.408333 0.251563 0.379167 0.268750 0.345833 0.276562 0.435417 0.315625 0.443750 0.323437 0.377083 0.320312 0.443750 0.396875 0.464583 0.415625 0.408333 0.401562 0.464583 0.450000 0.468750 0.403125 0.277083 0.382812 0.343750 0.314063 0.320833 0.270313 0.264583 0.195312 0.295833 0.167187 0.233333
8 0.998437 0.000000 0.843750 0.008333 0.798438 0.152083 0.807813 0.266667 0.748437 0.281250 0.732812 0.254167 0.693750 0.368750 0.610938 0.375000 0.607812 0.462500 0.904687 0.445833 0.998437 0.277083
10 0.998437 0.279167 0.985938 0.285417 0.981250 0.302083 0.971875 0.304167 0.970313 0.316667 0.956250 0.343750 0.953125 0.358333 0.943750 0.366667 0.984375 0.360417 0.985938 0.356250 0.996875 0.354167
10 0.006250 0.175000 0.367188 0.339583 0.403125 0.275000 0.457813 0.454167 0.475000 0.366667 0.531250 0.400000 0.679688 0.239583 0.800000 0.216667 0.856250 0.000000 0.014063 0.000000
13 0.406250 0.475000 0.406250 0.483333 0.409375 0.485417 0.426563 0.487500 0.428125 0.485417 0.442188 0.485417 0.446875 0.483333 0.445312 0.481250 0.445312 0.472917 0.443750 0.479167 0.442188 0.477083 0.437500 0.477083 0.434375 0.470833 0.428125 0.470833 0.426563 0.468750 0.410938 0.468750 0.409375 0.472917
13 0.612500 0.468750 0.573438 0.470833 0.542188 0.493750 0.540625 0.516667 0.564063 0.525000 0.571875 0.516667 0.564063 0.485417 0.595313 0.481250 0.601562 0.485417 0.596875 0.529167 0.609375 0.537500
13 0.000000 0.175000 0.000000 0.587500 0.112500 0.554167 0.176563 0.579167 0.210938 0.500000 0.204687 0.308333
15 0.210938 0.375000 0.210938 0.381250 0.214062 0.391667 0.232813 0.393750 0.242188 0.400000 0.253125 0.400000 0.253125 0.389583 0.246875 0.381250 0.232813 0.379167 0.231250 0.375000