0 0.000000 0.587500 0.000000 0.997917 0.767188 0.997917 0.459375 0.489583 0.164062 0.531250 0.095312 0.612500
1 0.460938 0.489583 0.768750 0.997917 0.998437 0.997917 0.998437 0.802083 0.631250 0.585417 0.607812 0.535417
1 0.151562 0.535417 0.326562 0.495833 0.318750 0.481250 0.404687 0.483333 0.312500 0.477083 0.309375 0.487500 0.298438 0.472917 0.265625 0.472917 0.231250 0.487500 0.157812 0.487500
2 0.798438 0.175000 0.704688 0.252083 0.689063 0.231250 0.684375 0.268750 0.668750 0.277083 0.670312 0.247917 0.665625 0.285417 0.570312 0.370833 0.573438 0.472917 0.623437 0.464583 0.637500 0.356250 0.684375 0.333333 0.735938 0.352083 0.739062 0.281250 0.751563 0.285417 0.757812 0.252083 0.829688 0.231250
3 0.154688 0.410417 0.156250 0.433333 0.159375 0.435417 0.157812 0.485417 0.171875 0.485417 0.173437 0.475000 0.168750 0.464583 0.167187 0.445833 0.168750 0.427083 0.173437 0.416667 0.167187 0.414583 0.165625 0.410417
4 0.614062 0.487500 0.600000 0.483333 0.596875 0.487500 0.585938 0.485417 0.570312 0.489583 0.570312 0.497917 0.573438 0.500000 0.578125 0.512500 0.570312 0.529167 0.607812 0.533333
4 0.506250 0.477083 0.506250 0.500000 0.503125 0.502083 0.520312 0.516667 0.535937 0.520833 0.540625 0.527083 0.551562 0.525000 0.559375 0.529167 0.546875 0.520833 0.543750 0.510417 0.545312 0.493750 0.550000 0.487500 0.557813 0.485417 0.553125 0.479167 0.520312 0.475000
4 0.312500 0.447917 0.312500 0.475000 0.395313 0.479167 0.395313 0.466667 0.371875 0.456250 0.356250 0.458333 0.346875 0.447917
4 0.265625 0.437500 0.265625 0.470833 0.298438 0.470833 0.300000 0.475000 0.306250 0.475000 0.307812 0.445833 0.300000 0.445833 0.298438 0.441667 0.284375 0.441667 0.282813 0.437500
4 0.998437 0.800000 0.998437 0.422917 0.632812 0.466667 0.631250 0.583333
4 0.171875 0.420833 0.168750 0.454167 0.175000 0.475000 0.173437 0.485417 0.231250 0.485417 0.232813 0.481250 0.262500 0.479167 0.260937 0.437500 0.235937 0.431250 0.226562 0.437500 0.217188 0.429167 0.182812 0.427083
8 0.135937 0.243750 0.178125 0.422917 0.260937 0.435417 0.259375 0.366667 0.265625 0.435417 0.307812 0.443750 0.314063 0.370833 0.312500 0.443750 0.395313 0.464583 0.404687 0.412500 0.400000 0.464583 0.434375 0.443750 0.475000 0.495833 0.571875 0.452083 0.564063 0.347917 0.534375 0.406250 0.509375 0.354167 0.473438 0.368750 0.453125 0.456250 0.403125 0.275000 0.381250 0.345833 0.262500 0.256250 0.190625 0.291667 0.162500 0.229167
8 0.998437 0.000000 0.885938 0.000000 0.875000 0.091667 0.853125 0.104167 0.850000 0.245833 0.756250 0.250000 0.725000 0.360417 0.684375 0.335417 0.637500 0.358333 0.625000 0.458333 0.998437 0.420833
10 0.000000 0.166667 0.381250 0.343750 0.403125 0.272917 0.456250 0.454167 0.473438 0.366667 0.534375 0.404167 0.795312 0.170833 0.848437 0.245833 0.885938 0.006250 0.000000 0.000000
13 0.404687 0.479167 0.406250 0.487500 0.425000 0.487500 0.426563 0.485417 0.434375 0.487500 0.435937 0.485417 0.445312 0.483333 0.443750 0.477083 0.440625 0.479167 0.435937 0.477083 0.432812 0.470833 0.421875 0.470833 0.420312 0.468750 0.409375 0.468750 0.406250 0.470833 0.406250 0.477083
13 0.631250 0.466667 0.625000 0.460417 0.618750 0.475000 0.573438 0.475000 0.546875 0.493750 0.546875 0.518750 0.568750 0.529167 0.576562 0.514583 0.568750 0.497917 0.570312 0.487500 0.610938 0.483333 0.615625 0.495833 0.609375 0.535417 0.626563 0.547917
13 0.000000 0.168750 0.000000 0.585417 0.043750 0.577083 0.064062 0.610417 0.101562 0.608333 0.154688 0.514583 0.150000 0.279167
14 0.571875 0.456250 0.564063 0.452083 0.551562 0.454167 0.550000 0.456250 0.539062 0.456250 0.537500 0.466667 0.531250 0.470833 0.531250 0.475000 0.553125 0.477083 0.557813 0.483333 0.567187 0.481250 0.571875 0.475000