0 0.628125 0.568750 0.629687 0.575000 0.632812 0.577083 0.634375 0.583333 0.643750 0.583333 0.645312 0.585417 0.650000 0.585417 0.651563 0.587500 0.656250 0.581250 0.653125 0.572917 0.646875 0.572917 0.639062 0.564583 0.632812 0.564583 0.629687 0.568750
0 0.000000 0.564583 0.000000 0.997917 0.775000 0.997917 0.556250 0.639583 0.620313 0.577083 0.503125 0.552083 0.450000 0.485417 0.278125 0.479167 0.296875 0.500000
1 0.459375 0.489583 0.503125 0.550000 0.632812 0.585417 0.557813 0.639583 0.776563 0.997917 0.998437 0.997917 0.998437 0.804167 0.768750 0.670833 0.767188 0.612500 0.726562 0.612500 0.689063 0.558333 0.565625 0.547917
1 0.276562 0.472917 0.279687 0.479167 0.340625 0.487500 0.400000 0.487500 0.396875 0.481250 0.340625 0.481250
1 0.296875 0.495833 0.256250 0.479167 0.271875 0.472917 0.235937 0.466667 0.176563 0.487500 0.000000 0.493750 0.000000 0.562500
2 0.154688 0.352083 0.154688 0.356250 0.162500 0.360417 0.160938 0.364583 0.153125 0.362500 0.154688 0.366667 0.160938 0.366667 0.164062 0.370833 0.187500 0.372917 0.198437 0.377083 0.200000 0.381250 0.209375 0.383333 0.207813 0.368750 0.200000 0.358333 0.173437 0.352083
2 0.000000 0.197917 0.000000 0.216667 0.004687 0.218750 0.007812 0.227083 0.012500 0.229167 0.025000 0.222917 0.053125 0.235417 0.032813 0.220833 0.032813 0.204167 0.028125 0.200000 0.023438 0.200000 0.015625 0.208333
2 0.942187 0.239583 0.871875 0.112500 0.746875 0.220833 0.729688 0.193750 0.707812 0.252083 0.704688 0.216667 0.698438 0.260417 0.585938 0.362500 0.589063 0.450000 0.543750 0.477083 0.662500 0.475000 0.692187 0.558333 0.717187 0.450000 0.759375 0.429167 0.756250 0.375000 0.800000 0.262500 0.906250 0.216667
3 0.276562 0.441667 0.276562 0.470833 0.287500 0.475000 0.392188 0.479167 0.392188 0.464583 0.354687 0.452083 0.342187 0.458333 0.337500 0.445833 0.279687 0.435417
3 0.242188 0.431250 0.240625 0.454167 0.237500 0.456250 0.235937 0.462500 0.240625 0.466667 0.254688 0.466667 0.256250 0.470833 0.271875 0.470833 0.271875 0.433333
3 0.000000 0.375000 0.007812 0.400000 0.007812 0.464583 0.014063 0.450000 0.020313 0.466667 0.020313 0.481250 0.023438 0.458333 0.021875 0.404167 0.029687 0.391667 0.035937 0.389583 0.035937 0.383333 0.020313 0.375000
4 0.515625 0.475000 0.512500 0.510417 0.542188 0.529167 0.556250 0.531250 0.565625 0.545833 0.571875 0.543750 0.570312 0.504167 0.576562 0.491667 0.584375 0.491667 0.585938 0.487500 0.565625 0.483333 0.564063 0.479167
4 0.998437 0.433333 0.973437 0.456250 0.823438 0.458333 0.806250 0.493750 0.778125 0.497917 0.767188 0.666667 0.998437 0.802083
4 0.229687 0.429167 0.229687 0.435417 0.228125 0.437500 0.228125 0.458333 0.229687 0.460417 0.229687 0.464583 0.235937 0.464583 0.239063 0.466667 0.237500 0.466667 0.234375 0.462500 0.235937 0.456250 0.239063 0.454167 0.239063 0.441667 0.240625 0.439583 0.240625 0.431250 0.234375 0.431250 0.232813 0.429167
4 0.000000 0.383333 0.000000 0.491667 0.215625 0.475000 0.212500 0.420833 0.029687 0.393750 0.020313 0.483333 0.014063 0.452083 0.006250 0.464583
5 0.282813 0.347917 0.276562 0.347917 0.273438 0.489583 0.276562 0.466667 0.275000 0.441667 0.278125 0.439583 0.278125 0.379167
5 0.228125 0.347917 0.223438 0.356250 0.221875 0.475000 0.226562 0.466667
8 0.575000 0.339583 0.565625 0.341667 0.556250 0.375000 0.546875 0.366667 0.543750 0.393750 0.534375 0.385417 0.535937 0.402083 0.514062 0.391667 0.512500 0.350000 0.506250 0.375000 0.490625 0.358333 0.464062 0.375000 0.451562 0.412500 0.460938 0.487500 0.475000 0.491667 0.478125 0.477083 0.479687 0.495833 0.509375 0.506250 0.515625 0.472917 0.542188 0.477083 0.545312 0.452083 0.587500 0.450000 0.590625 0.395833 0.576562 0.383333 0.584375 0.364583
8 0.998437 0.266667 0.953125 0.256250 0.907813 0.218750 0.875000 0.247917 0.800000 0.264583 0.804688 0.277083 0.771875 0.322917 0.781250 0.331250 0.771875 0.368750 0.757812 0.375000 0.756250 0.437500 0.773438 0.497917 0.806250 0.491667 0.823438 0.456250 0.990625 0.450000
8 0.000000 0.218750 0.000000 0.372917 0.220312 0.427083 0.221875 0.356250 0.196875 0.352083 0.220312 0.343750 0.229687 0.427083 0.273438 0.431250 0.282813 0.345833 0.281250 0.435417 0.392188 0.462500 0.396875 0.412500 0.396875 0.464583 0.450000 0.472917 0.400000 0.260417 0.373437 0.335417 0.239063 0.231250 0.164062 0.245833 0.129688 0.206250 0.101562 0.270833
10 0.000000 0.000000 0.000000 0.195833 0.101562 0.268750 0.129688 0.204167 0.373437 0.333333 0.400000 0.258333 0.446875 0.454167 0.471875 0.364583 0.535937 0.400000 0.867188 0.110417 0.998437 0.264583 0.998437 0.000000
13 0.573438 0.497917 0.571875 0.533333 0.592187 0.547917 0.617188 0.539583 0.673438 0.554167 0.681250 0.543750 0.678125 0.508333 0.657813 0.475000 0.612500 0.472917
13 0.401562 0.475000 0.401562 0.487500 0.421875 0.487500 0.423438 0.485417 0.432812 0.487500 0.445312 0.483333 0.443750 0.481250 0.445312 0.477083 0.443750 0.479167 0.435937 0.477083 0.432812 0.470833 0.425000 0.470833 0.423438 0.468750 0.420312 0.470833 0.418750 0.468750 0.404687 0.466667
13 0.726562 0.441667 0.700000 0.500000 0.693750 0.575000 0.726562 0.610417 0.746875 0.612500 0.753125 0.604167 0.768750 0.610417 0.775000 0.477083 0.764062 0.460417 0.762500 0.443750