0 0.998437 0.979167 0.993750 0.968750 0.989062 0.968750 0.985938 0.972917 0.979688 0.972917 0.978125 0.975000 0.979688 0.977083 0.975000 0.983333 0.971875 0.983333 0.970313 0.977083 0.967187 0.977083 0.960938 0.983333 0.968750 0.997917 0.998437 0.997917
0 0.000000 0.566667 0.000000 0.997917 0.950000 0.995833 0.732812 0.835417 0.773438 0.729167 0.837500 0.718750 0.571875 0.579167 0.676562 0.677083 0.642188 0.768750 0.459375 0.489583
1 0.460938 0.489583 0.642188 0.766667 0.675000 0.677083 0.639062 0.697917 0.571875 0.577083 0.837500 0.716667 0.773438 0.731250 0.731250 0.816667 0.875000 0.964583 0.909375 0.912500 0.948438 0.997917 0.998437 0.977083 0.998437 0.800000 0.896875 0.747917 0.848437 0.645833
1 0.260937 0.472917 0.260937 0.479167 0.314063 0.487500 0.364063 0.487500 0.365625 0.491667 0.400000 0.487500 0.396875 0.481250 0.342187 0.483333
1 0.282813 0.497917 0.215625 0.477083 0.254688 0.479167 0.209375 0.466667 0.203125 0.479167 0.195312 0.464583 0.181250 0.487500 0.000000 0.500000 0.000000 0.564583
2 0.146875 0.347917 0.151562 0.352083 0.151562 0.360417 0.178125 0.372917 0.184375 0.381250 0.187500 0.391667 0.187500 0.414583 0.190625 0.416667 0.196875 0.404167 0.196875 0.393750 0.200000 0.383333 0.193750 0.377083 0.192188 0.358333 0.181250 0.352083 0.170313 0.352083 0.168750 0.347917
2 0.000000 0.200000 0.001563 0.212500 0.010937 0.210417 0.031250 0.227083 0.048438 0.231250 0.048438 0.195833 0.045312 0.197917 0.043750 0.227083 0.023438 0.218750 0.017188 0.210417 0.017188 0.195833 0.006250 0.191667 0.003125 0.193750 0.004687 0.197917
2 0.967187 0.189583 0.910937 0.081250 0.764062 0.204167 0.750000 0.175000 0.723437 0.237500 0.721875 0.197917 0.715625 0.245833 0.592187 0.358333 0.596875 0.450000 0.548438 0.477083 0.684375 0.475000 0.703125 0.558333 0.748437 0.568750 0.782813 0.437500 0.850000 0.429167 0.845313 0.387500 0.887500 0.383333 0.876563 0.350000 0.907813 0.295833 0.884375 0.264583
3 0.260937 0.435417 0.260937 0.470833 0.268750 0.475000 0.390625 0.481250 0.390625 0.464583 0.350000 0.452083 0.337500 0.458333 0.334375 0.445833 0.265625 0.431250
3 0.218750 0.425000 0.217188 0.466667 0.254688 0.470833 0.256250 0.431250 0.253125 0.431250 0.251563 0.427083
3 0.093750 0.397917 0.092188 0.402083 0.100000 0.414583 0.101562 0.481250 0.103125 0.485417 0.110937 0.485417 0.114062 0.475000 0.115625 0.410417 0.121875 0.404167 0.117188 0.400000
4 0.904687 0.518750 0.895312 0.743750 0.932813 0.754167 0.998437 0.797917 0.998437 0.504167
4 0.592187 0.487500 0.587500 0.468750 0.582812 0.483333 0.518750 0.475000 0.515625 0.510417 0.543750 0.529167 0.578125 0.539583 0.579688 0.550000 0.584375 0.552083 0.589063 0.545833 0.584375 0.531250
4 0.000000 0.391667 0.000000 0.497917 0.192188 0.477083 0.190625 0.420833 0.120313 0.406250 0.115625 0.475000 0.103125 0.487500 0.092188 0.404167
5 0.209375 0.337500 0.209375 0.345833 0.206250 0.347917 0.203125 0.477083 0.207813 0.466667
5 0.265625 0.335417 0.260937 0.335417 0.259375 0.343750 0.260937 0.395833 0.256250 0.489583 0.259375 0.487500 0.262500 0.383333 0.268750 0.347917
5 0.220312 0.302083 0.210938 0.466667 0.215625 0.466667
8 0.581250 0.335417 0.539062 0.383333 0.540625 0.406250 0.515625 0.391667 0.514062 0.347917 0.506250 0.375000 0.493750 0.356250 0.464062 0.375000 0.453125 0.410417 0.462500 0.487500 0.475000 0.491667 0.478125 0.477083 0.479687 0.495833 0.514062 0.506250 0.518750 0.472917 0.546875 0.477083 0.551562 0.452083 0.595313 0.450000 0.598437 0.391667 0.582812 0.377083 0.590625 0.362500 0.581250 0.360417
8 0.000000 0.212500 0.000000 0.389583 0.185938 0.418750 0.168750 0.345833 0.203125 0.425000 0.178125 0.335417 0.209375 0.335417 0.212500 0.422917 0.220312 0.300000 0.218750 0.422917 0.256250 0.429167 0.265625 0.333333 0.262500 0.429167 0.390625 0.462500 0.398438 0.408333 0.396875 0.464583 0.443750 0.472917 0.400000 0.258333 0.368750 0.331250 0.232813 0.220833 0.121875 0.204167 0.092188 0.264583
8 0.998437 0.158333 0.967187 0.160417 0.981250 0.187500 0.932813 0.206250 0.917188 0.243750 0.885938 0.264583 0.887500 0.291667 0.909375 0.295833 0.906250 0.329167 0.878125 0.350000 0.889062 0.383333 0.845313 0.389583 0.860938 0.404167 0.851562 0.429167 0.890625 0.431250 0.885938 0.487500 0.904687 0.516667 0.998437 0.502083
10 0.000000 0.000000 0.000000 0.197917 0.092188 0.262500 0.121875 0.202083 0.232813 0.218750 0.368750 0.329167 0.400000 0.256250 0.457813 0.456250 0.473438 0.362500 0.540625 0.404167 0.903125 0.081250 0.967187 0.187500 0.998437 0.156250 0.998437 0.000000
13 0.589063 0.500000 0.585938 0.537500 0.607812 0.554167 0.660937 0.547917 0.665625 0.558333 0.696875 0.564583 0.706250 0.543750 0.703125 0.512500 0.684375 0.477083 0.632812 0.472917
13 0.401562 0.475000 0.401562 0.487500 0.417187 0.487500 0.418750 0.491667 0.420312 0.491667 0.421875 0.487500 0.442188 0.485417 0.442188 0.479167 0.435937 0.477083 0.434375 0.472917 0.425000 0.468750 0.404687 0.466667
13 0.784375 0.437500 0.757812 0.504167 0.751563 0.600000 0.792188 0.643750 0.845313 0.641667 0.865625 0.675000 0.895312 0.689583 0.904687 0.533333 0.884375 0.487500 0.879687 0.450000 0.889062 0.431250
14 0.445312 0.464583 0.445312 0.472917 0.443750 0.475000 0.443750 0.483333 0.446875 0.483333 0.451562 0.487500 0.460938 0.487500 0.460938 0.464583 0.459375 0.462500 0.451562 0.462500 0.450000 0.464583