0 0.000000 0.560417 0.000000 0.997917 0.998437 0.997917 0.589063 0.531250 0.064062 0.393750 0.140625 0.506250
0 0.000000 0.362500 0.000000 0.395833 0.007812 0.397917 0.009375 0.402083 0.032813 0.408333 0.034375 0.412500 0.048438 0.414583 0.048438 0.389583 0.023438 0.383333 0.014063 0.372917 0.012500 0.364583
1 0.600000 0.539583 0.998437 0.968750 0.996875 0.810417 0.739062 0.608333
1 0.131250 0.410417 0.381250 0.506250 0.535937 0.529167
1 0.000000 0.397917 0.000000 0.558333 0.114062 0.525000 0.139063 0.506250 0.132812 0.477083 0.100000 0.441667 0.064062 0.425000 0.051562 0.435417 0.048438 0.416667
2 0.700000 0.479167 0.701562 0.485417 0.704688 0.487500 0.706250 0.491667 0.715625 0.491667 0.725000 0.500000 0.729688 0.495833 0.732812 0.495833 0.735938 0.489583 0.729688 0.489583 0.717187 0.483333 0.715625 0.481250 0.715625 0.477083 0.714063 0.477083 0.712500 0.472917 0.709375 0.472917 0.709375 0.477083 0.707812 0.479167
2 0.998437 0.322917 0.898438 0.393750 0.942187 0.437500 0.934375 0.479167 0.885938 0.487500 0.904687 0.500000 0.896875 0.539583 0.784375 0.525000 0.782813 0.566667 0.998437 0.641667
3 0.443750 0.500000 0.443750 0.506250 0.478125 0.508333 0.510938 0.516667 0.526563 0.516667 0.528125 0.502083 0.525000 0.493750 0.518750 0.493750 0.501563 0.479167 0.471875 0.464583 0.457813 0.468750 0.453125 0.495833
3 0.348438 0.468750 0.350000 0.477083 0.417187 0.500000 0.432812 0.495833 0.425000 0.468750 0.432812 0.456250 0.432812 0.445833 0.420312 0.437500 0.370312 0.433333 0.375000 0.454167 0.370312 0.458333 0.362500 0.447917 0.360938 0.456250 0.350000 0.462500
4 0.751563 0.562500 0.737500 0.606250 0.745313 0.629167 0.828125 0.683333 0.859375 0.687500 0.893750 0.731250 0.998437 0.791667 0.998437 0.643750
4 0.248438 0.372917 0.242188 0.414583 0.245312 0.441667 0.348438 0.477083 0.348438 0.462500 0.362500 0.445833 0.373437 0.454167 0.370312 0.431250 0.387500 0.433333 0.368750 0.416667
4 0.217188 0.362500 0.214062 0.364583 0.214062 0.391667 0.209375 0.412500 0.203125 0.416667 0.187500 0.416667 0.203125 0.427083 0.232813 0.437500 0.242188 0.368750
5 0.256250 0.104167 0.268750 0.195833 0.235937 0.441667 0.271875 0.191667
5 0.092188 0.091667 0.070312 0.216667 0.051562 0.433333 0.059375 0.429167
7 0.029687 0.079167 0.028125 0.095833 0.031250 0.100000 0.087500 0.110417 0.087500 0.091667 0.084375 0.089583 0.070312 0.089583
8 0.939063 0.456250 0.892188 0.425000 0.910937 0.402083 0.879687 0.397917 0.867188 0.341667 0.853125 0.402083 0.807813 0.352083 0.768750 0.410417 0.778125 0.468750 0.753125 0.452083 0.725000 0.502083 0.698438 0.481250 0.685937 0.379167 0.676562 0.416667 0.653125 0.389583 0.606250 0.427083 0.604688 0.535417 0.743750 0.606250 0.753125 0.558333 0.781250 0.566667 0.776563 0.527083 0.896875 0.537500 0.903125 0.500000 0.884375 0.487500
8 0.000000 0.025000 0.000000 0.179167 0.071875 0.204167 0.082812 0.112500 0.026562 0.087500 0.092188 0.089583 0.085938 0.208333 0.185938 0.227083 0.243750 0.366667 0.256250 0.102083 0.250000 0.370833 0.431250 0.439583 0.434375 0.506250 0.528125 0.495833 0.559375 0.420833 0.534375 0.495833 0.582812 0.516667 0.560937 0.252083 0.492188 0.395833 0.517188 0.272917 0.443750 0.158333
9 0.803125 0.668750 0.998437 0.810417 0.998437 0.793750 0.918750 0.737500 0.893750 0.733333 0.862500 0.691667
10 0.032813 0.000000 0.092188 0.081250 0.201563 0.045833 0.443750 0.156250 0.518750 0.272917 0.492188 0.393750 0.560937 0.250000 0.598437 0.502083 0.635938 0.391667 0.739062 0.487500 0.865625 0.339583 0.939063 0.454167 0.896875 0.393750 0.998437 0.320833 0.998437 0.000000
10 0.000000 0.000000 0.000000 0.022917 0.003125 0.022917 0.009375 0.029167 0.017188 0.029167 0.023438 0.033333 0.028125 0.033333 0.029687 0.031250 0.029687 0.022917 0.023438 0.012500 0.021875 0.000000
13 0.537500 0.508333 0.537500 0.529167 0.539062 0.531250 0.551562 0.533333 0.554688 0.537500 0.562500 0.539583 0.565625 0.529167 0.573438 0.533333 0.576562 0.529167 0.582812 0.529167 0.582812 0.518750 0.578125 0.518750 0.573438 0.512500 0.564063 0.508333 0.557813 0.508333 0.556250 0.504167 0.540625 0.504167
14 0.589063 0.497917 0.584375 0.510417 0.584375 0.529167 0.589063 0.529167 0.596875 0.537500 0.603125 0.537500 0.603125 0.531250 0.604688 0.529167 0.604688 0.510417 0.603125 0.508333 0.603125 0.504167 0.598437 0.504167 0.593750 0.497917
14 0.095312 0.191667 0.082812 0.214583 0.065625 0.379167 0.092188 0.391667 0.159375 0.375000 0.207813 0.393750 0.217188 0.293750 0.192188 0.264583 0.195312 0.239583 0.148438 0.208333
14 0.000000 0.181250 0.000000 0.235417 0.006250 0.241667 0.000000 0.247917 0.000000 0.360417 0.012500 0.362500 0.029687 0.383333 0.040625 0.370833 0.051562 0.377083 0.071875 0.206250
16 0.215625 0.360417 0.209375 0.354167 0.207813 0.395833 0.159375 0.377083 0.092188 0.393750 0.065625 0.381250 0.064062 0.391667 0.092188 0.410417 0.203125 0.414583 0.209375 0.408333