0 0.000000 0.533333 0.000000 0.997917 0.845313 0.993750 0.464062 0.489583 0.110937 0.447917 0.162500 0.502083
0 0.070312 0.439583 0.070312 0.452083 0.075000 0.452083 0.076563 0.454167 0.084375 0.454167 0.085938 0.456250 0.092188 0.456250 0.093750 0.458333 0.101562 0.458333 0.101562 0.445833 0.092188 0.445833 0.090625 0.441667 0.078125 0.441667 0.076563 0.439583
0 0.000000 0.425000 0.000000 0.435417 0.025000 0.439583 0.026562 0.443750 0.053125 0.445833 0.060937 0.450000 0.060937 0.435417 0.051562 0.435417 0.045312 0.431250 0.017188 0.431250
1 0.465625 0.489583 0.673438 0.808333 0.845313 0.997917 0.998437 0.997917 0.998437 0.689583 0.728125 0.654167 0.698438 0.604167
1 0.000000 0.437500 0.000000 0.531250 0.118750 0.516667 0.162500 0.497917 0.157812 0.483333 0.109375 0.466667 0.107813 0.485417 0.101562 0.487500 0.100000 0.460417
1 0.110937 0.441667 0.292187 0.481250 0.396875 0.485417 0.114062 0.433333
1 0.070312 0.433333 0.070312 0.437500 0.076563 0.437500 0.078125 0.439583 0.090625 0.439583 0.092188 0.443750 0.101562 0.443750 0.103125 0.439583 0.103125 0.431250 0.085938 0.431250 0.084375 0.427083 0.081250 0.427083 0.079687 0.425000 0.075000 0.425000 0.071875 0.427083 0.071875 0.431250
2 0.998437 0.052083 0.915625 0.116667 0.898438 0.072917 0.887500 0.137500 0.846875 0.168750 0.845313 0.112500 0.832812 0.181250 0.648438 0.331250 0.646875 0.497917 0.734375 0.514583 0.748437 0.475000 0.998437 0.533333
3 0.320312 0.447917 0.318750 0.472917 0.326562 0.475000 0.346875 0.466667 0.364063 0.472917 0.367188 0.468750 0.368750 0.458333 0.371875 0.456250 0.368750 0.447917 0.356250 0.445833 0.340625 0.437500 0.335938 0.437500 0.328125 0.445833
4 0.918750 0.525000 0.953125 0.604167 0.953125 0.635417 0.935937 0.677083 0.998437 0.687500 0.998437 0.535417
4 0.903125 0.518750 0.889062 0.564583 0.846875 0.566667 0.884375 0.581250 0.879687 0.643750 0.806250 0.633333 0.793750 0.643750 0.871875 0.662500 0.887500 0.679167 0.893750 0.622917 0.893750 0.677083 0.907813 0.668750 0.896875 0.631250
4 0.792188 0.487500 0.742188 0.477083 0.726562 0.516667 0.546875 0.479167 0.540625 0.522917 0.690625 0.600000 0.695312 0.545833 0.732812 0.527083 0.725000 0.647917 0.737500 0.654167 0.750000 0.516667
4 0.143750 0.383333 0.143750 0.439583 0.306250 0.468750 0.307812 0.425000
4 0.117188 0.377083 0.115625 0.412500 0.112500 0.414583 0.114062 0.420833 0.112500 0.433333 0.114062 0.431250 0.118750 0.435417 0.131250 0.437500 0.134375 0.435417 0.134375 0.410417 0.137500 0.383333 0.134375 0.379167
5 0.076563 0.229167 0.065625 0.350000 0.064062 0.454167 0.068750 0.454167
5 0.129688 0.200000 0.120313 0.202083 0.117188 0.216667 0.120313 0.264583 0.101562 0.485417 0.114062 0.412500 0.123438 0.260417 0.134375 0.220833
5 0.148438 0.193750 0.151562 0.235417 0.135937 0.441667 0.154688 0.235417
7 0.025000 0.222917 0.025000 0.233333 0.026562 0.235417 0.059375 0.237500 0.067187 0.239583 0.071875 0.243750 0.075000 0.239583 0.075000 0.229167 0.071875 0.227083 0.057813 0.227083 0.048438 0.222917 0.034375 0.222917 0.032813 0.220833
8 0.615625 0.316667 0.601562 0.320833 0.590625 0.362500 0.578125 0.356250 0.581250 0.406250 0.568750 0.402083 0.551562 0.439583 0.531250 0.420833 0.553125 0.414583 0.529687 0.385417 0.529687 0.337500 0.521875 0.366667 0.506250 0.347917 0.484375 0.354167 0.462500 0.387500 0.468750 0.485417 0.540625 0.516667 0.546875 0.477083 0.584375 0.485417 0.592187 0.450000 0.646875 0.456250 0.650000 0.402083 0.643750 0.416667
8 0.000000 0.133333 0.001563 0.268750 0.071875 0.225000 0.114062 0.318750 0.134375 0.202083 0.117188 0.375000 0.148438 0.191667 0.143750 0.381250 0.368750 0.477083 0.414062 0.387500 0.395313 0.477083 0.456250 0.470833 0.407813 0.227083 0.354687 0.370833 0.357812 0.239583 0.076563 0.106250
10 0.000000 0.131250 0.359375 0.239583 0.354687 0.368750 0.407813 0.225000 0.465625 0.454167 0.484375 0.352083 0.564063 0.425000 0.603125 0.316667 0.645312 0.414583 0.648438 0.329167 0.998437 0.000000 0.000000 0.000000
13 0.732812 0.529167 0.701562 0.539583 0.690625 0.562500 0.689063 0.593750 0.693750 0.602083 0.703125 0.604167 0.717187 0.622917 0.725000 0.622917
13 0.753125 0.512500 0.742188 0.633333 0.768750 0.647917 0.801562 0.631250 0.879687 0.641667 0.882812 0.581250 0.845313 0.566667 0.889062 0.562500 0.903125 0.512500 0.901563 0.654167 0.918750 0.672917 0.942187 0.664583 0.951562 0.604167 0.907813 0.510417 0.789062 0.489583
13 0.398438 0.466667 0.398438 0.485417 0.423438 0.487500 0.425000 0.483333 0.437500 0.485417 0.457813 0.481250 0.456250 0.472917 0.453125 0.470833 0.445312 0.475000 0.437500 0.468750 0.429688 0.466667 0.423438 0.468750 0.418750 0.462500 0.407813 0.460417
14 0.584375 0.458333 0.587500 0.466667 0.585938 0.485417 0.645312 0.495833 0.646875 0.460417 0.643750 0.456250 0.631250 0.456250 0.629687 0.452083 0.592187 0.452083
14 0.078125 0.270833 0.071875 0.425000 0.098437 0.429167 0.104688 0.422917 0.114062 0.320833 0.098437 0.306250 0.103125 0.295833 0.098437 0.281250
14 0.006250 0.252083 0.000000 0.268750 0.000000 0.422917 0.060937 0.429167 0.070312 0.268750