0 0.000000 0.531250 0.000000 0.997917 0.832812 0.997917 0.467187 0.489583 0.103125 0.445833 0.164062 0.497917
0 0.065625 0.439583 0.065625 0.447917 0.068750 0.450000 0.076563 0.450000 0.078125 0.452083 0.084375 0.452083 0.085938 0.454167 0.090625 0.454167 0.092188 0.456250 0.093750 0.454167 0.093750 0.445833 0.095312 0.441667 0.089063 0.441667 0.087500 0.439583 0.081250 0.439583 0.079687 0.437500 0.070312 0.437500 0.068750 0.435417 0.067187 0.435417
0 0.000000 0.420833 0.000000 0.433333 0.035937 0.439583 0.037500 0.443750 0.056250 0.445833 0.056250 0.433333 0.050000 0.431250 0.048438 0.427083 0.042188 0.427083 0.040625 0.431250 0.017188 0.429167
1 0.468750 0.489583 0.831250 0.995833 0.998437 0.997917 0.996875 0.704167 0.742188 0.664583 0.715625 0.614583
1 0.000000 0.435417 0.000000 0.529167 0.107813 0.516667 0.162500 0.497917 0.162500 0.485417 0.103125 0.460417 0.100000 0.483333 0.093750 0.485417 0.090625 0.456250
1 0.104688 0.433333 0.104688 0.443750 0.201563 0.464583 0.401562 0.485417
2 0.568750 0.429167 0.568750 0.427083 0.564063 0.427083 0.560937 0.418750 0.557813 0.420833 0.556250 0.425000 0.537500 0.420833 0.540625 0.429167 0.545312 0.429167 0.546875 0.433333 0.548438 0.433333 0.551562 0.437500 0.551562 0.439583 0.560937 0.439583 0.560937 0.437500
2 0.998437 0.060417 0.931250 0.112500 0.928125 0.070833 0.907813 0.072917 0.904687 0.131250 0.862500 0.164583 0.859375 0.110417 0.848437 0.175000 0.650000 0.337500 0.654687 0.456250 0.596875 0.452083 0.590625 0.487500 0.754687 0.518750 0.767188 0.477083 0.998437 0.533333
3 0.320312 0.470833 0.393750 0.477083 0.395313 0.458333 0.379688 0.456250 0.373437 0.447917 0.360938 0.445833 0.346875 0.437500 0.335938 0.437500 0.331250 0.447917 0.331250 0.460417
4 0.550000 0.483333 0.546875 0.529167 0.700000 0.608333 0.732812 0.537500 0.742188 0.662500 0.753125 0.616667 0.757812 0.664583 0.998437 0.704167 0.998437 0.535417 0.940625 0.525000 0.982812 0.633333 0.954688 0.689583 0.926562 0.668750 0.951562 0.610417 0.931250 0.518750 0.906250 0.560417 0.846875 0.504167 0.784375 0.520833 0.810937 0.493750 0.760938 0.479167 0.754687 0.520833
4 0.143750 0.381250 0.140625 0.435417 0.307812 0.468750 0.307812 0.420833
4 0.117188 0.375000 0.115625 0.391667 0.117188 0.414583 0.114062 0.420833 0.106250 0.427083 0.125000 0.435417 0.134375 0.435417 0.134375 0.412500 0.139063 0.379167 0.132812 0.379167 0.131250 0.375000
5 0.073438 0.218750 0.065625 0.268750 0.057813 0.450000 0.064062 0.450000
5 0.150000 0.187500 0.151562 0.250000 0.135937 0.439583 0.153125 0.279167
5 0.123438 0.187500 0.112500 0.200000 0.093750 0.483333 0.106250 0.416667 0.117188 0.258333 0.129688 0.214583
7 0.020313 0.212500 0.023438 0.227083 0.032813 0.225000 0.040625 0.227083 0.043750 0.231250 0.059375 0.231250 0.068750 0.235417 0.070312 0.231250 0.070312 0.220833 0.034375 0.216667 0.023438 0.210417
8 0.621875 0.316667 0.607812 0.318750 0.595313 0.362500 0.584375 0.356250 0.585938 0.410417 0.571875 0.404167 0.560937 0.441667 0.535937 0.422917 0.559375 0.416667 0.534375 0.387500 0.534375 0.339583 0.525000 0.368750 0.512500 0.350000 0.479687 0.364583 0.464062 0.406250 0.471875 0.487500 0.487500 0.497917 0.492188 0.481250 0.493750 0.502083 0.545312 0.516667 0.553125 0.477083 0.589063 0.487500 0.596875 0.450000 0.653125 0.456250 0.656250 0.420833 0.620313 0.347917
8 0.000000 0.122917 0.000000 0.247917 0.073438 0.216667 0.103125 0.306250 0.131250 0.193750 0.118750 0.372917 0.150000 0.185417 0.143750 0.379167 0.307812 0.418750 0.317188 0.472917 0.395313 0.456250 0.404687 0.393750 0.401562 0.466667 0.456250 0.472917 0.415625 0.229167 0.359375 0.372917 0.357812 0.229167 0.339062 0.260417 0.281250 0.177083 0.134375 0.162500 0.075000 0.097917
10 0.000000 0.120833 0.357812 0.227083 0.359375 0.370833 0.415625 0.227083 0.468750 0.454167 0.479687 0.362500 0.534375 0.337500 0.568750 0.425000 0.607812 0.316667 0.651563 0.418750 0.651563 0.333333 0.998437 0.000000 0.000000 0.000000
13 0.734375 0.537500 0.739062 0.537500 0.720313 0.541667 0.710938 0.552083 0.703125 0.577083 0.701562 0.600000 0.704688 0.608333 0.715625 0.612500 0.726562 0.627083 0.742188 0.631250 0.745313 0.597917 0.737500 0.591667 0.728125 0.566667 0.728125 0.543750
13 0.778125 0.529167 0.773438 0.533333 0.785937 0.543750 0.773438 0.550000 0.762500 0.635417 0.789062 0.658333 0.806250 0.658333 0.823438 0.629167 0.848437 0.622917 0.848437 0.600000 0.837500 0.581250 0.828125 0.583333 0.803125 0.564583 0.815625 0.554167 0.806250 0.552083 0.807813 0.545833 0.825000 0.543750
13 0.779687 0.510417 0.790625 0.520833 0.846875 0.502083 0.867188 0.543750 0.881250 0.535417 0.906250 0.558333 0.931250 0.516667 0.932813 0.560417 0.948438 0.572917 0.953125 0.610417 0.928125 0.668750 0.945312 0.685417 0.970313 0.679167 0.978125 0.610417 0.932813 0.514583 0.843750 0.493750
13 0.401562 0.468750 0.403125 0.485417 0.423438 0.487500 0.425000 0.491667 0.428125 0.485417 0.442188 0.487500 0.443750 0.483333 0.459375 0.483333 0.457813 0.475000 0.451562 0.477083 0.445312 0.475000 0.442188 0.468750 0.428125 0.468750 0.417187 0.460417 0.404687 0.460417
14 0.114062 0.320833 0.110937 0.350000 0.112500 0.360417 0.109375 0.362500 0.110937 0.372917 0.107813 0.389583 0.107813 0.416667 0.104688 0.418750 0.106250 0.422917 0.115625 0.414583 0.114062 0.391667 0.117188 0.372917 0.114062 0.358333
14 0.075000 0.264583 0.065625 0.418750 0.095312 0.425000 0.106250 0.308333 0.098437 0.302083 0.100000 0.281250
14 0.003125 0.247917 0.000000 0.418750 0.034375 0.429167 0.056250 0.422917 0.067187 0.260417