0 0.000000 0.633333 0.000000 0.997917 0.998437 0.997917 0.998437 0.831250 0.698438 0.577083 0.525000 0.570833 0.098437 0.383333 0.150000 0.543750
0 0.000000 0.352083 0.000000 0.385417 0.045312 0.412500 0.076563 0.425000 0.079687 0.389583 0.073438 0.389583 0.060937 0.372917 0.045312 0.368750 0.039062 0.354167 0.009375 0.343750 0.004687 0.354167
1 0.718750 0.589583 0.998437 0.829167 0.998437 0.766667
1 0.257812 0.443750 0.484375 0.554167 0.687500 0.600000 0.657813 0.566667 0.539062 0.556250
1 0.000000 0.387500 0.000000 0.631250 0.078125 0.600000 0.148438 0.543750 0.154688 0.500000 0.145313 0.472917 0.092188 0.435417 0.087500 0.462500 0.076563 0.464583 0.076563 0.427083
2 0.998437 0.764583 0.998437 0.687500 0.993750 0.722917 0.976562 0.722917 0.923438 0.704167 0.909375 0.706250 0.970313 0.737500
4 0.350000 0.395833 0.342187 0.475000 0.551562 0.554167 0.656250 0.560417 0.587500 0.504167 0.557813 0.527083 0.548438 0.479167
4 0.314063 0.383333 0.309375 0.431250 0.301563 0.441667 0.279687 0.445833 0.335938 0.475000 0.337500 0.439583 0.340625 0.437500 0.345313 0.393750
5 0.368750 0.122917 0.376563 0.210417 0.337500 0.475000 0.379688 0.200000
5 0.139063 0.016667 0.076563 0.462500 0.085938 0.462500 0.145313 0.033333
7 0.073438 0.037500 0.104688 0.047917 0.107813 0.043750 0.115625 0.047917 0.129688 0.047917 0.132812 0.039583 0.131250 0.035417 0.134375 0.033333 0.131250 0.020833 0.076563 0.018750
8 0.731250 0.468750 0.726562 0.591667 0.835938 0.662500 0.993750 0.720833 0.996875 0.435417 0.971875 0.452083 0.987500 0.527083 0.951562 0.504167 0.926562 0.545833 0.853125 0.522917 0.831250 0.477083 0.832812 0.414583 0.818750 0.456250 0.771875 0.429167
8 0.135937 0.093750 0.123438 0.197917 0.281250 0.231250 0.343750 0.391667 0.375000 0.147917 0.351562 0.393750 0.646875 0.539583 0.681250 0.460417 0.650000 0.543750 0.700000 0.562500 0.692187 0.285417 0.635938 0.366667 0.637500 0.218750 0.607812 0.252083 0.570312 0.147917 0.435937 0.143750 0.401562 0.212500 0.412500 0.118750 0.334375 0.052083 0.264062 0.108333
8 0.004687 0.010417 0.000000 0.235417 0.053125 0.258333 0.087500 0.295833 0.101562 0.252083 0.085938 0.241667 0.084375 0.222917 0.096875 0.195833 0.110937 0.195833 0.125000 0.087500 0.071875 0.035417 0.062500 0.045833 0.068750 0.062500 0.039062 0.041667 0.032813 0.020833 0.012500 0.041667
9 0.353125 0.479167 0.378125 0.495833 0.475000 0.529167 0.426563 0.500000
10 0.093750 0.045833 0.093750 0.050000 0.101562 0.060417 0.104688 0.060417 0.107813 0.064583 0.115625 0.064583 0.120313 0.072917 0.120313 0.079167 0.126562 0.081250 0.125000 0.079167 0.128125 0.070833 0.126562 0.066667 0.129688 0.064583 0.128125 0.060417 0.131250 0.050000 0.123438 0.047917 0.115625 0.050000 0.107813 0.045833 0.104688 0.050000 0.098437 0.045833
10 0.000000 0.000000 0.064062 0.060417 0.139063 0.014583 0.179688 0.104167 0.334375 0.050000 0.414062 0.118750 0.401562 0.210417 0.435937 0.141667 0.570312 0.145833 0.639062 0.218750 0.635938 0.364583 0.693750 0.285417 0.715625 0.545833 0.831250 0.412500 0.854688 0.522917 0.985938 0.527083 0.998437 0.000000
13 0.659375 0.566667 0.659375 0.583333 0.685937 0.591667 0.687500 0.595833 0.698438 0.575000 0.707812 0.579167 0.710938 0.585417 0.723437 0.587500 0.721875 0.564583 0.714063 0.568750 0.714063 0.575000 0.709375 0.577083 0.707812 0.568750 0.703125 0.564583 0.696875 0.564583 0.692187 0.558333 0.678125 0.552083 0.667188 0.552083
13 0.000000 0.237500 0.000000 0.350000 0.004687 0.352083 0.009375 0.341667 0.028125 0.345833 0.067187 0.381250 0.062500 0.360417 0.065625 0.341667 0.059375 0.322917 0.067187 0.304167 0.079687 0.297917 0.075000 0.281250 0.053125 0.260417
14 0.095312 0.285417 0.090625 0.295833 0.067187 0.306250 0.060937 0.322917 0.062500 0.337500 0.067187 0.341667 0.064062 0.356250 0.067187 0.379167 0.081250 0.389583 0.092188 0.329167 0.090625 0.320833
14 0.121875 0.202083 0.098437 0.381250 0.134375 0.406250 0.167187 0.404167 0.195312 0.437500 0.225000 0.422917 0.307812 0.431250 0.318750 0.310417 0.292187 0.275000 0.296875 0.250000 0.198437 0.204167 0.192188 0.225000
14 0.106250 0.195833 0.096875 0.197917 0.096875 0.202083 0.095312 0.204167 0.093750 0.202083 0.095312 0.204167 0.087500 0.218750 0.089063 0.220833 0.085938 0.222917 0.087500 0.241667 0.098437 0.245833 0.101562 0.250000 0.100000 0.245833 0.103125 0.243750 0.101562 0.233333 0.106250 0.220833 0.106250 0.208333 0.109375 0.200000
16 0.209375 0.435417 0.228125 0.435417 0.229687 0.439583 0.268750 0.443750 0.292187 0.439583 0.268750 0.427083 0.242188 0.431250 0.240625 0.427083 0.232813 0.425000 0.218750 0.427083