0 0.000000 0.577083 0.000000 0.997917 0.998437 0.997917 0.614062 0.539583 0.090625 0.389583 0.164062 0.510417
0 0.023438 0.364583 0.023438 0.372917 0.032813 0.377083 0.050000 0.397917 0.075000 0.412500 0.076563 0.385417 0.062500 0.381250 0.056250 0.375000 0.053125 0.364583 0.029687 0.360417
1 0.629687 0.550000 0.998437 0.950000 0.998437 0.800000 0.795312 0.654167 0.793750 0.629167
1 0.175000 0.416667 0.460938 0.529167 0.567187 0.539583 0.398438 0.493750 0.228125 0.420833
1 0.000000 0.362500 0.000000 0.575000 0.120313 0.539583 0.162500 0.510417 0.159375 0.472917 0.134375 0.447917 0.089063 0.420833 0.076563 0.435417 0.075000 0.414583
2 0.998437 0.497917 0.959375 0.504167 0.975000 0.525000 0.957812 0.560417 0.826562 0.543750 0.831250 0.587500 0.998437 0.652083
2 0.998437 0.370833 0.992188 0.372917 0.993750 0.383333 0.990625 0.389583 0.973437 0.397917 0.968750 0.408333 0.984375 0.406250 0.989062 0.416667 0.998437 0.425000
3 0.453125 0.497917 0.456250 0.506250 0.475000 0.514583 0.567187 0.527083 0.571875 0.508333 0.562500 0.508333 0.501563 0.470833 0.490625 0.472917 0.487500 0.491667 0.479687 0.489583 0.473438 0.502083 0.467187 0.493750
4 0.803125 0.583333 0.795312 0.652083 0.901563 0.716667 0.910937 0.710417 0.957812 0.731250 0.984375 0.777083 0.998437 0.772917 0.998437 0.654167
4 0.281250 0.375000 0.276562 0.443750 0.356250 0.464583 0.414062 0.495833 0.451562 0.502083 0.460938 0.491667 0.465625 0.452083
4 0.246875 0.364583 0.245312 0.400000 0.235937 0.418750 0.225000 0.418750 0.243750 0.429167 0.245312 0.433333 0.267188 0.441667 0.271875 0.387500 0.276562 0.372917
5 0.295312 0.120833 0.303125 0.202083 0.268750 0.443750 0.306250 0.195833
5 0.120313 0.081250 0.076563 0.433333 0.103125 0.289583 0.126562 0.089583
7 0.060937 0.072917 0.059375 0.091667 0.103125 0.102083 0.115625 0.100000 0.114062 0.097917 0.117188 0.089583 0.115625 0.083333 0.067187 0.070833
8 0.998437 0.454167 0.965625 0.439583 0.987500 0.414583 0.951562 0.408333 0.937500 0.345833 0.918750 0.406250 0.859375 0.358333 0.812500 0.427083 0.826562 0.481250 0.798438 0.466667 0.760938 0.514583 0.723437 0.445833 0.725000 0.387500 0.712500 0.425000 0.675000 0.400000 0.640625 0.435417 0.635938 0.547917 0.793750 0.627083 0.804688 0.579167 0.829688 0.585417 0.826562 0.541667 0.957812 0.558333 0.973437 0.525000 0.957812 0.504167 0.998437 0.491667
8 0.000000 0.025000 0.003125 0.277083 0.051562 0.245833 0.029687 0.179167 0.103125 0.195833 0.112500 0.102083 0.059375 0.072917 0.126562 0.081250 0.112500 0.204167 0.231250 0.237500 0.276562 0.370833 0.295312 0.118750 0.282813 0.372917 0.471875 0.500000 0.560937 0.502083 0.592187 0.429167 0.565625 0.506250 0.618750 0.525000 0.596875 0.258333 0.526563 0.402083 0.553125 0.275000 0.479687 0.156250
9 0.854688 0.693750 0.998437 0.797917 0.998437 0.775000 0.984375 0.779167 0.968750 0.743750 0.957812 0.733333 0.910937 0.712500 0.901563 0.718750 0.895312 0.708333
9 0.310937 0.458333 0.393750 0.487500 0.356250 0.466667 0.343750 0.466667 0.342187 0.462500 0.332813 0.462500 0.331250 0.458333
10 0.967187 0.437500 0.970313 0.443750 0.987500 0.445833 0.992188 0.450000 0.996875 0.450000 0.998437 0.452083 0.998437 0.427083 0.989062 0.418750 0.979688 0.427083 0.979688 0.433333 0.978125 0.435417 0.970313 0.435417
10 0.000000 0.000000 0.479687 0.154167 0.554688 0.275000 0.526563 0.400000 0.598437 0.258333 0.631250 0.510417 0.675000 0.397917 0.778125 0.502083 0.859375 0.356250 0.998437 0.368750 0.998437 0.000000
13 0.568750 0.525000 0.568750 0.539583 0.575000 0.539583 0.576562 0.543750 0.585938 0.543750 0.589063 0.547917 0.595313 0.547917 0.598437 0.539583 0.603125 0.539583 0.604688 0.543750 0.614062 0.537500 0.618750 0.539583 0.617188 0.527083 0.609375 0.529167 0.606250 0.520833 0.593750 0.518750 0.584375 0.512500 0.573438 0.514583
14 0.618750 0.510417 0.617188 0.518750 0.620313 0.522917 0.618750 0.527083 0.620313 0.529167 0.620313 0.541667 0.625000 0.543750 0.626563 0.547917 0.634375 0.547917 0.634375 0.543750 0.635938 0.541667 0.635938 0.518750 0.632812 0.514583 0.623437 0.514583
14 0.112500 0.206250 0.100000 0.360417 0.123438 0.370833 0.181250 0.360417 0.239063 0.393750 0.246875 0.291667 0.226562 0.266667 0.231250 0.239583 0.132812 0.195833 0.129688 0.216667
14 0.029687 0.181250 0.017188 0.202083 0.017188 0.225000 0.053125 0.245833 0.000000 0.287500 0.000000 0.350000 0.021875 0.366667 0.053125 0.362500 0.062500 0.379167 0.070312 0.370833 0.070312 0.383333 0.079687 0.383333 0.075000 0.368750 0.100000 0.202083
16 0.092188 0.387500 0.114062 0.393750 0.128125 0.412500 0.235937 0.416667 0.248438 0.362500 0.242188 0.356250 0.240625 0.393750 0.226562 0.395833 0.181250 0.362500 0.153125 0.372917 0.109375 0.370833 0.095312 0.347917