0 0.690625 0.679167 0.690625 0.681250 0.695312 0.685417 0.703125 0.689583 0.707812 0.689583 0.709375 0.691667 0.717187 0.687500 0.720313 0.689583 0.721875 0.685417 0.720313 0.672917 0.712500 0.666667 0.701562 0.666667 0.701562 0.668750 0.698438 0.670833 0.696875 0.675000 0.693750 0.675000 0.693750 0.677083
0 0.000000 0.529167 0.000000 0.997917 0.896875 0.997917 0.857812 0.872917 0.917188 0.818750 0.976562 0.856250 0.759375 0.677083 0.756250 0.814583 0.687500 0.800000 0.470313 0.489583 0.084375 0.435417 0.156250 0.493750
0 0.000000 0.416667 0.000000 0.431250 0.032813 0.435417 0.034375 0.439583 0.045312 0.439583 0.046875 0.435417 0.045312 0.427083 0.040625 0.425000 0.014063 0.422917 0.012500 0.420833 0.006250 0.420833 0.004687 0.416667
1 0.787500 0.833333 0.789062 0.845833 0.795312 0.852083 0.803125 0.852083 0.804688 0.856250 0.809375 0.858333 0.812500 0.870833 0.825000 0.879167 0.832812 0.875000 0.835938 0.862500 0.825000 0.833333 0.815625 0.831250 0.810937 0.835417 0.804688 0.833333 0.800000 0.841667 0.795312 0.841667 0.790625 0.833333
1 0.792188 0.697917 0.803125 0.720833 0.865625 0.729167 0.976562 0.852083 0.917188 0.820833 0.859375 0.872917 0.898438 0.997917 0.998437 0.997917 0.998437 0.747917 0.834375 0.695833 0.817187 0.714583
1 0.478125 0.493750 0.671875 0.781250 0.754687 0.814583 0.748437 0.777083 0.768750 0.735417 0.743750 0.685417 0.795312 0.683333 0.798438 0.666667
1 0.000000 0.433333 0.000000 0.527083 0.115625 0.512500 0.154688 0.493750 0.145313 0.477083 0.087500 0.452083 0.076563 0.485417 0.075000 0.450000
1 0.084375 0.431250 0.300000 0.481250 0.410938 0.487500 0.095312 0.420833
2 0.998437 0.077083 0.971875 0.102083 0.954688 0.054167 0.942187 0.122917 0.896875 0.158333 0.895312 0.097917 0.881250 0.170833 0.670312 0.337500 0.673438 0.460417 0.606250 0.460417 0.604688 0.491667 0.795312 0.537500 0.826562 0.489583 0.973437 0.516667 0.998437 0.485417
3 0.328125 0.462500 0.328125 0.472917 0.357812 0.475000 0.365625 0.470833 0.379688 0.477083 0.403125 0.477083 0.403125 0.460417 0.387500 0.456250 0.379688 0.447917 0.367188 0.445833 0.353125 0.437500 0.343750 0.437500 0.339062 0.441667
4 0.998437 0.633333 0.992188 0.639583 0.989062 0.697917 0.881250 0.685417 0.868750 0.700000 0.885938 0.700000 0.896875 0.716667 0.912500 0.722917 0.928125 0.720833 0.998437 0.745833
4 0.565625 0.485417 0.562500 0.537500 0.743750 0.633333 0.756250 0.560417 0.795312 0.550000 0.812500 0.564583 0.804688 0.652083 0.818750 0.606250 0.825000 0.637500 0.834375 0.491667 0.810937 0.543750
4 0.146875 0.377083 0.146875 0.435417 0.317188 0.468750 0.317188 0.427083 0.310937 0.418750
4 0.117188 0.370833 0.118750 0.387500 0.115625 0.412500 0.107813 0.418750 0.101562 0.418750 0.101562 0.422917 0.134375 0.433333 0.137500 0.429167 0.135937 0.416667 0.140625 0.375000 0.125000 0.372917 0.123438 0.368750
5 0.818750 0.608333 0.812500 0.616667 0.812500 0.641667 0.804688 0.654167 0.804688 0.689583 0.800000 0.702083 0.817187 0.712500 0.821875 0.710417 0.820312 0.681250 0.823438 0.652083 0.821875 0.612500
5 0.068750 0.202083 0.062500 0.202083 0.048438 0.445833 0.053125 0.445833
5 0.156250 0.193750 0.139063 0.435417 0.157812 0.245833
5 0.110937 0.160417 0.096875 0.177083 0.076563 0.483333 0.103125 0.229167 0.115625 0.181250
7 0.009375 0.197917 0.010937 0.206250 0.017188 0.206250 0.025000 0.210417 0.039062 0.210417 0.059375 0.216667 0.062500 0.214583 0.060937 0.202083 0.045312 0.197917 0.018750 0.195833 0.017188 0.193750 0.010937 0.193750
8 0.676562 0.408333 0.651563 0.391667 0.635938 0.318750 0.593750 0.370833 0.601562 0.412500 0.585938 0.406250 0.565625 0.445833 0.548438 0.429167 0.568750 0.420833 0.545312 0.391667 0.545312 0.341667 0.535937 0.370833 0.506250 0.354167 0.476562 0.387500 0.481250 0.491667 0.496875 0.500000 0.501563 0.483333 0.503125 0.506250 0.559375 0.522917 0.564063 0.485417 0.603125 0.491667 0.606250 0.458333 0.671875 0.460417
8 0.000000 0.091667 0.000000 0.235417 0.056250 0.247917 0.007812 0.197917 0.068750 0.200000 0.092188 0.260417 0.115625 0.164583 0.117188 0.364583 0.156250 0.191667 0.146875 0.375000 0.310937 0.416667 0.326562 0.472917 0.403125 0.458333 0.428125 0.387500 0.407813 0.458333 0.468750 0.475000 0.426563 0.229167 0.367188 0.372917 0.370312 0.229167 0.346875 0.254167 0.317188 0.185417
9 0.182812 0.445833 0.325000 0.475000 0.220312 0.445833
10 0.000000 0.000000 0.018750 0.114583 0.081250 0.081250 0.368750 0.225000 0.367188 0.370833 0.426563 0.227083 0.478125 0.458333 0.501563 0.354167 0.579688 0.431250 0.621875 0.318750 0.667188 0.414583 0.668750 0.337500 0.895312 0.095833 0.896875 0.156250 0.954688 0.052083 0.998437 0.075000 0.998437 0.000000
13 0.776563 0.550000 0.753125 0.566667 0.742188 0.597917 0.742188 0.629167 0.768750 0.652083 0.800000 0.664583 0.809375 0.560417 0.801562 0.562500 0.795312 0.552083
13 0.998437 0.487500 0.982812 0.477083 0.973437 0.518750 0.904687 0.508333 0.835938 0.516667 0.828125 0.689583 0.848437 0.700000 0.881250 0.683333 0.989062 0.695833
13 0.410938 0.475000 0.412500 0.487500 0.426563 0.487500 0.428125 0.491667 0.435937 0.491667 0.437500 0.487500 0.470313 0.487500 0.470313 0.479167 0.467187 0.475000 0.456250 0.479167 0.450000 0.470833 0.437500 0.470833 0.434375 0.464583 0.414062 0.462500
14 0.100000 0.293750 0.096875 0.297917 0.096875 0.325000 0.093750 0.327083 0.087500 0.418750 0.089063 0.414583 0.095312 0.418750 0.114062 0.412500 0.117188 0.387500 0.118750 0.318750 0.115625 0.306250
14 0.067187 0.250000 0.056250 0.420833 0.076563 0.418750 0.082812 0.327083 0.092188 0.262500
14 0.001563 0.233333 0.000000 0.414583 0.014063 0.420833 0.048438 0.414583 0.056250 0.250000