0 0.000000 0.810417 0.000000 0.997917 0.904687 0.997917 0.864062 0.831250 0.654687 0.656250 0.607812 0.675000 0.590625 0.572917 0.531250 0.579167 0.476562 0.466667 0.350000 0.375000
1 0.345313 0.375000 0.000000 0.385417 0.000000 0.808333 0.276562 0.435417
2 0.550000 0.331250 0.534375 0.360417 0.528125 0.356250 0.523438 0.360417 0.518750 0.381250 0.523438 0.385417 0.528125 0.381250 0.531250 0.385417 0.559375 0.395833 0.560937 0.387500 0.575000 0.362500 0.570312 0.354167 0.570312 0.337500 0.567187 0.331250
2 0.114062 0.056250 0.190625 0.158333 0.223438 0.162500 0.257812 0.187500 0.270313 0.247917 0.295312 0.264583 0.306250 0.258333 0.279687 0.229167 0.265625 0.229167 0.275000 0.164583 0.189062 0.108333 0.181250 0.087500 0.165625 0.077083 0.156250 0.085417
3 0.195312 0.362500 0.207813 0.366667 0.276562 0.364583 0.271875 0.358333 0.262500 0.360417 0.253125 0.354167 0.231250 0.352083 0.209375 0.354167 0.203125 0.362500
4 0.000000 0.087500 0.000000 0.383333 0.225000 0.350000 0.329688 0.366667 0.325000 0.316667 0.293750 0.281250 0.215625 0.258333 0.115625 0.181250 0.090625 0.135417
8 0.631250 0.185417 0.581250 0.247917 0.592187 0.266667 0.560937 0.400000 0.637500 0.445833 0.657813 0.477083 0.710938 0.393750 0.664062 0.352083 0.668750 0.308333 0.700000 0.237500 0.743750 0.214583 0.718750 0.225000 0.718750 0.202083 0.679688 0.222917 0.654687 0.193750 0.625000 0.233333
8 0.998437 0.072917 0.985938 0.081250 0.979688 0.091667 0.971875 0.091667 0.968750 0.095833 0.968750 0.110417 0.971875 0.112500 0.970313 0.118750 0.946875 0.139583 0.953125 0.145833 0.978125 0.141667 0.989062 0.135417 0.998437 0.120833
8 0.000000 0.000000 0.001563 0.089583 0.293750 0.279167 0.346875 0.372917 0.421875 0.383333 0.478125 0.466667 0.528125 0.414583 0.535937 0.322917 0.564063 0.325000 0.568750 0.185417 0.471875 0.160417 0.462500 0.241667 0.398438 0.327083 0.376563 0.177083 0.295312 0.266667 0.070312 0.000000
10 0.071875 0.000000 0.275000 0.162500 0.307812 0.256250 0.376563 0.175000 0.398438 0.325000 0.475000 0.154167 0.570312 0.185417 0.568750 0.331250 0.631250 0.183333 0.625000 0.231250 0.948438 0.147917 0.998437 0.070833 0.998437 0.000000
13 0.384375 0.379167 0.384375 0.387500 0.387500 0.391667 0.385937 0.402083 0.390625 0.408333 0.395313 0.408333 0.400000 0.414583 0.400000 0.420833 0.404687 0.425000 0.417187 0.425000 0.428125 0.439583 0.435937 0.437500 0.437500 0.406250 0.434375 0.395833 0.428125 0.393750 0.421875 0.385417 0.414062 0.385417 0.412500 0.389583 0.410938 0.385417 0.395313 0.377083 0.385937 0.383333
13 0.998437 0.122917 0.700000 0.239583 0.664062 0.345833 0.712500 0.393750 0.657813 0.479167 0.518750 0.383333 0.475000 0.516667 0.534375 0.579167 0.590625 0.570833 0.620313 0.683333 0.654687 0.654167 0.859375 0.827083 0.859375 0.768750 0.998437 0.804167
14 0.854688 0.772917 0.843750 0.804167 0.898438 0.885417 0.895312 0.941667 0.906250 0.997917 0.998437 0.997917 0.998437 0.806250 0.929688 0.812500 0.887500 0.781250