0 0.079687 0.327083 0.070312 0.416667 0.201563 0.602083 0.000000 0.916667 0.000000 0.997917 0.998437 0.997917 0.998437 0.816667
0 0.000000 0.295833 0.000000 0.356250 0.040625 0.391667 0.053125 0.316667 0.037500 0.312500 0.028125 0.302083 0.017188 0.297917 0.003125 0.300000
1 0.998437 0.777083 0.998437 0.706250 0.945312 0.729167 0.937500 0.747917 0.821875 0.714583 0.878125 0.754167 0.973437 0.785417
1 0.745313 0.695833 0.820312 0.745833 0.884375 0.768750 0.790625 0.722917 0.762500 0.693750
1 0.689063 0.656250 0.698438 0.668750 0.712500 0.675000 0.714063 0.679167 0.726562 0.685417 0.737500 0.679167 0.735938 0.677083 0.739062 0.675000 0.735938 0.670833 0.729688 0.670833 0.728125 0.666667 0.723437 0.666667 0.717187 0.660417 0.706250 0.660417 0.701562 0.654167 0.690625 0.654167
1 0.593750 0.597917 0.601562 0.610417 0.635938 0.635417 0.678125 0.652083 0.678125 0.645833 0.668750 0.635417 0.662500 0.635417 0.640625 0.618750 0.617188 0.612500
1 0.001563 0.358333 0.000000 0.914583 0.137500 0.743750 0.196875 0.600000 0.184375 0.529167 0.070312 0.418750 0.040625 0.604167 0.010937 0.616667 0.037500 0.393750
2 0.181250 0.183333 0.168750 0.214583 0.159375 0.208333 0.148438 0.225000 0.142187 0.266667 0.159375 0.283333 0.181250 0.281250 0.196875 0.287500 0.215625 0.275000 0.223438 0.262500 0.232813 0.206250 0.198437 0.183333 0.192188 0.187500
3 0.085938 0.293750 0.085938 0.297917 0.084375 0.300000 0.085938 0.302083 0.084375 0.320833 0.085938 0.322917 0.095312 0.325000 0.096875 0.329167 0.103125 0.331250 0.104688 0.327083 0.101562 0.325000 0.098437 0.318750 0.101562 0.302083 0.092188 0.293750
4 0.487500 0.527083 0.596875 0.600000 0.715625 0.622917 0.876563 0.714583 0.942187 0.725000 0.965625 0.664583 0.948438 0.645833 0.915625 0.675000 0.909375 0.597917 0.534375 0.441667 0.526563 0.514583
5 0.618750 0.104167 0.623437 0.175000 0.581250 0.460417 0.625000 0.191667
5 0.129688 0.000000 0.104688 0.000000 0.015625 0.616667 0.040625 0.597917
7 0.607812 0.043750 0.604688 0.045833 0.604688 0.060417 0.607812 0.072917 0.609375 0.095833 0.610938 0.102083 0.618750 0.102083 0.618750 0.091667 0.615625 0.079167 0.615625 0.064583 0.614062 0.062500 0.614062 0.050000 0.610938 0.043750
8 0.632812 0.031250 0.612500 0.043750 0.625000 0.133333 0.626563 0.185417 0.639062 0.170833 0.657813 0.131250 0.668750 0.085417 0.660937 0.062500 0.640625 0.045833
8 0.878125 0.004167 0.807813 0.029167 0.792188 0.093750 0.751563 0.058333 0.725000 0.108333 0.743750 0.152083 0.687500 0.135417 0.639062 0.191667 0.584375 0.462500 0.918750 0.602083 0.915625 0.672917 0.967187 0.658333 0.951562 0.716667 0.998437 0.704167 0.998437 0.131250 0.943750 0.114583 0.967187 0.037500 0.903125 0.052083
8 0.128125 0.002083 0.104688 0.333333 0.229687 0.304167 0.295312 0.350000 0.303125 0.237500 0.481250 0.229167 0.545312 0.347917 0.535937 0.443750 0.576562 0.458333 0.621875 0.158333 0.571875 0.008333 0.479687 0.125000 0.423438 0.097917 0.445312 0.191667 0.237500 0.135417 0.187500 0.289583 0.140625 0.258333 0.201563 0.183333 0.201563 0.054167
8 0.103125 0.000000 0.039062 0.000000 0.054688 0.029167 0.037500 0.039583 0.057813 0.066667 0.045312 0.068750 0.042188 0.087500 0.026562 0.068750 0.023438 0.095833 0.010937 0.087500 0.012500 0.104167 0.000000 0.097917 0.000000 0.245833 0.042188 0.260417 0.065625 0.245833
9 0.604688 0.602083 0.998437 0.814583 0.998437 0.779167 0.882812 0.758333 0.820312 0.714583 0.937500 0.745833 0.981250 0.706250 0.876563 0.716667 0.715625 0.625000
10 0.153125 0.000000 0.231250 0.204167 0.268750 0.112500 0.445312 0.189583 0.421875 0.097917 0.479687 0.122917 0.553125 0.006250 0.670312 0.077083 0.629687 0.222917 0.687500 0.133333 0.745313 0.147917 0.751563 0.056250 0.792188 0.091667 0.878125 0.002083 0.967187 0.035417 0.945312 0.114583 0.998437 0.129167 0.998437 0.000000
10 0.037500 0.000000 0.000000 0.000000 0.000000 0.095833 0.014063 0.104167 0.010937 0.085417 0.025000 0.091667 0.021875 0.072917 0.026562 0.066667 0.039062 0.085417 0.045312 0.066667 0.056250 0.066667 0.035937 0.039583 0.046875 0.037500 0.048438 0.025000 0.053125 0.029167 0.053125 0.020833 0.045312 0.016667
13 0.156250 0.341667 0.154688 0.389583 0.181250 0.383333 0.204687 0.395833 0.212500 0.420833 0.228125 0.422917 0.239063 0.412500 0.264062 0.427083 0.271875 0.368750 0.293750 0.352083 0.282813 0.333333 0.229687 0.306250 0.171875 0.320833
13 0.000000 0.247917 0.000000 0.293750 0.003125 0.297917 0.017188 0.295833 0.028125 0.300000 0.037500 0.310417 0.053125 0.314583 0.059375 0.287500 0.059375 0.270833 0.053125 0.264583 0.026562 0.256250 0.021875 0.250000 0.014063 0.252083
14 0.303125 0.239583 0.292187 0.291667 0.317188 0.314583 0.271875 0.372917 0.268750 0.454167 0.332813 0.456250 0.382812 0.520833 0.435937 0.506250 0.514062 0.529167 0.525000 0.514583 0.543750 0.347917 0.507812 0.304167 0.517188 0.270833 0.496875 0.237500 0.407813 0.222917 0.395313 0.247917