0 0.000000 0.854167 0.000000 0.997917 0.998437 0.997917 0.987500 0.879167 0.768750 0.752083 0.706250 0.789583 0.646875 0.645833 0.512500 0.587500 0.496875 0.520833 0.267188 0.331250
1 0.264062 0.327083 0.000000 0.331250 0.000000 0.852083 0.114062 0.641667 0.228125 0.356250
2 0.489063 0.293750 0.471875 0.291667 0.464062 0.312500 0.454688 0.325000 0.443750 0.322917 0.440625 0.362500 0.446875 0.366667 0.450000 0.347917 0.457813 0.345833 0.470313 0.356250 0.470313 0.364583 0.479687 0.364583 0.482812 0.333333 0.490625 0.329167 0.489063 0.312500 0.493750 0.300000
2 0.046875 0.000000 0.093750 0.077083 0.154688 0.127083 0.157812 0.158333 0.171875 0.183333 0.203125 0.210417 0.215625 0.204167 0.179688 0.172917 0.178125 0.160417 0.168750 0.166667 0.162500 0.156250 0.176563 0.102083 0.170313 0.087500 0.071875 0.016667 0.068750 0.000000
4 0.968750 0.806250 0.960938 0.812500 0.959375 0.829167 0.950000 0.852083 0.953125 0.860417 0.960938 0.866667 0.981250 0.872917 0.998437 0.889583 0.998437 0.806250
4 0.000000 0.085417 0.000000 0.329167 0.178125 0.314583 0.260937 0.325000 0.237500 0.260417 0.206250 0.222917 0.081250 0.168750 0.064062 0.125000
8 0.621875 0.227083 0.634375 0.225000 0.635938 0.220833 0.642188 0.220833 0.643750 0.218750 0.657813 0.218750 0.660937 0.216667 0.660937 0.212500 0.657813 0.210417 0.657813 0.206250 0.645312 0.208333 0.642188 0.202083 0.637500 0.202083 0.634375 0.206250 0.623437 0.206250 0.623437 0.225000
8 0.543750 0.168750 0.500000 0.218750 0.509375 0.266667 0.493750 0.283333 0.481250 0.364583 0.551562 0.418750 0.585938 0.362500 0.551562 0.329167 0.551562 0.310417 0.579688 0.243750 0.615625 0.229167 0.620313 0.191667 0.585938 0.206250 0.564063 0.179167 0.539062 0.222917
8 0.776563 0.027083 0.812500 0.118750 0.781250 0.168750 0.998437 0.120833 0.998437 0.000000 0.912500 0.014583 0.864062 0.081250 0.851562 0.068750 0.856250 0.000000 0.818750 0.000000 0.798438 0.027083
8 0.000000 0.000000 0.001563 0.085417 0.206250 0.220833 0.265625 0.329167 0.321875 0.320833 0.398438 0.420833 0.451562 0.372917 0.442188 0.322917 0.498437 0.241667 0.485938 0.143750 0.400000 0.108333 0.385937 0.195833 0.312500 0.275000 0.287500 0.112500 0.203125 0.212500 0.042188 0.000000
10 0.853125 0.068750 0.864062 0.079167 0.896875 0.043750 0.895312 0.029167 0.912500 0.012500 0.923438 0.016667 0.940625 0.000000 0.857812 0.000000 0.851562 0.018750 0.860938 0.018750 0.864062 0.027083 0.854688 0.047917
10 0.070312 0.012500 0.170313 0.085417 0.164062 0.156250 0.217188 0.195833 0.287500 0.110417 0.312500 0.272917 0.384375 0.195833 0.393750 0.112500 0.492188 0.147917 0.492188 0.295833 0.543750 0.166667 0.539062 0.220833 0.564063 0.177083 0.620313 0.189583 0.614062 0.227083 0.746875 0.206250 0.810937 0.120833 0.775000 0.027083 0.817187 0.000000
11 0.451562 0.347917 0.451562 0.350000 0.448437 0.356250 0.448437 0.368750 0.450000 0.368750 0.453125 0.372917 0.457813 0.368750 0.460938 0.368750 0.465625 0.364583 0.468750 0.364583 0.468750 0.356250 0.465625 0.352083 0.459375 0.352083 0.457813 0.350000 0.457813 0.347917
13 0.312500 0.329167 0.304688 0.341667 0.304688 0.356250 0.315625 0.362500 0.323437 0.377083 0.343750 0.383333 0.346875 0.391667 0.357812 0.395833 0.357812 0.354167 0.339062 0.339583 0.334375 0.343750 0.325000 0.333333
13 0.410938 0.400000 0.398438 0.464583 0.439063 0.475000 0.451562 0.516667 0.478125 0.502083 0.496875 0.518750 0.507812 0.581250 0.551562 0.568750 0.631250 0.627083 0.618750 0.612500 0.639062 0.583333 0.598437 0.543750 0.612500 0.522917 0.590625 0.450000 0.603125 0.368750 0.560937 0.331250 0.564063 0.281250 0.553125 0.329167 0.587500 0.362500 0.551562 0.420833 0.481250 0.366667
13 0.787500 0.170833 0.779687 0.170833 0.779687 0.172917 0.775000 0.177083 0.764062 0.179167 0.760938 0.185417 0.756250 0.187500 0.756250 0.191667 0.751563 0.197917 0.751563 0.202083 0.754687 0.204167 0.757812 0.195833 0.762500 0.195833 0.770312 0.191667 0.773438 0.185417 0.779687 0.183333 0.779687 0.181250 0.782813 0.179167 0.782813 0.175000
14 0.998437 0.122917 0.573438 0.260417 0.562500 0.331250 0.604688 0.368750 0.600000 0.543750 0.640625 0.583333 0.620313 0.612500 0.706250 0.787500 0.751563 0.789583 0.768750 0.750000 0.953125 0.862500 0.960938 0.810417 0.998437 0.804167