0 0.159375 0.995833 0.998437 0.997917 0.998437 0.718750 0.510938 0.487500 0.207813 0.868750
1 0.710938 0.556250 0.710938 0.579167 0.998437 0.716667 0.998437 0.627083 0.846875 0.602083
1 0.498437 0.493750 0.000000 0.727083 0.000000 0.997917 0.157812 0.997917 0.206250 0.868750
2 0.276562 0.270833 0.296875 0.287500 0.317188 0.287500 0.320312 0.297917 0.310937 0.333333 0.364063 0.366667 0.364063 0.287500 0.359375 0.281250
2 0.229687 0.243750 0.226562 0.247917 0.225000 0.262500 0.218750 0.266667 0.242188 0.281250 0.243750 0.277083 0.246875 0.279167 0.248438 0.270833 0.254688 0.266667 0.256250 0.254167 0.246875 0.247917 0.242188 0.250000 0.240625 0.266667 0.239063 0.250000
2 0.998437 0.231250 0.960938 0.300000 0.962500 0.258333 0.915625 0.289583 0.881250 0.289583 0.871875 0.252083 0.853125 0.256250 0.850000 0.281250 0.773438 0.279167 0.781250 0.300000 0.737500 0.356250 0.767188 0.356250 0.785937 0.379167 0.814063 0.366667 0.826562 0.410417 0.859375 0.425000 0.878125 0.404167 0.898438 0.418750 0.904687 0.395833 0.964063 0.393750 0.998437 0.377083
4 0.717187 0.481250 0.712500 0.550000 0.856250 0.600000 0.856250 0.483333
4 0.023438 0.110417 0.000000 0.725000 0.481250 0.495833 0.403125 0.395833
5 0.675000 0.200000 0.673438 0.206250 0.700000 0.222917 0.718750 0.245833 0.718750 0.366667 0.723437 0.237500
8 0.243750 0.279167 0.264062 0.300000 0.282813 0.312500 0.290625 0.312500 0.296875 0.325000 0.309375 0.331250 0.318750 0.297917 0.317188 0.289583 0.296875 0.289583 0.276562 0.275000 0.273438 0.266667 0.271875 0.270833 0.262500 0.268750 0.256250 0.258333 0.256250 0.266667 0.250000 0.270833 0.246875 0.281250
8 0.000000 0.254167 0.000000 0.327083 0.015625 0.329167 0.020313 0.308333 0.017188 0.262500 0.009375 0.254167
8 0.998437 0.139583 0.987500 0.139583 0.976562 0.166667 0.976562 0.175000 0.989062 0.179167 0.990625 0.187500 0.968750 0.208333 0.971875 0.245833 0.960938 0.245833 0.964063 0.262500 0.956250 0.272917 0.956250 0.291667 0.960938 0.297917 0.990625 0.262500 0.990625 0.239583 0.998437 0.229167
8 0.400000 0.368750 0.484375 0.491667 0.564063 0.466667 0.565625 0.402083 0.600000 0.483333 0.640625 0.429167 0.709375 0.483333 0.715625 0.422917 0.717187 0.479167 0.856250 0.481250 0.859375 0.602083 0.998437 0.625000 0.998437 0.379167 0.859375 0.427083 0.735938 0.356250 0.840625 0.147917 0.790625 0.012500 0.625000 0.062500 0.567187 0.331250 0.600000 0.410417 0.514062 0.412500 0.481250 0.254167
10 0.725000 0.000000 0.753125 0.035417 0.790625 0.010417 0.804688 0.056250 0.792188 0.106250 0.832812 0.100000 0.826562 0.133333 0.842187 0.135417 0.815625 0.179167 0.826562 0.241667 0.793750 0.268750 0.773438 0.250000 0.773438 0.277083 0.850000 0.279167 0.871875 0.250000 0.881250 0.287500 0.915625 0.287500 0.970313 0.245833 0.967187 0.208333 0.989062 0.187500 0.975000 0.166667 0.998437 0.137500 0.998437 0.000000
10 0.000000 0.245833 0.025000 0.108333 0.214062 0.262500 0.359375 0.279167 0.382812 0.381250 0.481250 0.252083 0.514062 0.410417 0.551562 0.379167 0.581250 0.422917 0.621875 0.066667 0.720313 0.000000 0.000000 0.000000
13 0.518750 0.475000 0.517188 0.485417 0.535937 0.489583 0.540625 0.506250 0.550000 0.516667 0.571875 0.514583 0.584375 0.520833 0.589063 0.518750 0.589063 0.489583 0.579688 0.472917 0.568750 0.468750 0.523438 0.468750
13 0.640625 0.431250 0.620313 0.475000 0.601562 0.487500 0.600000 0.550000 0.612500 0.543750 0.623437 0.566667 0.639062 0.556250 0.685937 0.560417 0.695312 0.577083 0.707812 0.577083 0.715625 0.508333 0.704688 0.472917 0.681250 0.431250