0 0.154688 0.997917 0.998437 0.997917 0.998437 0.716667 0.700000 0.570833 0.640625 0.581250 0.510938 0.485417
1 0.734375 0.581250 0.853125 0.652083 0.998437 0.714583 0.998437 0.635417 0.901563 0.618750 0.740625 0.562500
1 0.496875 0.497917 0.326562 0.554167 0.114062 0.689583 0.000000 0.695833 0.000000 0.997917 0.153125 0.997917
2 0.635938 0.462500 0.646875 0.450000 0.665625 0.450000 0.668750 0.456250 0.704688 0.456250 0.707812 0.452083 0.709375 0.437500 0.703125 0.431250 0.681250 0.431250 0.679688 0.427083 0.646875 0.427083 0.635938 0.447917
2 0.270313 0.264583 0.279687 0.272917 0.301563 0.275000 0.304688 0.281250 0.301563 0.322917 0.343750 0.352083 0.351562 0.352083 0.356250 0.360417 0.353125 0.277083
2 0.753125 0.343750 0.798438 0.339583 0.821875 0.370833 0.828125 0.350000 0.848437 0.354167 0.859375 0.385417 0.885938 0.402083 0.998437 0.387500 0.998437 0.272917 0.982812 0.281250 0.971875 0.245833 0.926562 0.279167 0.893750 0.279167 0.893750 0.243750 0.873437 0.239583 0.856250 0.272917 0.787500 0.270833 0.790625 0.289583
2 0.212500 0.237500 0.210938 0.239583 0.210938 0.256250 0.209375 0.258333 0.204687 0.256250 0.215625 0.262500 0.220312 0.268750 0.225000 0.270833 0.228125 0.268750 0.235937 0.272917 0.239063 0.268750 0.242188 0.256250 0.240625 0.241667 0.235937 0.237500 0.228125 0.239583 0.225000 0.243750 0.223438 0.237500 0.220312 0.235417
3 0.579688 0.458333 0.578125 0.468750 0.587500 0.475000 0.592187 0.489583 0.592187 0.508333 0.606250 0.514583 0.615625 0.497917 0.610938 0.487500 0.614062 0.483333 0.623437 0.485417 0.623437 0.481250 0.600000 0.483333 0.592187 0.475000 0.587500 0.462500
4 0.737500 0.479167 0.748437 0.520833 0.740625 0.560417 0.915625 0.616667 0.912500 0.483333
4 0.000000 0.102083 0.000000 0.314583 0.031250 0.327083 0.000000 0.329167 0.000000 0.693750 0.045312 0.704167 0.067187 0.656250 0.234375 0.618750 0.260937 0.575000 0.478125 0.495833 0.384375 0.372917
5 0.690625 0.166667 0.689063 0.179167 0.718750 0.195833 0.740625 0.222917 0.737500 0.352083 0.742188 0.218750 0.726562 0.195833
8 0.242188 0.258333 0.237500 0.272917 0.242188 0.285417 0.300000 0.322917 0.301563 0.277083 0.279687 0.275000 0.271875 0.270833 0.262500 0.258333 0.256250 0.260417 0.253125 0.254167 0.251563 0.258333
8 0.392188 0.360417 0.389062 0.385417 0.421875 0.414583 0.421875 0.445833 0.478125 0.472917 0.481250 0.491667 0.546875 0.466667 0.550000 0.418750 0.560937 0.466667 0.562500 0.397917 0.571875 0.468750 0.560937 0.385417 0.539062 0.387500 0.537500 0.422917 0.509375 0.410417 0.476562 0.247917 0.440625 0.333333 0.414062 0.333333
8 0.998437 0.175000 0.993750 0.185417 0.979688 0.193750 0.975000 0.204167 0.981250 0.206250 0.990625 0.200000 0.993750 0.208333 0.992188 0.225000 0.982812 0.227083 0.982812 0.241667 0.979688 0.243750 0.982812 0.247917 0.976562 0.256250 0.979688 0.258333 0.978125 0.268750 0.981250 0.277083 0.987500 0.283333 0.998437 0.270833
8 0.998437 0.129167 0.995313 0.129167 0.995313 0.131250 0.992188 0.135417 0.992188 0.141667 0.989062 0.145833 0.989062 0.150000 0.985938 0.154167 0.984375 0.154167 0.984375 0.158333 0.985938 0.160417 0.984375 0.164583 0.987500 0.164583 0.989062 0.168750 0.990625 0.166667 0.992188 0.168750 0.998437 0.168750
8 0.662500 0.000000 0.565625 0.322917 0.601562 0.395833 0.576562 0.466667 0.625000 0.479167 0.646875 0.425000 0.729688 0.466667 0.734375 0.408333 0.735938 0.477083 0.912500 0.481250 0.918750 0.620833 0.998437 0.633333 0.998437 0.389583 0.885938 0.404167 0.751563 0.345833 0.775000 0.247917 0.839063 0.225000 0.850000 0.079167 0.801562 0.085417 0.803125 0.000000
9 0.215625 0.620833 0.185938 0.614583 0.067187 0.658333 0.059375 0.695833 0.123438 0.683333 0.185938 0.647917
9 0.325000 0.554167 0.315625 0.552083 0.301563 0.562500 0.289062 0.564583 0.273438 0.572917 0.270313 0.583333 0.267188 0.577083 0.250000 0.583333 0.243750 0.610417 0.264062 0.595833 0.270313 0.595833 0.287500 0.577083
10 0.804688 0.000000 0.815625 0.045833 0.803125 0.085417 0.846875 0.075000 0.839063 0.114583 0.857812 0.120833 0.828125 0.162500 0.840625 0.225000 0.778125 0.256250 0.845313 0.272917 0.884375 0.237500 0.890625 0.275000 0.926562 0.277083 0.981250 0.241667 0.992188 0.208333 0.973437 0.204167 0.998437 0.172917 0.982812 0.164583 0.998437 0.127083 0.998437 0.000000
10 0.000000 0.000000 0.003125 0.104167 0.195312 0.252083 0.353125 0.275000 0.375000 0.377083 0.476562 0.245833 0.510938 0.410417 0.600000 0.404167 0.564063 0.322917 0.621875 0.220833 0.606250 0.102083 0.660937 0.000000
13 0.515625 0.475000 0.515625 0.487500 0.534375 0.489583 0.539062 0.508333 0.548438 0.516667 0.590625 0.520833 0.590625 0.489583 0.585938 0.475000 0.576562 0.468750 0.539062 0.468750 0.528125 0.472917 0.518750 0.468750
13 0.612500 0.487500 0.617188 0.497917 0.607812 0.512500 0.609375 0.558333 0.623437 0.552083 0.640625 0.579167 0.650000 0.579167 0.654687 0.564583 0.704688 0.568750 0.721875 0.589583 0.732812 0.587500 0.746875 0.520833 0.723437 0.458333 0.646875 0.452083 0.623437 0.487500