0 0.170313 0.997917 0.998437 0.997917 0.998437 0.718750 0.517188 0.487500
1 0.700000 0.552083 0.695312 0.570833 0.781250 0.620833 0.998437 0.716667 0.998437 0.625000 0.850000 0.602083
1 0.507812 0.493750 0.000000 0.729167 0.000000 0.997917 0.168750 0.997917
2 0.226562 0.268750 0.260937 0.293750 0.273438 0.277083 0.307812 0.293750 0.329688 0.291667 0.332813 0.329167 0.323437 0.339583 0.371875 0.370833 0.368750 0.289583 0.293750 0.279167 0.273438 0.262500 0.267188 0.272917 0.262500 0.254167 0.253125 0.254167 0.250000 0.270833 0.246875 0.250000
2 0.000000 0.250000 0.000000 0.262500 0.018750 0.268750 0.035937 0.268750 0.037500 0.272917 0.043750 0.272917 0.048438 0.279167 0.060937 0.283333 0.053125 0.272917 0.051562 0.264583 0.046875 0.262500 0.045312 0.256250
2 0.998437 0.204167 0.965625 0.285417 0.948438 0.268750 0.878125 0.295833 0.865625 0.258333 0.850000 0.262500 0.845313 0.289583 0.770312 0.285417 0.775000 0.310417 0.735938 0.364583 0.798438 0.370833 0.804688 0.412500 0.834375 0.431250 0.867188 0.408333 0.996875 0.387500
3 0.003125 0.306250 0.000000 0.727083 0.048438 0.704167 0.045312 0.658333 0.064062 0.639583 0.034375 0.629167 0.043750 0.362500 0.056250 0.337500
4 0.707812 0.485417 0.706250 0.554167 0.832812 0.591667 0.829688 0.487500
4 0.050000 0.702083 0.485938 0.477083 0.135937 0.197917 0.135937 0.289583 0.078125 0.289583 0.115625 0.308333 0.067187 0.308333 0.045312 0.362500 0.035937 0.629167 0.065625 0.639583
5 0.707812 0.420833 0.701562 0.554167 0.704688 0.554167
5 0.668750 0.216667 0.668750 0.225000 0.696875 0.241667 0.710938 0.260417 0.709375 0.379167 0.714063 0.258333 0.707812 0.245833
8 0.265625 0.285417 0.265625 0.297917 0.312500 0.333333 0.323437 0.337500 0.331250 0.329167 0.332813 0.302083 0.329688 0.300000 0.329688 0.293750 0.307812 0.295833 0.298438 0.285417 0.284375 0.283333 0.281250 0.279167 0.273438 0.279167
8 0.000000 0.264583 0.000000 0.304167 0.057813 0.327083 0.067187 0.306250 0.085938 0.312500 0.114062 0.308333 0.109375 0.300000 0.053125 0.283333 0.035937 0.270833
8 0.996875 0.147917 0.982812 0.150000 0.973437 0.177083 0.976562 0.185417 0.985938 0.185417 0.987500 0.195833 0.968750 0.208333 0.960938 0.229167 0.960938 0.252083 0.957812 0.258333 0.950000 0.256250 0.943750 0.277083 0.948438 0.266667 0.959375 0.266667 0.965625 0.283333 0.973437 0.272917 0.978125 0.243750 0.998437 0.202083
8 0.406250 0.368750 0.487500 0.491667 0.565625 0.468750 0.568750 0.404167 0.571875 0.470833 0.681250 0.433333 0.701562 0.502083 0.707812 0.418750 0.709375 0.481250 0.832812 0.489583 0.835938 0.595833 0.998437 0.622917 0.998437 0.387500 0.834375 0.433333 0.734375 0.364583 0.832812 0.162500 0.785937 0.029167 0.625000 0.077083 0.568750 0.335417 0.598437 0.414583 0.515625 0.410417 0.482812 0.256250
9 0.310937 0.566667 0.295312 0.566667 0.298438 0.568750 0.290625 0.570833 0.285938 0.577083 0.265625 0.577083 0.264062 0.581250 0.259375 0.581250 0.256250 0.587500 0.253125 0.587500 0.251563 0.602083 0.271875 0.600000 0.281250 0.591667 0.292187 0.589583 0.293750 0.585417 0.298438 0.585417 0.304688 0.577083 0.310937 0.575000
10 0.000000 0.000000 0.000000 0.247917 0.121875 0.291667 0.142187 0.195833 0.368750 0.287500 0.390625 0.383333 0.482812 0.254167 0.543750 0.425000 0.600000 0.410417 0.567187 0.335417 0.656250 0.041667 0.787500 0.029167 0.835938 0.152083 0.773438 0.285417 0.942187 0.279167 0.998437 0.147917 0.998437 0.000000
13 0.521875 0.477083 0.521875 0.489583 0.539062 0.491667 0.545312 0.510417 0.556250 0.518750 0.571875 0.514583 0.587500 0.520833 0.590625 0.516667 0.590625 0.493750 0.587500 0.479167 0.582812 0.475000 0.556250 0.468750 0.543750 0.472917 0.539062 0.468750 0.526563 0.468750
13 0.640625 0.435417 0.609375 0.485417 0.600000 0.485417 0.596875 0.547917 0.612500 0.543750 0.620313 0.562500 0.631250 0.554167 0.676562 0.558333 0.682813 0.570833 0.693750 0.572917 0.701562 0.504167 0.689063 0.472917 0.684375 0.439583