0 0.156250 0.995833 0.998437 0.997917 0.998437 0.716667 0.510938 0.487500
1 0.714063 0.556250 0.710938 0.579167 0.998437 0.714583 0.998437 0.627083 0.846875 0.602083
1 0.506250 0.491667 0.010937 0.725000 0.000000 0.997917 0.154688 0.997917
2 0.632812 0.445833 0.632812 0.454167 0.645312 0.452083 0.657813 0.460417 0.693750 0.460417 0.692187 0.437500 0.681250 0.435417 0.679688 0.431250 0.642188 0.431250 0.635938 0.437500
2 0.279687 0.270833 0.295312 0.283333 0.315625 0.285417 0.318750 0.308333 0.310937 0.331250 0.364063 0.366667 0.359375 0.281250
2 0.217188 0.260417 0.220312 0.266667 0.234375 0.277083 0.239063 0.277083 0.240625 0.272917 0.243750 0.272917 0.245312 0.266667 0.250000 0.264583 0.253125 0.266667 0.254688 0.252083 0.250000 0.247917 0.240625 0.247917 0.239063 0.264583 0.235937 0.258333 0.237500 0.254167 0.235937 0.245833 0.225000 0.243750 0.223438 0.245833 0.225000 0.260417 0.223438 0.262500
2 0.998437 0.237500 0.962500 0.302083 0.951562 0.293750 0.962500 0.256250 0.910937 0.287500 0.882812 0.285417 0.873437 0.250000 0.854688 0.254167 0.853125 0.279167 0.775000 0.279167 0.781250 0.300000 0.737500 0.356250 0.767188 0.356250 0.789062 0.379167 0.803125 0.360417 0.828125 0.408333 0.865625 0.425000 0.882812 0.402083 0.900000 0.414583 0.909375 0.395833 0.962500 0.397917 0.998437 0.375000
4 0.718750 0.481250 0.715625 0.554167 0.862500 0.602083 0.860938 0.483333
4 0.000000 0.100000 0.000000 0.737500 0.228125 0.595833 0.481250 0.495833 0.387500 0.383333
5 0.676562 0.193750 0.676562 0.204167 0.700000 0.218750 0.721875 0.243750 0.720313 0.362500 0.723437 0.233333
8 0.240625 0.275000 0.248438 0.287500 0.287500 0.312500 0.289062 0.318750 0.307812 0.331250 0.315625 0.316667 0.315625 0.287500 0.295312 0.285417 0.275000 0.268750 0.268750 0.270833 0.259375 0.264583 0.245312 0.268750
8 0.996875 0.135417 0.985938 0.139583 0.982812 0.160417 0.978125 0.162500 0.976562 0.172917 0.989062 0.177083 0.990625 0.185417 0.968750 0.208333 0.975000 0.235417 0.971875 0.243750 0.964063 0.239583 0.959375 0.254167 0.964063 0.258333 0.957812 0.264583 0.953125 0.291667 0.959375 0.300000 0.993750 0.256250 0.998437 0.235417
8 0.398438 0.366667 0.482812 0.491667 0.562500 0.466667 0.565625 0.400000 0.600000 0.483333 0.642188 0.429167 0.712500 0.483333 0.717187 0.427083 0.718750 0.479167 0.860938 0.481250 0.864062 0.602083 0.998437 0.625000 0.998437 0.377083 0.865625 0.427083 0.735938 0.356250 0.842187 0.143750 0.789062 0.008333 0.625000 0.058333 0.567187 0.329167 0.600000 0.410417 0.514062 0.414583 0.481250 0.252083
9 0.259375 0.593750 0.254688 0.589583 0.251563 0.589583 0.246875 0.593750 0.232813 0.595833 0.231250 0.597917 0.228125 0.597917 0.226562 0.608333 0.225000 0.610417 0.220312 0.610417 0.225000 0.610417 0.226562 0.612500 0.242188 0.610417 0.246875 0.602083 0.254688 0.600000 0.256250 0.595833
10 0.729688 0.000000 0.753125 0.031250 0.792188 0.008333 0.793750 0.106250 0.834375 0.097917 0.826562 0.133333 0.843750 0.133333 0.815625 0.179167 0.826562 0.241667 0.793750 0.264583 0.773438 0.250000 0.775000 0.277083 0.853125 0.277083 0.873437 0.247917 0.882812 0.283333 0.910937 0.285417 0.971875 0.241667 0.967187 0.208333 0.990625 0.177083 0.976562 0.162500 0.998437 0.135417 0.998437 0.000000
10 0.000000 0.097917 0.214062 0.262500 0.359375 0.279167 0.382812 0.381250 0.481250 0.250000 0.514062 0.412500 0.550000 0.377083 0.579688 0.422917 0.623437 0.058333 0.717187 0.000000 0.000000 0.000000
13 0.518750 0.472917 0.515625 0.485417 0.535937 0.489583 0.539062 0.506250 0.550000 0.516667 0.568750 0.514583 0.584375 0.520833 0.589063 0.518750 0.589063 0.493750 0.581250 0.468750 0.571875 0.472917 0.567187 0.468750 0.539062 0.470833 0.526563 0.466667
13 0.604688 0.483333 0.600000 0.550000 0.618750 0.547917 0.626563 0.568750 0.640625 0.558333 0.685937 0.560417 0.698438 0.579167 0.712500 0.570833 0.717187 0.504167 0.700000 0.466667 0.631250 0.456250 0.614062 0.483333