0 0.167187 0.997917 0.998437 0.997917 0.998437 0.712500 0.523438 0.483333
1 0.648438 0.520833 0.656250 0.547917 0.998437 0.710417 0.998437 0.641667 0.931250 0.618750 0.923438 0.597917 0.882812 0.608333 0.864062 0.572917 0.740625 0.556250
1 0.514062 0.489583 0.182812 0.608333 0.000000 0.727083 0.000000 0.997917 0.165625 0.997917
2 0.620313 0.462500 0.631250 0.462500 0.632812 0.458333 0.639062 0.454167 0.642188 0.454167 0.646875 0.450000 0.650000 0.450000 0.650000 0.439583 0.645312 0.439583 0.643750 0.437500 0.628125 0.437500 0.628125 0.439583 0.625000 0.441667 0.625000 0.445833 0.621875 0.452083 0.621875 0.458333
2 0.998437 0.404167 0.917188 0.414583 0.914062 0.418750 0.917188 0.445833 0.925000 0.456250 0.928125 0.470833 0.998437 0.477083
2 0.070312 0.289583 0.078125 0.312500 0.070312 0.350000 0.098437 0.350000 0.100000 0.345833 0.143750 0.350000 0.114062 0.285417 0.076563 0.279167
2 0.148438 0.352083 0.223438 0.387500 0.235937 0.377083 0.225000 0.368750 0.282813 0.375000 0.285938 0.331250 0.326562 0.304167 0.368750 0.325000 0.365625 0.366667 0.417187 0.402083 0.428125 0.391667 0.392188 0.381250 0.393750 0.306250 0.303125 0.295833 0.285938 0.275000 0.276562 0.289583 0.201563 0.279167
2 0.998437 0.139583 0.906250 0.250000 0.890625 0.302083 0.845313 0.308333 0.832812 0.279167 0.817187 0.306250 0.739062 0.302083 0.725000 0.362500 0.709375 0.368750 0.737500 0.437500 0.771875 0.441667 0.825000 0.402083 0.848437 0.414583 0.914062 0.354167 0.998437 0.381250
3 0.326562 0.414583 0.310937 0.414583 0.312500 0.462500 0.309375 0.564583 0.321875 0.560417 0.314063 0.541667 0.314063 0.520833 0.318750 0.518750 0.323437 0.531250 0.328125 0.522917 0.332813 0.427083
3 0.176563 0.362500 0.087500 0.352083 0.118750 0.379167 0.128125 0.416667 0.131250 0.600000 0.003125 0.650000 0.000000 0.725000 0.173437 0.620833
4 0.934375 0.483333 0.928125 0.610417 0.998437 0.639583 0.998437 0.479167
4 0.665625 0.479167 0.664062 0.529167 0.689063 0.533333 0.690625 0.537500 0.731250 0.550000 0.731250 0.479167
4 0.496875 0.470833 0.348438 0.354167 0.345313 0.385417 0.178125 0.364583 0.171875 0.612500 0.307812 0.564583 0.309375 0.414583 0.221875 0.393750 0.345313 0.389583 0.323437 0.560417
4 0.000000 0.339583 0.000000 0.652083 0.121875 0.610417 0.129688 0.556250 0.117188 0.379167 0.085938 0.352083
5 0.635938 0.275000 0.640625 0.285417 0.656250 0.293750 0.668750 0.310417 0.665625 0.389583 0.668750 0.395833 0.668750 0.304167 0.664062 0.295833
8 0.345313 0.427083 0.343750 0.389583 0.334375 0.395833 0.301563 0.387500 0.285938 0.402083 0.245312 0.391667 0.221875 0.395833 0.223438 0.402083 0.242188 0.408333 0.248438 0.404167 0.303125 0.422917 0.304688 0.412500 0.326562 0.412500 0.337500 0.420833 0.335938 0.429167
8 0.287500 0.331250 0.284375 0.362500 0.287500 0.377083 0.345313 0.383333 0.345313 0.354167 0.364063 0.364583 0.368750 0.350000 0.365625 0.322917 0.351562 0.322917 0.326562 0.306250 0.323437 0.310417 0.314063 0.306250
8 0.429688 0.381250 0.500000 0.487500 0.571875 0.466667 0.570312 0.402083 0.578125 0.470833 0.651563 0.439583 0.650000 0.518750 0.665625 0.435417 0.732812 0.479167 0.734375 0.552083 0.846875 0.570833 0.926562 0.470833 0.917188 0.412500 0.998437 0.402083 0.914062 0.356250 0.737500 0.439583 0.707812 0.368750 0.789062 0.195833 0.751563 0.091667 0.614062 0.135417 0.553125 0.425000 0.496875 0.270833
8 0.000000 0.000000 0.000000 0.337500 0.068750 0.350000 0.068750 0.289583 0.090625 0.256250 0.057813 0.260417 0.087500 0.220833 0.087500 0.204167 0.054688 0.204167 0.075000 0.166667 0.054688 0.162500 0.068750 0.072917 0.040625 0.079167 0.059375 0.037500 0.037500 0.033333 0.040625 0.000000
10 0.040625 0.002083 0.059375 0.260417 0.145313 0.350000 0.285938 0.272917 0.428125 0.387500 0.496875 0.268750 0.553125 0.422917 0.640625 0.102083 0.753125 0.091667 0.790625 0.202083 0.734375 0.302083 0.885938 0.302083 0.998437 0.137500 0.998437 0.000000
13 0.975000 0.477083 0.918750 0.472917 0.875000 0.508333 0.859375 0.545833 0.859375 0.566667 0.875000 0.600000 0.903125 0.606250 0.912500 0.593750 0.926562 0.597917 0.931250 0.485417
13 0.531250 0.470833 0.531250 0.483333 0.545312 0.485417 0.548438 0.502083 0.576562 0.506250 0.581250 0.525000 0.592187 0.533333 0.618750 0.527083 0.646875 0.539583 0.648438 0.495833 0.639062 0.466667 0.600000 0.460417 0.587500 0.479167 0.581250 0.470833 0.542188 0.462500