0 0.156250 0.991667 0.998437 0.997917 0.998437 0.716667 0.518750 0.485417
1 0.678125 0.543750 0.679688 0.564583 0.998437 0.714583 0.996875 0.612500 0.795312 0.581250
1 0.506250 0.493750 0.000000 0.702083 0.000000 0.997917 0.154688 0.997917
2 0.301563 0.285417 0.312500 0.287500 0.326562 0.302083 0.342187 0.302083 0.345313 0.335417 0.337500 0.350000 0.378125 0.377083 0.375000 0.291667
2 0.298438 0.283333 0.289062 0.270833 0.278125 0.279167 0.273438 0.260417 0.264062 0.264583 0.264062 0.279167 0.251563 0.258333 0.248438 0.275000 0.162500 0.264583 0.123438 0.322917 0.146875 0.333333 0.218750 0.335417 0.235937 0.352083 0.243750 0.283333 0.265625 0.297917 0.282813 0.279167
2 0.000000 0.256250 0.000000 0.291667 0.004687 0.300000 0.092188 0.318750 0.089063 0.304167 0.067187 0.264583
2 0.998437 0.172917 0.960938 0.216667 0.937500 0.293750 0.867188 0.300000 0.856250 0.266667 0.834375 0.293750 0.753125 0.291667 0.764062 0.314583 0.729688 0.375000 0.767188 0.385417 0.771875 0.420833 0.804688 0.427083 0.812500 0.450000 0.842187 0.412500 0.935937 0.402083 0.998437 0.339583
3 0.184375 0.368750 0.140625 0.370833 0.146875 0.462500 0.134375 0.647917 0.195312 0.625000 0.196875 0.418750 0.207813 0.387500
4 0.690625 0.481250 0.689063 0.545833 0.790625 0.575000 0.787500 0.483333
4 0.162500 0.331250 0.000000 0.302083 0.000000 0.700000 0.131250 0.641667 0.139063 0.370833
4 0.193750 0.629167 0.489063 0.495833 0.478125 0.447917 0.451562 0.435417 0.448437 0.450000 0.403125 0.391667 0.243750 0.285417 0.240625 0.389583 0.200000 0.402083
5 0.654687 0.239583 0.667188 0.256250 0.682813 0.262500 0.693750 0.279167 0.693750 0.383333 0.696875 0.279167 0.687500 0.262500
8 0.142187 0.364583 0.162500 0.362500 0.200000 0.372917 0.214062 0.393750 0.239063 0.389583 0.240625 0.362500 0.235937 0.354167 0.190625 0.337500 0.159375 0.335417 0.148438 0.343750
8 0.268750 0.297917 0.312500 0.333333 0.329688 0.341667 0.335938 0.350000 0.343750 0.335417 0.342187 0.304167 0.326562 0.304167 0.312500 0.289583 0.292187 0.285417 0.289062 0.281250 0.282813 0.281250
8 0.485938 0.260417 0.456250 0.358333 0.450000 0.343750 0.426563 0.356250 0.414062 0.402083 0.448437 0.447917 0.451562 0.433333 0.478125 0.445833 0.490625 0.491667 0.528125 0.466667 0.567187 0.468750 0.570312 0.404167 0.576562 0.472917 0.568750 0.389583 0.548438 0.389583 0.546875 0.427083 0.518750 0.414583
8 0.959375 0.218750 0.957812 0.222917 0.946875 0.218750 0.937500 0.245833 0.939063 0.264583 0.935937 0.268750 0.929688 0.264583 0.928125 0.279167 0.921875 0.279167 0.921875 0.287500 0.934375 0.287500 0.935937 0.291667 0.942187 0.287500 0.943750 0.262500 0.960938 0.227083
8 0.020313 0.218750 0.017188 0.218750 0.010937 0.227083 0.000000 0.231250 0.000000 0.254167 0.001563 0.254167 0.004687 0.247917 0.009375 0.245833 0.007812 0.243750 0.010937 0.239583 0.014063 0.241667 0.014063 0.237500 0.017188 0.235417 0.020313 0.227083 0.020313 0.222917 0.021875 0.220833
8 0.017188 0.162500 0.010937 0.160417 0.009375 0.164583 0.007812 0.162500 0.000000 0.166667 0.000000 0.202083 0.001563 0.204167 0.003125 0.200000 0.006250 0.200000 0.007812 0.195833 0.012500 0.193750 0.010937 0.191667 0.010937 0.187500 0.014063 0.185417 0.015625 0.181250 0.015625 0.177083 0.017188 0.175000
8 0.998437 0.154167 0.993750 0.160417 0.990625 0.160417 0.984375 0.154167 0.973437 0.156250 0.970313 0.172917 0.964063 0.181250 0.965625 0.189583 0.967187 0.191667 0.973437 0.191667 0.975000 0.189583 0.981250 0.191667 0.984375 0.183333 0.998437 0.170833
8 0.620313 0.095833 0.618750 0.254167 0.568750 0.343750 0.581250 0.462500 0.659375 0.435417 0.684375 0.487500 0.689063 0.437500 0.690625 0.479167 0.787500 0.481250 0.795312 0.579167 0.998437 0.612500 0.998437 0.341667 0.935937 0.404167 0.776563 0.429167 0.728125 0.375000 0.817187 0.175000 0.773438 0.141667 0.773438 0.052083
10 0.000000 0.000000 0.003125 0.256250 0.121875 0.322917 0.162500 0.262500 0.375000 0.289583 0.390625 0.383333 0.485938 0.258333 0.545312 0.425000 0.596875 0.412500 0.651563 0.060417 0.775000 0.052083 0.818750 0.175000 0.753125 0.289583 0.920312 0.287500 0.998437 0.152083 0.998437 0.000000
13 0.521875 0.483333 0.540625 0.487500 0.556250 0.516667 0.587500 0.516667 0.589063 0.537500 0.601562 0.535417 0.606250 0.552083 0.639062 0.543750 0.675000 0.560417 0.679688 0.508333 0.676562 0.483333 0.664062 0.466667 0.615625 0.460417 0.601562 0.483333 0.564063 0.468750 0.528125 0.468750
14 0.626563 0.458333 0.629687 0.462500 0.637500 0.462500 0.639062 0.464583 0.665625 0.464583 0.670312 0.456250 0.670312 0.450000 0.664062 0.439583 0.659375 0.437500 0.642188 0.437500 0.634375 0.447917 0.631250 0.443750 0.628125 0.447917 0.628125 0.456250