0 0.176563 0.997917 0.998437 0.997917 0.998437 0.729167 0.471875 0.493750
1 0.662500 0.535417 0.660937 0.556250 0.998437 0.727083 0.996875 0.614583 0.776563 0.587500
1 0.490625 0.502083 0.000000 0.706250 0.000000 0.997917 0.175000 0.997917
2 0.732812 0.485417 0.782813 0.491667 0.795312 0.470833 0.818750 0.472917 0.835938 0.450000 0.854688 0.466667 0.873437 0.466667 0.890625 0.445833 0.904687 0.445833 0.923438 0.475000 0.942187 0.462500 0.920312 0.445833 0.918750 0.427083 0.895312 0.395833 0.770312 0.385417 0.737500 0.420833
2 0.998437 0.204167 0.950000 0.233333 0.943750 0.252083 0.929688 0.262500 0.929688 0.293750 0.956250 0.285417 0.967187 0.266667 0.981250 0.266667 0.995313 0.281250 0.993750 0.318750 0.998437 0.318750
2 0.146875 0.152083 0.143750 0.160417 0.287500 0.289583 0.310937 0.335417 0.301563 0.195833 0.167187 0.168750 0.160938 0.147917
3 0.656250 0.487500 0.662500 0.500000 0.662500 0.533333 0.665625 0.537500 0.684375 0.541667 0.709375 0.518750 0.706250 0.504167 0.701562 0.508333 0.698438 0.504167 0.693750 0.510417 0.684375 0.497917 0.689063 0.487500 0.695312 0.491667 0.696875 0.487500 0.704688 0.487500
4 0.685937 0.493750 0.690625 0.506250 0.706250 0.502083 0.710938 0.512500 0.709375 0.522917 0.692187 0.533333 0.687500 0.543750 0.710938 0.541667 0.775000 0.558333 0.779687 0.547917 0.779687 0.491667 0.706250 0.487500
4 0.000000 0.031250 0.000000 0.695833 0.284375 0.600000 0.470313 0.495833 0.468750 0.468750 0.287500 0.389583 0.281250 0.289583
8 0.573438 0.393750 0.571875 0.462500 0.575000 0.458333 0.590625 0.460417 0.592187 0.412500 0.589063 0.414583 0.585938 0.429167 0.581250 0.431250 0.576562 0.400000
8 0.568750 0.466667 0.564063 0.375000 0.542188 0.375000 0.537500 0.420833 0.492188 0.370833 0.506250 0.354167 0.470313 0.197917 0.429688 0.327083 0.415625 0.235417 0.404687 0.262500 0.395313 0.231250 0.389062 0.256250 0.364063 0.243750 0.310937 0.337500 0.284375 0.293750 0.287500 0.387500 0.381250 0.416667 0.385937 0.447917 0.492188 0.491667 0.550000 0.464583 0.553125 0.418750
8 0.679688 0.000000 0.706250 0.050000 0.615625 0.212500 0.665625 0.356250 0.596875 0.404167 0.593750 0.460417 0.731250 0.485417 0.770312 0.383333 0.895312 0.393750 0.943750 0.466667 0.798438 0.470833 0.776563 0.558333 0.998437 0.614583 0.993750 0.281250 0.926562 0.289583 0.998437 0.202083 0.998437 0.000000
8 0.000000 0.000000 0.000000 0.029167 0.137500 0.154167 0.139063 0.137500 0.121875 0.095833 0.129688 0.066667 0.104688 0.079167 0.087500 0.056250 0.075000 0.072917 0.032813 0.000000
9 0.201563 0.622917 0.195312 0.618750 0.179688 0.618750 0.178125 0.622917 0.168750 0.625000 0.162500 0.631250 0.165625 0.635417 0.165625 0.641667 0.164062 0.643750 0.173437 0.641667 0.182812 0.633333 0.198437 0.629167
9 0.693750 0.545833 0.776563 0.585417 0.910937 0.604167 0.840625 0.575000
10 0.034375 0.000000 0.075000 0.070833 0.132812 0.068750 0.139063 0.158333 0.301563 0.193750 0.312500 0.327083 0.392188 0.229167 0.429688 0.325000 0.470313 0.195833 0.515625 0.412500 0.550000 0.364583 0.584375 0.429167 0.664062 0.356250 0.614062 0.212500 0.704688 0.050000 0.678125 0.000000
13 0.512500 0.472917 0.512500 0.485417 0.537500 0.491667 0.542188 0.506250 0.554688 0.502083 0.564063 0.529167 0.576562 0.522917 0.578125 0.539583 0.590625 0.533333 0.593750 0.550000 0.639062 0.543750 0.659375 0.554167 0.657813 0.489583 0.623437 0.452083 0.598437 0.452083 0.592187 0.464583 0.546875 0.466667 0.535937 0.483333 0.521875 0.468750