0 0.162500 0.997917 0.998437 0.997917 0.998437 0.825000 0.942187 0.733333 0.503125 0.483333
1 0.626563 0.525000 0.626563 0.537500 0.737500 0.595833 0.740625 0.560417 0.700000 0.556250 0.654687 0.531250
1 0.490625 0.500000 0.321875 0.558333 0.270313 0.606250 0.000000 0.672917 0.000000 0.997917 0.160938 0.997917
2 0.684375 0.479167 0.712500 0.485417 0.725000 0.466667 0.742188 0.466667 0.753125 0.445833 0.773438 0.464583 0.803125 0.445833 0.823438 0.475000 0.842187 0.458333 0.826562 0.447917 0.803125 0.410417 0.709375 0.402083 0.687500 0.427083
2 0.206250 0.208333 0.212500 0.237500 0.260937 0.272917 0.323437 0.333333 0.315625 0.227083
2 0.995313 0.181250 0.959375 0.181250 0.954688 0.218750 0.893750 0.222917 0.882812 0.256250 0.857812 0.270833 0.860938 0.285417 0.850000 0.279167 0.839063 0.291667 0.846875 0.316667 0.878125 0.312500 0.878125 0.350000 0.890625 0.343750 0.884375 0.372917 0.901563 0.364583 0.893750 0.391667 0.912500 0.387500 0.904687 0.350000 0.951562 0.314583 0.954688 0.247917 0.989062 0.225000
3 0.620313 0.481250 0.628125 0.497917 0.628125 0.520833 0.687500 0.533333 0.706250 0.533333 0.709375 0.527083 0.710938 0.485417
4 0.000000 0.052083 0.000000 0.670833 0.270313 0.604167 0.470313 0.495833 0.359375 0.425000 0.346875 0.354167
8 0.821875 0.472917 0.803125 0.447917 0.795312 0.447917 0.779687 0.466667 0.753125 0.447917 0.742188 0.468750 0.725000 0.468750 0.717187 0.477083 0.710938 0.529167 0.746875 0.539583 0.767188 0.527083 0.770312 0.518750 0.787500 0.512500 0.792188 0.489583 0.809375 0.489583
8 0.565625 0.395833 0.565625 0.460417 0.579688 0.462500 0.581250 0.418750 0.576562 0.431250 0.571875 0.420833 0.571875 0.402083
8 0.351562 0.322917 0.359375 0.422917 0.403125 0.433333 0.406250 0.456250 0.468750 0.468750 0.471875 0.491667 0.526563 0.454167 0.531250 0.475000 0.562500 0.460417 0.559375 0.379167 0.539062 0.375000 0.532813 0.420833 0.489063 0.377083 0.501563 0.352083 0.484375 0.337500 0.467187 0.216667 0.431250 0.302083 0.403125 0.270833 0.403125 0.293750 0.381250 0.281250
8 0.062500 0.106250 0.207813 0.231250 0.200000 0.189583 0.204687 0.166667 0.195312 0.175000 0.175000 0.164583 0.168750 0.172917 0.145313 0.139583 0.134375 0.137500 0.134375 0.118750 0.115625 0.129167 0.107813 0.106250 0.101562 0.122917 0.090625 0.093750 0.082812 0.110417
8 0.648438 0.000000 0.670312 0.104167 0.589063 0.258333 0.635938 0.381250 0.584375 0.454167 0.682813 0.479167 0.715625 0.400000 0.843750 0.456250 0.998437 0.391667 0.998437 0.210417 0.907813 0.393750 0.837500 0.306250 0.975000 0.122917 0.978125 0.000000
9 0.656250 0.529167 0.656250 0.533333 0.662500 0.533333 0.664062 0.537500 0.670312 0.537500 0.687500 0.550000 0.723437 0.554167 0.725000 0.558333 0.740625 0.558333 0.745313 0.543750 0.717187 0.537500 0.710938 0.531250 0.707812 0.535417 0.687500 0.535417
10 0.998437 0.000000 0.979688 0.000000 0.956250 0.029167 0.979688 0.050000 0.979688 0.085417 0.967187 0.093750 0.976562 0.122917 0.957812 0.150000 0.928125 0.150000 0.910937 0.200000 0.885938 0.197917 0.900000 0.218750 0.954688 0.216667 0.957812 0.181250 0.968750 0.172917 0.995313 0.179167 0.998437 0.208333
10 0.000000 0.000000 0.000000 0.050000 0.204687 0.206250 0.315625 0.225000 0.351562 0.360417 0.467187 0.214583 0.514062 0.414583 0.634375 0.381250 0.587500 0.258333 0.668750 0.104167 0.639062 0.079167 0.664062 0.008333
13 0.531250 0.477083 0.534375 0.497917 0.546875 0.502083 0.546875 0.516667 0.560937 0.516667 0.562500 0.529167 0.570312 0.522917 0.573438 0.535417 0.595313 0.527083 0.625000 0.537500 0.626563 0.497917 0.618750 0.481250 0.620313 0.472917 0.607812 0.452083 0.587500 0.452083 0.582812 0.464583 0.542188 0.466667
13 0.746875 0.541667 0.748437 0.652083 0.787500 0.645833 0.942187 0.731250 0.998437 0.822917 0.998437 0.393750 0.892188 0.420833