0 0.167187 0.997917 0.998437 0.997917 0.998437 0.772917 0.859375 0.733333 0.817187 0.635417 0.470313 0.489583
1 0.640625 0.529167 0.642188 0.547917 0.826562 0.639583 0.826562 0.581250 0.725000 0.566667
1 0.489063 0.497917 0.218750 0.602083 0.173437 0.654167 0.000000 0.677083 0.000000 0.997917 0.165625 0.997917
2 0.881250 0.462500 0.837500 0.404167 0.820312 0.404167 0.803125 0.383333 0.803125 0.400000 0.732812 0.395833 0.704688 0.433333 0.701562 0.481250 0.739062 0.487500 0.756250 0.466667 0.770312 0.468750 0.784375 0.445833 0.807813 0.466667 0.835938 0.445833 0.860938 0.470833
2 0.178125 0.187500 0.315625 0.320833 0.307812 0.208333
2 0.998437 0.164583 0.985938 0.210417 0.931250 0.212500 0.926562 0.237500 0.884375 0.260417 0.873437 0.310417 0.917188 0.293750 0.923438 0.337500 0.935937 0.333333 0.929688 0.360417 0.951562 0.358333 0.940625 0.385417 0.981250 0.377083 0.985938 0.416667 0.998437 0.404167
3 0.634375 0.481250 0.643750 0.529167 0.678125 0.529167 0.695312 0.537500 0.732812 0.541667 0.735938 0.520833 0.725000 0.512500 0.725000 0.504167 0.735938 0.497917 0.734375 0.487500
4 0.000000 0.037500 0.000000 0.675000 0.173437 0.652083 0.218750 0.600000 0.467187 0.495833 0.468750 0.468750 0.332813 0.408333 0.329688 0.331250 0.176563 0.166667
8 0.568750 0.393750 0.567187 0.458333 0.570312 0.456250 0.573438 0.460417 0.582812 0.460417 0.584375 0.414583 0.581250 0.416667 0.581250 0.425000 0.578125 0.431250 0.573438 0.420833 0.571875 0.397917
8 0.343750 0.300000 0.332813 0.406250 0.468750 0.466667 0.473438 0.489583 0.543750 0.464583 0.546875 0.414583 0.548438 0.462500 0.564063 0.460417 0.559375 0.375000 0.545312 0.366667 0.539062 0.412500 0.515625 0.416667 0.485938 0.370833 0.504687 0.358333 0.484375 0.331250 0.468750 0.206250 0.445312 0.231250 0.443750 0.281250 0.428125 0.289583 0.417187 0.254167 0.406250 0.283333 0.398438 0.250000 0.396875 0.275000 0.375000 0.260417
8 0.000000 0.035417 0.153125 0.168750 0.176563 0.164583 0.167187 0.147917 0.173437 0.118750 0.151562 0.125000 0.139063 0.114583 0.128125 0.129167 0.118750 0.104167 0.092188 0.079167 0.090625 0.052083 0.075000 0.072917 0.054688 0.039583 0.046875 0.062500 0.034375 0.027083 0.028125 0.047917
8 0.675000 0.000000 0.675000 0.097917 0.600000 0.239583 0.646875 0.372917 0.587500 0.456250 0.700000 0.481250 0.718750 0.406250 0.807813 0.381250 0.882812 0.464583 0.784375 0.447917 0.734375 0.541667 0.828125 0.581250 0.998437 0.475000 0.917188 0.295833 0.871875 0.310417 0.998437 0.120833 0.998437 0.000000
9 0.656250 0.531250 0.725000 0.564583 0.789062 0.575000 0.734375 0.543750
10 0.998437 0.122917 0.976562 0.125000 0.976562 0.141667 0.964063 0.172917 0.954688 0.175000 0.951562 0.166667 0.945312 0.175000 0.929688 0.175000 0.937500 0.189583 0.943750 0.191667 0.932813 0.210417 0.985938 0.208333 0.989062 0.170833 0.998437 0.162500
10 0.000000 0.000000 0.173437 0.116667 0.179688 0.183333 0.307812 0.206250 0.331250 0.352083 0.468750 0.204167 0.515625 0.414583 0.545312 0.364583 0.578125 0.429167 0.579688 0.383333 0.645312 0.372917 0.598437 0.239583 0.673438 0.097917 0.673438 0.000000
13 0.998437 0.477083 0.945312 0.504167 0.928125 0.533333 0.873437 0.541667 0.835938 0.570833 0.828125 0.652083 0.846875 0.720833 0.895312 0.735417 0.906250 0.718750 0.998437 0.770833
13 0.637500 0.543750 0.639062 0.497917 0.617188 0.452083 0.545312 0.464583 0.532813 0.477083 0.529687 0.468750 0.521875 0.475000 0.510938 0.468750 0.507812 0.477083 0.532813 0.489583 0.537500 0.502083 0.546875 0.500000 0.548438 0.516667 0.564063 0.518750 0.568750 0.531250 0.576562 0.527083 0.579688 0.539583 0.596875 0.531250