0 0.114062 0.997917 0.998437 0.997917 0.998437 0.729167 0.781250 0.618750 0.698438 0.627083 0.626563 0.545833 0.482812 0.493750
1 0.837500 0.643750 0.998437 0.727083 0.996875 0.656250 0.859375 0.610417
1 0.604688 0.518750 0.604688 0.533333 0.607812 0.533333 0.621875 0.543750 0.626563 0.543750 0.628125 0.547917 0.631250 0.547917 0.635938 0.552083 0.639062 0.550000 0.639062 0.531250 0.621875 0.527083
1 0.500000 0.493750 0.000000 0.727083 0.000000 0.997917 0.129688 0.983333
2 0.654687 0.483333 0.659375 0.479167 0.670312 0.483333 0.690625 0.456250 0.703125 0.447917 0.748437 0.445833 0.739062 0.433333 0.670312 0.425000 0.654687 0.447917
2 0.276562 0.245833 0.278125 0.281250 0.282813 0.289583 0.346875 0.345833 0.343750 0.258333
2 0.815625 0.308333 0.834375 0.304167 0.839063 0.322917 0.881250 0.306250 0.903125 0.312500 0.923438 0.341667 0.954688 0.318750 0.979688 0.316667 0.992188 0.327083 0.998437 0.360417 0.998437 0.260417 0.937500 0.272917 0.932813 0.235417 0.921875 0.227083 0.900000 0.235417 0.896875 0.264583 0.832812 0.262500
3 0.592187 0.472917 0.600000 0.479167 0.604688 0.493750 0.604688 0.516667 0.639062 0.529167 0.653125 0.510417 0.654687 0.487500 0.664062 0.487500 0.665625 0.491667 0.668750 0.485417 0.659375 0.481250 0.651563 0.487500 0.610938 0.487500 0.601562 0.483333 0.598437 0.472917
4 0.851562 0.491667 0.867188 0.541667 0.860938 0.610417 0.998437 0.658333 0.998437 0.497917
4 0.000000 0.081250 0.000000 0.677083 0.478125 0.495833 0.278125 0.283333
5 0.751563 0.083333 0.750000 0.097917 0.800000 0.133333 0.815625 0.162500 0.812500 0.318750 0.820312 0.210417 0.817187 0.150000 0.803125 0.127083
8 0.568750 0.402083 0.568750 0.466667 0.570312 0.468750 0.576562 0.468750 0.576562 0.445833 0.578125 0.443750 0.576562 0.416667 0.571875 0.404167
8 0.829688 0.239583 0.828125 0.241667 0.820312 0.237500 0.818750 0.241667 0.820312 0.247917 0.817187 0.260417 0.815625 0.289583 0.818750 0.289583 0.817187 0.285417 0.820312 0.279167 0.829688 0.277083 0.831250 0.270833 0.829688 0.268750 0.831250 0.262500 0.829688 0.260417 0.829688 0.254167 0.832812 0.252083 0.832812 0.243750
8 0.381250 0.345833 0.378125 0.375000 0.406250 0.400000 0.407813 0.439583 0.428125 0.443750 0.431250 0.462500 0.473438 0.470833 0.479687 0.491667 0.496875 0.491667 0.498437 0.475000 0.501563 0.491667 0.518750 0.466667 0.548438 0.468750 0.551562 0.418750 0.551562 0.468750 0.564063 0.466667 0.560937 0.385417 0.539062 0.389583 0.539062 0.425000 0.509375 0.410417 0.476562 0.237500 0.456250 0.260417 0.454688 0.304167 0.406250 0.314583
8 0.171875 0.202083 0.206250 0.235417 0.232813 0.243750 0.240625 0.258333 0.276562 0.281250 0.276562 0.237500 0.248438 0.239583 0.239063 0.222917 0.228125 0.220833 0.223438 0.202083 0.210938 0.208333 0.207813 0.195833 0.201563 0.206250 0.196875 0.185417 0.190625 0.195833
8 0.646875 0.000000 0.643750 0.183333 0.576562 0.304167 0.615625 0.389583 0.581250 0.462500 0.651563 0.485417 0.670312 0.422917 0.800000 0.456250 0.806250 0.387500 0.851562 0.489583 0.998437 0.495833 0.990625 0.327083 0.809375 0.320833 0.814063 0.162500 0.746875 0.093750 0.817187 0.145833 0.820312 0.216667 0.873437 0.222917 0.907813 0.029167
9 0.264062 0.568750 0.000000 0.679167 0.000000 0.725000 0.059375 0.700000 0.131250 0.643750 0.264062 0.585417
9 0.343750 0.545833 0.314063 0.552083 0.298438 0.552083 0.296875 0.556250 0.284375 0.556250 0.284375 0.577083 0.307812 0.564583 0.317188 0.564583 0.320312 0.558333
10 0.859375 0.000000 0.850000 0.052083 0.907813 0.027083 0.890625 0.075000 0.915625 0.077083 0.878125 0.129167 0.890625 0.204167 0.845313 0.235417 0.820312 0.218750 0.831250 0.260417 0.896875 0.262500 0.898438 0.235417 0.921875 0.225000 0.937500 0.270833 0.998437 0.258333 0.998437 0.000000
10 0.000000 0.000000 0.000000 0.079167 0.093750 0.152083 0.343750 0.256250 0.375000 0.372917 0.476562 0.235417 0.510938 0.410417 0.614062 0.397917 0.575000 0.304167 0.642188 0.183333 0.645312 0.000000
13 0.603125 0.533333 0.603125 0.493750 0.598437 0.479167 0.590625 0.472917 0.598437 0.470833 0.596875 0.462500 0.582812 0.460417 0.579688 0.472917 0.542188 0.470833 0.537500 0.479167 0.532813 0.468750 0.518750 0.468750 0.515625 0.475000 0.515625 0.489583 0.534375 0.491667 0.543750 0.514583 0.562500 0.529167 0.582812 0.522917
13 0.654687 0.489583 0.640625 0.529167 0.640625 0.583333 0.685937 0.591667 0.698438 0.625000 0.717187 0.627083 0.728125 0.606250 0.792188 0.616667 0.809375 0.641667 0.834375 0.645833 0.856250 0.616667 0.865625 0.541667 0.842187 0.477083 0.809375 0.458333 0.710938 0.447917 0.665625 0.493750