0 0.114062 0.997917 0.998437 0.997917 0.998437 0.729167 0.796875 0.629167 0.712500 0.639583 0.625000 0.545833 0.476562 0.493750
1 0.864062 0.660417 0.998437 0.727083 0.996875 0.658333 0.890625 0.622917 0.881250 0.641667 0.870313 0.643750
1 0.606250 0.518750 0.606250 0.533333 0.607812 0.535417 0.610938 0.535417 0.620313 0.543750 0.625000 0.543750 0.626563 0.547917 0.631250 0.547917 0.642188 0.556250 0.645312 0.556250 0.645312 0.535417 0.646875 0.531250 0.625000 0.529167
1 0.493750 0.502083 0.315625 0.552083 0.007812 0.708333 0.000000 0.997917 0.112500 0.997917
2 0.656250 0.483333 0.673438 0.491667 0.706250 0.452083 0.729688 0.443750 0.754687 0.443750 0.746875 0.431250 0.671875 0.422917 0.659375 0.439583
2 0.268750 0.241667 0.271875 0.262500 0.268750 0.279167 0.343750 0.345833 0.340625 0.254167
2 0.998437 0.258333 0.975000 0.270833 0.939063 0.268750 0.939063 0.229167 0.920312 0.222917 0.906250 0.229167 0.903125 0.260417 0.839063 0.258333 0.831250 0.300000 0.848437 0.295833 0.865625 0.316667 0.873437 0.304167 0.892188 0.308333 0.901563 0.293750 0.923438 0.289583 0.945312 0.337500 0.998437 0.310417
3 0.598437 0.477083 0.604688 0.489583 0.606250 0.516667 0.632812 0.529167 0.646875 0.529167 0.662500 0.506250 0.660937 0.493750 0.664062 0.487500 0.610938 0.487500 0.601562 0.483333
4 0.882812 0.493750 0.898438 0.537500 0.893750 0.620833 0.998437 0.658333 0.998437 0.497917
4 0.000000 0.079167 0.000000 0.672917 0.473438 0.500000 0.259375 0.264583
5 0.762500 0.064583 0.762500 0.079167 0.793750 0.095833 0.828125 0.135417 0.826562 0.325000 0.837500 0.150000 0.826562 0.118750 0.787500 0.077083
8 0.568750 0.400000 0.567187 0.466667 0.576562 0.468750 0.575000 0.416667 0.573438 0.408333
8 0.376563 0.343750 0.373437 0.370833 0.401562 0.395833 0.401562 0.435417 0.426563 0.443750 0.431250 0.464583 0.500000 0.491667 0.518750 0.466667 0.546875 0.468750 0.550000 0.418750 0.550000 0.468750 0.562500 0.466667 0.560937 0.385417 0.539062 0.385417 0.537500 0.427083 0.506250 0.404167 0.475000 0.235417 0.454688 0.258333 0.450000 0.304167 0.429688 0.322917 0.423438 0.302083 0.418750 0.320833 0.404687 0.310417
8 0.159375 0.191667 0.270313 0.275000 0.268750 0.229167 0.240625 0.233333 0.223438 0.208333 0.217188 0.210417 0.214062 0.189583 0.206250 0.206250 0.200000 0.200000 0.198437 0.183333 0.192188 0.193750 0.185938 0.177083 0.178125 0.187500
8 0.643750 0.000000 0.581250 0.460417 0.653125 0.485417 0.671875 0.420833 0.815625 0.456250 0.821875 0.393750 0.823438 0.456250 0.998437 0.495833 0.998437 0.312500 0.810937 0.312500 0.826562 0.135417 0.757812 0.072917 0.828125 0.118750 0.854688 0.227083 0.896875 0.195833 0.918750 0.018750
9 0.235937 0.593750 0.198437 0.591667 0.000000 0.675000 0.000000 0.714583 0.035937 0.685417
9 0.314063 0.552083 0.310937 0.556250 0.293750 0.556250 0.292187 0.560417 0.275000 0.560417 0.257812 0.566667 0.260937 0.568750 0.259375 0.570833 0.260937 0.583333 0.265625 0.579167 0.271875 0.579167 0.273438 0.575000 0.278125 0.575000 0.279687 0.570833 0.298438 0.568750 0.304688 0.562500 0.309375 0.562500 0.314063 0.556250
10 0.867188 0.000000 0.856250 0.043750 0.917188 0.014583 0.900000 0.064583 0.920312 0.054167 0.925000 0.070833 0.887500 0.120833 0.896875 0.200000 0.854688 0.229167 0.835938 0.208333 0.839063 0.256250 0.903125 0.258333 0.904687 0.229167 0.923438 0.220833 0.940625 0.229167 0.939063 0.266667 0.996875 0.258333 0.998437 0.000000
10 0.000000 0.000000 0.000000 0.077083 0.112500 0.162500 0.340625 0.252083 0.371875 0.370833 0.475000 0.233333 0.518750 0.418750 0.545312 0.377083 0.576562 0.429167 0.615625 0.397917 0.575000 0.300000 0.645312 0.175000 0.642188 0.000000
13 0.604688 0.533333 0.604688 0.497917 0.596875 0.477083 0.598437 0.462500 0.582812 0.460417 0.578125 0.472917 0.554688 0.468750 0.540625 0.470833 0.537500 0.477083 0.532813 0.468750 0.518750 0.468750 0.512500 0.479167 0.515625 0.489583 0.532813 0.491667 0.537500 0.506250 0.542188 0.504167 0.543750 0.516667 0.560937 0.529167 0.573438 0.522917
13 0.648438 0.527083 0.646875 0.587500 0.701562 0.602083 0.717187 0.639583 0.748437 0.616667 0.821875 0.633333 0.859375 0.662500 0.895312 0.608333 0.895312 0.527083 0.870313 0.477083 0.843750 0.460417 0.718750 0.447917 0.664062 0.489583