0 0.189062 0.997917 0.998437 0.997917 0.998437 0.722917 0.746875 0.593750 0.643750 0.591667 0.529687 0.483333 0.459375 0.497917 0.484375 0.510417
1 0.756250 0.562500 0.750000 0.595833 0.998437 0.720833 0.998437 0.660417 0.893750 0.629167
1 0.482812 0.508333 0.000000 0.708333 0.000000 0.997917 0.192188 0.993750
2 0.654687 0.372917 0.625000 0.397917 0.625000 0.402083 0.632812 0.406250 0.632812 0.445833 0.628125 0.450000 0.639062 0.454167 0.643750 0.460417 0.653125 0.458333 0.653125 0.447917 0.640625 0.441667 0.642188 0.437500 0.637500 0.422917 0.639062 0.406250 0.654687 0.402083
2 0.998437 0.320833 0.951562 0.316667 0.868750 0.375000 0.854688 0.400000 0.851562 0.481250 0.923438 0.483333 0.943750 0.462500 0.956250 0.487500 0.998437 0.487500
2 0.000000 0.047917 0.018750 0.093750 0.075000 0.110417 0.089063 0.129167 0.078125 0.147917 0.085938 0.162500 0.098437 0.143750 0.128125 0.170833 0.162500 0.162500 0.264062 0.272917 0.243750 0.135417 0.070312 0.102083 0.059375 0.066667 0.039062 0.091667 0.035937 0.056250
4 0.737500 0.483333 0.756250 0.514583 0.759375 0.564583 0.957812 0.612500 0.996875 0.602083 0.998437 0.489583
4 0.000000 0.279167 0.000000 0.706250 0.457813 0.502083 0.457813 0.468750 0.275000 0.425000 0.271875 0.387500 0.253125 0.427083 0.232813 0.360417
8 0.921875 0.485417 0.925000 0.485417 0.926562 0.487500 0.954688 0.487500 0.951562 0.475000 0.946875 0.468750 0.945312 0.468750 0.943750 0.464583 0.937500 0.464583 0.934375 0.466667 0.925000 0.479167 0.925000 0.483333
8 0.604688 0.395833 0.601562 0.450000 0.607812 0.443750 0.631250 0.445833 0.631250 0.406250 0.618750 0.400000 0.617188 0.395833
8 0.600000 0.395833 0.596875 0.395833 0.589063 0.406250 0.589063 0.412500 0.581250 0.427083 0.578125 0.422917 0.576562 0.456250 0.578125 0.477083 0.582812 0.462500 0.589063 0.454167 0.593750 0.454167 0.596875 0.450000
8 0.000000 0.070833 0.000000 0.277083 0.232813 0.358333 0.253125 0.425000 0.271875 0.385417 0.426563 0.435417 0.460938 0.495833 0.560937 0.425000 0.567187 0.462500 0.559375 0.368750 0.528125 0.427083 0.479687 0.358333 0.457813 0.166667 0.385937 0.356250 0.376563 0.145833 0.285938 0.166667 0.259375 0.275000
8 0.689063 0.000000 0.664062 0.089583 0.707812 0.122917 0.682813 0.129167 0.665625 0.197917 0.704688 0.239583 0.684375 0.254167 0.701562 0.325000 0.687500 0.356250 0.678125 0.325000 0.642188 0.441667 0.850000 0.481250 0.868750 0.372917 0.951562 0.314583 0.998437 0.318750 0.998437 0.000000
9 0.776563 0.570833 0.893750 0.627083 0.998437 0.658333 0.992188 0.608333 0.982812 0.616667 0.918750 0.608333
10 0.000000 0.000000 0.039062 0.089583 0.243750 0.133333 0.257812 0.216667 0.376563 0.143750 0.385937 0.354167 0.457813 0.164583 0.528125 0.425000 0.543750 0.360417 0.581250 0.425000 0.700000 0.325000 0.664062 0.197917 0.706250 0.122917 0.662500 0.089583 0.687500 0.000000
13 0.503125 0.483333 0.529687 0.481250 0.582812 0.545833 0.603125 0.537500 0.607812 0.564583 0.637500 0.562500 0.643750 0.589583 0.676562 0.575000 0.745313 0.595833 0.756250 0.560417 0.753125 0.510417 0.714063 0.462500 0.643750 0.462500 0.607812 0.445833 0.579688 0.479167 0.548438 0.462500 0.532813 0.479167 0.507812 0.468750