0 0.162500 0.997917 0.998437 0.997917 0.998437 0.706250 0.779687 0.604167 0.693750 0.622917 0.520312 0.479167 0.445312 0.489583 0.475000 0.506250
1 0.834375 0.602083 0.831250 0.622917 0.998437 0.704167 0.995313 0.641667 0.845313 0.579167
1 0.473438 0.504167 0.000000 0.697917 0.000000 0.997917 0.160938 0.997917
2 0.665625 0.345833 0.617188 0.387500 0.631250 0.397917 0.628125 0.410417 0.629687 0.435417 0.646875 0.435417 0.660937 0.445833 0.657813 0.439583 0.660937 0.433333 0.646875 0.425000 0.650000 0.416667 0.645312 0.402083 0.651563 0.381250 0.665625 0.379167
2 0.342187 0.352083 0.343750 0.356250 0.346875 0.356250 0.354687 0.364583 0.360938 0.366667 0.360938 0.362500 0.357812 0.356250 0.357812 0.350000 0.360938 0.345833 0.365625 0.345833 0.368750 0.350000 0.371875 0.350000 0.373437 0.343750 0.345313 0.341667
2 0.998437 0.312500 0.962500 0.337500 0.956250 0.347917 0.954688 0.466667 0.998437 0.466667
2 0.720313 0.270833 0.710938 0.268750 0.703125 0.277083 0.701562 0.308333 0.692187 0.314583 0.689063 0.320833 0.682813 0.322917 0.675000 0.335417 0.695312 0.337500 0.701562 0.314583 0.704688 0.318750 0.714063 0.304167 0.721875 0.300000
2 0.032813 0.054167 0.065625 0.118750 0.193750 0.220833 0.179688 0.185417 0.184375 0.152083 0.204687 0.125000 0.200000 0.089583
3 0.084375 0.347917 0.081250 0.354167 0.076563 0.347917 0.070312 0.358333 0.070312 0.527083 0.079687 0.458333 0.081250 0.385417 0.087500 0.368750
4 0.812500 0.468750 0.845313 0.514583 0.848437 0.581250 0.889062 0.581250 0.998437 0.614583 0.998437 0.468750
4 0.000000 0.268750 0.000000 0.695833 0.443750 0.497917 0.417187 0.414583 0.392188 0.450000 0.085938 0.370833 0.070312 0.529167 0.084375 0.289583
8 0.595313 0.383333 0.589063 0.385417 0.582812 0.395833 0.582812 0.402083 0.578125 0.406250 0.578125 0.412500 0.575000 0.416667 0.570312 0.416667 0.570312 0.472917 0.571875 0.464583 0.581250 0.466667 0.582812 0.458333 0.595313 0.439583
8 0.601562 0.381250 0.598437 0.439583 0.606250 0.431250 0.626563 0.433333 0.626563 0.410417 0.629687 0.397917 0.623437 0.391667 0.615625 0.389583 0.614062 0.385417 0.609375 0.385417 0.606250 0.379167
8 0.721875 0.014583 0.728125 0.070833 0.693750 0.116667 0.739062 0.152083 0.740625 0.193750 0.707812 0.197917 0.743750 0.254167 0.695312 0.339583 0.673438 0.335417 0.689063 0.306250 0.656250 0.327083 0.648438 0.425000 0.953125 0.466667 0.954688 0.347917 0.998437 0.310417 0.998437 0.000000
8 0.018750 0.000000 0.000000 0.266667 0.084375 0.287500 0.090625 0.377083 0.439063 0.414583 0.445312 0.487500 0.534375 0.466667 0.537500 0.402083 0.559375 0.454167 0.548438 0.360417 0.517188 0.420833 0.465625 0.343750 0.442188 0.143750 0.359375 0.368750 0.332813 0.060417 0.292187 0.118750 0.259375 0.045833 0.214062 0.079167 0.192188 0.225000 0.057813 0.112500
9 0.856250 0.583333 0.875000 0.595833 0.998437 0.641667 0.996875 0.614583 0.907813 0.587500
10 0.028125 0.045833 0.210938 0.125000 0.256250 0.043750 0.285938 0.116667 0.332813 0.058333 0.343750 0.339583 0.442188 0.141667 0.517188 0.418750 0.531250 0.350000 0.575000 0.414583 0.576562 0.337500 0.615625 0.387500 0.742188 0.254167 0.692187 0.114583 0.756250 0.000000
10 0.017188 0.000000 0.000000 0.000000 0.003125 0.004167 0.003125 0.010417 0.000000 0.012500 0.000000 0.043750 0.001563 0.039583 0.004687 0.039583 0.003125 0.033333 0.006250 0.029167 0.012500 0.031250 0.015625 0.025000 0.018750 0.027083 0.017188 0.022917 0.017188 0.010417 0.014063 0.008333
13 0.507812 0.470833 0.564063 0.506250 0.585938 0.547917 0.621875 0.543750 0.625000 0.575000 0.675000 0.577083 0.693750 0.620833 0.723437 0.593750 0.825000 0.625000 0.845313 0.581250 0.842187 0.510417 0.785937 0.445833 0.665625 0.456250 0.606250 0.433333 0.570312 0.475000 0.551562 0.454167