0 0.103125 0.997917 0.998437 0.997917 0.998437 0.831250 0.785937 0.681250 0.721875 0.683333 0.698438 0.587500 0.482812 0.485417 0.406250 0.508333 0.457813 0.529167
1 0.600000 0.518750 0.598437 0.533333 0.701562 0.589583 0.704688 0.556250 0.700000 0.552083 0.685937 0.552083 0.678125 0.539583 0.634375 0.535417 0.629687 0.527083 0.639062 0.525000 0.639062 0.518750
1 0.456250 0.529167 0.409375 0.516667 0.000000 0.691667 0.000000 0.997917 0.106250 0.993750
1 0.485938 0.491667 0.479687 0.487500 0.473438 0.493750 0.468750 0.493750 0.467187 0.497917 0.453125 0.502083 0.409375 0.497917 0.409375 0.502083 0.417187 0.502083 0.418750 0.506250 0.479687 0.506250 0.485938 0.497917
2 0.251563 0.287500 0.256250 0.293750 0.268750 0.300000 0.276562 0.308333 0.296875 0.318750 0.301563 0.316667 0.303125 0.308333 0.279687 0.304167 0.276562 0.300000 0.276562 0.287500 0.273438 0.285417 0.265625 0.285417 0.267188 0.293750 0.264062 0.297917 0.259375 0.291667
2 0.965625 0.204167 0.937500 0.210417 0.926562 0.183333 0.809375 0.247917 0.807813 0.210417 0.785937 0.208333 0.770312 0.270833 0.657813 0.368750 0.665625 0.425000 0.814063 0.452083 0.885938 0.383333 0.864062 0.331250 0.878125 0.264583 0.942187 0.252083
2 0.000000 0.000000 0.000000 0.081250 0.048438 0.122917 0.021875 0.047917 0.014063 0.014583 0.007812 0.000000
3 0.039062 0.368750 0.059375 0.372917 0.054688 0.370833 0.065625 0.366667 0.082812 0.366667 0.104688 0.372917 0.104688 0.368750 0.101562 0.368750 0.098437 0.358333 0.093750 0.354167 0.054688 0.354167 0.048438 0.352083 0.046875 0.347917 0.042188 0.347917 0.045312 0.360417
3 0.029687 0.268750 0.021875 0.277083 0.023438 0.279167 0.021875 0.285417 0.026562 0.289583 0.026562 0.297917 0.025000 0.300000 0.026562 0.302083 0.026562 0.312500 0.031250 0.314583 0.031250 0.310417 0.035937 0.302083 0.034375 0.300000 0.034375 0.295833 0.037500 0.287500 0.034375 0.281250 0.035937 0.277083 0.032813 0.270833
3 0.125000 0.183333 0.125000 0.189583 0.129688 0.191667 0.132812 0.195833 0.132812 0.200000 0.137500 0.206250 0.145313 0.210417 0.150000 0.218750 0.157812 0.220833 0.160938 0.216667 0.162500 0.220833 0.168750 0.220833 0.168750 0.216667 0.159375 0.212500 0.157812 0.208333 0.146875 0.202083 0.145313 0.197917 0.135937 0.195833 0.132812 0.187500 0.129688 0.185417 0.126562 0.187500
4 0.740625 0.489583 0.685937 0.489583 0.684375 0.547917 0.700000 0.550000 0.704688 0.554167 0.704688 0.545833 0.710938 0.529167 0.726562 0.506250 0.737500 0.497917
4 0.640625 0.487500 0.639062 0.485417 0.628125 0.485417 0.625000 0.483333 0.621875 0.489583 0.612500 0.489583 0.610938 0.487500 0.604688 0.489583 0.604688 0.516667 0.610938 0.516667 0.612500 0.518750 0.639062 0.516667 0.639062 0.489583
4 0.000000 0.689583 0.401562 0.522917 0.407813 0.462500 0.000000 0.358333
5 0.617188 0.279167 0.650000 0.322917 0.642188 0.535417 0.651563 0.322917 0.634375 0.291667
8 0.573438 0.408333 0.573438 0.454167 0.584375 0.454167 0.584375 0.427083 0.581250 0.427083 0.576562 0.420833 0.576562 0.416667
8 0.654687 0.393750 0.651563 0.393750 0.648438 0.418750 0.648438 0.516667 0.651563 0.516667 0.653125 0.462500 0.657813 0.437500 0.665625 0.418750 0.664062 0.404167
8 0.623437 0.358333 0.615625 0.368750 0.609375 0.364583 0.609375 0.381250 0.604688 0.379167 0.598437 0.391667 0.593750 0.420833 0.589063 0.422917 0.589063 0.454167 0.598437 0.462500 0.600000 0.487500 0.603125 0.481250 0.604688 0.487500 0.621875 0.487500 0.625000 0.481250 0.640625 0.485417 0.645312 0.389583 0.623437 0.366667
8 0.725000 0.287500 0.718750 0.293750 0.718750 0.306250 0.710938 0.308333 0.706250 0.291667 0.703125 0.289583 0.701562 0.302083 0.693750 0.304167 0.695312 0.314583 0.690625 0.320833 0.685937 0.310417 0.685937 0.320833 0.678125 0.331250 0.682813 0.341667 0.726562 0.302083 0.728125 0.295833
8 0.995313 0.139583 0.973437 0.143750 0.962500 0.127083 0.967187 0.162500 0.923438 0.181250 0.937500 0.208333 0.967187 0.204167 0.942187 0.254167 0.879687 0.264583 0.882812 0.289583 0.865625 0.331250 0.882812 0.379167 0.998437 0.335417
8 0.170313 0.314583 0.260937 0.370833 0.271875 0.427083 0.403125 0.460417 0.376563 0.389583 0.407813 0.385417 0.414062 0.497917 0.520312 0.487500 0.537500 0.425000 0.539062 0.477083 0.568750 0.452083 0.551562 0.352083 0.515625 0.427083 0.454688 0.314583 0.484375 0.289583 0.426563 0.045833 0.364063 0.158333 0.356250 0.279167 0.298438 0.320833
9 0.000000 0.083333 0.000000 0.356250 0.093750 0.352083 0.104688 0.375000 0.056250 0.370833 0.245312 0.418750 0.270313 0.397917 0.168750 0.320833 0.267188 0.302083
10 0.009375 0.000000 0.053125 0.127083 0.296875 0.306250 0.378125 0.241667 0.426563 0.043750 0.515625 0.425000 0.534375 0.339583 0.579688 0.422917 0.645312 0.387500 0.617188 0.277083 0.662500 0.391667 0.785937 0.206250 0.998437 0.141667 0.998437 0.000000
13 0.490625 0.470833 0.490625 0.477083 0.487500 0.483333 0.490625 0.487500 0.498437 0.487500 0.506250 0.491667 0.517188 0.491667 0.515625 0.479167 0.514062 0.479167 0.512500 0.475000 0.510938 0.477083 0.509375 0.472917 0.507812 0.479167 0.503125 0.479167 0.501563 0.477083 0.501563 0.468750 0.496875 0.466667 0.498437 0.464583
13 0.523438 0.479167 0.521875 0.497917 0.532813 0.497917 0.534375 0.512500 0.556250 0.529167 0.559375 0.520833 0.567187 0.520833 0.596875 0.533333 0.598437 0.468750 0.595313 0.458333 0.557813 0.454167 0.553125 0.458333 0.553125 0.466667 0.537500 0.483333 0.535937 0.479167
13 0.998437 0.337500 0.882812 0.385417 0.810937 0.456250 0.664062 0.427083 0.656250 0.522917 0.682813 0.541667 0.685937 0.487500 0.742188 0.489583 0.706250 0.545833 0.715625 0.672917 0.785937 0.679167 0.998437 0.829167