0 0.112500 0.995833 0.998437 0.997917 0.998437 0.735417 0.742188 0.697917 0.629687 0.560417 0.479687 0.485417 0.417187 0.504167 0.459375 0.522917
1 0.976562 0.716667 0.976562 0.720833 0.979688 0.720833 0.984375 0.725000 0.987500 0.725000 0.990625 0.727083 0.992188 0.731250 0.996875 0.731250 0.998437 0.733333 0.998437 0.706250 0.990625 0.706250 0.987500 0.710417 0.985938 0.708333 0.985938 0.710417 0.981250 0.716667
1 0.457813 0.522917 0.414062 0.514583 0.001563 0.687500 0.000000 0.997917 0.110937 0.997917
1 0.584375 0.512500 0.582812 0.529167 0.587500 0.529167 0.629687 0.558333 0.632812 0.518750 0.628125 0.512500 0.623437 0.514583 0.621875 0.531250 0.618750 0.529167 0.618750 0.514583 0.592187 0.514583 0.589063 0.518750 0.587500 0.512500
1 0.482812 0.493750 0.476562 0.487500 0.473438 0.491667 0.471875 0.489583 0.470313 0.493750 0.464062 0.493750 0.462500 0.497917 0.446875 0.500000 0.417187 0.497917 0.417187 0.502083 0.443750 0.502083 0.445312 0.506250 0.473438 0.506250 0.475000 0.502083 0.481250 0.500000
2 0.276562 0.300000 0.276562 0.308333 0.275000 0.310417 0.278125 0.310417 0.281250 0.316667 0.290625 0.320833 0.292187 0.325000 0.295312 0.325000 0.298438 0.329167 0.310937 0.331250 0.317188 0.325000 0.315625 0.320833 0.303125 0.320833 0.296875 0.316667 0.287500 0.316667 0.284375 0.312500 0.284375 0.300000
2 0.890625 0.218750 0.870313 0.214583 0.775000 0.268750 0.773438 0.233333 0.756250 0.233333 0.743750 0.287500 0.709375 0.297917 0.643750 0.375000 0.648438 0.429167 0.696875 0.437500 0.771875 0.395833 0.759375 0.366667 0.770312 0.322917 0.810937 0.314583 0.820312 0.293750 0.798438 0.264583 0.831250 0.237500 0.881250 0.252083
3 0.164062 0.233333 0.176563 0.252083 0.212500 0.277083 0.229687 0.318750 0.237500 0.312500 0.245312 0.318750 0.251563 0.314583 0.293750 0.331250 0.290625 0.322917 0.196875 0.250000
3 0.003125 0.260417 0.017188 0.322917 0.000000 0.325000 0.003125 0.366667 0.326562 0.437500 0.259375 0.397917 0.256250 0.364583 0.209375 0.335417 0.226562 0.320833 0.187500 0.310417 0.167187 0.270833 0.093750 0.245833 0.084375 0.264583 0.082812 0.243750 0.045312 0.229167
3 0.117188 0.195833 0.118750 0.197917 0.118750 0.206250 0.126562 0.212500 0.134375 0.227083 0.143750 0.231250 0.148438 0.229167 0.156250 0.229167 0.157812 0.231250 0.157812 0.222917 0.145313 0.216667 0.142187 0.210417 0.132812 0.206250 0.129688 0.200000
4 0.618750 0.483333 0.612500 0.483333 0.609375 0.481250 0.607812 0.487500 0.592187 0.487500 0.592187 0.512500 0.606250 0.512500 0.607812 0.514583 0.618750 0.512500
4 0.000000 0.689583 0.412500 0.516667 0.415625 0.466667 0.000000 0.364583
5 0.598437 0.302083 0.626563 0.337500 0.621875 0.529167 0.629687 0.345833 0.623437 0.325000
8 0.629687 0.389583 0.623437 0.504167 0.626563 0.510417 0.626563 0.479167 0.634375 0.435417 0.650000 0.422917 0.648438 0.400000 0.642188 0.393750 0.631250 0.393750
8 0.610938 0.368750 0.601562 0.381250 0.600000 0.375000 0.600000 0.383333 0.593750 0.385417 0.593750 0.397917 0.589063 0.397917 0.587500 0.408333 0.584375 0.406250 0.585938 0.414583 0.581250 0.422917 0.578125 0.420833 0.578125 0.456250 0.584375 0.466667 0.585938 0.485417 0.589063 0.481250 0.592187 0.485417 0.618750 0.481250 0.623437 0.383333 0.618750 0.383333
8 0.707812 0.300000 0.703125 0.304167 0.706250 0.310417 0.700000 0.312500 0.698438 0.316667 0.693750 0.312500 0.693750 0.306250 0.689063 0.300000 0.687500 0.310417 0.679688 0.312500 0.682813 0.320833 0.681250 0.325000 0.676562 0.327083 0.673438 0.318750 0.671875 0.327083 0.665625 0.337500 0.668750 0.345833 0.675000 0.343750 0.682813 0.333333 0.700000 0.320833 0.707812 0.308333
8 0.998437 0.133333 0.960938 0.122917 0.957812 0.081250 0.898438 0.102083 0.903125 0.122917 0.953125 0.112500 0.878125 0.202083 0.892188 0.218750 0.881250 0.254167 0.817187 0.233333 0.800000 0.275000 0.821875 0.293750 0.771875 0.322917 0.768750 0.387500 0.970313 0.412500 0.998437 0.462500
8 0.000000 0.000000 0.000000 0.322917 0.064062 0.231250 0.321875 0.439583 0.410938 0.462500 0.412500 0.397917 0.417187 0.495833 0.529687 0.477083 0.546875 0.410417 0.560937 0.454167 0.548438 0.360417 0.510938 0.427083 0.453125 0.325000 0.428125 0.081250 0.365625 0.291667 0.287500 0.333333 0.117188 0.206250 0.078125 0.000000
10 0.076563 0.027083 0.109375 0.179167 0.303125 0.318750 0.381250 0.260417 0.428125 0.079167 0.510938 0.425000 0.529687 0.345833 0.573438 0.422917 0.623437 0.381250 0.598437 0.300000 0.645312 0.393750 0.756250 0.231250 0.875000 0.212500 0.951562 0.112500 0.901563 0.097917 0.998437 0.131250 0.998437 0.000000
13 0.484375 0.479167 0.484375 0.485417 0.487500 0.487500 0.495312 0.487500 0.496875 0.489583 0.512500 0.491667 0.512500 0.483333 0.510938 0.479167 0.500000 0.479167 0.498437 0.477083 0.498437 0.468750 0.489063 0.468750 0.487500 0.470833 0.487500 0.477083
13 0.515625 0.485417 0.517188 0.495833 0.526563 0.495833 0.528125 0.510417 0.542188 0.522917 0.548438 0.516667 0.560937 0.516667 0.567187 0.525000 0.571875 0.520833 0.578125 0.529167 0.582812 0.522917 0.584375 0.485417 0.582812 0.466667 0.578125 0.458333 0.545312 0.456250 0.543750 0.464583 0.532813 0.479167 0.518750 0.479167
13 0.635938 0.435417 0.634375 0.606250 0.715625 0.631250 0.742188 0.695833 0.779687 0.702083 0.798438 0.679167 0.967187 0.718750 0.998437 0.704167 0.998437 0.464583 0.973437 0.416667 0.804688 0.389583 0.696875 0.439583