0 0.114062 0.997917 0.998437 0.997917 0.998437 0.797917 0.907813 0.675000 0.709375 0.666667 0.609375 0.545833 0.479687 0.485417 0.418750 0.504167 0.459375 0.525000
1 0.989062 0.645833 0.964063 0.639583 0.948438 0.664583 0.912500 0.670833 0.909375 0.675000 0.932813 0.693750 0.965625 0.710417 0.967187 0.681250 0.978125 0.664583 0.985938 0.660417
1 0.581250 0.512500 0.579688 0.525000 0.603125 0.539583 0.604688 0.543750 0.609375 0.543750 0.610938 0.547917 0.615625 0.550000 0.617188 0.547917 0.620313 0.512500 0.617188 0.529167 0.614062 0.527083 0.614062 0.512500 0.609375 0.514583 0.589063 0.512500 0.585938 0.516667
1 0.457813 0.520833 0.417187 0.512500 0.000000 0.697917 0.000000 0.997917 0.112500 0.997917
1 0.481250 0.493750 0.476562 0.487500 0.473438 0.491667 0.471875 0.489583 0.470313 0.493750 0.465625 0.493750 0.464062 0.497917 0.450000 0.500000 0.418750 0.497917 0.417187 0.502083 0.445312 0.502083 0.446875 0.506250 0.473438 0.506250 0.481250 0.497917
2 0.279687 0.302083 0.279687 0.310417 0.276562 0.312500 0.279687 0.318750 0.285938 0.320833 0.287500 0.325000 0.293750 0.325000 0.295312 0.329167 0.303125 0.331250 0.304688 0.335417 0.309375 0.335417 0.310937 0.339583 0.314063 0.339583 0.318750 0.333333 0.317188 0.322917 0.292187 0.320833 0.287500 0.316667 0.285938 0.302083
2 0.857812 0.231250 0.767188 0.270833 0.765625 0.237500 0.740625 0.243750 0.735938 0.289583 0.639062 0.375000 0.646875 0.429167 0.681250 0.433333 0.753125 0.400000 0.742188 0.377083 0.748437 0.327083 0.782813 0.325000 0.792188 0.308333 0.778125 0.275000 0.801562 0.254167 0.843750 0.272917
4 0.937500 0.487500 0.956250 0.514583 0.964063 0.541667 0.965625 0.637500 0.987500 0.643750 0.998437 0.625000 0.998437 0.489583
4 0.614062 0.481250 0.606250 0.479167 0.603125 0.487500 0.595313 0.485417 0.590625 0.487500 0.587500 0.483333 0.581250 0.485417 0.582812 0.489583 0.581250 0.510417 0.584375 0.512500 0.587500 0.487500 0.589063 0.510417 0.592187 0.512500 0.614062 0.510417
4 0.000000 0.695833 0.412500 0.516667 0.418750 0.468750 0.387500 0.425000 0.356250 0.452083 0.000000 0.370833
5 0.593750 0.306250 0.618750 0.333333 0.621875 0.345833 0.617188 0.527083 0.621875 0.337500
8 0.625000 0.385417 0.620313 0.483333 0.623437 0.479167 0.623437 0.460417 0.628125 0.437500 0.634375 0.429167 0.645312 0.429167 0.645312 0.397917 0.642188 0.393750 0.629687 0.393750
8 0.607812 0.368750 0.596875 0.377083 0.590625 0.395833 0.581250 0.406250 0.581250 0.418750 0.576562 0.418750 0.575000 0.456250 0.581250 0.466667 0.582812 0.483333 0.603125 0.485417 0.606250 0.477083 0.614062 0.479167 0.618750 0.383333
8 0.707812 0.300000 0.704688 0.295833 0.700000 0.302083 0.701562 0.310417 0.693750 0.314583 0.685937 0.297917 0.684375 0.308333 0.676562 0.312500 0.679688 0.322917 0.671875 0.327083 0.668750 0.320833 0.668750 0.329167 0.662500 0.337500 0.665625 0.345833 0.668750 0.345833 0.687500 0.325000 0.692187 0.325000 0.707812 0.306250
8 0.998437 0.066667 0.957812 0.104167 0.959375 0.156250 0.921875 0.143750 0.918750 0.108333 0.868750 0.125000 0.870313 0.145833 0.906250 0.122917 0.914062 0.141667 0.850000 0.216667 0.843750 0.275000 0.810937 0.256250 0.779687 0.275000 0.793750 0.308333 0.750000 0.327083 0.746875 0.391667 0.898438 0.420833 0.935937 0.485417 0.998437 0.487500
8 0.000000 0.000000 0.000000 0.368750 0.409375 0.462500 0.415625 0.402083 0.420312 0.497917 0.529687 0.477083 0.532813 0.404167 0.559375 0.454167 0.545312 0.358333 0.510938 0.427083 0.454688 0.331250 0.428125 0.087500 0.382812 0.264583 0.310937 0.341667 0.118750 0.189583 0.156250 0.162500 0.132812 0.060417 0.190625 0.000000
10 0.120313 0.189583 0.337500 0.325000 0.428125 0.085417 0.456250 0.331250 0.510938 0.425000 0.564063 0.339583 0.571875 0.420833 0.618750 0.381250 0.593750 0.304167 0.642188 0.391667 0.740625 0.241667 0.887500 0.189583 0.912500 0.127083 0.868750 0.122917 0.962500 0.152083 0.998437 0.000000 0.192188 0.000000
13 0.998437 0.627083 0.989062 0.643750 0.987500 0.660417 0.968750 0.681250 0.967187 0.706250 0.979688 0.762500 0.998437 0.795833
13 0.515625 0.483333 0.515625 0.495833 0.525000 0.495833 0.526563 0.508333 0.539062 0.520833 0.548438 0.514583 0.560937 0.516667 0.565625 0.522917 0.568750 0.518750 0.573438 0.525000 0.579688 0.522917 0.581250 0.483333 0.579688 0.466667 0.575000 0.458333 0.545312 0.456250 0.532813 0.477083
13 0.628125 0.441667 0.620313 0.593750 0.690625 0.612500 0.704688 0.662500 0.767188 0.647917 0.909375 0.672917 0.965625 0.635417 0.954688 0.514583 0.898438 0.422917 0.754687 0.400000