0 0.107813 0.997917 0.998437 0.997917 0.998437 0.816667 0.885938 0.822917 0.834375 0.718750 0.679688 0.650000 0.668750 0.577083 0.487500 0.489583 0.412500 0.508333 0.459375 0.529167
1 0.593750 0.518750 0.592187 0.533333 0.604688 0.543750 0.668750 0.575000 0.668750 0.545833 0.637500 0.539583 0.618750 0.529167 0.620313 0.525000 0.631250 0.525000 0.631250 0.520833
1 0.457813 0.527083 0.412500 0.518750 0.001563 0.687500 0.000000 0.997917 0.106250 0.997917
1 0.485938 0.489583 0.479687 0.489583 0.476562 0.493750 0.471875 0.493750 0.470313 0.497917 0.454688 0.502083 0.412500 0.500000 0.412500 0.506250 0.475000 0.508333 0.481250 0.506250 0.485938 0.497917
2 0.268750 0.300000 0.278125 0.306250 0.289062 0.318750 0.301563 0.322917 0.303125 0.318750 0.306250 0.318750 0.309375 0.314583 0.309375 0.312500 0.284375 0.310417 0.282813 0.308333 0.281250 0.291667 0.273438 0.289583 0.271875 0.297917
2 0.900000 0.206250 0.800000 0.258333 0.795312 0.227083 0.773438 0.222917 0.762500 0.281250 0.718750 0.295833 0.653125 0.375000 0.659375 0.429167 0.757812 0.443750 0.826562 0.393750 0.817187 0.347917 0.829688 0.302083 0.859375 0.279167 0.884375 0.283333 0.896875 0.247917 0.865625 0.231250
2 0.000000 0.000000 0.000000 0.083333 0.073438 0.141667 0.032813 0.000000
3 0.000000 0.208333 0.000000 0.356250 0.267188 0.422917 0.250000 0.379167 0.259375 0.343750 0.290625 0.320833 0.059375 0.133333 0.079687 0.179167 0.037500 0.177083
4 0.631250 0.489583 0.618750 0.485417 0.617188 0.489583 0.600000 0.489583 0.600000 0.516667 0.631250 0.518750
4 0.000000 0.689583 0.407813 0.520833 0.412500 0.466667 0.000000 0.358333
5 0.610938 0.291667 0.640625 0.327083 0.634375 0.535417 0.643750 0.331250 0.634375 0.312500
8 0.571875 0.412500 0.571875 0.456250 0.578125 0.456250 0.581250 0.458333 0.581250 0.420833 0.578125 0.425000 0.575000 0.422917 0.571875 0.416667
8 0.648438 0.393750 0.643750 0.393750 0.643750 0.404167 0.640625 0.406250 0.637500 0.493750 0.640625 0.518750 0.642188 0.475000 0.645312 0.472917 0.646875 0.447917 0.650000 0.437500 0.657813 0.429167 0.659375 0.414583 0.657813 0.404167
8 0.620313 0.364583 0.607812 0.372917 0.607812 0.383333 0.601562 0.383333 0.601562 0.393750 0.595313 0.397917 0.593750 0.408333 0.589063 0.404167 0.584375 0.458333 0.592187 0.462500 0.595313 0.487500 0.617188 0.487500 0.618750 0.483333 0.632812 0.487500 0.637500 0.391667
8 0.717187 0.300000 0.714063 0.302083 0.714063 0.310417 0.706250 0.312500 0.700000 0.295833 0.698438 0.306250 0.695312 0.310417 0.690625 0.310417 0.689063 0.322917 0.685937 0.322917 0.682813 0.316667 0.679688 0.329167 0.675000 0.335417 0.678125 0.345833 0.681250 0.345833 0.682813 0.341667 0.685937 0.341667 0.698438 0.327083 0.704688 0.325000 0.717187 0.308333
8 0.998437 0.125000 0.956250 0.156250 0.984375 0.168750 0.981250 0.197917 0.890625 0.187500 0.900000 0.216667 0.867188 0.235417 0.898438 0.252083 0.881250 0.289583 0.859375 0.281250 0.831250 0.302083 0.818750 0.347917 0.829688 0.391667 0.998437 0.345833
8 0.000000 0.085417 0.000000 0.206250 0.014063 0.204167 0.037500 0.175000 0.056250 0.179167 0.082812 0.172917 0.051562 0.125000
8 0.421875 0.062500 0.390625 0.172917 0.367188 0.170833 0.362500 0.283333 0.268750 0.333333 0.256250 0.404167 0.407813 0.462500 0.382812 0.393750 0.412500 0.393750 0.412500 0.497917 0.534375 0.481250 0.537500 0.402083 0.539062 0.481250 0.567187 0.385417 0.534375 0.345833 0.515625 0.429167 0.484375 0.389583
9 0.635938 0.527083 0.635938 0.535417 0.637500 0.537500 0.654687 0.539583 0.656250 0.541667 0.665625 0.541667 0.667188 0.543750 0.670312 0.541667 0.670312 0.535417 0.664062 0.535417 0.662500 0.531250 0.654687 0.531250 0.653125 0.529167 0.650000 0.529167 0.646875 0.525000 0.643750 0.525000 0.642188 0.527083
10 0.034375 0.000000 0.078125 0.147917 0.284375 0.308333 0.360938 0.283333 0.431250 0.060417 0.515625 0.427083 0.534375 0.343750 0.578125 0.422917 0.637500 0.389583 0.610938 0.289583 0.656250 0.393750 0.773438 0.220833 0.981250 0.195833 0.998437 0.000000
13 0.592187 0.527083 0.593750 0.479167 0.589063 0.460417 0.554688 0.456250 0.539062 0.483333 0.523438 0.479167 0.518750 0.491667 0.515625 0.483333 0.503125 0.483333 0.501563 0.470833 0.490625 0.472917 0.487500 0.487500 0.532813 0.500000 0.534375 0.514583 0.546875 0.529167 0.553125 0.529167 0.556250 0.520833 0.584375 0.533333
13 0.998437 0.347917 0.820312 0.395833 0.743750 0.460417 0.717187 0.458333 0.750000 0.439583 0.656250 0.431250 0.642188 0.518750 0.671875 0.529167 0.675000 0.641667 0.728125 0.643750 0.834375 0.716667 0.885938 0.820833 0.979688 0.833333 0.998437 0.814583