0 0.309375 0.508333 0.309375 0.531250 0.310937 0.533333 0.329688 0.533333 0.329688 0.510417 0.315625 0.510417 0.314063 0.508333
0 0.092188 0.997917 0.998437 0.997917 0.998437 0.741667 0.521875 0.491667 0.335938 0.512500 0.418750 0.581250
1 0.678125 0.535417 0.673438 0.575000 0.998437 0.739583 0.998437 0.664583 0.921875 0.643750 0.934375 0.633333 0.917188 0.606250 0.768750 0.587500 0.701562 0.554167 0.745313 0.539583
1 0.417187 0.566667 0.309375 0.533333 0.301563 0.570833 0.000000 0.691667 0.000000 0.997917 0.090625 0.997917
1 0.487500 0.493750 0.475000 0.487500 0.434375 0.508333 0.335938 0.497917 0.335938 0.510417 0.470313 0.516667
2 0.773438 0.268750 0.759375 0.289583 0.721875 0.314583 0.717187 0.327083 0.723437 0.343750 0.721875 0.391667 0.726562 0.389583 0.721875 0.487500 0.735938 0.487500 0.735938 0.443750 0.767188 0.404167
2 0.185938 0.243750 0.189062 0.247917 0.193750 0.247917 0.195312 0.252083 0.201563 0.252083 0.210938 0.258333 0.218750 0.258333 0.225000 0.264583 0.232813 0.266667 0.235937 0.258333 0.232813 0.254167 0.218750 0.250000 0.217188 0.233333 0.212500 0.229167 0.203125 0.227083 0.203125 0.243750 0.200000 0.247917
2 0.965625 0.077083 0.921875 0.081250 0.906250 0.104167 0.901563 0.177083 0.781250 0.264583 0.775000 0.408333 0.818750 0.408333 0.831250 0.372917 0.998437 0.364583 0.998437 0.116667 0.960938 0.135417
3 0.685937 0.485417 0.684375 0.531250 0.742188 0.537500 0.737500 0.489583
4 0.998437 0.500000 0.954688 0.504167 0.948438 0.641667 0.965625 0.643750 0.981250 0.637500 0.975000 0.608333 0.985938 0.593750 0.992188 0.558333 0.998437 0.547917
4 0.000000 0.364583 0.000000 0.689583 0.309375 0.558333 0.307812 0.439583
5 0.337500 0.310417 0.332813 0.333333 0.331250 0.541667
5 0.592187 0.295833 0.589063 0.443750 0.592187 0.439583
5 0.720313 0.108333 0.764062 0.160417 0.778125 0.202083 0.765625 0.581250 0.782813 0.195833 0.775000 0.166667
7 0.282813 0.310417 0.284375 0.318750 0.325000 0.320833 0.332813 0.325000 0.334375 0.310417 0.323437 0.310417 0.321875 0.306250 0.287500 0.306250 0.284375 0.304167
8 0.765625 0.410417 0.742188 0.431250 0.735938 0.458333 0.743750 0.531250 0.757812 0.554167
8 0.817187 0.410417 0.773438 0.410417 0.770312 0.558333 0.817187 0.558333 0.801562 0.543750 0.801562 0.504167
8 0.665625 0.312500 0.623437 0.375000 0.620313 0.422917 0.620313 0.381250 0.600000 0.416667 0.593750 0.400000 0.593750 0.435417 0.618750 0.420833 0.620313 0.431250 0.668750 0.437500 0.679688 0.518750 0.684375 0.483333 0.723437 0.479167 0.725000 0.389583 0.704688 0.393750 0.693750 0.362500 0.685937 0.372917
8 0.775000 0.250000 0.768750 0.254167 0.768750 0.268750 0.757812 0.268750 0.748437 0.250000 0.745313 0.264583 0.734375 0.268750 0.737500 0.281250 0.732812 0.285417 0.726562 0.275000 0.725000 0.291667 0.717187 0.300000 0.721875 0.312500 0.759375 0.287500 0.773438 0.266667
8 0.587500 0.445833 0.557813 0.333333 0.517188 0.422917 0.439063 0.245833 0.482812 0.220833 0.439063 0.210417 0.431250 0.002083 0.310937 0.027083 0.334375 0.154167 0.264062 0.166667 0.250000 0.239583 0.218750 0.202083 0.232813 0.268750 0.000000 0.100000 0.000000 0.362500 0.298438 0.433333 0.329688 0.495833 0.332813 0.327083 0.281250 0.314583 0.321875 0.304167 0.335938 0.495833
9 0.768750 0.558333 0.768750 0.585417 0.845313 0.589583 0.845313 0.583333 0.832812 0.579167 0.818750 0.560417
9 0.998437 0.550000 0.989062 0.589583 0.976562 0.608333 0.982812 0.633333 0.978125 0.643750 0.948438 0.643750 0.942187 0.600000 0.932813 0.608333 0.940625 0.620833 0.931250 0.625000 0.935937 0.633333 0.920312 0.639583 0.998437 0.662500 0.998437 0.633333 0.989062 0.643750 0.979688 0.620833 0.989062 0.610417 0.998437 0.622917
9 0.703125 0.552083 0.706250 0.558333 0.732812 0.570833 0.740625 0.570833 0.742188 0.575000 0.746875 0.575000 0.750000 0.579167 0.756250 0.581250 0.757812 0.577083 0.759375 0.556250 0.751563 0.550000
10 0.425000 0.020833 0.467187 0.164583 0.440625 0.210417 0.484375 0.220833 0.440625 0.245833 0.476562 0.258333 0.459375 0.343750 0.515625 0.420833 0.539062 0.320833 0.587500 0.383333 0.592187 0.293750 0.598437 0.414583 0.665625 0.310417 0.720313 0.387500 0.715625 0.300000 0.776563 0.214583 0.720313 0.106250 0.781250 0.252083 0.901563 0.175000 0.921875 0.079167 0.998437 0.114583 0.998437 0.000000
10 0.000000 0.000000 0.000000 0.097917 0.179688 0.241667 0.204687 0.225000 0.232813 0.252083 0.218750 0.200000 0.250000 0.237500 0.264062 0.164583 0.309375 0.200000 0.295312 0.150000 0.332813 0.154167 0.310937 0.056250 0.328125 0.052083 0.309375 0.027083 0.348438 0.027083 0.340625 0.000000
13 0.526563 0.479167 0.525000 0.483333 0.525000 0.487500 0.523438 0.489583 0.525000 0.493750 0.525000 0.497917 0.526563 0.500000 0.529687 0.497917 0.535937 0.497917 0.539062 0.502083 0.543750 0.502083 0.543750 0.483333 0.542188 0.479167 0.539062 0.477083 0.529687 0.477083
13 0.490625 0.468750 0.487500 0.479167 0.487500 0.485417 0.489063 0.487500 0.496875 0.487500 0.498437 0.489583 0.504687 0.489583 0.506250 0.491667 0.518750 0.491667 0.517188 0.479167 0.512500 0.479167 0.510938 0.477083 0.503125 0.479167 0.501563 0.477083 0.501563 0.468750 0.500000 0.466667 0.498437 0.468750
13 0.554688 0.485417 0.550000 0.525000 0.568750 0.531250 0.575000 0.545833 0.584375 0.539583 0.589063 0.558333 0.621875 0.552083 0.670312 0.572917 0.678125 0.493750 0.668750 0.439583 0.603125 0.433333 0.590625 0.441667 0.578125 0.468750 0.564063 0.468750
13 0.831250 0.375000 0.812500 0.435417 0.803125 0.543750 0.857812 0.604167 0.887500 0.610417 0.900000 0.595833 0.934375 0.625000 0.932813 0.604167 0.950000 0.595833 0.953125 0.504167 0.998437 0.497917 0.998437 0.366667 0.895312 0.358333