0 0.073438 0.997917 0.998437 0.997917 0.998437 0.747917 0.512500 0.487500 0.359375 0.508333 0.428125 0.558333
1 0.631250 0.531250 0.628125 0.554167 0.998437 0.745833 0.998437 0.631250 0.937500 0.637500 0.914062 0.610417 0.792188 0.597917 0.787500 0.575000 0.650000 0.539583 0.692187 0.529167
1 0.428125 0.547917 0.350000 0.525000 0.000000 0.681250 0.000000 0.997917 0.076563 0.995833
1 0.478125 0.489583 0.470313 0.483333 0.453125 0.497917 0.431250 0.504167 0.359375 0.495833 0.359375 0.506250 0.464062 0.510417 0.478125 0.495833
2 0.701562 0.325000 0.682813 0.343750 0.692187 0.370833 0.692187 0.393750 0.689063 0.395833 0.692187 0.404167 0.692187 0.418750 0.689063 0.427083 0.690625 0.435417 0.696875 0.433333
2 0.209375 0.264583 0.220312 0.268750 0.221875 0.272917 0.225000 0.272917 0.229687 0.277083 0.235937 0.277083 0.237500 0.279167 0.242188 0.279167 0.245312 0.277083 0.246875 0.270833 0.232813 0.268750 0.229687 0.264583 0.228125 0.247917 0.223438 0.245833 0.217188 0.245833 0.215625 0.247917 0.215625 0.258333 0.214062 0.262500
2 0.998437 0.122917 0.887500 0.185417 0.882812 0.135417 0.851562 0.135417 0.832812 0.218750 0.709375 0.318750 0.703125 0.425000 0.753125 0.387500 0.871875 0.397917 0.948438 0.429167 0.954688 0.456250 0.998437 0.456250
3 0.654687 0.483333 0.654687 0.493750 0.651563 0.504167 0.651563 0.525000 0.692187 0.527083 0.692187 0.520833 0.689063 0.514583 0.687500 0.516667 0.682813 0.510417 0.679688 0.502083 0.678125 0.487500 0.681250 0.485417
4 0.800000 0.489583 0.795312 0.591667 0.812500 0.591667 0.826562 0.579167 0.856250 0.585417 0.875000 0.600000 0.910937 0.600000 0.906250 0.566667 0.915625 0.500000
4 0.651563 0.481250 0.648438 0.481250 0.648438 0.487500 0.646875 0.489583 0.632812 0.489583 0.632812 0.527083 0.650000 0.527083 0.650000 0.504167 0.653125 0.493750 0.653125 0.483333
4 0.000000 0.364583 0.000000 0.679167 0.348438 0.537500 0.348438 0.447917
5 0.360938 0.343750 0.354687 0.527083 0.357812 0.527083
5 0.662500 0.187500 0.706250 0.252083 0.690625 0.552083 0.696875 0.558333 0.709375 0.254167
7 0.318750 0.341667 0.318750 0.350000 0.320312 0.352083 0.339062 0.352083 0.343750 0.356250 0.357812 0.356250 0.357812 0.343750
8 0.714063 0.420833 0.703125 0.427083 0.700000 0.533333 0.709375 0.539583 0.725000 0.539583 0.715625 0.527083 0.715625 0.493750 0.728125 0.420833
8 0.625000 0.337500 0.615625 0.377083 0.596875 0.385417 0.590625 0.416667 0.581250 0.416667 0.576562 0.397917 0.576562 0.439583 0.595313 0.439583 0.598437 0.404167 0.598437 0.439583 0.628125 0.447917 0.632812 0.487500 0.681250 0.483333 0.692187 0.518750 0.690625 0.404167 0.679688 0.402083 0.668750 0.372917 0.654687 0.372917 0.640625 0.331250 0.628125 0.345833
8 0.771875 0.252083 0.765625 0.250000 0.754687 0.268750 0.750000 0.268750 0.746875 0.262500 0.737500 0.270833 0.740625 0.279167 0.732812 0.283333 0.726562 0.279167 0.728125 0.275000 0.723437 0.272917 0.721875 0.264583 0.720313 0.277083 0.709375 0.281250 0.712500 0.289583 0.709375 0.295833 0.709375 0.316667 0.771875 0.258333
8 0.571875 0.439583 0.548438 0.341667 0.503125 0.420833 0.434375 0.272917 0.475000 0.247917 0.439063 0.237500 0.420312 0.000000 0.348438 0.008333 0.339062 0.185417 0.242188 0.281250 0.000000 0.093750 0.000000 0.362500 0.348438 0.445833 0.353125 0.493750 0.356250 0.358333 0.317188 0.341667 0.360938 0.341667 0.387500 0.500000
9 0.785937 0.591667 0.915625 0.610417 0.912500 0.602083 0.875000 0.602083 0.856250 0.587500 0.826562 0.581250 0.812500 0.593750 0.795312 0.593750 0.790625 0.581250
9 0.700000 0.535417 0.698438 0.541667 0.700000 0.560417 0.754687 0.564583 0.754687 0.556250 0.751563 0.552083 0.739062 0.550000 0.725000 0.541667 0.701562 0.539583
9 0.692187 0.550000 0.690625 0.545833 0.690625 0.535417 0.679688 0.535417 0.678125 0.539583 0.651563 0.539583 0.665625 0.547917 0.673438 0.547917 0.685937 0.556250 0.689063 0.556250 0.689063 0.552083
10 0.415625 0.010417 0.440625 0.237500 0.476562 0.247917 0.435937 0.272917 0.507812 0.420833 0.529687 0.327083 0.571875 0.391667 0.576562 0.308333 0.581250 0.414583 0.639062 0.329167 0.690625 0.393750 0.704688 0.252083 0.662500 0.185417 0.732812 0.281250 0.832812 0.216667 0.851562 0.133333 0.887500 0.183333 0.998437 0.120833 0.998437 0.000000
10 0.000000 0.091667 0.203125 0.260417 0.223438 0.243750 0.248438 0.268750 0.240625 0.237500 0.270313 0.264583 0.284375 0.204167 0.320312 0.227083 0.306250 0.183333 0.331250 0.195833 0.345313 0.158333 0.321875 0.077083 0.356250 0.068750 0.350000 0.004167 0.368750 0.022917 0.360938 0.000000 0.000000 0.000000
13 0.479687 0.472917 0.479687 0.485417 0.487500 0.485417 0.489063 0.487500 0.493750 0.487500 0.495312 0.485417 0.498437 0.489583 0.501563 0.489583 0.503125 0.491667 0.507812 0.491667 0.509375 0.489583 0.509375 0.483333 0.506250 0.477083 0.498437 0.477083 0.495312 0.479167 0.493750 0.477083 0.493750 0.468750 0.492188 0.466667 0.482812 0.466667
13 0.515625 0.479167 0.515625 0.495833 0.532813 0.497917 0.534375 0.516667 0.550000 0.533333 0.560937 0.529167 0.562500 0.543750 0.584375 0.535417 0.612500 0.539583 0.618750 0.554167 0.628125 0.547917 0.631250 0.466667 0.623437 0.445833 0.570312 0.441667 0.556250 0.468750 0.539062 0.479167 0.535937 0.493750 0.529687 0.477083
13 0.737500 0.400000 0.717187 0.493750 0.726562 0.541667 0.792188 0.575000 0.800000 0.487500 0.915625 0.497917 0.907813 0.589583 0.923438 0.627083 0.998437 0.629167 0.998437 0.458333 0.954688 0.458333 0.948438 0.431250 0.901563 0.404167