0 0.198437 0.508333 0.198437 0.533333 0.228125 0.539583 0.250000 0.539583 0.251563 0.543750 0.254688 0.543750 0.254688 0.512500
0 0.082812 0.997917 0.998437 0.997917 0.998437 0.731250 0.612500 0.579167 0.514062 0.487500 0.264062 0.512500 0.370312 0.620833
1 0.718750 0.572917 0.720313 0.593750 0.998437 0.729167 0.998437 0.635417 0.978125 0.616667 0.889062 0.618750 0.728125 0.560417
1 0.360938 0.583333 0.198437 0.535417 0.198437 0.593750 0.000000 0.685417 0.000000 0.997917 0.081250 0.997917 0.364063 0.631250
1 0.254688 0.497917 0.198437 0.500000 0.198437 0.506250 0.254688 0.510417
1 0.478125 0.487500 0.464062 0.483333 0.417187 0.508333 0.264062 0.497917 0.262500 0.510417 0.456250 0.516667
2 0.910937 0.514583 0.909375 0.514583 0.909375 0.527083 0.901563 0.533333 0.901563 0.537500 0.893750 0.545833 0.893750 0.550000 0.896875 0.550000 0.898438 0.556250 0.901563 0.558333 0.914062 0.556250 0.920312 0.550000 0.920312 0.545833 0.912500 0.539583 0.915625 0.535417 0.917188 0.525000 0.915625 0.518750 0.912500 0.518750
2 0.860938 0.175000 0.740625 0.291667 0.748437 0.302083 0.742188 0.475000 0.787500 0.481250 0.787500 0.410417 0.815625 0.381250 0.850000 0.375000
2 0.998437 0.000000 0.959375 0.029167 0.957812 0.110417 0.868750 0.172917 0.862500 0.375000 0.893750 0.375000 0.917188 0.402083 0.909375 0.485417 0.929688 0.481250 0.968750 0.318750 0.998437 0.297917
4 0.725000 0.477083 0.725000 0.531250 0.798438 0.535417 0.793750 0.512500 0.787500 0.502083 0.787500 0.483333 0.764062 0.477083
4 0.000000 0.364583 0.000000 0.683333 0.196875 0.593750 0.195312 0.416667
5 0.589063 0.275000 0.585938 0.454167 0.589063 0.450000 0.590625 0.385417
5 0.807813 0.000000 0.851562 0.041667 0.864062 0.087500 0.850000 0.606250 0.871875 0.091667 0.860938 0.039583
7 0.184375 0.235417 0.187500 0.252083 0.257812 0.258333 0.259375 0.239583 0.187500 0.231250
8 0.893750 0.377083 0.859375 0.379167 0.854688 0.568750 0.896875 0.558333 0.892188 0.545833 0.907813 0.527083 0.910937 0.489583 0.904687 0.477083 0.917188 0.416667 0.910937 0.391667
8 0.815625 0.383333 0.792188 0.406250 0.787500 0.420833 0.789062 0.502083 0.800000 0.529167 0.798438 0.541667 0.806250 0.558333 0.826562 0.568750 0.840625 0.568750 0.850000 0.377083
8 0.625000 0.356250 0.617188 0.356250 0.612500 0.364583 0.606250 0.404167 0.601562 0.393750 0.592187 0.404167 0.590625 0.387500 0.590625 0.445833 0.595313 0.431250 0.606250 0.416667 0.623437 0.408333
8 0.814063 0.204167 0.768750 0.243750 0.753125 0.222917 0.740625 0.258333 0.729688 0.252083 0.720313 0.308333 0.740625 0.316667 0.721875 0.372917 0.704688 0.366667 0.676562 0.283333 0.662500 0.308333 0.656250 0.295833 0.629687 0.356250 0.628125 0.404167 0.709375 0.414583 0.725000 0.475000 0.740625 0.475000 0.737500 0.295833
8 0.000000 0.116667 0.000000 0.362500 0.195312 0.414583 0.200000 0.481250 0.254688 0.493750 0.256250 0.260417 0.187500 0.229167 0.265625 0.239583 0.264062 0.495833 0.514062 0.485417 0.535937 0.385417 0.537500 0.491667 0.584375 0.454167 0.548438 0.320833 0.507812 0.416667 0.442188 0.327083 0.462500 0.233333 0.418750 0.212500 0.467187 0.177083 0.417187 0.168750 0.417187 0.000000 0.279687 0.000000 0.268750 0.158333 0.209375 0.108333 0.157812 0.216667
9 0.851562 0.606250 0.889062 0.616667 0.978125 0.614583 0.979688 0.608333 0.978125 0.595833 0.965625 0.589583 0.962500 0.572917 0.948438 0.570833 0.954688 0.568750 0.953125 0.562500 0.898438 0.558333 0.879687 0.568750 0.854688 0.570833
9 0.725000 0.533333 0.725000 0.558333 0.839063 0.600000 0.840625 0.570833 0.826562 0.570833 0.806250 0.560417 0.796875 0.539583
9 0.198437 0.487500 0.198437 0.497917 0.254688 0.495833 0.234375 0.493750 0.226562 0.487500 0.221875 0.487500 0.220312 0.483333 0.200000 0.483333
10 0.829688 0.000000 0.868750 0.056250 0.870313 0.164583 0.956250 0.110417 0.957812 0.029167 0.978125 0.000000
10 0.418750 0.000000 0.451562 0.131250 0.418750 0.168750 0.468750 0.177083 0.420312 0.214583 0.457813 0.214583 0.443750 0.327083 0.482812 0.333333 0.503125 0.414583 0.529687 0.308333 0.584375 0.377083 0.587500 0.272917 0.592187 0.402083 0.673438 0.281250 0.721875 0.370833 0.728125 0.252083 0.860938 0.172917 0.857812 0.060417 0.806250 0.000000
10 0.000000 0.000000 0.000000 0.114583 0.112500 0.210417 0.165625 0.197917 0.151562 0.143750 0.192188 0.193750 0.209375 0.106250 0.264062 0.160417 0.248438 0.091667 0.290625 0.104167 0.281250 0.018750 0.293750 0.020833 0.278125 0.000000
13 0.520312 0.470833 0.515625 0.479167 0.515625 0.495833 0.521875 0.495833 0.523438 0.491667 0.528125 0.491667 0.529687 0.495833 0.535937 0.497917 0.535937 0.472917 0.532813 0.470833
13 0.479687 0.462500 0.476562 0.481250 0.493750 0.483333 0.498437 0.487500 0.500000 0.485417 0.501563 0.487500 0.509375 0.487500 0.509375 0.479167 0.506250 0.472917 0.498437 0.472917 0.496875 0.477083 0.493750 0.479167 0.492188 0.477083 0.490625 0.462500
13 0.548438 0.493750 0.548438 0.525000 0.575000 0.529167 0.582812 0.554167 0.603125 0.547917 0.612500 0.577083 0.642188 0.560417 0.714063 0.589583 0.723437 0.562500 0.723437 0.460417 0.709375 0.416667 0.626563 0.406250 0.606250 0.418750 0.587500 0.456250 0.565625 0.458333
13 0.992188 0.300000 0.964063 0.333333 0.931250 0.481250 0.909375 0.487500 0.918750 0.554167 0.962500 0.564583 0.981250 0.620833 0.998437 0.633333