0 0.078125 0.997917 0.998437 0.997917 0.998437 0.747917 0.542188 0.497917 0.351562 0.508333 0.428125 0.562500
1 0.651563 0.535417 0.648438 0.562500 0.998437 0.745833 0.998437 0.635417 0.854688 0.618750 0.835938 0.583333 0.723437 0.572917 0.678125 0.550000 0.717187 0.535417
1 0.426563 0.556250 0.334375 0.529167 0.326562 0.556250 0.000000 0.681250 0.000000 0.997917 0.079687 0.995833
1 0.481250 0.491667 0.471875 0.487500 0.439063 0.504167 0.390625 0.504167 0.351562 0.495833 0.351562 0.506250 0.462500 0.514583 0.475000 0.506250
2 0.732812 0.306250 0.723437 0.316667 0.710938 0.320833 0.700000 0.341667 0.709375 0.358333 0.706250 0.427083 0.709375 0.445833 0.714063 0.435417 0.728125 0.422917
2 0.201563 0.256250 0.203125 0.258333 0.218750 0.258333 0.221875 0.262500 0.232813 0.266667 0.239063 0.272917 0.242188 0.268750 0.242188 0.264583 0.239063 0.260417 0.229687 0.260417 0.226562 0.256250 0.225000 0.237500 0.212500 0.237500 0.210938 0.256250 0.209375 0.258333 0.207813 0.256250
2 0.998437 0.122917 0.918750 0.166667 0.920312 0.114583 0.885938 0.116667 0.865625 0.202083 0.740625 0.300000 0.734375 0.418750 0.820312 0.377083 0.998437 0.410417
4 0.859375 0.495833 0.854688 0.612500 0.920312 0.602083 0.954688 0.622917 0.998437 0.627083 0.998437 0.508333
4 0.654687 0.493750 0.653125 0.529167 0.662500 0.529167 0.664062 0.533333 0.668750 0.527083 0.715625 0.533333 0.715625 0.520833 0.709375 0.502083 0.710938 0.489583 0.667188 0.483333 0.664062 0.493750
4 0.000000 0.362500 0.000000 0.672917 0.334375 0.545833 0.334375 0.443750
5 0.692187 0.156250 0.687500 0.164583 0.737500 0.222917 0.726562 0.570833 0.740625 0.222917
7 0.304688 0.335417 0.310937 0.335417 0.312500 0.339583 0.337500 0.339583 0.339062 0.341667 0.348438 0.341667 0.350000 0.339583 0.350000 0.329167 0.329688 0.329167 0.328125 0.327083 0.306250 0.325000 0.306250 0.331250
8 0.737500 0.416667 0.734375 0.420833 0.729688 0.545833 0.764062 0.550000 0.764062 0.541667 0.751563 0.533333 0.751563 0.504167 0.767188 0.416667
8 0.607812 0.385417 0.604688 0.385417 0.607812 0.393750 0.604688 0.402083 0.601562 0.404167 0.601562 0.410417 0.595313 0.416667 0.587500 0.412500 0.585938 0.397917 0.585938 0.435417 0.607812 0.435417
8 0.653125 0.322917 0.642188 0.343750 0.635938 0.335417 0.623437 0.379167 0.612500 0.379167 0.610938 0.435417 0.645312 0.443750 0.654687 0.491667 0.667188 0.481250 0.710938 0.487500 0.720313 0.535417 0.728125 0.425000 0.707812 0.445833 0.707812 0.393750 0.693750 0.400000 0.681250 0.368750 0.675000 0.379167
8 0.735938 0.266667 0.734375 0.266667 0.732812 0.277083 0.723437 0.279167 0.726562 0.285417 0.725000 0.291667 0.718750 0.293750 0.717187 0.287500 0.714063 0.285417 0.714063 0.297917 0.706250 0.306250 0.706250 0.310417 0.710938 0.314583 0.710938 0.318750 0.720313 0.316667 0.732812 0.304167
8 0.781250 0.252083 0.776563 0.254167 0.776563 0.258333 0.771875 0.264583 0.765625 0.264583 0.762500 0.258333 0.759375 0.258333 0.754687 0.264583 0.756250 0.272917 0.753125 0.277083 0.748437 0.279167 0.740625 0.277083 0.740625 0.297917 0.757812 0.279167 0.762500 0.277083 0.764062 0.272917 0.768750 0.272917 0.771875 0.266667 0.775000 0.266667 0.776563 0.262500 0.782813 0.258333 0.779687 0.254167
8 0.000000 0.100000 0.029687 0.358333 0.334375 0.441667 0.335938 0.493750 0.348438 0.343750 0.306250 0.322917 0.356250 0.331250 0.353125 0.495833 0.543750 0.495833 0.579688 0.443750 0.546875 0.333333 0.514062 0.422917 0.437500 0.260417 0.481250 0.235417 0.439063 0.222917 0.420312 0.000000 0.343750 0.000000 0.340625 0.172917 0.264062 0.254167 0.234375 0.220833 0.240625 0.275000
9 0.843750 0.587500 0.846875 0.612500 0.998437 0.633333 0.948438 0.622917 0.920312 0.604167 0.890625 0.604167 0.881250 0.616667 0.854688 0.614583 0.850000 0.585417
9 0.729688 0.547917 0.729688 0.570833 0.740625 0.570833 0.742188 0.575000 0.792188 0.575000 0.785937 0.566667 0.776563 0.566667 0.767188 0.552083 0.735938 0.552083
9 0.679688 0.547917 0.679688 0.550000 0.685937 0.550000 0.690625 0.554167 0.700000 0.556250 0.704688 0.560417 0.718750 0.566667 0.720313 0.562500 0.720313 0.545833 0.684375 0.545833
9 0.000000 0.325000 0.000000 0.360417 0.023438 0.362500 0.025000 0.366667 0.064062 0.375000 0.026562 0.358333 0.018750 0.347917 0.021875 0.341667 0.020313 0.331250 0.014063 0.333333 0.009375 0.327083
10 0.421875 0.000000 0.465625 0.185417 0.440625 0.222917 0.482812 0.235417 0.439063 0.264583 0.475000 0.268750 0.462500 0.341667 0.510938 0.420833 0.534375 0.325000 0.582812 0.383333 0.584375 0.302083 0.589063 0.412500 0.653125 0.320833 0.707812 0.391667 0.735938 0.222917 0.687500 0.156250 0.748437 0.277083 0.865625 0.200000 0.885938 0.114583 0.918750 0.164583 0.998437 0.120833 0.998437 0.000000
10 0.000000 0.000000 0.001563 0.100000 0.193750 0.252083 0.225000 0.235417 0.243750 0.260417 0.234375 0.218750 0.264062 0.252083 0.279687 0.189583 0.317188 0.214583 0.303125 0.168750 0.339062 0.172917 0.318750 0.056250 0.353125 0.052083 0.342187 0.000000
13 0.521875 0.479167 0.521875 0.481250 0.520312 0.483333 0.520312 0.487500 0.518750 0.489583 0.520312 0.491667 0.520312 0.495833 0.521875 0.497917 0.526563 0.497917 0.528125 0.495833 0.529687 0.495833 0.534375 0.500000 0.537500 0.500000 0.537500 0.497917 0.539062 0.495833 0.539062 0.487500 0.537500 0.485417 0.537500 0.479167 0.535937 0.477083 0.525000 0.477083 0.523438 0.479167
13 0.484375 0.475000 0.484375 0.485417 0.487500 0.487500 0.489063 0.485417 0.492188 0.487500 0.501563 0.487500 0.507812 0.491667 0.514062 0.491667 0.515625 0.489583 0.514062 0.487500 0.514062 0.479167 0.506250 0.472917 0.509375 0.470833 0.509375 0.468750 0.506250 0.468750 0.506250 0.477083 0.504687 0.479167 0.501563 0.479167 0.498437 0.475000 0.498437 0.468750 0.492188 0.468750 0.489063 0.466667 0.487500 0.472917
13 0.554688 0.456250 0.543750 0.520833 0.562500 0.539583 0.571875 0.533333 0.578125 0.552083 0.604688 0.543750 0.646875 0.560417 0.653125 0.485417 0.645312 0.445833 0.585938 0.437500 0.568750 0.468750 0.559375 0.468750
13 0.753125 0.533333 0.804688 0.587500 0.851562 0.589583 0.859375 0.493750 0.998437 0.506250 0.998437 0.412500 0.903125 0.385417 0.781250 0.389583 0.760938 0.445833