0 0.000000 0.612500 0.000000 0.997917 0.998437 0.997917 0.918750 0.714583 0.771875 0.635417 0.675000 0.652083 0.495312 0.493750 0.435937 0.483333 0.348438 0.585417
1 0.918750 0.710417 0.917188 0.633333 0.864062 0.618750 0.860938 0.637500 0.835938 0.641667 0.832812 0.650000 0.817187 0.639583 0.773438 0.635417
1 0.523438 0.504167 0.529687 0.512500 0.554688 0.525000 0.568750 0.529167 0.587500 0.529167 0.587500 0.520833 0.570312 0.518750 0.567187 0.514583 0.545312 0.508333 0.543750 0.504167 0.535937 0.504167 0.529687 0.500000 0.525000 0.500000
1 0.446875 0.493750 0.271875 0.552083 0.000000 0.560417 0.000000 0.610417 0.365625 0.579167
2 0.542188 0.414583 0.539062 0.420833 0.539062 0.429167 0.537500 0.431250 0.535937 0.462500 0.537500 0.464583 0.537500 0.477083 0.548438 0.477083 0.546875 0.470833 0.548438 0.450000 0.545312 0.443750 0.545312 0.425000 0.543750 0.422917 0.543750 0.414583
2 0.490625 0.406250 0.487500 0.414583 0.484375 0.416667 0.484375 0.437500 0.482812 0.443750 0.479687 0.445833 0.476562 0.454167 0.482812 0.462500 0.485938 0.462500 0.485938 0.452083 0.493750 0.439583 0.493750 0.420833 0.492188 0.418750 0.492188 0.410417
2 0.373437 0.375000 0.370312 0.375000 0.367188 0.379167 0.368750 0.391667 0.362500 0.400000 0.362500 0.404167 0.357812 0.408333 0.356250 0.416667 0.357812 0.422917 0.382812 0.422917 0.378125 0.418750 0.376563 0.412500 0.376563 0.391667 0.373437 0.387500
2 0.626563 0.302083 0.628125 0.320833 0.620313 0.322917 0.614062 0.360417 0.609375 0.372917 0.610938 0.381250 0.618750 0.381250 0.623437 0.368750 0.629687 0.368750 0.634375 0.362500 0.634375 0.343750 0.631250 0.339583 0.634375 0.322917
2 0.998437 0.050000 0.931250 0.129167 0.956250 0.137500 0.945312 0.385417 0.953125 0.410417 0.976562 0.395833 0.998437 0.404167
3 0.410938 0.500000 0.396875 0.495833 0.396875 0.472917 0.390625 0.479167 0.392188 0.487500 0.387500 0.500000 0.364063 0.504167 0.353125 0.518750 0.326562 0.533333 0.342187 0.533333 0.343750 0.529167 0.381250 0.518750
4 0.854688 0.483333 0.865625 0.520833 0.865625 0.616667 0.917188 0.631250 0.920312 0.597917 0.943750 0.525000 0.959375 0.497917 0.978125 0.483333
4 0.529687 0.479167 0.531250 0.491667 0.534375 0.493750 0.532813 0.497917 0.529687 0.497917 0.531250 0.500000 0.543750 0.502083 0.545312 0.506250 0.551562 0.506250 0.568750 0.514583 0.570312 0.506250 0.568750 0.479167
4 0.595313 0.477083 0.582812 0.477083 0.579688 0.487500 0.575000 0.489583 0.575000 0.516667 0.576562 0.516667 0.575000 0.508333 0.576562 0.500000 0.579688 0.495833 0.581250 0.497917 0.581250 0.518750 0.589063 0.516667 0.590625 0.508333 0.598437 0.497917 0.598437 0.479167
5 0.731250 0.214583 0.726562 0.235417 0.721875 0.412500 0.726562 0.408333
5 0.606250 0.175000 0.601562 0.495833 0.609375 0.483333
8 0.589063 0.306250 0.589063 0.343750 0.581250 0.354167 0.585938 0.383333 0.576562 0.400000 0.575000 0.487500 0.582812 0.475000 0.600000 0.479167 0.600000 0.495833 0.603125 0.333333 0.600000 0.322917 0.596875 0.327083 0.590625 0.320833
8 0.725000 0.262500 0.695312 0.270833 0.687500 0.254167 0.687500 0.272917 0.676562 0.264583 0.670312 0.300000 0.664062 0.291667 0.660937 0.304167 0.653125 0.293750 0.645312 0.302083 0.646875 0.325000 0.632812 0.331250 0.635938 0.362500 0.609375 0.381250 0.610938 0.481250 0.643750 0.435417 0.718750 0.412500
8 0.946875 0.083333 0.918750 0.129167 0.901563 0.100000 0.871875 0.135417 0.857812 0.118750 0.842187 0.156250 0.815625 0.133333 0.806250 0.160417 0.790625 0.122917 0.762500 0.177083 0.756250 0.143750 0.726562 0.412500 0.837500 0.431250 0.851562 0.481250 0.998437 0.468750 0.996875 0.404167 0.943750 0.402083 0.954688 0.137500 0.929688 0.129167
8 0.000000 0.000000 0.000000 0.558333 0.493750 0.491667 0.518750 0.368750 0.525000 0.497917 0.542188 0.412500 0.570312 0.481250 0.532813 0.297917 0.495312 0.302083 0.482812 0.464583 0.426563 0.270833 0.345313 0.295833 0.443750 0.237500 0.340625 0.175000 0.400000 0.014583
10 0.346875 0.295833 0.395313 0.306250 0.384375 0.422917 0.423438 0.268750 0.459375 0.402083 0.509375 0.281250 0.579688 0.391667 0.606250 0.172917 0.609375 0.370833 0.743750 0.235417 0.756250 0.141667 0.918750 0.127083 0.998437 0.000000 0.375000 0.000000 0.406250 0.037500 0.342187 0.175000 0.445312 0.237500
13 0.501563 0.472917 0.495312 0.491667 0.496875 0.493750 0.496875 0.502083 0.500000 0.502083 0.501563 0.506250 0.503125 0.502083 0.514062 0.502083 0.515625 0.506250 0.521875 0.506250 0.523438 0.502083 0.523438 0.483333 0.520312 0.475000 0.517188 0.472917
13 0.998437 0.470833 0.951562 0.510417 0.917188 0.639583 0.920312 0.741667 0.965625 0.800000 0.975000 0.868750 0.998437 0.925000
13 0.445312 0.479167 0.445312 0.483333 0.448437 0.487500 0.462500 0.487500 0.464062 0.491667 0.467187 0.487500 0.468750 0.491667 0.478125 0.491667 0.479687 0.495833 0.485938 0.495833 0.487500 0.491667 0.485938 0.479167 0.482812 0.477083 0.471875 0.477083 0.471875 0.481250 0.468750 0.483333 0.465625 0.464583 0.453125 0.464583 0.451562 0.477083 0.446875 0.483333
13 0.864062 0.520833 0.837500 0.433333 0.767188 0.410417 0.695312 0.414583 0.643750 0.437500 0.592187 0.508333 0.585938 0.566667 0.595313 0.591667 0.614062 0.581250 0.654687 0.606250 0.675000 0.650000 0.693750 0.652083 0.706250 0.625000 0.832812 0.647917 0.860938 0.635417