0 0.000000 0.866667 0.000000 0.997917 0.998437 0.997917 0.998437 0.879167 0.867188 0.852083 0.806250 0.660417 0.748437 0.622917 0.831250 0.570833 0.459375 0.485417 0.204687 0.743750
1 0.750000 0.602083 0.746875 0.612500 0.750000 0.622917 0.785937 0.645833 0.789062 0.652083 0.809375 0.660417 0.810937 0.629167 0.823438 0.602083 0.823438 0.593750 0.775000 0.593750
1 0.546875 0.504167 0.548438 0.516667 0.596875 0.543750 0.685937 0.558333 0.678125 0.547917 0.662500 0.550000 0.643750 0.539583 0.612500 0.535417
1 0.459375 0.497917 0.000000 0.639583 0.000000 0.864583 0.204687 0.741667
2 0.565625 0.406250 0.556250 0.462500 0.560937 0.475000 0.568750 0.481250 0.575000 0.475000 0.576562 0.452083 0.589063 0.443750 0.592187 0.437500 0.581250 0.437500 0.576562 0.450000 0.571875 0.435417 0.570312 0.412500 0.578125 0.410417
2 0.509375 0.404167 0.503125 0.406250 0.501563 0.429167 0.498437 0.437500 0.498437 0.443750 0.492188 0.447917 0.492188 0.454167 0.498437 0.462500 0.501563 0.460417 0.500000 0.456250 0.501563 0.454167 0.501563 0.445833 0.506250 0.443750 0.510938 0.437500 0.510938 0.412500 0.509375 0.410417
2 0.703125 0.302083 0.685937 0.302083 0.676562 0.297917 0.671875 0.300000 0.673438 0.350000 0.678125 0.354167 0.684375 0.350000 0.681250 0.337500 0.684375 0.329167 0.693750 0.335417 0.692187 0.320833 0.695312 0.314583 0.700000 0.314583
2 0.332813 0.283333 0.342187 0.300000 0.346875 0.327083 0.345313 0.408333 0.387500 0.412500 0.389062 0.383333 0.378125 0.383333 0.373437 0.364583 0.373437 0.287500
2 0.179688 0.279167 0.196875 0.327083 0.178125 0.329167 0.167187 0.356250 0.279687 0.393750 0.300000 0.439583 0.314063 0.439583 0.314063 0.395833 0.251563 0.372917 0.251563 0.354167 0.240625 0.341667 0.256250 0.302083 0.251563 0.270833 0.223438 0.275000 0.212500 0.291667
3 0.404687 0.504167 0.385937 0.497917 0.387500 0.460417 0.373437 0.456250 0.381250 0.481250 0.373437 0.472917 0.367188 0.504167 0.296875 0.516667 0.281250 0.537500 0.209375 0.579167 0.345313 0.537500
4 0.996875 0.497917 0.960938 0.497917 0.950000 0.483333 0.942187 0.497917 0.898438 0.497917 0.882812 0.487500 0.879687 0.543750 0.931250 0.527083
4 0.634375 0.479167 0.632812 0.481250 0.632812 0.533333 0.642188 0.535417 0.645312 0.533333 0.653125 0.495833 0.650000 0.487500 0.650000 0.481250 0.646875 0.479167
4 0.564063 0.483333 0.565625 0.506250 0.581250 0.506250 0.584375 0.512500 0.601562 0.514583 0.604688 0.512500 0.607812 0.516667 0.610938 0.514583 0.612500 0.502083 0.610938 0.487500 0.596875 0.483333 0.578125 0.485417 0.571875 0.483333 0.570312 0.479167 0.568750 0.483333
4 0.295312 0.512500 0.337500 0.510417 0.367188 0.502083 0.371875 0.491667 0.371875 0.472917 0.375000 0.470833 0.379688 0.481250 0.379688 0.466667 0.375000 0.466667 0.371875 0.456250 0.360938 0.462500 0.353125 0.456250 0.354687 0.452083 0.343750 0.447917 0.318750 0.447917 0.312500 0.441667 0.303125 0.445833 0.303125 0.464583 0.296875 0.472917
5 0.589063 0.279167 0.620313 0.320833 0.617188 0.533333 0.623437 0.325000 0.618750 0.310417
5 0.670312 0.070833 0.662500 0.547917 0.673438 0.141667 0.684375 0.177083
8 0.640625 0.243750 0.639062 0.306250 0.628125 0.310417 0.634375 0.356250 0.620313 0.393750 0.620313 0.529167 0.657813 0.543750 0.662500 0.289583 0.656250 0.264583 0.650000 0.287500
8 0.998437 0.000000 0.965625 0.004167 0.960938 0.070833 0.925000 0.045833 0.889062 0.087500 0.889062 0.137500 0.860938 0.145833 0.885938 0.216667 0.771875 0.187500 0.726562 0.281250 0.703125 0.268750 0.671875 0.347917 0.671875 0.545833 0.712500 0.456250 0.756250 0.556250 0.856250 0.558333 0.882812 0.485417 0.998437 0.497917
8 0.000000 0.000000 0.000000 0.637500 0.295312 0.516667 0.179688 0.277083 0.251563 0.268750 0.253125 0.372917 0.390625 0.502083 0.537500 0.470833 0.540625 0.356250 0.548438 0.502083 0.565625 0.404167 0.614062 0.495833 0.618750 0.364583 0.531250 0.260417 0.500000 0.464583 0.435937 0.231250 0.343750 0.408333 0.321875 0.020833 0.420312 0.000000
10 0.282813 0.004167 0.264062 0.025000 0.237500 0.025000 0.232813 0.031250 0.245312 0.054167 0.256250 0.058333 0.265625 0.047917 0.284375 0.058333 0.268750 0.102083 0.250000 0.102083 0.264062 0.131250 0.282813 0.116667 0.281250 0.104167 0.289062 0.100000 0.295312 0.068750 0.304688 0.054167 0.306250 0.020833 0.293750 0.020833
10 0.331250 0.279167 0.390625 0.381250 0.435937 0.229167 0.501563 0.414583 0.531250 0.258333 0.595313 0.397917 0.587500 0.279167 0.623437 0.368750 0.640625 0.241667 0.662500 0.287500 0.667188 0.068750 0.704688 0.300000 0.771875 0.185417 0.885938 0.214583 0.859375 0.145833 0.967187 0.000000 0.323437 0.020833
12 0.712500 0.458333 0.710938 0.468750 0.714063 0.479167 0.703125 0.500000 0.718750 0.525000 0.718750 0.541667 0.714063 0.550000 0.717187 0.554167 0.725000 0.554167 0.725000 0.518750 0.737500 0.491667 0.720313 0.460417
13 0.998437 0.500000 0.839063 0.566667 0.814063 0.622917 0.807813 0.722917 0.831250 0.754167 0.850000 0.825000 0.895312 0.870833 0.948438 0.877083 0.967187 0.856250 0.998437 0.877083
13 0.521875 0.472917 0.517188 0.479167 0.514062 0.491667 0.515625 0.508333 0.518750 0.506250 0.521875 0.510417 0.523438 0.506250 0.534375 0.506250 0.537500 0.510417 0.545312 0.512500 0.546875 0.493750 0.543750 0.477083 0.539062 0.472917
13 0.457813 0.483333 0.462500 0.487500 0.471875 0.487500 0.475000 0.491667 0.481250 0.491667 0.482812 0.495833 0.501563 0.495833 0.500000 0.479167 0.498437 0.477083 0.482812 0.479167 0.479687 0.464583 0.471875 0.464583 0.470313 0.466667 0.467187 0.464583 0.464062 0.468750 0.464062 0.475000
18 0.726562 0.518750 0.725000 0.541667 0.726562 0.543750 0.726562 0.554167 0.729688 0.556250 0.729688 0.560417 0.737500 0.566667 0.746875 0.566667 0.754687 0.560417 0.754687 0.535417 0.751563 0.533333 0.750000 0.525000 0.734375 0.525000 0.731250 0.518750
18 0.703125 0.502083 0.701562 0.504167 0.701562 0.518750 0.695312 0.520833 0.693750 0.525000 0.689063 0.525000 0.682813 0.535417 0.682813 0.547917 0.685937 0.552083 0.685937 0.556250 0.695312 0.562500 0.707812 0.558333 0.709375 0.552083 0.717187 0.541667 0.715625 0.518750 0.709375 0.514583