0 0.000000 0.783333 0.000000 0.997917 0.998437 0.997917 0.996875 0.875000 0.735938 0.731250 0.698438 0.597917 0.725000 0.564583 0.454688 0.485417 0.259375 0.685417
1 0.539062 0.508333 0.540625 0.516667 0.601562 0.547917 0.707812 0.562500 0.701562 0.552083 0.639062 0.545833 0.625000 0.535417 0.601562 0.535417 0.543750 0.504167
1 0.454688 0.497917 0.000000 0.620833 0.000000 0.781250 0.259375 0.683333
2 0.557813 0.410417 0.550000 0.464583 0.553125 0.468750 0.554688 0.481250 0.557813 0.483333 0.571875 0.481250 0.568750 0.477083 0.571875 0.445833 0.576562 0.431250 0.575000 0.414583
2 0.501563 0.406250 0.498437 0.408333 0.496875 0.433333 0.492188 0.437500 0.487500 0.452083 0.487500 0.456250 0.492188 0.464583 0.496875 0.462500 0.498437 0.447917 0.504687 0.443750 0.506250 0.439583 0.504687 0.435417 0.504687 0.410417 0.503125 0.410417
2 0.209375 0.350000 0.204687 0.364583 0.218750 0.383333 0.303125 0.404167 0.315625 0.433333 0.317188 0.400000 0.296875 0.385417 0.250000 0.377083 0.262500 0.347917 0.262500 0.327083 0.240625 0.329167 0.223438 0.347917
2 0.682813 0.310417 0.670312 0.310417 0.656250 0.306250 0.654687 0.320833 0.656250 0.364583 0.660937 0.360417 0.665625 0.362500 0.667188 0.339583 0.675000 0.345833 0.675000 0.331250 0.684375 0.312500
2 0.335938 0.289583 0.346875 0.302083 0.343750 0.318750 0.353125 0.337500 0.346875 0.408333 0.387500 0.412500 0.384375 0.385417 0.371875 0.381250 0.371875 0.291667
3 0.387500 0.460417 0.376563 0.458333 0.371875 0.504167 0.312500 0.512500 0.300000 0.531250 0.260937 0.558333 0.256250 0.552083 0.237500 0.558333 0.232813 0.568750 0.400000 0.510417 0.387500 0.497917
4 0.550000 0.483333 0.550000 0.506250 0.570312 0.516667 0.578125 0.516667 0.585938 0.520833 0.595313 0.516667 0.596875 0.493750 0.593750 0.487500
4 0.620313 0.481250 0.620313 0.522917 0.623437 0.529167 0.631250 0.529167 0.631250 0.520833 0.634375 0.516667 0.634375 0.485417 0.626563 0.481250
4 0.318750 0.456250 0.318750 0.468750 0.315625 0.470833 0.312500 0.487500 0.314063 0.506250 0.317188 0.510417 0.359375 0.506250 0.360938 0.502083 0.373437 0.500000 0.373437 0.479167 0.378125 0.470833 0.375000 0.460417 0.367188 0.460417 0.340625 0.447917 0.328125 0.447917
5 0.578125 0.291667 0.607812 0.331250 0.600000 0.520833 0.606250 0.533333 0.610938 0.337500 0.606250 0.322917
5 0.654687 0.100000 0.642188 0.535417 0.653125 0.545833 0.656250 0.166667 0.676562 0.245833
5 0.951562 0.029167 0.937500 0.037500 0.914062 0.406250 0.928125 0.397917
8 0.628125 0.258333 0.625000 0.318750 0.615625 0.320833 0.620313 0.360417 0.609375 0.377083 0.607812 0.533333 0.642188 0.543750 0.646875 0.322917 0.642188 0.283333 0.637500 0.291667 0.631250 0.285417
8 0.998437 0.000000 0.914062 0.002083 0.823438 0.237500 0.748437 0.208333 0.706250 0.295833 0.681250 0.268750 0.654687 0.543750 0.700000 0.550000 0.729688 0.462500 0.751563 0.533333 0.912500 0.406250 0.948438 0.027083 0.929688 0.393750 0.998437 0.352083
8 0.000000 0.000000 0.000000 0.618750 0.260937 0.556250 0.315625 0.441667 0.529687 0.472917 0.534375 0.356250 0.540625 0.502083 0.571875 0.410417 0.598437 0.529167 0.606250 0.375000 0.578125 0.408333 0.525000 0.266667 0.495312 0.466667 0.431250 0.239583 0.389062 0.412500 0.345313 0.408333 0.328125 0.093750 0.415625 0.102083 0.428125 0.000000
10 0.335938 0.287500 0.385937 0.402083 0.431250 0.237500 0.496875 0.414583 0.525000 0.264583 0.587500 0.393750 0.576562 0.291667 0.610938 0.375000 0.628125 0.256250 0.646875 0.300000 0.648438 0.100000 0.682813 0.308333 0.748437 0.206250 0.823438 0.235417 0.914062 0.000000 0.429688 0.000000 0.415625 0.104167 0.329688 0.093750
12 0.729688 0.464583 0.726562 0.466667 0.726562 0.477083 0.729688 0.479167 0.729688 0.491667 0.726562 0.493750 0.726562 0.497917 0.721875 0.502083 0.720313 0.508333 0.726562 0.518750 0.726562 0.527083 0.732812 0.535417 0.739062 0.529167 0.740625 0.522917 0.739062 0.514583 0.751563 0.502083 0.751563 0.493750 0.737500 0.475000 0.735938 0.468750
13 0.507812 0.483333 0.507812 0.506250 0.509375 0.508333 0.515625 0.510417 0.518750 0.506250 0.526563 0.506250 0.529687 0.512500 0.532813 0.510417 0.537500 0.514583 0.539062 0.493750 0.535937 0.477083 0.532813 0.475000 0.515625 0.475000
13 0.454688 0.483333 0.459375 0.491667 0.467187 0.487500 0.468750 0.491667 0.476562 0.489583 0.478125 0.495833 0.496875 0.497917 0.495312 0.479167 0.484375 0.477083 0.479687 0.479167 0.478125 0.483333 0.473438 0.466667 0.460938 0.466667 0.459375 0.475000
13 0.996875 0.354167 0.734375 0.547917 0.715625 0.654167 0.751563 0.745833 0.798438 0.731250 0.998437 0.877083
18 0.746875 0.525000 0.742188 0.520833 0.740625 0.529167 0.731250 0.537500 0.725000 0.527083 0.723437 0.514583 0.718750 0.508333 0.717187 0.522917 0.706250 0.529167 0.701562 0.541667 0.701562 0.550000 0.709375 0.562500 0.723437 0.562500 0.734375 0.545833 0.750000 0.535417