0 0.000000 0.583333 0.000000 0.997917 0.998437 0.997917 0.998437 0.810417 0.795312 0.754167 0.754687 0.602083 0.643750 0.614583 0.448437 0.485417 0.395313 0.566667
1 0.534375 0.504167 0.537500 0.510417 0.546875 0.516667 0.551562 0.516667 0.567187 0.525000 0.582812 0.527083 0.582812 0.516667 0.578125 0.518750 0.576562 0.514583 0.560937 0.508333 0.554688 0.508333 0.553125 0.504167 0.537500 0.500000
1 0.462500 0.493750 0.329688 0.541667 0.000000 0.547917 0.000000 0.581250 0.395313 0.564583
2 0.553125 0.416667 0.548438 0.431250 0.546875 0.454167 0.545312 0.456250 0.548438 0.481250 0.553125 0.481250 0.556250 0.477083 0.557813 0.470833 0.556250 0.466667 0.567187 0.447917 0.562500 0.422917 0.560937 0.425000 0.559375 0.420833 0.554688 0.420833
2 0.504687 0.410417 0.500000 0.412500 0.496875 0.437500 0.493750 0.441667 0.490625 0.441667 0.489063 0.437500 0.485938 0.445833 0.482812 0.445833 0.481250 0.441667 0.478125 0.445833 0.478125 0.452083 0.485938 0.452083 0.487500 0.456250 0.496875 0.464583 0.498437 0.450000 0.506250 0.441667
2 0.631250 0.316667 0.631250 0.325000 0.625000 0.339583 0.617188 0.387500 0.623437 0.385417 0.625000 0.372917 0.634375 0.381250 0.632812 0.368750 0.637500 0.362500 0.639062 0.339583 0.646875 0.333333 0.635938 0.331250
2 0.998437 0.056250 0.921875 0.122917 0.890625 0.162500 0.892188 0.177083 0.910937 0.172917 0.915625 0.183333 0.912500 0.300000 0.943750 0.256250 0.998437 0.212500
3 0.417187 0.468750 0.412500 0.468750 0.410938 0.497917 0.401562 0.504167 0.389062 0.504167 0.379688 0.520833 0.370312 0.520833 0.365625 0.529167 0.403125 0.516667 0.412500 0.506250 0.423438 0.506250 0.425000 0.502083 0.417187 0.495833
4 0.545312 0.485417 0.546875 0.487500 0.546875 0.495833 0.545312 0.497917 0.546875 0.502083 0.553125 0.502083 0.554688 0.506250 0.560937 0.506250 0.567187 0.510417 0.576562 0.512500 0.576562 0.483333 0.564063 0.483333 0.562500 0.479167 0.554688 0.479167 0.553125 0.483333 0.546875 0.483333
5 0.714063 0.250000 0.709375 0.252083 0.703125 0.431250 0.707812 0.431250
5 0.612500 0.197917 0.607812 0.197917 0.606250 0.218750 0.607812 0.470833 0.612500 0.464583
8 0.595313 0.320833 0.592187 0.362500 0.585938 0.350000 0.592187 0.385417 0.584375 0.397917 0.582812 0.487500 0.589063 0.475000 0.606250 0.472917 0.606250 0.333333 0.600000 0.335417
8 0.704688 0.275000 0.695312 0.279167 0.687500 0.268750 0.687500 0.287500 0.678125 0.279167 0.671875 0.308333 0.667188 0.302083 0.662500 0.316667 0.653125 0.306250 0.654687 0.331250 0.640625 0.339583 0.635938 0.381250 0.625000 0.375000 0.621875 0.389583 0.612500 0.383333 0.614062 0.462500 0.639062 0.435417 0.701562 0.431250
8 0.898438 0.114583 0.865625 0.150000 0.851562 0.139583 0.837500 0.170833 0.810937 0.150000 0.804688 0.177083 0.779687 0.187500 0.771875 0.162500 0.756250 0.208333 0.740625 0.181250 0.714063 0.281250 0.709375 0.431250 0.770312 0.445833 0.782813 0.485417 0.820312 0.439583 0.821875 0.395833 0.853125 0.387500 0.910937 0.304167 0.914062 0.183333 0.889062 0.175000 0.909375 0.143750
8 0.000000 0.000000 0.000000 0.539583 0.506250 0.491667 0.531250 0.360417 0.535937 0.497917 0.553125 0.414583 0.578125 0.481250 0.543750 0.302083 0.507812 0.306250 0.496875 0.466667 0.459375 0.247917 0.379688 0.218750 0.426563 0.081250 0.365625 0.060417 0.415625 0.000000
10 0.570312 0.350000 0.568750 0.352083 0.568750 0.358333 0.571875 0.362500 0.571875 0.377083 0.573438 0.379167 0.573438 0.395833 0.571875 0.397917 0.571875 0.402083 0.573438 0.402083 0.576562 0.397917 0.579688 0.397917 0.579688 0.368750 0.581250 0.366667
10 0.435937 0.287500 0.429688 0.285417 0.420312 0.289583 0.414062 0.285417 0.412500 0.295833 0.396875 0.295833 0.393750 0.306250 0.381250 0.300000 0.382812 0.320833 0.387500 0.320833 0.390625 0.331250 0.412500 0.329167 0.417187 0.325000 0.420312 0.308333 0.425000 0.300000 0.431250 0.297917 0.432812 0.304167
10 0.373437 0.189583 0.460938 0.247917 0.492188 0.418750 0.520312 0.287500 0.587500 0.393750 0.612500 0.195833 0.615625 0.387500 0.740625 0.179167 0.910937 0.143750 0.998437 0.000000 0.417187 0.000000 0.367188 0.060417 0.428125 0.081250
13 0.514062 0.475000 0.507812 0.485417 0.507812 0.502083 0.510938 0.502083 0.512500 0.506250 0.514062 0.506250 0.515625 0.502083 0.525000 0.502083 0.526563 0.506250 0.532813 0.506250 0.534375 0.502083 0.534375 0.487500 0.532813 0.485417 0.532813 0.479167 0.531250 0.479167 0.529687 0.475000
13 0.459375 0.483333 0.462500 0.487500 0.465625 0.487500 0.467187 0.491667 0.468750 0.487500 0.471875 0.487500 0.473438 0.491667 0.478125 0.491667 0.481250 0.487500 0.484375 0.495833 0.487500 0.495833 0.489063 0.491667 0.490625 0.495833 0.498437 0.495833 0.496875 0.479167 0.484375 0.479167 0.482812 0.483333 0.478125 0.466667 0.464062 0.468750 0.464062 0.477083
13 0.998437 0.214583 0.828125 0.389583 0.782813 0.487500 0.770312 0.447917 0.634375 0.439583 0.584375 0.514583 0.585938 0.570833 0.643750 0.612500 0.754687 0.600000 0.795312 0.752083 0.887500 0.743750 0.998437 0.808333