0 0.998437 0.727083 0.800000 0.606250 0.860938 0.489583 0.467187 0.539583 0.315625 0.495833 0.001563 0.791667 0.000000 0.997917 0.998437 0.997917
1 0.321875 0.504167 0.217188 0.539583 0.209375 0.564583 0.000000 0.677083 0.000000 0.793750
1 0.998437 0.725000 0.998437 0.543750 0.962500 0.508333 0.962500 0.452083 0.581250 0.518750 0.478125 0.502083 0.481250 0.529167 0.860938 0.487500 0.798438 0.560417 0.801562 0.606250
2 0.000000 0.400000 0.000000 0.491667 0.087500 0.487500 0.090625 0.450000 0.087500 0.427083
2 0.475000 0.375000 0.462500 0.366667 0.451562 0.375000 0.437500 0.377083 0.434375 0.443750 0.437500 0.450000 0.450000 0.429167 0.453125 0.414583 0.459375 0.414583 0.471875 0.429167 0.473438 0.406250 0.487500 0.391667
2 0.117188 0.270833 0.131250 0.318750 0.128125 0.345833 0.139063 0.354167 0.129688 0.375000 0.140625 0.404167 0.140625 0.429167 0.207813 0.418750 0.207813 0.397917 0.195312 0.393750 0.178125 0.272917
3 0.215625 0.539583 0.206250 0.529167 0.189062 0.556250 0.170313 0.552083 0.162500 0.487500 0.110937 0.487500 0.121875 0.570833 0.000000 0.622917 0.000000 0.675000 0.209375 0.562500
4 0.145313 0.497917 0.132812 0.500000 0.132812 0.539583 0.135937 0.545833 0.135937 0.554167 0.137500 0.556250 0.135937 0.558333 0.148438 0.547917 0.148438 0.514583
4 0.112500 0.500000 0.079687 0.489583 0.000000 0.493750 0.000000 0.620833 0.117188 0.575000 0.120313 0.552083
4 0.998437 0.347917 0.971875 0.360417 0.964063 0.356250 0.960938 0.379167 0.964063 0.508333 0.998437 0.541667
5 0.506250 0.360417 0.510938 0.506250 0.514062 0.508333 0.514062 0.460417
5 0.451562 0.187500 0.451562 0.193750 0.478125 0.212500 0.498437 0.239583 0.500000 0.289583 0.504687 0.308333 0.501563 0.250000 0.496875 0.229167 0.460938 0.191667
5 0.540625 0.000000 0.581250 0.516667 0.584375 0.427083
8 0.998437 0.000000 0.743750 0.000000 0.732812 0.047917 0.660937 0.041667 0.568750 0.229167 0.590625 0.512500 0.946875 0.441667 0.948438 0.347917 0.962500 0.435417 0.962500 0.356250 0.998437 0.345833
8 0.000000 0.000000 0.000000 0.397917 0.189062 0.554167 0.387500 0.472917 0.404687 0.310417 0.428125 0.487500 0.465625 0.362500 0.476562 0.497917 0.575000 0.514583 0.514062 0.122917 0.504687 0.310417 0.365625 0.250000 0.379688 0.433333 0.293750 0.397917 0.251563 0.185417 0.210938 0.416667 0.140625 0.431250 0.075000 0.039583
9 0.962500 0.437500 0.732812 0.489583 0.957812 0.452083
10 0.568750 0.227083 0.584375 0.227083 0.595313 0.193750 0.590625 0.102083 0.620313 0.162500 0.621875 0.093750 0.643750 0.116667 0.657813 0.043750 0.675000 0.062500 0.687500 0.039583 0.732812 0.045833 0.742188 0.000000 0.565625 0.000000 0.568750 0.033333 0.548438 0.000000
10 0.062500 0.000000 0.098437 0.258333 0.179688 0.272917 0.198437 0.397917 0.246875 0.183333 0.295312 0.397917 0.321875 0.360417 0.371875 0.408333 0.382812 0.218750 0.464062 0.337500 0.498437 0.250000 0.450000 0.187500 0.506250 0.297917 0.514062 0.120833 0.551562 0.175000 0.539062 0.000000
12 0.459375 0.416667 0.451562 0.418750 0.451562 0.429167 0.437500 0.452083 0.434375 0.464583 0.446875 0.468750 0.443750 0.493750 0.445312 0.529167 0.451562 0.525000 0.451562 0.483333 0.465625 0.477083 0.473438 0.458333 0.473438 0.437500
13 0.332813 0.470833 0.331250 0.477083 0.331250 0.495833 0.332813 0.497917 0.340625 0.493750 0.354687 0.497917 0.376563 0.495833 0.376563 0.487500 0.371875 0.475000 0.359375 0.475000 0.354687 0.479167 0.350000 0.466667 0.335938 0.466667
13 0.418750 0.460417 0.412500 0.458333 0.410938 0.460417 0.396875 0.460417 0.390625 0.466667 0.387500 0.483333 0.389062 0.506250 0.396875 0.506250 0.398438 0.502083 0.403125 0.500000 0.426563 0.502083 0.426563 0.479167
18 0.462500 0.479167 0.460938 0.483333 0.453125 0.483333 0.451562 0.516667 0.456250 0.533333 0.460938 0.537500 0.467187 0.537500 0.473438 0.527083 0.473438 0.520833 0.476562 0.516667 0.476562 0.500000 0.473438 0.483333 0.465625 0.483333
18 0.443750 0.466667 0.434375 0.468750 0.432812 0.472917 0.432812 0.500000 0.429688 0.508333 0.429688 0.531250 0.431250 0.535417 0.437500 0.535417 0.442188 0.529167 0.443750 0.520833 0.443750 0.500000 0.442188 0.497917 0.443750 0.475000 0.445312 0.472917