0 0.732812 0.993750 0.450000 0.466667 0.000000 0.770833 0.000000 0.997917
2 0.907813 0.000000 0.742188 0.000000 0.725000 0.066667 0.750000 0.077083 0.750000 0.147917 0.698438 0.216667 0.646875 0.200000 0.651563 0.252083 0.709375 0.212500 0.812500 0.075000
3 0.920312 0.006250 0.806250 0.083333 0.709375 0.214583 0.503125 0.406250 0.503125 0.433333 0.610938 0.412500 0.623437 0.377083 0.645312 0.404167 0.707812 0.379167 0.714063 0.350000 0.773438 0.360417 0.931250 0.308333
4 0.404687 0.458333 0.359375 0.456250 0.353125 0.468750 0.296875 0.464583 0.296875 0.516667 0.301563 0.525000 0.314063 0.522917 0.315625 0.506250 0.329688 0.510417 0.337500 0.489583 0.353125 0.477083 0.359375 0.500000 0.376563 0.487500 0.403125 0.481250
4 0.998437 0.779167 0.998437 0.291667 0.773438 0.362500 0.714063 0.352083 0.634375 0.410417 0.623437 0.379167 0.610938 0.414583 0.496875 0.441667 0.501563 0.487500 0.935937 0.772917
5 0.270313 0.358333 0.276562 0.535417 0.281250 0.545833 0.278125 0.420833
5 0.320312 0.141667 0.264062 0.191667 0.260937 0.225000 0.267188 0.308333 0.267188 0.195833 0.282813 0.175000 0.315625 0.154167
8 0.353125 0.479167 0.345313 0.489583 0.339062 0.489583 0.334375 0.506250 0.329688 0.512500 0.326562 0.510417 0.320312 0.512500 0.315625 0.508333 0.315625 0.518750 0.334375 0.518750 0.345313 0.514583 0.356250 0.506250 0.357812 0.497917 0.354687 0.491667
8 0.998437 0.000000 0.957812 0.000000 0.945312 0.016667 0.934375 0.004167 0.921875 0.010417 0.943750 0.310417 0.998437 0.289583
8 0.000000 0.672917 0.276562 0.543750 0.270313 0.356250 0.284375 0.541667 0.296875 0.462500 0.495312 0.483333 0.653125 0.243750 0.601562 0.000000 0.578125 0.172917 0.510938 0.122917 0.435937 0.247917 0.450000 0.404167 0.334375 0.160417 0.268750 0.195833 0.265625 0.308333 0.357812 0.000000 0.000000 0.000000
9 0.482812 0.485417 0.734375 0.997917 0.998437 0.997917 0.998437 0.781250 0.935937 0.775000 0.798438 0.662500
9 0.435937 0.468750 0.206250 0.593750 0.000000 0.675000 0.000000 0.768750
10 0.603125 0.000000 0.614062 0.058333 0.631250 0.072917 0.626563 0.104167 0.639062 0.114583 0.632812 0.133333 0.651563 0.166667 0.646875 0.197917 0.698438 0.214583 0.748437 0.147917 0.748437 0.077083 0.723437 0.066667 0.740625 0.000000
10 0.595313 0.000000 0.359375 0.000000 0.362500 0.043750 0.323437 0.095833 0.298438 0.081250 0.300000 0.154167 0.321875 0.141667 0.306250 0.164583 0.320312 0.189583 0.335938 0.160417 0.334375 0.222917 0.353125 0.235417 0.368750 0.208333 0.381250 0.252083 0.396875 0.239583 0.414062 0.360417 0.450000 0.402083 0.456250 0.364583 0.426563 0.322917 0.434375 0.247917 0.510938 0.120833 0.576562 0.172917
13 0.471875 0.475000 0.470313 0.450000 0.467187 0.447917 0.456250 0.447917 0.451562 0.454167 0.431250 0.456250 0.435937 0.466667 0.450000 0.464583 0.453125 0.477083 0.457813 0.475000