0 0.998437 0.852083 0.820312 0.716667 0.826562 0.666667 0.510938 0.479167 0.031250 0.879167 0.000000 0.997917 0.998437 0.997917
1 0.787500 0.643750 0.826562 0.664583 0.834375 0.672917 0.870313 0.672917 0.887500 0.664583 0.879687 0.654167 0.860938 0.645833
1 0.570312 0.514583 0.581250 0.527083 0.595313 0.529167 0.607812 0.539583 0.621875 0.543750 0.639062 0.560417 0.662500 0.570833 0.662500 0.566667 0.646875 0.554167 0.645312 0.531250 0.584375 0.522917
1 0.446875 0.504167 0.446875 0.508333 0.454688 0.516667 0.465625 0.516667 0.471875 0.508333 0.475000 0.506250 0.478125 0.506250 0.478125 0.504167 0.471875 0.504167 0.470313 0.502083 0.464062 0.502083 0.462500 0.500000 0.453125 0.500000
2 0.998437 0.047917 0.882812 0.147917 0.856250 0.212500 0.823438 0.241667 0.832812 0.266667 0.803125 0.325000 0.859375 0.375000 0.876563 0.433333 0.960938 0.487500 0.998437 0.487500
3 0.670312 0.481250 0.654687 0.479167 0.651563 0.483333 0.651563 0.522917 0.648438 0.531250 0.650000 0.547917 0.653125 0.547917 0.657813 0.541667 0.660937 0.525000 0.664062 0.522917 0.670312 0.504167 0.673438 0.502083 0.673438 0.487500
4 0.901563 0.481250 0.890625 0.681250 0.929688 0.685417 0.998437 0.720833 0.998437 0.489583 0.960938 0.489583 0.948438 0.475000 0.934375 0.485417
4 0.154688 0.395833 0.157812 0.464583 0.190625 0.487500 0.171875 0.606250 0.325000 0.527083 0.459375 0.497917 0.460938 0.458333 0.446875 0.441667 0.317188 0.404167 0.306250 0.375000 0.289062 0.389583 0.171875 0.356250
8 0.000000 0.000000 0.000000 0.737500 0.200000 0.637500 0.171875 0.354167 0.464062 0.495833 0.670312 0.479167 0.671875 0.589583 0.889062 0.641667 0.935937 0.464583 0.801562 0.339583 0.846875 0.000000 0.601562 0.000000 0.517188 0.420833 0.443750 0.079167 0.403125 0.243750 0.295312 0.004167
9 0.818750 0.689583 0.820312 0.714583 0.998437 0.850000 0.996875 0.718750 0.929688 0.687500 0.892188 0.685417 0.885938 0.666667 0.835938 0.675000
9 0.742188 0.622917 0.784375 0.641667 0.860938 0.643750 0.887500 0.660417 0.884375 0.641667 0.828125 0.627083
9 0.459375 0.518750 0.320312 0.531250 0.215625 0.585417 0.196875 0.643750 0.137500 0.687500 0.000000 0.739583 0.000000 0.912500
10 0.871875 0.170833 0.856250 0.179167 0.843750 0.181250 0.843750 0.187500 0.839063 0.193750 0.837500 0.204167 0.834375 0.208333 0.832812 0.231250 0.848437 0.220833 0.854688 0.212500 0.859375 0.197917 0.864062 0.193750
10 0.856250 0.164583 0.873437 0.166667 0.889062 0.137500 0.998437 0.045833 0.998437 0.000000 0.848437 0.000000 0.857812 0.027083 0.851562 0.083333 0.862500 0.093750
10 0.284375 0.000000 0.314063 0.035417 0.301563 0.125000 0.367188 0.131250 0.403125 0.241667 0.445312 0.079167 0.454688 0.147917 0.471875 0.135417 0.492188 0.181250 0.517188 0.418750 0.564063 0.314583 0.532813 0.306250 0.520312 0.229167 0.600000 0.000000
13 0.531250 0.475000 0.528125 0.489583 0.531250 0.508333 0.537500 0.506250 0.551562 0.506250 0.557813 0.510417 0.564063 0.508333 0.564063 0.479167 0.560937 0.468750 0.539062 0.466667 0.535937 0.472917