0 0.821875 0.997917 0.471875 0.479167 0.000000 0.675000 0.000000 0.997917
2 0.698438 0.289583 0.690625 0.291667 0.670312 0.331250 0.650000 0.354167 0.648438 0.377083 0.639062 0.395833 0.639062 0.404167 0.679688 0.385417 0.687500 0.362500 0.681250 0.358333 0.681250 0.335417 0.696875 0.318750
2 0.850000 0.314583 0.862500 0.316667 0.870313 0.310417 0.932813 0.293750 0.932813 0.289583 0.901563 0.279167 0.873437 0.256250 0.875000 0.277083
3 0.998437 0.266667 0.579688 0.427083 0.570312 0.477083 0.765625 0.502083 0.832812 0.481250 0.840625 0.506250 0.998437 0.522917
4 0.557813 0.479167 0.553125 0.547917 0.998437 0.912500 0.996875 0.522917 0.840625 0.508333 0.832812 0.483333 0.765625 0.504167
4 0.335938 0.427083 0.337500 0.485417 0.348438 0.487500 0.365625 0.481250 0.407813 0.483333 0.409375 0.445833 0.403125 0.441667 0.384375 0.443750 0.376563 0.435417 0.359375 0.433333 0.353125 0.427083 0.353125 0.420833
8 0.998437 0.108333 0.998437 0.120833 0.978125 0.143750 0.975000 0.166667 0.954688 0.170833 0.953125 0.210417 0.959375 0.233333 0.948438 0.252083 0.928125 0.258333 0.929688 0.272917 0.943750 0.285417 0.939063 0.289583 0.998437 0.264583
8 0.835938 0.000000 0.779687 0.000000 0.756250 0.037500 0.757812 0.075000 0.737500 0.077083 0.748437 0.114583 0.717187 0.143750 0.726562 0.175000 0.681250 0.385417 0.821875 0.339583 0.873437 0.277083 0.850000 0.204167 0.860938 0.143750 0.834375 0.079167 0.846875 0.066667
8 0.000000 0.000000 0.000000 0.562500 0.173437 0.497917 0.187500 0.370833 0.179688 0.502083 0.321875 0.506250 0.353125 0.418750 0.551562 0.543750 0.568750 0.433333 0.684375 0.300000 0.668750 0.147917 0.578125 0.097917 0.490625 0.216667 0.475000 0.420833 0.418750 0.156250 0.384375 0.279167 0.325000 0.168750 0.392188 0.106250 0.337500 0.000000
9 0.529687 0.541667 0.823438 0.997917 0.998437 0.997917 0.996875 0.910417
9 0.451562 0.483333 0.335938 0.487500 0.282813 0.520833 0.081250 0.500000 0.060937 0.560417 0.000000 0.564583 0.000000 0.672917
10 0.837500 0.000000 0.848437 0.066667 0.835938 0.079167 0.862500 0.143750 0.851562 0.204167 0.865625 0.245833 0.901563 0.277083 0.942187 0.287500 0.926562 0.258333 0.957812 0.233333 0.953125 0.170833 0.973437 0.166667 0.996875 0.120833 0.998437 0.000000
10 0.326562 0.168750 0.384375 0.277083 0.420312 0.156250 0.478125 0.418750 0.498437 0.364583 0.467187 0.297917 0.525000 0.156250 0.578125 0.095833 0.660937 0.131250 0.685937 0.295833 0.778125 0.000000 0.339062 0.000000 0.393750 0.106250
13 0.451562 0.466667 0.453125 0.481250 0.468750 0.481250 0.470313 0.477083 0.473438 0.479167 0.473438 0.502083 0.485938 0.500000 0.492188 0.506250 0.496875 0.506250 0.496875 0.470833 0.478125 0.468750 0.471875 0.477083 0.468750 0.468750