0 0.779687 0.997917 0.443750 0.479167 0.000000 0.685417 0.000000 0.997917
2 0.742188 0.237500 0.748437 0.250000 0.745313 0.260417 0.756250 0.264583 0.760938 0.279167 0.757812 0.302083 0.773438 0.289583 0.803125 0.283333 0.795312 0.272917
2 0.887500 0.122917 0.867188 0.145833 0.854688 0.175000 0.831250 0.256250 0.854688 0.237500 0.853125 0.202083 0.857812 0.177083
3 0.998437 0.166667 0.700000 0.341667 0.667188 0.333333 0.521875 0.452083 0.826562 0.460417 0.928125 0.418750 0.998437 0.443750
4 0.325000 0.443750 0.326562 0.493750 0.342187 0.491667 0.343750 0.487500 0.393750 0.487500 0.393750 0.479167 0.396875 0.481250 0.400000 0.475000 0.396875 0.450000 0.387500 0.456250 0.384375 0.447917 0.348438 0.445833 0.339062 0.441667 0.337500 0.435417
4 0.998437 0.902083 0.998437 0.445833 0.928125 0.420833 0.826562 0.462500 0.510938 0.468750 0.512500 0.529167 0.870313 0.804167 0.898438 0.856250
4 0.229687 0.420833 0.228125 0.427083 0.218750 0.429167 0.215625 0.441667 0.214062 0.506250 0.225000 0.510417 0.246875 0.510417 0.254688 0.495833 0.248438 0.479167 0.250000 0.452083 0.243750 0.433333
4 0.998437 0.052083 0.968750 0.072917 0.939063 0.083333 0.932813 0.091667 0.923438 0.093750 0.912500 0.108333 0.939063 0.106250 0.948438 0.097917 0.979688 0.114583 0.998437 0.108333
8 0.998437 0.110417 0.979688 0.116667 0.948438 0.100000 0.912500 0.110417 0.945312 0.077083 0.921875 0.083333 0.890625 0.114583 0.859375 0.177083 0.854688 0.239583 0.996875 0.166667
8 0.998437 0.000000 0.992188 0.000000 0.985938 0.010417 0.971875 0.020833 0.968750 0.035417 0.960938 0.041667 0.960938 0.047917 0.956250 0.054167 0.956250 0.070833 0.953125 0.075000 0.968750 0.070833 0.978125 0.060417 0.998437 0.050000
8 0.000000 0.604167 0.176563 0.543750 0.229687 0.418750 0.253125 0.514583 0.337500 0.433333 0.506250 0.520833 0.531250 0.420833 0.756250 0.302083 0.712500 0.000000 0.631250 0.254167 0.559375 0.114583 0.485938 0.170833 0.450000 0.416667 0.318750 0.000000 0.000000 0.000000
9 0.487500 0.529167 0.781250 0.997917 0.998437 0.997917 0.998437 0.904167 0.925000 0.847917 0.898438 0.858333 0.803125 0.752083
9 0.392188 0.487500 0.287500 0.520833 0.179688 0.508333 0.176563 0.545833 0.107813 0.550000 0.001563 0.604167 0.000000 0.683333
10 0.360938 0.216667 0.351562 0.216667 0.346875 0.227083 0.340625 0.231250 0.332813 0.231250 0.331250 0.245833 0.334375 0.247917 0.334375 0.252083 0.331250 0.254167 0.331250 0.262500 0.339062 0.264583 0.339062 0.277083 0.343750 0.281250 0.348438 0.279167 0.350000 0.283333 0.354687 0.283333 0.351562 0.260417 0.357812 0.252083 0.356250 0.233333 0.360938 0.229167
10 0.737500 0.231250 0.817187 0.277083 0.865625 0.145833 0.921875 0.081250 0.951562 0.075000 0.990625 0.000000 0.714063 0.000000 0.709375 0.022917 0.731250 0.050000 0.721875 0.081250 0.734375 0.112500 0.723437 0.127083 0.745313 0.172917
10 0.320312 0.000000 0.354687 0.097917 0.331250 0.154167 0.412500 0.218750 0.417187 0.356250 0.446875 0.414583 0.451562 0.229167 0.523438 0.122917 0.601562 0.147917 0.631250 0.252083 0.682813 0.000000
13 0.423438 0.466667 0.425000 0.477083 0.443750 0.477083 0.445312 0.495833 0.462500 0.495833 0.464062 0.497917 0.470313 0.495833 0.470313 0.477083 0.467187 0.466667 0.448437 0.466667 0.446875 0.470833 0.442188 0.466667 0.434375 0.468750 0.428125 0.464583