0 0.998437 0.997917 0.520312 0.485417 0.000000 0.820833 0.000000 0.997917
2 0.887500 0.181250 0.798438 0.247917 0.773438 0.300000 0.743750 0.325000 0.745313 0.356250 0.725000 0.397917 0.684375 0.420833 0.695312 0.433333 0.692187 0.497917 0.723437 0.487500 0.739062 0.502083 0.729688 0.497917 0.732812 0.437500 0.750000 0.402083 0.860938 0.362500 0.851562 0.281250 0.884375 0.250000
3 0.998437 0.322917 0.750000 0.404167 0.734375 0.437500 0.731250 0.497917 0.790625 0.506250 0.804688 0.487500 0.810937 0.506250 0.965625 0.522917 0.976562 0.495833 0.998437 0.508333
4 0.671875 0.489583 0.665625 0.589583 0.910937 0.747917 0.954688 0.800000 0.998437 0.810417 0.993750 0.500000 0.935937 0.525000 0.810937 0.508333 0.804688 0.489583 0.790625 0.508333
4 0.345313 0.425000 0.346875 0.502083 0.351562 0.512500 0.401562 0.495833 0.450000 0.497917 0.456250 0.472917 0.459375 0.481250 0.459375 0.460417 0.453125 0.447917 0.420312 0.445833 0.415625 0.435417 0.382812 0.427083 0.381250 0.414583 0.371875 0.420833 0.354687 0.416667
8 0.998437 0.000000 0.906250 0.002083 0.904687 0.016667 0.926562 0.014583 0.904687 0.062500 0.912500 0.141667 0.889062 0.164583 0.885938 0.250000 0.854688 0.275000 0.857812 0.360417 0.996875 0.325000
8 0.000000 0.560417 0.185938 0.606250 0.339062 0.533333 0.381250 0.412500 0.662500 0.581250 0.787500 0.135417 0.648438 0.031250 0.545312 0.181250 0.521875 0.422917 0.459375 0.133333 0.420312 0.275000 0.406250 0.095833 0.326562 0.064583 0.332813 0.000000 0.000000 0.000000
9 0.626563 0.577083 0.632812 0.610417 0.998437 0.995833 0.998437 0.812500 0.951562 0.800000 0.942187 0.772917 0.660937 0.581250
9 0.462500 0.508333 0.354687 0.512500 0.185938 0.608333 0.000000 0.562500 0.000000 0.818750
10 0.318750 0.037500 0.407813 0.095833 0.420312 0.272917 0.465625 0.137500 0.528125 0.418750 0.543750 0.181250 0.648438 0.029167 0.767188 0.075000 0.793750 0.225000 0.767188 0.304167 0.910937 0.141667 0.925000 0.014583 0.334375 0.000000
13 0.528125 0.475000 0.526563 0.481250 0.521875 0.485417 0.526563 0.489583 0.525000 0.493750 0.525000 0.510417 0.528125 0.512500 0.531250 0.508333 0.543750 0.510417 0.546875 0.516667 0.551562 0.516667 0.553125 0.514583 0.551562 0.479167 0.543750 0.475000