0 0.950000 0.997917 0.515625 0.485417 0.000000 0.770833 0.000000 0.997917
2 0.832812 0.229167 0.778125 0.268750 0.726562 0.339583 0.725000 0.372917 0.703125 0.414583 0.654687 0.431250 0.664062 0.441667 0.662500 0.497917 0.704688 0.500000 0.704688 0.435417 0.728125 0.412500 0.807813 0.383333 0.806250 0.304167 0.834375 0.270833
3 0.998437 0.322917 0.728125 0.414583 0.704688 0.437500 0.703125 0.497917 0.735938 0.485417 0.740625 0.506250 0.818750 0.510417 0.837500 0.493750 0.857812 0.516667 0.998437 0.527083
4 0.584375 0.537500 0.585938 0.539583 0.585938 0.525000 0.589063 0.516667 0.600000 0.516667 0.604688 0.520833 0.614062 0.520833 0.615625 0.516667 0.612500 0.514583 0.612500 0.510417 0.618750 0.508333 0.615625 0.508333 0.614062 0.504167 0.587500 0.500000
4 0.643750 0.487500 0.637500 0.579167 0.998437 0.841667 0.996875 0.527083
4 0.357812 0.425000 0.357812 0.506250 0.396875 0.491667 0.450000 0.495833 0.462500 0.491667 0.467187 0.481250 0.467187 0.456250 0.460938 0.460417 0.451562 0.447917 0.431250 0.441667 0.421875 0.445833 0.415625 0.433333 0.385937 0.427083 0.384375 0.414583
5 0.082812 0.318750 0.068750 0.404167 0.059375 0.518750 0.079687 0.387500
8 0.998437 0.000000 0.904687 0.000000 0.867188 0.033333 0.854688 0.064583 0.870313 0.077083 0.854688 0.116667 0.857812 0.191667 0.835938 0.212500 0.831250 0.283333 0.807813 0.304167 0.807813 0.381250 0.998437 0.320833
8 0.000000 0.516667 0.057813 0.512500 0.082812 0.316667 0.067187 0.518750 0.242188 0.564583 0.353125 0.516667 0.384375 0.412500 0.634375 0.570833 0.770312 0.160417 0.640625 0.054167 0.540625 0.195833 0.515625 0.420833 0.453125 0.145833 0.415625 0.272917 0.356250 0.000000 0.000000 0.000000
9 0.603125 0.568750 0.617188 0.610417 0.945312 0.991667 0.998437 0.997917 0.998437 0.843750
9 0.493750 0.487500 0.382812 0.497917 0.242188 0.566667 0.000000 0.518750 0.000000 0.768750
10 0.334375 0.064583 0.357812 0.137500 0.414062 0.145833 0.420312 0.277083 0.464062 0.143750 0.525000 0.418750 0.539062 0.195833 0.623437 0.070833 0.682813 0.043750 0.740625 0.083333 0.771875 0.160417 0.751563 0.314583 0.856250 0.191667 0.853125 0.064583 0.903125 0.000000 0.357812 0.000000
13 0.523438 0.475000 0.521875 0.481250 0.517188 0.483333 0.518750 0.487500 0.518750 0.508333 0.521875 0.510417 0.528125 0.506250 0.529687 0.508333 0.534375 0.508333 0.539062 0.514583 0.543750 0.514583 0.545312 0.510417 0.545312 0.483333 0.543750 0.479167 0.537500 0.475000