0 0.801562 0.997917 0.453125 0.479167 0.000000 0.668750 0.000000 0.997917
2 0.807813 0.247917 0.806250 0.256250 0.812500 0.262500 0.814063 0.260417 0.820312 0.270833 0.815625 0.308333 0.818750 0.304167 0.853125 0.293750 0.854688 0.289583 0.862500 0.289583 0.828125 0.264583 0.817187 0.252083 0.815625 0.254167
3 0.998437 0.239583 0.900000 0.289583 0.765625 0.312500 0.717187 0.358333 0.543750 0.427083 0.543750 0.466667 0.870313 0.493750 0.943750 0.462500 0.998437 0.485417
4 0.998437 0.914583 0.998437 0.487500 0.531250 0.470833 0.540625 0.550000
4 0.321875 0.427083 0.320312 0.447917 0.325000 0.487500 0.348438 0.481250 0.387500 0.483333 0.395313 0.475000 0.395313 0.452083 0.389062 0.443750 0.367188 0.443750 0.359375 0.435417 0.343750 0.435417 0.337500 0.429167 0.335938 0.420833 0.329688 0.427083
5 0.037500 0.408333 0.026562 0.450000 0.028125 0.487500 0.021875 0.516667 0.020313 0.556250 0.032813 0.556250 0.032813 0.516667 0.035937 0.514583 0.032813 0.489583 0.040625 0.454167
5 0.060937 0.154167 0.054688 0.164583 0.056250 0.179167 0.053125 0.185417 0.053125 0.210417 0.050000 0.212500 0.053125 0.233333 0.050000 0.235417 0.051562 0.275000 0.056250 0.227083 0.059375 0.225000 0.060937 0.164583 0.064062 0.162500
8 0.998437 0.079167 0.962500 0.091667 0.928125 0.139583 0.921875 0.172917 0.903125 0.175000 0.904687 0.243750 0.879687 0.262500 0.895312 0.287500 0.943750 0.256250 0.998437 0.237500
8 0.000000 0.000000 0.000000 0.552083 0.037500 0.406250 0.034375 0.554167 0.306250 0.506250 0.334375 0.418750 0.525000 0.533333 0.625000 0.358333 0.817187 0.293750 0.781250 0.000000 0.729688 0.002083 0.662500 0.272917 0.629687 0.137500 0.534375 0.118750 0.459375 0.416667 0.396875 0.160417 0.362500 0.275000 0.310937 0.177083 0.371875 0.145833 0.348438 0.000000
9 0.503125 0.537500 0.796875 0.993750 0.998437 0.997917 0.998437 0.916667
9 0.410938 0.485417 0.348438 0.483333 0.267188 0.518750 0.109375 0.500000 0.098437 0.556250 0.000000 0.554167 0.000000 0.666667
10 0.782813 0.000000 0.793750 0.085417 0.781250 0.102083 0.804688 0.156250 0.796875 0.222917 0.859375 0.287500 0.893750 0.287500 0.878125 0.262500 0.903125 0.243750 0.901563 0.175000 0.920312 0.172917 0.962500 0.089583 0.998437 0.077083 0.998437 0.000000
10 0.312500 0.177083 0.362500 0.272917 0.398438 0.160417 0.459375 0.414583 0.475000 0.356250 0.446875 0.300000 0.501563 0.160417 0.582812 0.095833 0.637500 0.150000 0.662500 0.270833 0.729688 0.000000 0.350000 0.000000 0.321875 0.041667 0.373437 0.145833
13 0.429688 0.466667 0.434375 0.477083 0.453125 0.477083 0.454688 0.497917 0.468750 0.495833 0.473438 0.502083 0.479687 0.500000 0.478125 0.468750 0.459375 0.466667 0.453125 0.472917 0.450000 0.466667 0.437500 0.464583