0 0.109375 0.997917 0.998437 0.997917 0.998437 0.804167 0.453125 0.470833
1 0.690625 0.606250 0.998437 0.802083 0.996875 0.650000 0.925000 0.622917 0.795312 0.629167
1 0.423438 0.502083 0.300000 0.525000 0.239063 0.608333 0.125000 0.675000 0.134375 0.731250 0.182812 0.772917 0.104688 0.835417 0.029687 0.941667 0.026562 0.981250 0.107813 0.997917
3 0.559375 0.468750 0.562500 0.537500 0.596875 0.554167 0.603125 0.477083 0.607812 0.477083 0.609375 0.491667 0.617188 0.470833 0.578125 0.468750 0.579688 0.487500 0.589063 0.481250 0.593750 0.502083 0.587500 0.512500 0.579688 0.504167 0.571875 0.541667 0.575000 0.468750
3 0.378125 0.404167 0.375000 0.410417 0.373437 0.454167 0.378125 0.475000 0.381250 0.479167 0.381250 0.475000 0.385937 0.462500 0.389062 0.460417 0.389062 0.456250 0.387500 0.454167 0.385937 0.429167 0.381250 0.425000 0.381250 0.406250
3 0.257812 0.364583 0.260937 0.506250 0.292187 0.491667 0.295312 0.477083 0.300000 0.495833 0.289062 0.502083 0.289062 0.516667 0.296875 0.525000 0.346875 0.510417 0.348438 0.420833 0.312500 0.414583 0.273438 0.393750
4 0.937500 0.504167 0.917188 0.541667 0.920312 0.566667 0.932813 0.585417 0.931250 0.622917 0.998437 0.652083 0.998437 0.489583
4 0.618750 0.472917 0.609375 0.493750 0.604688 0.477083 0.596875 0.558333 0.614062 0.535417 0.603125 0.537500 0.604688 0.510417 0.615625 0.529167 0.618750 0.512500 0.628125 0.502083 0.628125 0.497917 0.620313 0.495833 0.623437 0.479167
4 0.578125 0.470833 0.573438 0.483333 0.571875 0.539583 0.573438 0.539583 0.578125 0.504167 0.579688 0.502083 0.581250 0.504167 0.581250 0.510417 0.587500 0.510417 0.592187 0.502083 0.589063 0.483333 0.584375 0.483333 0.581250 0.489583 0.578125 0.487500
4 0.000000 0.243750 0.000000 0.637500 0.068750 0.593750 0.078125 0.647917 0.123438 0.675000 0.239063 0.606250 0.295312 0.527083 0.295312 0.479167 0.254688 0.493750 0.246875 0.333333 0.178125 0.320833 0.123438 0.256250 0.093750 0.285417
5 0.373437 0.366667 0.362500 0.483333 0.364063 0.514583 0.368750 0.502083 0.368750 0.456250 0.371875 0.454167
8 0.181250 0.764583 0.156250 0.760417 0.145313 0.750000 0.140625 0.756250 0.139063 0.768750 0.109375 0.816667 0.110937 0.827083 0.135937 0.808333 0.148438 0.808333 0.164062 0.797917 0.176563 0.783333
8 0.000000 0.000000 0.000000 0.241667 0.246875 0.331250 0.350000 0.508333 0.373437 0.364583 0.370312 0.500000 0.614062 0.466667 0.651563 0.587500 0.929688 0.622917 0.920312 0.525000 0.998437 0.487500 0.998437 0.000000 0.518750 0.000000 0.523438 0.100000 0.590625 0.102083 0.460938 0.402083 0.431250 0.002083
9 0.068750 0.595833 0.000000 0.639583 0.000000 0.997917 0.043750 0.997917 0.042188 0.977083 0.025000 0.981250 0.028125 0.941667 0.109375 0.829167 0.143750 0.750000 0.123438 0.677083 0.076563 0.647917
9 0.654687 0.589583 0.795312 0.627083 0.917188 0.620833
9 0.368750 0.504167 0.367188 0.514583 0.375000 0.518750 0.400000 0.520833 0.404687 0.512500 0.404687 0.508333 0.401562 0.502083 0.396875 0.502083 0.390625 0.497917 0.389062 0.493750 0.382812 0.493750 0.382812 0.495833 0.376563 0.502083 0.370312 0.502083
9 0.435937 0.472917 0.429688 0.479167 0.425000 0.477083 0.412500 0.479167 0.410938 0.483333 0.406250 0.483333 0.400000 0.489583 0.395313 0.489583 0.396875 0.495833 0.404687 0.495833 0.414062 0.500000 0.426563 0.500000 0.431250 0.495833 0.435937 0.483333
10 0.517188 0.000000 0.429688 0.000000 0.439063 0.162500 0.456250 0.160417 0.448437 0.208333 0.464062 0.212500 0.460938 0.258333 0.439063 0.285417 0.456250 0.293750 0.432812 0.339583 0.460938 0.400000 0.473438 0.362500 0.521875 0.318750 0.514062 0.289583 0.589063 0.102083 0.578125 0.081250 0.521875 0.100000 0.539062 0.050000 0.520312 0.064583 0.507812 0.035417
10 0.264062 0.000000 0.264062 0.004167 0.270313 0.012500 0.270313 0.016667 0.271875 0.018750 0.273438 0.027083 0.281250 0.033333 0.282813 0.031250 0.282813 0.020833 0.281250 0.018750 0.285938 0.008333 0.285938 0.004167 0.284375 0.002083 0.285938 0.000000
13 0.512500 0.454167 0.500000 0.470833 0.493750 0.518750 0.503125 0.531250 0.509375 0.531250 0.514062 0.525000 0.546875 0.529167 0.554688 0.539583 0.560937 0.537500 0.562500 0.493750 0.554688 0.462500 0.546875 0.456250