0 0.000000 0.989583 0.998437 0.997917 0.998437 0.797917 0.465625 0.470833
1 0.534375 0.512500 0.800000 0.689583 0.917188 0.739583 0.854688 0.704167 0.823438 0.664583 0.831250 0.629167 0.817187 0.614583 0.712500 0.597917 0.717187 0.570833
1 0.450000 0.479167 0.435937 0.489583 0.428125 0.485417 0.417187 0.489583 0.407813 0.504167 0.401562 0.500000 0.381250 0.508333 0.379688 0.529167 0.382812 0.543750 0.395313 0.552083 0.393750 0.558333 0.403125 0.554167 0.434375 0.510417
2 0.998437 0.000000 0.942187 0.104167 0.945312 0.131250 0.870313 0.316667 0.871875 0.391667 0.798438 0.406250 0.792188 0.464583 0.867188 0.470833 0.893750 0.425000 0.889062 0.387500 0.926562 0.270833 0.975000 0.256250 0.998437 0.214583
3 0.721875 0.464583 0.723437 0.585417 0.756250 0.602083 0.839063 0.604167 0.853125 0.585417 0.856250 0.550000 0.828125 0.531250 0.864062 0.512500 0.865625 0.472917
3 0.395313 0.445833 0.393750 0.445833 0.389062 0.466667 0.381250 0.479167 0.381250 0.506250 0.384375 0.506250 0.385937 0.502083 0.395313 0.502083 0.396875 0.500000 0.396875 0.493750 0.395313 0.491667 0.395313 0.485417 0.396875 0.483333 0.396875 0.450000
4 0.537500 0.464583 0.535937 0.468750 0.539062 0.483333 0.539062 0.506250 0.546875 0.516667 0.557813 0.516667 0.560937 0.512500 0.567187 0.485417 0.576562 0.472917 0.576562 0.464583 0.571875 0.462500
4 0.000000 0.295833 0.000000 0.643750 0.059375 0.622917 0.075000 0.589583 0.193750 0.589583 0.243750 0.533333 0.379688 0.525000 0.392188 0.445833 0.360938 0.412500 0.300000 0.393750 0.292187 0.414583 0.187500 0.364583 0.181250 0.335417 0.150000 0.350000
8 0.998437 0.216667 0.910937 0.306250 0.895312 0.425000 0.848437 0.522917 0.860938 0.531250 0.829688 0.531250 0.857812 0.550000 0.854688 0.585417 0.823438 0.618750 0.823438 0.660417 0.854688 0.702083 0.995313 0.795833
8 0.000000 0.293750 0.360938 0.410417 0.398438 0.500000 0.409375 0.408333 0.409375 0.495833 0.723437 0.535417 0.721875 0.462500 0.870313 0.391667 0.960938 0.033333 0.520312 0.000000 0.479687 0.152083 0.542188 0.229167 0.467187 0.406250 0.387500 0.004167 0.326562 0.177083 0.248438 0.010417 0.000000 0.000000
9 0.562500 0.525000 0.604688 0.543750 0.717187 0.568750 0.714063 0.597917 0.740625 0.608333 0.754687 0.602083 0.720313 0.583333 0.718750 0.535417
9 0.393750 0.552083 0.353125 0.520833 0.298438 0.545833 0.260937 0.531250 0.193750 0.591667 0.075000 0.591667 0.059375 0.625000 0.000000 0.645833 0.000000 0.987500
10 0.946875 0.112500 0.939063 0.118750 0.937500 0.127083 0.929688 0.137500 0.921875 0.172917 0.912500 0.189583 0.915625 0.195833 0.918750 0.193750 0.923438 0.177083 0.926562 0.175000 0.935937 0.143750 0.942187 0.135417 0.943750 0.125000 0.946875 0.120833
10 0.993750 0.000000 0.929688 0.000000 0.925000 0.039583 0.962500 0.033333 0.935937 0.070833 0.928125 0.058333 0.906250 0.077083 0.898438 0.106250 0.907813 0.120833 0.906250 0.154167 0.932813 0.106250 0.962500 0.083333
10 0.382812 0.000000 0.393750 0.068750 0.418750 0.062500 0.440625 0.120833 0.446875 0.258333 0.464062 0.300000 0.448437 0.377083 0.468750 0.404167 0.504687 0.364583 0.540625 0.229167 0.500000 0.245833 0.506250 0.210417 0.487500 0.193750 0.498437 0.160417 0.478125 0.152083 0.487500 0.116667 0.518750 0.112500 0.498437 0.106250 0.514062 0.085417 0.501563 0.027083 0.518750 0.000000
10 0.178125 0.000000 0.185938 0.050000 0.204687 0.047917 0.220312 0.006250 0.228125 0.054167 0.248438 0.008333 0.260937 0.058333 0.270313 0.047917 0.289062 0.060417 0.312500 0.168750 0.320312 0.160417 0.332813 0.175000 0.331250 0.125000 0.342187 0.112500 0.334375 0.066667 0.345313 0.070833 0.356250 0.000000
10 0.057813 0.000000 0.068750 0.014583 0.078125 0.035417 0.090625 0.039583 0.092188 0.043750 0.098437 0.043750 0.100000 0.047917 0.104688 0.047917 0.106250 0.033333 0.103125 0.022917 0.104688 0.010417 0.101562 0.000000
13 0.484375 0.466667 0.484375 0.487500 0.492188 0.491667 0.492188 0.502083 0.495312 0.508333 0.537500 0.508333 0.535937 0.470833 0.532813 0.460417 0.528125 0.456250 0.503125 0.456250 0.498437 0.464583