0 0.103125 0.997917 0.998437 0.997917 0.998437 0.812500 0.451562 0.470833
1 0.667188 0.597917 0.776563 0.689583 0.867188 0.725000 0.998437 0.810417 0.996875 0.650000 0.889062 0.612500
1 0.418750 0.500000 0.303125 0.525000 0.248438 0.602083 0.154688 0.654167 0.198437 0.745833 0.078125 0.854167 0.073438 0.922917 0.000000 0.997917 0.104688 0.995833 0.246875 0.812500 0.265625 0.733333
3 0.554688 0.468750 0.557813 0.483333 0.556250 0.535417 0.595313 0.558333 0.598437 0.541667 0.603125 0.539583 0.607812 0.525000 0.606250 0.493750 0.610938 0.472917 0.601562 0.466667 0.596875 0.470833 0.573438 0.468750 0.571875 0.483333 0.570312 0.468750
3 0.379688 0.406250 0.375000 0.416667 0.375000 0.454167 0.381250 0.472917 0.381250 0.466667 0.385937 0.454167 0.387500 0.456250 0.385937 0.470833 0.389062 0.472917 0.392188 0.468750 0.390625 0.464583 0.392188 0.452083 0.385937 0.445833 0.384375 0.431250 0.381250 0.427083
3 0.265625 0.379167 0.268750 0.512500 0.293750 0.533333 0.312500 0.518750 0.346875 0.510417 0.350000 0.425000 0.309375 0.414583 0.282813 0.400000
4 0.976562 0.472917 0.956250 0.489583 0.939063 0.489583 0.921875 0.514583 0.929688 0.539583 0.918750 0.564583 0.925000 0.593750 0.921875 0.620833 0.998437 0.652083 0.998437 0.472917
4 0.000000 0.252083 0.000000 0.652083 0.100000 0.593750 0.145313 0.656250 0.254688 0.593750 0.292187 0.535417 0.264062 0.497917 0.260937 0.347917 0.190625 0.331250 0.156250 0.279167 0.131250 0.306250
5 0.371875 0.372917 0.362500 0.512500 0.367188 0.508333 0.368750 0.447917 0.371875 0.445833
8 0.068750 0.925000 0.060937 0.929167 0.056250 0.922917 0.053125 0.925000 0.039062 0.908333 0.026562 0.910417 0.018750 0.920833 0.006250 0.920833 0.000000 0.931250 0.000000 0.979167 0.003125 0.975000 0.010937 0.977083 0.021875 0.966667 0.039062 0.960417 0.054688 0.937500 0.062500 0.935417
8 0.170313 0.706250 0.167187 0.706250 0.165625 0.710417 0.167187 0.735417 0.159375 0.745833 0.156250 0.760417 0.148438 0.777083 0.196875 0.745833 0.193750 0.733333 0.179688 0.722917
8 0.000000 0.000000 0.000000 0.250000 0.257812 0.341667 0.353125 0.508333 0.371875 0.370833 0.368750 0.502083 0.601562 0.464583 0.604688 0.568750 0.920312 0.616667 0.920312 0.514583 0.998437 0.470833 0.998437 0.000000 0.514062 0.000000 0.521875 0.116667 0.584375 0.108333 0.459375 0.402083 0.423438 0.000000
9 0.100000 0.595833 0.000000 0.654167 0.000000 0.929167 0.037500 0.906250 0.071875 0.922917 0.060937 0.904167 0.068750 0.868750 0.145313 0.783333 0.165625 0.735417 0.168750 0.702083 0.153125 0.656250
9 0.639062 0.583333 0.740625 0.608333 0.853125 0.612500
9 0.434375 0.479167 0.432812 0.483333 0.415625 0.489583 0.398438 0.489583 0.393750 0.502083 0.381250 0.497917 0.376563 0.504167 0.368750 0.504167 0.367188 0.512500 0.382812 0.518750 0.396875 0.518750 0.403125 0.512500 0.403125 0.497917 0.425000 0.497917
10 0.512500 0.000000 0.425000 0.000000 0.445312 0.125000 0.435937 0.168750 0.451562 0.164583 0.459375 0.193750 0.445312 0.212500 0.460938 0.216667 0.459375 0.262500 0.437500 0.287500 0.453125 0.293750 0.429688 0.339583 0.456250 0.400000 0.475000 0.358333 0.509375 0.339583 0.510938 0.289583 0.579688 0.131250 0.571875 0.089583 0.520312 0.116667 0.534375 0.070833 0.518750 0.081250 0.504687 0.047917
10 0.260937 0.000000 0.264062 0.008333 0.264062 0.014583 0.270313 0.020833 0.271875 0.027083 0.270313 0.037500 0.282813 0.043750 0.282813 0.020833 0.285938 0.014583 0.285938 0.000000
13 0.509375 0.454167 0.495312 0.472917 0.490625 0.504167 0.492188 0.520833 0.498437 0.529167 0.506250 0.529167 0.509375 0.522917 0.521875 0.522917 0.553125 0.535417 0.556250 0.529167 0.556250 0.483333 0.551562 0.464583 0.542188 0.456250