0 0.000000 0.914583 0.000000 0.997917 0.998437 0.997917 0.998437 0.804167 0.448437 0.470833 0.114062 0.868750
1 0.670312 0.600000 0.998437 0.802083 0.996875 0.647917 0.879687 0.606250
1 0.417187 0.502083 0.396875 0.520833 0.348438 0.508333 0.310937 0.520833 0.262500 0.593750 0.203125 0.625000 0.206250 0.666667 0.246875 0.706250 0.214062 0.731250 0.181250 0.787500 0.217188 0.737500 0.285938 0.689583
3 0.998437 0.570833 0.990625 0.579167 0.985938 0.589583 0.985938 0.600000 0.993750 0.614583 0.995313 0.629167 0.996875 0.629167 0.998437 0.633333
3 0.596875 0.468750 0.565625 0.468750 0.567187 0.485417 0.570312 0.483333 0.578125 0.493750 0.575000 0.506250 0.565625 0.514583 0.562500 0.539583 0.581250 0.550000 0.587500 0.491667 0.589063 0.539583 0.595313 0.537500 0.598437 0.529167
3 0.546875 0.468750 0.550000 0.475000 0.550000 0.491667 0.553125 0.493750 0.553125 0.512500 0.550000 0.514583 0.550000 0.531250 0.557813 0.535417 0.557813 0.502083 0.556250 0.504167 0.554688 0.502083 0.554688 0.493750 0.556250 0.491667 0.557813 0.495833 0.557813 0.487500 0.560937 0.481250 0.560937 0.468750
3 0.279687 0.393750 0.279687 0.491667 0.287500 0.504167 0.289062 0.522917 0.300000 0.529167 0.310937 0.518750 0.345313 0.508333 0.348438 0.425000 0.328125 0.425000 0.300000 0.406250 0.289062 0.406250
4 0.864062 0.533333 0.875000 0.602083 0.998437 0.647917 0.984375 0.600000 0.998437 0.568750 0.998437 0.470833 0.940625 0.470833 0.889062 0.491667
4 0.564063 0.468750 0.562500 0.468750 0.559375 0.495833 0.557813 0.497917 0.556250 0.493750 0.556250 0.502083 0.557813 0.500000 0.559375 0.502083 0.559375 0.535417 0.557813 0.537500 0.559375 0.539583 0.562500 0.533333 0.564063 0.514583 0.565625 0.512500 0.567187 0.514583 0.576562 0.500000 0.575000 0.489583 0.570312 0.485417 0.568750 0.489583 0.565625 0.485417
4 0.312500 0.422917 0.307812 0.425000 0.303125 0.441667 0.303125 0.500000 0.304688 0.502083 0.310937 0.502083 0.317188 0.493750 0.317188 0.481250 0.314063 0.479167 0.314063 0.462500 0.317188 0.460417 0.318750 0.452083 0.318750 0.431250
4 0.000000 0.258333 0.000000 0.637500 0.071875 0.629167 0.132812 0.591667 0.185938 0.633333 0.270313 0.581250 0.298438 0.531250 0.278125 0.491667 0.268750 0.354167 0.221875 0.352083 0.189062 0.304167 0.164062 0.329167
5 0.371875 0.379167 0.365625 0.418750 0.362500 0.510417 0.365625 0.510417
8 0.000000 0.000000 0.000000 0.256250 0.268750 0.352083 0.350000 0.508333 0.370312 0.377083 0.367188 0.506250 0.596875 0.466667 0.585938 0.558333 0.876563 0.604167 0.885938 0.491667 0.998437 0.468750 0.998437 0.000000 0.510938 0.000000 0.514062 0.131250 0.570312 0.143750 0.421875 0.452083 0.417187 0.000000 0.279687 0.062500
9 0.243750 0.697917 0.212500 0.679167 0.198437 0.629167 0.176563 0.633333 0.137500 0.593750 0.071875 0.631250 0.000000 0.639583 0.000000 0.912500 0.114062 0.866667
9 0.620313 0.572917 0.675000 0.600000 0.876563 0.606250 0.700000 0.591667
9 0.431250 0.479167 0.410938 0.489583 0.401562 0.489583 0.400000 0.493750 0.389062 0.493750 0.365625 0.512500 0.357812 0.510417 0.379688 0.518750 0.396875 0.518750 0.401562 0.514583 0.401562 0.502083 0.404687 0.497917 0.418750 0.500000 0.425000 0.495833
10 0.509375 0.000000 0.418750 0.000000 0.440625 0.135417 0.432812 0.179167 0.448437 0.177083 0.440625 0.220833 0.456250 0.227083 0.432812 0.295833 0.448437 0.304167 0.426563 0.345833 0.453125 0.402083 0.514062 0.318750 0.506250 0.289583 0.571875 0.127083 0.560937 0.104167 0.512500 0.131250 0.525000 0.081250 0.510938 0.093750 0.495312 0.060417
10 0.256250 0.000000 0.259375 0.010417 0.257812 0.020833 0.271875 0.039583 0.270313 0.052083 0.271875 0.060417 0.275000 0.058333 0.279687 0.060417 0.281250 0.056250 0.279687 0.039583 0.284375 0.020833 0.282813 0.008333 0.284375 0.000000
13 0.503125 0.452083 0.498437 0.466667 0.492188 0.470833 0.487500 0.491667 0.487500 0.518750 0.495312 0.529167 0.500000 0.529167 0.503125 0.520833 0.517188 0.520833 0.546875 0.533333 0.551562 0.493750 0.548438 0.491667 0.548438 0.475000 0.543750 0.460417 0.525000 0.452083