0 0.000000 0.987500 0.998437 0.997917 0.998437 0.837500 0.464062 0.472917
1 0.998437 0.610417 0.995313 0.610417 0.993750 0.608333 0.990625 0.616667 0.987500 0.618750 0.987500 0.622917 0.984375 0.625000 0.982812 0.633333 0.979688 0.635417 0.979688 0.637500 0.982812 0.637500 0.987500 0.643750 0.998437 0.643750
1 0.531250 0.516667 0.998437 0.835417 0.982812 0.758333 0.998437 0.687500 0.842187 0.670833 0.795312 0.645833 0.790625 0.606250
1 0.439063 0.497917 0.432812 0.497917 0.421875 0.483333 0.410938 0.489583 0.409375 0.500000 0.401562 0.508333 0.393750 0.500000 0.370312 0.510417 0.359375 0.543750 0.373437 0.570833 0.370312 0.585417 0.393750 0.568750
2 0.998437 0.164583 0.946875 0.295833 0.945312 0.385417 0.843750 0.406250 0.835938 0.466667 0.803125 0.472917 0.859375 0.602083 0.850000 0.647917 0.914062 0.616667 0.967187 0.645833 0.998437 0.608333
3 0.803125 0.477083 0.803125 0.620833 0.840625 0.637500 0.856250 0.620833 0.857812 0.602083 0.845313 0.579167 0.834375 0.535417 0.823438 0.531250 0.804688 0.500000 0.807813 0.479167
4 0.540625 0.466667 0.543750 0.481250 0.545312 0.477083 0.546875 0.479167 0.546875 0.495833 0.553125 0.504167 0.553125 0.516667 0.560937 0.516667 0.562500 0.512500 0.567187 0.525000 0.571875 0.522917 0.576562 0.516667 0.579688 0.489583 0.585938 0.477083 0.585938 0.468750 0.557813 0.464583
4 0.000000 0.287500 0.007812 0.672917 0.046875 0.633333 0.112500 0.631250 0.107813 0.581250 0.126562 0.558333 0.254688 0.570833 0.303125 0.531250 0.359375 0.541667 0.387500 0.497917 0.389062 0.443750 0.340625 0.400000 0.296875 0.402083 0.256250 0.364583 0.234375 0.391667
5 0.404687 0.408333 0.398438 0.460417 0.398438 0.506250 0.401562 0.506250 0.403125 0.502083
8 0.229687 0.600000 0.126562 0.560417 0.109375 0.581250 0.112500 0.633333 0.046875 0.635417 0.000000 0.666667 0.000000 0.883333 0.054688 0.864583 0.018750 0.906250 0.021875 0.966667 0.103125 0.870833 0.107813 0.839583 0.071875 0.833333 0.118750 0.762500 0.131250 0.697917 0.175000 0.677083 0.154688 0.672917 0.156250 0.650000 0.223438 0.631250
8 0.000000 0.285417 0.340625 0.397917 0.390625 0.500000 0.404687 0.406250 0.404687 0.502083 0.520312 0.452083 0.576562 0.535417 0.800000 0.558333 0.843750 0.404167 0.943750 0.385417 0.998437 0.000000 0.509375 0.000000 0.503125 0.220833 0.553125 0.208333 0.468750 0.406250 0.385937 0.000000 0.323437 0.154167 0.240625 0.000000 0.000000 0.000000
9 0.053125 0.864583 0.010937 0.872917 0.000000 0.885417 0.000000 0.985417 0.020313 0.968750 0.028125 0.939583 0.029687 0.916667 0.018750 0.914583 0.017188 0.906250 0.031250 0.897917 0.039062 0.900000 0.043750 0.879167
9 0.590625 0.537500 0.790625 0.604167 0.795312 0.643750 0.842187 0.668750 0.998437 0.685417 0.998437 0.645833 0.945312 0.643750 0.914062 0.618750 0.850000 0.650000 0.804688 0.625000 0.800000 0.560417
9 0.370312 0.566667 0.357812 0.543750 0.303125 0.533333 0.265625 0.547917 0.254688 0.572917 0.204687 0.581250 0.206250 0.604167 0.229687 0.597917 0.237500 0.618750 0.157812 0.650000 0.156250 0.672917 0.176563 0.677083 0.132812 0.697917 0.120313 0.762500 0.085938 0.793750 0.073438 0.833333 0.109375 0.837500
10 0.998437 0.120833 0.993750 0.139583 0.979688 0.158333 0.979688 0.162500 0.982812 0.166667 0.985938 0.164583 0.987500 0.166667 0.987500 0.172917 0.990625 0.175000 0.989062 0.183333 0.993750 0.172917 0.993750 0.168750 0.998437 0.162500
10 0.995313 0.018750 0.981250 0.025000 0.975000 0.041667 0.975000 0.054167 0.960938 0.070833 0.964063 0.079167 0.970313 0.077083 0.975000 0.083333 0.968750 0.108333 0.975000 0.114583 0.975000 0.120833 0.981250 0.116667 0.989062 0.093750 0.996875 0.087500 0.998437 0.031250
10 0.387500 0.000000 0.389062 0.033333 0.423438 0.043750 0.440625 0.100000 0.445312 0.233333 0.465625 0.289583 0.445312 0.368750 0.468750 0.404167 0.504687 0.362500 0.551562 0.208333 0.503125 0.222917 0.514062 0.187500 0.492188 0.166667 0.504687 0.129167 0.481250 0.120833 0.496875 0.075000 0.523438 0.089583 0.529687 0.070833 0.504687 0.056250 0.525000 0.031250 0.507812 0.000000
10 0.242188 0.000000 0.248438 0.033333 0.257812 0.018750 0.265625 0.031250 0.279687 0.031250 0.287500 0.047917 0.284375 0.068750 0.303125 0.116667 0.296875 0.135417 0.309375 0.127083 0.323437 0.152083 0.325000 0.095833 0.334375 0.087500 0.326562 0.035417 0.340625 0.037500 0.343750 0.000000
10 0.153125 0.000000 0.156250 0.008333 0.154688 0.016667 0.164062 0.029167 0.168750 0.027083 0.171875 0.020833 0.184375 0.014583 0.193750 0.020833 0.193750 0.016667 0.203125 0.006250 0.207813 0.006250 0.209375 0.000000
13 0.503125 0.458333 0.493750 0.485417 0.495312 0.510417 0.500000 0.516667 0.504687 0.516667 0.510938 0.508333 0.540625 0.516667 0.543750 0.508333 0.543750 0.483333 0.537500 0.462500 0.534375 0.458333 0.520312 0.454167 0.509375 0.454167