0 0.000000 0.570833 0.000000 0.997917 0.884375 0.997917 0.720313 0.806250 0.653125 0.791667 0.642188 0.595833 0.450000 0.468750 0.301563 0.568750
2 0.581250 0.337500 0.570312 0.337500 0.539062 0.370833 0.537500 0.385417 0.553125 0.377083 0.554688 0.372917 0.559375 0.379167 0.562500 0.393750 0.568750 0.391667 0.573438 0.383333 0.582812 0.381250 0.584375 0.366667 0.579688 0.370833 0.576562 0.366667 0.576562 0.354167
3 0.600000 0.497917 0.595313 0.518750 0.593750 0.568750 0.617188 0.581250 0.628125 0.593750 0.637500 0.593750 0.639062 0.589583 0.642188 0.593750 0.645312 0.581250 0.635938 0.585417 0.631250 0.579167 0.631250 0.504167 0.623437 0.508333 0.618750 0.500000 0.609375 0.504167 0.606250 0.497917
4 0.490625 0.462500 0.490625 0.477083 0.487500 0.489583 0.489063 0.491667 0.496875 0.491667 0.503125 0.502083 0.503125 0.506250 0.506250 0.510417 0.509375 0.510417 0.510938 0.508333 0.509375 0.504167 0.512500 0.500000 0.514062 0.491667 0.514062 0.479167 0.520312 0.464583 0.515625 0.462500 0.507812 0.464583 0.496875 0.460417
4 0.000000 0.233333 0.000000 0.568750 0.232813 0.520833 0.340625 0.470833 0.353125 0.418750 0.303125 0.389583 0.270313 0.416667 0.248438 0.341667 0.193750 0.352083 0.057813 0.318750 0.043750 0.260417
8 0.000000 0.000000 0.053125 0.308333 0.248438 0.339583 0.342187 0.468750 0.542188 0.458333 0.635938 0.583333 0.998437 0.297917 0.998437 0.000000 0.589063 0.000000 0.615625 0.110417 0.456250 0.264583 0.584375 0.381250 0.415625 0.327083 0.392188 0.437500 0.415625 0.316667 0.304688 0.000000
9 0.410938 0.462500 0.382812 0.445833 0.371875 0.466667 0.345313 0.462500 0.285938 0.504167 0.107813 0.554167 0.209375 0.570833 0.301563 0.566667 0.407813 0.487500
10 0.306250 0.000000 0.350000 0.087500 0.320312 0.116667 0.326562 0.189583 0.371875 0.218750 0.443750 0.391667 0.503125 0.314583 0.539062 0.368750 0.582812 0.335417 0.526563 0.318750 0.493750 0.237500 0.479687 0.289583 0.454688 0.264583 0.482812 0.164583 0.514062 0.177083 0.539062 0.133333 0.614062 0.110417 0.600000 0.052083 0.564063 0.075000 0.587500 0.000000
13 0.542188 0.460417 0.523438 0.462500 0.515625 0.479167 0.515625 0.491667 0.510938 0.506250 0.529687 0.525000 0.537500 0.520833 0.540625 0.489583 0.543750 0.481250
13 0.404687 0.450000 0.412500 0.462500 0.412500 0.470833 0.414062 0.472917 0.417187 0.472917 0.423438 0.466667 0.428125 0.466667 0.429688 0.468750 0.434375 0.468750 0.435937 0.466667 0.435937 0.456250 0.434375 0.454167 0.421875 0.454167 0.417187 0.447917 0.406250 0.447917
13 0.998437 0.300000 0.834375 0.397917 0.656250 0.562500 0.632812 0.716667 0.654687 0.791667 0.720313 0.804167 0.885938 0.997917 0.998437 0.997917
17 0.487500 0.464583 0.484375 0.464583 0.482812 0.468750 0.475000 0.466667 0.475000 0.470833 0.476562 0.472917 0.475000 0.475000 0.475000 0.502083 0.476562 0.506250 0.481250 0.506250 0.482812 0.500000 0.485938 0.497917 0.485938 0.487500 0.487500 0.485417