0 0.000000 0.820833 0.000000 0.997917 0.998437 0.997917 0.998437 0.810417 0.850000 0.716667 0.603125 0.714583 0.510938 0.510417 0.432812 0.464583 0.345313 0.531250 0.139063 0.541667 0.232813 0.614583
4 0.482812 0.460417 0.481250 0.464583 0.476562 0.464583 0.475000 0.466667 0.473438 0.487500 0.476562 0.489583 0.482812 0.489583 0.485938 0.491667 0.489063 0.497917 0.489063 0.493750 0.490625 0.491667 0.490625 0.483333 0.492188 0.481250 0.492188 0.472917 0.489063 0.468750 0.487500 0.462500 0.485938 0.460417
4 0.823438 0.447917 0.865625 0.554167 0.854688 0.731250 0.998437 0.808333 0.998437 0.445833
4 0.000000 0.222917 0.000000 0.618750 0.050000 0.575000 0.298438 0.506250 0.353125 0.466667 0.348438 0.410417 0.315625 0.427083 0.306250 0.385417 0.229687 0.383333 0.212500 0.333333 0.129688 0.310417
8 0.000000 0.000000 0.000000 0.220833 0.348438 0.408333 0.351562 0.470833 0.507812 0.458333 0.529687 0.535417 0.637500 0.383333 0.998437 0.443750 0.998437 0.000000 0.585938 0.000000 0.545312 0.202083 0.459375 0.252083 0.485938 0.325000 0.445312 0.389583 0.401562 0.343750 0.389062 0.437500 0.326562 0.000000
9 0.228125 0.593750 0.128125 0.545833 0.050000 0.577083 0.003125 0.616667 0.000000 0.818750 0.231250 0.614583
9 0.403125 0.468750 0.356250 0.468750 0.298438 0.508333 0.256250 0.516667 0.345313 0.529167 0.378125 0.506250 0.400000 0.481250
10 0.584375 0.000000 0.328125 0.000000 0.365625 0.129167 0.340625 0.170833 0.367188 0.200000 0.356250 0.220833 0.376563 0.287500 0.432812 0.383333 0.484375 0.325000 0.470313 0.300000 0.460938 0.337500 0.440625 0.318750 0.457813 0.252083 0.543750 0.202083 0.550000 0.156250 0.531250 0.166667 0.526563 0.145833 0.582812 0.058333
13 0.500000 0.460417 0.493750 0.472917 0.492188 0.495833 0.490625 0.497917 0.495312 0.497917 0.500000 0.502083 0.501563 0.506250 0.509375 0.508333 0.509375 0.472917 0.510938 0.468750 0.507812 0.460417
13 0.398438 0.447917 0.400000 0.454167 0.404687 0.460417 0.404687 0.468750 0.412500 0.468750 0.414062 0.466667 0.426563 0.466667 0.426563 0.452083 0.423438 0.450000 0.417187 0.450000 0.415625 0.452083 0.412500 0.452083 0.406250 0.445833 0.400000 0.445833
13 0.531250 0.527083 0.529687 0.606250 0.585938 0.643750 0.603125 0.712500 0.629687 0.714583 0.640625 0.683333 0.853125 0.710417 0.864062 0.554167 0.817187 0.427083 0.729688 0.391667 0.637500 0.385417 0.584375 0.427083