0 0.078125 0.997917 0.998437 0.997917 0.998437 0.770833 0.589063 0.554167 0.525000 0.560417 0.506250 0.493750 0.439063 0.468750
1 0.410938 0.508333 0.346875 0.504167 0.382812 0.522917 0.360938 0.560417 0.257812 0.545833 0.000000 0.639583 0.000000 0.997917 0.081250 0.995833
3 0.329688 0.387500 0.323437 0.395833 0.323437 0.412500 0.331250 0.437500 0.332813 0.512500 0.368750 0.495833 0.400000 0.468750 0.401562 0.443750 0.384375 0.441667 0.381250 0.422917 0.351562 0.420833 0.348438 0.404167 0.340625 0.404167
4 0.492188 0.464583 0.492188 0.468750 0.490625 0.470833 0.490625 0.485417 0.495312 0.491667 0.498437 0.491667 0.500000 0.495833 0.504687 0.495833 0.504687 0.491667 0.501563 0.489583 0.504687 0.487500 0.504687 0.466667 0.501563 0.464583 0.500000 0.466667 0.498437 0.462500
4 0.604688 0.458333 0.615625 0.493750 0.612500 0.564583 0.710938 0.622917 0.723437 0.620833 0.739062 0.595833 0.773438 0.589583 0.764062 0.495833 0.746875 0.497917 0.754687 0.468750 0.745313 0.458333
4 0.000000 0.281250 0.000000 0.637500 0.271875 0.535417 0.273438 0.385417 0.182812 0.368750
5 0.314063 0.283333 0.304688 0.362500 0.300000 0.541667 0.306250 0.541667 0.310937 0.491667
8 0.000000 0.000000 0.000000 0.279167 0.273438 0.383333 0.273438 0.522917 0.314063 0.281250 0.312500 0.518750 0.329688 0.385417 0.473438 0.481250 0.739062 0.454167 0.776563 0.585417 0.720313 0.631250 0.998437 0.733333 0.998437 0.000000 0.618750 0.000000 0.467187 0.393750 0.409375 0.320833 0.454688 0.000000
9 0.904687 0.722917 0.998437 0.768750 0.998437 0.735417 0.931250 0.718750
9 0.381250 0.522917 0.359375 0.510417 0.342187 0.508333 0.325000 0.525000 0.310937 0.518750 0.306250 0.543750 0.295312 0.537500 0.295312 0.525000 0.273438 0.525000 0.273438 0.535417 0.267188 0.543750 0.278125 0.552083 0.353125 0.560417 0.365625 0.556250 0.379688 0.537500
9 0.431250 0.472917 0.429688 0.468750 0.403125 0.466667 0.393750 0.477083 0.384375 0.481250 0.379688 0.489583 0.375000 0.489583 0.368750 0.497917 0.362500 0.500000 0.384375 0.502083 0.385937 0.506250 0.412500 0.506250 0.425000 0.491667
10 0.617188 0.000000 0.456250 0.000000 0.437500 0.035417 0.462500 0.052083 0.460938 0.120833 0.426563 0.202083 0.451562 0.208333 0.410938 0.320833 0.425000 0.308333 0.456250 0.387500 0.470313 0.387500 0.475000 0.327083 0.521875 0.300000 0.540625 0.260417 0.523438 0.237500 0.601562 0.039583 0.617188 0.045833
13 0.506250 0.464583 0.507812 0.535417 0.518750 0.539583 0.525000 0.558333 0.534375 0.558333 0.542188 0.545833 0.564063 0.545833 0.607812 0.566667 0.614062 0.493750 0.601562 0.452083 0.571875 0.437500 0.539062 0.435417 0.523438 0.464583