0 0.000000 0.804167 0.000000 0.997917 0.998437 0.997917 0.998437 0.804167 0.673438 0.600000 0.537500 0.604167 0.506250 0.504167 0.434375 0.464583 0.265625 0.518750 0.320312 0.552083 0.275000 0.620833
1 0.200000 0.660417 0.129688 0.654167 0.000000 0.664583 0.000000 0.802083 0.026562 0.758333 0.121875 0.695833 0.164062 0.689583
4 0.660937 0.447917 0.679688 0.500000 0.682813 0.612500 0.998437 0.802083 0.998437 0.431250
4 0.025000 0.295833 0.000000 0.297917 0.000000 0.637500 0.042188 0.616667 0.050000 0.564583 0.056250 0.316667
4 0.137500 0.312500 0.137500 0.547917 0.168750 0.537500 0.187500 0.493750 0.190625 0.558333 0.365625 0.475000 0.368750 0.441667 0.339062 0.439583 0.337500 0.408333 0.278125 0.412500 0.264062 0.375000 0.196875 0.341667 0.181250 0.275000 0.167187 0.320833
5 0.132812 0.000000 0.120313 0.000000 0.104688 0.631250 0.120313 0.622917
8 0.187500 0.495833 0.170313 0.531250 0.170313 0.537500 0.162500 0.539583 0.159375 0.535417 0.157812 0.543750 0.153125 0.550000 0.148438 0.550000 0.159375 0.554167 0.175000 0.581250 0.184375 0.581250 0.185938 0.568750 0.189062 0.566667
8 0.128125 0.495833 0.128125 0.508333 0.126562 0.510417 0.126562 0.554167 0.132812 0.554167 0.135937 0.550000 0.139063 0.550000 0.135937 0.547917 0.132812 0.539583 0.132812 0.514583 0.131250 0.512500 0.131250 0.500000
8 0.171875 0.343750 0.167187 0.364583 0.168750 0.425000 0.184375 0.450000 0.189062 0.450000 0.192188 0.443750 0.195312 0.372917 0.193750 0.364583 0.178125 0.343750
8 0.132812 0.004167 0.128125 0.464583 0.178125 0.272917 0.365625 0.477083 0.998437 0.429167 0.998437 0.000000 0.589063 0.000000 0.393750 0.443750 0.414062 0.000000
8 0.000000 0.000000 0.000000 0.295833 0.057813 0.316667 0.050000 0.570833 0.092188 0.581250 0.118750 0.000000
9 0.318750 0.552083 0.264062 0.520833 0.190625 0.560417 0.184375 0.583333 0.135937 0.552083 0.117188 0.633333 0.095312 0.625000 0.095312 0.581250 0.050000 0.572917 0.043750 0.616667 0.004687 0.633333 0.000000 0.662500 0.206250 0.658333 0.267188 0.627083
9 0.407813 0.472917 0.360938 0.479167 0.339062 0.489583 0.331250 0.500000 0.287500 0.512500 0.368750 0.518750 0.385937 0.506250
10 0.587500 0.000000 0.415625 0.000000 0.396875 0.070833 0.420312 0.068750 0.409375 0.131250 0.370312 0.166667 0.382812 0.197917 0.375000 0.283333 0.435937 0.387500 0.453125 0.364583 0.440625 0.345833 0.451562 0.293750 0.528125 0.229167 0.509375 0.193750
13 0.501563 0.456250 0.492188 0.460417 0.492188 0.466667 0.490625 0.468750 0.490625 0.491667 0.492188 0.495833 0.500000 0.495833 0.501563 0.491667
13 0.403125 0.452083 0.403125 0.454167 0.406250 0.458333 0.406250 0.462500 0.409375 0.464583 0.409375 0.470833 0.412500 0.468750 0.415625 0.468750 0.417187 0.466667 0.426563 0.466667 0.428125 0.464583 0.428125 0.456250 0.426563 0.452083 0.412500 0.452083 0.410938 0.450000 0.404687 0.450000
13 0.518750 0.460417 0.503125 0.550000 0.509375 0.564583 0.529687 0.566667 0.537500 0.602083 0.551562 0.602083 0.557813 0.581250 0.639062 0.589583 0.656250 0.606250 0.673438 0.595833 0.678125 0.500000 0.656250 0.437500 0.610938 0.416667 0.560937 0.416667