0 0.000000 0.572917 0.000000 0.997917 0.878125 0.997917 0.681250 0.758333 0.615625 0.735417 0.610938 0.579167 0.450000 0.468750 0.309375 0.560417
2 0.575000 0.337500 0.560937 0.343750 0.542188 0.364583 0.534375 0.387500 0.553125 0.377083 0.556250 0.391667 0.560937 0.395833 0.576562 0.391667 0.582812 0.383333 0.582812 0.377083 0.579688 0.375000 0.582812 0.368750 0.573438 0.370833
3 0.600000 0.500000 0.592187 0.504167 0.589063 0.518750 0.585938 0.562500 0.589063 0.566667 0.610938 0.577083 0.610938 0.545833 0.614062 0.533333 0.614062 0.516667
4 0.490625 0.460417 0.487500 0.464583 0.487500 0.495833 0.490625 0.500000 0.498437 0.502083 0.500000 0.506250 0.507812 0.506250 0.510938 0.479167 0.514062 0.475000 0.514062 0.470833 0.520312 0.462500
4 0.000000 0.231250 0.000000 0.570833 0.248438 0.522917 0.340625 0.472917 0.354687 0.416667 0.332813 0.395833 0.276562 0.416667 0.262500 0.352083 0.142187 0.329167 0.095312 0.275000
5 0.620313 0.497917 0.617188 0.504167 0.615625 0.533333 0.612500 0.545833 0.612500 0.585417 0.615625 0.581250 0.615625 0.575000 0.618750 0.568750 0.618750 0.556250 0.621875 0.547917
8 0.000000 0.000000 0.001563 0.231250 0.332813 0.393750 0.342187 0.470833 0.534375 0.458333 0.553125 0.554167 0.998437 0.283333 0.998437 0.000000 0.596875 0.000000 0.607812 0.122917 0.453125 0.277083 0.584375 0.383333 0.410938 0.331250 0.392188 0.437500 0.412500 0.306250 0.321875 0.179167 0.350000 0.000000
9 0.410938 0.472917 0.346875 0.468750 0.248438 0.525000 0.129688 0.550000 0.309375 0.558333 0.387500 0.506250
10 0.312500 0.022917 0.354687 0.108333 0.326562 0.139583 0.328125 0.195833 0.364063 0.208333 0.442188 0.391667 0.500000 0.316667 0.537500 0.370833 0.579688 0.329167 0.520312 0.320833 0.492188 0.250000 0.478125 0.295833 0.451562 0.277083 0.481250 0.179167 0.512500 0.191667 0.606250 0.122917 0.592187 0.068750 0.559375 0.091667 0.595313 0.000000
13 0.526563 0.460417 0.521875 0.462500 0.515625 0.470833 0.510938 0.487500 0.509375 0.506250 0.512500 0.506250 0.525000 0.522917 0.532813 0.522917 0.535937 0.516667 0.535937 0.502083 0.537500 0.500000 0.537500 0.464583 0.534375 0.460417
13 0.404687 0.450000 0.410938 0.460417 0.410938 0.470833 0.420312 0.470833 0.421875 0.466667 0.435937 0.466667 0.435937 0.456250 0.432812 0.452083 0.421875 0.454167 0.417187 0.447917 0.406250 0.447917
13 0.998437 0.285417 0.785937 0.385417 0.614062 0.591667 0.617188 0.735417 0.668750 0.743750 0.879687 0.997917 0.998437 0.997917
17 0.485938 0.462500 0.484375 0.462500 0.481250 0.468750 0.478125 0.466667 0.475000 0.466667 0.473438 0.468750 0.475000 0.470833 0.475000 0.477083 0.473438 0.479167 0.473438 0.491667 0.471875 0.495833 0.473438 0.497917 0.473438 0.502083 0.475000 0.502083 0.476562 0.506250 0.479687 0.506250 0.482812 0.500000 0.482812 0.493750 0.485938 0.491667