0 0.029687 0.997917 0.998437 0.997917 0.998437 0.793750 0.645312 0.577083 0.528125 0.579167 0.501563 0.493750 0.435937 0.464583 0.359375 0.516667
1 0.315625 0.597917 0.159375 0.583333 0.000000 0.650000 0.000000 0.997917 0.031250 0.995833
1 0.301563 0.512500 0.307812 0.518750 0.314063 0.518750 0.315625 0.522917 0.335938 0.529167 0.342187 0.537500 0.346875 0.537500 0.348438 0.531250 0.353125 0.529167 0.357812 0.516667 0.360938 0.514583 0.331250 0.512500 0.321875 0.508333
4 0.970313 0.641667 0.931250 0.600000 0.939063 0.425000 0.629687 0.445833 0.643750 0.483333 0.640625 0.575000 0.857812 0.697917
4 0.257812 0.368750 0.256250 0.539583 0.373437 0.475000 0.379688 0.435417 0.354687 0.439583 0.351562 0.412500 0.342187 0.420833 0.310937 0.418750 0.296875 0.389583
4 0.221875 0.352083 0.220312 0.522917 0.232813 0.533333 0.245312 0.514583 0.242188 0.466667 0.235937 0.447917 0.239063 0.364583
4 0.000000 0.322917 0.000000 0.647917 0.160938 0.581250 0.168750 0.358333
5 0.221875 0.070833 0.201563 0.585417 0.215625 0.579167
8 0.896875 0.470833 0.887500 0.487500 0.882812 0.487500 0.879687 0.479167 0.875000 0.479167 0.875000 0.506250 0.870313 0.518750 0.870313 0.529167 0.876563 0.541667 0.876563 0.554167 0.884375 0.558333 0.889062 0.543750 0.887500 0.520833 0.892188 0.512500 0.892188 0.500000 0.903125 0.495833 0.907813 0.487500
8 0.000000 0.000000 0.000000 0.320833 0.170313 0.358333 0.167187 0.558333 0.221875 0.068750 0.218750 0.543750 0.257812 0.366667 0.503125 0.495833 0.939063 0.422917 0.971875 0.641667 0.857812 0.700000 0.998437 0.791667 0.998437 0.000000 0.590625 0.000000 0.401562 0.441667 0.431250 0.000000
9 0.345313 0.539583 0.298438 0.514583 0.251563 0.550000 0.239063 0.541667 0.218750 0.545833 0.212500 0.587500 0.196875 0.583333 0.196875 0.560417 0.165625 0.560417 0.162500 0.581250 0.192188 0.597917 0.303125 0.600000 0.325000 0.581250
9 0.412500 0.468750 0.407813 0.475000 0.375000 0.472917 0.350000 0.493750 0.342187 0.493750 0.320312 0.506250 0.346875 0.512500 0.387500 0.510417 0.403125 0.495833 0.404687 0.487500 0.410938 0.481250
10 0.589063 0.000000 0.432812 0.000000 0.420312 0.018750 0.421875 0.089583 0.401562 0.129167 0.428125 0.137500 0.385937 0.212500 0.396875 0.245833 0.382812 0.297917 0.400000 0.320833 0.404687 0.295833 0.439063 0.387500 0.454688 0.377083 0.457813 0.304167 0.523438 0.250000 0.531250 0.218750 0.509375 0.206250 0.564063 0.102083
13 0.410938 0.450000 0.410938 0.454167 0.414062 0.458333 0.414062 0.468750 0.418750 0.468750 0.420312 0.466667 0.431250 0.466667 0.434375 0.464583 0.434375 0.454167 0.431250 0.450000 0.423438 0.450000 0.421875 0.452083 0.415625 0.447917 0.412500 0.447917
13 0.535937 0.427083 0.515625 0.456250 0.501563 0.516667 0.503125 0.545833 0.518750 0.547917 0.528125 0.577083 0.540625 0.577083 0.546875 0.560417 0.614062 0.566667 0.621875 0.585417 0.634375 0.583333 0.643750 0.547917 0.642188 0.483333 0.625000 0.437500 0.587500 0.422917