0 0.000000 0.902083 0.000000 0.997917 0.998437 0.997917 0.998437 0.806250 0.471875 0.472917
2 0.632812 0.316667 0.631250 0.345833 0.646875 0.320833 0.667188 0.337500 0.676562 0.377083 0.687500 0.391667 0.685937 0.412500 0.678125 0.418750 0.707812 0.416667 0.654687 0.302083
2 0.998437 0.087500 0.896875 0.160417 0.862500 0.145833 0.809375 0.233333 0.795312 0.202083 0.784375 0.256250 0.704688 0.331250 0.720313 0.339583 0.715625 0.422917 0.760938 0.466667 0.742188 0.427083 0.765625 0.435417 0.812500 0.352083 0.834375 0.356250 0.840625 0.308333 0.814063 0.264583 0.831250 0.216667 0.875000 0.254167 0.910937 0.222917 0.950000 0.243750 0.990625 0.172917
4 0.557813 0.466667 0.534375 0.468750 0.534375 0.481250 0.531250 0.483333 0.531250 0.502083 0.537500 0.508333 0.542188 0.491667 0.542188 0.483333 0.539062 0.481250 0.539062 0.472917 0.542188 0.468750 0.545312 0.468750 0.548438 0.475000 0.553125 0.475000
4 0.565625 0.464583 0.570312 0.543750 0.648438 0.597917 0.676562 0.602083 0.668750 0.587500 0.654687 0.583333 0.650000 0.568750 0.654687 0.516667 0.673438 0.475000 0.651563 0.466667
4 0.289062 0.362500 0.292187 0.370833 0.315625 0.385417 0.315625 0.404167 0.332813 0.408333 0.354687 0.402083 0.373437 0.418750 0.382812 0.439583 0.387500 0.439583 0.389062 0.414583 0.379688 0.414583 0.370312 0.402083 0.354687 0.402083 0.343750 0.391667 0.340625 0.379167 0.331250 0.385417
4 0.004687 0.175000 0.000000 0.529167 0.053125 0.508333 0.064062 0.466667 0.089063 0.443750 0.098437 0.393750 0.162500 0.381250 0.173437 0.283333 0.134375 0.239583 0.076563 0.222917
5 0.451562 0.235417 0.418750 0.254167 0.409375 0.275000 0.403125 0.425000 0.412500 0.275000 0.423438 0.256250 0.451562 0.241667
8 0.998437 0.145833 0.950000 0.245833 0.910937 0.225000 0.875000 0.256250 0.831250 0.218750 0.815625 0.264583 0.842187 0.308333 0.835938 0.356250 0.812500 0.354167 0.765625 0.437500 0.743750 0.427083 0.762500 0.500000 0.809375 0.477083 0.854688 0.518750 0.842187 0.595833 0.885938 0.616667 0.875000 0.641667 0.992188 0.697917
8 0.000000 0.000000 0.000000 0.172917 0.176563 0.293750 0.000000 0.531250 0.000000 0.900000 0.429688 0.445833 0.757812 0.466667 0.714063 0.316667 0.678125 0.420833 0.581250 0.241667 0.501563 0.402083 0.423438 0.258333 0.403125 0.427083 0.439063 0.235417 0.348438 0.000000
9 0.718750 0.633333 0.720313 0.647917 0.942187 0.747917 0.998437 0.804167 0.998437 0.700000 0.817187 0.625000 0.734375 0.614583
9 0.501563 0.497917 0.504687 0.497917 0.509375 0.502083 0.523438 0.502083 0.525000 0.506250 0.518750 0.514583 0.531250 0.527083 0.535937 0.529167 0.537500 0.510417 0.529687 0.502083 0.518750 0.502083 0.512500 0.497917
10 0.346875 0.010417 0.500000 0.400000 0.510938 0.302083 0.565625 0.241667 0.631250 0.318750 0.717187 0.316667 0.862500 0.143750 0.998437 0.085417 0.998437 0.000000
13 0.656250 0.516667 0.654687 0.581250 0.693750 0.622917 0.718750 0.631250 0.754687 0.612500 0.839063 0.637500 0.885938 0.629167 0.873437 0.602083 0.842187 0.600000 0.856250 0.525000 0.818750 0.483333 0.803125 0.479167 0.790625 0.504167 0.773438 0.508333 0.759375 0.495833 0.759375 0.468750 0.682813 0.466667
13 0.429688 0.447917 0.429688 0.466667 0.435937 0.481250 0.450000 0.481250 0.454688 0.472917 0.456250 0.475000 0.467187 0.475000 0.470313 0.470833 0.467187 0.456250 0.453125 0.458333 0.443750 0.447917
17 0.564063 0.462500 0.553125 0.477083 0.548438 0.477083 0.545312 0.470833 0.540625 0.472917 0.543750 0.491667 0.539062 0.504167 0.537500 0.535417 0.540625 0.543750 0.553125 0.550000 0.562500 0.535417 0.564063 0.504167 0.568750 0.497917 0.568750 0.483333 0.565625 0.483333 0.562500 0.477083