0 0.000000 0.914583 0.000000 0.997917 0.998437 0.997917 0.998437 0.810417 0.473438 0.472917
2 0.679688 0.347917 0.690625 0.370833 0.690625 0.377083 0.698438 0.389583 0.696875 0.406250 0.690625 0.410417 0.692187 0.418750 0.700000 0.414583 0.715625 0.416667 0.714063 0.408333 0.701562 0.387500 0.700000 0.379167
2 0.660937 0.300000 0.653125 0.302083 0.646875 0.310417 0.640625 0.312500 0.639062 0.316667 0.639062 0.341667 0.645312 0.341667 0.650000 0.333333 0.650000 0.327083 0.657813 0.316667 0.662500 0.318750 0.673438 0.331250 0.673438 0.322917 0.668750 0.318750 0.668750 0.312500
2 0.998437 0.087500 0.928125 0.139583 0.917188 0.120833 0.910937 0.152083 0.881250 0.133333 0.823438 0.227083 0.810937 0.191667 0.798438 0.247917 0.717187 0.322917 0.748437 0.450000 0.801562 0.464583 0.779687 0.416667 0.804688 0.427083 0.892188 0.318750 0.865625 0.245833 0.878125 0.177083 0.945312 0.220833 0.985938 0.185417 0.993750 0.218750
4 0.553125 0.466667 0.542188 0.466667 0.539062 0.468750 0.539062 0.481250 0.537500 0.483333 0.537500 0.508333 0.540625 0.512500 0.543750 0.512500 0.548438 0.495833 0.548438 0.483333 0.545312 0.475000 0.548438 0.468750 0.551562 0.468750
4 0.573438 0.462500 0.571875 0.477083 0.579688 0.487500 0.573438 0.504167 0.578125 0.547917 0.664062 0.606250 0.700000 0.616667 0.692187 0.597917 0.668750 0.581250 0.673438 0.527083 0.689063 0.487500 0.678125 0.485417 0.676562 0.468750
4 0.226562 0.327083 0.229687 0.345833 0.253125 0.352083 0.271875 0.391667 0.289062 0.391667 0.320312 0.408333 0.339062 0.397917 0.360938 0.404167 0.340625 0.389583 0.337500 0.372917 0.326562 0.381250 0.284375 0.352083 0.273438 0.329167 0.245312 0.333333 0.235937 0.345833 0.229687 0.341667 0.232813 0.327083
4 0.000000 0.170833 0.000000 0.447917 0.007812 0.414583 0.067187 0.418750 0.112500 0.350000 0.154688 0.356250 0.164062 0.331250 0.187500 0.341667 0.170313 0.333333 0.173437 0.314583 0.125000 0.297917 0.107813 0.239583 0.071875 0.191667
5 0.454688 0.227083 0.426563 0.241667 0.412500 0.262500 0.401562 0.395833 0.404687 0.427083 0.415625 0.260417
8 0.884375 0.175000 0.867188 0.245833 0.898438 0.289583 0.893750 0.318750 0.804688 0.429167 0.779687 0.427083 0.803125 0.466667 0.912500 0.529167 0.890625 0.612500 0.929688 0.662500 0.998437 0.691667 0.998437 0.193750 0.990625 0.222917 0.985938 0.187500 0.917188 0.218750
8 0.000000 0.000000 0.000000 0.168750 0.189062 0.341667 0.006250 0.420833 0.000000 0.912500 0.432812 0.445833 0.529687 0.506250 0.771875 0.464583 0.723437 0.316667 0.639062 0.343750 0.585938 0.233333 0.504687 0.402083 0.423438 0.250000 0.404687 0.429167 0.442188 0.229167 0.345313 0.000000
9 0.748437 0.650000 0.757812 0.672917 0.998437 0.808333 0.998437 0.693750 0.970313 0.670833 0.915625 0.650000 0.873437 0.654167 0.848437 0.635417 0.773438 0.631250
10 0.346875 0.000000 0.503125 0.400000 0.514062 0.300000 0.571875 0.235417 0.610938 0.241667 0.639062 0.310417 0.725000 0.314583 0.810937 0.189583 0.823438 0.225000 0.881250 0.131250 0.910937 0.150000 0.998437 0.085417 0.998437 0.000000
13 0.679688 0.508333 0.670312 0.581250 0.721875 0.639583 0.750000 0.645833 0.806250 0.627083 0.881250 0.654167 0.918750 0.650000 0.910937 0.622917 0.889062 0.612500 0.917188 0.537500 0.853125 0.479167 0.707812 0.464583
13 0.431250 0.450000 0.431250 0.460417 0.435937 0.468750 0.437500 0.481250 0.453125 0.481250 0.456250 0.472917 0.457813 0.475000 0.470313 0.475000 0.471875 0.472917 0.470313 0.456250 0.457813 0.456250 0.454688 0.458333 0.446875 0.447917 0.432812 0.447917
17 0.571875 0.462500 0.565625 0.466667 0.554688 0.466667 0.546875 0.475000 0.550000 0.495833 0.545312 0.510417 0.545312 0.539583 0.557813 0.554167 0.564063 0.554167 0.571875 0.537500 0.571875 0.504167 0.578125 0.495833 0.576562 0.483333 0.570312 0.477083