0 0.017188 0.997917 0.998437 0.997917 0.998437 0.795833 0.479687 0.470833
2 0.676562 0.277083 0.673438 0.277083 0.667188 0.283333 0.667188 0.289583 0.668750 0.289583 0.670312 0.293750 0.675000 0.295833 0.675000 0.300000 0.670312 0.306250 0.670312 0.314583 0.671875 0.310417 0.678125 0.310417 0.684375 0.300000 0.685937 0.304167 0.689063 0.304167 0.684375 0.295833 0.685937 0.293750 0.684375 0.289583 0.681250 0.287500 0.681250 0.281250
2 0.998437 0.072917 0.982812 0.083333 0.953125 0.054167 0.931250 0.131250 0.876563 0.181250 0.857812 0.137500 0.846875 0.208333 0.751563 0.295833 0.771875 0.295833 0.765625 0.391667 0.818750 0.393750 0.818750 0.422917 0.854688 0.443750 0.965625 0.443750 0.970313 0.356250 0.998437 0.358333
4 0.595313 0.458333 0.554688 0.462500 0.553125 0.477083 0.550000 0.479167 0.550000 0.510417 0.568750 0.520833 0.578125 0.483333 0.571875 0.470833 0.575000 0.466667 0.589063 0.470833
4 0.600000 0.456250 0.600000 0.475000 0.614062 0.487500 0.607812 0.554167 0.796875 0.652083 0.762500 0.602083 0.768750 0.525000 0.795312 0.462500
4 0.000000 0.187500 0.001563 0.310417 0.065625 0.295833 0.089063 0.345833 0.176563 0.327083 0.254688 0.433333 0.387500 0.435417 0.382812 0.402083 0.179688 0.291667 0.173437 0.256250 0.087500 0.239583 0.100000 0.272917 0.070312 0.258333 0.057813 0.289583
5 0.970313 0.610417 0.968750 0.689583 0.965625 0.697917 0.967187 0.714583 0.962500 0.716667 0.978125 0.720833 0.975000 0.714583 0.976562 0.697917 0.973437 0.689583 0.975000 0.627083 0.973437 0.612500
5 0.975000 0.356250 0.968750 0.366667 0.971875 0.412500 0.967187 0.427083 0.971875 0.568750 0.975000 0.547917 0.970313 0.500000 0.978125 0.443750 0.971875 0.404167
5 0.457813 0.191667 0.421875 0.210417 0.409375 0.231250 0.401562 0.416667 0.410938 0.235417 0.420312 0.218750
8 0.998437 0.360417 0.976562 0.366667 0.976562 0.387500 0.973437 0.404167 0.979688 0.431250 0.979688 0.443750 0.998437 0.447917
8 0.000000 0.997917 0.437500 0.443750 0.853125 0.441667 0.604688 0.197917 0.509375 0.402083 0.420312 0.220833 0.401562 0.418750 0.435937 0.200000 0.360938 0.000000 0.000000 0.000000 0.054688 0.285417 0.173437 0.254167 0.390625 0.414583 0.000000 0.310417
9 0.921875 0.710417 0.940625 0.729167 0.953125 0.762500 0.998437 0.793750 0.998437 0.706250 0.978125 0.704167 0.978125 0.722917 0.960938 0.716667 0.965625 0.714583 0.962500 0.700000 0.937500 0.702083
9 0.535937 0.514583 0.537500 0.518750 0.542188 0.520833 0.546875 0.527083 0.553125 0.529167 0.567187 0.539583 0.568750 0.522917 0.564063 0.518750 0.557813 0.518750 0.548438 0.510417 0.546875 0.504167 0.545312 0.504167 0.545312 0.508333 0.543750 0.510417
10 0.362500 0.000000 0.401562 0.158333 0.459375 0.191667 0.507812 0.400000 0.525000 0.272917 0.589063 0.200000 0.750000 0.300000 0.845313 0.208333 0.857812 0.135417 0.876563 0.179167 0.953125 0.052083 0.998437 0.070833 0.998437 0.000000
13 0.435937 0.447917 0.435937 0.460417 0.437500 0.466667 0.443750 0.475000 0.443750 0.481250 0.459375 0.481250 0.464062 0.472917 0.473438 0.475000 0.478125 0.470833 0.476562 0.456250 0.462500 0.456250 0.460938 0.458333 0.454688 0.447917 0.450000 0.445833 0.437500 0.445833
13 0.796875 0.462500 0.765625 0.554167 0.773438 0.625000 0.906250 0.714583 0.964063 0.700000 0.971875 0.608333 0.978125 0.702083 0.998437 0.704167 0.998437 0.450000 0.978125 0.445833 0.973437 0.570833 0.967187 0.445833
17 0.598437 0.456250 0.593750 0.456250 0.596875 0.458333 0.589063 0.472917 0.573438 0.470833 0.579688 0.483333 0.568750 0.531250 0.570312 0.550000 0.590625 0.566667 0.603125 0.550000 0.604688 0.504167 0.610938 0.500000 0.612500 0.491667 0.610938 0.479167 0.598437 0.475000 0.601562 0.466667