0 0.000000 0.956250 0.000000 0.997917 0.998437 0.997917 0.998437 0.810417 0.464062 0.475000 0.279687 0.714583
2 0.898438 0.437500 0.898438 0.454167 0.915625 0.454167 0.917188 0.456250 0.920312 0.456250 0.921875 0.454167 0.920312 0.447917 0.918750 0.445833 0.915625 0.445833 0.914062 0.441667 0.910937 0.439583 0.909375 0.435417 0.909375 0.427083 0.907813 0.431250
2 0.998437 0.072917 0.965625 0.108333 0.934375 0.083333 0.912500 0.154167 0.871875 0.193750 0.843750 0.160417 0.834375 0.227083 0.743750 0.306250 0.760938 0.316667 0.757812 0.400000 0.798438 0.408333 0.796875 0.435417 0.829688 0.454167 0.885938 0.454167 0.890625 0.383333 0.946875 0.385417 0.996875 0.325000
4 0.587500 0.460417 0.553125 0.464583 0.550000 0.472917 0.546875 0.502083 0.550000 0.512500 0.556250 0.516667 0.564063 0.516667 0.568750 0.489583 0.571875 0.485417 0.568750 0.481250 0.568750 0.470833 0.571875 0.468750 0.576562 0.475000 0.582812 0.475000 0.587500 0.468750
4 0.595313 0.460417 0.593750 0.475000 0.604688 0.483333 0.601562 0.552083 0.726562 0.631250 0.759375 0.629167 0.732812 0.604167 0.732812 0.550000 0.764062 0.466667
4 0.146875 0.275000 0.168750 0.314583 0.159375 0.345833 0.178125 0.362500 0.231250 0.345833 0.284375 0.418750 0.389062 0.431250 0.389062 0.404167 0.325000 0.372917 0.318750 0.354167 0.304688 0.362500 0.229687 0.314583 0.221875 0.283333 0.195312 0.291667
4 0.000000 0.208333 0.000000 0.266667 0.021875 0.297917 0.082812 0.262500 0.114062 0.252083 0.106250 0.239583 0.064062 0.212500
5 0.896875 0.383333 0.889062 0.395833 0.885938 0.466667 0.889062 0.685417
5 0.459375 0.202083 0.420312 0.229167 0.414062 0.243750 0.404687 0.416667 0.418750 0.237500 0.457813 0.210417
8 0.998437 0.322917 0.959375 0.352083 0.946875 0.387500 0.931250 0.383333 0.923438 0.395833 0.896875 0.393750 0.898438 0.435417 0.909375 0.425000 0.923438 0.458333 0.985938 0.470833 0.998437 0.481250
8 0.000000 0.954167 0.279687 0.712500 0.437500 0.445833 0.543750 0.506250 0.828125 0.452083 0.601562 0.210417 0.510938 0.404167 0.426563 0.229167 0.404687 0.418750 0.440625 0.204167 0.371875 0.000000 0.000000 0.000000 0.000000 0.206250 0.115625 0.250000 0.000000 0.268750
9 0.828125 0.687500 0.873437 0.735417 0.998437 0.808333 0.998437 0.697917 0.910937 0.681250 0.889062 0.687500 0.868750 0.677083 0.854688 0.687500
9 0.534375 0.514583 0.534375 0.516667 0.539062 0.522917 0.543750 0.525000 0.546875 0.529167 0.551562 0.529167 0.560937 0.537500 0.564063 0.518750 0.556250 0.518750 0.550000 0.514583 0.546875 0.508333 0.543750 0.508333 0.542188 0.504167 0.543750 0.508333 0.540625 0.512500 0.535937 0.512500
10 0.373437 0.000000 0.400000 0.156250 0.462500 0.204167 0.484375 0.387500 0.510938 0.402083 0.525000 0.283333 0.589063 0.210417 0.662500 0.293750 0.700000 0.264583 0.743750 0.304167 0.832812 0.227083 0.843750 0.158333 0.860938 0.200000 0.934375 0.081250 0.965625 0.106250 0.998437 0.070833 0.998437 0.000000
13 0.898438 0.456250 0.895312 0.679167 0.998437 0.695833 0.996875 0.479167
13 0.885938 0.456250 0.765625 0.464583 0.740625 0.518750 0.734375 0.604167 0.815625 0.683333 0.884375 0.679167
13 0.437500 0.447917 0.437500 0.462500 0.443750 0.470833 0.445312 0.481250 0.459375 0.481250 0.464062 0.472917 0.467187 0.475000 0.476562 0.475000 0.478125 0.472917 0.478125 0.456250 0.464062 0.456250 0.462500 0.458333 0.454688 0.447917 0.446875 0.447917 0.445312 0.445833
17 0.570312 0.470833 0.570312 0.481250 0.573438 0.485417 0.565625 0.510417 0.562500 0.539583 0.567187 0.552083 0.587500 0.562500 0.595313 0.547917 0.598437 0.522917 0.596875 0.508333 0.603125 0.500000 0.603125 0.483333 0.593750 0.477083 0.576562 0.477083