0 0.000000 0.737500 0.000000 0.997917 0.998437 0.997917 0.998437 0.812500 0.635938 0.618750 0.704688 0.581250 0.446875 0.464583 0.092188 0.497917 0.193750 0.595833
2 0.657813 0.393750 0.648438 0.393750 0.648438 0.410417 0.643750 0.425000 0.639062 0.429167 0.632812 0.429167 0.628125 0.425000 0.626563 0.429167 0.628125 0.439583 0.637500 0.441667 0.640625 0.450000 0.643750 0.452083 0.651563 0.450000 0.657813 0.439583 0.657813 0.425000 0.662500 0.418750 0.662500 0.406250
2 0.796875 0.362500 0.790625 0.368750 0.793750 0.387500 0.795312 0.387500 0.803125 0.400000 0.806250 0.400000 0.806250 0.397917 0.809375 0.395833 0.809375 0.391667 0.814063 0.387500 0.818750 0.379167 0.820312 0.368750 0.818750 0.364583
2 0.814063 0.289583 0.807813 0.283333 0.801562 0.289583 0.773438 0.300000 0.768750 0.306250 0.760938 0.308333 0.757812 0.339583 0.764062 0.339583 0.779687 0.320833 0.785937 0.320833 0.789062 0.325000 0.803125 0.325000 0.807813 0.320833 0.807813 0.314583 0.814063 0.304167
2 0.825000 0.089583 0.707812 0.191667 0.632812 0.233333 0.625000 0.285417 0.639062 0.308333 0.620313 0.350000 0.631250 0.381250 0.673438 0.381250 0.701562 0.329167 0.740625 0.360417 0.754687 0.243750 0.806250 0.250000 0.806250 0.225000 0.826562 0.206250 0.815625 0.193750 0.821875 0.158333 0.850000 0.154167
3 0.000000 0.275000 0.000000 0.381250 0.015625 0.397917 0.021875 0.397917 0.029687 0.389583 0.029687 0.377083 0.034375 0.368750 0.034375 0.327083 0.025000 0.310417 0.023438 0.279167
4 0.314063 0.437500 0.315625 0.452083 0.321875 0.452083 0.323437 0.454167 0.331250 0.454167 0.339062 0.447917 0.343750 0.447917 0.346875 0.450000 0.348438 0.445833 0.348438 0.439583 0.339062 0.439583 0.337500 0.437500 0.331250 0.437500 0.329688 0.435417 0.315625 0.435417
4 0.759375 0.422917 0.743750 0.645833 0.998437 0.810417 0.998437 0.389583 0.881250 0.425000
5 0.396875 0.302083 0.375000 0.312500 0.371875 0.318750 0.365625 0.418750 0.368750 0.418750 0.373437 0.320833
5 0.762500 0.243750 0.756250 0.243750 0.756250 0.283333 0.753125 0.287500 0.753125 0.325000 0.750000 0.329167 0.750000 0.335417 0.753125 0.339583 0.756250 0.339583 0.757812 0.310417 0.754687 0.304167 0.756250 0.285417 0.759375 0.283333 0.760938 0.272917 0.759375 0.258333
7 0.756250 0.306250 0.768750 0.304167 0.773438 0.297917 0.806250 0.283333 0.809375 0.279167 0.807813 0.258333 0.800000 0.252083 0.795312 0.254167 0.793750 0.250000 0.764062 0.247917 0.760938 0.266667 0.778125 0.268750 0.779687 0.272917 0.757812 0.285417
8 0.879687 0.472917 0.878125 0.483333 0.875000 0.485417 0.875000 0.491667 0.870313 0.506250 0.875000 0.527083 0.881250 0.535417 0.884375 0.533333 0.884375 0.518750 0.887500 0.516667 0.887500 0.500000 0.884375 0.497917 0.884375 0.477083 0.881250 0.477083
8 0.000000 0.000000 0.000000 0.735417 0.157812 0.587500 0.096875 0.472917 0.353125 0.433333 0.354687 0.270833 0.410938 0.466667 0.743750 0.616667 0.759375 0.420833 0.998437 0.387500 0.998437 0.000000 0.740625 0.362500 0.629687 0.381250 0.573438 0.135417 0.478125 0.400000 0.412500 0.077083 0.365625 0.143750 0.314063 0.000000
9 0.635938 0.622917 0.668750 0.662500 0.734375 0.700000 0.800000 0.704167 0.810937 0.695833 0.834375 0.704167 0.745313 0.650000 0.742188 0.614583 0.700000 0.606250
9 0.192188 0.577083 0.126562 0.533333 0.156250 0.558333 0.159375 0.587500 0.142187 0.597917 0.106250 0.654167 0.035937 0.695833 0.065625 0.695833 0.146875 0.645833 0.184375 0.612500
9 0.484375 0.491667 0.495312 0.512500 0.521875 0.527083 0.654687 0.558333 0.637500 0.545833 0.539062 0.522917 0.528125 0.510417
9 0.092188 0.485417 0.093750 0.495833 0.317188 0.502083 0.317188 0.493750 0.290625 0.483333 0.153125 0.466667 0.104688 0.470833
9 0.300000 0.458333 0.300000 0.462500 0.304688 0.468750 0.303125 0.477083 0.304688 0.479167 0.328125 0.479167 0.329688 0.481250 0.345313 0.481250 0.346875 0.479167 0.345313 0.477083 0.345313 0.456250 0.342187 0.458333 0.337500 0.454167 0.332813 0.456250 0.304688 0.454167
10 0.354687 0.272917 0.335938 0.283333 0.329688 0.295833 0.317188 0.306250 0.307812 0.306250 0.307812 0.314583 0.318750 0.331250 0.340625 0.339583 0.351562 0.335417 0.368750 0.341667 0.370312 0.320833 0.365625 0.322917 0.365625 0.308333 0.345313 0.300000 0.356250 0.279167
10 0.314063 0.002083 0.367188 0.068750 0.365625 0.141667 0.414062 0.077083 0.404687 0.256250 0.478125 0.397917 0.573438 0.133333 0.607812 0.139583 0.631250 0.235417 0.817187 0.085417 0.851562 0.147917 0.934375 0.060417 0.923438 0.000000
13 0.420312 0.445833 0.418750 0.450000 0.418750 0.454167 0.417187 0.456250 0.417187 0.464583 0.418750 0.466667 0.429688 0.466667 0.431250 0.468750 0.434375 0.466667 0.439063 0.466667 0.440625 0.462500 0.440625 0.458333 0.439063 0.456250 0.439063 0.450000 0.437500 0.445833
13 0.350000 0.435417 0.346875 0.452083 0.348438 0.481250 0.378125 0.479167 0.389062 0.485417 0.398438 0.477083 0.403125 0.481250 0.407813 0.477083 0.409375 0.447917 0.404687 0.437500 0.396875 0.435417 0.393750 0.427083 0.381250 0.420833 0.359375 0.420833 0.354687 0.433333