0 0.000000 0.870833 0.000000 0.997917 0.998437 0.997917 0.937500 0.795833 0.571875 0.575000 0.620313 0.550000 0.459375 0.468750 0.289062 0.500000 0.295312 0.604167
2 0.650000 0.247917 0.628125 0.247917 0.615625 0.260417 0.603125 0.306250 0.612500 0.331250 0.595313 0.377083 0.606250 0.397917 0.620313 0.406250 0.634375 0.404167 0.648438 0.377083 0.651563 0.327083 0.676562 0.327083 0.665625 0.297917 0.675000 0.285417 0.676562 0.268750 0.650000 0.279167
4 0.639062 0.441667 0.634375 0.579167 0.998437 0.814583 0.998437 0.414583
4 0.000000 0.200000 0.000000 0.431250 0.042188 0.375000 0.064062 0.381250 0.118750 0.335417 0.182812 0.358333 0.218750 0.341667 0.176563 0.302083 0.093750 0.258333 0.076563 0.218750 0.050000 0.210417 0.040625 0.225000
7 0.654687 0.364583 0.670312 0.354167 0.671875 0.343750 0.687500 0.341667 0.687500 0.333333 0.682813 0.329167 0.684375 0.327083 0.678125 0.329167 0.654687 0.327083 0.654687 0.341667 0.657813 0.339583 0.665625 0.341667 0.668750 0.345833 0.657813 0.350000 0.654687 0.347917
8 0.000000 0.868750 0.303125 0.591667 0.365625 0.318750 0.417187 0.466667 0.620313 0.560417 0.642188 0.435417 0.998437 0.412500 0.998437 0.000000 0.568750 0.000000 0.689063 0.333333 0.621875 0.408333 0.560937 0.195833 0.446875 0.372917 0.475000 0.000000 0.000000 0.000000 0.000000 0.197917 0.220312 0.337500 0.000000 0.433333
9 0.878125 0.747917 0.951562 0.812500 0.950000 0.822917 0.975000 0.856250 0.984375 0.891667 0.998437 0.912500 0.996875 0.812500 0.956250 0.783333
9 0.573438 0.575000 0.625000 0.620833 0.739062 0.662500 0.665625 0.612500 0.631250 0.577083 0.631250 0.560417
9 0.487500 0.497917 0.492188 0.508333 0.507812 0.516667 0.578125 0.537500 0.573438 0.531250 0.543750 0.518750 0.525000 0.518750 0.493750 0.508333
9 0.362500 0.462500 0.339062 0.462500 0.331250 0.481250 0.317188 0.485417 0.292187 0.483333 0.287500 0.489583 0.292187 0.497917 0.346875 0.495833 0.345313 0.489583 0.331250 0.481250 0.362500 0.479167
10 0.382812 0.331250 0.379688 0.325000 0.371875 0.320833 0.365625 0.320833 0.353125 0.337500 0.350000 0.335417 0.343750 0.343750 0.335938 0.341667 0.335938 0.347917 0.342187 0.352083 0.343750 0.350000 0.353125 0.352083 0.354687 0.347917 0.376563 0.352083 0.381250 0.345833
10 0.689063 0.158333 0.685937 0.158333 0.682813 0.162500 0.681250 0.175000 0.673438 0.177083 0.670312 0.181250 0.670312 0.193750 0.664062 0.202083 0.665625 0.212500 0.670312 0.214583 0.682813 0.212500 0.685937 0.214583 0.685937 0.187500 0.689063 0.183333 0.689063 0.177083 0.693750 0.172917 0.693750 0.166667
10 0.567187 0.000000 0.476562 0.000000 0.448437 0.035417 0.475000 0.056250 0.464062 0.139583 0.485938 0.129167 0.485938 0.160417 0.425000 0.179167 0.421875 0.283333 0.478125 0.402083 0.557813 0.193750 0.587500 0.206250 0.604688 0.268750 0.650000 0.241667 0.618750 0.247917 0.626563 0.206250 0.590625 0.204167 0.615625 0.187500 0.584375 0.145833 0.625000 0.116667 0.621875 0.066667 0.579688 0.047917
13 0.421875 0.452083 0.421875 0.468750 0.426563 0.468750 0.428125 0.470833 0.437500 0.470833 0.443750 0.466667 0.442188 0.462500 0.442188 0.452083 0.439063 0.447917 0.425000 0.447917
13 0.362500 0.454167 0.365625 0.481250 0.393750 0.479167 0.396875 0.485417 0.404687 0.481250 0.412500 0.481250 0.415625 0.477083 0.414062 0.450000 0.410938 0.441667 0.406250 0.441667 0.400000 0.431250 0.375000 0.429167