0 0.998437 0.566667 0.887500 0.287500 0.000000 0.847917 0.000000 0.997917 0.998437 0.997917
2 0.164062 0.000000 0.175000 0.050000 0.214062 0.066667 0.239063 0.047917 0.256250 0.097917 0.279687 0.079167 0.295312 0.095833 0.309375 0.085417 0.339062 0.152083 0.351562 0.131250 0.378125 0.158333 0.404687 0.154167 0.415625 0.216667 0.415625 0.154167 0.435937 0.154167 0.379688 0.002083
2 0.000000 0.000000 0.000000 0.279167 0.026562 0.285417 0.037500 0.331250 0.000000 0.391667 0.034375 0.429167 0.043750 0.404167 0.092188 0.429167 0.067187 0.372917 0.110937 0.320833 0.076563 0.304167 0.092188 0.270833 0.065625 0.208333 0.076563 0.168750 0.103125 0.193750 0.115625 0.093750 0.151562 0.066667 0.146875 0.006250
3 0.765625 0.302083 0.703125 0.316667 0.703125 0.352083 0.706250 0.362500 0.723437 0.360417 0.748437 0.345833 0.750000 0.341667 0.759375 0.339583 0.759375 0.320833 0.762500 0.318750 0.760938 0.308333
3 0.823438 0.285417 0.820312 0.285417 0.818750 0.287500 0.807813 0.287500 0.806250 0.289583 0.803125 0.289583 0.803125 0.293750 0.807813 0.300000 0.807813 0.308333 0.810937 0.310417 0.812500 0.308333 0.817187 0.308333 0.818750 0.306250 0.821875 0.306250 0.821875 0.291667 0.823438 0.289583
3 0.917188 0.247917 0.909375 0.254167 0.909375 0.285417 0.912500 0.287500 0.910937 0.295833 0.914062 0.304167 0.917188 0.302083 0.926562 0.306250 0.928125 0.291667 0.925000 0.287500 0.925000 0.272917 0.928125 0.264583 0.935937 0.256250 0.928125 0.247917 0.923438 0.250000
4 0.998437 0.212500 0.971875 0.229167 0.959375 0.247917 0.929688 0.264583 0.928125 0.306250 0.946875 0.308333 0.979688 0.329167 0.993750 0.327083 0.996875 0.310417 0.998437 0.329167
5 0.967187 0.000000 0.971875 0.175000 0.976562 0.187500 0.982812 0.164583 0.978125 0.000000
8 0.000000 0.281250 0.000000 0.377083 0.017188 0.381250 0.021875 0.377083 0.035937 0.331250 0.028125 0.314583 0.028125 0.291667 0.025000 0.285417 0.010937 0.285417 0.006250 0.289583
8 0.000000 0.762500 0.532813 0.495833 0.703125 0.314583 0.912500 0.304167 0.998437 0.210417 0.998437 0.000000 0.976562 0.189583 0.965625 0.000000 0.631250 0.000000 0.415625 0.218750 0.146875 0.000000 0.067187 0.208333 0.096875 0.425000 0.000000 0.393750
9 0.725000 0.370833 0.287500 0.643750 0.003125 0.762500 0.000000 0.845833 0.273438 0.700000
9 0.881250 0.295833 0.878125 0.339583 0.928125 0.425000 0.945312 0.487500 0.998437 0.564583 0.998437 0.331250
10 0.854688 0.020833 0.845313 0.025000 0.821875 0.064583 0.818750 0.077083 0.820312 0.089583 0.843750 0.110417 0.857812 0.104167 0.856250 0.093750 0.860938 0.085417 0.854688 0.072917 0.848437 0.072917 0.850000 0.062500 0.865625 0.043750 0.856250 0.031250
10 0.378125 0.000000 0.432812 0.131250 0.453125 0.131250 0.459375 0.164583 0.490625 0.168750 0.517188 0.164583 0.526563 0.129167 0.560937 0.131250 0.567187 0.104167 0.595313 0.085417 0.603125 0.037500 0.629687 0.000000
13 0.801562 0.289583 0.792188 0.287500 0.773438 0.291667 0.762500 0.308333 0.764062 0.318750 0.760938 0.320833 0.760938 0.339583 0.768750 0.341667 0.807813 0.327083 0.809375 0.310417 0.806250 0.308333 0.806250 0.300000
13 0.853125 0.279167 0.851562 0.279167 0.850000 0.275000 0.842187 0.275000 0.828125 0.281250 0.828125 0.283333 0.825000 0.285417 0.823438 0.291667 0.823438 0.306250 0.831250 0.306250 0.839063 0.302083 0.848437 0.302083 0.854688 0.297917