0 0.998437 0.647917 0.715625 0.335417 0.659375 0.345833 0.000000 0.997917 0.998437 0.997917
2 0.015625 0.000000 0.078125 0.083333 0.085938 0.125000 0.110937 0.118750 0.117188 0.085417 0.189062 0.131250 0.203125 0.125000 0.206250 0.200000 0.228125 0.208333 0.223438 0.139583 0.250000 0.141667 0.257812 0.118750 0.203125 0.000000
3 0.607812 0.347917 0.571875 0.358333 0.568750 0.362500 0.568750 0.391667 0.573438 0.402083 0.584375 0.402083 0.585938 0.397917 0.593750 0.397917 0.604688 0.385417 0.610938 0.383333
3 0.787500 0.293750 0.771875 0.297917 0.750000 0.295833 0.742188 0.300000 0.735938 0.320833 0.737500 0.345833 0.743750 0.345833 0.748437 0.341667 0.762500 0.341667 0.764062 0.325000 0.770312 0.322917 0.770312 0.306250 0.776563 0.297917 0.787500 0.297917
4 0.785937 0.297917 0.776563 0.300000 0.771875 0.306250 0.771875 0.322917 0.768750 0.327083 0.765625 0.325000 0.765625 0.339583 0.764062 0.341667 0.767188 0.345833 0.771875 0.343750 0.773438 0.345833 0.785937 0.345833 0.789062 0.347917 0.792188 0.337500 0.790625 0.335417 0.790625 0.318750
4 0.998437 0.062500 0.851562 0.200000 0.865625 0.220833 0.839063 0.254167 0.831250 0.304167 0.821875 0.256250 0.795312 0.300000 0.804688 0.356250 0.829688 0.360417 0.831250 0.318750 0.843750 0.364583 0.850000 0.352083 0.998437 0.397917
5 0.807813 0.000000 0.829688 0.304167 0.829688 0.139583 0.817187 0.000000
8 0.998437 0.000000 0.818750 0.000000 0.834375 0.277083 0.864062 0.220833 0.850000 0.206250 0.860938 0.185417 0.998437 0.060417
8 0.000000 0.864583 0.571875 0.356250 0.806250 0.291667 0.806250 0.000000 0.656250 0.064583 0.529687 0.000000 0.417187 0.164583 0.281250 0.195833 0.268750 0.110417 0.225000 0.214583 0.203125 0.127083 0.085938 0.127083 0.000000 0.000000
9 0.585938 0.414583 0.012500 0.852083 0.000000 0.952083
9 0.709375 0.345833 0.725000 0.356250 0.718750 0.375000 0.817187 0.454167 0.998437 0.645833 0.998437 0.400000
10 0.670312 0.079167 0.659375 0.091667 0.662500 0.127083 0.656250 0.135417 0.654687 0.154167 0.671875 0.177083 0.689063 0.183333 0.698438 0.177083 0.701562 0.164583 0.700000 0.133333 0.689063 0.129167 0.696875 0.106250 0.696875 0.091667 0.692187 0.083333 0.675000 0.104167
10 0.601562 0.000000 0.607812 0.031250 0.646875 0.025000 0.656250 0.062500 0.670312 0.043750 0.682813 0.050000 0.706250 0.022917 0.721875 0.037500 0.739062 0.031250 0.725000 0.000000
10 0.204687 0.000000 0.257812 0.116667 0.276562 0.112500 0.290625 0.183333 0.320312 0.162500 0.417187 0.162500 0.451562 0.125000 0.459375 0.081250 0.503125 0.018750 0.529687 0.016667 0.528125 0.000000
13 0.653125 0.341667 0.640625 0.333333 0.625000 0.337500 0.618750 0.345833 0.609375 0.347917 0.610938 0.379167 0.615625 0.383333 0.634375 0.381250 0.635938 0.377083 0.646875 0.377083 0.648438 0.372917 0.653125 0.372917
13 0.684375 0.327083 0.671875 0.327083 0.662500 0.333333 0.659375 0.341667 0.660937 0.350000 0.662500 0.352083 0.668750 0.352083 0.670312 0.350000 0.682813 0.350000 0.682813 0.347917 0.685937 0.345833 0.685937 0.337500 0.682813 0.329167