0 0.998437 0.445833 0.451562 0.564583 0.289062 0.560417 0.232813 0.483333 0.003125 0.572917 0.000000 0.997917 0.998437 0.997917 0.967187 0.714583
2 0.443750 0.085417 0.453125 0.279167 0.490625 0.295833 0.489063 0.356250 0.526563 0.387500 0.526563 0.270833 0.578125 0.150000 0.726562 0.239583 0.756250 0.200000 0.856250 0.214583 0.864062 0.262500 0.890625 0.237500 0.885938 0.197917 0.785937 0.185417 0.714063 0.000000 0.553125 0.000000
5 0.031250 0.293750 0.042188 0.450000 0.048438 0.450000 0.043750 0.364583 0.035937 0.293750
8 0.032813 0.350000 0.025000 0.358333 0.014063 0.354167 0.000000 0.364583 0.000000 0.456250 0.040625 0.450000
8 0.031250 0.289583 0.089063 0.318750 0.050000 0.450000 0.140625 0.512500 0.998437 0.427083 0.998437 0.037500 0.878125 0.125000 0.878125 0.264583 0.578125 0.152083 0.540625 0.389583 0.451562 0.279167 0.418750 0.000000 0.315625 0.000000 0.256250 0.368750 0.103125 0.206250
9 0.979688 0.681250 0.968750 0.714583 0.987500 0.816667 0.982812 0.872917 0.998437 0.943750 0.998437 0.664583
9 0.998437 0.429167 0.592187 0.529167 0.265625 0.510417 0.270313 0.547917 0.512500 0.558333
10 0.037500 0.300000 0.039062 0.331250 0.043750 0.350000 0.048438 0.350000 0.050000 0.345833 0.071875 0.345833 0.076563 0.333333 0.082812 0.329167 0.087500 0.320833 0.084375 0.316667 0.073438 0.316667 0.071875 0.320833 0.064062 0.322917 0.060937 0.318750 0.059375 0.302083
10 0.715625 0.000000 0.787500 0.185417 0.812500 0.187500 0.818750 0.204167 0.887500 0.195833 0.876563 0.125000 0.932813 0.116667 0.968750 0.047917 0.998437 0.035417 0.998437 0.000000
10 0.425000 0.022917 0.431250 0.002083 0.435937 0.008333 0.428125 0.060417 0.435937 0.070833 0.443750 0.058333 0.443750 0.079167 0.462500 0.054167 0.517188 0.052083 0.551562 0.000000 0.420312 0.000000
10 0.000000 0.000000 0.000000 0.356250 0.032813 0.347917 0.035937 0.231250 0.103125 0.204167 0.175000 0.260417 0.218750 0.389583 0.256250 0.366667 0.262500 0.202083 0.295312 0.208333 0.264062 0.122917 0.306250 0.141667 0.301563 0.054167 0.329688 0.039583 0.314063 0.000000
13 0.179688 0.479167 0.179688 0.485417 0.182812 0.487500 0.182812 0.497917 0.204687 0.497917 0.225000 0.485417 0.223438 0.472917 0.217188 0.466667 0.190625 0.466667 0.184375 0.468750 0.182812 0.477083
13 0.000000 0.458333 0.000000 0.575000 0.068750 0.562500 0.076563 0.545833 0.096875 0.547917 0.106250 0.531250 0.126562 0.535417 0.139063 0.527083 0.137500 0.487500 0.120313 0.466667 0.090625 0.468750 0.068750 0.452083