0 0.998437 0.850000 0.523438 0.429167 0.343750 0.529167 0.007812 0.864583 0.000000 0.997917 0.998437 0.997917
1 0.429688 0.483333 0.409375 0.483333 0.407813 0.485417 0.398438 0.485417 0.396875 0.487500 0.392188 0.487500 0.389062 0.489583 0.390625 0.495833 0.403125 0.495833 0.404687 0.497917 0.407813 0.497917 0.410938 0.502083 0.414062 0.497917 0.418750 0.495833 0.423438 0.487500 0.426563 0.487500
2 0.998437 0.091667 0.985938 0.081250 0.978125 0.083333 0.970313 0.093750 0.957812 0.102083 0.948438 0.120833 0.951562 0.122917 0.951562 0.137500 0.979688 0.127083 0.987500 0.129167 0.995313 0.125000 0.998437 0.120833
3 0.428125 0.431250 0.389062 0.433333 0.384375 0.437500 0.384375 0.470833 0.389062 0.487500 0.412500 0.481250 0.420312 0.470833 0.429688 0.466667
3 0.584375 0.383333 0.565625 0.385417 0.562500 0.389583 0.562500 0.395833 0.557813 0.404167 0.557813 0.445833 0.575000 0.447917 0.576562 0.427083 0.579688 0.425000 0.581250 0.431250 0.584375 0.429167 0.592187 0.402083 0.596875 0.412500 0.596875 0.400000
4 0.998437 0.122917 0.706250 0.291667 0.692187 0.347917 0.684375 0.312500 0.626563 0.343750 0.576562 0.447917 0.998437 0.566667
5 0.670312 0.000000 0.692187 0.345833 0.678125 0.000000
8 0.695312 0.302083 0.942187 0.150000 0.957812 0.100000 0.998437 0.089583 0.998437 0.000000 0.679688 0.000000
8 0.668750 0.000000 0.576562 0.000000 0.581250 0.135417 0.481250 0.150000 0.371875 0.031250 0.201563 0.164583 0.001563 0.041667 0.000000 0.820833 0.389062 0.495833 0.385937 0.433333 0.554688 0.447917 0.676562 0.318750
9 0.357812 0.535417 0.331250 0.531250 0.259375 0.575000 0.220312 0.629167 0.000000 0.822917 0.000000 0.872917
9 0.409375 0.502083 0.403125 0.497917 0.387500 0.497917 0.379688 0.504167 0.367188 0.504167 0.365625 0.508333 0.359375 0.508333 0.346875 0.520833 0.343750 0.520833 0.396875 0.510417 0.407813 0.506250
9 0.523438 0.443750 0.707812 0.570833 0.998437 0.847917 0.998437 0.568750
10 0.479687 0.156250 0.476562 0.181250 0.484375 0.189583 0.487500 0.220833 0.476562 0.235417 0.476562 0.245833 0.492188 0.270833 0.482812 0.283333 0.506250 0.291667 0.521875 0.260417 0.517188 0.210417 0.535937 0.193750 0.528125 0.166667 0.507812 0.185417 0.504687 0.158333 0.489063 0.164583
10 0.000000 0.000000 0.020313 0.070833 0.095312 0.091667 0.123438 0.145833 0.160938 0.106250 0.198437 0.162500 0.240625 0.127083 0.254688 0.156250 0.265625 0.102083 0.364063 0.029167 0.417187 0.054167 0.476562 0.147917 0.532813 0.114583 0.579688 0.135417 0.559375 0.068750 0.595313 0.060417 0.575000 0.000000
13 0.431250 0.464583 0.435937 0.468750 0.467187 0.464583 0.473438 0.458333 0.475000 0.443750 0.498437 0.441667 0.496875 0.420833 0.482812 0.420833 0.478125 0.431250 0.464062 0.420833 0.443750 0.422917 0.439063 0.431250 0.429688 0.431250