0 0.000000 0.752083 0.000000 0.997917 0.998437 0.997917 0.478125 0.497917 0.170313 0.570833 0.217188 0.622917
1 0.753125 0.735417 0.825000 0.793750 0.923438 0.914583 0.998437 0.979167 0.998437 0.900000 0.778125 0.737500
1 0.382812 0.520833 0.370312 0.520833 0.365625 0.516667 0.334375 0.531250 0.301563 0.527083 0.300000 0.537500 0.307812 0.547917 0.329688 0.558333 0.365625 0.533333 0.371875 0.533333
3 0.296875 0.525000 0.334375 0.529167 0.360938 0.518750 0.367188 0.512500 0.371875 0.479167 0.379688 0.475000 0.357812 0.466667 0.337500 0.466667 0.335938 0.462500 0.300000 0.460417
4 0.940625 0.450000 0.937500 0.735417 0.998437 0.779167 0.998437 0.493750 0.976562 0.489583 0.957812 0.454167
4 0.526563 0.483333 0.526563 0.537500 0.589063 0.566667 0.595313 0.543750 0.596875 0.568750 0.725000 0.652083 0.910937 0.727083 0.918750 0.452083 0.835938 0.470833 0.818750 0.566667 0.746875 0.456250 0.759375 0.418750 0.685937 0.418750 0.676562 0.466667 0.560937 0.460417
4 0.920312 0.381250 0.898438 0.385417 0.889062 0.395833 0.868750 0.393750 0.846875 0.404167 0.851562 0.404167 0.860938 0.420833 0.875000 0.425000 0.876563 0.429167 0.904687 0.429167 0.918750 0.418750
4 0.950000 0.372917 0.945312 0.385417 0.945312 0.416667 0.946875 0.420833 0.950000 0.420833 0.957812 0.412500 0.962500 0.400000 0.965625 0.397917 0.965625 0.393750 0.962500 0.385417
5 0.954688 0.000000 0.929688 0.000000 0.920312 0.762500 0.937500 0.737500
8 0.956250 0.000000 0.945312 0.383333 0.950000 0.370833 0.967187 0.397917 0.946875 0.422917 0.943750 0.393750 0.940625 0.447917 0.998437 0.491667 0.998437 0.000000
8 0.000000 0.000000 0.000000 0.643750 0.443750 0.414583 0.506250 0.531250 0.759375 0.416667 0.815625 0.564583 0.918750 0.450000 0.845313 0.404167 0.920312 0.379167 0.928125 0.000000 0.664062 0.000000 0.575000 0.158333 0.476562 0.122917 0.539062 0.204167 0.467187 0.352083 0.454688 0.160417 0.354687 0.008333 0.181250 0.097917 0.143750 0.000000
9 0.215625 0.614583 0.170313 0.597917 0.131250 0.625000 0.000000 0.645833 0.000000 0.750000 0.192188 0.641667
9 0.325000 0.558333 0.307812 0.550000 0.300000 0.539583 0.279687 0.550000 0.248438 0.552083 0.235937 0.562500 0.190625 0.564583 0.314063 0.568750
9 0.500000 0.550000 0.664062 0.708333 0.778125 0.735417 0.998437 0.897917 0.998437 0.781250 0.937500 0.739583 0.920312 0.764583 0.909375 0.729167 0.768750 0.677083 0.523438 0.533333
10 0.337500 0.000000 0.360938 0.043750 0.401562 0.047917 0.414062 0.125000 0.456250 0.160417 0.460938 0.350000 0.537500 0.204167 0.535937 0.164583 0.503125 0.183333 0.475000 0.122917 0.553125 0.102083 0.575000 0.156250 0.568750 0.112500 0.603125 0.122917 0.595313 0.039583 0.621875 0.068750 0.662500 0.012500
10 0.143750 0.020833 0.154688 0.047917 0.165625 0.029167 0.179688 0.039583 0.170313 0.062500 0.182812 0.095833 0.193750 0.060417 0.209375 0.062500 0.209375 0.029167 0.260937 0.035417 0.296875 0.016667 0.317188 0.039583 0.323437 0.006250 0.334375 0.000000 0.145313 0.000000
13 0.367188 0.514583 0.370312 0.518750 0.412500 0.520833 0.417187 0.497917 0.421875 0.502083 0.442188 0.502083 0.442188 0.479167 0.426563 0.479167 0.418750 0.487500 0.407813 0.470833 0.382812 0.468750 0.378125 0.479167 0.373437 0.479167