0 0.000000 0.708333 0.000000 0.997917 0.998437 0.997917 0.998437 0.931250 0.942187 0.885417 0.776563 0.858333 0.462500 0.493750
1 0.007812 0.564583 0.021875 0.620833 0.070312 0.637500 0.107813 0.668750 0.145313 0.664583 0.214062 0.600000 0.264062 0.579167
1 0.365625 0.514583 0.346875 0.514583 0.342187 0.508333 0.317188 0.520833 0.256250 0.518750 0.257812 0.539583 0.267188 0.552083 0.282813 0.556250 0.284375 0.562500 0.278125 0.570833
3 0.257812 0.441667 0.251563 0.479167 0.256250 0.516667 0.317188 0.518750 0.342187 0.506250 0.346875 0.466667 0.343750 0.458333 0.270313 0.439583
4 0.998437 0.843750 0.998437 0.393750 0.795312 0.416667 0.773438 0.443750 0.800000 0.475000 0.723437 0.514583 0.667188 0.512500 0.631250 0.456250 0.531250 0.477083 0.521875 0.543750
8 0.000000 0.000000 0.000000 0.637500 0.010937 0.560417 0.256250 0.539583 0.260937 0.437500 0.514062 0.539583 0.543750 0.460417 0.723437 0.512500 0.795312 0.414583 0.998437 0.391667 0.998437 0.000000 0.632812 0.000000 0.603125 0.091667 0.523438 0.010417 0.482812 0.058333 0.557813 0.093750 0.554688 0.197917 0.454688 0.341667 0.392188 0.000000
9 0.000000 0.706250 0.062500 0.683333 0.084375 0.668750 0.087500 0.660417 0.079687 0.645833 0.020313 0.618750 0.012500 0.635417 0.000000 0.639583
9 0.282813 0.562500 0.259375 0.541667 0.023438 0.560417 0.250000 0.575000
9 0.493750 0.560417 0.776563 0.856250 0.873437 0.847917 0.998437 0.929167 0.996875 0.843750 0.543750 0.552083
10 0.634375 0.002083 0.393750 0.000000 0.406250 0.085417 0.448437 0.125000 0.450000 0.237500 0.432812 0.254167 0.448437 0.339583 0.481250 0.308333 0.484375 0.250000 0.493750 0.283333 0.553125 0.197917 0.537500 0.154167 0.557813 0.139583 0.556250 0.093750 0.515625 0.114583 0.517188 0.070833 0.481250 0.039583 0.523438 0.008333 0.537500 0.033333 0.578125 0.018750 0.603125 0.089583 0.600000 0.025000 0.637500 0.035417
13 0.404687 0.479167 0.403125 0.485417 0.404687 0.487500 0.406250 0.495833 0.410938 0.495833 0.412500 0.497917 0.426563 0.497917 0.426563 0.477083 0.421875 0.472917 0.409375 0.472917 0.409375 0.475000
13 0.346875 0.460417 0.346875 0.483333 0.343750 0.485417 0.343750 0.508333 0.346875 0.512500 0.376563 0.512500 0.387500 0.518750 0.393750 0.518750 0.396875 0.514583 0.400000 0.479167 0.389062 0.462500 0.362500 0.458333 0.360938 0.462500