0 0.998437 0.733333 0.576562 0.385417 0.000000 0.941667 0.000000 0.997917 0.998437 0.997917
2 0.004687 0.000000 0.021875 0.031250 0.025000 0.062500 0.021875 0.085417 0.010937 0.091667 0.017188 0.106250 0.010937 0.114583 0.014063 0.137500 0.032813 0.154167 0.028125 0.179167 0.053125 0.175000 0.050000 0.150000 0.060937 0.141667 0.087500 0.141667 0.087500 0.129167 0.021875 0.002083
3 0.493750 0.393750 0.471875 0.395833 0.453125 0.404167 0.453125 0.437500 0.456250 0.450000 0.478125 0.443750 0.484375 0.433333 0.489063 0.433333 0.495312 0.422917
3 0.664062 0.343750 0.653125 0.345833 0.643750 0.337500 0.621875 0.337500 0.620313 0.347917 0.603125 0.368750 0.603125 0.375000 0.610938 0.370833 0.615625 0.383333 0.615625 0.397917 0.621875 0.397917 0.631250 0.381250 0.632812 0.366667 0.646875 0.352083 0.651563 0.356250 0.656250 0.345833
4 0.725000 0.308333 0.704688 0.312500 0.698438 0.352083 0.676562 0.331250 0.651563 0.358333 0.640625 0.358333 0.625000 0.397917 0.667188 0.395833 0.682813 0.406250 0.681250 0.366667 0.689063 0.410417 0.731250 0.414583
4 0.998437 0.052083 0.737500 0.250000 0.739062 0.422917 0.998437 0.468750
5 0.701562 0.000000 0.735938 0.425000 0.710938 0.004167
8 0.729688 0.304167 0.742188 0.241667 0.998437 0.050000 0.998437 0.000000 0.710938 0.000000
8 0.000000 0.818750 0.225000 0.672917 0.453125 0.402083 0.698438 0.350000 0.700000 0.000000 0.631250 0.000000 0.617188 0.091667 0.535937 0.112500 0.428125 0.010417 0.285938 0.177083 0.104688 0.125000 0.032813 0.181250 0.001563 0.000000
9 0.478125 0.458333 0.367188 0.520833 0.212500 0.685417 0.003125 0.816667 0.000000 0.939583 0.431250 0.502083 0.425000 0.483333
9 0.585938 0.393750 0.998437 0.731250 0.998437 0.470833
10 0.534375 0.125000 0.531250 0.137500 0.542188 0.154167 0.543750 0.175000 0.534375 0.204167 0.550000 0.227083 0.542188 0.241667 0.553125 0.237500 0.564063 0.245833 0.575000 0.233333 0.579688 0.214583 0.571875 0.168750 0.587500 0.154167 0.579688 0.133333 0.568750 0.135417 0.557813 0.150000 0.559375 0.131250 0.554688 0.125000 0.548438 0.131250
10 0.021875 0.000000 0.090625 0.131250 0.282813 0.175000 0.421875 0.010417 0.535937 0.110417 0.623437 0.085417 0.606250 0.029167 0.639062 0.018750
13 0.560937 0.381250 0.556250 0.375000 0.554688 0.379167 0.545312 0.379167 0.537500 0.389583 0.532813 0.383333 0.506250 0.385417 0.501563 0.393750 0.495312 0.393750 0.498437 0.427083 0.512500 0.429167 0.535937 0.418750 0.537500 0.402083 0.560937 0.397917