0 0.000000 0.750000 0.000000 0.997917 0.998437 0.997917 0.981250 0.910417 0.739062 0.729167 0.690625 0.758333 0.464062 0.497917 0.125000 0.604167 0.168750 0.637500
1 0.842187 0.795833 0.859375 0.837500 0.925000 0.904167 0.951562 0.914583 0.970313 0.904167 0.998437 0.929167 0.998437 0.906250 0.970313 0.875000 0.928125 0.858333
1 0.109375 0.602083 0.115625 0.606250 0.137500 0.602083 0.159375 0.585417 0.189062 0.572917 0.112500 0.572917 0.107813 0.577083
1 0.365625 0.520833 0.354687 0.520833 0.348438 0.512500 0.346875 0.516667 0.317188 0.527083 0.271875 0.525000 0.271875 0.531250 0.285938 0.550000 0.298438 0.554167 0.303125 0.560417 0.345313 0.537500 0.350000 0.529167
3 0.268750 0.514583 0.271875 0.522917 0.304688 0.525000 0.339062 0.516667 0.348438 0.510417 0.351562 0.479167 0.360938 0.470833 0.342187 0.462500 0.320312 0.462500 0.318750 0.458333 0.275000 0.456250
4 0.998437 0.800000 0.998437 0.375000 0.912500 0.395833 0.935937 0.445833 0.906250 0.458333 0.896875 0.614583 0.815625 0.458333 0.789062 0.464583 0.801562 0.414583 0.709375 0.425000 0.737500 0.460417 0.640625 0.493750 0.612500 0.452083 0.521875 0.487500 0.515625 0.537500
8 0.617188 0.587500 0.617188 0.593750 0.620313 0.600000 0.621875 0.600000 0.626563 0.606250 0.631250 0.608333 0.634375 0.612500 0.650000 0.614583 0.650000 0.604167 0.643750 0.591667 0.620313 0.591667 0.618750 0.587500
8 0.000000 0.000000 0.000000 0.643750 0.268750 0.543750 0.275000 0.454167 0.426563 0.477083 0.431250 0.404167 0.500000 0.535417 0.801562 0.412500 0.896875 0.612500 0.910937 0.395833 0.998437 0.372917 0.998437 0.000000 0.604688 0.000000 0.573438 0.139583 0.470313 0.091667 0.537500 0.225000 0.451562 0.352083 0.387500 0.025000
9 0.165625 0.631250 0.109375 0.604167 0.101562 0.616667 0.056250 0.639583 0.000000 0.645833 0.000000 0.747917 0.157812 0.647917
9 0.301563 0.560417 0.273438 0.539583 0.257812 0.550000 0.203125 0.552083 0.173437 0.568750 0.289062 0.570833
9 0.490625 0.552083 0.690625 0.756250 0.739062 0.727083 0.998437 0.904167 0.996875 0.800000 0.878125 0.756250 0.537500 0.545833
10 0.614062 0.000000 0.617188 0.004167 0.620313 0.018750 0.634375 0.041667 0.635938 0.039583 0.634375 0.035417 0.634375 0.020833 0.643750 0.014583 0.646875 0.000000
10 0.603125 0.000000 0.343750 0.002083 0.389062 0.025000 0.401562 0.106250 0.445312 0.145833 0.429688 0.272917 0.451562 0.350000 0.481250 0.258333 0.487500 0.291667 0.535937 0.225000 0.520312 0.195833 0.535937 0.137500 0.501563 0.158333 0.501563 0.118750 0.468750 0.091667 0.551562 0.070833 0.573438 0.137500 0.571875 0.081250 0.606250 0.093750
10 0.125000 0.000000 0.131250 0.014583 0.131250 0.025000 0.125000 0.035417 0.137500 0.054167 0.160938 0.058333 0.165625 0.050000 0.164062 0.037500 0.171875 0.022917 0.185938 0.029167 0.181250 0.008333 0.182812 0.000000
13 0.350000 0.514583 0.354687 0.518750 0.400000 0.516667 0.401562 0.495833 0.426563 0.502083 0.428125 0.483333 0.423438 0.477083 0.412500 0.477083 0.403125 0.483333 0.392188 0.466667 0.365625 0.466667 0.353125 0.479167