0 0.000000 0.691667 0.000000 0.762500 0.004687 0.762500 0.010937 0.758333 0.014063 0.745833 0.018750 0.743750 0.023438 0.735417 0.020313 0.731250 0.018750 0.733333 0.012500 0.720833 0.014063 0.718750 0.007812 0.714583 0.009375 0.708333 0.006250 0.706250 0.004687 0.695833 0.003125 0.697917
0 0.000000 0.868750 0.000000 0.997917 0.934375 0.997917 0.470313 0.500000 0.062500 0.695833 0.078125 0.793750
1 0.210938 0.604167 0.000000 0.581250 0.000000 0.689583 0.025000 0.735417 0.000000 0.764583 0.000000 0.866667 0.040625 0.850000 0.076563 0.793750 0.059375 0.760417 0.067187 0.733333 0.046875 0.727083 0.062500 0.693750 0.143750 0.668750 0.165625 0.679167
1 0.376563 0.520833 0.360938 0.514583 0.307812 0.527083 0.246875 0.516667 0.245312 0.527083 0.254688 0.564583 0.275000 0.570833 0.281250 0.579167 0.359375 0.537500
3 0.250000 0.427083 0.242188 0.470833 0.246875 0.514583 0.307812 0.525000 0.354687 0.516667 0.371875 0.481250 0.373437 0.460417 0.298438 0.433333
4 0.570312 0.500000 0.565625 0.570833 0.735938 0.693750 0.895312 0.758333 0.998437 0.850000 0.998437 0.564583 0.937500 0.525000 0.896875 0.570833 0.865625 0.462500
7 0.115625 0.416667 0.112500 0.418750 0.110937 0.456250 0.112500 0.460417 0.126562 0.460417 0.126562 0.458333 0.129688 0.456250 0.129688 0.435417 0.131250 0.433333 0.131250 0.425000 0.128125 0.425000 0.126562 0.420833 0.121875 0.420833
8 0.000000 0.000000 0.003125 0.543750 0.250000 0.547917 0.259375 0.422917 0.557813 0.562500 0.592187 0.477083 0.812500 0.458333 0.896875 0.568750 0.998437 0.562500 0.998437 0.000000 0.640625 0.000000 0.670312 0.172917 0.481250 0.343750 0.442188 0.000000
9 0.539062 0.587500 0.843750 0.922917 0.935937 0.997917 0.998437 0.997917 0.998437 0.852083 0.901563 0.764583 0.735938 0.695833 0.564063 0.568750
9 0.000000 0.543750 0.003125 0.581250 0.234375 0.604167 0.278125 0.581250 0.254688 0.566667 0.251563 0.550000 0.104688 0.562500
10 0.443750 0.000000 0.432812 0.035417 0.492188 0.139583 0.487500 0.227083 0.467187 0.247917 0.476562 0.341667 0.514062 0.310417 0.525000 0.239583 0.529687 0.283333 0.600000 0.185417 0.618750 0.229167 0.668750 0.172917 0.660937 0.133333 0.634375 0.122917 0.646875 0.004167
13 0.362500 0.514583 0.400000 0.518750 0.415625 0.527083 0.420312 0.522917 0.425000 0.497917 0.451562 0.506250 0.451562 0.479167 0.423438 0.479167 0.418750 0.468750 0.387500 0.458333 0.379688 0.466667 0.373437 0.462500 0.370312 0.472917 0.373437 0.481250 0.367188 0.489583