0 0.998437 0.879167 0.506250 0.445833 0.337500 0.543750 0.003125 0.860417 0.000000 0.997917 0.998437 0.997917
1 0.421875 0.493750 0.401562 0.493750 0.400000 0.497917 0.381250 0.497917 0.381250 0.502083 0.382812 0.502083 0.384375 0.506250 0.396875 0.506250 0.401562 0.510417 0.404687 0.506250 0.407813 0.506250 0.409375 0.502083 0.412500 0.502083 0.421875 0.495833
3 0.420312 0.441667 0.396875 0.441667 0.376563 0.445833 0.375000 0.481250 0.379688 0.495833 0.400000 0.495833 0.409375 0.483333 0.418750 0.481250 0.421875 0.475000
3 0.584375 0.400000 0.564063 0.404167 0.553125 0.416667 0.553125 0.464583 0.557813 0.464583 0.562500 0.456250 0.568750 0.454167 0.571875 0.443750 0.576562 0.454167 0.579688 0.435417 0.584375 0.431250 0.584375 0.420833 0.590625 0.420833 0.592187 0.416667
4 0.998437 0.145833 0.706250 0.312500 0.692187 0.393750 0.685937 0.327083 0.623437 0.362500 0.559375 0.464583 0.998437 0.620833
5 0.675000 0.000000 0.692187 0.391667 0.698438 0.310417 0.684375 0.014583
8 0.682813 0.000000 0.698438 0.318750 0.998437 0.143750 0.998437 0.000000
8 0.673438 0.000000 0.576562 0.000000 0.576562 0.147917 0.479687 0.156250 0.532813 0.206250 0.500000 0.310417 0.470313 0.137500 0.373437 0.039583 0.248438 0.160417 0.146875 0.102083 0.131250 0.245833 0.098437 0.108333 0.000000 0.045833 0.000000 0.806250 0.379688 0.506250 0.376563 0.443750 0.487500 0.433333 0.485938 0.364583 0.551562 0.464583 0.684375 0.329167
9 0.348438 0.550000 0.318750 0.541667 0.237500 0.587500 0.198437 0.643750 0.000000 0.808333 0.000000 0.862500
9 0.400000 0.510417 0.384375 0.508333 0.381250 0.504167 0.373437 0.512500 0.351562 0.518750 0.340625 0.529167 0.331250 0.533333 0.385937 0.522917 0.400000 0.514583
9 0.515625 0.456250 0.746875 0.633333 0.998437 0.877083 0.998437 0.622917
10 0.000000 0.000000 0.000000 0.043750 0.100000 0.108333 0.131250 0.243750 0.110937 0.145833 0.146875 0.100000 0.248438 0.158333 0.351562 0.037500 0.414062 0.062500 0.471875 0.137500 0.498437 0.308333 0.531250 0.206250 0.478125 0.156250 0.575000 0.147917 0.557813 0.083333 0.593750 0.075000 0.575000 0.000000
13 0.421875 0.441667 0.421875 0.466667 0.428125 0.481250 0.460938 0.477083 0.467187 0.454167 0.490625 0.454167 0.489063 0.435417 0.475000 0.435417 0.467187 0.447917 0.459375 0.435417 0.445312 0.433333 0.435937 0.435417 0.432812 0.441667