0 0.964063 0.958333 0.964063 0.964583 0.984375 0.989583 0.984375 0.997917 0.998437 0.997917 0.998437 0.985417 0.987500 0.977083 0.978125 0.962500 0.973437 0.962500 0.971875 0.958333 0.967187 0.958333 0.965625 0.956250
0 0.000000 0.727083 0.000000 0.997917 0.928125 0.997917 0.476562 0.500000
1 0.004687 0.735417 0.037500 0.735417 0.078125 0.706250 0.117188 0.700000 0.270313 0.587500 0.000000 0.562500 0.000000 0.677083 0.012500 0.702083
1 0.375000 0.520833 0.364063 0.518750 0.357812 0.510417 0.321875 0.525000 0.257812 0.516667 0.271875 0.554167 0.287500 0.562500 0.289062 0.570833 0.360938 0.533333
3 0.265625 0.435417 0.257812 0.468750 0.257812 0.514583 0.321875 0.522917 0.357812 0.506250 0.360938 0.472917 0.365625 0.466667 0.362500 0.460417 0.307812 0.441667
4 0.998437 0.847917 0.998437 0.447917 0.934375 0.495833 0.745313 0.514583 0.720313 0.456250 0.567187 0.472917 0.546875 0.541667 0.546875 0.497917 0.498437 0.500000 0.534375 0.550000
8 0.000000 0.000000 0.000000 0.547917 0.251563 0.543750 0.265625 0.433333 0.421875 0.481250 0.448437 0.408333 0.445312 0.497917 0.529687 0.547917 0.496875 0.500000 0.801562 0.514583 0.998437 0.445833 0.998437 0.000000 0.517188 0.000000 0.600000 0.064583 0.615625 0.233333 0.473438 0.345833 0.418750 0.000000
9 0.517188 0.572917 0.640625 0.714583 0.834375 0.872917 0.829688 0.897917 0.925000 0.995833 0.982812 0.997917 0.965625 0.954167 0.998437 0.970833 0.998437 0.850000 0.539062 0.552083
9 0.000000 0.550000 0.012500 0.562500 0.242188 0.585417 0.287500 0.570833 0.265625 0.541667 0.209375 0.552083 0.051562 0.541667
9 0.475000 0.514583 0.475000 0.522917 0.490625 0.539583 0.496875 0.539583 0.498437 0.543750 0.532813 0.550000 0.518750 0.545833 0.507812 0.531250 0.490625 0.527083 0.485938 0.518750 0.485938 0.512500 0.482812 0.510417
10 0.632812 0.000000 0.632812 0.037500 0.642188 0.043750 0.643750 0.050000 0.662500 0.045833 0.673438 0.052083 0.675000 0.045833 0.670312 0.039583 0.670312 0.033333 0.664062 0.027083 0.664062 0.018750 0.671875 0.000000
10 0.420312 0.000000 0.421875 0.058333 0.475000 0.122917 0.471875 0.239583 0.454688 0.256250 0.468750 0.293750 0.456250 0.320833 0.473438 0.343750 0.504687 0.308333 0.509375 0.247917 0.515625 0.287500 0.582812 0.195833 0.614062 0.233333 0.581250 0.125000 0.601562 0.081250 0.575000 0.056250 0.553125 0.079167 0.554688 0.031250 0.518750 0.025000 0.515625 0.000000
13 0.357812 0.508333 0.364063 0.516667 0.409375 0.522917 0.420312 0.491667 0.428125 0.502083 0.443750 0.502083 0.443750 0.479167 0.428125 0.477083 0.420312 0.483333 0.409375 0.466667 0.389062 0.460417 0.375000 0.466667 0.365625 0.462500