0 0.000000 0.633333 0.000000 0.997917 0.998437 0.997917 0.993750 0.700000 0.612500 0.629167 0.442188 0.475000 0.354687 0.485417 0.303125 0.595833 0.125000 0.560417
2 0.998437 0.268750 0.998437 0.235417 0.995313 0.237500 0.979688 0.239583 0.978125 0.243750 0.973437 0.243750 0.970313 0.247917 0.971875 0.252083 0.973437 0.250000 0.978125 0.252083 0.984375 0.260417 0.987500 0.268750
2 0.840625 0.000000 0.814063 0.050000 0.804688 0.133333 0.826562 0.197917 0.879687 0.225000 0.923438 0.214583 0.948438 0.231250 0.975000 0.208333 0.998437 0.220833 0.998437 0.000000
3 0.998437 0.416667 0.975000 0.441667 0.967187 0.677083 0.982812 0.700000 0.998437 0.695833
3 0.000000 0.631250 0.128125 0.558333 0.139063 0.481250 0.173437 0.456250 0.170313 0.437500 0.201563 0.418750 0.000000 0.372917
4 0.468750 0.458333 0.465625 0.458333 0.464062 0.460417 0.451562 0.460417 0.448437 0.462500 0.448437 0.481250 0.450000 0.481250 0.453125 0.487500 0.471875 0.487500 0.473438 0.470833 0.471875 0.468750 0.471875 0.462500
5 0.507812 0.000000 0.507812 0.089583 0.512500 0.089583 0.514062 0.085417 0.514062 0.000000
8 0.437500 0.172917 0.446875 0.475000 0.484375 0.516667 0.506250 0.485417 0.510938 0.529167 0.756250 0.672917 0.976562 0.700000 0.998437 0.270833 0.968750 0.247917 0.998437 0.222917 0.828125 0.202083 0.787500 0.000000 0.651563 0.000000 0.645312 0.087500 0.578125 0.000000
8 0.000000 0.000000 0.000000 0.370833 0.303125 0.412500 0.340625 0.485417 0.368750 0.450000 0.442188 0.472917 0.421875 0.354167 0.446875 0.347917 0.407813 0.270833 0.357812 0.256250 0.425000 0.187500 0.428125 0.091667 0.396875 0.064583 0.435937 0.047917 0.420312 0.000000
9 0.446875 0.502083 0.500000 0.558333 0.581250 0.610417 0.651563 0.641667 0.717187 0.650000 0.684375 0.614583 0.506250 0.533333 0.464062 0.493750
9 0.353125 0.485417 0.350000 0.485417 0.348438 0.487500 0.339062 0.487500 0.337500 0.489583 0.334375 0.489583 0.334375 0.510417 0.335938 0.508333 0.340625 0.508333 0.342187 0.506250 0.345313 0.506250 0.346875 0.502083 0.350000 0.502083 0.353125 0.500000 0.353125 0.497917 0.356250 0.493750
10 0.839063 0.000000 0.789062 0.000000 0.787500 0.010417 0.795312 0.016667 0.795312 0.029167 0.781250 0.066667 0.793750 0.066667 0.803125 0.054167 0.810937 0.054167
10 0.601562 0.000000 0.600000 0.027083 0.615625 0.025000 0.623437 0.072917 0.635938 0.085417 0.645312 0.085417 0.642188 0.079167 0.645312 0.062500 0.631250 0.041667 0.629687 0.018750 0.635938 0.016667 0.642188 0.027083 0.654687 0.033333 0.650000 0.000000
10 0.576562 0.000000 0.515625 0.000000 0.515625 0.091667 0.518750 0.095833 0.525000 0.089583 0.525000 0.081250 0.535937 0.060417 0.542188 0.031250 0.551562 0.027083 0.557813 0.014583 0.575000 0.006250
10 0.421875 0.000000 0.437500 0.047917 0.398438 0.064583 0.429688 0.091667 0.426563 0.187500 0.406250 0.218750 0.389062 0.212500 0.385937 0.258333 0.368750 0.239583 0.359375 0.256250 0.428125 0.295833 0.425000 0.375000 0.439063 0.406250 0.465625 0.404167 0.420312 0.233333 0.435937 0.172917 0.506250 0.089583 0.506250 0.000000
13 0.368750 0.452083 0.362500 0.466667 0.362500 0.485417 0.367188 0.487500 0.370312 0.485417 0.390625 0.487500 0.392188 0.485417 0.393750 0.470833 0.389062 0.452083
13 0.135937 0.491667 0.128125 0.554167 0.139063 0.585417 0.287500 0.581250 0.303125 0.593750 0.314063 0.556250 0.331250 0.547917 0.329688 0.454167 0.303125 0.414583 0.220312 0.406250 0.192188 0.435417 0.170313 0.439583 0.175000 0.456250