0 0.000000 0.858333 0.000000 0.997917 0.998437 0.997917 0.998437 0.733333 0.831250 0.643750 0.920312 0.616667 0.612500 0.591667 0.496875 0.485417 0.428125 0.493750 0.415625 0.562500 0.312500 0.543750 0.101562 0.645833 0.192188 0.660417
1 0.189062 0.654167 0.112500 0.645833 0.000000 0.697917 0.000000 0.856250 0.120313 0.756250 0.176563 0.687500
1 0.998437 0.731250 0.996875 0.627083 0.943750 0.606250 0.920312 0.627083 0.832812 0.637500 0.851562 0.662500 0.885938 0.675000 0.907813 0.700000
2 0.942187 0.514583 0.937500 0.537500 0.923438 0.558333 0.923438 0.577083 0.932813 0.604167 0.928125 0.604167 0.925000 0.612500 0.890625 0.612500 0.921875 0.616667 0.939063 0.612500 0.943750 0.568750
2 0.873437 0.000000 0.770312 0.227083 0.779687 0.283333 0.757812 0.329167 0.809375 0.345833 0.850000 0.414583 0.846875 0.452083 0.809375 0.460417 0.932813 0.468750 0.943750 0.493750 0.951562 0.470833 0.998437 0.470833 0.998437 0.018750
3 0.807813 0.462500 0.806250 0.529167 0.814063 0.537500 0.807813 0.537500 0.801562 0.608333 0.931250 0.604167 0.921875 0.558333 0.937500 0.533333 0.942187 0.479167 0.932813 0.470833
3 0.000000 0.695833 0.314063 0.541667 0.326562 0.462500 0.346875 0.447917 0.000000 0.352083
4 0.951562 0.472917 0.959375 0.487500 0.943750 0.495833 0.943750 0.593750 0.998437 0.595833 0.998437 0.472917
5 0.567187 0.077083 0.564063 0.077083 0.562500 0.085417 0.560937 0.175000 0.565625 0.170833 0.568750 0.095833
8 0.000000 0.000000 0.000000 0.350000 0.506250 0.485417 0.501563 0.343750 0.546875 0.529167 0.800000 0.610417 0.848437 0.414583 0.756250 0.329167 0.778125 0.081250 0.734375 0.106250 0.740625 0.000000 0.679688 0.000000 0.685937 0.112500 0.601562 0.097917 0.490625 0.318750 0.485938 0.000000
9 0.942187 0.597917 0.942187 0.604167 0.948438 0.606250 0.950000 0.610417 0.964063 0.612500 0.968750 0.616667 0.975000 0.616667 0.998437 0.627083 0.998437 0.597917 0.953125 0.597917 0.951562 0.595833
9 0.509375 0.510417 0.531250 0.539583 0.603125 0.585417 0.712500 0.612500 0.584375 0.541667 0.546875 0.531250 0.529687 0.504167
10 0.501563 0.345833 0.492188 0.360417 0.490625 0.377083 0.493750 0.381250 0.490625 0.389583 0.504687 0.425000 0.507812 0.418750 0.507812 0.410417 0.510938 0.418750 0.517188 0.412500 0.520312 0.395833 0.518750 0.385417 0.501563 0.360417
10 0.871875 0.000000 0.740625 0.002083 0.735938 0.027083 0.753125 0.016667 0.765625 0.045833 0.735938 0.106250 0.754687 0.091667 0.757812 0.110417 0.779687 0.081250 0.785937 0.093750 0.776563 0.127083 0.787500 0.122917 0.776563 0.168750 0.798438 0.160417
10 0.678125 0.000000 0.487500 0.000000 0.507812 0.043750 0.476562 0.047917 0.506250 0.154167 0.479687 0.179167 0.500000 0.206250 0.493750 0.264583 0.467187 0.285417 0.485938 0.316667 0.501563 0.245833 0.559375 0.177083 0.564063 0.075000 0.567187 0.162500 0.637500 0.054167 0.685937 0.110417 0.668750 0.077083
13 0.435937 0.470833 0.435937 0.495833 0.453125 0.495833 0.454688 0.497917 0.459375 0.497917 0.460938 0.495833 0.462500 0.485417 0.460938 0.483333 0.460938 0.472917 0.457813 0.466667 0.448437 0.466667 0.446875 0.464583 0.443750 0.464583
13 0.328125 0.462500 0.332813 0.472917 0.318750 0.500000 0.315625 0.550000 0.359375 0.547917 0.417187 0.558333 0.428125 0.470833 0.415625 0.466667 0.410938 0.445833 0.356250 0.437500 0.340625 0.462500