0 0.998437 0.945833 0.821875 0.725000 0.848437 0.604167 0.604688 0.577083 0.506250 0.487500 0.442188 0.550000 0.245312 0.583333 0.264062 0.612500 0.000000 0.850000 0.000000 0.997917 0.998437 0.997917
1 0.000000 0.847917 0.201563 0.681250 0.267188 0.593750 0.192188 0.604167 0.000000 0.583333
2 0.915625 0.393750 0.867188 0.375000 0.837500 0.420833 0.832812 0.464583 0.814063 0.479167 0.771875 0.420833 0.785937 0.470833 0.750000 0.485417 0.806250 0.537500 0.762500 0.591667 0.743750 0.591667 0.809375 0.597917 0.795312 0.589583 0.840625 0.570833 0.860938 0.435417 0.884375 0.404167
2 0.817187 0.250000 0.804688 0.264583 0.776563 0.250000 0.756250 0.281250 0.753125 0.314583 0.745313 0.327083 0.742188 0.350000 0.757812 0.375000 0.767188 0.372917 0.778125 0.385417 0.784375 0.370833 0.800000 0.372917 0.793750 0.358333 0.795312 0.339583 0.803125 0.333333 0.801562 0.306250 0.818750 0.275000
3 0.850000 0.531250 0.843750 0.568750 0.840625 0.572917 0.828125 0.570833 0.825000 0.579167 0.796875 0.591667 0.810937 0.597917 0.848437 0.602083
3 0.750000 0.487500 0.748437 0.579167 0.745313 0.587500 0.757812 0.591667 0.770312 0.581250 0.770312 0.575000 0.787500 0.550000 0.793750 0.550000 0.804688 0.535417 0.784375 0.525000 0.759375 0.489583
3 0.000000 0.581250 0.209375 0.600000 0.359375 0.533333 0.387500 0.450000 0.204687 0.389583 0.000000 0.362500
4 0.865625 0.431250 0.851562 0.493750 0.850000 0.689583 0.998437 0.760417 0.998437 0.429167 0.940625 0.439583 0.935937 0.483333 0.962500 0.464583 0.967187 0.485417 0.939063 0.497917 0.918750 0.475000 0.904687 0.504167 0.885938 0.437500
5 0.584375 0.125000 0.581250 0.125000 0.581250 0.143750 0.579688 0.145833 0.579688 0.183333 0.578125 0.185417 0.579688 0.210417 0.582812 0.206250 0.582812 0.189583 0.584375 0.187500 0.584375 0.150000 0.585938 0.147917
8 0.000000 0.000000 0.000000 0.360417 0.528125 0.491667 0.525000 0.360417 0.559375 0.529167 0.735938 0.600000 0.771875 0.418750 0.826562 0.472917 0.887500 0.370833 0.896875 0.502083 0.998437 0.427083 0.998437 0.000000 0.881250 0.000000 0.750000 0.160417 0.710938 0.000000 0.510938 0.325000 0.521875 0.000000
9 0.826562 0.706250 0.823438 0.725000 0.873437 0.816667 0.998437 0.943750 0.998437 0.762500 0.850000 0.691667
9 0.529687 0.510417 0.539062 0.531250 0.570312 0.558333 0.617188 0.579167 0.646875 0.583333 0.603125 0.550000 0.559375 0.531250 0.551562 0.512500 0.540625 0.504167
10 0.518750 0.362500 0.514062 0.385417 0.521875 0.414583 0.526563 0.420833 0.528125 0.435417 0.529687 0.420833 0.531250 0.418750 0.534375 0.425000 0.535937 0.422917 0.537500 0.406250 0.531250 0.389583 0.523438 0.377083 0.525000 0.362500
10 0.742188 0.150000 0.750000 0.158333 0.770312 0.139583 0.757812 0.125000 0.773438 0.102083 0.812500 0.145833 0.825000 0.116667 0.826562 0.056250 0.870313 0.070833 0.879687 0.000000 0.720313 0.000000 0.721875 0.047917 0.742188 0.031250 0.731250 0.093750 0.746875 0.089583 0.756250 0.104167
10 0.709375 0.000000 0.523438 0.000000 0.537500 0.035417 0.515625 0.068750 0.531250 0.100000 0.503125 0.112500 0.526563 0.191667 0.506250 0.216667 0.520312 0.243750 0.510938 0.322917 0.521875 0.277083 0.576562 0.206250 0.579688 0.125000 0.584375 0.200000 0.654687 0.093750 0.664062 0.135417 0.676562 0.127083 0.685937 0.037500 0.701562 0.047917
13 0.362500 0.529167 0.370312 0.537500 0.418750 0.535417 0.442188 0.547917 0.450000 0.535417 0.453125 0.493750 0.482812 0.497917 0.485938 0.479167 0.481250 0.468750 0.448437 0.470833 0.440625 0.447917 0.396875 0.441667 0.382812 0.462500 0.375000 0.460417 0.379688 0.470833 0.367188 0.493750