0 0.809375 0.997917 0.482812 0.562500 0.493750 0.508333 0.462500 0.485417 0.000000 0.560417 0.000000 0.997917
1 0.114062 0.518750 0.104688 0.514583 0.059375 0.535417 0.031250 0.539583 0.000000 0.533333 0.000000 0.558333 0.081250 0.537500
2 0.145313 0.152083 0.164062 0.172917 0.181250 0.177083 0.206250 0.214583 0.228125 0.229167 0.239063 0.225000 0.246875 0.231250 0.246875 0.191667 0.165625 0.170833 0.159375 0.154167
3 0.290625 0.420833 0.289062 0.427083 0.298438 0.425000 0.301563 0.435417 0.298438 0.445833 0.289062 0.445833 0.284375 0.452083 0.284375 0.466667 0.292187 0.470833 0.303125 0.491667 0.350000 0.483333 0.346875 0.443750 0.342187 0.437500 0.306250 0.420833
4 0.471875 0.470833 0.467187 0.479167 0.468750 0.495833 0.473438 0.502083 0.478125 0.502083 0.479687 0.506250 0.485938 0.506250 0.485938 0.489583 0.490625 0.475000 0.485938 0.470833
4 0.496875 0.468750 0.498437 0.487500 0.493750 0.506250 0.498437 0.529167 0.510938 0.543750 0.551562 0.572917 0.556250 0.564583 0.556250 0.539583 0.548438 0.508333 0.551562 0.468750 0.534375 0.464583
5 0.200000 0.362500 0.193750 0.375000 0.190625 0.445833 0.182812 0.477083 0.182812 0.497917 0.187500 0.504167 0.189062 0.518750 0.195312 0.514583
8 0.468750 0.000000 0.507812 0.037500 0.464062 0.202083 0.529687 0.347917 0.468750 0.472917 0.550000 0.464583 0.551562 0.575000 0.798438 0.783333 0.795312 0.710417 0.804688 0.785417 0.998437 0.912500 0.998437 0.000000
8 0.000000 0.000000 0.000000 0.310417 0.117188 0.418750 0.110937 0.516667 0.185938 0.516667 0.198437 0.360417 0.196875 0.512500 0.301563 0.491667 0.290625 0.418750 0.462500 0.483333 0.454688 0.281250 0.346875 0.227083 0.365625 0.181250 0.295312 0.083333 0.304688 0.145833 0.265625 0.137500 0.262500 0.231250 0.129688 0.147917 0.206250 0.000000
9 0.471875 0.525000 0.810937 0.997917 0.998437 0.997917 0.996875 0.912500 0.648438 0.687500 0.493750 0.518750
10 0.140625 0.087500 0.135937 0.154167 0.246875 0.189583 0.254688 0.235417 0.264062 0.137500 0.304688 0.143750 0.293750 0.083333 0.321875 0.085417 0.367188 0.181250 0.348438 0.227083 0.431250 0.235417 0.457813 0.408333 0.456250 0.377083 0.506250 0.412500 0.517188 0.254167 0.462500 0.202083 0.490625 0.193750 0.493750 0.014583 0.207813 0.000000 0.165625 0.104167
13 0.365625 0.447917 0.359375 0.458333 0.354687 0.485417 0.364063 0.487500 0.365625 0.491667 0.368750 0.491667 0.370312 0.487500 0.384375 0.487500 0.387500 0.495833 0.396875 0.495833 0.396875 0.485417 0.400000 0.483333 0.400000 0.466667 0.396875 0.452083 0.393750 0.447917 0.376563 0.443750
13 0.000000 0.312500 0.000000 0.531250 0.059375 0.533333 0.123438 0.502083 0.128125 0.479167 0.115625 0.418750 0.073438 0.389583 0.026562 0.329167