0 0.000000 0.822917 0.000000 0.997917 0.901563 0.997917 0.554688 0.650000 0.446875 0.483333 0.253125 0.508333 0.231250 0.631250 0.053125 0.731250
3 0.320312 0.431250 0.315625 0.443750 0.315625 0.470833 0.323437 0.479167 0.326562 0.487500 0.345313 0.487500 0.360938 0.483333 0.365625 0.456250 0.364063 0.452083 0.359375 0.452083 0.354687 0.441667 0.334375 0.435417 0.332813 0.431250
4 0.468750 0.472917 0.464062 0.479167 0.464062 0.495833 0.471875 0.506250 0.482812 0.506250 0.484375 0.514583 0.496875 0.520833 0.504687 0.529167 0.507812 0.477083 0.504687 0.472917 0.490625 0.470833 0.485938 0.477083 0.473438 0.470833
8 0.482812 0.035417 0.450000 0.147917 0.503125 0.397917 0.464062 0.477083 0.504687 0.470833 0.553125 0.595833 0.998437 0.912500 0.998437 0.000000 0.790625 0.008333 0.804688 0.064583 0.750000 0.064583 0.775000 0.145833 0.715625 0.000000
8 0.000000 0.000000 0.000000 0.268750 0.190625 0.335417 0.256250 0.506250 0.268750 0.397917 0.268750 0.502083 0.325000 0.487500 0.320312 0.429167 0.364063 0.485417 0.378125 0.445833 0.459375 0.485417 0.456250 0.297917 0.482812 0.318750 0.420312 0.250000 0.356250 0.254167 0.376563 0.218750 0.329688 0.112500 0.392188 0.125000 0.456250 0.000000
9 0.464062 0.520833 0.554688 0.647917 0.898438 0.995833 0.998437 0.997917 0.998437 0.914583
9 0.353125 0.495833 0.342187 0.493750 0.340625 0.489583 0.315625 0.489583 0.314063 0.493750 0.304688 0.493750 0.295312 0.500000 0.275000 0.500000 0.265625 0.506250 0.281250 0.508333 0.301563 0.518750 0.323437 0.518750 0.353125 0.502083
10 0.717187 0.000000 0.729688 0.070833 0.740625 0.075000 0.742188 0.118750 0.756250 0.135417 0.789062 0.141667 0.789062 0.129167 0.773438 0.120833 0.770312 0.097917 0.751563 0.089583 0.748437 0.064583 0.754687 0.043750 0.767188 0.037500 0.776563 0.056250 0.801562 0.066667 0.801562 0.052083 0.790625 0.054167 0.793750 0.037500 0.784375 0.018750 0.806250 0.000000
10 0.529687 0.000000 0.457813 0.000000 0.442188 0.068750 0.401562 0.062500 0.412500 0.095833 0.392188 0.127083 0.365625 0.095833 0.331250 0.108333 0.378125 0.218750 0.360938 0.258333 0.420312 0.247917 0.475000 0.293750 0.482812 0.329167 0.456250 0.300000 0.445312 0.352083 0.459375 0.418750 0.459375 0.391667 0.485938 0.420833 0.501563 0.385417 0.448437 0.122917 0.481250 0.035417
13 0.378125 0.447917 0.373437 0.458333 0.370312 0.460417 0.367188 0.472917 0.367188 0.487500 0.371875 0.487500 0.373437 0.491667 0.378125 0.491667 0.379688 0.487500 0.387500 0.487500 0.393750 0.495833 0.401562 0.495833 0.403125 0.491667 0.401562 0.458333 0.396875 0.452083 0.385937 0.452083 0.384375 0.447917
13 0.003125 0.270833 0.000000 0.820833 0.053125 0.729167 0.185938 0.622917 0.231250 0.629167 0.254688 0.506250 0.223438 0.379167 0.190625 0.337500