0 0.756250 0.997917 0.485938 0.583333 0.532813 0.537500 0.467187 0.489583 0.000000 0.577083 0.000000 0.997917
2 0.450000 0.479167 0.446875 0.477083 0.446875 0.472917 0.443750 0.468750 0.439063 0.466667 0.432812 0.466667 0.428125 0.472917 0.421875 0.468750 0.409375 0.468750 0.406250 0.470833 0.406250 0.487500 0.409375 0.485417 0.414062 0.487500 0.428125 0.487500 0.431250 0.483333 0.450000 0.483333
2 0.659375 0.285417 0.589063 0.264583 0.576562 0.312500 0.542188 0.308333 0.534375 0.372917 0.518750 0.379167 0.507812 0.418750 0.525000 0.418750 0.534375 0.439583 0.556250 0.408333 0.600000 0.414583 0.621875 0.400000 0.648438 0.429167 0.657813 0.427083 0.671875 0.370833
2 0.000000 0.060417 0.000000 0.120833 0.046875 0.197917 0.060937 0.168750 0.087500 0.172917 0.092188 0.216667 0.132812 0.233333 0.168750 0.322917 0.232813 0.331250 0.217188 0.300000 0.232813 0.270833 0.195312 0.264583 0.146875 0.164583 0.151562 0.143750 0.182812 0.158333 0.178125 0.114583 0.071875 0.083333 0.040625 0.052083 0.034375 0.068750
4 0.473438 0.477083 0.471875 0.502083 0.475000 0.506250 0.478125 0.506250 0.484375 0.512500 0.506250 0.510417 0.506250 0.500000 0.509375 0.489583 0.498437 0.470833 0.482812 0.468750 0.478125 0.470833
4 0.889062 0.875000 0.915625 0.397917 0.845313 0.433333 0.539062 0.460417 0.539062 0.568750 0.809375 0.758333
4 0.146875 0.385417 0.140625 0.487500 0.156250 0.502083 0.200000 0.518750 0.325000 0.500000 0.337500 0.447917 0.215625 0.395833
4 0.951562 0.372917 0.935937 0.441667 0.939063 0.902083 0.998437 0.918750 0.998437 0.368750
5 0.951562 0.156250 0.929688 0.195833 0.889062 0.877083 0.917188 0.918750 0.939063 0.908333
8 0.998437 0.000000 0.685937 0.000000 0.657813 0.102083 0.593750 0.075000 0.579688 0.187500 0.660937 0.285417 0.667188 0.418750 0.475000 0.408333 0.471875 0.485417 0.889062 0.422917 0.940625 0.154167 0.951562 0.370833 0.998437 0.366667
8 0.454688 0.247917 0.407813 0.191667 0.345313 0.210417 0.298438 0.000000 0.198437 0.020833 0.204687 0.154167 0.146875 0.156250 0.232813 0.266667 0.229687 0.337500 0.168750 0.325000 0.087500 0.175000 0.046875 0.200000 0.000000 0.122917 0.000000 0.539583 0.173437 0.510417 0.139063 0.487500 0.154688 0.381250 0.467187 0.487500
9 0.489063 0.566667 0.617188 0.804167 0.757812 0.997917 0.998437 0.997917 0.996875 0.916667 0.898438 0.914583 0.809375 0.760417 0.526563 0.545833
9 0.251563 0.533333 0.225000 0.516667 0.171875 0.512500 0.076563 0.539583 0.001563 0.539583 0.000000 0.575000 0.187500 0.529167 0.220312 0.543750
10 0.193750 0.258333 0.195312 0.262500 0.231250 0.268750 0.231250 0.266667 0.226562 0.264583 0.223438 0.258333 0.220312 0.256250 0.220312 0.250000 0.217188 0.247917 0.209375 0.247917 0.200000 0.258333
10 0.296875 0.045833 0.340625 0.095833 0.310937 0.152083 0.339062 0.156250 0.346875 0.210417 0.407813 0.189583 0.456250 0.247917 0.440625 0.358333 0.460938 0.412500 0.457813 0.362500 0.501563 0.422917 0.542188 0.306250 0.618750 0.268750 0.578125 0.187500 0.592187 0.075000 0.657813 0.100000 0.693750 0.022917 0.300000 0.000000
10 0.000000 0.000000 0.000000 0.058333 0.034375 0.066667 0.040625 0.050000 0.071875 0.081250 0.178125 0.112500 0.187500 0.162500 0.203125 0.154167 0.184375 0.133333 0.182812 0.081250 0.203125 0.066667 0.196875 0.020833 0.251563 0.037500 0.239063 0.000000
13 0.526563 0.460417 0.510938 0.483333 0.507812 0.500000 0.507812 0.516667 0.510938 0.522917 0.526563 0.527083 0.532813 0.535417 0.534375 0.479167 0.537500 0.460417
13 0.343750 0.441667 0.331250 0.462500 0.326562 0.500000 0.357812 0.502083 0.368750 0.510417 0.384375 0.506250 0.385937 0.466667 0.381250 0.447917 0.364063 0.441667