0 0.775000 0.997917 0.482812 0.554167 0.520312 0.520833 0.470313 0.489583 0.000000 0.552083 0.000000 0.997917
2 0.582812 0.300000 0.573438 0.325000 0.543750 0.320833 0.535937 0.377083 0.521875 0.383333 0.515625 0.425000 0.534375 0.435417 0.548438 0.418750 0.573438 0.414583 0.610938 0.425000 0.618750 0.435417 0.614062 0.393750 0.600000 0.352083 0.587500 0.358333 0.579688 0.347917 0.576562 0.322917
2 0.101562 0.089583 0.179688 0.262500 0.215625 0.283333 0.232813 0.337500 0.262500 0.343750 0.268750 0.320833 0.248438 0.310417 0.259375 0.279167 0.225000 0.270833 0.207813 0.247917 0.209375 0.216667 0.192188 0.197917 0.195312 0.172917 0.217188 0.183333 0.215625 0.139583 0.115625 0.108333
4 0.479687 0.472917 0.475000 0.487500 0.475000 0.502083 0.478125 0.502083 0.479687 0.506250 0.485938 0.508333 0.492188 0.514583 0.501563 0.512500 0.504687 0.508333 0.504687 0.491667 0.506250 0.489583 0.504687 0.475000 0.498437 0.470833 0.482812 0.470833
4 0.681250 0.454167 0.525000 0.464583 0.521875 0.543750 0.665625 0.654167
4 0.696875 0.452083 0.689063 0.679167 0.764062 0.745833 0.784375 0.750000 0.792188 0.706250 0.818750 0.731250 0.823438 0.658333 0.785937 0.587500 0.762500 0.445833 0.750000 0.435417
4 0.218750 0.397917 0.214062 0.475000 0.234375 0.487500 0.237500 0.500000 0.268750 0.502083 0.345313 0.487500 0.346875 0.443750 0.254688 0.400000
5 0.703125 0.268750 0.667188 0.641667 0.670312 0.700000 0.682813 0.700000
8 0.606250 0.000000 0.639062 0.141667 0.570312 0.164583 0.560937 0.250000 0.620313 0.435417 0.479687 0.410417 0.475000 0.485417 0.681250 0.452083 0.703125 0.266667 0.698438 0.450000 0.764062 0.445833 0.826562 0.666667 0.781250 0.752083 0.834375 0.995833 0.998437 0.997917 0.998437 0.000000
8 0.000000 0.000000 0.000000 0.547917 0.235937 0.500000 0.220312 0.393750 0.470313 0.487500 0.462500 0.264583 0.334375 0.183333 0.359375 0.129167 0.304688 0.012500 0.270313 0.002083 0.281250 0.081250 0.234375 0.064583 0.237500 0.179167 0.193750 0.179167 0.260937 0.345833 0.087500 0.052083
9 0.484375 0.552083 0.768750 0.991667 0.834375 0.997917 0.846875 0.962500 0.795312 0.870833 0.800000 0.785417 0.696875 0.683333 0.667188 0.700000 0.660937 0.647917 0.520312 0.541667
9 0.245312 0.504167 0.246875 0.508333 0.251563 0.510417 0.253125 0.514583 0.259375 0.518750 0.264062 0.527083 0.278125 0.527083 0.279687 0.522917 0.285938 0.522917 0.287500 0.518750 0.292187 0.518750 0.285938 0.510417 0.273438 0.508333 0.271875 0.504167
10 0.276562 0.000000 0.320312 0.031250 0.323437 0.085417 0.360938 0.129167 0.335938 0.183333 0.367188 0.216667 0.440625 0.216667 0.468750 0.289583 0.448437 0.352083 0.464062 0.410417 0.462500 0.366667 0.514062 0.422917 0.542188 0.320833 0.573438 0.322917 0.582812 0.289583 0.559375 0.250000 0.568750 0.164583 0.621875 0.179167 0.637500 0.141667 0.604688 0.000000
10 0.021875 0.000000 0.056250 0.018750 0.073438 0.058333 0.087500 0.050000 0.115625 0.106250 0.215625 0.137500 0.220312 0.185417 0.235937 0.179167 0.220312 0.133333 0.239063 0.110417 0.232813 0.064583 0.281250 0.079167 0.270313 0.000000
13 0.523438 0.464583 0.518750 0.466667 0.507812 0.483333 0.506250 0.508333 0.503125 0.510417 0.506250 0.512500 0.506250 0.516667 0.520312 0.518750 0.521875 0.512500
13 0.350000 0.454167 0.346875 0.462500 0.346875 0.491667 0.378125 0.495833 0.381250 0.502083 0.395313 0.500000 0.396875 0.466667 0.395313 0.456250 0.389062 0.445833 0.379688 0.441667 0.359375 0.441667