0 0.000000 0.606250 0.000000 0.997917 0.998437 0.997917 0.996875 0.914583 0.515625 0.502083 0.387500 0.502083 0.343750 0.562500 0.173437 0.535417
1 0.595313 0.583333 0.998437 0.914583 0.998437 0.795833 0.853125 0.702083 0.814063 0.706250 0.740625 0.643750 0.735938 0.604167
1 0.175000 0.543750 0.170313 0.535417 0.003125 0.560417 0.000000 0.604167 0.070312 0.585417 0.137500 0.579167 0.160938 0.566667
2 0.239063 0.193750 0.229687 0.191667 0.223438 0.229167 0.179688 0.243750 0.167187 0.295833 0.170313 0.312500 0.184375 0.293750 0.206250 0.289583 0.259375 0.314583
2 0.998437 0.200000 0.950000 0.185417 0.935937 0.118750 0.881250 0.164583 0.742188 0.129167 0.692187 0.277083 0.617188 0.264583 0.568750 0.472917 0.606250 0.377083 0.646875 0.404167 0.654687 0.497917 0.685937 0.502083 0.659375 0.460417 0.670312 0.406250 0.753125 0.350000 0.803125 0.385417 0.820312 0.445833 0.998437 0.435417
2 0.000000 0.000000 0.000000 0.064583 0.029687 0.060417 0.050000 0.085417 0.056250 0.085417 0.056250 0.066667 0.048438 0.043750 0.042188 0.000000
4 0.525000 0.487500 0.523438 0.522917 0.592187 0.579167 0.737500 0.602083 0.746875 0.535417 0.760938 0.508333 0.610938 0.497917 0.606250 0.479167 0.579688 0.472917
4 0.432812 0.468750 0.431250 0.487500 0.434375 0.495833 0.454688 0.495833 0.454688 0.489583 0.451562 0.485417 0.451562 0.468750
4 0.000000 0.560417 0.223438 0.527083 0.228125 0.466667 0.271875 0.416667 0.185938 0.389583 0.090625 0.333333 0.000000 0.312500
5 0.506250 0.320833 0.529687 0.347917 0.518750 0.508333 0.521875 0.522917 0.532813 0.352083
8 0.559375 0.412500 0.551562 0.425000 0.548438 0.422917 0.531250 0.427083 0.526563 0.466667 0.528125 0.483333 0.537500 0.483333 0.540625 0.475000 0.568750 0.470833 0.568750 0.456250 0.560937 0.443750 0.564063 0.418750
8 0.604688 0.379167 0.596875 0.389583 0.579688 0.470833 0.606250 0.477083 0.610938 0.495833 0.615625 0.491667 0.653125 0.497917 0.653125 0.437500 0.645312 0.404167 0.637500 0.393750
8 0.801562 0.385417 0.759375 0.352083 0.709375 0.366667 0.671875 0.406250 0.662500 0.466667 0.684375 0.481250 0.693750 0.502083 0.764062 0.506250 0.796875 0.452083 0.818750 0.445833
8 0.000000 0.066667 0.000000 0.310417 0.359375 0.414583 0.387500 0.500000 0.518750 0.502083 0.475000 0.345833 0.504687 0.175000 0.440625 0.089583 0.323437 0.162500 0.298438 0.339583 0.165625 0.308333 0.243750 0.127083 0.303125 0.177083 0.373437 0.000000 0.043750 0.000000 0.071875 0.079167
10 0.182812 0.150000 0.185938 0.172917 0.192188 0.175000 0.195312 0.181250 0.198437 0.181250 0.203125 0.185417 0.215625 0.185417 0.214062 0.170833 0.209375 0.164583 0.207813 0.166667 0.196875 0.164583 0.190625 0.160417 0.189062 0.156250
10 0.075000 0.041667 0.075000 0.045833 0.071875 0.050000 0.073438 0.052083 0.068750 0.056250 0.056250 0.056250 0.054688 0.054167 0.057813 0.066667 0.057813 0.081250 0.059375 0.081250 0.060937 0.085417 0.070312 0.079167 0.068750 0.072917 0.071875 0.070833 0.070312 0.060417 0.073438 0.052083 0.075000 0.054167 0.075000 0.047917 0.076563 0.045833
10 0.229687 0.185417 0.298438 0.337500 0.321875 0.162500 0.467187 0.102083 0.514062 0.216667 0.476562 0.345833 0.525000 0.422917 0.529687 0.341667 0.529687 0.429167 0.620313 0.258333 0.692187 0.275000 0.742188 0.127083 0.881250 0.162500 0.935937 0.116667 0.998437 0.197917 0.998437 0.000000 0.375000 0.000000 0.301563 0.181250 0.260937 0.125000
13 0.796875 0.454167 0.748437 0.535417 0.740625 0.641667 0.814063 0.704167 0.853125 0.700000 0.960938 0.785417 0.998437 0.793750 0.998437 0.437500
13 0.229687 0.466667 0.225000 0.527083 0.234375 0.539583 0.318750 0.547917 0.331250 0.560417 0.343750 0.560417 0.359375 0.529167 0.367188 0.543750 0.379688 0.543750 0.382812 0.447917 0.359375 0.416667 0.287500 0.404167