0 0.000000 0.745833 0.000000 0.997917 0.998437 0.997917 0.998437 0.852083 0.509375 0.497917 0.245312 0.583333 0.215625 0.685417 0.154688 0.654167
1 0.376563 0.518750 0.359375 0.510417 0.245312 0.539583 0.245312 0.581250 0.298438 0.558333 0.343750 0.529167
2 0.668750 0.150000 0.667188 0.152083 0.665625 0.152083 0.665625 0.154167 0.662500 0.160417 0.662500 0.168750 0.664062 0.170833 0.664062 0.175000 0.665625 0.177083 0.665625 0.179167 0.668750 0.179167 0.670312 0.181250 0.670312 0.183333 0.671875 0.183333 0.671875 0.179167 0.673438 0.177083 0.673438 0.175000 0.675000 0.172917 0.676562 0.172917 0.676562 0.156250 0.673438 0.150000
2 0.000000 0.052083 0.001563 0.122917 0.160938 0.247917 0.121875 0.077083
2 0.998437 0.000000 0.867188 0.000000 0.779687 0.212500 0.643750 0.185417 0.614062 0.339583 0.576562 0.337500 0.567187 0.475000 0.645312 0.468750 0.662500 0.322917 0.684375 0.354167 0.729688 0.275000 0.800000 0.300000 0.831250 0.481250 0.871875 0.485417 0.865625 0.408333 0.993750 0.220833 0.967187 0.202083 0.998437 0.185417
4 0.406250 0.460417 0.404687 0.502083 0.450000 0.495833 0.450000 0.483333 0.443750 0.481250 0.443750 0.470833 0.439063 0.468750 0.435937 0.462500 0.420312 0.460417 0.417187 0.462500 0.410938 0.458333
4 0.537500 0.479167 0.534375 0.531250 0.998437 0.850000 0.998437 0.504167 0.834375 0.487500 0.746875 0.447917 0.701562 0.452083 0.690625 0.481250 0.681250 0.458333
4 0.223438 0.412500 0.243750 0.460417 0.245312 0.537500 0.359375 0.508333 0.359375 0.447917 0.353125 0.435417 0.318750 0.418750 0.306250 0.433333 0.262500 0.425000 0.246875 0.410417
5 0.506250 0.250000 0.542188 0.295833 0.532813 0.533333 0.543750 0.293750
8 0.534375 0.412500 0.525000 0.412500 0.521875 0.416667 0.518750 0.508333 0.523438 0.514583 0.525000 0.483333 0.528125 0.477083 0.532813 0.477083
8 0.567187 0.381250 0.564063 0.383333 0.560937 0.379167 0.554688 0.389583 0.556250 0.402083 0.548438 0.404167 0.545312 0.400000 0.539062 0.414583 0.537500 0.477083 0.568750 0.477083 0.565625 0.475000 0.567187 0.441667 0.556250 0.433333 0.556250 0.420833 0.559375 0.418750
8 0.664062 0.322917 0.651563 0.456250 0.681250 0.456250 0.690625 0.479167 0.701562 0.450000 0.746875 0.445833 0.801562 0.456250 0.829688 0.481250 0.825000 0.354167 0.793750 0.293750 0.721875 0.279167 0.684375 0.356250
8 0.998437 0.214583 0.929688 0.295833 0.893750 0.393750 0.867188 0.408333 0.878125 0.454167 0.873437 0.485417 0.960938 0.506250 0.998437 0.502083
8 0.000000 0.122917 0.003125 0.241667 0.157812 0.310417 0.223438 0.410417 0.353125 0.433333 0.376563 0.516667 0.407813 0.456250 0.496875 0.495833 0.504687 0.454167 0.514062 0.497917 0.517188 0.420833 0.459375 0.325000 0.507812 0.139583 0.462500 0.000000 0.317188 0.000000 0.292187 0.066667 0.253125 0.050000 0.256250 0.308333 0.195312 0.337500 0.162500 0.250000
10 0.484375 0.404167 0.535937 0.408333 0.540625 0.295833 0.506250 0.247917 0.545312 0.293750 0.539062 0.412500 0.576562 0.335417 0.612500 0.339583 0.643750 0.183333 0.779687 0.210417 0.865625 0.000000 0.464062 0.000000 0.509375 0.133333 0.460938 0.320833
10 0.000000 0.000000 0.000000 0.050000 0.123438 0.077083 0.171875 0.318750 0.195312 0.335417 0.209375 0.312500 0.251563 0.314583 0.231250 0.293750 0.240625 0.229167 0.264062 0.225000 0.240625 0.177083 0.246875 0.056250 0.292187 0.064583 0.315625 0.000000
13 0.000000 0.239583 0.000000 0.743750 0.154688 0.652083 0.179688 0.689583 0.215625 0.683333 0.243750 0.585417 0.243750 0.470833 0.209375 0.358333 0.114062 0.285417