0 0.714063 0.995833 0.525000 0.647917 0.540625 0.568750 0.595313 0.570833 0.470313 0.483333 0.089063 0.514583 0.115625 0.556250 0.000000 0.587500 0.000000 0.997917
1 0.506250 0.527083 0.517188 0.543750 0.535937 0.543750 0.551562 0.550000 0.559375 0.550000 0.564063 0.554167 0.559375 0.541667 0.546875 0.539583 0.543750 0.535417 0.517188 0.531250
2 0.454688 0.472917 0.450000 0.462500 0.450000 0.450000 0.446875 0.445833 0.439063 0.445833 0.434375 0.462500 0.426563 0.472917 0.421875 0.470833 0.418750 0.464583 0.412500 0.464583 0.410938 0.472917 0.406250 0.477083 0.454688 0.477083
2 0.521875 0.406250 0.556250 0.433333 0.573438 0.400000 0.614062 0.391667 0.640625 0.454167 0.715625 0.447917 0.709375 0.385417 0.779687 0.341667 0.820312 0.358333 0.840625 0.404167 0.890625 0.402083 0.912500 0.362500 0.859375 0.341667 0.848437 0.258333 0.810937 0.283333 0.764062 0.268750 0.751563 0.227083 0.723437 0.254167 0.625000 0.227083 0.603125 0.297917 0.559375 0.289583
2 0.000000 0.000000 0.000000 0.200000 0.179688 0.266667 0.170313 0.220833 0.181250 0.212500 0.151562 0.204167 0.145313 0.154167 0.120313 0.158333 0.092188 0.120833 0.104688 0.087500 0.076563 0.050000 0.089063 0.022917 0.142187 0.050000 0.129688 0.000000
3 0.107813 0.489583 0.104688 0.485417 0.000000 0.487500 0.000000 0.522917 0.039062 0.512500 0.059375 0.512500 0.060937 0.516667 0.104688 0.512500
4 0.479687 0.468750 0.479687 0.502083 0.487500 0.506250 0.501563 0.525000 0.537500 0.531250 0.537500 0.489583 0.543750 0.475000 0.525000 0.477083 0.517188 0.464583 0.489063 0.460417 0.485938 0.468750
4 0.998437 0.933333 0.998437 0.410417 0.603125 0.460417 0.607812 0.620833
4 0.000000 0.283333 0.000000 0.485417 0.104688 0.483333 0.106250 0.512500 0.298438 0.487500 0.314063 0.422917
5 0.464062 0.339583 0.482812 0.362500 0.473438 0.483333 0.476562 0.500000 0.484375 0.364583 0.481250 0.354167
8 0.640625 0.425000 0.614062 0.393750 0.573438 0.402083 0.556250 0.435417 0.540625 0.406250 0.523438 0.406250 0.515625 0.420833 0.493750 0.420833 0.484375 0.406250 0.479687 0.466667 0.501563 0.458333 0.525000 0.475000 0.542188 0.475000 0.557813 0.452083 0.639062 0.454167
8 0.743750 0.000000 0.765625 0.077083 0.796875 0.012500 0.812500 0.043750 0.842187 0.018750 0.814063 0.104167 0.839063 0.106250 0.829688 0.185417 0.871875 0.218750 0.859375 0.337500 0.914062 0.375000 0.840625 0.406250 0.779687 0.343750 0.710938 0.385417 0.720313 0.441667 0.998437 0.408333 0.998437 0.000000
8 0.000000 0.202083 0.000000 0.281250 0.365625 0.422917 0.382812 0.481250 0.439063 0.443750 0.473438 0.481250 0.445312 0.341667 0.465625 0.218750 0.412500 0.145833 0.339062 0.143750 0.325000 0.064583 0.287500 0.047917 0.326562 0.000000 0.085938 0.029167 0.093750 0.120833 0.190625 0.179167 0.179688 0.268750
9 0.540625 0.570833 0.526563 0.647917 0.715625 0.997917 0.998437 0.997917 0.998437 0.935417 0.757812 0.760417 0.607812 0.622917 0.600000 0.572917
9 0.000000 0.585417 0.040625 0.570833 0.110937 0.558333 0.115625 0.547917 0.082812 0.529167 0.076563 0.518750 0.059375 0.514583 0.003125 0.522917
10 0.295312 0.250000 0.298438 0.275000 0.273438 0.310417 0.273438 0.325000 0.279687 0.314583 0.284375 0.312500 0.292187 0.316667 0.303125 0.314583 0.301563 0.302083 0.307812 0.293750 0.314063 0.297917 0.314063 0.287500
10 0.145313 0.145833 0.150000 0.200000 0.160938 0.206250 0.173437 0.206250 0.175000 0.210417 0.182812 0.210417 0.189062 0.193750 0.189062 0.179167 0.171875 0.177083 0.165625 0.164583 0.165625 0.156250 0.157812 0.145833
10 0.289062 0.047917 0.340625 0.143750 0.437500 0.160417 0.473438 0.254167 0.448437 0.352083 0.470313 0.404167 0.482812 0.354167 0.493750 0.418750 0.625000 0.225000 0.751563 0.225000 0.810937 0.281250 0.868750 0.237500 0.812500 0.104167 0.837500 0.014583 0.765625 0.079167 0.742188 0.000000 0.328125 0.000000
13 0.554688 0.456250 0.539062 0.489583 0.539062 0.533333 0.559375 0.539583 0.567187 0.558333 0.600000 0.570833 0.601562 0.460417 0.606250 0.454167 0.626563 0.452083
13 0.304688 0.441667 0.300000 0.458333 0.301563 0.491667 0.339062 0.495833 0.350000 0.506250 0.360938 0.506250 0.364063 0.495833 0.367188 0.502083 0.375000 0.500000 0.378125 0.456250 0.368750 0.427083 0.326562 0.416667