0 0.000000 0.795833 0.000000 0.997917 0.998437 0.997917 0.998437 0.768750 0.789062 0.716667 0.515625 0.497917 0.303125 0.550000 0.284375 0.625000 0.134375 0.660417 0.081250 0.772917
1 0.389062 0.512500 0.367188 0.508333 0.307812 0.520833 0.303125 0.525000 0.303125 0.547917 0.339062 0.537500 0.348438 0.529167
2 0.000000 0.077083 0.000000 0.131250 0.084375 0.179167 0.185938 0.260417 0.157812 0.110417
2 0.998437 0.000000 0.851562 0.000000 0.760938 0.225000 0.640625 0.204167 0.614062 0.341667 0.578125 0.343750 0.556250 0.422917 0.567187 0.472917 0.739062 0.470833 0.735938 0.437500 0.645312 0.408333 0.695312 0.312500 0.768750 0.366667 0.771875 0.485417 0.826562 0.487500 0.843750 0.333333 0.900000 0.258333 0.998437 0.216667
4 0.414062 0.460417 0.410938 0.497917 0.412500 0.502083 0.434375 0.495833 0.453125 0.495833 0.454688 0.470833 0.451562 0.472917 0.450000 0.468750 0.445312 0.468750 0.442188 0.462500 0.435937 0.460417 0.432812 0.462500 0.418750 0.458333
4 0.537500 0.479167 0.534375 0.529167 0.764062 0.700000 0.857812 0.745833 0.998437 0.766667 0.998437 0.514583 0.684375 0.456250
4 0.370312 0.439583 0.348438 0.433333 0.337500 0.422917 0.331250 0.422917 0.329688 0.435417 0.289062 0.429167 0.303125 0.466667 0.303125 0.522917 0.371875 0.506250
5 0.509375 0.266667 0.542188 0.310417 0.532813 0.529167 0.543750 0.308333
8 0.551562 0.402083 0.545312 0.416667 0.542188 0.410417 0.539062 0.412500 0.537500 0.477083 0.545312 0.477083 0.546875 0.481250 0.568750 0.481250 0.565625 0.472917 0.564063 0.441667 0.559375 0.435417 0.559375 0.427083 0.554688 0.425000 0.560937 0.414583 0.560937 0.406250 0.554688 0.406250
8 0.682813 0.318750 0.662500 0.362500 0.643750 0.372917 0.648438 0.412500 0.687500 0.416667 0.706250 0.439583 0.735938 0.435417 0.740625 0.475000 0.770312 0.485417 0.773438 0.408333 0.767188 0.366667 0.737500 0.325000
8 0.998437 0.218750 0.900000 0.260417 0.845313 0.333333 0.821875 0.397917 0.829688 0.489583 0.998437 0.512500
8 0.000000 0.133333 0.000000 0.291667 0.228125 0.341667 0.289062 0.427083 0.368750 0.435417 0.373437 0.506250 0.412500 0.506250 0.415625 0.456250 0.500000 0.495833 0.504687 0.454167 0.526563 0.512500 0.535937 0.414583 0.521875 0.472917 0.465625 0.335417 0.512500 0.154167 0.454688 0.004167 0.343750 0.000000 0.310937 0.091667 0.271875 0.077083 0.267188 0.327083
10 0.490625 0.404167 0.535937 0.412500 0.540625 0.310417 0.509375 0.264583 0.545312 0.308333 0.545312 0.414583 0.579688 0.339583 0.612500 0.341667 0.640625 0.202083 0.760938 0.222917 0.850000 0.000000 0.437500 0.000000 0.514062 0.154167 0.467187 0.327083
10 0.000000 0.000000 0.000000 0.075000 0.157812 0.108333 0.187500 0.260417 0.229687 0.314583 0.271875 0.318750 0.251563 0.281250 0.267188 0.275000 0.262500 0.239583 0.285938 0.235417 0.259375 0.193750 0.256250 0.133333 0.271875 0.075000 0.310937 0.089583 0.342187 0.000000
13 0.271875 0.379167 0.184375 0.327083 0.000000 0.293750 0.001563 0.795833 0.081250 0.770833 0.134375 0.658333 0.245312 0.597917 0.260937 0.625000 0.287500 0.618750 0.301563 0.466667