0 0.000000 0.633333 0.000000 0.997917 0.998437 0.997917 0.995313 0.806250 0.514062 0.497917
1 0.657813 0.614583 0.787500 0.687500 0.731250 0.645833 0.678125 0.618750
1 0.121875 0.577083 0.076563 0.597917 0.000000 0.620833 0.000000 0.631250 0.020313 0.629167 0.020313 0.622917 0.032813 0.616667 0.068750 0.622917 0.060937 0.620833 0.059375 0.612500 0.096875 0.593750 0.118750 0.593750 0.107813 0.585417
2 0.446875 0.454167 0.443750 0.464583 0.443750 0.485417 0.445312 0.487500 0.467187 0.487500 0.467187 0.475000 0.459375 0.466667 0.459375 0.456250
2 0.359375 0.341667 0.356250 0.343750 0.354687 0.362500 0.346875 0.370833 0.346875 0.381250 0.353125 0.391667 0.357812 0.391667 0.365625 0.400000 0.371875 0.422917 0.379688 0.427083 0.387500 0.439583 0.387500 0.406250 0.365625 0.370833 0.365625 0.343750
2 0.606250 0.300000 0.596875 0.300000 0.573438 0.408333 0.573438 0.425000 0.581250 0.437500 0.581250 0.477083 0.598437 0.481250
2 0.732812 0.039583 0.664062 0.308333 0.615625 0.306250 0.607812 0.481250 0.643750 0.439583 0.682813 0.485417 0.878125 0.497917 0.906250 0.450000 0.993750 0.443750 0.996875 0.104167
2 0.764062 0.000000 0.762500 0.004167 0.764062 0.006250 0.764062 0.018750 0.765625 0.020833 0.765625 0.029167 0.767188 0.031250 0.768750 0.029167 0.776563 0.029167 0.778125 0.025000 0.778125 0.018750 0.781250 0.010417 0.781250 0.000000
3 0.998437 0.445833 0.906250 0.452083 0.904687 0.477083 0.915625 0.481250 0.948438 0.470833 0.973437 0.470833 0.975000 0.466667 0.985938 0.464583
3 0.025000 0.302083 0.025000 0.339583 0.031250 0.339583 0.029687 0.337500 0.034375 0.331250 0.040625 0.329167 0.053125 0.343750 0.054688 0.352083 0.078125 0.356250 0.084375 0.333333 0.087500 0.331250 0.087500 0.320833 0.084375 0.316667 0.059375 0.306250 0.045312 0.306250 0.043750 0.302083
4 0.556250 0.479167 0.556250 0.543750 0.593750 0.575000 0.598437 0.483333 0.590625 0.483333 0.589063 0.479167
4 0.998437 0.800000 0.998437 0.452083 0.878125 0.500000 0.607812 0.483333 0.607812 0.585417 0.807813 0.668750 0.826562 0.620833 0.881250 0.622917 0.884375 0.733333
4 0.375000 0.447917 0.373437 0.487500 0.367188 0.504167 0.370312 0.512500 0.389062 0.506250 0.390625 0.502083 0.439063 0.495833 0.442188 0.464583 0.426563 0.462500 0.415625 0.452083
4 0.239063 0.393750 0.090625 0.322917 0.078125 0.358333 0.040625 0.331250 0.000000 0.331250 0.000000 0.616667 0.240625 0.547917 0.250000 0.450000
5 0.551562 0.039583 0.617188 0.125000 0.601562 0.585417 0.621875 0.127083
8 0.634375 0.445833 0.634375 0.466667 0.631250 0.479167 0.665625 0.479167 0.667188 0.454167 0.664062 0.447917 0.651563 0.447917 0.643750 0.441667 0.639062 0.441667
8 0.568750 0.362500 0.560937 0.372917 0.554688 0.370833 0.550000 0.395833 0.542188 0.389583 0.528125 0.397917 0.525000 0.508333 0.550000 0.535417 0.554688 0.479167 0.579688 0.477083 0.579688 0.437500 0.571875 0.425000 0.576562 0.385417
8 0.998437 0.260417 0.990625 0.291667 0.992188 0.356250 0.982812 0.389583 0.982812 0.429167 0.998437 0.443750
8 0.070312 0.010417 0.054688 0.137500 0.092188 0.179167 0.075000 0.222917 0.000000 0.231250 0.000000 0.329167 0.043750 0.300000 0.229687 0.381250 0.245312 0.543750 0.360938 0.525000 0.376563 0.443750 0.487500 0.495833 0.496875 0.447917 0.520312 0.495833 0.525000 0.400000 0.476562 0.395833 0.450000 0.241667 0.504687 0.000000
9 0.764062 0.666667 0.837500 0.720833 0.878125 0.733333 0.887500 0.722917 0.890625 0.633333 0.873437 0.620833 0.823438 0.625000 0.807813 0.670833
9 0.518750 0.508333 0.517188 0.518750 0.521875 0.529167 0.529687 0.537500 0.534375 0.537500 0.535937 0.539583 0.553125 0.539583 0.553125 0.537500 0.550000 0.537500 0.545312 0.531250 0.540625 0.529167 0.535937 0.520833 0.531250 0.518750 0.525000 0.510417
10 0.476562 0.391667 0.576562 0.383333 0.607812 0.300000 0.615625 0.125000 0.551562 0.037500 0.623437 0.127083 0.617188 0.300000 0.662500 0.308333 0.732812 0.037500 0.998437 0.106250 0.998437 0.000000 0.767188 0.033333 0.506250 0.000000 0.451562 0.237500
10 0.093750 0.000000 0.000000 0.000000 0.000000 0.227083 0.017188 0.245833 0.026562 0.210417 0.056250 0.220833 0.081250 0.210417 0.079687 0.179167 0.090625 0.170833 0.062500 0.162500 0.053125 0.133333 0.076563 0.083333 0.064062 0.029167 0.068750 0.010417