0 0.000000 0.614583 0.000000 0.997917 0.998437 0.997917 0.998437 0.797917 0.623437 0.610417 0.496875 0.487500
2 0.421875 0.445833 0.420312 0.454167 0.418750 0.456250 0.414062 0.456250 0.412500 0.472917 0.417187 0.477083 0.434375 0.477083 0.435937 0.481250 0.440625 0.481250 0.442188 0.477083 0.442188 0.464583 0.435937 0.454167 0.434375 0.445833
2 0.268750 0.337500 0.268750 0.345833 0.301563 0.362500 0.307812 0.381250 0.317188 0.385417 0.323437 0.410417 0.332813 0.408333 0.348438 0.418750 0.353125 0.393750 0.332813 0.370833 0.329688 0.333333 0.315625 0.306250 0.303125 0.300000 0.298438 0.327083
2 0.578125 0.266667 0.554688 0.372917 0.564063 0.460417 0.614062 0.464583 0.623437 0.450000 0.629687 0.275000
2 0.725000 0.000000 0.659375 0.258333 0.671875 0.277083 0.640625 0.275000 0.637500 0.422917 0.668750 0.425000 0.678125 0.464583 0.996875 0.464583 0.998437 0.006250
3 0.089063 0.460417 0.081250 0.500000 0.081250 0.516667 0.078125 0.518750 0.081250 0.562500 0.082812 0.518750 0.089063 0.491667
4 0.546875 0.464583 0.543750 0.531250 0.618750 0.589583 0.614062 0.572917 0.618750 0.535417 0.607812 0.529167 0.607812 0.508333 0.618750 0.506250 0.614062 0.500000 0.614062 0.466667
4 0.640625 0.458333 0.634375 0.602083 0.998437 0.795833 0.998437 0.464583 0.937500 0.481250 0.859375 0.456250
4 0.320312 0.512500 0.356250 0.497917 0.410938 0.487500 0.410938 0.479167 0.415625 0.477083 0.410938 0.472917 0.412500 0.456250 0.390625 0.452083 0.381250 0.441667 0.326562 0.431250
4 0.000000 0.316667 0.000000 0.612500 0.082812 0.585417 0.076563 0.518750 0.089063 0.437500 0.082812 0.385417 0.065625 0.345833
8 0.668750 0.427083 0.654687 0.425000 0.653125 0.420833 0.639062 0.420833 0.635938 0.425000 0.632812 0.502083 0.639062 0.500000 0.639062 0.458333 0.643750 0.454167 0.651563 0.454167 0.654687 0.458333 0.665625 0.456250
8 0.543750 0.341667 0.535937 0.354167 0.531250 0.347917 0.526563 0.354167 0.525000 0.379167 0.515625 0.370833 0.506250 0.379167 0.500000 0.452083 0.501563 0.491667 0.539062 0.529167 0.542188 0.468750 0.562500 0.460417 0.559375 0.395833
8 0.000000 0.000000 0.000000 0.314583 0.084375 0.385417 0.085938 0.581250 0.193750 0.589583 0.306250 0.533333 0.326562 0.429167 0.464062 0.483333 0.475000 0.433333 0.496875 0.485417 0.500000 0.379167 0.446875 0.381250 0.425000 0.283333 0.450000 0.268750 0.410938 0.177083 0.471875 0.000000
9 0.487500 0.493750 0.487500 0.497917 0.493750 0.504167 0.495312 0.512500 0.507812 0.529167 0.523438 0.535417 0.542188 0.531250 0.521875 0.518750 0.517188 0.510417 0.506250 0.500000 0.504687 0.493750 0.496875 0.491667
10 0.723437 0.000000 0.648438 0.000000 0.643750 0.275000 0.670312 0.277083 0.657813 0.258333
10 0.639062 0.000000 0.473438 0.000000 0.475000 0.018750 0.445312 0.027083 0.435937 0.160417 0.412500 0.177083 0.451562 0.268750 0.426563 0.283333 0.448437 0.381250 0.495312 0.387500 0.484375 0.343750 0.525000 0.377083 0.542188 0.339583 0.553125 0.381250 0.575000 0.268750 0.629687 0.272917