0 0.000000 0.595833 0.000000 0.997917 0.998437 0.997917 0.998437 0.947917 0.564063 0.504167 0.428125 0.485417 0.390625 0.539583
2 0.437500 0.427083 0.434375 0.452083 0.429688 0.456250 0.429688 0.462500 0.437500 0.468750 0.435937 0.483333 0.460938 0.487500 0.473438 0.485417 0.473438 0.470833 0.467187 0.460417 0.468750 0.441667 0.459375 0.435417 0.453125 0.435417 0.451562 0.431250 0.445312 0.431250 0.443750 0.427083
2 0.673438 0.354167 0.710938 0.283333 0.735938 0.318750 0.787500 0.302083 0.854688 0.241667 0.878125 0.258333 0.906250 0.225000 0.925000 0.241667 0.954688 0.183333 0.996875 0.185417 0.998437 0.150000 0.757812 0.091667
2 0.000000 0.000000 0.000000 0.310417 0.137500 0.329167 0.148438 0.364583 0.235937 0.397917 0.242188 0.368750 0.309375 0.393750 0.318750 0.337500 0.271875 0.245833 0.275000 0.191667 0.137500 0.000000
3 0.415625 0.489583 0.353125 0.489583 0.351562 0.493750 0.342187 0.493750 0.339062 0.529167 0.354687 0.529167 0.418750 0.506250 0.415625 0.502083
3 0.000000 0.312500 0.000000 0.593750 0.132812 0.589583 0.148438 0.366667 0.142187 0.333333
4 0.592187 0.479167 0.589063 0.531250 0.606250 0.543750 0.614062 0.558333 0.673438 0.591667 0.676562 0.458333 0.659375 0.454167 0.642188 0.466667 0.612500 0.464583 0.606250 0.466667 0.603125 0.479167
4 0.131250 0.581250 0.334375 0.537500 0.353125 0.487500 0.412500 0.485417 0.421875 0.506250 0.429688 0.458333 0.242188 0.370833 0.235937 0.400000 0.150000 0.366667
5 0.562500 0.250000 0.596875 0.291667 0.587500 0.529167 0.600000 0.291667
8 0.600000 0.331250 0.590625 0.481250 0.676562 0.456250 0.679688 0.600000 0.998437 0.835417 0.998437 0.185417 0.720313 0.318750 0.710938 0.285417 0.645312 0.395833 0.631250 0.333333 0.615625 0.381250
8 0.276562 0.189583 0.273438 0.245833 0.320312 0.337500 0.312500 0.395833 0.429688 0.454167 0.437500 0.425000 0.467187 0.437500 0.489063 0.495833 0.512500 0.497917 0.507812 0.431250 0.528125 0.429167 0.517188 0.497917 0.582812 0.506250 0.587500 0.343750 0.515625 0.389583 0.485938 0.379167 0.434375 0.212500 0.381250 0.310417 0.367188 0.231250
9 0.628125 0.587500 0.659375 0.641667 0.998437 0.945833 0.996875 0.835417 0.675000 0.593750
9 0.559375 0.520833 0.559375 0.527083 0.565625 0.533333 0.567187 0.543750 0.579688 0.558333 0.612500 0.558333 0.606250 0.545833 0.584375 0.531250 0.576562 0.520833 0.571875 0.518750
9 0.426563 0.512500 0.418750 0.508333 0.354687 0.531250 0.339062 0.531250 0.335938 0.537500 0.339062 0.533333 0.350000 0.533333 0.359375 0.539583 0.390625 0.537500 0.426563 0.516667
10 0.139063 0.000000 0.273438 0.189583 0.367188 0.229167 0.378125 0.306250 0.446875 0.222917 0.512500 0.387500 0.592187 0.347917 0.564063 0.247917 0.645312 0.393750 0.757812 0.089583 0.998437 0.147917 0.998437 0.000000