0 0.000000 0.562500 0.000000 0.997917 0.998437 0.997917 0.995313 0.941667 0.759375 0.733333 0.671875 0.737500 0.515625 0.504167
2 0.418750 0.427083 0.418750 0.439583 0.412500 0.447917 0.414062 0.456250 0.410938 0.481250 0.450000 0.485417 0.451562 0.466667 0.446875 0.458333 0.450000 0.445833 0.443750 0.439583 0.425000 0.431250 0.423438 0.427083
2 0.998437 0.000000 0.937500 0.108333 0.998437 0.152083 0.975000 0.358333 0.903125 0.256250 0.670312 0.208333 0.614062 0.381250 0.825000 0.268750 0.845313 0.452083 0.898438 0.475000 0.854688 0.520833 0.998437 0.533333
2 0.000000 0.000000 0.001563 0.106250 0.039062 0.168750 0.023438 0.220833 0.000000 0.225000 0.007812 0.245833 0.187500 0.277083 0.221875 0.320833 0.217188 0.372917 0.285938 0.387500 0.300000 0.412500 0.321875 0.400000 0.334375 0.360417 0.301563 0.237500 0.137500 0.004167
3 0.992188 0.645833 0.979688 0.679167 0.976562 0.725000 0.984375 0.770833 0.998437 0.795833 0.998437 0.645833
3 0.356250 0.493750 0.357812 0.497917 0.365625 0.497917 0.367188 0.495833 0.381250 0.495833 0.382812 0.491667 0.404687 0.491667 0.407813 0.487500 0.409375 0.479167 0.403125 0.477083 0.360938 0.477083
3 0.185938 0.352083 0.190625 0.527083 0.204687 0.520833 0.207813 0.502083 0.285938 0.506250 0.273438 0.420833 0.279687 0.395833 0.290625 0.393750 0.220312 0.377083 0.210938 0.358333
3 0.000000 0.268750 0.000000 0.560417 0.112500 0.550000 0.137500 0.327083
4 0.781250 0.518750 0.765625 0.745833 0.998437 0.943750 0.998437 0.797917 0.975000 0.725000 0.998437 0.643750 0.998437 0.535417
4 0.276562 0.410417 0.287500 0.506250 0.356250 0.500000 0.360938 0.475000 0.410938 0.472917 0.410938 0.450000 0.370312 0.435417 0.356250 0.416667 0.321875 0.402083 0.300000 0.414583 0.285938 0.393750
4 0.139063 0.331250 0.114062 0.550000 0.125000 0.539583 0.181250 0.537500 0.190625 0.529167 0.184375 0.443750 0.189062 0.364583 0.184375 0.350000
5 0.523438 0.308333 0.545312 0.337500 0.531250 0.497917 0.534375 0.520833 0.548438 0.339583
8 0.818750 0.268750 0.615625 0.383333 0.576562 0.347917 0.546875 0.375000 0.535937 0.520833 0.757812 0.731250 0.778125 0.520833 0.853125 0.520833 0.896875 0.487500 0.843750 0.452083
8 0.000000 0.233333 0.003125 0.268750 0.193750 0.356250 0.220312 0.352083 0.220312 0.320833 0.201563 0.310417 0.187500 0.279167 0.164062 0.289583 0.082812 0.264583 0.065625 0.270833 0.035937 0.241667 0.010937 0.250000
8 0.989062 0.229167 0.976562 0.239583 0.964063 0.279167 0.957812 0.285417 0.964063 0.306250 0.954688 0.306250 0.954688 0.320833 0.948438 0.331250 0.971875 0.356250 0.978125 0.350000 0.978125 0.320833
8 0.279687 0.206250 0.335938 0.360417 0.323437 0.402083 0.406250 0.447917 0.418750 0.425000 0.443750 0.437500 0.451562 0.487500 0.473438 0.495833 0.482812 0.437500 0.498437 0.437500 0.489063 0.497917 0.529687 0.516667 0.543750 0.375000 0.467187 0.383333 0.454688 0.300000 0.418750 0.233333 0.373437 0.316667 0.364063 0.247917 0.295312 0.193750
8 0.000000 0.077083 0.000000 0.222917 0.017188 0.225000 0.021875 0.212500 0.014063 0.202083 0.035937 0.183333 0.037500 0.168750 0.028125 0.137500 0.000000 0.106250 0.004687 0.091667
8 0.142187 0.000000 0.146875 0.006250 0.146875 0.018750 0.167187 0.043750 0.173437 0.020833 0.201563 0.022917 0.206250 0.008333 0.214062 0.008333 0.217188 0.002083 0.234375 0.004167 0.232813 0.000000
9 0.512500 0.516667 0.518750 0.535417 0.546875 0.541667 0.539062 0.568750 0.671875 0.735417 0.731250 0.747917 0.756250 0.731250 0.620313 0.614583 0.535937 0.522917
9 0.362500 0.506250 0.375000 0.510417 0.389062 0.510417 0.404687 0.506250 0.406250 0.502083 0.412500 0.502083 0.415625 0.500000 0.417187 0.493750 0.382812 0.493750 0.381250 0.497917 0.367188 0.497917 0.359375 0.500000
10 0.171875 0.027083 0.276562 0.204167 0.365625 0.247917 0.373437 0.314583 0.432812 0.243750 0.495312 0.393750 0.543750 0.372917 0.523438 0.306250 0.546875 0.372917 0.610938 0.379167 0.664062 0.208333 0.903125 0.254167 0.946875 0.329167 0.996875 0.152083 0.937500 0.106250 0.987500 0.000000