0 0.000000 0.666667 0.000000 0.997917 0.998437 0.997917 0.996875 0.879167 0.856250 0.766667 0.964063 0.731250 0.612500 0.602083 0.553125 0.497917 0.350000 0.485417 0.270313 0.597917 0.298438 0.539583
1 0.692187 0.593750 0.906250 0.714583 0.964063 0.729167 0.957812 0.681250
2 0.698438 0.504167 0.698438 0.510417 0.695312 0.510417 0.692187 0.520833 0.692187 0.531250 0.685937 0.531250 0.684375 0.537500 0.671875 0.550000 0.670312 0.558333 0.673438 0.575000 0.679688 0.577083 0.684375 0.583333 0.698438 0.585417 0.700000 0.589583
2 0.396875 0.435417 0.393750 0.437500 0.389062 0.447917 0.390625 0.464583 0.393750 0.468750 0.400000 0.470833 0.403125 0.475000 0.407813 0.475000 0.409375 0.470833 0.415625 0.468750 0.415625 0.456250 0.412500 0.454167 0.410938 0.441667 0.409375 0.441667 0.407813 0.437500 0.404687 0.435417
2 0.645312 0.322917 0.634375 0.318750 0.628125 0.327083 0.628125 0.341667 0.617188 0.356250 0.604688 0.385417 0.614062 0.381250 0.618750 0.372917 0.628125 0.366667 0.629687 0.362500 0.639062 0.358333 0.645312 0.350000 0.646875 0.333333
2 0.776563 0.000000 0.671875 0.295833 0.721875 0.347917 0.718750 0.422917 0.657813 0.454167 0.700000 0.497917 0.700000 0.441667 0.762500 0.412500 0.765625 0.283333 0.870313 0.275000 0.889062 0.339583 0.834375 0.397917 0.979688 0.410417 0.960938 0.679167 0.998437 0.768750 0.998437 0.337500 0.926562 0.164583 0.998437 0.000000
2 0.000000 0.000000 0.000000 0.297917 0.064062 0.320833 0.081250 0.360417 0.104688 0.366667 0.137500 0.333333 0.145313 0.243750 0.100000 0.200000 0.100000 0.170833 0.118750 0.170833 0.084375 0.112500 0.093750 0.047917 0.060937 0.000000
3 0.671875 0.445833 0.637500 0.481250 0.629687 0.537500 0.618750 0.543750 0.589063 0.533333 0.657813 0.575000 0.667188 0.589583 0.690625 0.593750 0.698438 0.587500 0.673438 0.577083 0.668750 0.558333 0.690625 0.531250 0.698438 0.479167 0.690625 0.493750 0.689063 0.458333
3 0.042188 0.654167 0.326562 0.525000 0.328125 0.497917 0.073438 0.539583 0.068750 0.400000 0.037500 0.458333
4 0.560937 0.464583 0.556250 0.468750 0.554688 0.479167 0.554688 0.512500 0.557813 0.516667 0.568750 0.518750 0.579688 0.529167 0.582812 0.464583 0.581250 0.462500
4 0.659375 0.443750 0.650000 0.435417 0.635938 0.439583 0.635938 0.456250 0.631250 0.464583 0.589063 0.462500 0.587500 0.527083 0.618750 0.541667 0.621875 0.533333 0.629687 0.535417 0.635938 0.481250 0.643750 0.468750 0.654687 0.464583
4 0.701562 0.441667 0.703125 0.591667 0.960938 0.681250 0.978125 0.410417 0.828125 0.397917
4 0.000000 0.300000 0.000000 0.664583 0.040625 0.654167 0.035937 0.458333 0.068750 0.397917 0.073438 0.537500 0.298438 0.491667 0.345313 0.518750 0.348438 0.435417 0.085938 0.364583 0.067187 0.325000
5 0.542188 0.125000 0.593750 0.195833 0.585938 0.535417 0.595313 0.189583
8 0.876563 0.285417 0.832812 0.260417 0.809375 0.279167 0.787500 0.275000 0.765625 0.285417 0.757812 0.308333 0.760938 0.327083 0.750000 0.347917 0.760938 0.372917 0.759375 0.408333 0.856250 0.391667 0.857812 0.368750 0.879687 0.356250 0.887500 0.339583
8 0.715625 0.168750 0.685937 0.191667 0.670312 0.266667 0.657813 0.260417 0.642188 0.300000 0.646875 0.350000 0.606250 0.387500 0.593750 0.370833 0.589063 0.460417 0.631250 0.462500 0.635938 0.437500 0.693750 0.429167 0.703125 0.408333 0.717187 0.422917 0.720313 0.347917 0.704688 0.312500 0.670312 0.300000
8 0.101562 0.193750 0.146875 0.243750 0.107813 0.368750 0.348438 0.433333 0.353125 0.481250 0.467187 0.487500 0.462500 0.406250 0.484375 0.412500 0.473438 0.489583 0.582812 0.462500 0.582812 0.304167 0.570312 0.347917 0.556250 0.297917 0.431250 0.362500 0.365625 0.164583 0.328125 0.189583 0.306250 0.287500 0.287500 0.189583 0.182812 0.114583
8 0.984375 0.004167 0.987500 0.037500 0.940625 0.081250 0.950000 0.112500 0.928125 0.164583 0.951562 0.181250 0.943750 0.200000 0.960938 0.212500 0.968750 0.322917 0.998437 0.335417 0.998437 0.008333
9 0.857812 0.758333 0.867188 0.777083 0.998437 0.881250 0.998437 0.770833 0.978125 0.764583 0.965625 0.750000 0.912500 0.739583
9 0.345313 0.531250 0.323437 0.527083 0.303125 0.535417 0.282813 0.556250 0.254688 0.568750 0.248438 0.585417 0.257812 0.593750 0.270313 0.595833 0.290625 0.570833 0.317188 0.556250
9 0.534375 0.516667 0.534375 0.527083 0.559375 0.545833 0.571875 0.568750 0.612500 0.600000 0.665625 0.591667 0.657813 0.577083 0.603125 0.541667 0.582812 0.537500 0.556250 0.518750
10 0.062500 0.000000 0.120313 0.170833 0.182812 0.112500 0.289062 0.189583 0.304688 0.285417 0.340625 0.168750 0.379688 0.175000 0.431250 0.360417 0.589063 0.312500 0.590625 0.187500 0.543750 0.122917 0.596875 0.189583 0.603125 0.379167 0.775000 0.004167