0 0.000000 0.664583 0.000000 0.997917 0.998437 0.997917 0.996875 0.920833 0.720313 0.620833 0.584375 0.560417 0.575000 0.502083 0.404687 0.483333 0.354687 0.562500 0.367188 0.520833
1 0.617188 0.581250 0.642188 0.595833 0.656250 0.591667 0.679688 0.595833 0.698438 0.610417 0.742188 0.627083 0.685937 0.583333 0.654687 0.572917
2 0.425000 0.408333 0.415625 0.414583 0.415625 0.433333 0.410938 0.437500 0.407813 0.454167 0.426563 0.462500 0.428125 0.481250 0.429688 0.464583 0.432812 0.460417 0.451562 0.462500 0.459375 0.460417 0.459375 0.456250 0.454688 0.454167 0.454688 0.431250 0.445312 0.431250
2 0.709375 0.395833 0.712500 0.416667 0.709375 0.439583 0.710938 0.435417 0.735938 0.433333 0.735938 0.422917 0.740625 0.416667 0.735938 0.412500 0.735938 0.404167 0.731250 0.395833 0.728125 0.400000 0.728125 0.425000 0.725000 0.433333 0.717187 0.425000 0.717187 0.400000
2 0.671875 0.337500 0.664062 0.337500 0.660937 0.341667 0.660937 0.356250 0.656250 0.362500 0.654687 0.368750 0.643750 0.383333 0.642188 0.389583 0.643750 0.391667 0.646875 0.391667 0.648438 0.387500 0.654687 0.387500 0.659375 0.381250 0.660937 0.366667
2 0.998437 0.037500 0.803125 0.000000 0.676562 0.333333 0.707812 0.358333 0.779687 0.329167 0.798438 0.216667 0.843750 0.129167 0.875000 0.183333 0.904687 0.154167 0.928125 0.193750 0.976562 0.143750 0.998437 0.172917
2 0.000000 0.000000 0.000000 0.266667 0.256250 0.370833 0.265625 0.291667 0.217188 0.247917 0.228125 0.222917 0.209375 0.187500 0.217188 0.129167 0.123438 0.000000
3 0.389062 0.487500 0.265625 0.504167 0.264062 0.564583 0.392188 0.510417
3 0.010937 0.343750 0.010937 0.350000 0.006250 0.354167 0.001563 0.381250 0.001563 0.397917 0.004687 0.406250 0.003125 0.418750 0.007812 0.443750 0.014063 0.441667 0.017188 0.408333 0.017188 0.375000
4 0.584375 0.472917 0.584375 0.514583 0.590625 0.516667 0.592187 0.522917 0.595313 0.525000 0.595313 0.518750 0.592187 0.516667 0.595313 0.512500 0.593750 0.506250 0.593750 0.497917 0.595313 0.495833 0.595313 0.477083 0.593750 0.475000 0.595313 0.472917
4 0.460938 0.460417 0.459375 0.462500 0.453125 0.462500 0.451562 0.464583 0.450000 0.462500 0.432812 0.462500 0.431250 0.464583 0.431250 0.477083 0.429688 0.481250 0.435937 0.481250 0.437500 0.483333 0.459375 0.483333 0.460938 0.481250
4 0.604688 0.470833 0.604688 0.533333 0.793750 0.652083 0.790625 0.489583 0.798438 0.445833 0.725000 0.435417 0.689063 0.454167 0.642188 0.447917 0.631250 0.470833
4 0.000000 0.281250 0.000000 0.662500 0.259375 0.568750 0.265625 0.502083 0.389062 0.485417 0.400000 0.510417 0.404687 0.441667
5 0.568750 0.191667 0.604688 0.231250 0.612500 0.254167 0.600000 0.533333 0.614062 0.247917 0.600000 0.218750
8 0.234375 0.160417 0.218750 0.247917 0.267188 0.291667 0.254688 0.366667 0.276562 0.397917 0.404687 0.439583 0.404687 0.481250 0.426563 0.477083 0.406250 0.454167 0.425000 0.406250 0.468750 0.487500 0.501563 0.491667 0.500000 0.414583 0.520312 0.420833 0.510938 0.495833 0.576562 0.502083 0.598437 0.470833 0.595313 0.310417 0.473438 0.368750 0.415625 0.187500 0.381250 0.208333 0.359375 0.293750 0.343750 0.208333
8 0.843750 0.131250 0.779687 0.331250 0.707812 0.360417 0.675000 0.333333 0.643750 0.393750 0.617188 0.320833 0.604688 0.468750 0.704688 0.443750 0.709375 0.393750 0.793750 0.439583 0.796875 0.662500 0.998437 0.795833 0.998437 0.175000 0.976562 0.145833 0.928125 0.195833 0.904687 0.156250 0.875000 0.185417
9 0.709375 0.639583 0.807813 0.756250 0.998437 0.920833 0.998437 0.797917 0.818750 0.685417 0.793750 0.654167 0.725000 0.622917
9 0.557813 0.518750 0.562500 0.529167 0.578125 0.541667 0.584375 0.558333 0.612500 0.579167 0.653125 0.575000 0.646875 0.568750 0.646875 0.562500 0.621875 0.550000 0.603125 0.531250 0.596875 0.535417 0.595313 0.529167 0.576562 0.518750
9 0.407813 0.516667 0.401562 0.510417 0.368750 0.520833 0.350000 0.535417 0.337500 0.550000 0.345313 0.560417 0.354687 0.560417 0.370312 0.543750 0.400000 0.527083
10 0.867188 0.000000 0.998437 0.035417 0.998437 0.000000
10 0.125000 0.000000 0.218750 0.129167 0.218750 0.200000 0.251563 0.143750 0.321875 0.185417 0.359375 0.291667 0.379688 0.208333 0.426563 0.195833 0.473438 0.366667 0.592187 0.308333 0.606250 0.347917 0.571875 0.189583 0.639062 0.387500 0.801562 0.002083