0 0.720313 0.583333 0.748437 0.581250 0.750000 0.579167 0.757812 0.581250 0.759375 0.566667 0.743750 0.566667 0.742188 0.564583 0.725000 0.564583 0.721875 0.562500
0 0.000000 0.472917 0.000000 0.997917 0.887500 0.997917 0.587500 0.618750 0.715625 0.562500
1 0.595313 0.597917 0.601562 0.647917 0.778125 0.837500 0.871875 0.975000 0.879687 0.945833 0.854688 0.920833 0.871875 0.860417 0.829688 0.814583 0.831250 0.708333 0.759375 0.635417 0.757812 0.583333
1 0.721875 0.552083 0.721875 0.560417 0.725000 0.562500 0.759375 0.564583 0.759375 0.556250 0.756250 0.556250 0.754687 0.554167 0.729688 0.554167 0.728125 0.552083
2 0.251563 0.414583 0.254688 0.418750 0.325000 0.429167 0.321875 0.402083 0.315625 0.391667 0.301563 0.381250 0.276562 0.383333 0.275000 0.387500 0.281250 0.402083 0.270313 0.416667
2 0.767188 0.362500 0.734375 0.364583 0.726562 0.460417 0.726562 0.502083 0.734375 0.506250 0.756250 0.506250 0.751563 0.435417 0.756250 0.385417 0.770312 0.370833
2 0.640625 0.279167 0.637500 0.316667 0.573438 0.418750 0.585938 0.435417 0.573438 0.464583 0.607812 0.481250 0.720313 0.497917 0.728125 0.350000 0.745313 0.345833 0.743750 0.333333 0.700000 0.291667 0.662500 0.310417 0.657813 0.285417
4 0.725000 0.504167 0.721875 0.550000 0.760938 0.556250 0.760938 0.635417 0.832812 0.708333 0.831250 0.814583 0.998437 0.929167 0.998437 0.504167 0.856250 0.481250
4 0.581250 0.529167 0.715625 0.550000 0.720313 0.502083 0.682813 0.489583 0.592187 0.479167 0.589063 0.518750
4 0.000000 0.377083 0.000000 0.450000 0.340625 0.491667 0.342187 0.445833 0.326562 0.431250 0.212500 0.414583 0.125000 0.429167 0.121875 0.404167
5 0.731250 0.362500 0.715625 0.585417 0.723437 0.537500
7 0.779687 0.343750 0.765625 0.343750 0.757812 0.347917 0.732812 0.347917 0.732812 0.352083 0.729688 0.354167 0.729688 0.360417 0.732812 0.362500 0.775000 0.360417 0.778125 0.358333
8 0.753125 0.087500 0.735938 0.193750 0.706250 0.187500 0.693750 0.256250 0.746875 0.345833 0.781250 0.343750 0.757812 0.385417 0.757812 0.506250 0.854688 0.479167 0.998437 0.502083 0.998437 0.164583 0.940625 0.177083 0.903125 0.072917 0.856250 0.035417
8 0.000000 0.000000 0.000000 0.375000 0.125000 0.427083 0.301563 0.379167 0.335938 0.495833 0.404687 0.502083 0.396875 0.362500 0.429688 0.366667 0.412500 0.506250 0.584375 0.527083 0.607812 0.302083 0.568750 0.314583 0.556250 0.222917 0.507812 0.206250 0.404687 0.329167 0.346875 0.281250 0.282813 0.004167 0.195312 0.000000 0.164062 0.200000 0.129688 0.000000
9 0.862500 0.841667 0.873437 0.860417 0.859375 0.889583 0.856250 0.920833 0.881250 0.945833 0.868750 0.954167 0.879687 0.989583 0.889062 0.997917 0.998437 0.997917 0.998437 0.941667
10 0.273438 0.000000 0.362500 0.212500 0.350000 0.283333 0.407813 0.327083 0.534375 0.204167 0.570312 0.314583 0.609375 0.302083 0.581250 0.381250 0.640625 0.277083 0.698438 0.289583 0.704688 0.187500 0.807813 0.037500 0.900000 0.066667 0.950000 0.183333 0.998437 0.162500 0.998437 0.000000
10 0.131250 0.000000 0.134375 0.027083 0.151562 0.050000 0.135937 0.070833 0.143750 0.091667 0.140625 0.112500 0.156250 0.143750 0.148438 0.168750 0.164062 0.197917 0.175000 0.195833 0.162500 0.154167 0.176563 0.137500 0.160938 0.127083 0.153125 0.102083 0.162500 0.068750 0.173437 0.072917 0.181250 0.058333 0.181250 0.020833 0.192188 0.020833 0.193750 0.000000