0 0.998437 0.712500 0.696875 0.531250 0.632812 0.541667 0.581250 0.470833 0.000000 0.812500 0.000000 0.997917 0.998437 0.997917
1 0.717187 0.497917 0.718750 0.543750 0.998437 0.710417 0.998437 0.575000
1 0.560937 0.477083 0.000000 0.650000 0.000000 0.810417
2 0.521875 0.420833 0.537500 0.425000 0.546875 0.435417 0.545312 0.445833 0.539062 0.458333 0.534375 0.460417 0.531250 0.481250 0.535937 0.477083 0.557813 0.475000 0.554688 0.462500 0.560937 0.454167 0.559375 0.439583 0.550000 0.431250 0.545312 0.431250 0.543750 0.427083 0.534375 0.425000 0.532813 0.420833
2 0.162500 0.439583 0.365625 0.458333 0.365625 0.400000 0.446875 0.402083 0.465625 0.364583 0.456250 0.354167 0.415625 0.389583 0.339062 0.368750 0.200000 0.400000 0.198437 0.331250 0.168750 0.331250
2 0.000000 0.000000 0.000000 0.397917 0.032813 0.341667 0.078125 0.366667 0.107813 0.410417 0.121875 0.266667 0.012500 0.000000
4 0.000000 0.647917 0.489063 0.495833 0.489063 0.462500 0.000000 0.445833
4 0.825000 0.431250 0.804688 0.427083 0.714063 0.441667 0.706250 0.452083 0.718750 0.497917 0.825000 0.527083
4 0.998437 0.412500 0.832812 0.427083 0.832812 0.529167 0.998437 0.572917
5 0.740625 0.029167 0.757812 0.058333 0.815625 0.089583 0.826562 0.122917 0.829688 0.533333 0.829688 0.116667 0.814063 0.077083
8 0.545312 0.435417 0.518750 0.420833 0.507812 0.385417 0.476562 0.372917 0.470313 0.347917 0.446875 0.404167 0.365625 0.402083 0.367188 0.458333 0.442188 0.460417 0.446875 0.447917 0.479687 0.443750 0.498437 0.472917 0.495312 0.487500 0.529687 0.481250
8 0.843750 0.000000 0.828125 0.097917 0.831250 0.425000 0.998437 0.410417 0.998437 0.000000
8 0.820312 0.012500 0.789062 0.050000 0.803125 0.000000 0.654687 0.008333 0.668750 0.133333 0.645312 0.118750 0.640625 0.168750 0.667188 0.210417 0.618750 0.279167 0.639062 0.322917 0.615625 0.320833 0.612500 0.420833 0.559375 0.475000 0.642188 0.431250 0.823438 0.425000 0.821875 0.106250 0.737500 0.033333 0.798438 0.062500
8 0.043750 0.000000 0.123438 0.112500 0.107813 0.412500 0.031250 0.343750 0.004687 0.443750 0.160938 0.450000 0.195312 0.245833 0.200000 0.397917 0.350000 0.368750 0.293750 0.118750 0.379688 0.154167 0.445312 0.000000
10 0.196875 0.247917 0.181250 0.264583 0.178125 0.272917 0.178125 0.283333 0.175000 0.285417 0.167187 0.329167 0.192188 0.329167 0.198437 0.325000 0.192188 0.308333 0.193750 0.304167 0.203125 0.306250 0.200000 0.300000 0.200000 0.281250 0.196875 0.279167 0.201563 0.277083 0.201563 0.260417
10 0.804688 0.000000 0.789062 0.047917 0.820312 0.010417 0.823438 0.014583 0.800000 0.064583 0.817187 0.060417 0.815625 0.079167 0.826562 0.097917 0.831250 0.052083 0.840625 0.043750 0.842187 0.000000
10 0.295312 0.118750 0.287500 0.191667 0.315625 0.177083 0.343750 0.364583 0.415625 0.387500 0.470313 0.345833 0.562500 0.454167 0.610938 0.420833 0.614062 0.320833 0.637500 0.322917 0.617188 0.279167 0.665625 0.210417 0.645312 0.116667 0.667188 0.133333 0.668750 0.002083 0.446875 0.000000 0.406250 0.039583 0.429688 0.064583 0.379688 0.156250
10 0.014063 0.000000 0.121875 0.264583 0.121875 0.112500 0.110937 0.091667 0.070312 0.064583 0.042188 0.000000
13 0.584375 0.464583 0.584375 0.475000 0.601562 0.479167 0.606250 0.506250 0.620313 0.502083 0.621875 0.525000 0.632812 0.539583 0.646875 0.527083 0.692187 0.527083 0.703125 0.539583 0.714063 0.537500 0.712500 0.472917 0.693750 0.431250 0.642188 0.433333 0.634375 0.443750 0.612500 0.443750 0.604688 0.460417