0 0.998437 0.785417 0.634375 0.458333 0.000000 0.739583 0.000000 0.997917 0.998437 0.997917
1 0.717187 0.464583 0.717187 0.506250 0.998437 0.783333 0.998437 0.554167
1 0.623437 0.460417 0.000000 0.635417 0.000000 0.737500
2 0.585938 0.406250 0.600000 0.412500 0.606250 0.410417 0.612500 0.416667 0.612500 0.433333 0.604688 0.445833 0.600000 0.437500 0.601562 0.460417 0.607812 0.454167 0.612500 0.458333 0.639062 0.456250 0.632812 0.445833 0.637500 0.437500 0.632812 0.435417 0.631250 0.422917 0.626563 0.416667 0.604688 0.410417 0.601562 0.404167
2 0.531250 0.352083 0.525000 0.345833 0.490625 0.379167 0.437500 0.368750 0.428125 0.389583 0.354687 0.395833 0.331250 0.416667 0.326562 0.443750 0.450000 0.447917 0.457813 0.391667 0.462500 0.404167 0.465625 0.391667 0.481250 0.393750 0.482812 0.404167 0.492188 0.387500 0.517188 0.391667
2 0.000000 0.014583 0.000000 0.422917 0.267188 0.445833 0.296875 0.345833 0.170313 0.000000
3 0.807813 0.493750 0.998437 0.552083 0.998437 0.527083 0.814063 0.487500
3 0.543750 0.435417 0.535937 0.445833 0.532813 0.441667 0.518750 0.443750 0.532813 0.443750 0.546875 0.452083 0.546875 0.462500 0.543750 0.456250 0.537500 0.462500 0.537500 0.481250 0.542188 0.477083 0.545312 0.466667 0.548438 0.477083 0.551562 0.477083 0.553125 0.472917 0.553125 0.447917 0.546875 0.445833
3 0.200000 0.435417 0.148438 0.437500 0.151562 0.527083 0.146875 0.529167 0.145313 0.581250 0.134375 0.591667 0.162500 0.591667 0.207813 0.575000 0.201563 0.543750
3 0.000000 0.425000 0.000000 0.633333 0.084375 0.616667 0.092188 0.600000 0.084375 0.431250 0.064062 0.420833
4 0.204687 0.560417 0.217188 0.570833 0.535937 0.481250 0.546875 0.456250 0.203125 0.445833
4 0.085938 0.431250 0.092188 0.595833 0.137500 0.589583 0.143750 0.581250 0.145313 0.529167 0.150000 0.527083 0.148438 0.441667 0.123438 0.431250
4 0.798438 0.414583 0.779687 0.416667 0.768750 0.425000 0.718750 0.433333 0.721875 0.464583 0.798438 0.489583
4 0.998437 0.379167 0.804688 0.414583 0.807813 0.491667 0.998437 0.525000
8 0.610938 0.416667 0.585938 0.408333 0.571875 0.377083 0.556250 0.375000 0.534375 0.337500 0.517188 0.393750 0.492188 0.389583 0.485938 0.406250 0.476562 0.393750 0.465625 0.393750 0.462500 0.406250 0.457813 0.393750 0.451562 0.447917 0.514062 0.450000 0.514062 0.435417 0.543750 0.433333 0.560937 0.456250 0.557813 0.468750 0.600000 0.462500 0.598437 0.437500 0.606250 0.443750
8 0.706250 0.000000 0.692187 0.164583 0.720313 0.208333 0.667188 0.279167 0.675000 0.402083 0.639062 0.454167 0.689063 0.416667 0.720313 0.462500 0.721875 0.429167 0.798438 0.412500 0.800000 0.260417 0.804688 0.412500 0.996875 0.381250 0.998437 0.000000
8 0.217188 0.000000 0.228125 0.039583 0.195312 0.075000 0.300000 0.216667 0.300000 0.345833 0.267188 0.443750 0.435937 0.383333 0.393750 0.187500 0.457813 0.212500 0.542188 0.068750 0.520312 0.054167 0.540625 0.000000
10 0.206250 0.093750 0.298438 0.345833 0.298438 0.216667 0.264062 0.195833 0.248438 0.156250 0.223438 0.133333
10 0.542188 0.000000 0.521875 0.054167 0.543750 0.068750 0.476562 0.189583 0.429688 0.218750 0.395313 0.187500 0.387500 0.233333 0.409375 0.227083 0.429688 0.372917 0.504687 0.372917 0.535937 0.335417 0.645312 0.435417 0.673438 0.402083 0.665625 0.279167 0.689063 0.283333 0.678125 0.243750 0.718750 0.208333 0.690625 0.164583 0.714063 0.020833
10 0.171875 0.000000 0.193750 0.066667 0.200000 0.060417 0.212500 0.075000 0.209375 0.064583 0.210938 0.041667 0.215625 0.037500 0.223438 0.045833 0.226562 0.039583 0.225000 0.031250 0.218750 0.031250 0.212500 0.022917 0.212500 0.004167 0.215625 0.000000 0.184375 0.000000 0.181250 0.006250
13 0.640625 0.456250 0.650000 0.460417 0.653125 0.506250 0.659375 0.506250 0.664062 0.495833 0.700000 0.495833 0.707812 0.506250 0.714063 0.506250 0.715625 0.454167 0.701562 0.420833 0.664062 0.420833 0.654687 0.433333 0.653125 0.443750