0 0.825000 0.452083 0.753125 0.427083 0.000000 0.710417 0.000000 0.997917 0.846875 0.997917 0.767188 0.695833
1 0.762500 0.418750 0.004687 0.631250 0.000000 0.708333
1 0.842187 0.402083 0.773438 0.660417 0.781250 0.808333 0.848437 0.997917 0.998437 0.997917 0.998437 0.479167
2 0.718750 0.364583 0.718750 0.370833 0.725000 0.370833 0.734375 0.360417 0.740625 0.360417 0.753125 0.377083 0.759375 0.377083 0.767188 0.362500 0.773438 0.366667 0.776563 0.377083 0.804688 0.372917 0.798438 0.364583 0.764062 0.362500 0.762500 0.356250 0.737500 0.358333 0.721875 0.343750 0.725000 0.354167
2 0.676562 0.310417 0.665625 0.312500 0.646875 0.341667 0.576562 0.343750 0.571875 0.372917 0.514062 0.385417 0.503125 0.397917 0.507812 0.422917 0.587500 0.418750 0.601562 0.360417 0.623437 0.358333 0.632812 0.368750 0.639062 0.356250 0.660937 0.356250
2 0.473438 0.345833 0.373437 0.102083 0.265625 0.177083 0.246875 0.125000 0.226562 0.139583 0.225000 0.202083 0.159375 0.281250 0.150000 0.381250 0.117188 0.427083 0.146875 0.447917 0.460938 0.429167
4 0.693750 0.408333 0.000000 0.456250 0.000000 0.631250 0.653125 0.450000
4 0.904687 0.364583 0.895312 0.381250 0.881250 0.372917 0.879687 0.381250 0.873437 0.389583 0.871875 0.383333 0.870313 0.408333 0.906250 0.425000 0.903125 0.395833
4 0.912500 0.364583 0.914062 0.433333 0.998437 0.477083 0.998437 0.331250
5 0.906250 0.270833 0.904687 0.395833 0.906250 0.427083 0.912500 0.433333
8 0.753125 0.379167 0.740625 0.362500 0.718750 0.372917 0.720313 0.343750 0.682813 0.302083 0.660937 0.358333 0.639062 0.358333 0.632812 0.370833 0.601562 0.362500 0.589063 0.418750 0.651563 0.414583 0.631250 0.381250 0.648438 0.377083 0.654687 0.404167 0.684375 0.393750 0.704688 0.429167 0.751563 0.418750
8 0.998437 0.000000 0.837500 0.010417 0.862500 0.079167 0.837500 0.104167 0.865625 0.150000 0.843750 0.193750 0.823438 0.191667 0.832812 0.235417 0.807813 0.233333 0.826562 0.387500 0.868750 0.406250 0.881250 0.370833 0.898438 0.375000 0.906250 0.268750 0.912500 0.362500 0.998437 0.329167
8 0.323437 0.000000 0.339062 0.093750 0.401562 0.143750 0.415625 0.118750 0.409375 0.191667 0.475000 0.256250 0.462500 0.429167 0.571875 0.370833 0.535937 0.206250 0.592187 0.220833 0.653125 0.110417 0.651563 0.045833 0.606250 0.035417 0.621875 0.000000
8 0.000000 0.000000 0.000000 0.454167 0.142187 0.456250 0.115625 0.427083 0.148438 0.372917 0.114062 0.233333 0.056250 0.145833 0.096875 0.152083 0.068750 0.083333 0.121875 0.081250 0.103125 0.047917 0.115625 0.029167 0.090625 0.000000
10 0.076563 0.206250 0.073438 0.208333 0.075000 0.220833 0.065625 0.225000 0.064062 0.237500 0.068750 0.243750 0.067187 0.252083 0.070312 0.262500 0.078125 0.266667 0.081250 0.258333 0.078125 0.247917 0.079687 0.229167 0.082812 0.227083 0.085938 0.216667 0.085938 0.210417
10 0.412500 0.195833 0.467187 0.343750 0.473438 0.343750 0.473438 0.256250 0.445312 0.243750 0.434375 0.218750 0.425000 0.214583 0.420312 0.197917
10 0.415625 0.120833 0.407813 0.131250 0.407813 0.143750 0.401562 0.145833 0.398438 0.135417 0.392188 0.137500 0.407813 0.183333 0.410938 0.175000 0.418750 0.181250 0.420312 0.179167 0.420312 0.170833 0.415625 0.162500 0.415625 0.150000 0.420312 0.145833 0.420312 0.131250 0.415625 0.127083 0.418750 0.125000
10 0.623437 0.000000 0.607812 0.035417 0.653125 0.045833 0.654687 0.110417 0.592187 0.222917 0.537500 0.206250 0.568750 0.339583 0.646875 0.339583 0.682813 0.300000 0.737500 0.356250 0.821875 0.377083 0.806250 0.233333 0.831250 0.235417 0.821875 0.191667 0.864062 0.150000 0.835938 0.104167 0.860938 0.089583 0.832812 0.033333 0.850000 0.000000
10 0.057813 0.145833 0.101562 0.197917 0.145313 0.350000 0.157812 0.281250 0.223438 0.202083 0.225000 0.139583 0.254688 0.127083 0.265625 0.175000 0.348438 0.112500 0.348438 0.064583 0.321875 0.000000 0.092188 0.000000 0.123438 0.081250 0.075000 0.070833 0.098437 0.152083
11 0.754687 0.379167 0.754687 0.387500 0.753125 0.391667 0.750000 0.393750 0.753125 0.395833 0.751563 0.400000 0.751563 0.404167 0.753125 0.406250 0.753125 0.416667 0.754687 0.418750 0.760938 0.418750 0.762500 0.416667 0.764062 0.395833 0.760938 0.391667 0.759375 0.383333 0.757812 0.383333 0.756250 0.379167
13 0.840625 0.387500 0.826562 0.389583 0.815625 0.375000 0.776563 0.379167 0.764062 0.406250 0.765625 0.454167 0.771875 0.454167 0.775000 0.445833 0.809375 0.441667 0.815625 0.452083 0.828125 0.450000 0.829688 0.414583 0.840625 0.404167