0 0.801562 0.458333 0.734375 0.431250 0.000000 0.720833 0.000000 0.997917 0.868750 0.997917 0.798438 0.772917
1 0.740625 0.420833 0.004687 0.637500 0.000000 0.718750
1 0.807813 0.406250 0.795312 0.727083 0.846875 0.950000 0.870313 0.997917 0.998437 0.997917 0.998437 0.493750
2 0.714063 0.364583 0.725000 0.383333 0.729688 0.381250 0.734375 0.370833 0.742188 0.372917 0.745313 0.379167 0.745313 0.400000 0.753125 0.383333 0.771875 0.381250 0.764062 0.372917 0.753125 0.372917 0.751563 0.368750 0.734375 0.368750 0.731250 0.362500
2 0.650000 0.318750 0.643750 0.314583 0.621875 0.347917 0.554688 0.347917 0.551562 0.375000 0.479687 0.397917 0.476562 0.429167 0.564063 0.425000 0.576562 0.368750 0.606250 0.372917 0.612500 0.360417 0.634375 0.362500
2 0.446875 0.347917 0.342187 0.097917 0.225000 0.172917 0.206250 0.116667 0.185938 0.133333 0.185938 0.197917 0.112500 0.275000 0.115625 0.320833 0.053125 0.431250 0.085938 0.454167 0.432812 0.435417
3 0.181250 0.579167 0.179688 0.583333 0.175000 0.575000 0.162500 0.583333 0.160938 0.587500 0.142187 0.600000 0.134375 0.602083 0.125000 0.610417 0.128125 0.610417 0.129688 0.606250 0.162500 0.600000 0.164062 0.595833 0.176563 0.595833 0.179688 0.589583 0.182812 0.589583
4 0.667188 0.414583 0.000000 0.464583 0.000000 0.637500 0.639062 0.454167
4 0.878125 0.368750 0.864062 0.383333 0.857812 0.379167 0.843750 0.379167 0.842187 0.383333 0.839063 0.379167 0.831250 0.385417 0.831250 0.412500 0.882812 0.433333 0.879687 0.418750
4 0.885938 0.368750 0.887500 0.439583 0.998437 0.491667 0.998437 0.331250 0.976562 0.331250
5 0.879687 0.275000 0.881250 0.418750 0.885938 0.439583
8 0.743750 0.379167 0.734375 0.372917 0.725000 0.385417 0.714063 0.368750 0.701562 0.370833 0.654687 0.312500 0.634375 0.364583 0.576562 0.370833 0.567187 0.422917 0.623437 0.420833 0.634375 0.404167 0.659375 0.402083 0.678125 0.420833 0.678125 0.435417 0.721875 0.425000 0.725000 0.391667 0.735938 0.404167
8 0.046875 0.185417 0.025000 0.266667 0.000000 0.195833 0.000000 0.462500 0.084375 0.456250 0.051562 0.431250 0.057813 0.412500 0.076563 0.408333 0.095312 0.343750
8 0.000000 0.154167 0.000000 0.183333 0.006250 0.185417 0.009375 0.189583 0.012500 0.189583 0.014063 0.185417 0.012500 0.183333 0.014063 0.177083 0.015625 0.175000 0.018750 0.175000 0.017188 0.172917 0.017188 0.168750 0.015625 0.168750 0.012500 0.164583 0.009375 0.164583 0.007812 0.160417 0.004687 0.158333 0.004687 0.156250 0.001563 0.156250
8 0.998437 0.000000 0.815625 0.000000 0.803125 0.041667 0.831250 0.100000 0.804688 0.108333 0.834375 0.158333 0.795312 0.200000 0.807813 0.245833 0.779687 0.239583 0.810937 0.404167 0.878125 0.366667 0.879687 0.272917 0.885938 0.366667 0.998437 0.329167
8 0.289062 0.000000 0.304688 0.083333 0.370312 0.137500 0.390625 0.122917 0.378125 0.183333 0.446875 0.258333 0.432812 0.429167 0.475000 0.433333 0.484375 0.391667 0.551562 0.372917 0.509375 0.218750 0.579688 0.206250 0.634375 0.102083 0.626563 0.041667 0.585938 0.039583 0.595313 0.000000
8 0.000000 0.000000 0.000000 0.029167 0.001563 0.031250 0.007812 0.027083 0.009375 0.029167 0.025000 0.027083 0.040625 0.037500 0.039062 0.029167 0.035937 0.027083 0.037500 0.022917 0.040625 0.022917 0.039062 0.020833 0.040625 0.016667 0.037500 0.010417 0.026562 0.006250 0.021875 0.000000
10 0.384375 0.189583 0.382812 0.195833 0.421875 0.304167 0.443750 0.350000 0.445312 0.258333 0.435937 0.256250 0.431250 0.245833 0.418750 0.243750 0.407813 0.218750 0.396875 0.214583 0.392188 0.193750
10 0.384375 0.118750 0.379688 0.122917 0.381250 0.131250 0.375000 0.139583 0.370312 0.139583 0.367188 0.129167 0.360938 0.131250 0.362500 0.139583 0.365625 0.141667 0.375000 0.175000 0.378125 0.177083 0.381250 0.172917 0.390625 0.175000 0.385937 0.143750 0.392188 0.141667 0.390625 0.125000 0.387500 0.125000
10 0.596875 0.000000 0.584375 0.035417 0.626563 0.039583 0.635938 0.102083 0.565625 0.227083 0.514062 0.206250 0.543750 0.345833 0.621875 0.345833 0.654687 0.310417 0.712500 0.366667 0.793750 0.377083 0.778125 0.239583 0.806250 0.245833 0.793750 0.200000 0.832812 0.158333 0.803125 0.108333 0.829688 0.100000 0.801562 0.041667 0.817187 0.002083
10 0.000000 0.193750 0.025000 0.264583 0.053125 0.189583 0.100000 0.345833 0.110937 0.275000 0.184375 0.197917 0.184375 0.133333 0.215625 0.118750 0.229687 0.168750 0.317188 0.102083 0.287500 0.000000 0.023438 0.000000 0.042188 0.037500 0.000000 0.031250 0.015625 0.122917 0.000000 0.116667 0.000000 0.152083 0.020313 0.175000
13 0.734375 0.410417 0.734375 0.418750 0.742188 0.420833 0.740625 0.454167 0.743750 0.460417 0.765625 0.447917 0.787500 0.447917 0.790625 0.456250 0.803125 0.456250 0.803125 0.414583 0.809375 0.402083 0.806250 0.395833 0.796875 0.393750 0.795312 0.385417 0.753125 0.385417 0.740625 0.412500