0 0.828125 0.452083 0.756250 0.427083 0.003125 0.706250 0.000000 0.997917 0.845313 0.997917 0.762500 0.741667
1 0.770312 0.416667 0.001563 0.625000 0.000000 0.706250
1 0.853125 0.395833 0.765625 0.668750 0.770312 0.781250 0.846875 0.997917 0.998437 0.997917 0.998437 0.785417 0.968750 0.768750 0.978125 0.466667
2 0.729688 0.341667 0.729688 0.364583 0.740625 0.366667 0.751563 0.362500 0.753125 0.366667 0.764062 0.366667 0.775000 0.360417 0.784375 0.375000 0.814063 0.372917 0.814063 0.366667 0.806250 0.362500 0.771875 0.358333 0.770312 0.354167 0.746875 0.356250
2 0.681250 0.306250 0.657813 0.337500 0.585938 0.341667 0.584375 0.370833 0.521875 0.383333 0.507812 0.397917 0.506250 0.420833 0.592187 0.416667 0.595313 0.383333 0.607812 0.379167 0.607812 0.358333 0.637500 0.366667 0.651563 0.341667 0.664062 0.356250
2 0.481250 0.343750 0.384375 0.120833 0.354687 0.114583 0.271875 0.179167 0.256250 0.127083 0.203125 0.260417 0.171875 0.281250 0.160938 0.387500 0.135937 0.425000 0.165625 0.445833 0.364063 0.418750 0.465625 0.429167
4 0.025000 0.472917 0.014063 0.470833 0.009375 0.472917 0.007812 0.477083 0.000000 0.477083 0.000000 0.525000 0.001563 0.527083 0.012500 0.525000 0.023438 0.506250 0.028125 0.506250 0.029687 0.493750 0.025000 0.485417
4 0.709375 0.416667 0.364063 0.420833 0.043750 0.468750 0.046875 0.558333 0.156250 0.554167 0.162500 0.514583 0.190625 0.535417 0.171875 0.585417
4 0.979688 0.341667 0.915625 0.362500 0.914062 0.414583 0.910937 0.364583 0.901563 0.416667 0.920312 0.433333 0.975000 0.456250
5 0.987500 0.000000 0.970313 0.768750 0.998437 0.783333
8 0.782813 0.372917 0.775000 0.362500 0.729688 0.366667 0.728125 0.343750 0.687500 0.302083 0.664062 0.358333 0.651563 0.343750 0.637500 0.368750 0.607812 0.360417 0.609375 0.379167 0.596875 0.383333 0.596875 0.414583 0.654687 0.412500 0.690625 0.397917 0.709375 0.410417 0.710938 0.427083 0.757812 0.416667 0.760938 0.393750 0.775000 0.393750
8 0.985938 0.000000 0.845313 0.008333 0.870313 0.085417 0.842187 0.102083 0.873437 0.145833 0.853125 0.187500 0.831250 0.187500 0.843750 0.233333 0.815625 0.229167 0.832812 0.272917 0.831250 0.383333 0.900000 0.414583 0.914062 0.345833 0.978125 0.339583
8 0.334375 0.000000 0.350000 0.100000 0.410938 0.147917 0.421875 0.122917 0.417187 0.193750 0.481250 0.258333 0.468750 0.425000 0.584375 0.368750 0.543750 0.204167 0.603125 0.212500 0.662500 0.102083 0.656250 0.043750 0.610938 0.035417 0.626563 0.000000
8 0.000000 0.000000 0.000000 0.475000 0.031250 0.493750 0.000000 0.527083 0.000000 0.625000 0.185938 0.577083 0.162500 0.516667 0.156250 0.556250 0.045312 0.558333 0.043750 0.466667 0.160938 0.450000 0.134375 0.425000 0.159375 0.379167 0.115625 0.202083 0.079687 0.158333 0.115625 0.158333 0.092188 0.083333 0.139063 0.070833 0.103125 0.004167
10 0.420312 0.195833 0.468750 0.335417 0.479687 0.341667 0.478125 0.254167 0.453125 0.243750 0.443750 0.222917 0.431250 0.214583 0.426563 0.195833
10 0.421875 0.125000 0.415625 0.131250 0.418750 0.139583 0.410938 0.150000 0.404687 0.139583 0.400000 0.139583 0.401562 0.152083 0.409375 0.164583 0.414062 0.183333 0.417187 0.175000 0.426563 0.183333 0.421875 0.152083 0.426563 0.145833 0.426563 0.133333 0.421875 0.129167
10 0.628125 0.000000 0.612500 0.035417 0.656250 0.041667 0.664062 0.102083 0.596875 0.222917 0.545312 0.204167 0.575000 0.337500 0.653125 0.337500 0.690625 0.300000 0.829688 0.377083 0.814063 0.229167 0.842187 0.233333 0.829688 0.187500 0.871875 0.145833 0.840625 0.102083 0.868750 0.085417 0.840625 0.029167 0.856250 0.000000
10 0.090625 0.000000 0.132812 0.035417 0.120313 0.050000 0.140625 0.091667 0.093750 0.083333 0.117188 0.158333 0.081250 0.158333 0.117188 0.202083 0.154688 0.347917 0.170313 0.281250 0.231250 0.204167 0.239063 0.137500 0.262500 0.127083 0.271875 0.177083 0.357812 0.112500 0.332813 0.000000
13 0.850000 0.387500 0.831250 0.385417 0.818750 0.372917 0.781250 0.379167 0.771875 0.397917 0.771875 0.452083 0.778125 0.452083 0.789062 0.439583 0.814063 0.439583 0.821875 0.450000 0.832812 0.450000 0.837500 0.412500 0.848437 0.404167