0 0.000000 0.806250 0.000000 0.997917 0.998437 0.997917 0.995313 0.722917 0.771875 0.604167 0.665625 0.629167 0.590625 0.518750 0.478125 0.468750
1 0.835938 0.562500 0.834375 0.591667 0.815625 0.631250 0.998437 0.725000 0.998437 0.608333
1 0.454688 0.472917 0.000000 0.610417 0.000000 0.804167
2 0.434375 0.418750 0.437500 0.427083 0.437500 0.443750 0.429688 0.456250 0.428125 0.472917 0.429688 0.470833 0.451562 0.470833 0.450000 0.464583 0.446875 0.462500 0.446875 0.456250 0.451562 0.454167 0.451562 0.435417 0.446875 0.433333 0.446875 0.427083 0.443750 0.427083
2 0.290625 0.389583 0.295312 0.404167 0.295312 0.425000 0.304688 0.439583 0.309375 0.439583 0.310937 0.433333 0.321875 0.433333 0.360938 0.443750 0.360938 0.429167 0.304688 0.427083 0.303125 0.410417 0.309375 0.408333 0.309375 0.395833
2 0.342187 0.329167 0.335938 0.322917 0.332813 0.329167 0.317188 0.343750 0.307812 0.358333 0.304688 0.358333 0.303125 0.354167 0.304688 0.366667 0.314063 0.372917 0.326562 0.375000 0.329688 0.370833 0.329688 0.364583 0.325000 0.362500 0.325000 0.352083 0.329688 0.350000 0.339062 0.337500 0.340625 0.339583
2 0.132812 0.285417 0.134375 0.310417 0.201563 0.345833 0.251563 0.356250 0.285938 0.379167 0.287500 0.360417 0.268750 0.358333 0.176563 0.302083
2 0.000000 0.212500 0.000000 0.404167 0.078125 0.412500 0.076563 0.339583 0.096875 0.335417 0.098437 0.327083
4 0.998437 0.420833 0.806250 0.435417 0.828125 0.483333 0.835938 0.560417 0.998437 0.606250
4 0.000000 0.608333 0.365625 0.491667 0.368750 0.452083 0.000000 0.406250
8 0.448437 0.462500 0.525000 0.477083 0.571875 0.433333 0.603125 0.477083 0.679688 0.402083 0.998437 0.418750 0.998437 0.187500 0.950000 0.195833 0.945312 0.139583 0.876563 0.185417 0.835938 0.152083 0.873437 0.097917 0.823438 0.100000 0.818750 0.000000 0.584375 0.000000 0.590625 0.162500 0.537500 0.377083
8 0.000000 0.000000 0.000000 0.210417 0.100000 0.327083 0.079687 0.412500 0.295312 0.443750 0.293750 0.387500 0.304688 0.425000 0.360938 0.427083 0.381250 0.483333 0.426563 0.475000 0.432812 0.418750 0.356250 0.310417 0.326562 0.377083 0.292187 0.347917 0.285938 0.381250 0.134375 0.312500 0.107813 0.122917 0.071875 0.116667 0.079687 0.014583 0.050000 0.035417
10 0.820312 0.000000 0.818750 0.027083 0.835938 0.041667 0.825000 0.100000 0.875000 0.097917 0.835938 0.150000 0.864062 0.150000 0.859375 0.166667 0.876563 0.183333 0.884375 0.147917 0.903125 0.166667 0.945312 0.137500 0.957812 0.154167 0.950000 0.193750 0.960938 0.200000 0.970313 0.170833 0.996875 0.189583 0.998437 0.000000
10 0.007812 0.002083 0.081250 0.014583 0.073438 0.116667 0.107813 0.118750 0.137500 0.283333 0.278125 0.358333 0.348438 0.304167 0.453125 0.447917 0.535937 0.383333 0.532813 0.289583 0.557813 0.291667 0.548438 0.225000 0.589063 0.162500 0.582812 0.000000
13 0.492188 0.458333 0.492188 0.481250 0.496875 0.481250 0.498437 0.477083 0.506250 0.477083 0.507812 0.481250 0.515625 0.481250 0.514062 0.477083 0.514062 0.466667 0.509375 0.460417 0.509375 0.458333 0.506250 0.458333 0.504687 0.456250 0.495312 0.456250
13 0.526563 0.460417 0.526563 0.514583 0.590625 0.516667 0.595313 0.568750 0.645312 0.575000 0.665625 0.627083 0.687500 0.600000 0.731250 0.597917 0.814063 0.631250 0.832812 0.591667 0.826562 0.483333 0.793750 0.416667 0.664062 0.406250 0.603125 0.479167 0.592187 0.437500 0.543750 0.435417