0 0.000000 0.795833 0.000000 0.997917 0.998437 0.997917 0.996875 0.835417 0.759375 0.737500 0.728125 0.616667 0.554688 0.570833 0.467187 0.479167
1 0.646875 0.529167 0.640625 0.570833 0.728125 0.614583 0.734375 0.560417
1 0.495312 0.487500 0.493750 0.495833 0.498437 0.495833 0.506250 0.502083 0.510938 0.502083 0.512500 0.506250 0.518750 0.506250 0.525000 0.510417 0.525000 0.493750 0.512500 0.493750 0.510938 0.491667 0.500000 0.489583 0.496875 0.485417
1 0.428125 0.479167 0.000000 0.593750 0.000000 0.793750
2 0.398438 0.418750 0.406250 0.427083 0.407813 0.435417 0.404687 0.450000 0.396875 0.462500 0.396875 0.479167 0.400000 0.481250 0.401562 0.477083 0.426563 0.477083 0.420312 0.468750 0.426563 0.456250 0.421875 0.454167 0.421875 0.441667 0.418750 0.433333 0.414062 0.433333 0.410938 0.427083 0.406250 0.427083 0.401562 0.418750
2 0.300000 0.312500 0.293750 0.310417 0.290625 0.316667 0.279687 0.325000 0.275000 0.333333 0.271875 0.333333 0.257812 0.350000 0.264062 0.352083 0.270313 0.360417 0.275000 0.360417 0.276562 0.356250 0.278125 0.358333 0.279687 0.337500 0.285938 0.329167 0.290625 0.329167 0.293750 0.325000 0.295312 0.316667
2 0.000000 0.212500 0.014063 0.250000 0.207813 0.339583 0.209375 0.354167 0.175000 0.347917 0.185938 0.408333 0.251563 0.416667 0.232813 0.345833 0.021875 0.212500
4 0.500000 0.472917 0.500000 0.487500 0.504687 0.487500 0.512500 0.491667 0.523438 0.491667 0.521875 0.489583 0.529687 0.481250 0.528125 0.477083 0.528125 0.470833 0.525000 0.468750 0.501563 0.468750
4 0.856250 0.456250 0.687500 0.458333 0.640625 0.468750 0.648438 0.529167 0.734375 0.558333 0.750000 0.531250 0.807813 0.500000
4 0.000000 0.397917 0.000000 0.591667 0.318750 0.500000 0.318750 0.443750 0.306250 0.429167
8 0.240625 0.329167 0.232813 0.370833 0.253125 0.385417 0.253125 0.418750 0.304688 0.418750 0.309375 0.439583 0.335938 0.458333 0.331250 0.491667 0.395313 0.481250 0.404687 0.427083 0.370312 0.393750 0.362500 0.339583 0.337500 0.337500 0.317188 0.291667 0.307812 0.289583 0.275000 0.362500
8 0.000000 0.237500 0.000000 0.395833 0.184375 0.418750 0.184375 0.372917 0.173437 0.347917 0.209375 0.352083 0.207813 0.341667
8 0.421875 0.468750 0.857812 0.454167 0.996875 0.370833 0.998437 0.000000 0.578125 0.000000 0.592187 0.158333 0.562500 0.150000 0.578125 0.206250 0.529687 0.262500 0.526563 0.377083
10 0.000000 0.000000 0.000000 0.210417 0.234375 0.345833 0.317188 0.289583 0.423438 0.454167 0.528125 0.383333 0.528125 0.262500 0.576562 0.206250 0.562500 0.145833 0.590625 0.158333 0.576562 0.000000
13 0.451562 0.468750 0.451562 0.481250 0.465625 0.481250 0.467187 0.477083 0.468750 0.491667 0.479687 0.489583 0.485938 0.491667 0.487500 0.495833 0.492188 0.495833 0.495312 0.479167 0.485938 0.466667 0.473438 0.466667 0.467187 0.470833 0.462500 0.464583 0.456250 0.464583
13 0.320312 0.445833 0.318750 0.487500 0.320312 0.491667 0.329688 0.491667 0.329688 0.489583 0.331250 0.487500 0.334375 0.487500 0.335938 0.483333 0.334375 0.458333 0.332813 0.458333 0.325000 0.447917 0.325000 0.445833
13 0.529687 0.468750 0.528125 0.545833 0.537500 0.535417 0.545312 0.539583 0.554688 0.568750 0.567187 0.552083 0.618750 0.556250 0.629687 0.575000 0.639062 0.568750 0.646875 0.527083 0.645312 0.481250 0.631250 0.445833 0.556250 0.437500
13 0.998437 0.370833 0.742188 0.541667 0.729688 0.643750 0.753125 0.729167 0.825000 0.727083 0.998437 0.835417