0 0.998437 0.716667 0.695312 0.552083 0.617188 0.564583 0.506250 0.468750 0.000000 0.820833 0.000000 0.997917 0.998437 0.997917
1 0.729688 0.516667 0.721875 0.566667 0.998437 0.714583 0.996875 0.591667
1 0.498437 0.472917 0.001563 0.625000 0.000000 0.818750
2 0.490625 0.431250 0.487500 0.431250 0.487500 0.439583 0.484375 0.441667 0.471875 0.460417 0.470313 0.466667 0.471875 0.477083 0.479687 0.472917 0.496875 0.470833 0.493750 0.462500 0.493750 0.458333 0.496875 0.454167 0.496875 0.443750 0.495312 0.437500 0.492188 0.435417
2 0.000000 0.275000 0.000000 0.422917 0.251563 0.443750 0.256250 0.366667 0.376563 0.391667 0.395313 0.350000 0.354687 0.375000 0.250000 0.333333 0.245312 0.360417 0.217188 0.322917 0.034375 0.327083
3 0.370312 0.439583 0.370312 0.443750 0.378125 0.450000 0.384375 0.445833 0.403125 0.452083 0.404687 0.475000 0.401562 0.479167 0.401562 0.491667 0.393750 0.502083 0.403125 0.502083 0.423438 0.491667 0.423438 0.456250 0.414062 0.450000 0.414062 0.437500
4 0.000000 0.625000 0.392188 0.506250 0.403125 0.456250 0.000000 0.425000
4 0.881250 0.425000 0.881250 0.558333 0.998437 0.591667 0.998437 0.422917
4 0.871875 0.427083 0.828125 0.420833 0.714063 0.445833 0.731250 0.516667 0.868750 0.552083
8 0.485938 0.427083 0.454688 0.412500 0.445312 0.368750 0.412500 0.358333 0.406250 0.327083 0.376563 0.393750 0.256250 0.368750 0.260937 0.443750 0.376563 0.450000 0.373437 0.435417 0.414062 0.435417 0.431250 0.485417 0.470313 0.477083
8 0.893750 0.000000 0.881250 0.422917 0.998437 0.420833 0.998437 0.000000
8 0.612500 0.002083 0.620313 0.110417 0.598437 0.087500 0.617188 0.206250 0.589063 0.212500 0.600000 0.264583 0.573438 0.254167 0.589063 0.310417 0.565625 0.306250 0.546875 0.445833 0.518750 0.422917 0.498437 0.470833 0.634375 0.418750 0.871875 0.422917 0.875000 0.170833 0.860938 0.227083 0.823438 0.229167 0.834375 0.150000 0.801562 0.143750 0.792188 0.029167 0.760938 0.045833 0.787500 0.000000
8 0.203125 0.012500 0.218750 0.029167 0.228125 0.020833 0.273438 0.037500 0.289062 0.016667 0.300000 0.018750 0.309375 0.012500 0.314063 0.000000 0.217188 0.000000 0.215625 0.008333 0.207813 0.000000
8 0.031250 0.008333 0.054688 0.087500 0.026562 0.077083 0.043750 0.143750 0.015625 0.129167 0.029687 0.227083 0.003125 0.258333 0.023438 0.314583 0.217188 0.320833 0.248438 0.358333 0.231250 0.320833 0.246875 0.279167 0.226562 0.291667 0.237500 0.227083 0.207813 0.235417 0.223438 0.158333 0.190625 0.158333 0.196875 0.072917 0.156250 0.087500 0.160938 0.006250
10 0.789062 0.000000 0.762500 0.045833 0.793750 0.029167 0.784375 0.064583 0.804688 0.083333 0.800000 0.133333 0.812500 0.131250 0.803125 0.143750 0.835938 0.150000 0.812500 0.179167 0.810937 0.202083 0.839063 0.183333 0.825000 0.229167 0.840625 0.237500 0.873437 0.200000 0.876563 0.006250
10 0.154688 0.000000 0.157812 0.087500 0.196875 0.070833 0.195312 0.170833 0.225000 0.158333 0.232813 0.320833 0.354687 0.372917 0.406250 0.325000 0.498437 0.450000 0.551562 0.418750 0.564063 0.306250 0.587500 0.310417 0.571875 0.254167 0.600000 0.262500 0.587500 0.212500 0.615625 0.206250 0.592187 0.143750 0.614062 0.000000 0.315625 0.000000 0.273438 0.039583
10 0.040625 0.000000 0.000000 0.000000 0.000000 0.272917 0.020313 0.252083 0.010937 0.225000 0.028125 0.227083 0.017188 0.210417 0.025000 0.202083 0.014063 0.129167 0.045312 0.137500 0.025000 0.077083 0.053125 0.087500 0.029687 0.008333
13 0.523438 0.460417 0.531250 0.481250 0.553125 0.481250 0.562500 0.512500 0.589063 0.502083 0.592187 0.539583 0.610938 0.533333 0.617188 0.562500 0.628125 0.562500 0.634375 0.543750 0.700000 0.547917 0.709375 0.564583 0.723437 0.562500 0.728125 0.504167 0.703125 0.427083 0.634375 0.420833 0.607812 0.443750 0.565625 0.439583 0.556250 0.460417