0 0.000000 0.712500 0.000000 0.997917 0.998437 0.997917 0.995313 0.843750 0.459375 0.479167
1 0.537500 0.512500 0.554688 0.543750 0.998437 0.845833 0.998437 0.733333
1 0.431250 0.479167 0.301563 0.479167 0.306250 0.497917 0.251563 0.508333 0.000000 0.493750 0.000000 0.710417
2 0.381250 0.437500 0.381250 0.439583 0.378125 0.441667 0.378125 0.454167 0.375000 0.460417 0.375000 0.477083 0.395313 0.477083 0.390625 0.472917 0.390625 0.458333 0.395313 0.454167 0.395313 0.452083 0.392188 0.447917 0.392188 0.443750 0.389062 0.437500
2 0.510938 0.422917 0.507812 0.431250 0.501563 0.429167 0.496875 0.435417 0.492188 0.437500 0.487500 0.435417 0.484375 0.439583 0.484375 0.458333 0.487500 0.454167 0.489063 0.441667 0.490625 0.454167 0.493750 0.456250 0.493750 0.452083 0.496875 0.450000 0.500000 0.460417 0.506250 0.466667 0.506250 0.462500 0.509375 0.460417 0.509375 0.447917 0.514062 0.441667 0.514062 0.431250
2 0.407813 0.410417 0.409375 0.431250 0.406250 0.439583 0.398438 0.447917 0.398438 0.454167 0.407813 0.454167 0.412500 0.460417 0.414062 0.472917 0.410938 0.477083 0.426563 0.477083 0.429688 0.437500 0.426563 0.427083 0.421875 0.427083 0.418750 0.418750
2 0.317188 0.306250 0.318750 0.308333 0.318750 0.320833 0.320312 0.322917 0.320312 0.329167 0.325000 0.331250 0.328125 0.339583 0.329688 0.339583 0.332813 0.345833 0.340625 0.343750 0.342187 0.341667 0.340625 0.337500 0.339062 0.337500 0.337500 0.333333 0.326562 0.318750 0.326562 0.316667 0.318750 0.306250
4 0.529687 0.479167 0.539062 0.512500 0.998437 0.731250 0.998437 0.500000 0.706250 0.487500 0.700000 0.539583 0.700000 0.485417
5 0.664062 0.152083 0.720313 0.239583 0.700000 0.537500 0.723437 0.233333
8 0.428125 0.460417 0.428125 0.477083 0.440625 0.475000 0.443750 0.466667 0.450000 0.468750 0.453125 0.477083 0.459375 0.477083 0.462500 0.466667 0.478125 0.464583 0.479687 0.487500 0.487500 0.491667 0.487500 0.456250 0.485938 0.460417 0.482812 0.458333 0.482812 0.439583 0.485938 0.437500 0.478125 0.427083 0.470313 0.431250 0.454688 0.427083 0.443750 0.452083
8 0.715625 0.302083 0.664062 0.300000 0.662500 0.352083 0.640625 0.310417 0.626563 0.377083 0.581250 0.381250 0.579688 0.393750 0.529687 0.345833 0.509375 0.397917 0.518750 0.408333 0.512500 0.470833 0.700000 0.483333
8 0.000000 0.114583 0.020313 0.487500 0.251563 0.506250 0.373437 0.483333 0.376563 0.441667 0.404687 0.439583 0.403125 0.400000 0.318750 0.329167 0.278125 0.139583 0.221875 0.129167 0.170313 0.035417 0.093750 0.014583 0.050000 0.129167
8 0.721875 0.000000 0.717187 0.039583 0.764062 0.116667 0.726562 0.210417 0.718750 0.350000 0.745313 0.391667 0.715625 0.381250 0.706250 0.485417 0.998437 0.497917 0.998437 0.000000
10 0.718750 0.352083 0.717187 0.358333 0.717187 0.375000 0.715625 0.377083 0.717187 0.383333 0.721875 0.385417 0.723437 0.383333 0.729688 0.383333 0.739062 0.387500 0.740625 0.391667 0.743750 0.391667 0.743750 0.383333 0.740625 0.379167 0.740625 0.372917 0.739062 0.370833 0.740625 0.364583 0.737500 0.358333 0.726562 0.360417 0.723437 0.352083
10 0.000000 0.000000 0.029687 0.137500 0.093750 0.012500 0.278125 0.137500 0.296875 0.266667 0.431250 0.454167 0.507812 0.429167 0.535937 0.339583 0.579688 0.391667 0.715625 0.300000 0.662500 0.152083 0.725000 0.266667 0.762500 0.116667 0.720313 0.000000
13 0.490625 0.483333 0.489063 0.508333 0.492188 0.516667 0.504687 0.514583 0.523438 0.518750 0.529687 0.529167 0.534375 0.529167 0.535937 0.497917 0.525000 0.475000 0.503125 0.470833 0.495312 0.483333
13 0.392188 0.458333 0.392188 0.472917 0.393750 0.475000 0.395313 0.475000 0.396875 0.477083 0.409375 0.477083 0.412500 0.472917 0.412500 0.464583 0.407813 0.456250 0.393750 0.456250
13 0.000000 0.364583 0.000000 0.491667 0.007812 0.491667 0.009375 0.487500 0.018750 0.487500 0.025000 0.477083 0.028125 0.431250 0.025000 0.429167 0.025000 0.389583 0.021875 0.381250 0.010937 0.368750
14 0.478125 0.466667 0.476562 0.468750 0.462500 0.468750 0.460938 0.470833 0.460938 0.481250 0.459375 0.483333 0.459375 0.485417 0.460938 0.487500 0.467187 0.487500 0.468750 0.489583 0.468750 0.491667 0.476562 0.491667 0.478125 0.489583