0 0.000000 0.741667 0.000000 0.997917 0.998437 0.997917 0.996875 0.810417 0.464062 0.479167
1 0.553125 0.512500 0.557813 0.535417 0.998437 0.810417 0.996875 0.700000
1 0.439063 0.479167 0.289062 0.483333 0.293750 0.508333 0.184375 0.531250 0.000000 0.522917 0.000000 0.739583
2 0.854688 0.472917 0.854688 0.483333 0.998437 0.491667 0.996875 0.468750 0.985938 0.472917 0.970313 0.452083 0.932813 0.485417 0.928125 0.470833 0.921875 0.477083 0.901563 0.466667 0.893750 0.447917
2 0.518750 0.414583 0.514062 0.427083 0.507812 0.425000 0.504687 0.431250 0.500000 0.431250 0.498437 0.435417 0.490625 0.435417 0.489063 0.464583 0.489063 0.458333 0.492188 0.454167 0.498437 0.454167 0.501563 0.447917 0.504687 0.447917 0.507812 0.454167 0.510938 0.447917 0.515625 0.450000 0.518750 0.443750 0.523438 0.445833 0.525000 0.443750 0.525000 0.431250
2 0.410938 0.410417 0.414062 0.433333 0.410938 0.443750 0.404687 0.445833 0.401562 0.456250 0.404687 0.460417 0.403125 0.477083 0.434375 0.481250 0.434375 0.477083 0.426563 0.466667 0.426563 0.462500 0.435937 0.454167 0.434375 0.435417 0.420312 0.416667
2 0.373437 0.393750 0.376563 0.414583 0.381250 0.420833 0.381250 0.439583 0.378125 0.441667 0.375000 0.479167 0.387500 0.481250 0.400000 0.477083 0.395313 0.475000 0.396875 0.450000 0.390625 0.435417 0.390625 0.422917 0.398438 0.404167 0.398438 0.395833
2 0.290625 0.283333 0.290625 0.293750 0.295312 0.302083 0.292187 0.318750 0.300000 0.320833 0.310937 0.339583 0.318750 0.341667 0.320312 0.345833 0.340625 0.339583 0.312500 0.297917 0.312500 0.291667 0.310937 0.295833 0.298438 0.279167
2 0.795312 0.277083 0.779687 0.306250 0.784375 0.316667 0.781250 0.381250 0.785937 0.391667 0.781250 0.412500 0.798438 0.420833 0.807813 0.381250 0.817187 0.370833 0.826562 0.393750 0.832812 0.377083 0.823438 0.362500 0.820312 0.327083 0.826562 0.312500 0.809375 0.316667 0.809375 0.304167 0.798438 0.293750
4 0.762500 0.477083 0.756250 0.600000 0.998437 0.700000 0.998437 0.493750
4 0.748437 0.595833 0.754687 0.475000 0.717187 0.485417 0.540625 0.475000 0.556250 0.512500
5 0.709375 0.077083 0.776563 0.191667 0.753125 0.600000 0.779687 0.179167
8 0.404687 0.400000 0.403125 0.404167 0.398438 0.406250 0.392188 0.422917 0.392188 0.435417 0.393750 0.439583 0.396875 0.441667 0.398438 0.454167 0.401562 0.454167 0.404687 0.443750 0.409375 0.443750 0.412500 0.433333 0.410938 0.414583
8 0.751563 0.295833 0.681250 0.281250 0.679688 0.347917 0.656250 0.291667 0.643750 0.360417 0.593750 0.385417 0.537500 0.333333 0.523438 0.447917 0.489063 0.466667 0.489063 0.435417 0.459375 0.427083 0.428125 0.466667 0.482812 0.464583 0.489063 0.489583 0.515625 0.460417 0.754687 0.472917
8 0.998437 0.000000 0.878125 0.000000 0.895312 0.010417 0.867188 0.089583 0.839063 0.029167 0.831250 0.154167 0.789062 0.247917 0.834375 0.383333 0.817187 0.372917 0.795312 0.422917 0.770312 0.372917 0.764062 0.472917 0.853125 0.483333 0.885938 0.445833 0.932813 0.483333 0.967187 0.450000 0.998437 0.470833
8 0.000000 0.000000 0.000000 0.520833 0.184375 0.529167 0.293750 0.506250 0.289062 0.481250 0.375000 0.487500 0.384375 0.377083 0.290625 0.318750 0.298438 0.252083 0.271875 0.243750 0.248438 0.091667 0.179688 0.079167 0.146875 0.000000
10 0.143750 0.020833 0.254688 0.097917 0.273438 0.243750 0.442188 0.454167 0.514062 0.425000 0.537500 0.331250 0.593750 0.383333 0.659375 0.289583 0.684375 0.345833 0.681250 0.279167 0.735938 0.275000 0.762500 0.366667 0.775000 0.191667 0.709375 0.075000 0.779687 0.170833 0.781250 0.370833 0.837500 0.029167 0.867188 0.087500 0.893750 0.008333
13 0.500000 0.483333 0.500000 0.516667 0.506250 0.520833 0.514062 0.516667 0.535937 0.520833 0.543750 0.529167 0.551562 0.525000 0.551562 0.493750 0.537500 0.472917 0.528125 0.468750 0.510938 0.468750
13 0.468750 0.468750 0.467187 0.470833 0.467187 0.475000 0.465625 0.477083 0.465625 0.487500 0.473438 0.487500 0.475000 0.489583 0.482812 0.491667 0.482812 0.466667 0.471875 0.466667 0.470313 0.468750