0 0.000000 0.720833 0.000000 0.997917 0.998437 0.997917 0.996875 0.820833 0.445312 0.483333
1 0.490625 0.500000 0.998437 0.820833 0.998437 0.687500
1 0.393750 0.479167 0.232813 0.510417 0.060937 0.510417 0.000000 0.537500 0.000000 0.718750
2 0.470313 0.427083 0.468750 0.425000 0.456250 0.427083 0.456250 0.429167 0.454688 0.431250 0.451562 0.431250 0.450000 0.435417 0.448437 0.435417 0.446875 0.431250 0.445312 0.433333 0.445312 0.445833 0.446875 0.450000 0.446875 0.445833 0.448437 0.443750 0.451562 0.445833 0.451562 0.450000 0.453125 0.452083 0.454688 0.450000 0.456250 0.452083 0.464062 0.452083 0.467187 0.450000 0.470313 0.439583
2 0.387500 0.429167 0.368750 0.412500 0.370312 0.437500 0.357812 0.458333 0.351562 0.443750 0.343750 0.447917 0.342187 0.479167 0.357812 0.477083 0.356250 0.460417 0.365625 0.460417 0.368750 0.445833 0.381250 0.447917 0.381250 0.477083 0.389062 0.477083 0.382812 0.464583 0.392188 0.454167
4 0.857812 0.483333 0.845313 0.629167 0.998437 0.685417 0.998437 0.487500
4 0.773438 0.589583 0.771875 0.462500 0.612500 0.466667 0.607812 0.520833 0.607812 0.466667 0.482812 0.475000 0.492188 0.500000 0.757812 0.606250
8 0.368750 0.447917 0.367188 0.452083 0.367188 0.460417 0.364063 0.462500 0.364063 0.464583 0.359375 0.470833 0.359375 0.477083 0.379688 0.477083 0.381250 0.472917 0.381250 0.452083 0.379688 0.447917
8 0.453125 0.454167 0.446875 0.454167 0.442188 0.427083 0.437500 0.422917 0.434375 0.427083 0.420312 0.425000 0.414062 0.427083 0.414062 0.433333 0.407813 0.437500 0.407813 0.447917 0.403125 0.456250 0.398438 0.452083 0.384375 0.464583 0.390625 0.477083 0.396875 0.477083 0.406250 0.464583 0.414062 0.475000 0.420312 0.475000 0.421875 0.466667 0.437500 0.462500 0.442188 0.468750 0.442188 0.481250 0.445312 0.481250 0.453125 0.468750
8 0.000000 0.187500 0.000000 0.350000 0.104688 0.425000 0.114062 0.502083 0.334375 0.487500 0.342187 0.447917 0.368750 0.437500 0.279687 0.318750 0.260937 0.210417 0.203125 0.191667 0.168750 0.133333 0.109375 0.118750 0.060937 0.222917
8 0.632812 0.012500 0.639062 0.112500 0.589063 0.131250 0.623437 0.212500 0.592187 0.233333 0.603125 0.352083 0.584375 0.310417 0.529687 0.391667 0.482812 0.345833 0.456250 0.464583 0.607812 0.464583 0.615625 0.366667 0.612500 0.464583 0.775000 0.462500 0.768750 0.610417 0.840625 0.629167 0.857812 0.481250 0.998437 0.485417 0.998437 0.000000 0.660937 0.000000 0.645312 0.052083
10 0.000000 0.185417 0.060937 0.220833 0.109375 0.116667 0.262500 0.210417 0.281250 0.318750 0.396875 0.454167 0.450000 0.387500 0.468750 0.422917 0.482812 0.343750 0.529687 0.389583 0.584375 0.308333 0.601562 0.352083 0.590625 0.233333 0.621875 0.212500 0.587500 0.131250 0.637500 0.112500 0.621875 0.029167 0.659375 0.000000 0.000000 0.000000
13 0.446875 0.479167 0.448437 0.506250 0.454688 0.508333 0.460938 0.502083 0.462500 0.506250 0.475000 0.506250 0.481250 0.512500 0.487500 0.510417 0.489063 0.489583 0.482812 0.481250 0.478125 0.468750 0.456250 0.466667
13 0.421875 0.468750 0.421875 0.483333 0.423438 0.485417 0.434375 0.485417 0.435937 0.487500 0.437500 0.487500 0.439063 0.485417 0.439063 0.483333 0.440625 0.481250 0.440625 0.468750 0.437500 0.464583 0.428125 0.464583 0.426563 0.466667
13 0.000000 0.352083 0.000000 0.535417 0.035937 0.533333 0.046875 0.512500 0.110937 0.506250 0.106250 0.429167 0.064062 0.379167