0 0.000000 0.764583 0.000000 0.997917 0.998437 0.997917 0.998437 0.797917 0.454688 0.479167
1 0.554688 0.516667 0.567187 0.543750 0.998437 0.795833 0.998437 0.695833
1 0.429688 0.483333 0.251563 0.487500 0.259375 0.520833 0.000000 0.560417 0.000000 0.762500
2 0.514062 0.412500 0.509375 0.414583 0.506250 0.425000 0.500000 0.425000 0.496875 0.431250 0.492188 0.431250 0.489063 0.435417 0.489063 0.452083 0.492188 0.454167 0.495312 0.445833 0.500000 0.447917 0.503125 0.472917 0.507812 0.456250 0.510938 0.458333 0.512500 0.466667 0.518750 0.466667 0.520312 0.458333 0.518750 0.429167
2 0.426563 0.439583 0.401562 0.412500 0.404687 0.433333 0.390625 0.458333 0.395313 0.475000 0.384375 0.479167 0.381250 0.466667 0.387500 0.452083 0.379688 0.425000 0.373437 0.425000 0.362500 0.443750 0.362500 0.485417 0.407813 0.481250 0.403125 0.450000 0.415625 0.456250 0.414062 0.481250 0.429688 0.481250 0.418750 0.468750 0.426563 0.456250
2 0.250000 0.235417 0.250000 0.245833 0.260937 0.264583 0.257812 0.275000 0.264062 0.281250 0.276562 0.335417 0.281250 0.341667 0.321875 0.331250 0.298438 0.297917 0.295312 0.281250 0.292187 0.289583
2 0.829688 0.227083 0.800000 0.285417 0.806250 0.297917 0.803125 0.364583 0.817187 0.372917 0.818750 0.379167 0.821875 0.375000 0.821875 0.339583 0.825000 0.337500
2 0.925000 0.000000 0.840625 0.197917 0.829688 0.404167 0.853125 0.356250 0.871875 0.381250 0.910937 0.352083 0.932813 0.437500 0.901563 0.466667 0.998437 0.481250 0.998437 0.410417 0.943750 0.385417 0.920312 0.295833 0.931250 0.254167 0.892188 0.172917 0.937500 0.079167 0.970313 0.112500 0.959375 0.066667 0.984375 0.012500
4 0.539062 0.472917 0.556250 0.514583 0.998437 0.693750 0.996875 0.479167 0.823438 0.470833 0.810937 0.595833 0.815625 0.472917
5 0.757812 0.000000 0.825000 0.083333 0.837500 0.125000 0.810937 0.593750 0.842187 0.116667 0.790625 0.018750
8 0.504687 0.475000 0.498437 0.460417 0.495312 0.472917 0.490625 0.454167 0.484375 0.456250 0.481250 0.468750 0.478125 0.464583 0.481250 0.435417 0.473438 0.425000 0.451562 0.427083 0.442188 0.454167 0.428125 0.456250 0.420312 0.464583 0.421875 0.472917 0.437500 0.477083 0.440625 0.468750 0.456250 0.477083 0.460938 0.466667 0.476562 0.466667 0.478125 0.487500 0.484375 0.491667 0.487500 0.481250 0.489063 0.491667 0.495312 0.491667
8 0.910937 0.354167 0.890625 0.368750 0.882812 0.364583 0.871875 0.383333 0.857812 0.370833 0.856250 0.358333 0.843750 0.364583 0.834375 0.404167 0.828125 0.402083 0.826562 0.468750 0.895312 0.481250 0.906250 0.456250 0.931250 0.437500 0.914062 0.420833 0.925000 0.400000 0.921875 0.379167 0.909375 0.370833
8 0.821875 0.383333 0.770312 0.345833 0.762500 0.279167 0.734375 0.287500 0.740625 0.260417 0.681250 0.268750 0.678125 0.318750 0.656250 0.281250 0.642188 0.350000 0.601562 0.354167 0.592187 0.375000 0.545312 0.347917 0.539062 0.322917 0.510938 0.391667 0.520312 0.466667 0.814063 0.470833
8 0.998437 0.000000 0.960938 0.066667 0.970313 0.116667 0.937500 0.081250 0.893750 0.164583 0.932813 0.254167 0.921875 0.295833 0.945312 0.385417 0.984375 0.416667 0.998437 0.408333
8 0.000000 0.000000 0.000000 0.558333 0.259375 0.518750 0.251563 0.485417 0.354687 0.495833 0.373437 0.422917 0.401562 0.439583 0.334375 0.337500 0.271875 0.329167 0.190625 0.012500
10 0.923438 0.000000 0.778125 0.000000 0.837500 0.087500 0.842187 0.193750
10 0.142187 0.000000 0.198437 0.020833 0.250000 0.233333 0.428125 0.454167 0.489063 0.387500 0.506250 0.422917 0.532813 0.325000 0.598437 0.370833 0.685937 0.264583 0.743750 0.258333 0.801562 0.364583 0.835938 0.125000 0.756250 0.000000
13 0.498437 0.483333 0.495312 0.493750 0.495312 0.512500 0.503125 0.527083 0.526563 0.522917 0.540625 0.527083 0.546875 0.535417 0.553125 0.533333 0.554688 0.502083 0.545312 0.479167 0.528125 0.468750 0.510938 0.468750
13 0.460938 0.468750 0.456250 0.479167 0.457813 0.487500 0.460938 0.487500 0.462500 0.491667 0.464062 0.487500 0.465625 0.487500 0.467187 0.491667 0.476562 0.491667 0.476562 0.487500 0.478125 0.485417 0.478125 0.470833 0.476562 0.468750