0 0.000000 0.737500 0.000000 0.997917 0.998437 0.997917 0.996875 0.820833 0.465625 0.479167
1 0.550000 0.512500 0.550000 0.531250 0.998437 0.820833 0.998437 0.708333
1 0.442188 0.479167 0.296875 0.481250 0.300000 0.504167 0.201563 0.522917 0.000000 0.514583 0.000000 0.735417
2 0.929688 0.493750 0.968750 0.495833 0.970313 0.489583 0.973437 0.487500 0.973437 0.483333 0.968750 0.483333 0.967187 0.479167 0.960938 0.479167 0.959375 0.477083 0.956250 0.479167 0.945312 0.477083 0.942187 0.481250 0.935937 0.483333
2 0.395313 0.437500 0.389062 0.437500 0.387500 0.435417 0.382812 0.437500 0.381250 0.441667 0.381250 0.458333 0.378125 0.464583 0.378125 0.477083 0.379688 0.479167 0.395313 0.479167 0.400000 0.477083 0.395313 0.472917 0.396875 0.456250 0.398438 0.454167
2 0.520312 0.416667 0.517188 0.416667 0.515625 0.427083 0.507812 0.427083 0.506250 0.431250 0.501563 0.431250 0.500000 0.435417 0.490625 0.435417 0.490625 0.460417 0.492188 0.454167 0.500000 0.452083 0.503125 0.447917 0.506250 0.450000 0.510938 0.445833 0.515625 0.447917 0.517188 0.443750 0.521875 0.443750 0.523438 0.431250 0.520312 0.425000
2 0.412500 0.412500 0.414062 0.439583 0.410938 0.445833 0.406250 0.445833 0.404687 0.458333 0.412500 0.464583 0.410938 0.450000 0.418750 0.443750 0.426563 0.454167 0.421875 0.477083 0.412500 0.472917 0.403125 0.477083 0.426563 0.477083 0.428125 0.481250 0.434375 0.477083 0.428125 0.460417 0.435937 0.454167 0.435937 0.437500 0.432812 0.427083
2 0.782813 0.322917 0.778125 0.327083 0.778125 0.406250 0.775000 0.418750 0.787500 0.425000 0.793750 0.412500 0.795312 0.389583 0.803125 0.383333 0.803125 0.331250 0.800000 0.327083 0.784375 0.329167
2 0.306250 0.289583 0.307812 0.293750 0.304688 0.304167 0.307812 0.306250 0.307812 0.310417 0.318750 0.318750 0.323437 0.331250 0.320312 0.339583 0.325000 0.343750 0.326562 0.350000 0.331250 0.350000 0.332813 0.345833 0.342187 0.341667 0.340625 0.333333 0.332813 0.325000 0.326562 0.312500 0.309375 0.289583
4 0.539062 0.477083 0.553125 0.512500 0.998437 0.706250 0.998437 0.500000 0.748437 0.479167 0.737500 0.581250 0.739062 0.477083
5 0.698438 0.102083 0.762500 0.206250 0.737500 0.579167 0.765625 0.206250 0.756250 0.172917
8 0.425000 0.454167 0.418750 0.445833 0.414062 0.447917 0.412500 0.450000 0.414062 0.464583 0.412500 0.466667 0.410938 0.464583 0.406250 0.464583 0.404687 0.466667 0.404687 0.472917 0.406250 0.470833 0.412500 0.470833 0.414062 0.472917 0.421875 0.475000 0.423438 0.470833 0.423438 0.464583 0.425000 0.462500
8 0.748437 0.304167 0.679688 0.285417 0.670312 0.347917 0.656250 0.297917 0.640625 0.364583 0.592187 0.389583 0.537500 0.337500 0.517188 0.393750 0.525000 0.439583 0.501563 0.475000 0.482812 0.427083 0.429688 0.466667 0.482812 0.464583 0.492188 0.491667 0.515625 0.456250 0.740625 0.477083
8 0.839063 0.000000 0.826562 0.047917 0.846875 0.066667 0.829688 0.104167 0.810937 0.066667 0.792188 0.258333 0.768750 0.268750 0.804688 0.383333 0.784375 0.427083 0.756250 0.372917 0.748437 0.477083 0.959375 0.475000 0.996875 0.502083 0.998437 0.000000
8 0.010937 0.018750 0.000000 0.512500 0.237500 0.516667 0.296875 0.479167 0.375000 0.487500 0.382812 0.435417 0.410938 0.443750 0.406250 0.400000 0.318750 0.339583 0.262500 0.108333 0.196875 0.095833 0.142187 0.000000
10 0.143750 0.000000 0.264062 0.108333 0.281250 0.247917 0.437500 0.454167 0.515625 0.425000 0.537500 0.335417 0.592187 0.387500 0.657813 0.295833 0.675000 0.345833 0.679688 0.283333 0.732812 0.281250 0.748437 0.370833 0.759375 0.195833 0.698438 0.100000 0.764062 0.185417 0.775000 0.377083 0.809375 0.066667 0.845313 0.066667 0.837500 0.000000
10 0.000000 0.060417 0.004687 0.047917 0.001563 0.043750 0.010937 0.037500 0.010937 0.016667 0.020313 0.022917 0.025000 0.035417 0.028125 0.035417 0.023438 0.025000 0.035937 0.016667 0.045312 0.027083 0.040625 0.000000 0.000000 0.000000
13 0.503125 0.479167 0.498437 0.491667 0.498437 0.512500 0.503125 0.518750 0.518750 0.516667 0.535937 0.520833 0.540625 0.529167 0.548438 0.527083 0.548438 0.497917 0.535937 0.472917 0.514062 0.468750 0.506250 0.479167