0 0.000000 0.760417 0.000000 0.997917 0.998437 0.997917 0.998437 0.797917 0.451562 0.479167
1 0.567187 0.518750 0.564063 0.543750 0.998437 0.795833 0.992188 0.687500
1 0.425000 0.479167 0.325000 0.502083 0.182812 0.487500 0.187500 0.539583 0.000000 0.570833 0.000000 0.758333
2 0.514062 0.408333 0.506250 0.408333 0.506250 0.414583 0.501563 0.420833 0.495312 0.420833 0.492188 0.427083 0.484375 0.431250 0.484375 0.450000 0.490625 0.454167 0.492188 0.466667 0.501563 0.466667 0.517188 0.460417 0.518750 0.416667
2 0.390625 0.404167 0.396875 0.425000 0.382812 0.456250 0.396875 0.468750 0.396875 0.460417 0.393750 0.460417 0.390625 0.452083 0.398438 0.443750 0.404687 0.445833 0.409375 0.452083 0.409375 0.462500 0.420312 0.454167 0.420312 0.437500 0.415625 0.427083 0.410938 0.427083 0.404687 0.416667 0.398438 0.414583
2 0.379688 0.391667 0.354687 0.389583 0.350000 0.393750 0.348438 0.429167 0.351562 0.433333 0.343750 0.441667 0.343750 0.468750 0.351562 0.450000 0.379688 0.454167 0.368750 0.422917 0.381250 0.400000
2 0.998437 0.214583 0.990625 0.329167 0.995313 0.329167 0.998437 0.322917
2 0.210938 0.197917 0.221875 0.220833 0.225000 0.264583 0.217188 0.270833 0.226562 0.308333 0.243750 0.318750 0.282813 0.320833 0.285938 0.310417 0.300000 0.314583 0.278125 0.281250 0.279687 0.254167 0.278125 0.272917 0.273438 0.275000
2 0.996875 0.000000 0.967187 0.000000 0.843750 0.254167 0.853125 0.266667 0.850000 0.325000 0.882812 0.322917 0.904687 0.345833 0.935937 0.329167 0.948438 0.366667 0.960938 0.339583 0.976562 0.339583
4 0.998437 0.689583 0.998437 0.462500 0.982812 0.462500 0.965625 0.627083 0.970313 0.468750 0.548438 0.470833 0.568750 0.516667
4 0.351562 0.452083 0.351562 0.454167 0.346875 0.460417 0.346875 0.479167 0.350000 0.483333 0.357812 0.483333 0.359375 0.485417 0.371875 0.481250 0.371875 0.456250 0.365625 0.456250 0.360938 0.452083
5 0.998437 0.014583 0.965625 0.625000 0.998437 0.212500
8 0.475000 0.431250 0.468750 0.420833 0.445312 0.425000 0.437500 0.435417 0.434375 0.456250 0.409375 0.464583 0.407813 0.452083 0.398438 0.445833 0.392188 0.452083 0.398438 0.468750 0.375000 0.466667 0.373437 0.479167 0.407813 0.481250 0.409375 0.464583 0.414062 0.481250 0.431250 0.477083 0.434375 0.466667 0.451562 0.477083 0.456250 0.464583 0.471875 0.464583
8 0.385937 0.395833 0.382812 0.397917 0.378125 0.408333 0.370312 0.418750 0.375000 0.439583 0.378125 0.443750 0.381250 0.454167 0.382812 0.447917 0.393750 0.433333 0.393750 0.427083 0.395313 0.425000 0.392188 0.410417 0.389062 0.406250
8 0.998437 0.325000 0.990625 0.335417 0.984375 0.460417 0.998437 0.460417 0.998437 0.360417 0.993750 0.360417 0.998437 0.352083
8 0.976562 0.341667 0.948438 0.368750 0.935937 0.331250 0.835938 0.337500 0.825000 0.279167 0.753125 0.272917 0.762500 0.237500 0.696875 0.243750 0.692187 0.297917 0.670312 0.256250 0.653125 0.325000 0.595313 0.370833 0.534375 0.312500 0.518750 0.460417 0.484375 0.452083 0.479687 0.487500 0.968750 0.466667
8 0.000000 0.000000 0.000000 0.568750 0.187500 0.537500 0.182812 0.485417 0.345313 0.493750 0.360938 0.364583 0.301563 0.312500 0.223438 0.306250 0.221875 0.181250 0.179688 0.062500 0.151562 0.045833 0.129688 0.079167 0.137500 0.004167
10 0.114062 0.010417 0.426563 0.454167 0.514062 0.406250 0.534375 0.310417 0.595313 0.368750 0.696875 0.241667 0.762500 0.235417 0.842187 0.335417 0.965625 0.000000
13 0.498437 0.487500 0.496875 0.522917 0.507812 0.533333 0.534375 0.529167 0.551562 0.533333 0.557813 0.543750 0.564063 0.539583 0.567187 0.508333 0.560937 0.489583 0.546875 0.470833 0.515625 0.466667
13 0.453125 0.468750 0.453125 0.487500 0.467187 0.487500 0.468750 0.491667 0.470313 0.491667 0.471875 0.487500 0.471875 0.468750 0.470313 0.466667 0.456250 0.466667