0 0.000000 0.745833 0.000000 0.997917 0.998437 0.997917 0.996875 0.810417 0.437500 0.479167
1 0.584375 0.533333 0.582812 0.562500 0.998437 0.810417 0.998437 0.689583
1 0.000000 0.743750 0.418750 0.479167 0.265625 0.510417 0.000000 0.477083 0.006250 0.533333 0.035937 0.527083 0.042188 0.558333 0.000000 0.583333
2 0.510938 0.412500 0.495312 0.406250 0.492188 0.420833 0.464062 0.431250 0.464062 0.466667 0.467187 0.456250 0.475000 0.447917 0.481250 0.456250 0.479687 0.450000 0.482812 0.443750 0.489063 0.445833 0.489063 0.454167 0.484375 0.456250 0.487500 0.458333 0.487500 0.466667 0.509375 0.462500 0.514062 0.454167 0.514062 0.439583 0.509375 0.433333
2 0.371875 0.400000 0.378125 0.418750 0.367188 0.454167 0.373437 0.454167 0.376563 0.445833 0.389062 0.443750 0.393750 0.452083 0.392188 0.481250 0.401562 0.481250 0.400000 0.466667 0.396875 0.464583 0.406250 0.454167 0.403125 0.427083 0.396875 0.427083 0.382812 0.406250
2 0.315625 0.383333 0.315625 0.406250 0.312500 0.408333 0.315625 0.414583 0.314063 0.443750 0.362500 0.452083 0.357812 0.416667 0.365625 0.395833 0.364063 0.387500
2 0.000000 0.254167 0.000000 0.329167 0.018750 0.345833 0.018750 0.366667 0.048438 0.395833 0.040625 0.425000 0.006250 0.431250 0.001563 0.475000 0.068750 0.468750 0.071875 0.427083 0.037500 0.345833 0.043750 0.314583 0.071875 0.312500 0.032813 0.270833
2 0.134375 0.162500 0.168750 0.210417 0.162500 0.225000 0.151562 0.225000 0.164062 0.268750 0.190625 0.285417 0.206250 0.279167 0.228125 0.287500 0.242188 0.272917 0.259375 0.277083 0.248438 0.258333 0.248438 0.239583 0.243750 0.254167 0.157812 0.145833
2 0.998437 0.062500 0.912500 0.212500 0.923438 0.227083 0.921875 0.260417 0.932813 0.254167 0.951562 0.279167 0.993750 0.243750 0.979688 0.289583 0.992188 0.272917 0.998437 0.277083
4 0.560937 0.472917 0.585938 0.529167 0.998437 0.687500 0.998437 0.487500
4 0.314063 0.445833 0.312500 0.456250 0.312500 0.485417 0.314063 0.487500 0.339062 0.487500 0.350000 0.483333 0.351562 0.452083 0.332813 0.447917 0.315625 0.447917
8 0.000000 0.504167 0.000000 0.575000 0.001563 0.575000 0.009375 0.564583 0.009375 0.558333 0.006250 0.556250 0.007812 0.550000 0.006250 0.543750 0.009375 0.537500 0.004687 0.533333 0.004687 0.522917 0.001563 0.520833
8 0.370312 0.393750 0.367188 0.393750 0.365625 0.402083 0.362500 0.406250 0.362500 0.412500 0.359375 0.416667 0.362500 0.450000 0.365625 0.454167 0.365625 0.447917 0.368750 0.445833 0.373437 0.435417 0.373437 0.427083 0.376563 0.418750 0.373437 0.404167 0.370312 0.402083
8 0.000000 0.331250 0.000000 0.475000 0.000000 0.443750 0.004687 0.431250 0.028125 0.420833 0.040625 0.422917 0.046875 0.397917 0.042188 0.385417 0.017188 0.366667 0.020313 0.360417 0.017188 0.345833
8 0.993750 0.245833 0.946875 0.279167 0.875000 0.191667 0.815625 0.254167 0.787500 0.212500 0.710938 0.222917 0.700000 0.279167 0.684375 0.233333 0.595313 0.362500 0.531250 0.295833 0.509375 0.464583 0.464062 0.468750 0.456250 0.420833 0.398438 0.464583 0.998437 0.485417
8 0.014063 0.020833 0.000000 0.252083 0.073438 0.312500 0.039062 0.345833 0.070312 0.468750 0.314063 0.497917 0.312500 0.387500 0.343750 0.383333 0.340625 0.354167 0.312500 0.379167 0.301563 0.304167 0.160938 0.266667 0.167187 0.210417 0.131250 0.166667 0.162500 0.118750 0.126562 0.083333 0.112500 0.000000
9 0.035937 0.529167 0.026562 0.527083 0.009375 0.539583 0.007812 0.556250 0.010937 0.558333 0.010937 0.564583 0.000000 0.577083 0.000000 0.581250 0.014063 0.579167 0.015625 0.575000 0.034375 0.570833 0.040625 0.558333 0.029687 0.545833
10 0.114062 0.000000 0.145313 0.143750 0.407813 0.454167 0.473438 0.377083 0.473438 0.425000 0.539062 0.289583 0.595313 0.360417 0.684375 0.231250 0.700000 0.277083 0.717187 0.218750 0.917188 0.225000 0.998437 0.000000
10 0.000000 0.045833 0.012500 0.056250 0.014063 0.018750 0.026562 0.029167 0.025000 0.020833 0.029687 0.012500 0.043750 0.006250 0.046875 0.016667 0.053125 0.018750 0.064062 0.000000 0.000000 0.000000
13 0.498437 0.483333 0.500000 0.489583 0.492188 0.504167 0.493750 0.537500 0.504687 0.533333 0.507812 0.550000 0.535937 0.543750 0.564063 0.550000 0.570312 0.560417 0.579688 0.558333 0.582812 0.510417 0.559375 0.472917 0.518750 0.466667 0.504687 0.483333
13 0.442188 0.468750 0.439063 0.477083 0.439063 0.487500 0.443750 0.487500 0.445312 0.491667 0.446875 0.487500 0.450000 0.487500 0.451562 0.491667 0.459375 0.491667 0.459375 0.475000 0.460938 0.472917 0.459375 0.470833 0.459375 0.466667 0.445312 0.466667
13 0.353125 0.452083 0.351562 0.458333 0.351562 0.475000 0.353125 0.472917 0.351562 0.470833 0.356250 0.464583 0.360938 0.464583 0.364063 0.468750 0.373437 0.470833 0.376563 0.481250 0.382812 0.481250 0.384375 0.475000 0.382812 0.472917 0.382812 0.462500 0.379688 0.456250 0.365625 0.456250 0.364063 0.454167