0 0.000000 0.750000 0.000000 0.997917 0.998437 0.997917 0.998437 0.779167 0.582812 0.552083 0.650000 0.529167 0.412500 0.479167
1 0.584375 0.550000 0.998437 0.777083 0.996875 0.658333 0.650000 0.539583
1 0.456250 0.497917 0.510938 0.516667 0.648438 0.527083 0.646875 0.518750 0.578125 0.518750
1 0.396875 0.479167 0.285938 0.508333 0.200000 0.504167 0.187500 0.522917 0.054688 0.518750 0.050000 0.566667 0.000000 0.556250 0.000000 0.747917
2 0.482812 0.404167 0.476562 0.404167 0.475000 0.410417 0.468750 0.412500 0.465625 0.420833 0.462500 0.416667 0.459375 0.420833 0.450000 0.420833 0.448437 0.439583 0.445312 0.447917 0.446875 0.458333 0.454688 0.460417 0.454688 0.452083 0.459375 0.445833 0.470313 0.439583 0.473438 0.427083 0.479687 0.418750 0.485938 0.427083 0.485938 0.410417
2 0.328125 0.383333 0.334375 0.391667 0.334375 0.412500 0.315625 0.447917 0.329688 0.435417 0.348438 0.435417 0.354687 0.441667 0.356250 0.487500 0.378125 0.485417 0.368750 0.464583 0.381250 0.460417 0.387500 0.450000 0.379688 0.425000 0.353125 0.404167 0.350000 0.393750 0.340625 0.391667 0.339062 0.383333
2 0.626563 0.362500 0.589063 0.358333 0.585938 0.347917 0.576562 0.356250 0.534375 0.352083 0.525000 0.385417 0.492188 0.385417 0.489063 0.464583 0.504687 0.458333 0.503125 0.414583 0.515625 0.420833 0.507812 0.462500 0.548438 0.439583 0.578125 0.454167 0.581250 0.416667 0.625000 0.391667
2 0.190625 0.258333 0.190625 0.293750 0.175000 0.316667 0.184375 0.360417 0.146875 0.368750 0.142187 0.418750 0.192188 0.425000 0.201563 0.447917 0.309375 0.447917 0.292187 0.393750 0.312500 0.358333 0.193750 0.331250 0.190625 0.314583 0.218750 0.297917
2 0.000000 0.000000 0.000000 0.412500 0.137500 0.420833 0.137500 0.368750 0.098437 0.320833 0.087500 0.245833 0.148438 0.212500 0.010937 0.037500
4 0.534375 0.479167 0.534375 0.508333 0.576562 0.512500 0.578125 0.479167
4 0.650000 0.483333 0.646875 0.477083 0.582812 0.479167 0.581250 0.512500 0.603125 0.516667 0.648438 0.516667
4 0.998437 0.450000 0.746875 0.458333 0.729688 0.520833 0.709375 0.477083 0.695312 0.477083 0.690625 0.562500 0.998437 0.658333
4 0.000000 0.414583 0.000000 0.554167 0.042188 0.564583 0.054688 0.516667 0.187500 0.520833 0.192188 0.481250 0.198437 0.510417 0.314063 0.491667 0.306250 0.458333 0.201563 0.450000 0.192188 0.427083
8 0.579688 0.435417 0.578125 0.456250 0.570312 0.456250 0.568750 0.450000 0.548438 0.441667 0.534375 0.454167 0.507812 0.464583 0.506250 0.495833 0.510938 0.475000 0.514062 0.491667 0.528125 0.491667 0.531250 0.477083 0.578125 0.477083
8 0.326562 0.439583 0.321875 0.447917 0.334375 0.452083 0.342187 0.466667 0.340625 0.491667 0.353125 0.491667 0.356250 0.479167 0.356250 0.462500 0.353125 0.460417 0.354687 0.452083 0.353125 0.441667 0.342187 0.435417
8 0.481250 0.420833 0.475000 0.427083 0.470313 0.441667 0.456250 0.452083 0.460938 0.491667 0.465625 0.495833 0.470313 0.491667 0.471875 0.477083 0.475000 0.479167 0.475000 0.495833 0.478125 0.485417 0.479687 0.495833 0.482812 0.495833 0.482812 0.452083 0.485938 0.450000 0.485938 0.429167
8 0.446875 0.425000 0.442188 0.416667 0.414062 0.416667 0.412500 0.427083 0.404687 0.431250 0.401562 0.452083 0.392188 0.456250 0.385937 0.452083 0.381250 0.462500 0.370312 0.464583 0.375000 0.481250 0.385937 0.483333 0.396875 0.477083 0.401562 0.466667 0.407813 0.466667 0.412500 0.477083 0.425000 0.477083 0.428125 0.464583 0.445312 0.458333
8 0.320312 0.350000 0.314063 0.352083 0.312500 0.364583 0.293750 0.393750 0.295312 0.412500 0.300000 0.416667 0.301563 0.431250 0.310937 0.447917 0.314063 0.447917 0.314063 0.441667 0.321875 0.429167 0.325000 0.429167 0.332813 0.412500 0.332813 0.391667 0.326562 0.383333
8 0.176563 0.181250 0.146875 0.187500 0.146875 0.216667 0.128125 0.212500 0.089063 0.245833 0.107813 0.310417 0.100000 0.320833 0.139063 0.368750 0.139063 0.420833 0.145313 0.368750 0.182812 0.360417 0.173437 0.316667 0.189062 0.293750 0.189062 0.258333 0.212500 0.237500 0.187500 0.229167 0.170313 0.243750 0.162500 0.222917 0.182812 0.202083
8 0.632812 0.077083 0.648438 0.139583 0.601562 0.195833 0.628125 0.389583 0.582812 0.477083 0.646875 0.475000 0.651563 0.543750 0.689063 0.560417 0.695312 0.475000 0.729688 0.518750 0.746875 0.456250 0.998437 0.447917 0.989062 0.035417 0.960938 0.112500 0.915625 0.095833 0.904687 0.129167 0.865625 0.000000 0.692187 0.000000 0.704688 0.100000
10 0.860938 0.037500 0.868750 0.047917 0.885938 0.039583 0.882812 0.087500 0.904687 0.093750 0.898438 0.127083 0.910937 0.122917 0.906250 0.102083 0.915625 0.093750 0.942187 0.095833 0.960938 0.110417 0.975000 0.052083 0.989062 0.033333 0.998437 0.054167 0.998437 0.000000 0.867188 0.000000
10 0.007812 0.012500 0.140625 0.195833 0.182812 0.183333 0.164062 0.222917 0.209375 0.231250 0.220312 0.297917 0.195312 0.329167 0.320312 0.347917 0.387500 0.454167 0.465625 0.418750 0.467187 0.339583 0.470313 0.410417 0.534375 0.350000 0.623437 0.360417 0.600000 0.195833 0.646875 0.139583 0.631250 0.077083 0.692187 0.104167 0.712500 0.066667 0.690625 0.000000
13 0.428125 0.466667 0.425000 0.479167 0.425000 0.491667 0.428125 0.491667 0.432812 0.497917 0.435937 0.495833 0.446875 0.495833 0.454688 0.500000 0.457813 0.491667 0.457813 0.464583 0.453125 0.460417 0.435937 0.460417 0.432812 0.466667
13 0.250000 0.445833 0.312500 0.460417 0.315625 0.491667 0.323437 0.491667 0.326562 0.454167 0.328125 0.491667 0.340625 0.487500 0.340625 0.466667 0.334375 0.454167 0.289062 0.452083 0.275000 0.443750