0 0.000000 0.664583 0.000000 0.997917 0.998437 0.997917 0.996875 0.843750 0.629687 0.612500 0.723437 0.533333 0.359375 0.475000
1 0.628125 0.587500 0.634375 0.616667 0.998437 0.845833 0.993750 0.670833 0.728125 0.593750 0.723437 0.550000
1 0.406250 0.493750 0.435937 0.516667 0.493750 0.527083 0.723437 0.531250 0.720313 0.518750 0.462500 0.514583 0.460938 0.504167
1 0.342187 0.477083 0.135937 0.531250 0.000000 0.539583 0.000000 0.662500
2 0.439063 0.393750 0.428125 0.393750 0.428125 0.402083 0.418750 0.404167 0.415625 0.414583 0.412500 0.410417 0.410938 0.414583 0.398438 0.414583 0.396875 0.454167 0.404687 0.454167 0.406250 0.443750 0.410938 0.439583 0.418750 0.439583 0.420312 0.431250 0.429688 0.414583 0.434375 0.414583 0.439063 0.420833
2 0.248438 0.368750 0.254688 0.385417 0.253125 0.400000 0.232813 0.443750 0.239063 0.445833 0.246875 0.425000 0.267188 0.425000 0.284375 0.435417 0.281250 0.460417 0.328125 0.460417 0.331250 0.435417 0.320312 0.414583 0.310937 0.414583 0.301563 0.397917 0.289062 0.395833 0.287500 0.385417 0.273438 0.383333 0.270313 0.370833
2 0.650000 0.400000 0.631250 0.343750 0.493750 0.327083 0.485938 0.366667 0.446875 0.368750 0.443750 0.458333 0.462500 0.456250 0.460938 0.395833 0.476562 0.400000 0.468750 0.454167 0.489063 0.447917 0.509375 0.412500 0.545312 0.443750 0.553125 0.400000 0.581250 0.377083 0.623437 0.410417 0.625000 0.439583
2 0.000000 0.158333 0.001563 0.443750 0.101562 0.445833 0.123438 0.422917 0.185938 0.454167 0.223438 0.443750 0.201563 0.393750 0.221875 0.337500 0.071875 0.304167 0.092188 0.387500 0.031250 0.379167 0.046875 0.304167 0.014063 0.295833 0.014063 0.252083 0.062500 0.233333
3 0.878125 0.575000 0.868750 0.620833 0.868750 0.637500 0.906250 0.647917 0.914062 0.654167 0.929688 0.652083 0.918750 0.604167 0.893750 0.597917
4 0.998437 0.516667 0.992188 0.570833 0.979688 0.593750 0.982812 0.614583 0.976562 0.643750 0.981250 0.664583 0.998437 0.672917
4 0.446875 0.472917 0.442188 0.483333 0.442188 0.497917 0.445312 0.500000 0.445312 0.487500 0.446875 0.485417 0.448437 0.487500 0.448437 0.502083 0.460938 0.502083 0.462500 0.472917 0.457813 0.472917 0.456250 0.475000 0.448437 0.475000
4 0.879687 0.477083 0.875000 0.579167 0.878125 0.572917 0.893750 0.595833 0.918750 0.602083 0.931250 0.652083 0.942187 0.631250 0.939063 0.535417 0.925000 0.512500 0.928125 0.477083 0.925000 0.470833
4 0.465625 0.479167 0.464062 0.506250 0.470313 0.506250 0.473438 0.470833 0.473438 0.508333 0.537500 0.516667 0.560937 0.512500 0.560937 0.475000 0.471875 0.470833
4 0.723437 0.466667 0.715625 0.458333 0.710938 0.472917 0.700000 0.477083 0.654687 0.470833 0.642188 0.477083 0.565625 0.475000 0.565625 0.516667 0.720313 0.516667
4 0.000000 0.443750 0.000000 0.537500 0.085938 0.537500 0.206250 0.506250 0.204687 0.462500
7 0.460938 0.397917 0.460938 0.422917 0.475000 0.422917 0.475000 0.400000 0.473438 0.400000 0.471875 0.397917
8 0.242188 0.431250 0.240625 0.445833 0.253125 0.450000 0.260937 0.464583 0.262500 0.487500 0.257812 0.493750 0.275000 0.495833 0.285938 0.491667 0.287500 0.464583 0.278125 0.458333 0.282813 0.435417 0.267188 0.427083 0.246875 0.427083
8 0.434375 0.416667 0.428125 0.418750 0.418750 0.441667 0.406250 0.445833 0.406250 0.458333 0.409375 0.460417 0.409375 0.470833 0.414062 0.475000 0.414062 0.487500 0.417187 0.491667 0.418750 0.479167 0.425000 0.472917 0.428125 0.475000 0.428125 0.491667 0.431250 0.472917 0.435937 0.483333 0.439063 0.422917
8 0.396875 0.418750 0.390625 0.410417 0.365625 0.410417 0.359375 0.414583 0.357812 0.427083 0.351562 0.427083 0.348438 0.447917 0.331250 0.452083 0.328125 0.462500 0.309375 0.458333 0.290625 0.464583 0.306250 0.466667 0.314063 0.487500 0.342187 0.475000 0.346875 0.464583 0.368750 0.475000 0.381250 0.454167 0.395313 0.454167
8 0.564063 0.389583 0.545312 0.425000 0.545312 0.445833 0.539062 0.445833 0.523438 0.420833 0.503125 0.416667 0.496875 0.425000 0.498437 0.435417 0.490625 0.435417 0.489063 0.450000 0.467187 0.458333 0.467187 0.472917 0.489063 0.470833 0.481250 0.466667 0.487500 0.456250 0.528125 0.470833 0.546875 0.447917 0.562500 0.447917
8 0.235937 0.327083 0.234375 0.331250 0.228125 0.327083 0.226562 0.345833 0.210938 0.362500 0.203125 0.379167 0.206250 0.404167 0.225000 0.443750 0.231250 0.443750 0.231250 0.435417 0.248438 0.412500 0.253125 0.391667
8 0.057813 0.260417 0.046875 0.287500 0.048438 0.306250 0.031250 0.354167 0.031250 0.377083 0.089063 0.389583 0.092188 0.375000 0.079687 0.341667 0.075000 0.312500 0.062500 0.287500
8 0.679688 0.000000 0.617188 0.241667 0.656250 0.233333 0.690625 0.391667 0.625000 0.441667 0.581250 0.379167 0.567187 0.447917 0.720313 0.458333 0.728125 0.591667 0.862500 0.635417 0.876563 0.479167 0.925000 0.468750 0.928125 0.654167 0.982812 0.668750 0.998437 0.000000
9 0.567187 0.450000 0.565625 0.472917 0.634375 0.475000 0.637500 0.470833 0.632812 0.468750 0.628125 0.472917 0.612500 0.468750
9 0.562500 0.450000 0.546875 0.450000 0.545312 0.456250 0.528125 0.472917 0.518750 0.472917 0.510938 0.468750 0.506250 0.460417 0.493750 0.458333 0.484375 0.460417 0.482812 0.466667 0.501563 0.472917 0.559375 0.475000
10 0.000000 0.000000 0.000000 0.156250 0.064062 0.233333 0.017188 0.297917 0.059375 0.258333 0.078125 0.306250 0.235937 0.325000 0.332813 0.450000 0.415625 0.412500 0.417187 0.318750 0.420312 0.402083 0.545312 0.322917 0.689063 0.391667 0.654687 0.233333 0.615625 0.241667 0.678125 0.000000
13 0.373437 0.464583 0.373437 0.470833 0.370312 0.472917 0.370312 0.495833 0.375000 0.495833 0.379688 0.500000 0.382812 0.495833 0.396875 0.495833 0.398438 0.500000 0.404687 0.502083 0.404687 0.493750 0.407813 0.491667 0.407813 0.460417 0.404687 0.456250 0.381250 0.456250 0.378125 0.462500
13 0.103125 0.445833 0.204687 0.460417 0.207813 0.502083 0.229687 0.495833 0.232813 0.452083 0.234375 0.497917 0.260937 0.487500 0.259375 0.464583 0.248438 0.447917 0.206250 0.445833 0.185938 0.456250 0.160938 0.437500 0.139063 0.435417