0 0.000000 0.789583 0.000000 0.997917 0.998437 0.997917 0.996875 0.791667 0.564063 0.529167 0.610938 0.518750 0.451562 0.475000
1 0.487500 0.491667 0.610938 0.516667 0.565625 0.529167 0.998437 0.791667 0.992188 0.660417 0.610938 0.512500
1 0.434375 0.477083 0.262500 0.510417 0.050000 0.504167 0.081250 0.562500 0.000000 0.587500 0.000000 0.787500
2 0.381250 0.385417 0.381250 0.422917 0.367188 0.445833 0.373437 0.445833 0.382812 0.431250 0.393750 0.431250 0.401562 0.441667 0.401562 0.481250 0.418750 0.481250 0.415625 0.460417 0.435937 0.454167 0.437500 0.447917 0.423438 0.452083 0.417187 0.420833 0.409375 0.418750 0.395313 0.402083 0.395313 0.395833 0.385937 0.395833
2 0.595313 0.372917 0.557813 0.364583 0.551562 0.393750 0.525000 0.389583 0.520312 0.408333 0.484375 0.422917 0.479687 0.458333 0.489063 0.464583 0.489063 0.487500 0.489063 0.450000 0.509375 0.422917 0.520312 0.439583 0.521875 0.427083 0.534375 0.427083 0.534375 0.443750 0.520312 0.445833 0.517188 0.464583 0.525000 0.450000 0.526563 0.464583 0.568750 0.443750 0.585938 0.454167 0.587500 0.439583 0.593750 0.460417 0.603125 0.402083
2 0.273438 0.404167 0.273438 0.427083 0.312500 0.431250 0.315625 0.443750 0.332813 0.437500 0.360938 0.445833 0.350000 0.418750 0.348438 0.400000 0.364063 0.364583 0.300000 0.354167 0.292187 0.383333
2 0.000000 0.000000 0.000000 0.447917 0.051562 0.454167 0.062500 0.420833 0.270313 0.427083 0.237500 0.331250 0.246875 0.291667 0.270313 0.285417 0.170313 0.145833 0.159375 0.083333 0.151562 0.125000 0.051562 0.000000
4 0.554688 0.485417 0.554688 0.502083 0.557813 0.502083 0.559375 0.506250 0.579688 0.506250 0.581250 0.508333 0.582812 0.483333 0.581250 0.483333 0.579688 0.479167 0.559375 0.479167 0.559375 0.481250
4 0.614062 0.477083 0.610938 0.479167 0.596875 0.479167 0.595313 0.483333 0.593750 0.483333 0.592187 0.479167 0.589063 0.479167 0.587500 0.483333 0.585938 0.508333 0.598437 0.508333 0.600000 0.510417 0.610938 0.510417 0.614062 0.512500
4 0.632812 0.479167 0.634375 0.535417 0.998437 0.662500 0.998437 0.470833
4 0.057813 0.435417 0.065625 0.481250 0.098437 0.495833 0.262500 0.508333 0.318750 0.487500 0.371875 0.487500 0.371875 0.458333 0.315625 0.445833 0.312500 0.433333 0.109375 0.416667 0.062500 0.422917
8 0.000000 0.450000 0.000000 0.585417 0.056250 0.575000 0.079687 0.562500 0.067187 0.535417 0.043750 0.512500 0.050000 0.502083 0.076563 0.493750 0.064062 0.481250 0.060937 0.456250
8 0.584375 0.456250 0.575000 0.445833 0.568750 0.445833 0.553125 0.460417 0.526563 0.466667 0.526563 0.500000 0.529687 0.500000 0.531250 0.472917 0.534375 0.475000 0.535937 0.502083 0.545312 0.502083 0.546875 0.477083 0.550000 0.479167 0.548438 0.502083 0.553125 0.502083 0.553125 0.485417 0.559375 0.477083 0.579688 0.477083 0.582812 0.481250
8 0.382812 0.433333 0.375000 0.441667 0.375000 0.445833 0.379688 0.445833 0.389062 0.458333 0.390625 0.466667 0.389062 0.483333 0.396875 0.483333 0.400000 0.481250 0.400000 0.462500 0.398438 0.460417 0.400000 0.441667 0.393750 0.433333
8 0.509375 0.425000 0.500000 0.443750 0.490625 0.450000 0.492188 0.475000 0.495312 0.477083 0.495312 0.489583 0.496875 0.479167 0.501563 0.475000 0.503125 0.491667 0.504687 0.483333 0.507812 0.483333 0.507812 0.495833 0.512500 0.431250
8 0.476562 0.416667 0.465625 0.416667 0.464062 0.420833 0.462500 0.416667 0.448437 0.416667 0.446875 0.425000 0.440625 0.431250 0.437500 0.454167 0.417187 0.460417 0.418750 0.475000 0.434375 0.475000 0.437500 0.464583 0.443750 0.464583 0.446875 0.472917 0.459375 0.475000 0.462500 0.462500 0.478125 0.458333 0.481250 0.427083
8 0.371875 0.364583 0.365625 0.364583 0.365625 0.370833 0.357812 0.379167 0.350000 0.400000 0.351562 0.418750 0.354687 0.420833 0.354687 0.429167 0.362500 0.445833 0.365625 0.445833 0.367188 0.437500 0.379688 0.422917 0.381250 0.414583 0.381250 0.391667 0.379688 0.385417 0.371875 0.377083
8 0.296875 0.266667 0.279687 0.270833 0.275000 0.287500 0.270313 0.281250 0.270313 0.289583 0.248438 0.291667 0.239063 0.306250 0.239063 0.331250 0.250000 0.350000 0.246875 0.360417 0.268750 0.383333 0.271875 0.427083 0.271875 0.404167 0.290625 0.383333 0.298438 0.350000 0.309375 0.343750 0.306250 0.312500 0.317188 0.304167 0.304688 0.300000 0.295312 0.310417 0.287500 0.300000 0.298438 0.279167
8 0.998437 0.000000 0.945312 0.022917 0.907813 0.187500 0.768750 0.222917 0.764062 0.258333 0.740625 0.162500 0.712500 0.175000 0.701562 0.122917 0.671875 0.166667 0.668750 0.104167 0.640625 0.125000 0.635938 0.216667 0.581250 0.287500 0.589063 0.477083 0.618750 0.527083 0.659375 0.466667 0.998437 0.468750
10 0.053125 0.002083 0.428125 0.452083 0.496875 0.418750 0.500000 0.350000 0.501563 0.414583 0.595313 0.370833 0.642188 0.120833 0.740625 0.160417 0.764062 0.256250 0.907813 0.185417 0.967187 0.000000
13 0.462500 0.464583 0.459375 0.477083 0.459375 0.487500 0.462500 0.487500 0.464062 0.491667 0.481250 0.491667 0.482812 0.495833 0.485938 0.495833 0.487500 0.489583 0.487500 0.464583 0.482812 0.460417 0.468750 0.460417 0.465625 0.464583
13 0.320312 0.443750 0.331250 0.450000 0.371875 0.456250 0.373437 0.481250 0.387500 0.483333 0.387500 0.458333 0.379688 0.447917 0.351562 0.447917 0.332813 0.439583