0 0.000000 0.722917 0.000000 0.997917 0.998437 0.997917 0.998437 0.793750 0.598437 0.568750 0.667188 0.531250 0.403125 0.477083
1 0.600000 0.556250 0.618750 0.585417 0.998437 0.791667 0.998437 0.664583 0.667188 0.545833
1 0.448437 0.493750 0.495312 0.516667 0.667188 0.529167 0.664062 0.520833 0.578125 0.518750
1 0.387500 0.477083 0.268750 0.508333 0.146875 0.508333 0.137500 0.529167 0.000000 0.527083 0.000000 0.720833
2 0.479687 0.404167 0.468750 0.400000 0.465625 0.408333 0.459375 0.410417 0.456250 0.420833 0.454688 0.416667 0.440625 0.418750 0.437500 0.456250 0.446875 0.458333 0.448437 0.445833 0.462500 0.439583 0.465625 0.425000 0.471875 0.414583 0.478125 0.425000
2 0.314063 0.375000 0.318750 0.412500 0.300000 0.443750 0.309375 0.445833 0.323437 0.425000 0.343750 0.439583 0.343750 0.487500 0.365625 0.485417 0.354687 0.462500 0.381250 0.454167 0.375000 0.431250 0.356250 0.406250 0.343750 0.402083 0.340625 0.389583
2 0.659375 0.416667 0.637500 0.385417 0.639062 0.360417 0.585938 0.354167 0.584375 0.343750 0.528125 0.345833 0.517188 0.383333 0.487500 0.379167 0.482812 0.462500 0.498437 0.460417 0.498437 0.435417 0.489063 0.443750 0.496875 0.410417 0.510938 0.414583 0.501563 0.460417 0.545312 0.433333 0.576562 0.454167 0.582812 0.408333 0.607812 0.389583 0.626563 0.393750 0.653125 0.435417
2 0.121875 0.195833 0.148438 0.260417 0.125000 0.295833 0.151562 0.310417 0.125000 0.322917 0.146875 0.350000 0.093750 0.341667 0.084375 0.408333 0.146875 0.418750 0.150000 0.443750 0.292187 0.443750 0.278125 0.393750 0.295312 0.352083 0.225000 0.343750 0.218750 0.327083 0.162500 0.333333 0.160938 0.297917 0.190625 0.279167
2 0.000000 0.195833 0.000000 0.402083 0.079687 0.408333 0.076563 0.343750 0.053125 0.302083 0.040625 0.297917 0.029687 0.254167 0.017188 0.245833 0.010937 0.202083
2 0.000000 0.039583 0.000000 0.191667 0.060937 0.191667 0.071875 0.177083 0.087500 0.172917 0.087500 0.150000
3 0.231250 0.508333 0.228125 0.508333 0.223438 0.502083 0.223438 0.495833 0.215625 0.493750 0.170313 0.495833 0.168750 0.500000 0.159375 0.504167
4 0.667188 0.481250 0.664062 0.477083 0.584375 0.479167 0.581250 0.512500 0.612500 0.518750 0.664062 0.518750
4 0.507812 0.479167 0.507812 0.506250 0.576562 0.514583 0.579688 0.479167
4 0.496875 0.477083 0.495312 0.479167 0.487500 0.479167 0.487500 0.481250 0.485938 0.483333 0.481250 0.483333 0.481250 0.485417 0.479687 0.487500 0.479687 0.497917 0.482812 0.497917 0.484375 0.500000 0.489063 0.500000 0.490625 0.502083 0.495312 0.502083 0.496875 0.500000
4 0.451562 0.472917 0.451562 0.491667 0.459375 0.491667 0.460938 0.495833 0.476562 0.495833 0.476562 0.483333 0.473438 0.481250 0.471875 0.472917 0.471875 0.481250 0.470313 0.483333 0.467187 0.481250 0.467187 0.475000 0.456250 0.475000 0.454688 0.472917
4 0.998437 0.447917 0.798438 0.454167 0.767188 0.539583 0.750000 0.477083 0.731250 0.477083 0.717187 0.570833 0.998437 0.662500
4 0.000000 0.404167 0.000000 0.525000 0.137500 0.527083 0.170313 0.493750 0.215625 0.491667 0.232813 0.508333 0.293750 0.500000 0.293750 0.458333 0.223438 0.441667 0.150000 0.445833 0.135937 0.416667
8 0.323437 0.427083 0.321875 0.431250 0.317188 0.431250 0.314063 0.439583 0.310937 0.439583 0.310937 0.445833 0.318750 0.447917 0.326562 0.462500 0.325000 0.491667 0.335938 0.491667 0.337500 0.487500 0.342187 0.487500 0.342187 0.479167 0.345313 0.477083 0.345313 0.466667 0.340625 0.460417 0.342187 0.439583 0.334375 0.431250
8 0.471875 0.416667 0.467187 0.425000 0.464062 0.439583 0.457813 0.445833 0.448437 0.447917 0.448437 0.458333 0.451562 0.460417 0.451562 0.470833 0.467187 0.472917 0.468750 0.481250 0.471875 0.470833 0.476562 0.481250 0.478125 0.427083
8 0.439063 0.422917 0.434375 0.414583 0.404687 0.414583 0.403125 0.425000 0.395313 0.429167 0.396875 0.445833 0.393750 0.452083 0.382812 0.452083 0.373437 0.462500 0.364063 0.458333 0.356250 0.464583 0.368750 0.483333 0.385937 0.477083 0.392188 0.464583 0.400000 0.464583 0.403125 0.475000 0.415625 0.475000 0.428125 0.454167 0.435937 0.454167
8 0.306250 0.343750 0.300000 0.343750 0.296875 0.354167 0.287500 0.364583 0.279687 0.393750 0.281250 0.414583 0.293750 0.443750 0.298438 0.443750 0.303125 0.431250 0.317188 0.412500 0.318750 0.402083 0.317188 0.385417 0.312500 0.377083 0.310937 0.364583 0.306250 0.360417
8 0.129688 0.204167 0.140625 0.216667 0.145313 0.216667 0.146875 0.220833 0.156250 0.210417 0.160938 0.210417 0.168750 0.200000 0.156250 0.193750 0.150000 0.197917 0.145313 0.189583 0.140625 0.189583 0.139063 0.197917 0.137500 0.200000 0.135937 0.197917 0.137500 0.200000 0.132812 0.206250 0.131250 0.202083
8 0.125000 0.135417 0.089063 0.139583 0.092188 0.168750 0.060937 0.193750 0.000000 0.193750 0.042188 0.297917 0.078125 0.343750 0.081250 0.408333 0.093750 0.339583 0.145313 0.350000 0.123438 0.322917 0.150000 0.310417 0.123438 0.295833 0.146875 0.262500 0.114062 0.164583 0.132812 0.160417
8 0.996875 0.010417 0.753125 0.000000 0.706250 0.052083 0.659375 0.004167 0.682813 0.054167 0.615625 0.154167 0.639062 0.185417 0.609375 0.308333 0.660937 0.422917 0.607812 0.391667 0.584375 0.456250 0.664062 0.456250 0.671875 0.556250 0.715625 0.570833 0.731250 0.475000 0.767188 0.537500 0.798438 0.452083 0.998437 0.445833
9 0.584375 0.458333 0.584375 0.477083 0.664062 0.475000 0.667188 0.479167 0.668750 0.475000 0.664062 0.458333
9 0.521875 0.458333 0.521875 0.475000 0.579688 0.477083 0.579688 0.456250 0.546875 0.452083 0.542188 0.447917
10 0.968750 0.000000 0.978125 0.008333 0.990625 0.006250 0.998437 0.010417 0.996875 0.020833 0.984375 0.035417 0.989062 0.054167 0.992188 0.054167 0.998437 0.047917 0.998437 0.000000
10 0.085938 0.147917 0.132812 0.137500 0.117188 0.183333 0.168750 0.197917 0.192188 0.279167 0.171875 0.320833 0.306250 0.341667 0.382812 0.450000 0.456250 0.418750 0.460938 0.331250 0.462500 0.406250 0.528125 0.343750 0.639062 0.358333 0.614062 0.154167 0.681250 0.054167 0.656250 0.006250 0.718750 0.050000 0.751563 0.000000 0.000000 0.000000
13 0.420312 0.464583 0.417187 0.470833 0.417187 0.491667 0.420312 0.491667 0.421875 0.495833 0.428125 0.495833 0.429688 0.491667 0.431250 0.495833 0.446875 0.497917 0.446875 0.493750 0.450000 0.491667 0.450000 0.460417 0.428125 0.456250 0.423438 0.464583
13 0.225000 0.441667 0.262500 0.454167 0.293750 0.456250 0.295312 0.491667 0.306250 0.491667 0.309375 0.452083 0.312500 0.491667 0.325000 0.485417 0.325000 0.462500 0.314063 0.447917 0.271875 0.450000 0.253125 0.439583