0 0.000000 0.633333 0.000000 0.997917 0.998437 0.997917 0.996875 0.885417 0.654687 0.641667 0.754687 0.531250 0.467187 0.531250 0.337500 0.475000
1 0.651563 0.602083 0.656250 0.641667 0.729688 0.710417 0.998437 0.885417 0.998437 0.697917 0.765625 0.618750 0.768750 0.550000
1 0.382812 0.502083 0.467187 0.529167 0.754687 0.527083 0.723437 0.512500 0.443750 0.516667 0.442188 0.504167 0.387500 0.489583
1 0.318750 0.477083 0.243750 0.500000 0.170313 0.500000 0.139063 0.525000 0.000000 0.552083 0.000000 0.631250
2 0.418750 0.389583 0.407813 0.389583 0.407813 0.397917 0.398438 0.400000 0.396875 0.410417 0.379688 0.410417 0.378125 0.422917 0.381250 0.425000 0.381250 0.441667 0.378125 0.445833 0.384375 0.456250 0.385937 0.472917 0.387500 0.443750 0.403125 0.427083 0.404687 0.412500 0.412500 0.402083 0.415625 0.412500 0.418750 0.412500
2 0.212500 0.362500 0.217188 0.397917 0.193750 0.443750 0.210938 0.425000 0.235937 0.422917 0.250000 0.431250 0.256250 0.493750 0.293750 0.485417 0.273438 0.462500 0.293750 0.458333 0.303125 0.470833 0.307812 0.427083 0.298438 0.412500 0.264062 0.393750 0.259375 0.379167 0.243750 0.379167 0.240625 0.364583
2 0.639062 0.395833 0.618750 0.337500 0.476562 0.318750 0.468750 0.362500 0.428125 0.362500 0.421875 0.454167 0.445312 0.450000 0.440625 0.387500 0.459375 0.389583 0.448437 0.454167 0.473438 0.443750 0.492188 0.404167 0.532813 0.439583 0.537500 0.395833 0.559375 0.372917 0.590625 0.372917 0.615625 0.422917
2 0.004687 0.270833 0.037500 0.379167 0.028125 0.393750 0.000000 0.381250 0.000000 0.433333 0.046875 0.397917 0.095312 0.408333 0.100000 0.435417 0.132812 0.456250 0.182812 0.441667 0.160938 0.375000 0.181250 0.331250 0.100000 0.320833 0.090625 0.300000 0.023438 0.295833 0.015625 0.270833
4 0.448437 0.470833 0.446875 0.506250 0.551562 0.516667 0.553125 0.470833
4 0.443750 0.470833 0.421875 0.472917 0.420312 0.479167 0.418750 0.472917 0.403125 0.472917 0.401562 0.483333 0.396875 0.489583 0.392188 0.477083 0.393750 0.475000 0.390625 0.472917 0.390625 0.481250 0.385937 0.487500 0.389062 0.491667 0.403125 0.491667 0.404687 0.495833 0.443750 0.502083
4 0.723437 0.504167 0.715625 0.468750 0.557813 0.470833 0.556250 0.516667 0.700000 0.514583 0.703125 0.470833 0.709375 0.472917 0.709375 0.514583
4 0.254688 0.466667 0.251563 0.472917 0.250000 0.470833 0.242188 0.477083 0.231250 0.477083 0.229687 0.475000 0.225000 0.477083 0.226562 0.481250 0.225000 0.493750 0.212500 0.500000 0.243750 0.497917 0.254688 0.493750 0.256250 0.487500 0.254688 0.485417
4 0.000000 0.445833 0.000000 0.550000 0.148438 0.516667 0.145313 0.464583
7 0.440625 0.389583 0.440625 0.414583 0.445312 0.414583 0.446875 0.416667 0.457813 0.418750 0.457813 0.389583
8 0.201563 0.437500 0.201563 0.443750 0.212500 0.445833 0.221875 0.458333 0.225000 0.475000 0.242188 0.475000 0.250000 0.468750 0.251563 0.470833 0.251563 0.466667 0.246875 0.462500 0.248438 0.431250 0.242188 0.431250 0.235937 0.425000 0.210938 0.427083 0.203125 0.439583
8 0.379688 0.425000 0.368750 0.406250 0.339062 0.410417 0.339062 0.422917 0.331250 0.425000 0.332813 0.441667 0.317188 0.452083 0.309375 0.441667 0.303125 0.472917 0.293750 0.460417 0.275000 0.462500 0.287500 0.481250 0.292187 0.475000 0.296875 0.483333 0.318750 0.475000 0.325000 0.464583 0.346875 0.472917 0.357812 0.450000 0.379688 0.450000
8 0.412500 0.404167 0.406250 0.412500 0.404687 0.427083 0.389062 0.443750 0.385937 0.485417 0.390625 0.470833 0.395313 0.475000 0.396875 0.487500 0.403125 0.470833 0.418750 0.470833 0.418750 0.414583 0.414062 0.412500
8 0.557813 0.381250 0.539062 0.395833 0.532813 0.441667 0.521875 0.437500 0.517188 0.416667 0.492188 0.406250 0.482812 0.416667 0.479687 0.433333 0.475000 0.431250 0.475000 0.443750 0.448437 0.456250 0.448437 0.468750 0.553125 0.468750
8 0.189062 0.316667 0.187500 0.325000 0.170313 0.343750 0.162500 0.375000 0.165625 0.402083 0.184375 0.441667 0.192188 0.443750 0.195312 0.431250 0.215625 0.397917 0.215625 0.372917 0.200000 0.320833
8 0.000000 0.252083 0.000000 0.379167 0.028125 0.391667 0.034375 0.385417 0.034375 0.368750 0.028125 0.358333 0.025000 0.325000 0.012500 0.285417 0.004687 0.277083
8 0.684375 0.000000 0.631250 0.187500 0.679688 0.170833 0.700000 0.343750 0.618750 0.425000 0.571875 0.375000 0.557813 0.468750 0.723437 0.477083 0.751563 0.370833 0.760938 0.610417 0.990625 0.693750 0.998437 0.000000
10 0.000000 0.000000 0.018750 0.291667 0.200000 0.318750 0.312500 0.450000 0.395313 0.408333 0.396875 0.308333 0.398438 0.397917 0.476562 0.316667 0.618750 0.335417 0.640625 0.397917 0.698438 0.343750 0.678125 0.170833 0.629687 0.187500 0.682813 0.000000
13 0.357812 0.452083 0.350000 0.462500 0.346875 0.487500 0.348438 0.491667 0.351562 0.491667 0.354687 0.500000 0.365625 0.493750 0.373437 0.495833 0.378125 0.502083 0.381250 0.502083 0.385937 0.479167 0.382812 0.456250 0.379688 0.452083
13 0.035937 0.445833 0.145313 0.462500 0.148438 0.512500 0.184375 0.497917 0.185938 0.450000 0.189062 0.497917 0.225000 0.489583 0.220312 0.458333 0.204687 0.445833 0.156250 0.445833 0.137500 0.458333 0.106250 0.437500 0.076563 0.433333
14 0.000000 0.443750 0.034375 0.445833 0.040625 0.435417 0.065625 0.431250 0.098437 0.435417 0.098437 0.427083 0.095312 0.425000 0.095312 0.410417 0.087500 0.406250 0.070312 0.408333 0.043750 0.400000 0.042188 0.404167 0.029687 0.404167 0.029687 0.412500 0.000000 0.435417
14 0.732812 0.375000 0.721875 0.502083 0.726562 0.516667 0.743750 0.522917 0.750000 0.518750 0.759375 0.537500 0.775000 0.516667 0.775000 0.456250 0.762500 0.412500 0.764062 0.400000 0.750000 0.379167 0.751563 0.372917