0 0.000000 0.620833 0.000000 0.997917 0.998437 0.997917 0.996875 0.906250 0.667188 0.662500 0.665625 0.591667 0.787500 0.531250 0.442188 0.529167 0.326562 0.472917
1 0.659375 0.602083 0.675000 0.670833 0.998437 0.906250 0.998437 0.687500 0.800000 0.629167 0.784375 0.600000 0.790625 0.554167
1 0.367188 0.487500 0.389062 0.514583 0.459375 0.529167 0.748437 0.522917 0.720313 0.508333 0.542188 0.522917 0.429688 0.504167 0.428125 0.516667
1 0.301563 0.477083 0.215625 0.502083 0.135937 0.504167 0.106250 0.529167 0.001563 0.550000 0.000000 0.618750 0.293750 0.491667
2 0.376563 0.404167 0.373437 0.410417 0.362500 0.410417 0.360938 0.445833 0.367188 0.452083 0.367188 0.475000 0.370312 0.487500 0.373437 0.487500 0.371875 0.456250 0.368750 0.454167 0.368750 0.437500 0.379688 0.429167
2 0.187500 0.362500 0.192188 0.387500 0.185938 0.408333 0.171875 0.425000 0.173437 0.443750 0.182812 0.425000 0.203125 0.420833 0.226562 0.433333 0.226562 0.458333 0.276562 0.454167 0.279687 0.462500 0.285938 0.460417 0.287500 0.425000 0.279687 0.412500 0.242188 0.391667 0.239063 0.379167 0.221875 0.377083 0.217188 0.362500
2 0.621875 0.375000 0.603125 0.329167 0.459375 0.312500 0.446875 0.362500 0.410938 0.358333 0.406250 0.454167 0.428125 0.450000 0.423438 0.379167 0.442188 0.383333 0.435937 0.447917 0.464062 0.435417 0.473438 0.408333 0.517188 0.433333 0.521875 0.395833 0.546875 0.364583 0.573438 0.362500 0.604688 0.402083
2 0.000000 0.291667 0.000000 0.397917 0.059375 0.406250 0.060937 0.437500 0.096875 0.456250 0.156250 0.443750 0.128125 0.387500 0.153125 0.325000 0.065625 0.316667 0.056250 0.295833
3 0.968750 0.593750 0.967187 0.670833 0.971875 0.679167 0.989062 0.683333 0.985938 0.614583 0.973437 0.595833
3 0.960938 0.518750 0.959375 0.520833 0.960938 0.547917 0.959375 0.554167 0.956250 0.556250 0.956250 0.570833 0.959375 0.570833 0.960938 0.575000 0.967187 0.579167 0.978125 0.581250 0.981250 0.579167 0.979688 0.550000 0.965625 0.545833 0.964063 0.539583 0.965625 0.518750
4 0.404687 0.468750 0.404687 0.495833 0.406250 0.497917 0.412500 0.497917 0.420312 0.502083 0.426563 0.502083 0.426563 0.475000 0.428125 0.472917 0.428125 0.468750 0.421875 0.468750 0.420312 0.470833 0.417187 0.468750
4 0.431250 0.468750 0.429688 0.502083 0.434375 0.506250 0.487500 0.512500 0.540625 0.510417 0.542188 0.468750
4 0.715625 0.477083 0.700000 0.462500 0.634375 0.460417 0.631250 0.466667 0.546875 0.468750 0.545312 0.514583 0.693750 0.514583 0.718750 0.506250
4 0.231250 0.460417 0.220312 0.458333 0.217188 0.468750 0.214062 0.470833 0.214062 0.481250 0.212500 0.483333 0.210938 0.500000 0.225000 0.497917 0.232813 0.493750 0.232813 0.483333 0.231250 0.481250
4 0.000000 0.452083 0.000000 0.550000 0.107813 0.525000 0.110937 0.470833 0.106250 0.460417
5 0.378125 0.304167 0.381250 0.429167 0.379688 0.347917 0.401562 0.366667 0.403125 0.495833 0.403125 0.368750 0.379688 0.343750
7 0.423438 0.381250 0.423438 0.395833 0.421875 0.397917 0.421875 0.404167 0.423438 0.406250 0.421875 0.408333 0.423438 0.410417 0.428125 0.410417 0.429688 0.412500 0.431250 0.410417 0.437500 0.410417 0.439063 0.412500 0.442188 0.410417 0.442188 0.402083 0.440625 0.400000 0.440625 0.383333 0.437500 0.383333 0.435937 0.381250
8 0.360938 0.414583 0.353125 0.406250 0.323437 0.408333 0.320312 0.420833 0.312500 0.422917 0.315625 0.439583 0.298438 0.452083 0.289062 0.441667 0.284375 0.464583 0.276562 0.456250 0.232813 0.462500 0.259375 0.466667 0.265625 0.481250 0.276562 0.485417 0.301563 0.475000 0.307812 0.462500 0.325000 0.472917 0.339062 0.447917 0.360938 0.450000
8 0.395313 0.400000 0.382812 0.429167 0.370312 0.437500 0.370312 0.454167 0.373437 0.456250 0.378125 0.487500 0.385937 0.483333 0.390625 0.485417 0.392188 0.472917 0.395313 0.468750 0.401562 0.468750 0.401562 0.412500
8 0.545312 0.375000 0.528125 0.385417 0.517188 0.435417 0.473438 0.410417 0.467187 0.433333 0.432812 0.450000 0.431250 0.466667 0.520312 0.460417 0.535937 0.450000 0.543750 0.437500
8 0.159375 0.312500 0.132812 0.370833 0.131250 0.393750 0.157812 0.443750 0.190625 0.452083 0.203125 0.500000 0.209375 0.500000 0.225000 0.433333 0.190625 0.422917 0.171875 0.443750 0.170313 0.425000 0.187500 0.402083 0.190625 0.379167 0.170313 0.310417
8 0.664062 0.010417 0.628125 0.154167 0.678125 0.143750 0.679688 0.231250 0.714063 0.202083 0.685937 0.335417 0.607812 0.404167 0.557813 0.364583 0.546875 0.437500 0.717187 0.475000 0.725000 0.364583 0.759375 0.356250 0.792188 0.620833 0.967187 0.675000 0.970313 0.591667 0.998437 0.685417 0.998437 0.000000
9 0.546875 0.439583 0.546875 0.466667 0.590625 0.466667 0.592187 0.464583 0.587500 0.458333 0.578125 0.456250 0.571875 0.450000 0.562500 0.445833 0.559375 0.439583
9 0.543750 0.439583 0.539062 0.441667 0.535937 0.452083 0.523438 0.456250 0.520312 0.462500 0.468750 0.464583 0.542188 0.466667
10 0.000000 0.000000 0.000000 0.289583 0.170313 0.308333 0.295312 0.450000 0.378125 0.404167 0.378125 0.302083 0.382812 0.393750 0.459375 0.310417 0.660937 0.381250 0.709375 0.241667 0.678125 0.139583 0.626563 0.154167 0.682813 0.000000
13 0.339062 0.450000 0.331250 0.462500 0.329688 0.491667 0.332813 0.491667 0.335938 0.497917 0.342187 0.493750 0.356250 0.493750 0.359375 0.500000 0.365625 0.500000 0.367188 0.485417 0.365625 0.452083
13 0.000000 0.441667 0.003125 0.452083 0.106250 0.458333 0.109375 0.518750 0.150000 0.502083 0.153125 0.452083 0.157812 0.502083 0.198437 0.491667 0.185938 0.447917 0.139063 0.443750 0.096875 0.458333 0.059375 0.437500
14 0.000000 0.400000 0.000000 0.439583 0.014063 0.433333 0.060937 0.435417 0.059375 0.408333 0.021875 0.400000
14 0.737500 0.352083 0.726562 0.364583 0.717187 0.477083 0.720313 0.506250 0.734375 0.518750 0.746875 0.514583 0.757812 0.539583 0.768750 0.539583 0.773438 0.529167 0.790625 0.531250 0.790625 0.441667 0.767188 0.368750 0.759375 0.358333