0 0.000000 0.527083 0.000000 0.997917 0.878125 0.997917 0.750000 0.712500 0.857812 0.535417 0.310937 0.556250 0.145313 0.485417
0 0.912500 0.518750 0.923438 0.516667 0.925000 0.512500 0.932813 0.512500 0.934375 0.508333 0.942187 0.508333 0.945312 0.502083 0.951562 0.502083 0.954688 0.497917 0.954688 0.493750 0.948438 0.493750 0.943750 0.497917 0.931250 0.497917 0.928125 0.481250 0.914062 0.481250
1 0.954688 0.500000 0.870313 0.545833 0.753125 0.670833 0.753125 0.731250 0.806250 0.891667 0.879687 0.997917 0.998437 0.997917 0.998437 0.693750 0.943750 0.639583
1 0.193750 0.479167 0.210938 0.537500 0.310937 0.554167 0.692187 0.518750 0.682813 0.497917 0.434375 0.522917 0.428125 0.539583 0.259375 0.504167 0.256250 0.533333 0.254688 0.504167
1 0.126562 0.485417 0.125000 0.479167 0.075000 0.493750 0.000000 0.504167 0.000000 0.525000
2 0.692187 0.354167 0.679688 0.354167 0.670312 0.383333 0.667188 0.385417 0.664062 0.379167 0.657813 0.400000 0.643750 0.400000 0.635938 0.385417 0.628125 0.402083 0.632812 0.402083 0.634375 0.408333 0.628125 0.418750 0.654687 0.427083 0.685937 0.429167 0.687500 0.433333
2 0.000000 0.347917 0.000000 0.460417 0.043750 0.450000 0.084375 0.452083 0.090625 0.462500 0.103125 0.464583 0.115625 0.454167 0.118750 0.416667 0.101562 0.397917 0.078125 0.393750 0.059375 0.370833 0.034375 0.368750 0.029687 0.352083
2 0.260937 0.441667 0.320312 0.412500 0.335938 0.366667 0.390625 0.408333 0.432812 0.310417 0.470313 0.318750 0.470313 0.337500 0.442188 0.331250 0.498437 0.385417 0.514062 0.364583 0.489063 0.302083 0.318750 0.270833 0.310937 0.335417 0.273438 0.333333
4 0.000000 0.502083 0.075000 0.491667 0.114062 0.477083 0.106250 0.477083 0.100000 0.466667 0.090625 0.475000 0.084375 0.470833 0.081250 0.477083 0.073438 0.468750 0.073438 0.479167 0.065625 0.485417 0.059375 0.470833 0.043750 0.462500 0.000000 0.462500
4 0.248438 0.460417 0.245312 0.462500 0.245312 0.491667 0.246875 0.493750 0.246875 0.500000 0.254688 0.502083 0.254688 0.460417
4 0.426563 0.456250 0.262500 0.460417 0.259375 0.502083 0.315625 0.522917 0.425000 0.522917
4 0.237500 0.456250 0.237500 0.462500 0.234375 0.466667 0.229687 0.466667 0.229687 0.493750 0.240625 0.495833 0.240625 0.460417 0.239063 0.456250
4 0.431250 0.522917 0.684375 0.495833 0.685937 0.456250 0.559375 0.445833 0.539062 0.456250 0.434375 0.456250
5 0.431250 0.325000 0.428125 0.537500 0.434375 0.402083
5 0.226562 0.316667 0.240625 0.337500 0.245312 0.502083 0.243750 0.352083 0.239063 0.329167
5 0.214062 0.258333 0.215625 0.304167 0.203125 0.297917 0.215625 0.310417 0.218750 0.464583 0.212500 0.485417 0.228125 0.491667 0.228125 0.466667 0.220312 0.464583 0.217188 0.314583 0.223438 0.312500 0.218750 0.310417
7 0.246875 0.333333 0.245312 0.370833 0.248438 0.375000 0.251563 0.372917 0.253125 0.375000 0.273438 0.377083 0.275000 0.368750 0.275000 0.337500 0.271875 0.333333
7 0.432812 0.312500 0.432812 0.327083 0.435937 0.329167 0.457813 0.331250 0.459375 0.335417 0.470313 0.335417 0.470313 0.320833 0.457813 0.320833 0.456250 0.316667 0.440625 0.316667 0.439063 0.312500
8 0.010937 0.460417 0.043750 0.460417 0.059375 0.468750 0.065625 0.483333 0.071875 0.479167 0.070312 0.470833 0.073438 0.466667 0.081250 0.475000 0.084375 0.468750 0.090625 0.472917 0.093750 0.466667 0.084375 0.454167 0.043750 0.452083 0.042188 0.456250 0.014063 0.456250
8 0.245312 0.393750 0.245312 0.460417 0.248438 0.458333 0.254688 0.458333 0.256250 0.431250 0.253125 0.425000 0.251563 0.406250
8 0.239063 0.391667 0.231250 0.395833 0.231250 0.402083 0.225000 0.418750 0.221875 0.420833 0.221875 0.464583 0.234375 0.464583 0.237500 0.454167 0.240625 0.458333 0.240625 0.395833
8 0.217188 0.425000 0.201563 0.391667 0.167187 0.393750 0.159375 0.410417 0.148438 0.410417 0.145313 0.439583 0.132812 0.437500 0.129688 0.416667 0.117188 0.414583 0.120313 0.445833 0.098437 0.464583 0.117188 0.479167 0.145313 0.460417 0.148438 0.439583 0.193750 0.447917 0.196875 0.395833 0.198437 0.462500 0.210938 0.485417
8 0.429688 0.343750 0.407813 0.354167 0.390625 0.410417 0.335938 0.368750 0.321875 0.389583 0.323437 0.410417 0.292187 0.427083 0.290625 0.402083 0.270313 0.387500 0.271875 0.418750 0.292187 0.427083 0.284375 0.441667 0.260937 0.443750 0.260937 0.460417 0.426563 0.454167
8 0.687500 0.435417 0.626563 0.418750 0.626563 0.281250 0.598437 0.216667 0.560937 0.250000 0.568750 0.322917 0.553125 0.312500 0.550000 0.350000 0.506250 0.387500 0.435937 0.331250 0.434375 0.454167 0.685937 0.454167
8 0.876563 0.000000 0.828125 0.143750 0.900000 0.120833 0.918750 0.308333 0.892188 0.429167 0.918750 0.479167 0.956250 0.454167 0.945312 0.639583 0.998437 0.691667 0.998437 0.000000
10 0.000000 0.000000 0.000000 0.345833 0.132812 0.435417 0.215625 0.391667 0.214062 0.256250 0.221875 0.393750 0.318750 0.268750 0.520312 0.366667 0.596875 0.214583 0.643750 0.397917 0.765625 0.247917 0.910937 0.362500 0.898438 0.120833 0.826562 0.143750 0.875000 0.000000
13 0.954688 0.454167 0.940625 0.454167 0.935937 0.456250 0.929688 0.475000 0.931250 0.495833 0.943750 0.495833 0.948438 0.491667 0.954688 0.491667
13 0.128125 0.466667 0.128125 0.485417 0.146875 0.485417 0.146875 0.506250 0.153125 0.506250 0.157812 0.497917 0.181250 0.497917 0.185938 0.506250 0.192188 0.506250 0.192188 0.443750 0.148438 0.441667 0.145313 0.462500
13 0.892188 0.431250 0.887500 0.431250 0.889062 0.435417 0.884375 0.439583 0.879687 0.535417 0.885938 0.537500 0.895312 0.535417 0.907813 0.525000 0.912500 0.512500 0.912500 0.458333 0.904687 0.456250 0.901563 0.447917 0.896875 0.445833
14 0.725000 0.260417 0.725000 0.291667 0.695312 0.302083 0.690625 0.514583 0.717187 0.522917 0.729688 0.554167 0.745313 0.537500 0.875000 0.543750 0.889062 0.327083 0.846875 0.270833 0.807813 0.279167 0.775000 0.250000