0 0.000000 0.493750 0.000000 0.997917 0.998437 0.997917 0.998437 0.818750 0.925000 0.575000 0.756250 0.583333 0.707812 0.518750 0.135937 0.587500
1 0.950000 0.485417 0.926562 0.575000 0.965625 0.758333 0.998437 0.816667 0.998437 0.525000 0.968750 0.483333
1 0.046875 0.564583 0.317188 0.585417 0.712500 0.512500 0.360938 0.537500 0.350000 0.566667 0.345313 0.539583 0.185938 0.535417 0.114062 0.479167 0.107813 0.552083 0.104688 0.472917 0.085938 0.470833
2 0.000000 0.393750 0.000000 0.477083 0.006250 0.477083 0.006250 0.443750 0.009375 0.441667 0.010937 0.431250 0.014063 0.427083 0.023438 0.427083 0.029687 0.416667 0.028125 0.412500 0.023438 0.414583 0.020313 0.404167 0.007812 0.400000 0.006250 0.393750
2 0.717187 0.343750 0.681250 0.337500 0.673438 0.350000 0.629687 0.352083 0.615625 0.393750 0.610938 0.381250 0.607812 0.395833 0.593750 0.397917 0.584375 0.377083 0.570312 0.404167 0.700000 0.431250 0.692187 0.400000 0.715625 0.372917
2 0.359375 0.270833 0.359375 0.325000 0.375000 0.310417 0.406250 0.320833 0.415625 0.339583 0.440625 0.364583 0.440625 0.387500 0.454688 0.377083 0.462500 0.352083 0.437500 0.287500 0.409375 0.281250 0.401562 0.289583
2 0.150000 0.366667 0.179688 0.393750 0.189062 0.372917 0.239063 0.393750 0.256250 0.343750 0.295312 0.358333 0.300000 0.381250 0.318750 0.391667 0.350000 0.327083 0.353125 0.268750 0.321875 0.243750 0.314063 0.258333 0.237500 0.235417 0.229687 0.316667 0.181250 0.312500 0.179688 0.350000
3 0.970313 0.462500 0.971875 0.468750 0.971875 0.491667 0.976562 0.497917 0.984375 0.497917 0.992188 0.508333 0.993750 0.502083 0.993750 0.493750 0.990625 0.485417 0.990625 0.466667 0.992188 0.460417 0.990625 0.458333 0.976562 0.458333 0.975000 0.462500
4 0.348438 0.447917 0.143750 0.456250 0.139063 0.502083 0.170313 0.527083 0.206250 0.537500 0.345313 0.537500
4 0.354687 0.537500 0.700000 0.500000 0.712500 0.445833 0.678125 0.447917 0.676562 0.497917 0.673438 0.447917 0.356250 0.447917
5 0.114062 0.335417 0.107813 0.352083 0.107813 0.550000 0.112500 0.352083 0.120313 0.491667 0.128125 0.495833
5 0.132812 0.291667 0.132812 0.456250 0.137500 0.502083 0.137500 0.325000
7 0.092188 0.272917 0.089063 0.277083 0.089063 0.329167 0.131250 0.335417 0.132812 0.281250 0.112500 0.279167 0.110937 0.275000 0.109375 0.279167 0.106250 0.275000
7 0.357812 0.254167 0.357812 0.268750 0.367188 0.272917 0.376563 0.272917 0.378125 0.277083 0.390625 0.279167 0.392188 0.283333 0.400000 0.283333 0.401562 0.287500 0.407813 0.285417 0.406250 0.270833 0.392188 0.268750 0.390625 0.264583 0.385937 0.264583 0.381250 0.260417
8 0.120313 0.383333 0.123438 0.400000 0.123438 0.452083 0.125000 0.456250 0.131250 0.456250 0.134375 0.454167 0.132812 0.383333 0.129688 0.385417 0.126562 0.393750 0.123438 0.385417
8 0.115625 0.381250 0.112500 0.385417 0.114062 0.475000 0.117188 0.475000 0.118750 0.460417 0.118750 0.406250
8 0.073438 0.383333 0.068750 0.400000 0.057813 0.402083 0.056250 0.418750 0.060937 0.431250 0.073438 0.435417 0.078125 0.462500 0.082812 0.468750 0.104688 0.470833 0.107813 0.385417 0.092188 0.377083 0.090625 0.383333
8 0.715625 0.375000 0.710938 0.375000 0.703125 0.381250 0.698438 0.387500 0.693750 0.400000 0.693750 0.412500 0.703125 0.427083 0.700000 0.433333 0.703125 0.435417 0.712500 0.433333 0.714063 0.404167 0.715625 0.402083
8 0.350000 0.329167 0.318750 0.393750 0.298438 0.381250 0.295312 0.360417 0.256250 0.345833 0.239063 0.395833 0.196875 0.375000 0.179688 0.395833 0.143750 0.358333 0.140625 0.456250 0.340625 0.447917
8 0.565625 0.222917 0.551562 0.204167 0.540625 0.222917 0.521875 0.212500 0.521875 0.241667 0.510938 0.239583 0.521875 0.272917 0.507812 0.260417 0.518750 0.316667 0.503125 0.302083 0.506250 0.322917 0.467187 0.347917 0.446875 0.389583 0.406250 0.322917 0.360938 0.322917 0.357812 0.397917 0.398438 0.412500 0.568750 0.404167 0.589063 0.341667 0.576562 0.345833
8 0.998437 0.133333 0.968750 0.164583 0.959375 0.195833 0.962500 0.268750 0.946875 0.452083 0.993750 0.460417 0.998437 0.522917
8 0.998437 0.100000 0.996875 0.104167 0.987500 0.102083 0.985938 0.106250 0.973437 0.112500 0.968750 0.120833 0.970313 0.122917 0.976562 0.122917 0.978125 0.120833 0.984375 0.120833 0.987500 0.122917 0.989062 0.120833 0.996875 0.125000 0.998437 0.122917
8 0.940625 0.000000 0.940625 0.022917 0.959375 0.014583 0.975000 0.025000 0.965625 0.047917 0.967187 0.056250 0.985938 0.050000 0.992188 0.058333 0.998437 0.058333 0.998437 0.000000
9 0.356250 0.441667 0.556250 0.450000 0.712500 0.435417 0.573438 0.406250 0.398438 0.414583 0.357812 0.400000
10 0.120313 0.337500 0.120313 0.366667 0.121875 0.368750 0.121875 0.381250 0.125000 0.385417 0.126562 0.391667 0.128125 0.385417 0.131250 0.381250 0.131250 0.358333 0.132812 0.356250 0.132812 0.345833 0.131250 0.343750 0.132812 0.339583 0.131250 0.337500
10 0.000000 0.391667 0.107813 0.381250 0.112500 0.216667 0.157812 0.366667 0.237500 0.233333 0.478125 0.350000 0.550000 0.202083 0.615625 0.391667 0.717187 0.341667 0.768750 0.172917 0.957812 0.204167 0.998437 0.060417 0.939063 0.000000 0.000000 0.000000
13 0.945312 0.454167 0.945312 0.485417 0.948438 0.485417 0.950000 0.483333 0.962500 0.483333 0.964063 0.481250 0.967187 0.481250 0.967187 0.468750 0.968750 0.466667 0.968750 0.462500 0.965625 0.456250 0.962500 0.454167
13 0.014063 0.429167 0.007812 0.443750 0.009375 0.508333 0.025000 0.508333 0.028125 0.502083 0.057813 0.502083 0.059375 0.508333 0.071875 0.508333 0.081250 0.483333 0.081250 0.468750 0.076563 0.462500 0.071875 0.435417
14 0.950000 0.185417 0.851562 0.206250 0.835938 0.160417 0.765625 0.177083 0.764062 0.220833 0.726562 0.235417 0.709375 0.495833 0.751563 0.579167 0.771875 0.558333 0.934375 0.560417 0.962500 0.214583