0 0.000000 0.858333 0.000000 0.997917 0.998437 0.997917 0.998437 0.887500 0.878125 0.883333 0.814063 0.708333 0.668750 0.620833 0.625000 0.650000 0.610938 0.550000 0.481250 0.470833
1 0.539062 0.489583 0.539062 0.508333 0.546875 0.516667 0.612500 0.547917 0.615625 0.512500 0.581250 0.508333 0.579688 0.504167 0.556250 0.500000 0.554688 0.493750 0.542188 0.493750
1 0.454688 0.479167 0.000000 0.643750 0.000000 0.856250
2 0.139063 0.345833 0.220312 0.370833 0.234375 0.406250 0.251563 0.408333 0.251563 0.358333 0.282813 0.322917 0.323437 0.341667 0.323437 0.381250 0.378125 0.418750 0.379688 0.387500 0.345313 0.383333 0.342187 0.316667 0.259375 0.310417 0.256250 0.295833 0.245312 0.308333 0.240625 0.293750 0.232813 0.308333 0.160938 0.300000
2 0.726562 0.300000 0.707812 0.289583 0.700000 0.310417 0.645312 0.310417 0.635938 0.352083 0.631250 0.356250 0.626563 0.347917 0.610938 0.368750 0.623437 0.395833 0.620313 0.418750 0.626563 0.414583 0.635938 0.422917 0.640625 0.410417 0.670312 0.408333 0.682813 0.385417 0.709375 0.366667 0.718750 0.345833 0.712500 0.318750
3 0.000000 0.633333 0.010937 0.633333 0.021875 0.627083 0.031250 0.627083 0.040625 0.620833 0.040625 0.616667 0.029687 0.610417 0.021875 0.612500 0.020313 0.608333 0.000000 0.610417
3 0.250000 0.427083 0.256250 0.431250 0.262500 0.445833 0.264062 0.539583 0.268750 0.533333 0.267188 0.472917 0.271875 0.429167
3 0.148438 0.410417 0.146875 0.414583 0.162500 0.431250 0.164062 0.506250 0.170313 0.508333 0.176563 0.529167 0.176563 0.437500 0.182812 0.416667
4 0.557813 0.464583 0.557813 0.497917 0.570312 0.502083 0.579688 0.502083 0.581250 0.506250 0.589063 0.506250 0.587500 0.460417 0.562500 0.460417
4 0.440625 0.462500 0.326562 0.400000 0.237500 0.408333 0.231250 0.433333 0.179688 0.429167 0.176563 0.531250 0.153125 0.420833 0.000000 0.404167 0.000000 0.608333 0.042188 0.616667 0.000000 0.641667
8 0.325000 0.427083 0.321875 0.422917 0.295312 0.425000 0.293750 0.427083 0.292187 0.425000 0.289062 0.433333 0.293750 0.433333 0.295312 0.435417 0.293750 0.437500 0.276562 0.437500 0.279687 0.439583 0.303125 0.439583 0.310937 0.435417 0.325000 0.437500
8 0.248438 0.377083 0.256250 0.408333 0.325000 0.412500 0.326562 0.397917 0.364063 0.414583 0.356250 0.400000 0.321875 0.381250 0.323437 0.343750 0.314063 0.337500 0.304688 0.341667 0.282813 0.325000 0.271875 0.341667 0.257812 0.347917
8 0.000000 0.012500 0.000000 0.402083 0.243750 0.425000 0.220312 0.372917 0.096875 0.331250 0.068750 0.291667 0.040625 0.297917 0.067187 0.247917 0.040625 0.252083 0.057813 0.214583 0.035937 0.212500 0.046875 0.129167 0.028125 0.131250 0.035937 0.093750 0.014063 0.104167 0.020313 0.056250
8 0.998437 0.000000 0.737500 0.010417 0.701562 0.097917 0.745313 0.164583 0.718750 0.139583 0.728125 0.304167 0.670312 0.410417 0.609375 0.370833 0.659375 0.297917 0.635938 0.143750 0.529687 0.175000 0.496875 0.406250 0.435937 0.275000 0.379688 0.418750 0.542188 0.491667 0.556250 0.435417 0.615625 0.510417 0.782813 0.310417 0.998437 0.220833
10 0.637500 0.306250 0.628125 0.306250 0.628125 0.327083 0.626563 0.329167 0.634375 0.333333 0.632812 0.341667 0.628125 0.347917 0.631250 0.354167 0.634375 0.352083 0.634375 0.343750 0.637500 0.339583 0.639062 0.325000 0.642188 0.316667 0.642188 0.310417
10 0.000000 0.000000 0.068750 0.247917 0.042188 0.297917 0.132812 0.343750 0.256250 0.293750 0.381250 0.385417 0.437500 0.272917 0.490625 0.408333 0.528125 0.175000 0.639062 0.145833 0.653125 0.308333 0.728125 0.289583 0.717187 0.139583 0.743750 0.164583 0.700000 0.097917 0.751563 0.000000
13 0.482812 0.458333 0.481250 0.468750 0.484375 0.472917 0.484375 0.485417 0.487500 0.489583 0.493750 0.487500 0.498437 0.502083 0.504687 0.502083 0.506250 0.497917 0.525000 0.497917 0.529687 0.506250 0.537500 0.506250 0.537500 0.472917 0.532813 0.456250 0.507812 0.452083 0.504687 0.456250 0.487500 0.454167
13 0.998437 0.222917 0.782813 0.312500 0.653125 0.435417 0.612500 0.550000 0.625000 0.647917 0.668750 0.618750 0.814063 0.706250 0.853125 0.845833 0.929688 0.912500 0.998437 0.885417