0 0.000000 0.837500 0.000000 0.997917 0.998437 0.997917 0.996875 0.837500 0.723437 0.666667 0.673438 0.706250 0.645312 0.572917 0.473438 0.470833
1 0.537500 0.493750 0.534375 0.508333 0.646875 0.575000 0.645312 0.520833 0.596875 0.516667 0.553125 0.504167 0.551562 0.497917
1 0.450000 0.479167 0.000000 0.629167 0.000000 0.835417
2 0.759375 0.406250 0.715625 0.412500 0.707812 0.431250 0.696875 0.439583 0.682813 0.437500 0.673438 0.443750 0.671875 0.456250 0.709375 0.454167 0.712500 0.450000 0.712500 0.431250 0.725000 0.418750 0.746875 0.422917
2 0.123438 0.327083 0.192188 0.356250 0.201563 0.402083 0.240625 0.397917 0.240625 0.337500 0.270313 0.312500 0.312500 0.333333 0.309375 0.370833 0.368750 0.414583 0.370312 0.383333 0.334375 0.370833 0.334375 0.310417 0.248438 0.300000 0.243750 0.283333 0.232813 0.295833 0.228125 0.281250 0.220312 0.295833 0.145313 0.285417
2 0.754687 0.260417 0.732812 0.316667 0.721875 0.314583 0.714063 0.291667 0.703125 0.291667 0.698438 0.312500 0.640625 0.310417 0.631250 0.356250 0.621875 0.352083 0.609375 0.368750 0.617188 0.420833 0.675000 0.410417 0.710938 0.366667 0.753125 0.383333 0.767188 0.375000 0.748437 0.350000 0.759375 0.327083 0.748437 0.327083 0.740625 0.308333 0.754687 0.283333
3 0.081250 0.389583 0.084375 0.393750 0.095312 0.397917 0.103125 0.404167 0.110937 0.406250 0.112500 0.412500 0.118750 0.414583 0.118750 0.410417 0.125000 0.404167 0.125000 0.397917 0.123438 0.395833 0.110937 0.393750 0.109375 0.389583 0.095312 0.389583 0.093750 0.387500
4 0.557813 0.462500 0.556250 0.464583 0.556250 0.502083 0.564063 0.502083 0.565625 0.506250 0.575000 0.506250 0.589063 0.512500 0.587500 0.460417
4 0.000000 0.627083 0.435937 0.462500 0.310937 0.391667 0.193750 0.420833 0.000000 0.393750
5 0.528125 0.302083 0.548438 0.318750 0.557813 0.335417 0.554688 0.502083 0.559375 0.337500 0.556250 0.325000
8 0.242188 0.337500 0.235937 0.366667 0.242188 0.397917 0.309375 0.404167 0.310937 0.389583 0.359375 0.410417 0.343750 0.389583 0.307812 0.370833 0.314063 0.347917 0.312500 0.335417 0.304688 0.329167 0.296875 0.333333 0.270313 0.314583 0.257812 0.331250
8 0.003125 0.066667 0.000000 0.391667 0.212500 0.408333 0.192188 0.358333 0.065625 0.310417 0.045312 0.270833 0.018750 0.279167 0.043750 0.225000 0.014063 0.231250 0.032813 0.185417 0.009375 0.191667 0.021875 0.102083 0.001563 0.108333
8 0.998437 0.000000 0.745313 0.008333 0.756250 0.385417 0.615625 0.420833 0.664062 0.229167 0.578125 0.137500 0.525000 0.175000 0.490625 0.404167 0.429688 0.270833 0.370312 0.414583 0.551562 0.495833 0.551562 0.318750 0.556250 0.462500 0.642188 0.518750 0.998437 0.216667
10 0.632812 0.304167 0.631250 0.306250 0.626563 0.304167 0.626563 0.310417 0.628125 0.312500 0.628125 0.325000 0.626563 0.329167 0.632812 0.333333 0.632812 0.339583 0.626563 0.347917 0.623437 0.347917 0.623437 0.350000 0.629687 0.356250 0.629687 0.352083 0.634375 0.341667 0.634375 0.335417 0.637500 0.333333 0.637500 0.325000 0.639062 0.322917 0.639062 0.310417 0.637500 0.306250
10 0.000000 0.000000 0.020313 0.279167 0.120313 0.329167 0.243750 0.281250 0.371875 0.381250 0.432812 0.268750 0.468750 0.410417 0.545312 0.147917 0.635938 0.137500 0.653125 0.308333 0.732812 0.314583 0.746875 0.106250 0.781250 0.145833 0.726562 0.060417 0.778125 0.000000
13 0.473438 0.468750 0.479687 0.472917 0.479687 0.487500 0.482812 0.491667 0.489063 0.487500 0.493750 0.506250 0.498437 0.506250 0.500000 0.500000 0.517188 0.500000 0.526563 0.508333 0.534375 0.506250 0.535937 0.479167 0.529687 0.456250 0.501563 0.452083 0.498437 0.456250 0.478125 0.456250
13 0.998437 0.218750 0.898438 0.272917 0.709375 0.456250 0.646875 0.472917 0.664062 0.693750 0.701562 0.708333 0.723437 0.664583 0.998437 0.839583