0 0.000000 0.735417 0.000000 0.997917 0.998437 0.997917 0.996875 0.831250 0.646875 0.608333 0.554688 0.614583 0.453125 0.470833
1 0.698438 0.614583 0.701562 0.641667 0.998437 0.831250 0.998437 0.718750 0.710938 0.587500
1 0.410938 0.479167 0.000000 0.566667 0.000000 0.733333
2 0.573438 0.410417 0.573438 0.414583 0.578125 0.418750 0.601562 0.420833 0.620313 0.431250 0.639062 0.431250 0.639062 0.425000 0.635938 0.425000 0.634375 0.420833 0.631250 0.422917 0.609375 0.414583 0.598437 0.414583 0.579688 0.408333
2 0.135937 0.175000 0.142187 0.214583 0.131250 0.227083 0.165625 0.266667 0.207813 0.283333 0.229687 0.329167 0.273438 0.350000 0.271875 0.333333 0.248438 0.331250 0.240625 0.204167
2 0.998437 0.156250 0.967187 0.241667 0.915625 0.306250 0.900000 0.300000 0.903125 0.260417 0.818750 0.281250 0.806250 0.237500 0.787500 0.270833 0.726562 0.260417 0.709375 0.300000 0.768750 0.300000 0.784375 0.331250 0.818750 0.314583 0.873437 0.362500 0.998437 0.391667
3 0.500000 0.443750 0.500000 0.452083 0.506250 0.458333 0.510938 0.495833 0.520312 0.500000 0.529687 0.487500 0.529687 0.483333 0.525000 0.481250 0.525000 0.468750 0.520312 0.468750 0.515625 0.464583 0.515625 0.460417 0.507812 0.443750
4 0.706250 0.477083 0.717187 0.518750 0.712500 0.589583 0.971875 0.708333 0.978125 0.500000
4 0.000000 0.172917 0.000000 0.562500 0.046875 0.522917 0.201563 0.522917 0.389062 0.475000 0.360938 0.410417 0.321875 0.383333 0.318750 0.414583 0.276562 0.404167 0.271875 0.354167
5 0.635938 0.054167 0.635938 0.068750 0.676562 0.102083 0.693750 0.129167 0.689063 0.308333 0.700000 0.129167 0.662500 0.075000
8 0.276562 0.300000 0.276562 0.402083 0.318750 0.412500 0.321875 0.381250 0.410938 0.470833 0.471875 0.445833 0.473438 0.425000 0.485938 0.447917 0.487500 0.370833 0.495312 0.452083 0.487500 0.364583 0.465625 0.366667 0.464062 0.402083 0.434375 0.391667 0.396875 0.202083 0.357812 0.270833 0.359375 0.322917 0.328125 0.264583
8 0.965625 0.156250 0.946875 0.166667 0.932813 0.162500 0.929688 0.150000 0.898438 0.160417 0.893750 0.189583 0.904687 0.195833 0.882812 0.227083 0.896875 0.220833 0.906250 0.229167 0.893750 0.250000 0.907813 0.264583 0.901563 0.283333 0.904687 0.306250 0.915625 0.304167 0.965625 0.241667 0.970313 0.208333 0.979688 0.193750 0.967187 0.185417 0.968750 0.175000 0.957812 0.175000
8 0.000000 0.095833 0.000000 0.170833 0.220312 0.318750 0.207813 0.285417 0.165625 0.268750 0.131250 0.231250 0.139063 0.164583 0.106250 0.147917 0.092188 0.160417 0.068750 0.108333 0.053125 0.122917 0.028125 0.085417
8 0.550000 0.000000 0.556250 0.152083 0.484375 0.277083 0.525000 0.375000 0.498437 0.443750 0.676562 0.441667 0.684375 0.368750 0.704688 0.475000 0.970313 0.491667 0.998437 0.716667 0.998437 0.393750 0.707812 0.300000 0.712500 0.218750 0.778125 0.206250 0.796875 0.041667
9 0.168750 0.520833 0.067187 0.529167 0.046875 0.525000 0.026562 0.531250 0.025000 0.552083 0.012500 0.562500 0.060937 0.543750
10 0.714063 0.225000 0.725000 0.258333 0.770312 0.268750 0.810937 0.237500 0.817187 0.277083 0.843750 0.283333 0.904687 0.233333 0.881250 0.220833 0.906250 0.150000 0.965625 0.154167 0.981250 0.187500 0.998437 0.154167 0.998437 0.000000 0.757812 0.000000 0.745313 0.052083 0.796875 0.039583 0.781250 0.081250 0.803125 0.089583 0.770312 0.135417 0.778125 0.210417
10 0.000000 0.000000 0.000000 0.093750 0.240625 0.202083 0.250000 0.331250 0.323437 0.262500 0.359375 0.320833 0.396875 0.200000 0.435937 0.391667 0.523438 0.377083 0.482812 0.277083 0.554688 0.152083 0.548438 0.000000
13 0.439063 0.456250 0.437500 0.466667 0.454688 0.470833 0.453125 0.491667 0.465625 0.508333 0.475000 0.502083 0.490625 0.502083 0.503125 0.514583 0.507812 0.510417 0.507812 0.475000 0.498437 0.445833 0.493750 0.456250 0.473438 0.445833 0.464062 0.447917 0.459375 0.456250 0.451562 0.456250 0.450000 0.450000
13 0.526563 0.468750 0.531250 0.487500 0.518750 0.508333 0.515625 0.560417 0.543750 0.570833 0.554688 0.612500 0.570312 0.614583 0.584375 0.591667 0.657813 0.610417 0.678125 0.633333 0.693750 0.627083 0.712500 0.581250 0.715625 0.518750 0.700000 0.464583 0.682813 0.445833 0.573438 0.416667 0.540625 0.468750