0 0.000000 0.795833 0.000000 0.997917 0.998437 0.997917 0.996875 0.802083 0.515625 0.545833 0.456250 0.470833
1 0.592187 0.522917 0.589063 0.554167 0.998437 0.802083 0.998437 0.695833 0.954688 0.668750 0.943750 0.616667 0.723437 0.581250
1 0.434375 0.483333 0.235937 0.520833 0.001563 0.602083 0.000000 0.793750
2 0.553125 0.447917 0.576562 0.452083 0.581250 0.445833 0.590625 0.443750 0.592187 0.437500 0.587500 0.427083 0.582812 0.425000 0.560937 0.425000 0.557813 0.427083 0.554688 0.435417
2 0.998437 0.393750 0.956250 0.395833 0.932813 0.404167 0.932813 0.445833 0.945312 0.458333 0.945312 0.502083 0.957812 0.525000 0.959375 0.543750 0.964063 0.543750 0.967187 0.529167 0.998437 0.514583
2 0.029687 0.212500 0.123438 0.268750 0.139063 0.245833 0.200000 0.247917 0.203125 0.268750 0.240625 0.291667 0.237500 0.318750 0.329688 0.385417 0.328125 0.352083 0.296875 0.354167 0.293750 0.258333 0.200000 0.239583 0.190625 0.222917 0.178125 0.235417 0.173437 0.212500 0.159375 0.229167 0.154688 0.208333 0.139063 0.225000
2 0.998437 0.112500 0.968750 0.102083 0.878125 0.206250 0.848437 0.291667 0.781250 0.302083 0.771875 0.268750 0.753125 0.295833 0.681250 0.285417 0.656250 0.366667 0.684375 0.375000 0.689063 0.410417 0.728125 0.439583 0.740625 0.408333 0.846875 0.393750 0.920312 0.320833 0.998437 0.350000
4 0.609375 0.468750 0.606250 0.535417 0.703125 0.570833 0.701562 0.477083
4 0.000000 0.195833 0.000000 0.602083 0.085938 0.556250 0.417187 0.477083 0.278125 0.352083
5 0.575000 0.212500 0.585938 0.231250 0.598437 0.235417 0.615625 0.260417 0.610938 0.366667 0.614062 0.366667 0.617188 0.258333 0.607812 0.239583
8 0.125000 0.268750 0.293750 0.362500 0.284375 0.343750 0.237500 0.320833 0.239063 0.291667 0.223438 0.275000 0.203125 0.270833 0.200000 0.250000 0.139063 0.247917
8 0.857812 0.225000 0.851562 0.227083 0.843750 0.254167 0.843750 0.268750 0.835938 0.268750 0.834375 0.281250 0.828125 0.281250 0.828125 0.285417 0.831250 0.287500 0.829688 0.291667 0.848437 0.289583 0.853125 0.260417 0.865625 0.235417
8 0.895312 0.181250 0.890625 0.183333 0.887500 0.179167 0.885938 0.181250 0.884375 0.177083 0.875000 0.177083 0.873437 0.185417 0.867188 0.197917 0.867188 0.208333 0.870313 0.210417 0.876563 0.210417 0.876563 0.206250 0.887500 0.195833 0.890625 0.187500 0.895312 0.183333
8 0.329688 0.347917 0.423438 0.477083 0.501563 0.456250 0.504687 0.389583 0.507812 0.462500 0.507812 0.395833 0.510938 0.460417 0.589063 0.427083 0.593750 0.516667 0.607812 0.420833 0.704688 0.479167 0.709375 0.575000 0.932813 0.614583 0.931250 0.404167 0.998437 0.391667 0.920312 0.322917 0.690625 0.414583 0.651563 0.352083 0.739062 0.162500 0.640625 0.025000 0.548438 0.070833 0.492188 0.320833 0.523438 0.400000 0.453125 0.402083 0.420312 0.237500
9 0.125000 0.552083 0.107813 0.552083 0.103125 0.560417 0.096875 0.560417 0.095312 0.558333 0.089063 0.560417 0.085938 0.558333 0.081250 0.562500 0.081250 0.568750 0.078125 0.575000 0.090625 0.575000 0.092188 0.570833 0.100000 0.570833 0.104688 0.564583 0.109375 0.564583 0.110937 0.560417 0.120313 0.558333
10 0.000000 0.000000 0.001563 0.195833 0.293750 0.256250 0.317188 0.358333 0.420312 0.235417 0.465625 0.404167 0.523438 0.397917 0.490625 0.320833 0.578125 0.037500 0.701562 0.043750 0.740625 0.164583 0.696875 0.287500 0.821875 0.297917 0.875000 0.175000 0.998437 0.110417 0.998437 0.000000
13 0.998437 0.516667 0.967187 0.531250 0.943750 0.593750 0.945312 0.625000 0.953125 0.637500 0.956250 0.668750 0.984375 0.693750 0.998437 0.693750
13 0.456250 0.468750 0.471875 0.479167 0.475000 0.500000 0.500000 0.500000 0.503125 0.529167 0.510938 0.529167 0.515625 0.543750 0.529687 0.535417 0.570312 0.539583 0.578125 0.554167 0.587500 0.554167 0.592187 0.497917 0.581250 0.456250 0.528125 0.445833 0.512500 0.468750 0.481250 0.454167 0.471875 0.462500 0.462500 0.456250