0 0.000000 0.783333 0.000000 0.997917 0.998437 0.997917 0.996875 0.816667 0.454688 0.472917
1 0.539062 0.508333 0.537500 0.529167 0.998437 0.816667 0.998437 0.702083 0.734375 0.597917 0.689063 0.554167
1 0.429688 0.479167 0.048438 0.562500 0.000000 0.591667 0.000000 0.781250
2 0.551562 0.435417 0.539062 0.435417 0.537500 0.431250 0.534375 0.439583 0.534375 0.443750 0.531250 0.445833 0.531250 0.450000 0.529687 0.452083 0.531250 0.460417 0.532813 0.460417 0.535937 0.466667 0.539062 0.460417 0.542188 0.460417 0.551562 0.454167 0.551562 0.447917 0.553125 0.445833
2 0.000000 0.268750 0.003125 0.333333 0.189062 0.366667 0.185938 0.306250 0.223438 0.268750 0.275000 0.297917 0.271875 0.345833 0.345313 0.402083 0.332813 0.360417 0.310937 0.366667 0.309375 0.285417 0.190625 0.243750 0.175000 0.258333 0.092188 0.239583 0.023438 0.312500
2 0.998437 0.225000 0.834375 0.195833 0.759375 0.327083 0.725000 0.300000 0.643750 0.312500 0.614062 0.418750 0.646875 0.450000 0.760938 0.372917 0.821875 0.393750 0.825000 0.420833 0.760938 0.429167 0.764062 0.477083 0.881250 0.479167 0.837500 0.447917 0.981250 0.433333 0.998437 0.414583
3 0.725000 0.552083 0.723437 0.587500 0.726562 0.591667 0.732812 0.591667 0.734375 0.595833 0.743750 0.595833 0.745313 0.600000 0.760938 0.606250 0.753125 0.600000 0.751563 0.593750 0.759375 0.587500 0.767188 0.589583 0.770312 0.583333 0.759375 0.570833 0.759375 0.566667 0.746875 0.552083 0.737500 0.560417 0.735938 0.556250 0.726562 0.556250
3 0.204687 0.479167 0.201563 0.479167 0.195312 0.510417 0.190625 0.487500 0.185938 0.487500 0.185938 0.525000 0.182812 0.527083 0.182812 0.533333 0.185938 0.537500 0.196875 0.537500 0.198437 0.533333 0.201563 0.533333 0.200000 0.508333 0.201563 0.506250 0.204687 0.512500
3 0.193750 0.393750 0.185938 0.395833 0.187500 0.422917 0.190625 0.425000 0.189062 0.450000 0.192188 0.452083 0.198437 0.435417 0.198437 0.427083 0.201563 0.422917 0.206250 0.431250 0.209375 0.429167 0.209375 0.414583 0.212500 0.410417 0.212500 0.400000
3 0.000000 0.333333 0.000000 0.589583 0.028125 0.579167 0.029687 0.570833 0.028125 0.458333 0.035937 0.347917
4 0.562500 0.472917 0.557813 0.516667 0.606250 0.537500 0.606250 0.475000 0.576562 0.470833
4 0.998437 0.700000 0.998437 0.416667 0.981250 0.435417 0.839063 0.447917 0.881250 0.481250 0.731250 0.479167 0.725000 0.550000 0.760938 0.566667 0.762500 0.606250
4 0.412500 0.460417 0.231250 0.339583 0.228125 0.408333 0.192188 0.454167 0.173437 0.385417 0.037500 0.347917 0.031250 0.568750 0.184375 0.537500 0.201563 0.477083 0.198437 0.535417 0.410938 0.481250
8 0.132812 0.370833 0.209375 0.395833 0.225000 0.412500 0.231250 0.337500 0.320312 0.387500 0.270313 0.345833 0.278125 0.333333 0.275000 0.300000 0.234375 0.289583 0.223438 0.270833 0.187500 0.306250 0.189062 0.368750
8 0.998437 0.145833 0.982812 0.143750 0.979688 0.160417 0.992188 0.175000 0.985938 0.193750 0.973437 0.200000 0.948438 0.197917 0.934375 0.187500 0.934375 0.214583 0.998437 0.222917
8 0.343750 0.372917 0.420312 0.477083 0.490625 0.462500 0.498437 0.393750 0.500000 0.454167 0.553125 0.435417 0.539062 0.506250 0.560937 0.433333 0.607812 0.537500 0.671875 0.552083 0.762500 0.425000 0.826562 0.414583 0.760938 0.375000 0.623437 0.445833 0.609375 0.375000 0.681250 0.220833 0.653125 0.120833 0.529687 0.141667 0.473438 0.410417 0.420312 0.258333
10 0.000000 0.000000 0.023438 0.310417 0.190625 0.241667 0.309375 0.283333 0.343750 0.370833 0.420312 0.256250 0.453125 0.410417 0.553125 0.116667 0.653125 0.118750 0.653125 0.310417 0.732812 0.325000 0.825000 0.200000 0.998437 0.143750 0.998437 0.000000
13 0.732812 0.477083 0.703125 0.500000 0.690625 0.529167 0.689063 0.550000 0.706250 0.581250 0.721875 0.583333 0.725000 0.497917 0.728125 0.495833 0.728125 0.479167
13 0.456250 0.472917 0.464062 0.477083 0.465625 0.495833 0.481250 0.495833 0.482812 0.514583 0.489063 0.520833 0.520312 0.516667 0.535937 0.529167 0.537500 0.483333 0.535937 0.468750 0.529687 0.458333 0.496875 0.456250 0.490625 0.464583 0.489063 0.460417 0.462500 0.456250