0 0.000000 0.797917 0.000000 0.997917 0.998437 0.997917 0.996875 0.785417 0.518750 0.552083 0.450000 0.468750
1 0.604688 0.535417 0.601562 0.558333 0.998437 0.787500 0.996875 0.614583 0.726562 0.581250
1 0.425000 0.479167 0.253125 0.510417 0.000000 0.622917 0.000000 0.795833
2 0.553125 0.431250 0.553125 0.439583 0.568750 0.439583 0.570312 0.443750 0.584375 0.443750 0.585938 0.439583 0.589063 0.439583 0.589063 0.437500 0.592187 0.435417 0.592187 0.427083 0.587500 0.418750 0.581250 0.418750 0.579688 0.416667 0.557813 0.416667
2 0.998437 0.372917 0.992188 0.379167 0.992188 0.387500 0.987500 0.391667 0.985938 0.395833 0.987500 0.402083 0.990625 0.404167 0.990625 0.414583 0.992188 0.416667 0.992188 0.420833 0.993750 0.420833 0.996875 0.427083 0.998437 0.427083
2 0.000000 0.200000 0.090625 0.262500 0.112500 0.235417 0.214062 0.252083 0.217188 0.316667 0.314063 0.381250 0.310937 0.352083 0.282813 0.354167 0.273438 0.250000 0.178125 0.235417 0.168750 0.218750 0.154688 0.229167 0.142187 0.204167 0.104688 0.218750
2 0.998437 0.056250 0.890625 0.185417 0.857812 0.277083 0.784375 0.285417 0.778125 0.250000 0.748437 0.279167 0.682813 0.272917 0.690625 0.291667 0.656250 0.345833 0.707812 0.347917 0.709375 0.391667 0.748437 0.395833 0.759375 0.425000 0.773438 0.389583 0.892188 0.364583 0.921875 0.314583 0.998437 0.289583
4 0.618750 0.464583 0.615625 0.537500 0.732812 0.579167 0.732812 0.466667
4 0.000000 0.212500 0.000000 0.585417 0.076563 0.558333 0.110937 0.579167 0.131250 0.543750 0.409375 0.475000 0.242188 0.337500
5 0.578125 0.181250 0.589063 0.200000 0.614062 0.214583 0.623437 0.233333 0.621875 0.350000 0.626563 0.260417 0.621875 0.220833 0.584375 0.181250
8 0.100000 0.260417 0.112500 0.277083 0.242188 0.335417 0.275000 0.360417 0.270313 0.341667 0.214062 0.314583 0.214062 0.254167 0.192188 0.254167 0.175000 0.239583 0.148438 0.252083 0.112500 0.237500
8 0.900000 0.154167 0.890625 0.162500 0.882812 0.154167 0.873437 0.160417 0.867188 0.189583 0.878125 0.200000 0.864062 0.206250 0.854688 0.245833 0.848437 0.247917 0.846875 0.258333 0.842187 0.260417 0.851562 0.260417 0.857812 0.275000 0.865625 0.262500 0.868750 0.239583 0.879687 0.220833 0.889062 0.185417 0.904687 0.168750
8 0.310937 0.350000 0.410938 0.475000 0.495312 0.452083 0.496875 0.385417 0.500000 0.454167 0.506250 0.393750 0.604688 0.472917 0.617188 0.412500 0.734375 0.466667 0.742188 0.581250 0.998437 0.614583 0.996875 0.289583 0.759375 0.427083 0.654687 0.345833 0.743750 0.145833 0.700000 0.010417 0.545312 0.041667 0.514062 0.402083 0.445312 0.397917 0.409375 0.229167
9 0.093750 0.560417 0.076563 0.560417 0.006250 0.581250 0.000000 0.587500 0.000000 0.620833 0.053125 0.600000 0.084375 0.581250 0.095312 0.581250 0.092188 0.575000
9 0.229687 0.522917 0.210938 0.522917 0.145313 0.545833 0.131250 0.545833 0.117188 0.552083 0.117188 0.570833
10 0.643750 0.000000 0.687500 0.037500 0.700000 0.008333 0.701562 0.102083 0.737500 0.102083 0.745313 0.135417 0.721875 0.175000 0.732812 0.235417 0.678125 0.247917 0.696875 0.272917 0.756250 0.275000 0.762500 0.247917 0.784375 0.283333 0.837500 0.272917 0.876563 0.200000 0.871875 0.160417 0.909375 0.162500 0.998437 0.058333 0.998437 0.000000
10 0.000000 0.197917 0.273438 0.247917 0.293750 0.356250 0.373437 0.327083 0.409375 0.227083 0.446875 0.397917 0.485938 0.362500 0.514062 0.400000 0.485938 0.312500 0.540625 0.216667 0.525000 0.097917 0.617188 0.000000 0.000000 0.000000
13 0.453125 0.458333 0.451562 0.468750 0.465625 0.475000 0.473438 0.502083 0.485938 0.495833 0.503125 0.504167 0.501563 0.527083 0.514062 0.529167 0.518750 0.550000 0.531250 0.539583 0.568750 0.539583 0.600000 0.558333 0.606250 0.489583 0.595313 0.452083 0.531250 0.437500 0.512500 0.466667 0.473438 0.445833