0 0.000000 0.739583 0.000000 0.997917 0.998437 0.997917 0.996875 0.835417 0.668750 0.625000 0.568750 0.627083 0.453125 0.470833
1 0.709375 0.645833 0.998437 0.835417 0.996875 0.727083 0.732812 0.597917
1 0.415625 0.479167 0.034375 0.541667 0.000000 0.566667 0.000000 0.737500
2 0.570312 0.433333 0.579688 0.429167 0.582812 0.422917 0.587500 0.420833 0.593750 0.420833 0.595313 0.418750 0.607812 0.420833 0.610938 0.414583 0.600000 0.414583 0.598437 0.412500 0.581250 0.408333 0.578125 0.414583 0.573438 0.418750 0.573438 0.422917 0.570312 0.427083
2 0.998437 0.195833 0.982812 0.245833 0.929688 0.306250 0.915625 0.297917 0.920312 0.256250 0.843750 0.285417 0.826562 0.277083 0.821875 0.237500 0.801562 0.241667 0.798438 0.270833 0.737500 0.260417 0.726562 0.297917 0.767188 0.287500 0.803125 0.325000 0.837500 0.304167 0.896875 0.364583 0.918750 0.350000 0.998437 0.383333
2 0.139063 0.170833 0.145313 0.210417 0.132812 0.222917 0.145313 0.241667 0.209375 0.279167 0.223438 0.318750 0.278125 0.352083 0.279687 0.335417 0.254688 0.329167 0.243750 0.200000
3 0.507812 0.443750 0.503125 0.452083 0.510938 0.460417 0.514062 0.468750 0.515625 0.495833 0.528125 0.502083 0.539062 0.487500 0.532813 0.481250 0.532813 0.475000 0.535937 0.468750 0.532813 0.470833 0.523438 0.468750 0.514062 0.452083 0.514062 0.445833
3 0.609375 0.418750 0.609375 0.420833 0.614062 0.422917 0.620313 0.422917 0.625000 0.431250 0.628125 0.433333 0.639062 0.433333 0.640625 0.435417 0.651563 0.433333 0.653125 0.435417 0.650000 0.431250 0.650000 0.425000 0.646875 0.425000 0.645312 0.420833 0.631250 0.420833 0.617188 0.414583 0.612500 0.414583
4 0.726562 0.481250 0.740625 0.531250 0.735938 0.600000 0.998437 0.727083 0.998437 0.500000
4 0.000000 0.158333 0.000000 0.562500 0.010937 0.539583 0.395313 0.472917 0.390625 0.447917 0.278125 0.404167 0.275000 0.354167
5 0.648438 0.041667 0.648438 0.054167 0.698438 0.102083 0.710938 0.131250 0.704688 0.304167 0.717187 0.133333 0.704688 0.100000 0.667188 0.052083
8 0.978125 0.154167 0.959375 0.166667 0.945312 0.162500 0.942187 0.150000 0.910937 0.156250 0.904687 0.189583 0.915625 0.195833 0.893750 0.227083 0.918750 0.231250 0.904687 0.254167 0.926562 0.260417 0.917188 0.289583 0.925000 0.304167 0.985938 0.237500 0.998437 0.187500 0.982812 0.187500 0.981250 0.175000 0.970313 0.175000
8 0.000000 0.087500 0.000000 0.156250 0.221875 0.318750 0.209375 0.281250 0.160938 0.258333 0.131250 0.222917 0.143750 0.210417 0.142187 0.156250 0.100000 0.150000 0.073438 0.122917 0.070312 0.097917 0.057813 0.118750 0.029687 0.079167
8 0.279687 0.300000 0.278125 0.402083 0.396875 0.468750 0.489063 0.447917 0.489063 0.370833 0.529687 0.468750 0.581250 0.406250 0.692187 0.441667 0.696875 0.372917 0.726562 0.479167 0.998437 0.497917 0.985938 0.375000 0.725000 0.297917 0.814063 0.091667 0.770312 0.000000 0.546875 0.014583 0.507812 0.404167 0.439063 0.391667 0.400000 0.200000 0.362500 0.322917 0.331250 0.260417
10 0.725000 0.222917 0.767188 0.266667 0.798438 0.268750 0.821875 0.235417 0.828125 0.277083 0.859375 0.283333 0.915625 0.235417 0.892188 0.227083 0.910937 0.154167 0.978125 0.152083 0.971875 0.175000 0.998437 0.185417 0.998437 0.000000 0.771875 0.000000 0.759375 0.047917 0.812500 0.037500 0.795312 0.077083 0.815625 0.091667 0.781250 0.131250 0.792188 0.204167
10 0.000000 0.000000 0.000000 0.085417 0.243750 0.197917 0.256250 0.329167 0.328125 0.258333 0.362500 0.320833 0.400000 0.197917 0.440625 0.391667 0.479687 0.354167 0.507812 0.402083 0.528125 0.377083 0.489063 0.275000 0.560937 0.152083 0.556250 0.000000
13 0.445312 0.454167 0.445312 0.468750 0.460938 0.472917 0.459375 0.495833 0.468750 0.508333 0.498437 0.506250 0.507812 0.516667 0.514062 0.514583 0.514062 0.475000 0.504687 0.454167 0.498437 0.456250 0.482812 0.447917 0.470313 0.447917 0.462500 0.456250 0.451562 0.447917
13 0.535937 0.470833 0.523438 0.564583 0.559375 0.583333 0.568750 0.625000 0.601562 0.606250 0.668750 0.618750 0.706250 0.647917 0.723437 0.622917 0.739062 0.531250 0.723437 0.472917 0.698438 0.445833 0.595313 0.420833 0.548438 0.475000