0 0.998437 0.766667 0.468750 0.483333 0.493750 0.497917 0.000000 0.997917 0.998437 0.997917
1 0.687500 0.550000 0.687500 0.577083 0.998437 0.764583 0.996875 0.658333 0.828125 0.622917
1 0.492188 0.497917 0.039062 0.625000 0.000000 0.670833 0.000000 0.962500
2 0.776563 0.489583 0.853125 0.502083 0.873437 0.470833 0.900000 0.487500 0.921875 0.443750 0.939063 0.447917 0.951562 0.475000 0.973437 0.475000 0.998437 0.452083 0.998437 0.385417 0.835938 0.364583 0.779687 0.416667
2 0.000000 0.077083 0.100000 0.122917 0.139063 0.170833 0.146875 0.214583 0.184375 0.214583 0.209375 0.256250 0.251563 0.237500 0.267188 0.266667 0.282813 0.256250 0.296875 0.291667 0.282813 0.147917 0.132812 0.110417 0.120313 0.081250 0.101562 0.102083 0.092188 0.062500 0.045312 0.052083 0.045312 0.083333
3 0.731250 0.489583 0.679688 0.487500 0.690625 0.512500 0.690625 0.547917 0.701562 0.550000 0.703125 0.554167 0.704688 0.543750 0.714063 0.529167 0.712500 0.520833 0.707812 0.516667 0.710938 0.495833 0.715625 0.491667 0.723437 0.497917
4 0.712500 0.495833 0.709375 0.516667 0.715625 0.529167 0.704688 0.554167 0.834375 0.591667 0.845313 0.589583 0.853125 0.570833 0.850000 0.500000 0.732812 0.489583 0.723437 0.500000
4 0.000000 0.262500 0.000000 0.668750 0.050000 0.616667 0.467187 0.491667 0.467187 0.458333 0.320312 0.420833 0.317188 0.383333
8 0.854688 0.500000 0.850000 0.595833 0.998437 0.643750 0.998437 0.454167 0.957812 0.479167 0.943750 0.470833 0.939063 0.450000 0.921875 0.445833 0.903125 0.487500 0.881250 0.472917
8 0.584375 0.385417 0.581250 0.400000 0.581250 0.454167 0.587500 0.450000 0.592187 0.454167 0.598437 0.454167 0.601562 0.406250 0.596875 0.414583 0.596875 0.422917 0.592187 0.427083 0.589063 0.420833 0.587500 0.393750
8 0.000000 0.085417 0.003125 0.262500 0.329688 0.372917 0.356250 0.429167 0.462500 0.456250 0.465625 0.418750 0.468750 0.481250 0.576562 0.456250 0.573438 0.368750 0.529687 0.410417 0.493750 0.354167 0.478125 0.175000 0.406250 0.354167 0.396875 0.181250 0.320312 0.197917 0.295312 0.295833
8 0.667188 0.035417 0.657813 0.143750 0.632812 0.154167 0.667188 0.172917 0.639062 0.243750 0.687500 0.341667 0.639062 0.406250 0.606250 0.400000 0.604688 0.454167 0.775000 0.489583 0.778125 0.416667 0.835938 0.362500 0.998437 0.383333 0.998437 0.000000 0.695312 0.000000 0.698438 0.045833
9 0.725000 0.562500 0.828125 0.620833 0.998437 0.658333 0.998437 0.645833 0.918750 0.614583
9 0.320312 0.377083 0.318750 0.379167 0.318750 0.400000 0.320312 0.402083 0.318750 0.416667 0.321875 0.414583 0.326562 0.420833 0.342187 0.422917 0.350000 0.427083 0.353125 0.425000 0.348438 0.422917 0.345313 0.406250 0.340625 0.402083 0.342187 0.397917 0.340625 0.385417 0.335938 0.383333 0.329688 0.375000
9 0.310937 0.320833 0.312500 0.333333 0.315625 0.337500 0.337500 0.341667 0.367188 0.372917 0.375000 0.372917 0.370312 0.362500 0.332813 0.329167 0.315625 0.318750
10 0.000000 0.010417 0.000000 0.075000 0.282813 0.145833 0.295312 0.256250 0.396875 0.179167 0.404687 0.345833 0.478125 0.172917 0.529687 0.408333 0.582812 0.362500 0.593750 0.425000 0.596875 0.370833 0.632812 0.402083 0.685937 0.341667 0.631250 0.150000 0.693750 0.000000
13 0.518750 0.468750 0.517188 0.477083 0.540625 0.483333 0.546875 0.502083 0.557813 0.500000 0.557813 0.520833 0.579688 0.531250 0.584375 0.547917 0.595313 0.539583 0.604688 0.566667 0.653125 0.558333 0.673438 0.575000 0.684375 0.570833 0.689063 0.512500 0.670312 0.470833 0.606250 0.452083 0.554688 0.458333 0.543750 0.472917 0.537500 0.462500