0 0.000000 0.941667 0.000000 0.997917 0.998437 0.997917 0.998437 0.733333 0.723437 0.597917 0.629687 0.618750 0.442188 0.462500
1 0.771875 0.600000 0.771875 0.616667 0.998437 0.731250 0.998437 0.666667 0.787500 0.568750
1 0.418750 0.487500 0.003125 0.635417 0.000000 0.939583
2 0.339062 0.418750 0.339062 0.414583 0.331250 0.406250 0.325000 0.412500 0.312500 0.410417 0.304688 0.420833 0.265625 0.416667 0.275000 0.418750 0.276562 0.422917 0.309375 0.425000 0.310937 0.429167 0.331250 0.429167 0.332813 0.433333 0.335938 0.431250 0.326562 0.425000 0.332813 0.418750
2 0.604688 0.337500 0.578125 0.362500 0.571875 0.375000 0.581250 0.379167 0.581250 0.418750 0.595313 0.420833 0.609375 0.433333 0.606250 0.425000 0.607812 0.414583 0.595313 0.410417 0.596875 0.404167 0.592187 0.391667 0.595313 0.364583 0.612500 0.354167 0.610938 0.337500
2 0.251563 0.320833 0.259375 0.329167 0.267188 0.331250 0.273438 0.339583 0.295312 0.347917 0.306250 0.347917 0.303125 0.335417 0.306250 0.325000 0.312500 0.331250 0.318750 0.325000 0.318750 0.320833 0.273438 0.316667 0.271875 0.312500 0.262500 0.312500
2 0.668750 0.258333 0.659375 0.258333 0.653125 0.264583 0.653125 0.270833 0.651563 0.272917 0.651563 0.291667 0.645312 0.302083 0.648438 0.300000 0.654687 0.300000 0.664062 0.285417 0.670312 0.281250 0.670312 0.260417
2 0.998437 0.250000 0.896875 0.322917 0.890625 0.454167 0.998437 0.452083
2 0.000000 0.000000 0.000000 0.131250 0.070312 0.183333 0.084375 0.183333 0.060937 0.143750 0.056250 0.114583 0.060937 0.083333 0.096875 0.027083
4 0.998437 0.622917 0.998437 0.454167 0.756250 0.456250 0.784375 0.497917 0.787500 0.564583
4 0.000000 0.637500 0.387500 0.485417 0.389062 0.447917 0.000000 0.364583
8 0.545312 0.364583 0.535937 0.375000 0.532813 0.393750 0.526563 0.402083 0.521875 0.402083 0.523438 0.452083 0.534375 0.427083 0.539062 0.420833 0.545312 0.418750
8 0.550000 0.368750 0.550000 0.404167 0.548438 0.406250 0.550000 0.418750 0.553125 0.414583 0.579688 0.416667 0.579688 0.379167 0.562500 0.370833 0.560937 0.362500
8 0.657813 0.000000 0.670312 0.031250 0.635938 0.081250 0.682813 0.118750 0.685937 0.172917 0.653125 0.172917 0.690625 0.229167 0.657813 0.252083 0.676562 0.264583 0.635938 0.300000 0.643750 0.327083 0.607812 0.314583 0.596875 0.410417 0.889062 0.454167 0.895312 0.322917 0.998437 0.247917 0.998437 0.000000
8 0.000000 0.133333 0.000000 0.285417 0.195312 0.318750 0.390625 0.472917 0.485938 0.450000 0.490625 0.385417 0.510938 0.437500 0.504687 0.343750 0.473438 0.404167 0.423438 0.352083 0.389062 0.112500 0.307812 0.347917 0.250000 0.320833 0.287500 0.231250 0.243750 0.000000 0.196875 0.056250 0.093750 0.000000 0.057813 0.131250 0.248438 0.327083 0.104688 0.291667
9 0.787500 0.566667 0.889062 0.616667 0.926562 0.622917 0.998437 0.664583 0.998437 0.625000 0.832812 0.570833
9 0.000000 0.287500 0.003125 0.364583 0.256250 0.416667 0.267188 0.393750 0.264062 0.368750 0.203125 0.341667 0.195312 0.320833 0.081250 0.314583 0.054688 0.302083 0.035937 0.270833 0.029687 0.281250 0.015625 0.268750
9 0.064062 0.181250 0.081250 0.208333 0.079687 0.247917 0.104688 0.289583 0.121875 0.287500 0.146875 0.308333 0.192188 0.293750 0.215625 0.306250 0.209375 0.325000 0.248438 0.325000
10 0.245312 0.000000 0.289062 0.231250 0.264062 0.310417 0.339062 0.297917 0.387500 0.110417 0.425000 0.352083 0.471875 0.402083 0.487500 0.331250 0.526563 0.400000 0.540625 0.331250 0.570312 0.372917 0.685937 0.241667 0.651563 0.172917 0.684375 0.172917 0.681250 0.118750 0.634375 0.081250 0.656250 0.000000
10 0.175000 0.000000 0.182812 0.006250 0.184375 0.010417 0.182812 0.018750 0.185938 0.020833 0.185938 0.027083 0.181250 0.035417 0.182812 0.041667 0.179688 0.050000 0.181250 0.052083 0.185938 0.050000 0.189062 0.054167 0.196875 0.054167 0.198437 0.050000 0.196875 0.000000
10 0.103125 0.000000 0.103125 0.006250 0.104688 0.008333 0.101562 0.010417 0.103125 0.010417 0.104688 0.012500 0.104688 0.016667 0.109375 0.020833 0.110937 0.031250 0.120313 0.039583 0.121875 0.037500 0.121875 0.022917 0.123438 0.020833 0.121875 0.016667 0.121875 0.000000
10 0.021875 0.000000 0.090625 0.018750 0.092188 0.022917 0.095312 0.018750 0.092188 0.000000
13 0.448437 0.452083 0.506250 0.485417 0.528125 0.535417 0.560937 0.529167 0.565625 0.566667 0.585938 0.554167 0.610938 0.570833 0.629687 0.616667 0.653125 0.589583 0.723437 0.595833 0.759375 0.620833 0.789062 0.552083 0.779687 0.491667 0.721875 0.427083 0.607812 0.435417 0.548438 0.416667 0.525000 0.454167 0.498437 0.437500