0 0.982812 0.995833 0.935937 0.785417 0.504687 0.479167 0.000000 0.829167 0.000000 0.997917
1 0.628125 0.543750 0.635938 0.570833 0.932813 0.783333 0.951562 0.695833 0.985938 0.666667 0.731250 0.604167
1 0.476562 0.493750 0.231250 0.525000 0.178125 0.562500 0.000000 0.564583 0.000000 0.827083
2 0.706250 0.445833 0.703125 0.500000 0.748437 0.506250 0.764062 0.489583 0.782813 0.495833 0.803125 0.470833 0.829688 0.495833 0.870313 0.475000 0.885938 0.506250 0.907813 0.502083 0.865625 0.427083 0.742188 0.402083
2 0.982812 0.237500 0.925000 0.268750 0.904687 0.320833 0.931250 0.320833 0.946875 0.300000 0.962500 0.306250 0.971875 0.322917 0.968750 0.358333 0.979688 0.360417 0.979688 0.381250 0.995313 0.385417 0.987500 0.418750 0.998437 0.420833 0.998437 0.237500
2 0.073438 0.064583 0.075000 0.106250 0.185938 0.197917 0.198437 0.222917 0.193750 0.256250 0.242188 0.245833 0.259375 0.287500 0.270313 0.260417 0.275000 0.281250 0.292187 0.279167 0.296875 0.314583 0.289062 0.156250 0.148438 0.112500 0.137500 0.085417 0.123438 0.102083 0.115625 0.066667
3 0.625000 0.489583 0.631250 0.512500 0.629687 0.539583 0.662500 0.556250 0.673438 0.547917 0.695312 0.558333 0.704688 0.556250 0.710938 0.566667 0.710938 0.560417 0.723437 0.558333 0.725000 0.535417 0.720313 0.522917 0.723437 0.516667 0.710938 0.516667 0.695312 0.500000
4 0.668750 0.554167 0.739062 0.575000 0.745313 0.560417 0.746875 0.510417 0.725000 0.504167 0.726562 0.510417 0.721875 0.512500 0.701562 0.502083 0.710938 0.514583 0.725000 0.516667 0.725000 0.558333 0.710938 0.562500 0.712500 0.568750 0.704688 0.558333 0.695312 0.560417 0.673438 0.550000
4 0.000000 0.072917 0.000000 0.562500 0.128125 0.539583 0.178125 0.560417 0.231250 0.522917 0.451562 0.487500 0.453125 0.456250 0.189062 0.333333 0.187500 0.222917
8 0.567187 0.385417 0.562500 0.458333 0.576562 0.462500 0.579688 0.420833 0.576562 0.427083 0.571875 0.420833 0.573438 0.416667 0.571875 0.400000 0.567187 0.393750
8 0.671875 0.000000 0.689063 0.058333 0.596875 0.208333 0.645312 0.368750 0.581250 0.456250 0.701562 0.500000 0.742188 0.400000 0.865625 0.425000 0.903125 0.510417 0.803125 0.472917 0.745313 0.508333 0.742188 0.579167 0.998437 0.658333 0.993750 0.385417 0.962500 0.308333 0.903125 0.320833 0.982812 0.235417 0.998437 0.000000
8 0.000000 0.000000 0.001563 0.075000 0.189062 0.222917 0.189062 0.331250 0.451562 0.433333 0.454688 0.481250 0.559375 0.458333 0.560937 0.375000 0.532813 0.416667 0.487500 0.362500 0.470313 0.185417 0.418750 0.331250 0.378125 0.202083 0.292187 0.316667 0.068750 0.100000 0.082812 0.000000
9 0.664062 0.558333 0.731250 0.602083 0.853125 0.633333 0.740625 0.577083
10 0.982812 0.166667 0.981250 0.172917 0.990625 0.197917 0.979688 0.220833 0.984375 0.225000 0.982812 0.227083 0.984375 0.237500 0.998437 0.235417 0.998437 0.172917 0.989062 0.166667 0.984375 0.168750
10 0.078125 0.006250 0.120313 0.097917 0.289062 0.154167 0.300000 0.297917 0.378125 0.200000 0.418750 0.329167 0.470313 0.183333 0.503125 0.402083 0.545312 0.362500 0.576562 0.425000 0.643750 0.368750 0.595313 0.208333 0.687500 0.058333 0.670312 0.000000
13 0.998437 0.660417 0.956250 0.689583 0.935937 0.752083 0.942187 0.850000 0.984375 0.997917 0.998437 0.997917
13 0.507812 0.464583 0.503125 0.477083 0.525000 0.485417 0.537500 0.525000 0.550000 0.539583 0.556250 0.537500 0.560937 0.552083 0.579688 0.543750 0.606250 0.550000 0.618750 0.564583 0.626563 0.560417 0.629687 0.512500 0.610938 0.458333 0.585938 0.454167 0.579688 0.466667 0.556250 0.458333 0.520312 0.472917 0.515625 0.460417