0 0.000000 0.739583 0.000000 0.997917 0.998437 0.997917 0.998437 0.850000 0.753125 0.747917 0.698438 0.775000 0.660937 0.677083 0.576562 0.629167 0.573438 0.560417 0.467187 0.475000
1 0.931250 0.804167 0.957812 0.818750 0.968750 0.829167 0.978125 0.831250 0.984375 0.839583 0.998437 0.847917 0.998437 0.816667 0.984375 0.816667 0.973437 0.810417
1 0.537500 0.508333 0.535937 0.527083 0.575000 0.560417 0.576562 0.545833 0.581250 0.531250 0.556250 0.518750 0.550000 0.518750
1 0.418750 0.483333 0.000000 0.562500 0.000000 0.737500
2 0.603125 0.425000 0.615625 0.418750 0.621875 0.420833 0.625000 0.425000 0.625000 0.445833 0.628125 0.454167 0.634375 0.454167 0.640625 0.443750 0.634375 0.433333 0.637500 0.422917 0.634375 0.412500 0.643750 0.410417 0.648438 0.414583 0.657813 0.414583 0.632812 0.410417 0.631250 0.406250 0.617188 0.406250 0.609375 0.410417
2 0.735938 0.316667 0.742188 0.329167 0.762500 0.331250 0.765625 0.339583 0.773438 0.341667 0.771875 0.327083 0.760938 0.308333 0.768750 0.297917 0.767188 0.293750 0.759375 0.300000 0.750000 0.300000 0.748437 0.308333 0.743750 0.314583
2 0.106250 0.139583 0.107813 0.158333 0.089063 0.177083 0.189062 0.254167 0.198437 0.289583 0.239063 0.316667 0.254688 0.341667 0.270313 0.329167 0.251563 0.335417 0.240625 0.179167
3 0.678125 0.418750 0.635938 0.412500 0.642188 0.443750 0.634375 0.456250 0.626563 0.454167 0.621875 0.422917 0.601562 0.425000 0.590625 0.477083 0.542188 0.472917 0.532813 0.445833 0.517188 0.454167 0.534375 0.470833 0.540625 0.510417 0.582812 0.529167 0.603125 0.506250 0.604688 0.481250 0.621875 0.481250
4 0.000000 0.150000 0.000000 0.539583 0.100000 0.550000 0.400000 0.477083 0.398438 0.450000 0.242188 0.385417 0.239063 0.318750
5 0.846875 0.000000 0.839063 0.000000 0.842187 0.060417 0.826562 0.237500 0.834375 0.235417 0.850000 0.033333
8 0.240625 0.329167 0.242188 0.383333 0.396875 0.447917 0.400000 0.412500 0.403125 0.470833 0.501563 0.450000 0.506250 0.381250 0.512500 0.454167 0.506250 0.368750 0.482812 0.364583 0.464062 0.406250 0.429688 0.360417 0.443750 0.350000 0.412500 0.193750 0.370312 0.264583 0.370312 0.318750 0.328125 0.237500 0.325000 0.264583 0.303125 0.247917 0.273438 0.281250 0.268750 0.333333
8 0.015625 0.020833 0.000000 0.041667 0.000000 0.147917 0.196875 0.287500 0.189062 0.256250 0.087500 0.179167 0.106250 0.158333 0.103125 0.100000 0.054688 0.093750 0.020313 0.047917
8 0.882812 0.000000 0.848437 0.000000 0.850000 0.070833 0.837500 0.197917 0.857812 0.172917 0.848437 0.164583 0.857812 0.133333 0.848437 0.093750 0.860938 0.072917 0.875000 0.070833 0.892188 0.041667 0.890625 0.022917 0.868750 0.029167
8 0.571875 0.000000 0.587500 0.120833 0.510938 0.254167 0.554688 0.370833 0.517188 0.447917 0.590625 0.475000 0.617188 0.404167 0.779687 0.404167 0.998437 0.481250 0.993750 0.141667 0.892188 0.258333 0.865625 0.218750 0.795312 0.254167 0.829688 0.193750 0.837500 0.000000
9 0.000000 0.560417 0.010937 0.558333 0.015625 0.554167 0.021875 0.554167 0.029687 0.550000 0.042188 0.547917 0.037500 0.545833 0.035937 0.541667 0.000000 0.541667
10 0.828125 0.197917 0.818750 0.202083 0.814063 0.210417 0.806250 0.212500 0.803125 0.231250 0.800000 0.233333 0.798438 0.239583 0.795312 0.239583 0.792188 0.243750 0.795312 0.247917 0.795312 0.252083 0.807813 0.252083 0.812500 0.237500 0.820312 0.239583 0.825000 0.237500
10 0.998437 0.000000 0.881250 0.004167 0.870313 0.029167 0.890625 0.020833 0.893750 0.041667 0.850000 0.093750 0.859375 0.133333 0.850000 0.164583 0.859375 0.172917 0.839063 0.200000 0.837500 0.231250 0.870313 0.218750 0.892188 0.256250 0.923438 0.212500 0.921875 0.191667 0.954688 0.204167 0.959375 0.187500 0.948438 0.183333 0.960938 0.143750 0.993750 0.139583 0.998437 0.152083
10 0.000000 0.000000 0.107813 0.137500 0.240625 0.177083 0.254688 0.337500 0.328125 0.235417 0.370312 0.316667 0.407813 0.189583 0.448437 0.393750 0.553125 0.372917 0.509375 0.254167 0.585938 0.120833 0.570312 0.000000
13 0.453125 0.456250 0.451562 0.470833 0.470313 0.477083 0.470313 0.500000 0.484375 0.520833 0.517188 0.516667 0.525000 0.520833 0.528125 0.529167 0.534375 0.527083 0.535937 0.483333 0.526563 0.460417 0.496875 0.450000
13 0.582812 0.531250 0.578125 0.629167 0.660937 0.675000 0.698438 0.772917 0.753125 0.745833 0.998437 0.814583 0.989062 0.472917 0.806250 0.410417 0.714063 0.410417 0.604688 0.483333