0 0.015625 0.997917 0.998437 0.997917 0.998437 0.722917 0.714063 0.575000 0.601562 0.577083 0.501563 0.472917 0.425000 0.479167 0.453125 0.495833
1 0.710938 0.572917 0.998437 0.720833 0.998437 0.643750 0.857812 0.606250 0.717187 0.539583
1 0.451562 0.489583 0.000000 0.645833 0.000000 0.997917
2 0.621875 0.352083 0.596875 0.375000 0.603125 0.395833 0.603125 0.422917 0.600000 0.427083 0.575000 0.427083 0.573438 0.433333 0.600000 0.431250 0.615625 0.435417 0.618750 0.425000 0.607812 0.420833 0.603125 0.395833 0.607812 0.381250 0.618750 0.377083
2 0.998437 0.281250 0.914062 0.275000 0.820312 0.350000 0.814063 0.456250 0.885938 0.456250 0.900000 0.435417 0.921875 0.458333 0.965625 0.456250 0.970313 0.435417 0.998437 0.412500
2 0.000000 0.064583 0.000000 0.093750 0.017188 0.102083 0.026562 0.131250 0.143750 0.235417 0.201563 0.262500 0.181250 0.220833 0.185938 0.185417 0.200000 0.177083 0.189062 0.104167
4 0.696875 0.458333 0.717187 0.493750 0.717187 0.537500 0.942187 0.589583 0.964063 0.564583 0.959375 0.458333
4 0.000000 0.310417 0.000000 0.643750 0.423438 0.487500 0.415625 0.452083 0.159375 0.406250 0.151562 0.362500 0.123438 0.372917 0.092188 0.331250
8 0.887500 0.452083 0.887500 0.456250 0.904687 0.456250 0.906250 0.458333 0.917188 0.458333 0.915625 0.450000 0.910937 0.443750 0.910937 0.441667 0.906250 0.441667 0.904687 0.437500 0.900000 0.437500 0.895312 0.443750 0.890625 0.443750
8 0.998437 0.414583 0.979688 0.425000 0.968750 0.454167 0.960938 0.458333 0.965625 0.564583 0.951562 0.587500 0.953125 0.595833 0.998437 0.612500
8 0.571875 0.375000 0.570312 0.433333 0.575000 0.425000 0.600000 0.425000 0.601562 0.422917 0.601562 0.395833 0.598437 0.385417 0.585938 0.375000 0.576562 0.377083
8 0.564063 0.375000 0.560937 0.393750 0.553125 0.408333 0.545312 0.402083 0.545312 0.375000 0.542188 0.372917 0.542188 0.450000 0.545312 0.418750 0.546875 0.439583 0.560937 0.429167 0.565625 0.431250 0.567187 0.379167
8 0.000000 0.095833 0.003125 0.310417 0.425000 0.477083 0.504687 0.464583 0.518750 0.389583 0.537500 0.443750 0.531250 0.352083 0.506250 0.400000 0.454688 0.364583 0.420312 0.143750 0.390625 0.291667 0.332813 0.347917 0.314063 0.104167 0.212500 0.129167 0.195312 0.268750
8 0.617188 0.035417 0.665625 0.072917 0.623437 0.164583 0.667188 0.204167 0.648438 0.241667 0.675000 0.268750 0.607812 0.383333 0.617188 0.435417 0.812500 0.456250 0.820312 0.347917 0.914062 0.272917 0.998437 0.279167 0.998437 0.000000 0.643750 0.000000
9 0.753125 0.552083 0.857812 0.604167 0.998437 0.641667 0.996875 0.612500 0.951562 0.591667
9 0.162500 0.368750 0.160938 0.395833 0.164062 0.383333 0.167187 0.387500 0.170313 0.383333 0.176563 0.383333 0.182812 0.389583 0.182812 0.397917 0.193750 0.397917 0.201563 0.389583 0.207813 0.391667 0.212500 0.387500 0.212500 0.383333 0.203125 0.375000 0.190625 0.377083 0.173437 0.372917 0.170313 0.368750 0.168750 0.356250
10 0.000000 0.000000 0.000000 0.062500 0.189062 0.102083 0.210938 0.170833 0.237500 0.106250 0.314063 0.102083 0.331250 0.337500 0.389062 0.291667 0.420312 0.141667 0.484375 0.395833 0.515625 0.341667 0.548438 0.404167 0.557813 0.341667 0.595313 0.381250 0.673438 0.272917 0.621875 0.164583 0.664062 0.081250 0.615625 0.037500 0.642188 0.000000
13 0.479687 0.456250 0.479687 0.468750 0.501563 0.470833 0.510938 0.491667 0.528125 0.489583 0.529687 0.516667 0.543750 0.529167 0.562500 0.520833 0.570312 0.550000 0.595313 0.543750 0.601562 0.575000 0.615625 0.575000 0.621875 0.558333 0.678125 0.560417 0.695312 0.581250 0.709375 0.572917 0.715625 0.493750 0.685937 0.445833 0.560937 0.431250 0.543750 0.452083 0.515625 0.445833 0.504687 0.466667