0 0.000000 0.902083 0.000000 0.997917 0.998437 0.997917 0.998437 0.768750 0.803125 0.706250 0.745313 0.750000 0.709375 0.664583 0.435937 0.468750
1 0.998437 0.766667 0.998437 0.737500 0.985938 0.737500 0.984375 0.735417 0.982812 0.737500 0.960938 0.737500 0.959375 0.739583 0.953125 0.737500 0.953125 0.741667 0.965625 0.747917 0.967187 0.752083 0.976562 0.754167
1 0.410938 0.493750 0.000000 0.616667 0.000000 0.900000
2 0.253125 0.410417 0.268750 0.414583 0.270313 0.418750 0.284375 0.418750 0.285938 0.422917 0.309375 0.425000 0.317188 0.414583 0.317188 0.410417 0.312500 0.410417 0.310937 0.406250 0.300000 0.406250 0.296875 0.410417 0.301563 0.418750 0.300000 0.425000 0.285938 0.406250 0.265625 0.408333 0.262500 0.412500
2 0.210938 0.291667 0.242188 0.322917 0.284375 0.341667 0.284375 0.333333 0.293750 0.331250 0.290625 0.329167 0.292187 0.314583 0.303125 0.318750 0.307812 0.314583 0.257812 0.302083 0.253125 0.297917 0.251563 0.285417 0.243750 0.285417 0.240625 0.300000
2 0.684375 0.264583 0.671875 0.260417 0.664062 0.270833 0.660937 0.304167 0.579688 0.377083 0.585938 0.429167 0.629687 0.431250 0.629687 0.422917 0.617188 0.418750 0.617188 0.372917 0.639062 0.354167 0.639062 0.327083 0.653125 0.314583 0.684375 0.325000 0.692187 0.291667 0.682813 0.287500
4 0.964063 0.489583 0.976562 0.506250 0.981250 0.508333 0.982812 0.512500 0.998437 0.527083 0.998437 0.489583
4 0.379688 0.447917 0.253125 0.414583 0.314063 0.368750 0.264062 0.335417 0.226562 0.364583 0.221875 0.404167 0.000000 0.352083 0.000000 0.614583 0.368750 0.495833
8 0.557813 0.372917 0.554688 0.429167 0.557813 0.425000 0.576562 0.418750 0.584375 0.422917 0.584375 0.389583 0.570312 0.385417 0.568750 0.379167 0.565625 0.379167 0.560937 0.370833
8 0.553125 0.370833 0.546875 0.372917 0.546875 0.377083 0.537500 0.385417 0.537500 0.391667 0.532813 0.397917 0.534375 0.404167 0.523438 0.410417 0.523438 0.470833 0.526563 0.470833 0.523438 0.458333 0.526563 0.454167 0.537500 0.458333 0.550000 0.435417
8 0.645312 0.306250 0.640625 0.310417 0.643750 0.316667 0.635938 0.320833 0.631250 0.314583 0.629687 0.304167 0.628125 0.314583 0.620313 0.316667 0.623437 0.325000 0.621875 0.329167 0.617188 0.329167 0.614062 0.322917 0.612500 0.335417 0.609375 0.337500 0.609375 0.345833 0.645312 0.316667 0.646875 0.310417
8 0.262500 0.333333 0.242188 0.325000 0.225000 0.306250 0.218750 0.310417 0.210938 0.304167 0.209375 0.318750 0.193750 0.312500 0.171875 0.316667 0.170313 0.325000 0.179688 0.335417 0.182812 0.354167 0.179688 0.366667 0.185938 0.372917 0.173437 0.391667 0.221875 0.402083 0.229687 0.393750 0.225000 0.364583 0.237500 0.352083 0.251563 0.356250 0.262500 0.343750
8 0.378125 0.100000 0.359375 0.189583 0.335938 0.191667 0.351562 0.260417 0.284375 0.335417 0.315625 0.366667 0.285938 0.404167 0.373437 0.443750 0.356250 0.389583 0.376563 0.391667 0.381250 0.477083 0.482812 0.458333 0.489063 0.418750 0.510938 0.445833 0.504687 0.350000 0.476562 0.352083 0.470313 0.410417 0.421875 0.350000 0.434375 0.327083 0.412500 0.318750 0.437500 0.306250
8 0.729688 0.000000 0.760938 0.022917 0.764062 0.137500 0.709375 0.118750 0.750000 0.193750 0.731250 0.247917 0.693750 0.231250 0.723437 0.252083 0.690625 0.260417 0.684375 0.327083 0.640625 0.327083 0.618750 0.418750 0.662500 0.460417 0.717187 0.425000 0.864062 0.429167 0.998437 0.487500 0.998437 0.000000
8 0.000000 0.000000 0.000000 0.116667 0.209375 0.293750 0.193750 0.272917 0.217188 0.256250 0.210938 0.197917 0.248438 0.175000 0.232813 0.137500 0.246875 0.079167 0.223438 0.072917 0.223438 0.031250 0.198437 0.000000
9 0.000000 0.118750 0.000000 0.350000 0.170313 0.391667 0.184375 0.377083 0.168750 0.318750 0.223438 0.306250
10 0.195312 0.277083 0.309375 0.310417 0.389062 0.093750 0.450000 0.391667 0.517188 0.335417 0.528125 0.408333 0.534375 0.316667 0.579688 0.387500 0.732812 0.243750 0.707812 0.116667 0.759375 0.143750 0.759375 0.022917 0.200000 0.000000 0.250000 0.175000
13 0.462500 0.466667 0.517188 0.502083 0.545312 0.568750 0.596875 0.564583 0.609375 0.627083 0.639062 0.612500 0.709375 0.662500 0.745313 0.747917 0.779687 0.743750 0.789062 0.704167 0.998437 0.735417 0.998437 0.529167 0.921875 0.447917 0.734375 0.425000 0.654687 0.470833 0.576562 0.420833 0.526563 0.472917 0.509375 0.445833