0 0.123438 0.512500 0.145313 0.512500 0.146875 0.516667 0.156250 0.514583 0.201563 0.525000 0.201563 0.489583 0.125000 0.483333
0 0.007812 0.995833 0.998437 0.997917 0.998437 0.768750 0.596875 0.583333 0.498437 0.479167 0.210938 0.491667 0.323437 0.631250
1 0.901563 0.583333 0.907813 0.589583 0.946875 0.597917 0.957812 0.606250 0.990625 0.612500 0.990625 0.602083 0.985938 0.597917 0.956250 0.591667 0.945312 0.583333 0.928125 0.583333 0.914062 0.577083
1 0.709375 0.606250 0.998437 0.766667 0.998437 0.647917 0.878125 0.639583 0.729688 0.572917
1 0.325000 0.589583 0.210938 0.529167 0.203125 0.552083 0.201563 0.527083 0.123438 0.514583 0.118750 0.587500 0.000000 0.643750 0.000000 0.997917 0.303125 0.658333
1 0.210938 0.479167 0.210938 0.489583 0.365625 0.506250 0.429688 0.506250 0.439063 0.487500 0.437500 0.477083 0.395313 0.493750
1 0.125000 0.470833 0.125000 0.481250 0.201563 0.487500 0.201563 0.477083
2 0.876563 0.168750 0.729688 0.295833 0.742188 0.302083 0.735938 0.397917 0.718750 0.410417 0.729688 0.481250 0.785937 0.489583 0.782813 0.437500 0.796875 0.406250 0.820312 0.385417 0.860938 0.383333
2 0.050000 0.156250 0.070312 0.183333 0.079687 0.189583 0.082812 0.195833 0.087500 0.195833 0.089063 0.183333 0.085938 0.166667 0.079687 0.166667 0.076563 0.162500 0.070312 0.162500 0.068750 0.160417 0.057813 0.160417
2 0.985938 0.004167 0.960938 0.035417 0.957812 0.120833 0.887500 0.170833 0.873437 0.383333 0.904687 0.387500 0.923438 0.420833 0.890625 0.581250 0.943750 0.581250 0.964063 0.431250 0.998437 0.331250 0.998437 0.010417
4 0.725000 0.483333 0.725000 0.539583 0.751563 0.539583 0.753125 0.543750 0.793750 0.547917 0.793750 0.535417 0.784375 0.506250 0.785937 0.491667
4 0.123438 0.385417 0.000000 0.341667 0.000000 0.641667 0.120313 0.583333
5 0.212500 0.183333 0.203125 0.550000 0.209375 0.550000 0.215625 0.329167
5 0.871875 0.000000 0.884375 0.085417 0.853125 0.629167 0.892188 0.091667
7 0.123438 0.166667 0.123438 0.189583 0.182812 0.200000 0.185938 0.204167 0.207813 0.206250 0.212500 0.202083 0.210938 0.183333
8 0.896875 0.385417 0.873437 0.385417 0.862500 0.585417 0.889062 0.579167 0.912500 0.506250 0.912500 0.466667 0.918750 0.456250 0.921875 0.420833 0.915625 0.404167
8 0.832812 0.383333 0.814063 0.391667 0.787500 0.425000 0.785937 0.506250 0.798438 0.564583 0.818750 0.581250 0.845313 0.585417 0.860938 0.385417
8 0.610938 0.352083 0.603125 0.354167 0.600000 0.360417 0.600000 0.379167 0.595313 0.379167 0.596875 0.402083 0.587500 0.389583 0.578125 0.397917 0.576562 0.450000 0.587500 0.420833 0.593750 0.412500 0.610938 0.404167 0.610938 0.389583 0.614062 0.387500 0.614062 0.354167
8 0.809375 0.220833 0.801562 0.208333 0.782813 0.233333 0.771875 0.222917 0.757812 0.250000 0.742188 0.227083 0.731250 0.260417 0.718750 0.254167 0.709375 0.308333 0.729688 0.318750 0.701562 0.379167 0.668750 0.279167 0.653125 0.306250 0.646875 0.289583 0.617188 0.358333 0.617188 0.402083 0.717187 0.427083 0.735938 0.387500 0.740625 0.302083 0.728125 0.295833
8 0.000000 0.118750 0.000000 0.339583 0.123438 0.383333 0.126562 0.447917 0.201563 0.470833 0.207813 0.208333 0.123438 0.191667 0.121875 0.170833 0.087500 0.154167 0.082812 0.197917
8 0.109375 0.100000 0.123438 0.164583 0.217188 0.185417 0.212500 0.472917 0.395313 0.491667 0.450000 0.429167 0.498437 0.477083 0.520312 0.414583 0.532813 0.487500 0.570312 0.447917 0.539062 0.316667 0.507812 0.312500 0.489063 0.406250 0.426563 0.310417 0.448437 0.208333 0.403125 0.185417 0.456250 0.156250 0.401562 0.137500 0.435937 0.108333 0.407813 0.000000 0.271875 0.000000 0.268750 0.060417 0.223438 0.045833 0.242188 0.120833 0.184375 0.056250 0.157812 0.145833
9 0.860938 0.587500 0.860938 0.631250 0.895312 0.641667 0.998437 0.645833 0.998437 0.625000 0.989062 0.612500 0.957812 0.608333 0.907813 0.591667 0.900000 0.583333
9 0.721875 0.539583 0.721875 0.570833 0.798438 0.600000 0.843750 0.625000 0.845313 0.587500 0.818750 0.583333 0.779687 0.545833
9 0.125000 0.454167 0.125000 0.468750 0.128125 0.470833 0.201563 0.475000 0.178125 0.458333 0.129688 0.450000
10 0.889062 0.160417 0.956250 0.120833 0.959375 0.035417 0.973437 0.027083 0.984375 0.002083 0.989062 0.014583 0.998437 0.000000 0.873437 0.000000 0.889062 0.027083 0.893750 0.056250
10 0.409375 0.000000 0.437500 0.108333 0.403125 0.137500 0.457813 0.156250 0.404687 0.185417 0.450000 0.208333 0.428125 0.310417 0.467187 0.320833 0.489063 0.404167 0.517188 0.300000 0.565625 0.379167 0.578125 0.264583 0.579688 0.397917 0.665625 0.277083 0.714063 0.370833 0.720313 0.250000 0.878125 0.162500 0.860938 0.000000
10 0.000000 0.116667 0.039062 0.152083 0.121875 0.168750 0.107813 0.100000 0.157812 0.143750 0.176563 0.120833 0.184375 0.054167 0.242188 0.118750 0.221875 0.045833 0.268750 0.058333 0.257812 0.031250 0.275000 0.027083 0.271875 0.002083 0.000000 0.000000
11 0.450000 0.431250 0.445312 0.435417 0.442188 0.452083 0.437500 0.460417 0.440625 0.479167 0.439063 0.500000 0.435937 0.504167 0.431250 0.504167 0.440625 0.510417 0.451562 0.510417 0.451562 0.468750 0.454688 0.466667 0.454688 0.445833
13 0.503125 0.464583 0.503125 0.466667 0.500000 0.468750 0.500000 0.487500 0.504687 0.489583 0.507812 0.485417 0.509375 0.487500 0.512500 0.487500 0.514062 0.489583 0.520312 0.491667 0.520312 0.468750 0.518750 0.464583 0.515625 0.464583 0.514062 0.462500 0.506250 0.462500
13 0.464062 0.452083 0.460938 0.460417 0.460938 0.470833 0.462500 0.472917 0.471875 0.472917 0.478125 0.477083 0.489063 0.477083 0.490625 0.481250 0.490625 0.479167 0.493750 0.477083 0.493750 0.472917 0.489063 0.462500 0.482812 0.462500 0.479687 0.464583 0.475000 0.452083 0.470313 0.452083 0.468750 0.450000
13 0.539062 0.472917 0.531250 0.518750 0.542188 0.516667 0.546875 0.531250 0.560937 0.525000 0.565625 0.554167 0.589063 0.550000 0.596875 0.581250 0.653125 0.570833 0.690625 0.600000 0.712500 0.597917 0.723437 0.472917 0.707812 0.418750 0.612500 0.404167 0.593750 0.414583 0.576562 0.452083 0.554688 0.452083
13 0.998437 0.333333 0.965625 0.431250 0.945312 0.579167 0.985938 0.595833 0.995313 0.622917