0 0.210938 0.479167 0.210938 0.497917 0.212500 0.500000 0.232813 0.502083 0.234375 0.506250 0.254688 0.508333 0.254688 0.495833 0.256250 0.493750 0.254688 0.483333 0.231250 0.481250 0.217188 0.477083
0 0.000000 0.958333 0.000000 0.997917 0.998437 0.997917 0.998437 0.791667 0.501563 0.483333 0.264062 0.485417 0.357812 0.589583
1 0.679688 0.562500 0.671875 0.591667 0.998437 0.789583 0.996875 0.658333 0.953125 0.645833 0.932813 0.662500 0.882812 0.629167 0.800000 0.620833
1 0.357812 0.562500 0.210938 0.500000 0.196875 0.560417 0.000000 0.620833 0.000000 0.956250 0.342187 0.606250
1 0.264062 0.472917 0.264062 0.483333 0.398438 0.502083 0.431250 0.502083 0.435937 0.479167 0.409375 0.489583 0.373437 0.489583 0.282813 0.468750
1 0.210938 0.462500 0.210938 0.477083 0.217188 0.475000 0.218750 0.477083 0.243750 0.479167 0.256250 0.483333 0.256250 0.468750 0.240625 0.468750 0.239063 0.466667 0.226562 0.466667 0.225000 0.462500
2 0.806250 0.241667 0.706250 0.322917 0.714063 0.327083 0.710938 0.383333 0.721875 0.389583 0.720313 0.416667 0.710938 0.425000 0.717187 0.491667 0.743750 0.493750 0.746875 0.437500 0.773438 0.408333 0.793750 0.404167
2 0.154688 0.162500 0.154688 0.172917 0.153125 0.175000 0.153125 0.179167 0.157812 0.183333 0.160938 0.183333 0.164062 0.187500 0.167187 0.187500 0.168750 0.189583 0.171875 0.187500 0.173437 0.189583 0.173437 0.181250 0.168750 0.175000 0.168750 0.170833 0.164062 0.164583 0.160938 0.162500
2 0.989062 0.064583 0.945312 0.066667 0.925000 0.091667 0.917188 0.172917 0.814063 0.235417 0.801562 0.408333 0.845313 0.412500 0.860938 0.435417 0.889062 0.360417 0.998437 0.341667
4 0.682813 0.487500 0.685937 0.522917 0.682813 0.533333 0.751563 0.550000 0.751563 0.537500 0.743750 0.518750 0.743750 0.495833 0.740625 0.491667 0.717187 0.493750 0.715625 0.489583
4 0.000000 0.325000 0.000000 0.612500 0.207813 0.547917 0.214062 0.393750
5 0.270313 0.233333 0.256250 0.527083 0.264062 0.470833
5 0.753125 0.033333 0.814063 0.150000 0.784375 0.612500 0.818750 0.131250
7 0.198437 0.225000 0.200000 0.237500 0.207813 0.241667 0.229687 0.241667 0.231250 0.245833 0.246875 0.245833 0.254688 0.250000 0.267188 0.247917 0.267188 0.237500 0.264062 0.233333 0.245312 0.231250 0.239063 0.227083 0.225000 0.227083 0.223438 0.222917 0.201563 0.220833
8 0.801562 0.410417 0.790625 0.579167 0.842187 0.583333 0.850000 0.477083 0.860938 0.441667 0.845313 0.414583
8 0.789062 0.406250 0.773438 0.410417 0.756250 0.427083 0.745313 0.452083 0.745313 0.518750 0.753125 0.537500 0.753125 0.556250 0.759375 0.568750 0.778125 0.577083 0.792188 0.425000
8 0.607812 0.372917 0.600000 0.372917 0.596875 0.395833 0.593750 0.389583 0.593750 0.393750 0.589063 0.395833 0.581250 0.410417 0.576562 0.402083 0.579688 0.395833 0.578125 0.383333 0.576562 0.431250 0.581250 0.425000 0.606250 0.414583
8 0.640625 0.310417 0.612500 0.372917 0.609375 0.416667 0.676562 0.433333 0.682813 0.485417 0.712500 0.487500 0.709375 0.425000 0.718750 0.416667 0.720313 0.389583 0.693750 0.391667 0.684375 0.360417 0.673438 0.362500 0.675000 0.339583 0.668750 0.316667 0.660937 0.318750 0.660937 0.300000 0.646875 0.322917
8 0.798438 0.235417 0.782813 0.239583 0.778125 0.254167 0.767188 0.245833 0.757812 0.254167 0.759375 0.264583 0.754687 0.268750 0.748437 0.266667 0.742188 0.247917 0.737500 0.250000 0.737500 0.262500 0.732812 0.268750 0.726562 0.264583 0.729688 0.277083 0.723437 0.283333 0.718750 0.270833 0.717187 0.283333 0.706250 0.295833 0.709375 0.312500 0.731250 0.302083 0.800000 0.245833
8 0.000000 0.081250 0.000000 0.322917 0.207813 0.387500 0.256250 0.466667 0.264062 0.252083 0.196875 0.225000 0.270313 0.231250 0.265625 0.466667 0.568750 0.450000 0.543750 0.322917 0.498437 0.410417 0.435937 0.320833 0.456250 0.222917 0.415625 0.206250 0.464062 0.177083 0.415625 0.164583 0.420312 0.000000 0.290625 0.004167 0.301563 0.089583 0.256250 0.072917 0.264062 0.135417 0.212500 0.087500 0.195312 0.170833 0.154688 0.122917 0.173437 0.191667
9 0.789062 0.583333 0.785937 0.612500 0.807813 0.620833 0.881250 0.627083 0.879687 0.606250 0.865625 0.595833 0.842187 0.585417 0.812500 0.587500
9 0.679688 0.545833 0.679688 0.560417 0.776563 0.608333 0.778125 0.579167 0.759375 0.570833 0.750000 0.550000 0.682813 0.539583
10 0.417187 0.208333 0.498437 0.408333 0.523438 0.306250 0.571875 0.381250 0.579688 0.277083 0.581250 0.408333 0.659375 0.297917 0.706250 0.387500 0.715625 0.272917 0.809375 0.220833 0.750000 0.033333 0.815625 0.116667 0.817187 0.231250 0.917188 0.170833 0.945312 0.064583 0.998437 0.127083 0.998437 0.000000 0.421875 0.000000 0.417187 0.164583 0.465625 0.183333
10 0.000000 0.000000 0.000000 0.079167 0.071875 0.137500 0.067187 0.110417 0.104688 0.168750 0.151562 0.179167 0.165625 0.162500 0.154688 0.120833 0.195312 0.168750 0.212500 0.085417 0.264062 0.133333 0.256250 0.070833 0.300000 0.089583 0.284375 0.068750 0.301563 0.058333 0.295312 0.000000
11 0.443750 0.435417 0.435937 0.456250 0.434375 0.477083 0.437500 0.479167 0.437500 0.487500 0.432812 0.502083 0.434375 0.506250 0.450000 0.506250 0.450000 0.500000 0.445312 0.495833 0.443750 0.487500 0.445312 0.479167 0.451562 0.470833 0.451562 0.447917 0.450000 0.437500
13 0.503125 0.472917 0.503125 0.487500 0.506250 0.489583 0.509375 0.487500 0.514062 0.487500 0.517188 0.491667 0.523438 0.491667 0.523438 0.472917 0.521875 0.468750 0.518750 0.468750 0.517188 0.466667 0.507812 0.466667 0.506250 0.470833
13 0.468750 0.456250 0.468750 0.460417 0.465625 0.466667 0.465625 0.470833 0.467187 0.472917 0.473438 0.472917 0.479687 0.477083 0.489063 0.477083 0.490625 0.481250 0.498437 0.481250 0.496875 0.468750 0.495312 0.466667 0.484375 0.466667 0.481250 0.462500 0.481250 0.454167 0.471875 0.452083
13 0.531250 0.487500 0.529687 0.518750 0.551562 0.529167 0.557813 0.547917 0.571875 0.539583 0.578125 0.568750 0.612500 0.558333 0.657813 0.587500 0.675000 0.579167 0.682813 0.502083 0.681250 0.456250 0.670312 0.431250 0.596875 0.418750 0.575000 0.433333 0.567187 0.456250 0.546875 0.460417
13 0.998437 0.343750 0.889062 0.362500 0.859375 0.437500 0.842187 0.575000 0.860938 0.581250 0.907813 0.652083 0.942187 0.660417 0.959375 0.643750 0.998437 0.658333