0 0.000000 0.352083 0.000000 0.997917 0.998437 0.997917 0.279687 0.335417
1 0.000000 0.252083 0.000000 0.350000 0.243750 0.320833 0.235937 0.308333
2 0.998437 0.314583 0.840625 0.318750 0.823438 0.389583 0.870313 0.400000 0.896875 0.393750 0.920312 0.414583 0.940625 0.406250 0.945312 0.420833 0.998437 0.414583
2 0.501563 0.293750 0.503125 0.345833 0.795312 0.391667 0.823438 0.320833 0.792188 0.325000 0.807813 0.358333 0.798438 0.389583 0.781250 0.320833 0.664062 0.320833 0.665625 0.279167 0.648438 0.281250 0.637500 0.318750 0.573438 0.331250
2 0.359375 0.102083 0.354687 0.116667 0.370312 0.206250 0.351562 0.254167 0.364063 0.260417 0.385937 0.310417 0.393750 0.312500 0.410938 0.233333 0.431250 0.214583 0.462500 0.220833 0.462500 0.208333 0.440625 0.164583 0.415625 0.143750 0.398438 0.150000
2 0.000000 0.000000 0.000000 0.122917 0.100000 0.191667 0.104688 0.168750 0.126562 0.168750 0.179688 0.243750 0.223438 0.243750 0.245312 0.287500 0.293750 0.300000 0.282813 0.250000 0.293750 0.239583 0.203125 0.154167 0.181250 0.081250 0.137500 0.018750 0.150000 0.000000
4 0.398438 0.404167 0.398438 0.420833 0.404687 0.427083 0.403125 0.431250 0.398438 0.431250 0.421875 0.454167 0.443750 0.466667 0.446875 0.454167 0.450000 0.452083 0.454688 0.425000 0.448437 0.418750 0.443750 0.420833 0.423438 0.404167
4 0.190625 0.291667 0.192188 0.293750 0.193750 0.289583 0.196875 0.289583 0.203125 0.300000 0.237500 0.308333 0.237500 0.302083 0.240625 0.297917 0.235937 0.291667 0.221875 0.287500 0.217188 0.289583 0.209375 0.275000 0.203125 0.289583 0.200000 0.285417 0.198437 0.287500 0.196875 0.281250
4 0.000000 0.125000 0.000000 0.250000 0.170313 0.287500 0.160938 0.266667 0.165625 0.222917 0.156250 0.237500
5 0.910937 0.000000 0.820312 0.322917 0.737500 0.743750
8 0.820312 0.391667 0.750000 0.687500 0.753125 0.747917 0.875000 0.810417 0.921875 0.870833 0.985938 0.883333 0.998437 0.916667 0.998437 0.416667 0.968750 0.437500 0.896875 0.395833
8 0.179688 0.245833 0.182812 0.250000 0.182812 0.287500 0.192188 0.289583 0.198437 0.272917 0.209375 0.272917 0.217188 0.287500 0.221875 0.285417 0.240625 0.293750 0.243750 0.289583 0.232813 0.272917 0.234375 0.264583 0.223438 0.245833 0.196875 0.243750 0.195312 0.239583
8 0.284375 0.247917 0.351562 0.391667 0.365625 0.360417 0.357812 0.395833 0.401562 0.435417 0.398438 0.402083 0.451562 0.418750 0.448437 0.481250 0.729688 0.739583 0.804688 0.393750 0.503125 0.347917 0.459375 0.218750 0.412500 0.233333 0.393750 0.314583 0.345313 0.227083
8 0.107813 0.168750 0.104688 0.195833 0.126562 0.210417 0.128125 0.214583 0.142187 0.220833 0.156250 0.235417 0.160938 0.231250 0.162500 0.216667 0.154688 0.197917 0.126562 0.170833 0.115625 0.166667
9 0.745313 0.722917 0.742188 0.747917 0.998437 0.995833 0.998437 0.918750 0.985938 0.885417 0.921875 0.872917 0.875000 0.812500 0.843750 0.806250 0.832812 0.785417 0.804688 0.793750 0.781250 0.779167
10 0.912500 0.000000 0.840625 0.316667 0.998437 0.312500 0.998437 0.000000
10 0.139063 0.018750 0.284375 0.237500 0.357812 0.241667 0.359375 0.100000 0.532813 0.316667 0.665625 0.277083 0.664062 0.318750 0.781250 0.318750 0.798438 0.387500 0.900000 0.000000
13 0.365625 0.362500 0.362500 0.362500 0.359375 0.366667 0.357812 0.372917 0.354687 0.375000 0.354687 0.377083 0.351562 0.381250 0.351562 0.387500 0.353125 0.391667 0.362500 0.397917 0.364063 0.397917 0.368750 0.385417 0.368750 0.375000 0.365625 0.372917 0.365625 0.370833 0.368750 0.368750
13 0.240625 0.295833 0.239063 0.310417 0.245312 0.320833 0.265625 0.331250 0.273438 0.325000 0.290625 0.341667 0.296875 0.356250 0.317188 0.368750 0.321875 0.364583 0.321875 0.339583 0.309375 0.312500 0.295312 0.302083 0.276562 0.304167 0.273438 0.310417 0.265625 0.293750 0.250000 0.285417
13 0.165625 0.229167 0.162500 0.233333 0.164062 0.239583 0.164062 0.262500 0.162500 0.264583 0.164062 0.277083 0.168750 0.279167 0.171875 0.285417 0.176563 0.285417 0.181250 0.289583 0.179688 0.283333 0.181250 0.279167 0.181250 0.250000 0.178125 0.245833 0.178125 0.239583 0.170313 0.229167