0 0.000000 0.156250 0.000000 0.997917 0.998437 0.997917 0.998437 0.837500 0.648438 0.654167
1 0.929688 0.775000 0.940625 0.795833 0.942187 0.806250 0.987500 0.835417 0.998437 0.835417 0.998437 0.822917 0.992188 0.820833 0.982812 0.806250 0.962500 0.789583 0.957812 0.781250 0.934375 0.768750
2 0.081250 0.000000 0.090625 0.058333 0.389062 0.210417 0.398438 0.175000 0.410938 0.212500 0.403125 0.125000 0.273438 0.050000 0.270313 0.006250 0.235937 0.035417 0.162500 0.020833 0.153125 0.000000
3 0.000000 0.108333 0.000000 0.154167 0.018750 0.158333 0.032813 0.133333 0.032813 0.125000 0.015625 0.112500 0.006250 0.114583 0.004687 0.110417
5 0.334375 0.206250 0.295312 0.358333 0.298438 0.377083 0.301563 0.377083
8 0.000000 0.000000 0.051562 0.204167 0.293750 0.372917 0.334375 0.204167 0.303125 0.379167 0.998437 0.795833 0.998437 0.500000 0.934375 0.512500 0.998437 0.491667 0.998437 0.343750 0.925000 0.333333 0.998437 0.331250 0.998437 0.000000 0.500000 0.000000 0.501563 0.077083 0.439063 0.000000 0.389062 0.212500
9 0.823438 0.733333 0.884375 0.777083 0.929688 0.837500 0.940625 0.825000 0.985938 0.835417 0.942187 0.808333 0.928125 0.777083 0.934375 0.766667 0.998437 0.820833 0.998437 0.797917 0.968750 0.789583 0.892188 0.729167
9 0.420312 0.458333 0.417187 0.466667 0.540625 0.568750 0.607812 0.612500 0.648438 0.625000 0.542188 0.541667 0.493750 0.518750 0.454688 0.470833 0.437500 0.460417 0.423438 0.468750
9 0.315625 0.389583 0.390625 0.454167 0.404687 0.460417 0.387500 0.441667 0.365625 0.433333 0.356250 0.416667 0.351562 0.416667 0.335938 0.400000
10 0.921875 0.583333 0.915625 0.591667 0.910937 0.591667 0.906250 0.600000 0.895312 0.597917 0.893750 0.600000 0.892188 0.610417 0.896875 0.614583 0.898438 0.620833 0.906250 0.627083 0.914062 0.627083 0.917188 0.622917 0.931250 0.622917 0.935937 0.614583 0.935937 0.604167 0.928125 0.595833 0.926562 0.587500 0.923438 0.587500
10 0.937500 0.552083 0.935937 0.562500 0.932813 0.564583 0.932813 0.568750 0.937500 0.572917 0.946875 0.575000 0.948438 0.579167 0.956250 0.579167 0.957812 0.581250 0.962500 0.579167 0.962500 0.572917 0.954688 0.558333 0.954688 0.556250 0.957812 0.554167 0.957812 0.541667 0.953125 0.541667 0.948438 0.550000 0.940625 0.550000
10 0.935937 0.512500 0.939063 0.516667 0.951562 0.516667 0.956250 0.529167 0.964063 0.533333 0.976562 0.508333 0.982812 0.502083 0.989062 0.502083 0.990625 0.497917 0.998437 0.497917 0.998437 0.493750 0.990625 0.487500 0.973437 0.497917 0.971875 0.493750 0.959375 0.489583 0.953125 0.477083 0.942187 0.493750 0.937500 0.495833
10 0.926562 0.333333 0.929688 0.339583 0.928125 0.350000 0.937500 0.360417 0.984375 0.352083 0.998437 0.341667 0.998437 0.333333 0.968750 0.333333 0.956250 0.322917 0.946875 0.320833 0.928125 0.329167
10 0.487500 0.000000 0.487500 0.012500 0.490625 0.018750 0.487500 0.035417 0.492188 0.054167 0.492188 0.064583 0.498437 0.068750 0.501563 0.075000 0.501563 0.039583 0.504687 0.037500 0.504687 0.025000 0.500000 0.018750 0.498437 0.000000
10 0.154688 0.000000 0.162500 0.018750 0.248438 0.033333 0.262500 0.000000 0.278125 0.014583 0.273438 0.047917 0.373437 0.091667 0.381250 0.116667 0.425000 0.122917 0.417187 0.089583 0.434375 0.108333 0.426563 0.045833 0.437500 0.000000
14 0.940625 0.756250 0.942187 0.762500 0.948438 0.768750 0.962500 0.772917 0.967187 0.779167 0.971875 0.779167 0.975000 0.785417 0.982812 0.787500 0.982812 0.783333 0.978125 0.779167 0.976562 0.758333 0.970313 0.756250 0.965625 0.745833 0.954688 0.750000 0.948438 0.758333 0.946875 0.754167