0 0.000000 0.537500 0.000000 0.997917 0.998437 0.997917 0.998437 0.910417 0.643750 0.641667 0.648438 0.687500 0.426563 0.454167
1 0.467187 0.479167 0.648438 0.685417 0.656250 0.675000 0.643750 0.639583 0.682813 0.658333 0.612500 0.602083 0.603125 0.579167
1 0.000000 0.535417 0.395313 0.452083 0.332813 0.431250 0.000000 0.414583
2 0.998437 0.318750 0.865625 0.347917 0.862500 0.295833 0.839063 0.306250 0.829688 0.358333 0.731250 0.393750 0.664062 0.395833 0.664062 0.418750 0.718750 0.395833 0.871875 0.381250 0.993750 0.400000
2 0.000000 0.000000 0.000000 0.235417 0.245312 0.354167 0.284375 0.333333 0.335938 0.408333 0.382812 0.395833 0.362500 0.441667 0.418750 0.416667 0.428125 0.452083 0.443750 0.425000 0.287500 0.189583 0.293750 0.154167 0.221875 0.000000
3 0.514062 0.483333 0.510938 0.489583 0.510938 0.514583 0.518750 0.518750 0.525000 0.518750 0.529687 0.504167 0.531250 0.502083 0.534375 0.502083 0.537500 0.497917 0.537500 0.493750 0.531250 0.491667 0.526563 0.487500 0.520312 0.487500
4 0.520312 0.520833 0.567187 0.558333 0.606250 0.581250 0.609375 0.577083 0.617188 0.522917 0.610938 0.518750 0.596875 0.518750 0.573438 0.504167 0.553125 0.504167 0.539062 0.497917 0.531250 0.504167 0.525000 0.520833
4 0.334375 0.408333 0.334375 0.414583 0.339062 0.414583 0.339062 0.429167 0.334375 0.433333 0.342187 0.433333 0.360938 0.441667 0.360938 0.435417 0.357812 0.435417 0.356250 0.439583 0.353125 0.437500 0.353125 0.431250 0.350000 0.429167 0.351562 0.422917 0.359375 0.422917 0.362500 0.431250 0.367188 0.427083 0.371875 0.429167 0.375000 0.425000 0.371875 0.427083 0.365625 0.414583 0.346875 0.408333 0.343750 0.404167 0.340625 0.410417
4 0.000000 0.237500 0.000000 0.412500 0.306250 0.429167 0.304688 0.383333
8 0.384375 0.408333 0.384375 0.402083 0.381250 0.395833 0.373437 0.387500 0.371875 0.389583 0.354687 0.389583 0.345313 0.402083 0.346875 0.406250 0.365625 0.412500 0.371875 0.425000 0.373437 0.422917 0.379688 0.422917
8 0.256250 0.333333 0.256250 0.339583 0.250000 0.347917 0.250000 0.356250 0.304688 0.381250 0.306250 0.368750 0.303125 0.366667 0.303125 0.358333 0.293750 0.341667 0.264062 0.327083 0.262500 0.331250
8 0.432812 0.381250 0.467187 0.477083 0.617188 0.520833 0.612500 0.600000 0.998437 0.908333 0.998437 0.400000 0.667188 0.422917 0.601562 0.285417 0.553125 0.312500 0.535937 0.416667 0.485938 0.350000
10 0.223438 0.000000 0.289062 0.189583 0.431250 0.381250 0.485938 0.347917 0.535937 0.414583 0.551562 0.312500 0.601562 0.283333 0.664062 0.393750 0.829688 0.356250 0.862500 0.293750 0.865625 0.345833 0.998437 0.316667 0.998437 0.000000
13 0.514062 0.468750 0.506250 0.468750 0.506250 0.470833 0.503125 0.472917 0.500000 0.481250 0.495312 0.487500 0.495312 0.495833 0.493750 0.497917 0.501563 0.502083 0.503125 0.506250 0.506250 0.506250 0.507812 0.508333 0.507812 0.512500 0.509375 0.512500 0.509375 0.489583 0.514062 0.481250
13 0.440625 0.427083 0.431250 0.437500 0.428125 0.454167 0.442188 0.468750 0.442188 0.477083 0.445312 0.481250 0.456250 0.481250 0.464062 0.487500 0.465625 0.456250 0.460938 0.447917 0.462500 0.445833 0.456250 0.435417 0.451562 0.435417 0.446875 0.427083
13 0.401562 0.422917 0.396875 0.429167 0.395313 0.450000 0.396875 0.454167 0.404687 0.454167 0.409375 0.458333 0.415625 0.460417 0.417187 0.458333 0.417187 0.454167 0.420312 0.450000 0.418750 0.445833 0.420312 0.443750 0.418750 0.431250 0.409375 0.422917
13 0.306250 0.370833 0.306250 0.383333 0.310937 0.387500 0.310937 0.412500 0.307812 0.420833 0.307812 0.429167 0.310937 0.431250 0.331250 0.429167 0.332813 0.425000 0.332813 0.391667 0.329688 0.383333 0.318750 0.375000