0 0.000000 0.247917 0.000000 0.997917 0.998437 0.997917 0.985938 0.854167 0.853125 0.722917
1 0.784375 0.666667 0.787500 0.693750 0.792188 0.687500 0.804688 0.689583 0.881250 0.743750 0.884375 0.729167 0.854688 0.712500 0.814063 0.677083 0.787500 0.662500
1 0.710938 0.639583 0.710938 0.652083 0.760938 0.679167 0.770312 0.662500 0.770312 0.656250 0.762500 0.643750 0.739062 0.627083 0.726562 0.625000 0.723437 0.633333
1 0.115625 0.316667 0.120313 0.329167 0.150000 0.341667 0.171875 0.362500 0.293750 0.427083
2 0.914062 0.489583 0.914062 0.508333 0.917188 0.510417 0.918750 0.525000 0.917188 0.543750 0.914062 0.545833 0.914062 0.552083 0.915625 0.552083 0.918750 0.545833 0.932813 0.537500 0.939063 0.518750 0.942187 0.516667 0.942187 0.508333 0.939063 0.504167 0.934375 0.504167 0.932813 0.500000 0.917188 0.497917
2 0.000000 0.000000 0.000000 0.037500 0.042188 0.068750 0.167187 0.122917 0.254688 0.179167 0.246875 0.079167 0.256250 0.052083 0.203125 0.035417 0.193750 0.000000
5 0.167187 0.125000 0.162500 0.125000 0.162500 0.164583 0.140625 0.264583 0.134375 0.320833 0.140625 0.318750 0.168750 0.162500
8 0.671875 0.597917 0.682813 0.612500 0.687500 0.614583 0.687500 0.618750 0.690625 0.620833 0.690625 0.625000 0.695312 0.631250 0.704688 0.633333 0.706250 0.637500 0.714063 0.637500 0.723437 0.631250 0.725000 0.625000 0.718750 0.625000 0.709375 0.612500 0.703125 0.612500 0.692187 0.602083 0.684375 0.602083 0.682813 0.597917
8 0.000000 0.039583 0.000000 0.218750 0.137500 0.293750 0.162500 0.133333
8 0.170313 0.135417 0.146875 0.297917 0.771875 0.652083 0.798438 0.554167 0.789062 0.662500 0.882812 0.727083 0.998437 0.677083 0.998437 0.493750 0.914062 0.554167 0.890625 0.466667 0.826562 0.545833 0.810937 0.427083 0.678125 0.266667 0.740625 0.268750 0.778125 0.170833 0.718750 0.162500 0.806250 0.072917 0.742188 0.047917 0.775000 0.000000 0.260937 0.000000 0.256250 0.179167
9 0.617188 0.587500 0.656250 0.602083 0.706250 0.650000 0.709375 0.639583 0.695312 0.633333 0.671875 0.595833 0.692187 0.600000 0.718750 0.622917 0.737500 0.625000 0.668750 0.570833 0.659375 0.577083 0.670312 0.587500 0.668750 0.597917 0.646875 0.587500
9 0.000000 0.220833 0.007812 0.252083 0.509375 0.543750 0.306250 0.393750 0.193750 0.347917 0.145313 0.295833 0.134375 0.322917 0.132812 0.295833
10 0.759375 0.389583 0.743750 0.393750 0.732812 0.387500 0.731250 0.395833 0.712500 0.389583 0.707812 0.395833 0.706250 0.408333 0.714063 0.429167 0.706250 0.437500 0.701562 0.479167 0.706250 0.481250 0.712500 0.506250 0.721875 0.514583 0.735938 0.497917 0.734375 0.472917 0.754687 0.466667 0.748437 0.454167 0.750000 0.435417 0.768750 0.404167
10 0.764062 0.008333 0.743750 0.047917 0.810937 0.062500 0.720313 0.156250 0.781250 0.150000 0.742188 0.268750 0.679688 0.264583 0.690625 0.295833 0.723437 0.283333 0.729688 0.343750 0.773438 0.354167 0.829688 0.479167 0.826562 0.543750 0.868750 0.547917 0.890625 0.464583 0.942187 0.506250 0.942187 0.427083 0.973437 0.518750 0.998437 0.491667 0.998437 0.000000
10 0.195312 0.000000 0.198437 0.022917 0.203125 0.033333 0.210938 0.037500 0.235937 0.039583 0.237500 0.043750 0.253125 0.047917 0.254688 0.035417 0.265625 0.047917 0.270313 0.047917 0.271875 0.039583 0.278125 0.043750 0.275000 0.029167 0.259375 0.000000
11 0.798438 0.556250 0.792188 0.560417 0.787500 0.577083 0.776563 0.591667 0.781250 0.606250 0.776563 0.650000 0.760938 0.681250 0.760938 0.687500 0.768750 0.693750 0.785937 0.695833 0.782813 0.666667 0.806250 0.618750
13 0.898438 0.708333 0.882812 0.741667 0.885938 0.779167 0.928125 0.800000 0.981250 0.843750 0.998437 0.889583 0.998437 0.679167 0.971875 0.677083