0 0.000000 0.179167 0.000000 0.997917 0.998437 0.997917 0.976562 0.806250
2 0.028125 0.000000 0.025000 0.022917 0.364063 0.214583 0.379688 0.206250 0.379688 0.108333 0.234375 0.025000 0.232813 0.000000
5 0.300000 0.185417 0.273438 0.289583 0.260937 0.354167 0.264062 0.362500 0.270313 0.352083
8 0.000000 0.000000 0.020313 0.193750 0.259375 0.358333 0.300000 0.183333 0.268750 0.360417 0.998437 0.812500 0.996875 0.433333 0.909375 0.362500 0.998437 0.191667 0.910937 0.183333 0.998437 0.133333 0.962500 0.000000 0.464062 0.000000 0.465625 0.068750 0.403125 0.000000 0.373437 0.216667
9 0.796875 0.697917 0.843750 0.747917 0.846875 0.714583 0.884375 0.741667 0.892188 0.735417 0.998437 0.825000 0.965625 0.783333 0.904687 0.747917 0.862500 0.704167 0.839063 0.693750
9 0.265625 0.362500 0.448437 0.506250 0.609375 0.600000 0.403125 0.437500 0.362500 0.433333 0.326562 0.387500
9 0.050000 0.212500 0.173437 0.297917 0.153125 0.279167 0.151562 0.266667 0.109375 0.241667 0.078125 0.212500
10 0.959375 0.468750 0.956250 0.472917 0.960938 0.481250 0.964063 0.481250 0.967187 0.487500 0.971875 0.487500 0.973437 0.491667 0.978125 0.491667 0.987500 0.504167 0.987500 0.508333 0.992188 0.510417 0.993750 0.529167 0.998437 0.537500 0.998437 0.543750 0.998437 0.483333 0.982812 0.483333 0.981250 0.479167 0.975000 0.477083 0.973437 0.468750
10 0.928125 0.468750 0.910937 0.460417 0.890625 0.466667 0.882812 0.452083 0.871875 0.458333 0.867188 0.483333 0.884375 0.487500 0.889062 0.512500 0.865625 0.531250 0.879687 0.556250 0.867188 0.568750 0.856250 0.552083 0.843750 0.562500 0.840625 0.577083 0.860938 0.600000 0.876563 0.595833 0.884375 0.583333 0.881250 0.552083 0.907813 0.550000 0.900000 0.533333 0.903125 0.510417
10 0.860938 0.339583 0.885938 0.341667 0.904687 0.337500 0.920312 0.322917 0.910937 0.318750 0.890625 0.316667 0.889062 0.312500 0.881250 0.308333 0.860938 0.316667 0.865625 0.322917 0.865625 0.329167 0.862500 0.331250
10 0.998437 0.193750 0.948438 0.239583 0.940625 0.310417 0.910937 0.362500 0.929688 0.383333 0.932813 0.412500 0.970313 0.404167 0.979688 0.422917 0.998437 0.433333 0.998437 0.447917
10 0.998437 0.135417 0.985938 0.150000 0.973437 0.152083 0.953125 0.164583 0.912500 0.175000 0.912500 0.183333 0.926562 0.183333 0.934375 0.193750 0.940625 0.185417 0.962500 0.183333 0.976562 0.168750 0.989062 0.168750 0.998437 0.162500
10 0.945312 0.041667 0.950000 0.043750 0.950000 0.047917 0.956250 0.043750 0.968750 0.054167 0.979688 0.054167 0.995313 0.047917 0.998437 0.050000 0.998437 0.000000 0.964063 0.000000 0.954688 0.020833 0.954688 0.027083
10 0.451562 0.000000 0.453125 0.039583 0.457813 0.056250 0.465625 0.066667 0.465625 0.045833 0.464062 0.043750 0.464062 0.035417 0.467187 0.027083 0.465625 0.010417 0.462500 0.000000
10 0.234375 0.000000 0.234375 0.022917 0.339062 0.072917 0.343750 0.095833 0.387500 0.106250 0.381250 0.072917 0.398438 0.091667 0.401562 0.066667 0.389062 0.035417 0.396875 0.031250 0.392188 0.010417 0.401562 0.000000