0 0.000000 0.562500 0.000000 0.997917 0.998437 0.997917 0.998437 0.885417 0.725000 0.681250 0.687500 0.727083 0.434375 0.464583
1 0.473438 0.489583 0.696875 0.729167 0.720313 0.679167 0.631250 0.614583 0.623437 0.587500
1 0.000000 0.560417 0.400000 0.462500 0.332813 0.445833 0.000000 0.439583
2 0.998437 0.304167 0.884375 0.333333 0.889062 0.289583 0.878125 0.281250 0.854688 0.291667 0.840625 0.347917 0.675000 0.402083 0.687500 0.416667 0.728125 0.391667 0.935937 0.360417 0.998437 0.366667
2 0.000000 0.000000 0.001563 0.262500 0.232813 0.364583 0.282813 0.345833 0.345313 0.450000 0.378125 0.397917 0.392188 0.441667 0.367188 0.454167 0.412500 0.431250 0.434375 0.462500 0.451562 0.435417 0.287500 0.204167 0.209375 0.000000
3 0.520312 0.493750 0.518750 0.522917 0.578125 0.564583 0.582812 0.558333 0.585938 0.510417 0.559375 0.508333 0.537500 0.493750
4 0.589063 0.512500 0.584375 0.558333 0.579688 0.564583 0.623437 0.585417 0.632812 0.529167 0.625000 0.522917
4 0.000000 0.262500 0.000000 0.437500 0.307812 0.447917 0.309375 0.393750
8 0.390625 0.418750 0.387500 0.410417 0.378125 0.400000 0.368750 0.404167 0.359375 0.404167 0.350000 0.416667 0.350000 0.431250 0.353125 0.433333 0.357812 0.422917 0.365625 0.427083 0.368750 0.422917 0.376563 0.443750 0.378125 0.437500 0.379688 0.439583 0.385937 0.431250
8 0.242188 0.362500 0.245312 0.370833 0.284375 0.385417 0.290625 0.391667 0.303125 0.393750 0.301563 0.366667 0.298438 0.360417 0.275000 0.343750 0.256250 0.343750 0.253125 0.347917 0.253125 0.356250
8 0.439063 0.389583 0.475000 0.487500 0.481250 0.391667 0.482812 0.477083 0.629687 0.522917 0.631250 0.612500 0.998437 0.883333 0.998437 0.377083 0.682813 0.418750 0.609375 0.281250 0.565625 0.300000 0.543750 0.420833 0.492188 0.358333
10 0.210938 0.000000 0.289062 0.204167 0.435937 0.391667 0.492188 0.356250 0.543750 0.418750 0.564063 0.300000 0.609375 0.279167 0.675000 0.391667 0.840625 0.345833 0.878125 0.279167 0.884375 0.331250 0.998437 0.302083 0.998437 0.000000
13 0.517188 0.518750 0.517188 0.502083 0.521875 0.489583 0.520312 0.477083 0.514062 0.475000 0.501563 0.493750 0.495312 0.489583 0.495312 0.479167 0.481250 0.477083 0.478125 0.489583 0.489063 0.495833 0.496875 0.506250 0.509375 0.510417
13 0.440625 0.441667 0.437500 0.447917 0.435937 0.466667 0.446875 0.477083 0.448437 0.487500 0.462500 0.487500 0.467187 0.495833 0.471875 0.495833 0.473438 0.487500 0.471875 0.466667 0.462500 0.441667 0.456250 0.441667 0.451562 0.437500
13 0.406250 0.433333 0.400000 0.452083 0.400000 0.460417 0.401562 0.464583 0.415625 0.466667 0.421875 0.470833 0.425000 0.462500 0.425000 0.456250 0.423438 0.454167 0.423438 0.445833 0.420312 0.437500 0.412500 0.433333
13 0.304688 0.381250 0.304688 0.393750 0.309375 0.391667 0.312500 0.397917 0.309375 0.443750 0.335938 0.445833 0.337500 0.414583 0.332813 0.395833