0 0.000000 0.187500 0.000000 0.997917 0.998437 0.997917 0.998437 0.825000 0.968750 0.852083 0.837500 0.708333 0.473438 0.531250
1 0.834375 0.693750 0.857812 0.725000 0.907813 0.766667 0.939063 0.777083 0.970313 0.802083 0.967187 0.791667 0.935937 0.764583
2 0.003125 0.006250 0.198437 0.127083 0.293750 0.158333 0.345313 0.206250 0.367188 0.200000 0.357812 0.133333 0.371875 0.104167 0.331250 0.093750 0.321875 0.062500 0.215625 0.000000
5 0.293750 0.160417 0.289062 0.166667 0.284375 0.162500 0.284375 0.193750 0.250000 0.339583 0.253125 0.356250
8 0.381250 0.008333 0.368750 0.200000 0.290625 0.177083 0.265625 0.343750 0.726562 0.672917 0.892188 0.685417 0.970313 0.793750 0.998437 0.631250 0.932813 0.460417 0.989062 0.456250 0.825000 0.304167 0.914062 0.306250 0.982812 0.156250 0.884375 0.175000 0.998437 0.056250 0.921875 0.050000 0.940625 0.000000 0.451562 0.000000 0.451562 0.068750
8 0.000000 0.000000 0.000000 0.185417 0.076563 0.210417 0.248438 0.352083 0.282813 0.168750
9 0.771875 0.681250 0.820312 0.725000 0.825000 0.725000 0.823438 0.700000 0.850000 0.716667 0.832812 0.697917 0.834375 0.691667 0.873437 0.720833 0.853125 0.697917 0.828125 0.691667 0.818750 0.681250 0.812500 0.683333 0.809375 0.695833
9 0.260937 0.337500 0.257812 0.360417 0.440625 0.506250 0.617188 0.610417 0.367188 0.410417 0.335938 0.416667
9 0.031250 0.206250 0.157812 0.291667 0.139063 0.275000 0.145313 0.272917 0.140625 0.264583 0.117188 0.260417 0.114062 0.243750 0.104688 0.241667 0.076563 0.212500 0.054688 0.197917
10 0.925000 0.460417 0.885938 0.452083 0.868750 0.458333 0.860938 0.441667 0.850000 0.445833 0.843750 0.470833 0.862500 0.479167 0.868750 0.497917 0.843750 0.516667 0.856250 0.550000 0.845313 0.556250 0.834375 0.539583 0.826562 0.547917 0.828125 0.575000 0.843750 0.589583 0.864062 0.581250 0.865625 0.541667 0.889062 0.543750 0.884375 0.504167 0.901563 0.475000
10 0.998437 0.087500 0.957812 0.150000 0.885938 0.175000 0.909375 0.193750 0.984375 0.156250 0.920312 0.239583 0.912500 0.310417 0.826562 0.304167 0.842187 0.339583 0.900000 0.318750 0.882812 0.370833 0.904687 0.404167 0.943750 0.400000 0.989062 0.452083 0.934375 0.460417 0.990625 0.556250 0.982812 0.637500
10 0.921875 0.041667 0.921875 0.047917 0.932813 0.047917 0.942187 0.056250 0.946875 0.054167 0.946875 0.058333 0.967187 0.050000 0.968750 0.054167 0.981250 0.052083 0.987500 0.058333 0.996875 0.056250 0.998437 0.000000 0.942187 0.000000 0.935937 0.006250 0.926562 0.037500
10 0.437500 0.000000 0.439063 0.004167 0.437500 0.022917 0.440625 0.031250 0.442188 0.047917 0.451562 0.062500 0.451562 0.066667 0.451562 0.062500 0.454688 0.060417 0.451562 0.052083 0.451562 0.029167 0.454688 0.027083 0.454688 0.012500 0.451562 0.008333 0.450000 0.000000
10 0.217188 0.000000 0.225000 0.016667 0.321875 0.060417 0.331250 0.091667 0.375000 0.102083 0.368750 0.070833 0.385937 0.089583 0.384375 0.072917 0.392188 0.075000 0.376563 0.035417 0.384375 0.029167 0.379688 0.008333 0.389062 0.000000
11 0.998437 0.712500 0.992188 0.727083 0.982812 0.729167 0.975000 0.747917 0.975000 0.770833 0.968750 0.781250 0.971875 0.806250 0.964063 0.822917 0.964063 0.845833 0.968750 0.850000 0.979688 0.850000 0.979688 0.835417 0.985938 0.827083 0.998437 0.822917
14 0.867188 0.691667 0.868750 0.693750 0.865625 0.702083 0.865625 0.710417 0.868750 0.714583 0.871875 0.714583 0.875000 0.720833 0.887500 0.722917 0.898438 0.731250 0.903125 0.731250 0.907813 0.725000 0.906250 0.720833 0.907813 0.702083 0.903125 0.695833 0.900000 0.695833 0.887500 0.685417 0.876563 0.685417 0.871875 0.691667