0 0.000000 0.125000 0.000000 0.997917 0.998437 0.997917 0.998437 0.914583
2 0.479687 0.166667 0.460938 0.252083 0.500000 0.275000 0.512500 0.268750 0.518750 0.281250 0.532813 0.283333 0.529687 0.193750 0.496875 0.187500 0.492188 0.170833
2 0.245312 0.093750 0.246875 0.158333 0.368750 0.220833 0.454688 0.247917 0.473438 0.164583 0.403125 0.143750 0.404687 0.104167 0.389062 0.102083 0.375000 0.135417 0.310937 0.129167 0.301563 0.110417
2 0.057813 0.029167 0.057813 0.033333 0.060937 0.035417 0.060937 0.047917 0.071875 0.058333 0.075000 0.054167 0.081250 0.058333 0.090625 0.058333 0.098437 0.064583 0.100000 0.060417 0.104688 0.060417 0.110937 0.052083 0.107813 0.041667 0.093750 0.033333 0.085938 0.035417 0.084375 0.031250 0.079687 0.029167 0.078125 0.031250
5 0.451562 0.264583 0.407813 0.433333 0.409375 0.450000 0.418750 0.429167 0.420312 0.404167
5 0.504687 0.000000 0.500000 0.068750 0.454688 0.254167 0.504687 0.060417
8 0.000000 0.000000 0.000000 0.122917 0.404687 0.443750 0.451562 0.262500 0.423438 0.454167 0.998437 0.900000 0.998437 0.000000 0.560937 0.004167 0.532813 0.285417 0.246875 0.160417 0.190625 0.000000 0.098437 0.066667
9 0.418750 0.431250 0.410938 0.454167 0.635938 0.652083 0.731250 0.700000 0.632812 0.622917 0.537500 0.518750 0.453125 0.483333 0.420312 0.452083
9 0.240625 0.316667 0.256250 0.329167 0.262500 0.329167 0.312500 0.372917 0.285938 0.343750 0.273438 0.337500 0.271875 0.333333 0.275000 0.331250 0.275000 0.325000 0.267188 0.316667 0.253125 0.308333 0.246875 0.316667
10 0.626563 0.018750 0.625000 0.031250 0.628125 0.039583 0.628125 0.047917 0.625000 0.052083 0.625000 0.060417 0.629687 0.079167 0.628125 0.083333 0.629687 0.095833 0.634375 0.089583 0.634375 0.072917 0.637500 0.068750 0.637500 0.058333 0.631250 0.045833 0.631250 0.029167 0.629687 0.020833
10 0.609375 0.000000 0.506250 0.000000 0.506250 0.060417 0.479687 0.164583 0.496875 0.185417 0.529687 0.191667 0.529687 0.166667 0.546875 0.168750 0.540625 0.133333 0.565625 0.164583 0.550000 0.091667 0.559375 0.085417 0.553125 0.066667 0.564063 0.070833 0.559375 0.004167 0.582812 0.050000 0.579688 0.006250 0.598437 0.022917
10 0.192188 0.000000 0.231250 0.068750 0.248438 0.070833 0.251563 0.095833 0.301563 0.108333 0.310937 0.127083 0.375000 0.133333 0.389062 0.100000 0.404687 0.102083 0.403125 0.141667 0.467187 0.162500 0.501563 0.050000 0.501563 0.000000
10 0.042188 0.002083 0.045312 0.004167 0.046875 0.016667 0.056250 0.029167 0.079687 0.027083 0.106250 0.033333 0.121875 0.016667 0.125000 0.000000