0 0.998437 0.825000 0.506250 0.493750 0.000000 0.764583 0.000000 0.997917 0.998437 0.997917
1 0.581250 0.510417 0.603125 0.547917 0.998437 0.822917 0.998437 0.695833
1 0.476562 0.504167 0.318750 0.502083 0.259375 0.533333 0.146875 0.504167 0.126562 0.581250 0.000000 0.608333 0.000000 0.762500
2 0.675000 0.385417 0.668750 0.385417 0.667188 0.389583 0.662500 0.389583 0.660937 0.393750 0.657813 0.391667 0.657813 0.385417 0.657813 0.391667 0.643750 0.404167 0.646875 0.414583 0.646875 0.431250 0.651563 0.435417 0.668750 0.433333 0.670312 0.429167 0.668750 0.406250
2 0.707812 0.350000 0.690625 0.350000 0.687500 0.347917 0.685937 0.356250 0.682813 0.360417 0.681250 0.366667 0.687500 0.368750 0.689063 0.370833 0.689063 0.377083 0.692187 0.368750 0.692187 0.364583 0.695312 0.360417 0.703125 0.360417 0.704688 0.358333 0.706250 0.360417 0.707812 0.358333
2 0.821875 0.316667 0.815625 0.316667 0.779687 0.347917 0.760938 0.337500 0.748437 0.347917 0.748437 0.356250 0.754687 0.362500 0.765625 0.352083 0.785937 0.350000 0.793750 0.339583 0.817187 0.329167
2 0.000000 0.000000 0.020313 0.397917 0.135937 0.433333 0.254688 0.400000 0.315625 0.462500 0.328125 0.425000 0.368750 0.456250 0.432812 0.420833 0.471875 0.491667 0.479687 0.460417 0.506250 0.491667 0.554688 0.470833 0.462500 0.362500 0.407813 0.354167 0.379688 0.275000 0.126562 0.006250
3 0.707812 0.504167 0.706250 0.568750 0.726562 0.575000 0.728125 0.579167 0.743750 0.579167 0.746875 0.560417 0.751563 0.556250 0.751563 0.550000 0.748437 0.547917 0.751563 0.520833 0.743750 0.504167 0.732812 0.504167 0.731250 0.508333 0.728125 0.504167
3 0.581250 0.493750 0.581250 0.508333 0.592187 0.516667 0.623437 0.529167 0.629687 0.525000 0.631250 0.516667 0.639062 0.516667 0.642188 0.533333 0.642188 0.504167 0.639062 0.500000 0.618750 0.497917 0.614062 0.489583 0.598437 0.489583 0.596875 0.493750 0.590625 0.489583 0.589063 0.493750
4 0.745313 0.504167 0.753125 0.556250 0.737500 0.581250 0.998437 0.693750 0.998437 0.535417
4 0.315625 0.464583 0.318750 0.500000 0.340625 0.506250 0.409375 0.510417 0.470313 0.495833 0.470313 0.479167 0.462500 0.470833 0.420312 0.475000 0.415625 0.460417
4 0.000000 0.400000 0.006250 0.450000 0.000000 0.460417 0.000000 0.606250 0.126562 0.579167 0.132812 0.416667
5 0.706250 0.458333 0.703125 0.464583 0.703125 0.487500 0.698438 0.508333 0.698438 0.533333 0.695312 0.545833 0.695312 0.564583 0.698438 0.568750 0.704688 0.568750
5 0.664062 0.160417 0.664062 0.170833 0.689063 0.189583 0.714063 0.222917 0.710938 0.358333 0.717187 0.222917 0.706250 0.202083
8 0.450000 0.445833 0.432812 0.422917 0.403125 0.431250 0.385937 0.456250 0.368750 0.458333 0.357812 0.454167 0.353125 0.435417 0.335938 0.435417 0.329688 0.427083 0.320312 0.435417 0.320312 0.443750 0.328125 0.447917 0.326562 0.460417 0.415625 0.458333 0.420312 0.472917 0.440625 0.468750
8 0.000000 0.329167 0.000000 0.397917 0.015625 0.400000 0.018750 0.397917 0.017188 0.385417 0.012500 0.381250 0.007812 0.362500 0.009375 0.360417 0.009375 0.337500
8 0.998437 0.077083 0.828125 0.225000 0.817187 0.331250 0.754687 0.364583 0.759375 0.333333 0.721875 0.331250 0.662500 0.437500 0.600000 0.354167 0.535937 0.364583 0.518750 0.427083 0.578125 0.491667 0.568750 0.379167 0.582812 0.491667 0.645312 0.502083 0.706250 0.456250 0.707812 0.502083 0.998437 0.533333
10 0.120313 0.000000 0.407813 0.352083 0.518750 0.418750 0.535937 0.362500 0.642188 0.404167 0.707812 0.347917 0.712500 0.222917 0.664062 0.158333 0.718750 0.222917 0.714063 0.341667 0.779687 0.345833 0.832812 0.216667 0.998437 0.075000 0.998437 0.000000
13 0.653125 0.477083 0.646875 0.502083 0.643750 0.504167 0.643750 0.533333 0.657813 0.537500 0.671875 0.547917 0.695312 0.543750 0.701562 0.477083 0.675000 0.477083 0.668750 0.472917
13 0.528125 0.479167 0.525000 0.495833 0.539062 0.504167 0.540625 0.518750 0.543750 0.522917 0.546875 0.522917 0.550000 0.516667 0.567187 0.518750 0.573438 0.529167 0.578125 0.527083 0.579688 0.502083 0.573438 0.477083 0.550000 0.472917 0.546875 0.479167
13 0.479687 0.462500 0.475000 0.472917 0.475000 0.485417 0.473438 0.487500 0.475000 0.502083 0.478125 0.506250 0.481250 0.506250 0.482812 0.502083 0.490625 0.502083 0.492188 0.506250 0.501563 0.506250 0.504687 0.502083 0.504687 0.483333 0.501563 0.481250 0.498437 0.464583 0.496875 0.462500
13 0.132812 0.441667 0.131250 0.512500 0.146875 0.502083 0.164062 0.516667 0.215625 0.508333 0.234375 0.529167 0.259375 0.531250 0.268750 0.518750 0.287500 0.527083 0.317188 0.502083 0.312500 0.450000 0.293750 0.412500 0.192188 0.395833