0 0.000000 0.704167 0.000000 0.997917 0.998437 0.997917 0.996875 0.897917 0.478125 0.487500
1 0.518750 0.500000 0.998437 0.900000 0.996875 0.733333 0.832812 0.664583 0.829688 0.600000 0.698438 0.587500
1 0.434375 0.487500 0.000000 0.572917 0.000000 0.702083
2 0.998437 0.183333 0.826562 0.300000 0.817187 0.381250 0.784375 0.456250 0.807813 0.454167 0.845313 0.347917 0.864062 0.370833 0.873437 0.320833 0.896875 0.283333 0.996875 0.241667
2 0.000000 0.000000 0.000000 0.391667 0.173437 0.422917 0.218750 0.375000 0.348438 0.460417 0.404687 0.429167 0.414062 0.466667 0.506250 0.468750 0.240625 0.193750 0.245312 0.145833 0.145313 0.002083
3 0.579688 0.489583 0.579688 0.529167 0.601562 0.539583 0.609375 0.539583 0.610938 0.543750 0.612500 0.539583 0.623437 0.533333 0.625000 0.522917 0.621875 0.504167 0.631250 0.497917 0.604688 0.493750 0.603125 0.489583
3 0.525000 0.487500 0.525000 0.500000 0.526563 0.502083 0.529687 0.502083 0.531250 0.506250 0.535937 0.506250 0.550000 0.514583 0.553125 0.514583 0.554688 0.512500 0.554688 0.508333 0.556250 0.506250 0.556250 0.493750 0.554688 0.489583 0.546875 0.489583 0.543750 0.485417
4 0.612500 0.541667 0.714063 0.589583 0.829688 0.597917 0.840625 0.527083 0.837500 0.510417 0.825000 0.508333 0.729688 0.510417 0.725000 0.500000 0.623437 0.504167 0.626563 0.529167
4 0.346875 0.491667 0.373437 0.491667 0.381250 0.497917 0.409375 0.495833 0.410938 0.491667 0.432812 0.487500 0.435937 0.472917 0.412500 0.466667 0.403125 0.468750 0.392188 0.460417 0.375000 0.464583 0.346875 0.460417
4 0.000000 0.393750 0.000000 0.570833 0.237500 0.527083 0.265625 0.445833 0.279687 0.456250 0.268750 0.518750 0.298438 0.514583 0.295312 0.425000 0.267188 0.445833
8 0.268750 0.447917 0.265625 0.447917 0.264062 0.454167 0.257812 0.458333 0.257812 0.462500 0.248438 0.472917 0.243750 0.497917 0.245312 0.510417 0.239063 0.527083 0.264062 0.522917 0.275000 0.506250 0.278125 0.485417 0.278125 0.456250
8 0.418750 0.445833 0.412500 0.441667 0.407813 0.433333 0.400000 0.431250 0.392188 0.437500 0.382812 0.437500 0.382812 0.441667 0.376563 0.445833 0.371875 0.456250 0.362500 0.456250 0.356250 0.460417 0.375000 0.462500 0.392188 0.458333 0.398438 0.464583 0.410938 0.466667
8 0.175000 0.420833 0.267188 0.443750 0.281250 0.441667 0.270313 0.400000 0.231250 0.379167 0.218750 0.377083 0.203125 0.385417 0.201563 0.410417 0.182812 0.412500
8 0.476562 0.389583 0.518750 0.497917 0.512500 0.393750 0.525000 0.485417 0.837500 0.508333 0.828125 0.656250 0.998437 0.733333 0.998437 0.239583 0.896875 0.285417 0.789062 0.462500 0.817187 0.250000 0.703125 0.131250 0.631250 0.191667 0.603125 0.400000
10 0.143750 0.000000 0.240625 0.191667 0.468750 0.410417 0.521875 0.358333 0.581250 0.404167 0.556250 0.287500 0.603125 0.397917 0.629687 0.191667 0.703125 0.129167 0.798438 0.206250 0.826562 0.297917 0.998437 0.181250 0.998437 0.000000
13 0.571875 0.472917 0.562500 0.477083 0.562500 0.481250 0.557813 0.489583 0.557813 0.506250 0.556250 0.510417 0.557813 0.516667 0.567187 0.516667 0.570312 0.520833 0.575000 0.520833 0.576562 0.518750 0.576562 0.483333 0.578125 0.481250 0.578125 0.475000
13 0.482812 0.472917 0.479687 0.489583 0.489063 0.493750 0.489063 0.506250 0.493750 0.506250 0.496875 0.502083 0.498437 0.506250 0.509375 0.506250 0.510938 0.510417 0.515625 0.510417 0.517188 0.497917 0.514062 0.477083 0.507812 0.470833 0.495312 0.470833 0.492188 0.475000
13 0.440625 0.460417 0.435937 0.477083 0.435937 0.491667 0.437500 0.495833 0.459375 0.495833 0.460938 0.479167 0.459375 0.477083 0.459375 0.468750 0.454688 0.460417
13 0.301563 0.427083 0.301563 0.497917 0.304688 0.502083 0.329688 0.502083 0.337500 0.491667 0.345313 0.491667 0.345313 0.456250 0.337500 0.443750 0.337500 0.437500 0.326562 0.435417 0.325000 0.431250 0.312500 0.431250 0.310937 0.427083