0 0.000000 0.704167 0.000000 0.997917 0.998437 0.997917 0.995313 0.879167 0.498437 0.487500
1 0.542188 0.504167 0.998437 0.881250 0.996875 0.664583 0.817187 0.639583
1 0.451562 0.487500 0.318750 0.508333 0.273438 0.491667 0.267188 0.525000 0.000000 0.577083 0.000000 0.702083
2 0.643750 0.364583 0.643750 0.370833 0.640625 0.375000 0.640625 0.381250 0.643750 0.381250 0.645312 0.383333 0.645312 0.387500 0.648438 0.393750 0.656250 0.393750 0.657813 0.389583 0.660937 0.387500 0.660937 0.370833 0.662500 0.368750 0.656250 0.364583
2 0.000000 0.000000 0.001563 0.379167 0.079687 0.391667 0.173437 0.335417 0.225000 0.366667 0.245312 0.429167 0.420312 0.425000 0.451562 0.485417 0.459375 0.456250 0.528125 0.468750 0.196875 0.112500 0.225000 0.095833 0.173437 0.000000
3 0.620313 0.493750 0.620313 0.541667 0.676562 0.568750 0.692187 0.564583 0.693750 0.543750 0.689063 0.537500 0.692187 0.510417 0.689063 0.504167 0.679688 0.504167 0.673438 0.497917 0.629687 0.497917 0.628125 0.493750
4 0.692187 0.508333 0.695312 0.558333 0.684375 0.570833 0.873437 0.654167 0.998437 0.664583 0.998437 0.533333
4 0.557813 0.508333 0.571875 0.516667 0.576562 0.516667 0.582812 0.520833 0.589063 0.520833 0.587500 0.508333 0.590625 0.500000 0.590625 0.493750 0.582812 0.493750 0.581250 0.489583 0.573438 0.489583 0.571875 0.493750 0.568750 0.493750 0.568750 0.502083 0.567187 0.504167 0.564063 0.504167 0.562500 0.508333
4 0.450000 0.468750 0.426563 0.464583 0.417187 0.468750 0.407813 0.456250 0.387500 0.458333 0.382812 0.464583 0.362500 0.462500 0.353125 0.475000 0.346875 0.472917 0.346875 0.487500 0.389062 0.491667 0.390625 0.495833 0.426563 0.495833 0.428125 0.491667 0.450000 0.487500
4 0.000000 0.379167 0.000000 0.539583 0.068750 0.543750 0.076563 0.560417 0.153125 0.543750 0.190625 0.520833 0.181250 0.472917 0.209375 0.439583 0.229687 0.445833 0.214062 0.487500 0.229687 0.508333 0.214062 0.527083 0.268750 0.518750 0.270313 0.416667 0.245312 0.431250
5 0.593750 0.254167 0.601562 0.268750 0.620313 0.283333 0.628125 0.300000 0.625000 0.387500 0.629687 0.295833 0.621875 0.281250
8 0.000000 0.541667 0.000000 0.575000 0.075000 0.560417 0.068750 0.545833 0.045312 0.545833 0.043750 0.541667
8 0.228125 0.445833 0.209375 0.441667 0.190625 0.450000 0.182812 0.485417 0.192188 0.520833 0.185938 0.529167 0.159375 0.531250 0.154688 0.543750 0.215625 0.531250 0.212500 0.527083 0.223438 0.518750 0.228125 0.504167 0.214062 0.504167 0.212500 0.487500
8 0.434375 0.441667 0.420312 0.427083 0.396875 0.431250 0.381250 0.447917 0.364063 0.447917 0.350000 0.441667 0.342187 0.445833 0.343750 0.466667 0.353125 0.472917 0.362500 0.460417 0.382812 0.462500 0.387500 0.456250 0.407813 0.454167 0.417187 0.466667 0.425000 0.464583
8 0.078125 0.393750 0.240625 0.425000 0.225000 0.368750 0.173437 0.337500 0.139063 0.333333 0.118750 0.343750 0.117188 0.377083 0.101562 0.364583 0.081250 0.381250
8 0.490625 0.400000 0.543750 0.502083 0.537500 0.387500 0.548438 0.502083 0.609375 0.470833 0.998437 0.531250 0.995313 0.018750 0.779687 0.000000 0.704688 0.114583 0.710938 0.291667 0.662500 0.387500 0.596875 0.406250 0.545312 0.356250
10 0.175000 0.000000 0.226562 0.095833 0.196875 0.110417 0.371875 0.285417 0.393750 0.354167 0.489063 0.406250 0.545312 0.354167 0.621875 0.393750 0.626563 0.300000 0.593750 0.252083 0.631250 0.295833 0.628125 0.381250 0.709375 0.291667 0.703125 0.114583 0.778125 0.025000
13 0.598437 0.475000 0.596875 0.481250 0.592187 0.487500 0.592187 0.500000 0.589063 0.508333 0.589063 0.516667 0.590625 0.520833 0.598437 0.522917 0.604688 0.529167 0.614062 0.529167 0.618750 0.477083 0.609375 0.472917
13 0.503125 0.472917 0.500000 0.479167 0.500000 0.491667 0.506250 0.491667 0.510938 0.497917 0.510938 0.510417 0.515625 0.510417 0.517188 0.506250 0.532813 0.508333 0.535937 0.516667 0.540625 0.514583 0.542188 0.500000 0.537500 0.472917 0.532813 0.470833
13 0.459375 0.458333 0.454688 0.470833 0.454688 0.481250 0.453125 0.483333 0.454688 0.495833 0.475000 0.495833 0.478125 0.497917 0.481250 0.485417 0.487500 0.483333 0.485938 0.470833 0.479687 0.470833 0.473438 0.458333
13 0.271875 0.414583 0.271875 0.489583 0.282813 0.489583 0.298438 0.506250 0.318750 0.506250 0.332813 0.491667 0.345313 0.487500 0.342187 0.447917 0.332813 0.425000 0.300000 0.414583