0 0.998437 0.837500 0.501563 0.491667 0.000000 0.750000 0.000000 0.997917 0.998437 0.997917
1 0.573438 0.510417 0.598437 0.547917 0.998437 0.835417 0.998437 0.702083
1 0.470313 0.497917 0.326562 0.497917 0.276562 0.525000 0.178125 0.510417 0.173437 0.562500 0.000000 0.600000 0.000000 0.747917
2 0.657813 0.393750 0.651563 0.393750 0.650000 0.397917 0.646875 0.397917 0.643750 0.400000 0.642188 0.404167 0.637500 0.406250 0.637500 0.412500 0.640625 0.420833 0.640625 0.433333 0.642188 0.435417 0.650000 0.435417 0.651563 0.437500 0.657813 0.435417 0.657813 0.427083 0.654687 0.422917 0.654687 0.410417 0.657813 0.402083
2 0.000000 0.000000 0.000000 0.262500 0.060937 0.306250 0.100000 0.406250 0.270313 0.402083 0.367188 0.454167 0.431250 0.420833 0.468750 0.491667 0.478125 0.458333 0.514062 0.491667 0.551562 0.468750 0.457813 0.362500 0.406250 0.354167 0.382812 0.279167 0.121875 0.004167
3 0.687500 0.504167 0.687500 0.564583 0.739062 0.585417 0.750000 0.585417 0.751563 0.577083 0.765625 0.564583 0.767188 0.529167 0.762500 0.520833 0.743750 0.512500 0.742188 0.508333 0.746875 0.504167
3 0.579688 0.489583 0.576562 0.497917 0.578125 0.508333 0.589063 0.512500 0.590625 0.516667 0.593750 0.514583 0.598437 0.518750 0.603125 0.518750 0.614062 0.527083 0.618750 0.525000 0.618750 0.500000 0.617188 0.497917 0.610938 0.497917 0.606250 0.489583 0.596875 0.489583 0.595313 0.493750 0.592187 0.489583 0.589063 0.489583 0.587500 0.493750
4 0.743750 0.508333 0.768750 0.529167 0.767188 0.564583 0.743750 0.587500 0.998437 0.700000 0.998437 0.527083
4 0.618750 0.497917 0.620313 0.500000 0.620313 0.525000 0.618750 0.529167 0.629687 0.529167 0.629687 0.516667 0.631250 0.514583 0.631250 0.497917
4 0.429688 0.502083 0.442188 0.502083 0.456250 0.495833 0.464062 0.495833 0.467187 0.491667 0.465625 0.475000 0.459375 0.468750 0.435937 0.468750 0.432812 0.470833 0.431250 0.475000 0.432812 0.477083 0.431250 0.479167 0.432812 0.487500 0.429688 0.493750
4 0.325000 0.462500 0.326562 0.495833 0.342187 0.500000 0.339062 0.483333 0.348438 0.475000 0.351562 0.502083 0.385937 0.506250 0.418750 0.502083 0.418750 0.460417 0.373437 0.460417 0.353125 0.454167 0.350000 0.460417 0.328125 0.458333 0.326562 0.466667
4 0.000000 0.391667 0.000000 0.425000 0.043750 0.429167 0.065625 0.466667 0.053125 0.483333 0.000000 0.481250 0.000000 0.589583 0.175000 0.558333 0.178125 0.420833
5 0.685937 0.470833 0.684375 0.491667 0.679688 0.504167 0.678125 0.560417 0.681250 0.560417 0.682813 0.564583 0.684375 0.520833 0.687500 0.502083
5 0.648438 0.185417 0.651563 0.197917 0.678125 0.218750 0.693750 0.241667 0.690625 0.377083 0.696875 0.243750 0.687500 0.222917
8 0.089063 0.500000 0.065625 0.535417 0.053125 0.531250 0.043750 0.539583 0.029687 0.541667 0.023438 0.539583 0.018750 0.527083 0.009375 0.527083 0.006250 0.560417 0.029687 0.564583 0.031250 0.545833 0.040625 0.545833 0.046875 0.552083 0.045312 0.560417 0.051562 0.560417 0.057813 0.550000 0.079687 0.537500 0.090625 0.508333
8 0.000000 0.427083 0.000000 0.479167 0.029687 0.485417 0.031250 0.481250 0.053125 0.481250 0.054688 0.477083 0.062500 0.477083 0.064062 0.466667 0.053125 0.447917 0.051562 0.437500 0.043750 0.431250 0.029687 0.431250 0.028125 0.435417 0.018750 0.437500 0.012500 0.427083
8 0.446875 0.441667 0.431250 0.422917 0.401562 0.431250 0.387500 0.452083 0.367188 0.456250 0.356250 0.435417 0.326562 0.431250 0.325000 0.460417 0.350000 0.458333 0.353125 0.452083 0.418750 0.458333 0.420312 0.502083 0.428125 0.502083 0.429688 0.475000 0.440625 0.466667
8 0.000000 0.264583 0.000000 0.389583 0.098437 0.406250 0.089063 0.389583 0.090625 0.358333 0.060937 0.318750 0.059375 0.306250 0.031250 0.293750
8 0.998437 0.000000 0.937500 0.002083 0.945312 0.116667 0.787500 0.256250 0.778125 0.345833 0.695312 0.358333 0.653125 0.439583 0.595313 0.358333 0.507812 0.395833 0.571875 0.495833 0.564063 0.381250 0.576562 0.495833 0.685937 0.468750 0.689063 0.502083 0.998437 0.525000
10 0.117188 0.000000 0.406250 0.352083 0.515625 0.418750 0.564063 0.352083 0.632812 0.408333 0.678125 0.381250 0.693750 0.250000 0.648438 0.183333 0.698438 0.243750 0.695312 0.352083 0.770312 0.350000 0.785937 0.256250 0.948438 0.100000 0.937500 0.000000
13 0.640625 0.477083 0.632812 0.504167 0.631250 0.527083 0.637500 0.529167 0.639062 0.533333 0.645312 0.533333 0.656250 0.543750 0.668750 0.543750 0.676562 0.539583 0.678125 0.504167 0.682813 0.491667 0.682813 0.477083
13 0.521875 0.477083 0.520312 0.495833 0.528125 0.495833 0.535937 0.504167 0.537500 0.520833 0.543750 0.516667 0.560937 0.516667 0.564063 0.525000 0.571875 0.522917 0.571875 0.497917 0.567187 0.477083 0.551562 0.470833 0.540625 0.479167 0.525000 0.472917
13 0.475000 0.462500 0.475000 0.466667 0.471875 0.472917 0.471875 0.487500 0.470313 0.489583 0.471875 0.502083 0.498437 0.502083 0.501563 0.487500 0.496875 0.466667 0.489063 0.460417 0.478125 0.460417
13 0.179688 0.416667 0.178125 0.508333 0.231250 0.502083 0.243750 0.506250 0.253125 0.522917 0.301563 0.518750 0.325000 0.500000 0.323437 0.450000 0.309375 0.416667 0.237500 0.400000 0.209375 0.400000