0 0.000000 0.672917 0.000000 0.997917 0.998437 0.997917 0.998437 0.927083 0.473438 0.483333
1 0.510938 0.497917 0.998437 0.925000 0.996875 0.760417 0.735938 0.629167 0.725000 0.587500
1 0.434375 0.487500 0.354687 0.481250 0.318750 0.502083 0.000000 0.543750 0.000000 0.670833
2 0.731250 0.445833 0.725000 0.445833 0.714063 0.475000 0.704688 0.483333 0.689063 0.472917 0.687500 0.454167 0.679688 0.445833 0.671875 0.458333 0.667188 0.491667 0.656250 0.497917 0.678125 0.502083 0.681250 0.512500 0.689063 0.512500 0.690625 0.506250 0.732812 0.510417 0.728125 0.485417 0.732812 0.466667
2 0.996875 0.154167 0.979688 0.150000 0.946875 0.177083 0.939063 0.243750 0.803125 0.327083 0.789062 0.318750 0.753125 0.339583 0.771875 0.356250 0.998437 0.258333
2 0.000000 0.000000 0.000000 0.362500 0.217188 0.414583 0.268750 0.377083 0.357812 0.452083 0.404687 0.425000 0.431250 0.481250 0.437500 0.454167 0.498437 0.466667 0.273438 0.214583 0.275000 0.168750 0.164062 0.000000
3 0.929688 0.677083 0.926562 0.693750 0.915625 0.710417 0.917188 0.716667 0.998437 0.760417 0.996875 0.700000 0.964063 0.695833
3 0.564063 0.493750 0.565625 0.527083 0.595313 0.539583 0.596875 0.543750 0.606250 0.543750 0.612500 0.533333 0.620313 0.533333 0.626563 0.522917 0.626563 0.510417 0.621875 0.506250 0.625000 0.502083 0.615625 0.504167 0.595313 0.497917 0.593750 0.493750 0.567187 0.493750 0.565625 0.489583
3 0.518750 0.485417 0.517188 0.489583 0.517188 0.500000 0.523438 0.502083 0.525000 0.506250 0.529687 0.506250 0.537500 0.512500 0.545312 0.512500 0.545312 0.489583 0.539062 0.489583 0.534375 0.485417
4 0.603125 0.545833 0.671875 0.579167 0.725000 0.585417 0.734375 0.514583 0.703125 0.508333 0.681250 0.514583 0.678125 0.504167 0.615625 0.502083 0.628125 0.510417 0.628125 0.522917
4 0.357812 0.454167 0.357812 0.481250 0.373437 0.483333 0.378125 0.487500 0.404687 0.487500 0.429688 0.481250 0.431250 0.468750 0.425000 0.462500 0.410938 0.460417 0.401562 0.464583 0.393750 0.452083 0.390625 0.456250 0.379688 0.458333
4 0.000000 0.364583 0.000000 0.541667 0.318750 0.500000 0.317188 0.427083 0.300000 0.450000 0.287500 0.431250
8 0.418750 0.441667 0.410938 0.431250 0.401562 0.427083 0.393750 0.433333 0.385937 0.433333 0.379688 0.441667 0.378125 0.439583 0.373437 0.447917 0.362500 0.447917 0.362500 0.452083 0.379688 0.456250 0.390625 0.454167 0.393750 0.450000 0.395313 0.454167 0.400000 0.456250 0.401562 0.462500 0.404687 0.462500 0.412500 0.456250 0.412500 0.452083
8 0.225000 0.414583 0.287500 0.429167 0.296875 0.437500 0.300000 0.447917 0.309375 0.435417 0.309375 0.418750 0.303125 0.412500 0.303125 0.402083 0.290625 0.389583 0.270313 0.383333 0.268750 0.379167 0.246875 0.385417 0.245312 0.400000 0.229687 0.406250
8 0.467187 0.406250 0.512500 0.497917 0.515625 0.404167 0.518750 0.483333 0.609375 0.500000 0.729688 0.441667 0.732812 0.625000 0.907813 0.714583 0.929688 0.675000 0.998437 0.700000 0.998437 0.260417 0.764062 0.358333 0.728125 0.258333 0.662500 0.206250 0.596875 0.275000 0.584375 0.410417 0.520312 0.362500
10 0.165625 0.000000 0.275000 0.214583 0.465625 0.406250 0.520312 0.360417 0.567187 0.416667 0.550000 0.308333 0.584375 0.408333 0.595313 0.275000 0.662500 0.204167 0.756250 0.333333 0.939063 0.241667 0.945312 0.177083 0.998437 0.156250 0.998437 0.000000
13 0.556250 0.475000 0.550000 0.479167 0.550000 0.483333 0.546875 0.487500 0.546875 0.514583 0.560937 0.518750 0.560937 0.500000 0.562500 0.497917 0.562500 0.485417 0.564063 0.483333 0.564063 0.477083 0.560937 0.475000
13 0.475000 0.472917 0.475000 0.487500 0.479687 0.487500 0.482812 0.491667 0.482812 0.502083 0.492188 0.500000 0.493750 0.502083 0.501563 0.502083 0.503125 0.506250 0.507812 0.508333 0.509375 0.506250 0.509375 0.485417 0.504687 0.470833 0.500000 0.468750 0.478125 0.468750
13 0.437500 0.456250 0.435937 0.466667 0.434375 0.468750 0.434375 0.475000 0.432812 0.477083 0.432812 0.483333 0.435937 0.487500 0.450000 0.487500 0.451562 0.491667 0.454688 0.491667 0.456250 0.483333 0.459375 0.481250 0.459375 0.468750 0.456250 0.468750 0.454688 0.466667 0.454688 0.460417 0.451562 0.456250
13 0.310937 0.420833 0.310937 0.435417 0.317188 0.425000 0.323437 0.439583 0.323437 0.472917 0.320312 0.475000 0.320312 0.487500 0.340625 0.487500 0.346875 0.481250 0.353125 0.481250 0.356250 0.477083 0.356250 0.452083 0.348438 0.431250 0.325000 0.420833