0 0.000000 0.720833 0.000000 0.997917 0.998437 0.997917 0.993750 0.860417 0.509375 0.489583
1 0.557813 0.504167 0.998437 0.864583 0.996875 0.704167
1 0.467187 0.497917 0.296875 0.512500 0.257812 0.495833 0.254688 0.533333 0.000000 0.583333 0.000000 0.718750
2 0.698438 0.364583 0.695312 0.364583 0.693750 0.358333 0.690625 0.360417 0.682813 0.358333 0.676562 0.364583 0.660937 0.362500 0.656250 0.377083 0.660937 0.379167 0.665625 0.387500 0.670312 0.387500 0.681250 0.393750 0.682813 0.397917 0.685937 0.397917 0.687500 0.393750 0.692187 0.393750 0.696875 0.381250
2 0.000000 0.000000 0.000000 0.381250 0.126562 0.314583 0.200000 0.354167 0.221875 0.422917 0.431250 0.425000 0.460938 0.487500 0.471875 0.456250 0.492188 0.487500 0.537500 0.468750 0.453125 0.362500 0.403125 0.358333 0.379688 0.285417 0.164062 0.064583 0.207813 0.064583 0.182812 0.000000
3 0.643750 0.497917 0.642188 0.547917 0.704688 0.575000 0.717187 0.568750 0.723437 0.516667 0.729688 0.512500 0.728125 0.508333 0.679688 0.497917 0.657813 0.502083
4 0.725000 0.516667 0.710938 0.579167 0.998437 0.704167 0.996875 0.529167
4 0.568750 0.508333 0.579688 0.516667 0.587500 0.516667 0.595313 0.522917 0.606250 0.525000 0.604688 0.514583 0.607812 0.493750 0.592187 0.493750 0.590625 0.489583 0.585938 0.497917 0.582812 0.497917 0.585938 0.504167 0.584375 0.508333 0.576562 0.510417
4 0.428125 0.468750 0.428125 0.481250 0.425000 0.495833 0.446875 0.495833 0.448437 0.491667 0.457813 0.491667 0.459375 0.487500 0.459375 0.477083 0.460938 0.475000 0.457813 0.468750 0.440625 0.468750 0.439063 0.466667
4 0.418750 0.460417 0.395313 0.458333 0.390625 0.466667 0.362500 0.462500 0.359375 0.470833 0.359375 0.491667 0.356250 0.493750 0.417187 0.497917
4 0.000000 0.383333 0.000000 0.558333 0.162500 0.539583 0.139063 0.477083 0.159375 0.439583 0.217188 0.458333 0.214062 0.506250 0.187500 0.543750 0.254688 0.531250 0.246875 0.414583 0.185938 0.422917
5 0.614062 0.237500 0.643750 0.268750 0.653125 0.289583 0.650000 0.387500 0.653125 0.281250 0.646875 0.268750
8 0.090625 0.562500 0.084375 0.552083 0.085938 0.547917 0.042188 0.558333 0.000000 0.560417 0.000000 0.581250
8 0.209375 0.445833 0.184375 0.439583 0.159375 0.441667 0.143750 0.466667 0.140625 0.489583 0.164062 0.539583 0.146875 0.552083 0.185938 0.543750 0.185938 0.533333 0.200000 0.529167 0.209375 0.514583 0.217188 0.485417 0.215625 0.458333
8 0.443750 0.441667 0.431250 0.427083 0.415625 0.427083 0.389062 0.450000 0.368750 0.447917 0.362500 0.439583 0.343750 0.443750 0.346875 0.491667 0.357812 0.491667 0.362500 0.460417 0.390625 0.464583 0.395313 0.456250 0.417187 0.456250 0.423438 0.495833 0.426563 0.468750 0.435937 0.464583
8 0.020313 0.379167 0.025000 0.387500 0.220312 0.422917 0.200000 0.356250 0.126562 0.316667 0.073438 0.322917 0.062500 0.335417 0.068750 0.362500 0.053125 0.347917 0.025000 0.364583
8 0.501563 0.400000 0.557813 0.502083 0.562500 0.397917 0.562500 0.506250 0.628125 0.472917 0.998437 0.545833 0.998437 0.000000 0.792188 0.000000 0.760938 0.041667 0.768750 0.256250 0.703125 0.320833 0.693750 0.393750 0.617188 0.414583 0.556250 0.356250
10 0.162500 0.056250 0.379688 0.283333 0.403125 0.356250 0.501563 0.410417 0.556250 0.354167 0.618750 0.412500 0.651563 0.289583 0.614062 0.235417 0.654687 0.281250 0.653125 0.387500 0.767188 0.256250 0.759375 0.041667 0.790625 0.000000 0.184375 0.000000 0.209375 0.064583
13 0.615625 0.477083 0.609375 0.493750 0.606250 0.514583 0.607812 0.525000 0.618750 0.527083 0.621875 0.533333 0.637500 0.535417 0.639062 0.497917 0.642188 0.479167 0.628125 0.475000
13 0.514062 0.470833 0.510938 0.479167 0.510938 0.491667 0.514062 0.495833 0.521875 0.497917 0.525000 0.514583 0.528125 0.514583 0.529687 0.510417 0.540625 0.510417 0.546875 0.516667 0.554688 0.516667 0.556250 0.500000 0.551562 0.475000 0.539062 0.470833 0.531250 0.470833 0.528125 0.475000 0.521875 0.468750
13 0.468750 0.460417 0.468750 0.466667 0.465625 0.470833 0.465625 0.477083 0.464062 0.479167 0.464062 0.495833 0.490625 0.500000 0.490625 0.472917 0.485938 0.460417 0.473438 0.460417 0.471875 0.458333
13 0.257812 0.410417 0.257812 0.493750 0.281250 0.493750 0.289062 0.508333 0.306250 0.510417 0.326562 0.506250 0.332813 0.495833 0.345313 0.491667 0.343750 0.452083 0.332813 0.422917 0.298438 0.412500