0 0.998437 0.760417 0.517188 0.491667 0.000000 0.856250 0.000000 0.997917 0.998437 0.997917
1 0.629687 0.520833 0.635938 0.547917 0.998437 0.758333 0.998437 0.666667 0.946875 0.641667 0.945312 0.589583 0.793750 0.577083
1 0.485938 0.510417 0.114062 0.539583 0.048438 0.604167 0.000000 0.591667 0.000000 0.854167
2 0.929688 0.420833 0.921875 0.497917 0.942187 0.508333 0.948438 0.518750 0.951562 0.493750 0.992188 0.495833 0.990625 0.487500 0.968750 0.489583 0.960938 0.483333 0.943750 0.450000 0.943750 0.441667 0.934375 0.437500 0.940625 0.418750
2 0.910937 0.258333 0.850000 0.306250 0.829688 0.289583 0.790625 0.314583 0.782813 0.302083 0.731250 0.312500 0.723437 0.335417 0.732812 0.354167 0.679688 0.377083 0.682813 0.410417 0.739062 0.408333 0.804688 0.381250 0.834375 0.397917 0.889062 0.389583 0.909375 0.337500 0.893750 0.329167 0.882812 0.287500 0.896875 0.287500
2 0.998437 0.143750 0.992188 0.145833 0.990625 0.150000 0.984375 0.154167 0.984375 0.158333 0.985938 0.160417 0.984375 0.164583 0.984375 0.175000 0.985938 0.177083 0.985938 0.181250 0.984375 0.183333 0.985938 0.183333 0.992188 0.175000 0.998437 0.172917
2 0.000000 0.000000 0.000000 0.329167 0.051562 0.345833 0.096875 0.431250 0.103125 0.539583 0.250000 0.527083 0.242188 0.454167 0.356250 0.450000 0.412500 0.397917 0.473438 0.495833 0.484375 0.456250 0.526563 0.491667 0.571875 0.466667 0.468750 0.389583 0.464062 0.345833 0.406250 0.341667 0.365625 0.239583 0.176563 0.000000
3 0.625000 0.489583 0.629687 0.518750 0.704688 0.545833 0.706250 0.537500 0.723437 0.533333 0.721875 0.550000 0.739062 0.552083 0.739062 0.502083 0.726562 0.508333 0.723437 0.500000 0.682813 0.493750 0.676562 0.487500
3 0.276562 0.466667 0.289062 0.493750 0.284375 0.522917 0.396875 0.522917 0.396875 0.456250 0.287500 0.450000
4 0.951562 0.495833 0.946875 0.637500 0.985938 0.652083 0.992188 0.497917
4 0.396875 0.466667 0.398438 0.520833 0.471875 0.497917 0.467187 0.475000 0.428125 0.470833 0.432812 0.495833 0.423438 0.504167 0.423438 0.470833
5 0.998437 0.400000 0.987500 0.608333 0.990625 0.664583 0.998437 0.664583
8 0.443750 0.431250 0.412500 0.400000 0.393750 0.418750 0.382812 0.416667 0.364063 0.431250 0.357812 0.450000 0.365625 0.454167 0.396875 0.454167 0.398438 0.466667 0.426563 0.470833 0.432812 0.468750 0.435937 0.441667 0.442188 0.439583
8 0.998437 0.175000 0.906250 0.233333 0.884375 0.300000 0.910937 0.341667 0.881250 0.395833 0.682813 0.412500 0.628125 0.327083 0.523438 0.381250 0.578125 0.472917 0.607812 0.464583 0.609375 0.366667 0.625000 0.487500 0.732812 0.506250 0.785937 0.454167 0.920312 0.495833 0.931250 0.416667 0.992188 0.487500
10 0.178125 0.000000 0.406250 0.339583 0.529687 0.414583 0.551562 0.337500 0.628125 0.325000 0.671875 0.381250 0.731250 0.354167 0.731250 0.310417 0.850000 0.304167 0.978125 0.208333 0.998437 0.000000
13 0.537500 0.479167 0.539062 0.497917 0.570312 0.508333 0.570312 0.529167 0.576562 0.537500 0.582812 0.537500 0.584375 0.529167 0.606250 0.529167 0.620313 0.543750 0.626563 0.541667 0.628125 0.508333 0.617188 0.468750 0.584375 0.466667 0.578125 0.475000 0.545312 0.472917
13 0.484375 0.458333 0.479687 0.483333 0.479687 0.506250 0.482812 0.508333 0.500000 0.506250 0.514062 0.510417 0.515625 0.479167 0.506250 0.458333
13 0.753125 0.462500 0.739062 0.545833 0.767188 0.568750 0.887500 0.572917 0.945312 0.587500 0.948438 0.520833 0.889062 0.472917 0.825000 0.458333
13 0.000000 0.331250 0.000000 0.589583 0.015625 0.606250 0.032813 0.606250 0.064062 0.589583 0.076563 0.562500 0.098437 0.554167 0.098437 0.445833 0.053125 0.370833 0.051562 0.347917
18 0.242188 0.456250 0.245312 0.466667 0.232813 0.479167 0.229687 0.502083 0.240625 0.514583 0.250000 0.514583 0.253125 0.506250 0.257812 0.506250 0.264062 0.522917 0.281250 0.527083 0.285938 0.518750 0.287500 0.493750 0.275000 0.470833 0.278125 0.462500 0.253125 0.462500 0.250000 0.458333 0.251563 0.452083