0 0.000000 0.850000 0.000000 0.997917 0.998437 0.997917 0.996875 0.764583 0.585938 0.572917 0.496875 0.483333
1 0.679688 0.545833 0.675000 0.579167 0.998437 0.764583 0.998437 0.645833 0.987500 0.629167 0.843750 0.608333
1 0.428125 0.485417 0.198437 0.560417 0.000000 0.566667 0.000000 0.847917 0.434375 0.512500
2 0.998437 0.183333 0.887500 0.277083 0.859375 0.250000 0.798438 0.283333 0.737500 0.277083 0.725000 0.300000 0.732812 0.329167 0.679688 0.347917 0.685937 0.381250 0.865625 0.345833 0.912500 0.314583 0.996875 0.331250
2 0.000000 0.000000 0.000000 0.379167 0.175000 0.400000 0.309375 0.331250 0.364063 0.387500 0.346875 0.450000 0.426563 0.483333 0.437500 0.439583 0.478125 0.481250 0.543750 0.454167 0.423438 0.372917 0.417187 0.310417 0.298438 0.239583 0.278125 0.141667 0.250000 0.181250 0.164062 0.000000
3 0.000000 0.381250 0.000000 0.564583 0.115625 0.570833 0.123438 0.433333 0.175000 0.402083
4 0.667188 0.483333 0.679688 0.543750 0.843750 0.606250 0.973437 0.622917 0.962500 0.587500 0.978125 0.504167 0.898438 0.514583 0.889062 0.585417 0.873437 0.593750 0.871875 0.518750 0.804688 0.491667
4 0.117188 0.570833 0.421875 0.491667 0.425000 0.466667 0.346875 0.452083 0.354687 0.491667 0.332813 0.504167 0.326562 0.447917 0.173437 0.404167 0.125000 0.433333
5 0.889062 0.533333 0.876563 0.535417 0.876563 0.568750 0.873437 0.577083 0.873437 0.591667 0.885938 0.589583 0.889062 0.579167 0.885938 0.575000 0.885938 0.560417 0.889062 0.547917
8 0.362500 0.387500 0.332813 0.347917 0.303125 0.333333 0.278125 0.354167 0.250000 0.350000 0.235937 0.366667 0.214062 0.368750 0.204687 0.393750 0.176563 0.402083 0.184375 0.412500 0.206250 0.412500 0.209375 0.404167 0.243750 0.410417 0.245312 0.433333 0.345313 0.450000 0.356250 0.443750 0.351562 0.406250
8 0.484375 0.343750 0.564063 0.502083 0.596875 0.445833 0.576562 0.310417 0.604688 0.335417 0.601562 0.443750 0.892188 0.531250 0.998437 0.466667 0.998437 0.331250 0.939063 0.316667 0.685937 0.383333 0.643750 0.297917 0.562500 0.281250
10 0.165625 0.000000 0.250000 0.179167 0.279687 0.141667 0.298438 0.237500 0.510938 0.410417 0.482812 0.343750 0.523438 0.289583 0.621875 0.281250 0.700000 0.350000 0.737500 0.275000 0.887500 0.275000 0.998437 0.181250 0.998437 0.000000
13 0.998437 0.468750 0.976562 0.510417 0.964063 0.587500 0.964063 0.610417 0.971875 0.620833 0.987500 0.627083 0.998437 0.643750
13 0.500000 0.472917 0.498437 0.485417 0.503125 0.491667 0.515625 0.491667 0.518750 0.500000 0.525000 0.500000 0.529687 0.506250 0.534375 0.502083 0.559375 0.506250 0.559375 0.487500 0.551562 0.466667 0.506250 0.464583
13 0.328125 0.447917 0.329688 0.460417 0.337500 0.483333 0.337500 0.491667 0.331250 0.500000 0.332813 0.502083 0.340625 0.502083 0.348438 0.491667 0.353125 0.491667 0.353125 0.468750 0.354687 0.466667 0.353125 0.460417 0.348438 0.454167 0.337500 0.447917
13 0.567187 0.477083 0.565625 0.552083 0.579688 0.552083 0.585938 0.570833 0.598437 0.570833 0.603125 0.560417 0.653125 0.566667 0.659375 0.579167 0.675000 0.577083 0.676562 0.516667 0.656250 0.454167 0.600000 0.445833
13 0.437500 0.441667 0.429688 0.477083 0.429688 0.506250 0.465625 0.506250 0.473438 0.510417 0.476562 0.502083 0.476562 0.472917 0.479687 0.464583 0.471875 0.460417 0.464062 0.441667