0 0.035937 0.997917 0.998437 0.997917 0.998437 0.833333 0.921875 0.729167 0.750000 0.656250 0.728125 0.572917 0.510938 0.487500 0.504687 0.537500 0.456250 0.533333
1 0.460938 0.529167 0.435937 0.508333 0.318750 0.570833 0.189062 0.562500 0.184375 0.622917 0.000000 0.695833 0.000000 0.997917 0.046875 0.985417
1 0.590625 0.514583 0.735938 0.575000 0.742188 0.539583 0.707812 0.525000 0.679688 0.527083 0.676562 0.518750 0.620313 0.504167 0.614062 0.514583
2 0.998437 0.145833 0.926562 0.191667 0.843750 0.187500 0.821875 0.227083 0.839063 0.237500 0.837500 0.256250 0.781250 0.300000 0.784375 0.350000 0.912500 0.304167 0.960938 0.254167 0.996875 0.252083
2 0.000000 0.000000 0.000000 0.216667 0.043750 0.137500 0.128125 0.135417 0.254688 0.300000 0.226562 0.406250 0.306250 0.460417 0.303125 0.418750 0.339062 0.414583 0.351562 0.460417 0.443750 0.472917 0.478125 0.435417 0.510938 0.485417 0.568750 0.452083 0.437500 0.372917 0.428125 0.291667 0.346875 0.277083 0.235937 0.141667 0.225000 0.047917 0.196875 0.112500 0.101562 0.000000
4 0.610938 0.477083 0.615625 0.483333 0.617188 0.497917 0.621875 0.506250 0.634375 0.506250 0.640625 0.510417 0.645312 0.508333 0.642188 0.506250 0.639062 0.497917 0.639062 0.479167 0.634375 0.477083 0.612500 0.479167
4 0.745313 0.477083 0.745313 0.485417 0.748437 0.487500 0.748437 0.500000 0.750000 0.502083 0.759375 0.502083 0.770312 0.491667 0.778125 0.487500 0.778125 0.483333 0.775000 0.481250 0.775000 0.477083 0.753125 0.477083 0.751563 0.475000
4 0.000000 0.693750 0.184375 0.620833 0.189062 0.560417 0.318750 0.568750 0.439063 0.506250 0.443750 0.475000 0.257812 0.464583 0.298438 0.516667 0.245312 0.552083 0.185938 0.529167 0.184375 0.447917 0.000000 0.441667
5 0.643750 0.231250 0.681250 0.275000 0.681250 0.525000 0.684375 0.272917
8 0.304688 0.418750 0.304688 0.427083 0.310937 0.435417 0.310937 0.456250 0.317188 0.456250 0.320312 0.464583 0.343750 0.460417 0.345313 0.456250 0.350000 0.460417 0.354687 0.452083 0.353125 0.447917 0.351562 0.452083 0.348438 0.450000 0.348438 0.435417 0.342187 0.429167 0.339062 0.416667 0.335938 0.416667 0.329688 0.427083 0.320312 0.427083 0.310937 0.414583
8 0.815625 0.247917 0.807813 0.247917 0.801562 0.256250 0.801562 0.260417 0.793750 0.268750 0.793750 0.275000 0.787500 0.283333 0.789062 0.291667 0.801562 0.283333 0.803125 0.279167 0.809375 0.277083 0.812500 0.270833 0.821875 0.264583 0.821875 0.262500 0.818750 0.264583 0.817187 0.262500 0.818750 0.254167
8 0.662500 0.243750 0.685937 0.272917 0.684375 0.443750 0.701562 0.450000 0.684375 0.475000 0.771875 0.475000 0.864062 0.383333 0.998437 0.356250 0.998437 0.250000 0.784375 0.352083 0.781250 0.297917 0.737500 0.262500 0.729688 0.218750 0.703125 0.252083 0.693750 0.204167
8 0.560937 0.231250 0.557813 0.268750 0.510938 0.310417 0.545312 0.372917 0.531250 0.433333 0.568750 0.435417 0.570312 0.402083 0.581250 0.445833 0.562500 0.462500 0.639062 0.477083 0.643750 0.510417 0.671875 0.516667 0.676562 0.264583 0.650000 0.227083 0.634375 0.243750 0.620313 0.231250 0.618750 0.204167 0.604688 0.247917
8 0.043750 0.139583 0.000000 0.218750 0.000000 0.439583 0.128125 0.460417 0.225000 0.418750 0.246875 0.368750 0.242188 0.302083 0.254688 0.306250 0.231250 0.258333 0.170313 0.200000 0.160938 0.218750 0.123438 0.133333 0.098437 0.131250 0.090625 0.152083 0.064062 0.139583 0.060937 0.160417
10 0.103125 0.000000 0.196875 0.110417 0.225000 0.045833 0.237500 0.141667 0.346875 0.275000 0.534375 0.406250 0.509375 0.310417 0.560937 0.229167 0.695312 0.202083 0.776563 0.302083 0.843750 0.185417 0.998437 0.143750 0.998437 0.000000
13 0.531250 0.458333 0.526563 0.485417 0.531250 0.495833 0.551562 0.495833 0.554688 0.506250 0.568750 0.506250 0.575000 0.514583 0.614062 0.512500 0.615625 0.508333 0.614062 0.483333 0.601562 0.462500 0.559375 0.464583 0.554688 0.468750 0.545312 0.456250
13 0.453125 0.441667 0.443750 0.477083 0.440625 0.529167 0.446875 0.533333 0.453125 0.527083 0.490625 0.527083 0.504687 0.535417 0.509375 0.472917 0.489063 0.439583
13 0.185938 0.447917 0.185938 0.525000 0.192188 0.533333 0.228125 0.533333 0.250000 0.550000 0.273438 0.535417 0.276562 0.510417 0.290625 0.510417 0.295312 0.525000 0.295312 0.493750 0.276562 0.508333 0.248438 0.470833 0.296875 0.460417 0.265625 0.456250 0.223438 0.416667
13 0.684375 0.479167 0.682813 0.520833 0.743750 0.537500 0.750000 0.654167 0.782813 0.643750 0.921875 0.727083 0.954688 0.800000 0.998437 0.831250 0.998437 0.358333 0.864062 0.385417 0.759375 0.504167 0.745313 0.468750