0 0.000000 0.597917 0.000000 0.997917 0.998437 0.997917 0.995313 0.950000 0.337500 0.466667 0.270313 0.460417 0.189062 0.597917
1 0.418750 0.518750 0.998437 0.952083 0.996875 0.745833 0.776563 0.650000 0.754687 0.587500 0.704688 0.614583 0.459375 0.508333
1 0.260937 0.487500 0.279687 0.475000 0.282813 0.475000 0.282813 0.472917 0.285938 0.470833 0.285938 0.468750 0.273438 0.466667 0.268750 0.460417 0.260937 0.460417
2 0.965625 0.183333 0.935937 0.118750 0.840625 0.170833 0.742188 0.143750 0.707812 0.197917 0.726562 0.208333 0.726562 0.231250 0.695312 0.252083 0.690625 0.331250 0.753125 0.314583 0.778125 0.325000 0.835938 0.225000 0.914062 0.193750 0.943750 0.204167
2 0.000000 0.081250 0.000000 0.362500 0.020313 0.391667 0.173437 0.362500 0.253125 0.383333 0.262500 0.458333 0.303125 0.435417 0.339062 0.464583 0.393750 0.429167 0.248438 0.291667 0.198437 0.320833 0.190625 0.166667 0.079687 0.139583 0.059375 0.108333 0.023438 0.125000
4 0.779687 0.487500 0.773438 0.645833 0.998437 0.745833 0.998437 0.514583 0.823438 0.504167
4 0.453125 0.462500 0.457813 0.506250 0.526563 0.539583 0.542188 0.539583 0.545312 0.504167 0.571875 0.487500 0.573438 0.468750
4 0.731250 0.429167 0.639062 0.418750 0.582812 0.483333 0.581250 0.564583 0.584375 0.537500 0.585938 0.564583 0.615625 0.564583 0.609375 0.522917 0.621875 0.483333 0.676562 0.468750
4 0.053125 0.397917 0.040625 0.400000 0.028125 0.393750 0.003125 0.395833 0.000000 0.397917 0.000000 0.431250 0.023438 0.422917 0.032813 0.416667 0.034375 0.412500 0.039062 0.412500 0.043750 0.404167 0.048438 0.404167
5 0.531250 0.010417 0.592187 0.120833 0.578125 0.568750 0.595313 0.129167
8 0.000000 0.364583 0.000000 0.395833 0.003125 0.393750 0.020313 0.393750 0.014063 0.387500 0.014063 0.383333 0.010937 0.375000 0.004687 0.368750 0.003125 0.368750 0.001563 0.364583
8 0.578125 0.077083 0.582812 0.481250 0.639062 0.416667 0.735938 0.433333 0.771875 0.387500 0.787500 0.493750 0.998437 0.512500 0.998437 0.164583 0.839063 0.225000 0.778125 0.327083 0.707812 0.337500 0.678125 0.191667 0.656250 0.206250 0.631250 0.114583
8 0.382812 0.031250 0.376563 0.108333 0.357812 0.075000 0.365625 0.112500 0.295312 0.170833 0.381250 0.327083 0.354687 0.404167 0.395313 0.412500 0.396875 0.372917 0.396875 0.439583 0.573438 0.466667 0.582812 0.097917 0.562500 0.075000 0.540625 0.114583 0.534375 0.054167 0.512500 0.102083 0.493750 0.031250 0.478125 0.068750 0.476562 0.008333 0.460938 0.097917 0.432812 0.114583
10 0.000000 0.000000 0.020313 0.120833 0.192188 0.166667 0.198437 0.318750 0.359375 0.379167 0.293750 0.170833 0.382812 0.029167 0.432812 0.112500 0.481250 0.006250 0.542188 0.112500 0.534375 0.010417 0.695312 0.250000 0.742188 0.141667 0.998437 0.162500 0.998437 0.000000
13 0.571875 0.489583 0.567187 0.489583 0.565625 0.493750 0.557813 0.493750 0.556250 0.497917 0.553125 0.497917 0.546875 0.504167 0.543750 0.518750 0.545312 0.543750 0.556250 0.543750 0.568750 0.550000 0.571875 0.527083
13 0.342187 0.450000 0.339062 0.470833 0.343750 0.481250 0.365625 0.479167 0.367188 0.497917 0.375000 0.506250 0.384375 0.502083 0.393750 0.522917 0.406250 0.516667 0.445312 0.516667 0.454688 0.522917 0.451562 0.462500 0.435937 0.441667 0.373437 0.445833 0.350000 0.439583
13 0.293750 0.441667 0.293750 0.445833 0.292187 0.447917 0.292187 0.462500 0.321875 0.464583 0.321875 0.458333 0.318750 0.452083 0.318750 0.447917 0.314063 0.441667 0.314063 0.439583 0.304688 0.439583 0.303125 0.437500 0.298438 0.437500 0.296875 0.441667
13 0.773438 0.391667 0.735938 0.400000 0.735938 0.435417 0.671875 0.472917 0.621875 0.485417 0.610938 0.522917 0.617188 0.566667 0.639062 0.585417 0.676562 0.579167 0.704688 0.612500 0.729688 0.610417 0.742188 0.587500 0.770312 0.593750
13 0.257812 0.395833 0.173437 0.364583 0.079687 0.375000 0.000000 0.433333 0.000000 0.581250 0.160938 0.579167 0.178125 0.600000 0.192188 0.593750 0.201563 0.556250 0.220312 0.539583 0.239063 0.547917 0.257812 0.502083