0 0.998437 0.743750 0.895312 0.768750 0.845313 0.687500 0.721875 0.635417 0.714063 0.570833 0.515625 0.487500 0.021875 0.997917 0.998437 0.997917
1 0.589063 0.512500 0.715625 0.568750 0.720313 0.535417 0.709375 0.529167 0.678125 0.529167 0.673438 0.520833 0.623437 0.508333 0.617188 0.516667
1 0.465625 0.525000 0.446875 0.500000 0.337500 0.556250 0.237500 0.539583 0.214062 0.597917 0.000000 0.675000 0.000000 0.997917
2 0.998437 0.164583 0.935937 0.206250 0.843750 0.204167 0.823438 0.241667 0.840625 0.250000 0.839063 0.270833 0.779687 0.312500 0.787500 0.358333 0.889062 0.325000 0.907813 0.295833 0.962500 0.283333 0.981250 0.260417 0.998437 0.268750
2 0.000000 0.000000 0.000000 0.247917 0.187500 0.168750 0.296875 0.318750 0.257812 0.418750 0.321875 0.454167 0.325000 0.414583 0.390625 0.456250 0.490625 0.435417 0.515625 0.485417 0.573438 0.452083 0.445312 0.368750 0.439063 0.295833 0.376563 0.291667 0.257812 0.156250 0.243750 0.052083 0.215625 0.114583 0.129688 0.000000
4 0.270313 0.543750 0.337500 0.554167 0.443750 0.502083 0.445312 0.468750 0.407813 0.458333 0.339062 0.458333 0.328125 0.447917 0.321875 0.462500 0.320312 0.531250
4 0.000000 0.672917 0.223438 0.589583 0.229687 0.543750 0.260937 0.543750 0.226562 0.518750 0.228125 0.445833 0.000000 0.416667
5 0.648438 0.243750 0.682813 0.281250 0.681250 0.527083 0.685937 0.285417 0.676562 0.264583
8 0.685937 0.500000 0.685937 0.508333 0.682813 0.512500 0.682813 0.522917 0.685937 0.525000 0.704688 0.525000 0.717187 0.533333 0.720313 0.533333 0.723437 0.529167 0.723437 0.525000 0.717187 0.525000 0.715625 0.520833 0.704688 0.520833 0.695312 0.514583 0.689063 0.506250 0.689063 0.502083
8 0.321875 0.420833 0.323437 0.454167 0.332813 0.445833 0.339062 0.456250 0.418750 0.458333 0.445312 0.466667 0.446875 0.491667 0.454688 0.454167 0.450000 0.445833 0.426563 0.456250 0.409375 0.450000 0.390625 0.458333 0.359375 0.443750 0.350000 0.433333 0.351562 0.416667
8 0.826562 0.260417 0.818750 0.254167 0.815625 0.254167 0.814063 0.258333 0.809375 0.260417 0.807813 0.268750 0.800000 0.277083 0.800000 0.285417 0.795312 0.289583 0.795312 0.297917 0.798438 0.297917 0.800000 0.293750 0.815625 0.283333 0.818750 0.283333 0.820312 0.279167 0.829688 0.277083 0.829688 0.270833 0.825000 0.262500
8 0.670312 0.235417 0.687500 0.285417 0.684375 0.479167 0.764062 0.466667 0.835938 0.397917 0.998437 0.381250 0.998437 0.270833 0.984375 0.262500 0.889062 0.327083 0.787500 0.360417 0.732812 0.233333 0.706250 0.264583 0.700000 0.216667
8 0.568750 0.237500 0.564063 0.270833 0.554688 0.260417 0.557813 0.277083 0.518750 0.312500 0.551562 0.379167 0.539062 0.435417 0.573438 0.437500 0.576562 0.402083 0.584375 0.447917 0.568750 0.462500 0.606250 0.462500 0.620313 0.506250 0.676562 0.520833 0.665625 0.504167 0.676562 0.491667 0.681250 0.281250 0.645312 0.245833 0.662500 0.252083 0.657813 0.237500 0.625000 0.241667 0.625000 0.214583 0.609375 0.254167
8 0.295312 0.318750 0.270313 0.272917 0.201563 0.214583 0.187500 0.170833 0.123438 0.177083 0.081250 0.239583 0.000000 0.250000 0.000000 0.414583 0.235937 0.443750 0.270313 0.408333 0.273438 0.350000
10 0.131250 0.000000 0.215625 0.112500 0.243750 0.050000 0.257812 0.154167 0.376563 0.289583 0.439063 0.293750 0.445312 0.366667 0.542188 0.408333 0.517188 0.312500 0.568750 0.235417 0.700000 0.214583 0.775000 0.314583 0.843750 0.202083 0.998437 0.162500 0.998437 0.000000
13 0.534375 0.470833 0.531250 0.489583 0.537500 0.495833 0.554688 0.495833 0.559375 0.506250 0.571875 0.506250 0.579688 0.514583 0.589063 0.510417 0.617188 0.514583 0.618750 0.489583 0.606250 0.464583 0.582812 0.462500 0.559375 0.468750 0.553125 0.462500 0.545312 0.462500
13 0.457813 0.441667 0.453125 0.481250 0.448437 0.489583 0.448437 0.525000 0.453125 0.529167 0.460938 0.520833 0.498437 0.522917 0.503125 0.529167 0.512500 0.529167 0.515625 0.472917 0.498437 0.450000 0.498437 0.441667 0.490625 0.437500 0.462500 0.437500
13 0.229687 0.445833 0.229687 0.520833 0.248438 0.522917 0.262500 0.543750 0.318750 0.531250 0.321875 0.456250 0.284375 0.447917 0.259375 0.422917 0.245312 0.427083 0.239063 0.443750
13 0.998437 0.383333 0.835938 0.400000 0.764062 0.468750 0.685937 0.479167 0.682813 0.510417 0.725000 0.525000 0.721875 0.633333 0.754687 0.629167 0.845313 0.685417 0.895312 0.766667 0.934375 0.766667 0.951562 0.733333 0.998437 0.741667