0 0.998437 0.781250 0.751563 0.629167 0.667188 0.635417 0.620313 0.550000 0.506250 0.491667 0.000000 0.885417 0.000000 0.997917 0.998437 0.997917
1 0.807813 0.612500 0.800000 0.658333 0.998437 0.779167 0.998437 0.691667
1 0.571875 0.518750 0.584375 0.527083 0.593750 0.529167 0.606250 0.539583 0.610938 0.539583 0.617188 0.547917 0.621875 0.547917 0.625000 0.529167 0.623437 0.525000 0.598437 0.516667 0.593750 0.522917 0.582812 0.518750
1 0.450000 0.489583 0.000000 0.602083 0.000000 0.883333 0.450000 0.527083
2 0.000000 0.518750 0.000000 0.600000 0.032813 0.593750 0.023438 0.585417 0.028125 0.579167 0.028125 0.570833 0.021875 0.562500 0.020313 0.541667 0.014063 0.535417 0.012500 0.527083
2 0.998437 0.275000 0.976562 0.285417 0.950000 0.252083 0.875000 0.287500 0.801562 0.275000 0.782813 0.306250 0.796875 0.314583 0.790625 0.337500 0.746875 0.362500 0.734375 0.352083 0.742188 0.402083 0.804688 0.372917 0.831250 0.377083 0.976562 0.329167 0.998437 0.335417
2 0.000000 0.000000 0.000000 0.502083 0.031250 0.362500 0.289062 0.272917 0.365625 0.354167 0.373437 0.443750 0.448437 0.487500 0.457813 0.439583 0.506250 0.489583 0.576562 0.462500 0.307812 0.202083 0.290625 0.093750 0.264062 0.143750 0.160938 0.000000
3 0.048438 0.416667 0.034375 0.414583 0.032813 0.410417 0.023438 0.412500 0.015625 0.439583 0.023438 0.450000 0.023438 0.464583 0.017188 0.477083 0.012500 0.472917 0.006250 0.477083 0.006250 0.485417 0.015625 0.477083 0.020313 0.483333 0.018750 0.489583 0.014063 0.487500 0.015625 0.491667 0.045312 0.485417 0.048438 0.475000 0.046875 0.452083 0.056250 0.443750 0.054688 0.425000
3 0.162500 0.368750 0.078125 0.354167 0.093750 0.360417 0.068750 0.427083 0.092188 0.470833 0.092188 0.556250 0.081250 0.568750 0.068750 0.545833 0.021875 0.543750 0.026562 0.587500 0.146875 0.575000
4 0.784375 0.510417 0.810937 0.606250 0.998437 0.689583 0.998437 0.537500
4 0.146875 0.568750 0.310937 0.533333 0.315625 0.512500 0.443750 0.495833 0.446875 0.466667 0.156250 0.400000
4 0.037500 0.360417 0.026562 0.370833 0.026562 0.406250 0.048438 0.414583 0.057813 0.443750 0.048438 0.452083 0.043750 0.489583 0.014063 0.493750 0.000000 0.504167 0.000000 0.516667 0.025000 0.545833 0.068750 0.543750 0.084375 0.566667 0.090625 0.470833 0.067187 0.429167 0.078125 0.412500 0.071875 0.393750 0.084375 0.372917 0.079687 0.362500
5 0.620313 0.297917 0.645312 0.322917 0.650000 0.341667 0.640625 0.481250 0.645312 0.487500 0.653125 0.339583 0.642188 0.312500
8 0.140625 0.356250 0.164062 0.368750 0.162500 0.402083 0.320312 0.435417 0.342187 0.418750 0.356250 0.450000 0.404687 0.450000 0.373437 0.445833 0.368750 0.410417 0.348438 0.410417 0.364063 0.354167 0.318750 0.314583 0.298438 0.275000 0.260937 0.289583 0.251563 0.312500 0.217188 0.302083 0.170313 0.318750
8 0.515625 0.337500 0.534375 0.443750 0.626563 0.525000 0.648438 0.341667 0.623437 0.295833 0.654687 0.339583 0.646875 0.485417 0.725000 0.454167 0.784375 0.508333 0.998437 0.535417 0.985938 0.331250 0.746875 0.406250 0.670312 0.275000 0.643750 0.306250 0.559375 0.281250
10 0.162500 0.000000 0.264062 0.141667 0.290625 0.091667 0.307812 0.200000 0.534375 0.414583 0.514062 0.337500 0.559375 0.279167 0.670312 0.272917 0.746875 0.360417 0.801562 0.272917 0.998437 0.272917 0.998437 0.000000
13 0.526563 0.483333 0.525000 0.495833 0.529687 0.500000 0.543750 0.500000 0.545312 0.508333 0.556250 0.510417 0.557813 0.516667 0.595313 0.518750 0.595313 0.500000 0.585938 0.477083 0.534375 0.470833
13 0.632812 0.489583 0.620313 0.585417 0.657813 0.602083 0.664062 0.631250 0.706250 0.616667 0.759375 0.631250 0.775000 0.654167 0.798438 0.650000 0.807813 0.585417 0.770312 0.468750 0.671875 0.456250 0.645312 0.489583
13 0.457813 0.441667 0.451562 0.479167 0.451562 0.514583 0.481250 0.514583 0.498437 0.522917 0.501563 0.518750 0.501563 0.502083 0.504687 0.500000 0.504687 0.468750 0.498437 0.466667 0.492188 0.445833