0 0.000000 0.800000 0.000000 0.997917 0.998437 0.997917 0.998437 0.718750 0.335938 0.489583 0.326562 0.570833 0.250000 0.566667
1 0.248438 0.566667 0.217188 0.581250 0.209375 0.547917 0.000000 0.645833 0.000000 0.797917
1 0.448437 0.504167 0.998437 0.716667 0.996875 0.591667 0.626563 0.510417
2 0.650000 0.393750 0.645312 0.389583 0.601562 0.395833 0.596875 0.410417 0.595313 0.400000 0.589063 0.410417 0.582812 0.429167 0.596875 0.429167 0.603125 0.439583 0.614062 0.439583 0.645312 0.412500 0.650000 0.404167
2 0.000000 0.135417 0.006250 0.422917 0.068750 0.427083 0.085938 0.468750 0.175000 0.456250 0.225000 0.479167 0.262500 0.429167 0.314063 0.429167 0.359375 0.483333 0.418750 0.439583 0.293750 0.347917 0.256250 0.364583 0.232813 0.258333 0.118750 0.247917
2 0.904687 0.141667 0.857812 0.077083 0.773438 0.141667 0.695312 0.135417 0.673438 0.181250 0.689063 0.185417 0.692187 0.206250 0.646875 0.247917 0.656250 0.304167 0.671875 0.277083 0.889062 0.162500
2 0.998437 0.035417 0.978125 0.060417 0.957812 0.075000 0.945312 0.095833 0.942187 0.110417 0.967187 0.106250 0.971875 0.100000 0.982812 0.100000 0.990625 0.110417 0.998437 0.110417
4 0.231250 0.481250 0.164062 0.472917 0.148438 0.485417 0.045312 0.487500 0.023438 0.477083 0.000000 0.489583 0.000000 0.643750 0.207813 0.547917 0.212500 0.510417
4 0.556250 0.447917 0.548438 0.450000 0.545312 0.456250 0.467187 0.456250 0.478125 0.472917 0.482812 0.495833 0.545312 0.502083 0.539062 0.485417 0.545312 0.468750 0.556250 0.460417
4 0.998437 0.393750 0.659375 0.435417 0.662500 0.529167 0.998437 0.591667
5 0.500000 0.133333 0.551562 0.204167 0.562500 0.516667 0.551562 0.187500
8 0.000000 0.416667 0.000000 0.487500 0.014063 0.487500 0.023438 0.475000 0.045312 0.485417 0.189062 0.475000 0.175000 0.458333 0.146875 0.472917 0.085938 0.470833 0.068750 0.429167 0.040625 0.420833 0.037500 0.431250 0.015625 0.431250
8 0.395313 0.147917 0.395313 0.206250 0.334375 0.260417 0.396875 0.352083 0.378125 0.418750 0.418750 0.425000 0.420312 0.395833 0.417187 0.452083 0.545312 0.454167 0.545312 0.187500 0.504687 0.150000 0.493750 0.179167 0.478125 0.137500 0.468750 0.160417 0.465625 0.116667 0.450000 0.183333
8 0.998437 0.112500 0.656250 0.306250 0.592187 0.156250 0.560937 0.179167 0.559375 0.133333 0.534375 0.139583 0.564063 0.450000 0.598437 0.433333 0.595313 0.397917 0.645312 0.387500 0.671875 0.435417 0.996875 0.393750
10 0.000000 0.133333 0.118750 0.245833 0.232813 0.256250 0.256250 0.362500 0.382812 0.395833 0.332813 0.260417 0.395313 0.145833 0.554688 0.125000 0.645312 0.245833 0.700000 0.131250 0.854688 0.075000 0.906250 0.141667 0.990625 0.116667 0.940625 0.104167 0.998437 0.000000 0.000000 0.000000
13 0.556250 0.462500 0.551562 0.468750 0.546875 0.468750 0.545312 0.475000 0.542188 0.479167 0.540625 0.491667 0.546875 0.502083 0.554688 0.502083 0.556250 0.506250 0.557813 0.506250 0.557813 0.477083 0.556250 0.475000
13 0.478125 0.506250 0.476562 0.472917 0.459375 0.445833 0.412500 0.452083 0.404687 0.462500 0.403125 0.456250 0.382812 0.456250 0.375000 0.468750 0.373437 0.485417 0.382812 0.495833 0.389062 0.487500 0.400000 0.487500 0.404687 0.502083 0.415625 0.506250 0.420312 0.500000 0.429688 0.514583 0.448437 0.502083
13 0.262500 0.431250 0.214062 0.510417 0.210938 0.550000 0.217188 0.579167 0.232813 0.577083 0.237500 0.564583 0.312500 0.560417 0.326562 0.568750 0.335938 0.541667 0.334375 0.489583 0.357812 0.479167 0.348438 0.462500 0.328125 0.470833 0.314063 0.431250
13 0.646875 0.410417 0.614062 0.441667 0.584375 0.445833 0.575000 0.479167 0.564063 0.464583 0.568750 0.458333 0.564063 0.452083 0.565625 0.510417 0.614062 0.514583 0.626563 0.508333 0.631250 0.518750 0.657813 0.518750 0.659375 0.433333