0 0.000000 0.775000 0.000000 0.997917 0.998437 0.997917 0.985938 0.920833 0.759375 0.708333 0.664062 0.710417 0.600000 0.577083 0.460938 0.483333 0.304688 0.550000 0.284375 0.608333 0.245312 0.575000 0.068750 0.658333
1 0.760938 0.708333 0.998437 0.933333 0.998437 0.760417 0.896875 0.702083 0.862500 0.733333
1 0.437500 0.489583 0.412500 0.475000 0.404687 0.483333 0.320312 0.493750 0.318750 0.525000 0.304688 0.547917 0.437500 0.495833
2 0.000000 0.000000 0.000000 0.108333 0.315625 0.308333 0.325000 0.377083 0.414062 0.416667 0.414062 0.475000 0.478125 0.454167 0.501563 0.487500 0.571875 0.445833 0.414062 0.291667 0.356250 0.329167 0.332813 0.093750
3 0.323437 0.427083 0.320312 0.491667 0.348438 0.491667 0.350000 0.487500 0.353125 0.487500 0.353125 0.439583 0.345313 0.429167
4 0.810937 0.516667 0.820312 0.520833 0.820312 0.543750 0.887500 0.593750 0.904687 0.654167 0.898438 0.702083 0.998437 0.758333 0.998437 0.539583
8 0.328125 0.400000 0.326562 0.425000 0.345313 0.427083 0.354687 0.439583 0.354687 0.487500 0.404687 0.481250 0.412500 0.472917 0.417187 0.437500 0.410938 0.414583 0.359375 0.383333 0.342187 0.379167
8 0.518750 0.006250 0.543750 0.077083 0.514062 0.133333 0.637500 0.235417 0.617188 0.370833 0.587500 0.370833 0.581250 0.268750 0.521875 0.418750 0.571875 0.437500 0.578125 0.391667 0.576562 0.458333 0.732812 0.450000 0.803125 0.514583 0.998437 0.537500 0.998437 0.000000
10 0.032813 0.000000 0.332813 0.091667 0.362500 0.335417 0.414062 0.289583 0.528125 0.397917 0.582812 0.266667 0.589063 0.370833 0.615625 0.370833 0.634375 0.229167 0.512500 0.133333 0.542188 0.077083 0.515625 0.010417 0.542188 0.000000
13 0.453125 0.458333 0.453125 0.483333 0.460938 0.481250 0.473438 0.487500 0.478125 0.485417 0.482812 0.487500 0.485938 0.485417 0.485938 0.477083 0.482812 0.475000 0.482812 0.466667 0.478125 0.456250 0.454688 0.456250
13 0.503125 0.468750 0.503125 0.502083 0.543750 0.518750 0.548438 0.558333 0.600000 0.575000 0.604688 0.618750 0.646875 0.635417 0.664062 0.708333 0.696875 0.685417 0.862500 0.731250 0.896875 0.700000 0.885938 0.593750 0.750000 0.456250
13 0.004687 0.110417 0.000000 0.772917 0.068750 0.656250 0.245312 0.572917 0.284375 0.606250 0.335938 0.389583 0.314063 0.308333 0.129688 0.156250