0 0.000000 0.660417 0.000000 0.997917 0.998437 0.997917 0.704688 0.670833 0.623437 0.670833 0.492188 0.493750 0.420312 0.477083 0.295312 0.587500 0.154688 0.604167 0.089063 0.706250
1 0.707812 0.672917 0.998437 0.956250 0.998437 0.768750 0.814063 0.660417 0.789062 0.691667
1 0.431250 0.487500 0.420312 0.483333 0.420312 0.475000 0.409375 0.472917 0.390625 0.481250 0.328125 0.489583 0.326562 0.518750 0.315625 0.537500 0.426563 0.495833
2 0.000000 0.000000 0.000000 0.158333 0.242188 0.247917 0.326562 0.322917 0.334375 0.383333 0.406250 0.412500 0.412500 0.472917 0.560937 0.450000 0.409375 0.291667 0.354687 0.333333 0.332813 0.104167
3 0.332813 0.427083 0.329688 0.487500 0.348438 0.485417 0.350000 0.483333 0.348438 0.479167 0.348438 0.431250 0.340625 0.427083
4 0.764062 0.512500 0.764062 0.535417 0.814063 0.587500 0.815625 0.660417 0.998437 0.766667 0.998437 0.545833
8 0.332813 0.385417 0.332813 0.425000 0.350000 0.431250 0.351562 0.483333 0.390625 0.479167 0.407813 0.470833 0.410938 0.427083 0.406250 0.414583 0.351562 0.381250 0.342187 0.379167
8 0.503125 0.000000 0.534375 0.064583 0.506250 0.054167 0.529687 0.114583 0.503125 0.160417 0.623437 0.297917 0.585938 0.383333 0.565625 0.281250 0.515625 0.418750 0.998437 0.543750 0.998437 0.000000
10 0.040625 0.000000 0.051562 0.035417 0.332813 0.102083 0.356250 0.333333 0.409375 0.289583 0.521875 0.395833 0.576562 0.270833 0.581250 0.372917 0.606250 0.372917 0.606250 0.247917 0.501563 0.160417 0.528125 0.114583 0.504687 0.054167 0.532813 0.064583 0.501563 0.000000
13 0.446875 0.458333 0.445312 0.464583 0.445312 0.481250 0.478125 0.483333 0.478125 0.468750 0.471875 0.456250 0.468750 0.454167 0.451562 0.454167
13 0.498437 0.468750 0.501563 0.510417 0.528125 0.508333 0.535937 0.550000 0.578125 0.564583 0.581250 0.600000 0.615625 0.614583 0.623437 0.668750 0.660937 0.654167 0.789062 0.689583 0.812500 0.658333 0.806250 0.572917 0.707812 0.458333 0.623437 0.447917 0.600000 0.466667 0.554688 0.458333 0.542188 0.477083 0.521875 0.447917
13 0.000000 0.160417 0.000000 0.658333 0.020313 0.693750 0.098437 0.700000 0.154688 0.602083 0.250000 0.560417 0.303125 0.581250 0.329688 0.479167 0.325000 0.322917 0.176563 0.208333