0 0.000000 0.687500 0.000000 0.997917 0.998437 0.997917 0.404687 0.462500 0.268750 0.487500 0.239063 0.560417 0.162500 0.562500
1 0.490625 0.541667 0.842187 0.891667 0.998437 0.981250 0.998437 0.814583 0.964063 0.770833 0.850000 0.727083 0.810937 0.679167 0.725000 0.675000 0.704688 0.635417 0.551562 0.541667
1 0.304688 0.475000 0.317188 0.475000 0.332813 0.466667 0.348438 0.464583 0.350000 0.460417 0.353125 0.460417 0.354687 0.454167 0.360938 0.452083 0.351562 0.452083 0.354687 0.454167 0.350000 0.456250 0.343750 0.454167 0.340625 0.450000 0.342187 0.447917 0.331250 0.445833 0.320312 0.450000 0.309375 0.450000
2 0.928125 0.116667 0.870313 0.187500 0.885938 0.204167 0.881250 0.237500 0.889062 0.252083 0.873437 0.275000 0.870313 0.339583 0.998437 0.335417 0.998437 0.125000
2 0.000000 0.000000 0.000000 0.252083 0.279687 0.333333 0.332813 0.395833 0.332813 0.445833 0.464062 0.433333 0.329688 0.277083 0.271875 0.308333 0.270313 0.129167 0.150000 0.060417 0.065625 0.056250 0.081250 0.037500 0.056250 0.000000
3 0.781250 0.618750 0.789062 0.639583 0.793750 0.645833 0.796875 0.666667 0.814063 0.675000 0.817187 0.662500 0.817187 0.639583 0.814063 0.637500 0.812500 0.625000 0.809375 0.622917 0.803125 0.633333 0.801562 0.629167 0.792188 0.629167 0.784375 0.618750
3 0.537500 0.477083 0.535937 0.487500 0.540625 0.502083 0.540625 0.535417 0.546875 0.539583 0.553125 0.539583 0.554688 0.543750 0.559375 0.543750 0.554688 0.535417 0.551562 0.516667 0.551562 0.489583 0.557813 0.483333 0.557813 0.479167
4 0.757812 0.604167 0.753125 0.625000 0.753125 0.637500 0.756250 0.639583 0.754687 0.656250 0.750000 0.660417 0.764062 0.666667 0.779687 0.668750 0.781250 0.672917 0.784375 0.672917 0.784375 0.654167 0.767188 0.604167
4 0.553125 0.489583 0.557813 0.547917 0.662500 0.610417 0.657813 0.585417 0.665625 0.554167 0.689063 0.537500 0.709375 0.537500 0.706250 0.508333 0.620313 0.497917 0.568750 0.479167
4 0.751563 0.554167 0.779687 0.618750 0.803125 0.631250 0.810937 0.620833 0.818750 0.643750 0.828125 0.564583 0.910937 0.547917 0.993750 0.502083 0.998437 0.462500 0.890625 0.458333 0.835938 0.429167
5 0.800000 0.000000 0.734375 0.675000 0.759375 0.579167 0.790625 0.675000 0.750000 0.520833
8 0.312500 0.385417 0.312500 0.414583 0.310937 0.416667 0.310937 0.443750 0.309375 0.447917 0.320312 0.447917 0.328125 0.443750 0.331250 0.433333 0.332813 0.400000 0.331250 0.395833
8 0.809375 0.014583 0.751563 0.537500 0.835938 0.427083 0.998437 0.460417 0.998437 0.337500 0.868750 0.339583 0.887500 0.252083 0.867188 0.172917 0.909375 0.118750 0.846875 0.141667 0.871875 0.066667 0.846875 0.091667 0.832812 0.045833 0.800000 0.093750
8 0.420312 0.000000 0.396875 0.106250 0.365625 0.102083 0.464062 0.329167 0.425000 0.397917 0.465625 0.414583 0.471875 0.370833 0.468750 0.439583 0.706250 0.506250 0.732812 0.547917 0.790625 0.000000 0.548438 0.000000 0.537500 0.041667 0.528125 0.000000
10 0.801562 0.000000 0.818750 0.027083 0.800000 0.091667 0.832812 0.043750 0.846875 0.089583 0.862500 0.060417 0.873437 0.066667 0.846875 0.139583 0.893750 0.108333 0.910937 0.118750 0.871875 0.160417 0.875000 0.179167 0.928125 0.114583 0.998437 0.122917 0.998437 0.000000
10 0.546875 0.000000 0.529687 0.000000 0.529687 0.008333 0.526563 0.010417 0.526563 0.022917 0.534375 0.027083 0.532813 0.029167 0.532813 0.037500 0.537500 0.039583 0.537500 0.031250 0.542188 0.027083 0.545312 0.018750 0.545312 0.004167
10 0.057813 0.000000 0.082812 0.037500 0.065625 0.054167 0.150000 0.058333 0.273438 0.131250 0.275000 0.310417 0.329688 0.275000 0.432812 0.379167 0.448437 0.341667 0.460938 0.358333 0.364063 0.102083 0.395313 0.106250 0.398438 0.031250 0.428125 0.043750 0.418750 0.000000
13 0.670312 0.550000 0.660937 0.577083 0.659375 0.602083 0.679688 0.622917 0.704688 0.633333 0.723437 0.652083 0.732812 0.550000 0.715625 0.539583 0.689063 0.539583
13 0.828125 0.566667 0.812500 0.677083 0.828125 0.704167 0.860938 0.731250 0.964063 0.768750 0.998437 0.812500 0.998437 0.500000 0.910937 0.550000
13 0.407813 0.445833 0.406250 0.472917 0.410938 0.481250 0.425000 0.477083 0.429688 0.502083 0.450000 0.512500 0.460938 0.543750 0.520312 0.539583 0.526563 0.554167 0.535937 0.554167 0.535937 0.475000 0.529687 0.475000 0.514062 0.445833 0.421875 0.435417
13 0.362500 0.433333 0.362500 0.454167 0.371875 0.454167 0.378125 0.458333 0.387500 0.458333 0.389062 0.460417 0.392188 0.458333 0.392188 0.450000 0.390625 0.447917 0.389062 0.437500 0.384375 0.431250 0.381250 0.429167 0.367188 0.429167
13 0.000000 0.254167 0.000000 0.685417 0.060937 0.672917 0.100000 0.595833 0.162500 0.560417 0.239063 0.558333 0.268750 0.485417 0.300000 0.493750 0.310937 0.383333 0.292187 0.343750