0 0.000000 0.658333 0.000000 0.997917 0.943750 0.997917 0.450000 0.477083 0.214062 0.533333 0.157812 0.645833
1 0.554688 0.577083 0.945312 0.997917 0.998437 0.997917 0.998437 0.820833 0.621875 0.577083 0.609375 0.602083
1 0.404687 0.462500 0.375000 0.456250 0.373437 0.452083 0.356250 0.460417 0.331250 0.458333 0.331250 0.470833 0.325000 0.491667 0.326562 0.487500 0.342187 0.487500 0.368750 0.477083 0.379688 0.477083
2 0.000000 0.000000 0.001563 0.166667 0.139063 0.279167 0.296875 0.310417 0.375000 0.404167 0.375000 0.454167 0.514062 0.439583 0.376563 0.281250 0.318750 0.312500 0.309375 0.114583
4 0.615625 0.497917 0.625000 0.579167 0.740625 0.662500 0.814063 0.681250 0.834375 0.618750 0.873437 0.600000 0.873437 0.550000
8 0.335938 0.377083 0.337500 0.397917 0.332813 0.456250 0.356250 0.458333 0.368750 0.454167 0.375000 0.433333 0.373437 0.404167 0.360938 0.389583
8 0.404687 0.025000 0.475000 0.195833 0.457813 0.227083 0.510938 0.285417 0.471875 0.402083 0.514062 0.427083 0.520312 0.387500 0.509375 0.450000 0.998437 0.612500 0.998437 0.000000
9 0.796875 0.677083 0.807813 0.704167 0.842187 0.735417 0.957812 0.795833 0.934375 0.770833
10 0.042188 0.000000 0.314063 0.116667 0.323437 0.316667 0.376563 0.279167 0.479687 0.387500 0.507812 0.362500 0.509375 0.285417 0.456250 0.227083 0.473438 0.195833 0.403125 0.031250 0.450000 0.010417
13 0.835938 0.618750 0.815625 0.681250 0.998437 0.818750 0.998437 0.614583 0.978125 0.597917 0.856250 0.604167
13 0.453125 0.454167 0.454688 0.491667 0.476562 0.493750 0.479687 0.520833 0.503125 0.531250 0.517188 0.579167 0.537500 0.570833 0.592187 0.579167 0.600000 0.595833 0.615625 0.595833 0.621875 0.535417 0.614062 0.497917 0.582812 0.456250 0.535937 0.445833 0.525000 0.454167 0.460938 0.445833
13 0.406250 0.441667 0.406250 0.458333 0.404687 0.460417 0.406250 0.464583 0.412500 0.464583 0.414062 0.466667 0.435937 0.466667 0.434375 0.447917 0.431250 0.445833 0.428125 0.439583 0.425000 0.439583 0.423438 0.437500 0.409375 0.437500 0.409375 0.439583
13 0.000000 0.166667 0.000000 0.656250 0.090625 0.620833 0.157812 0.643750 0.214062 0.531250 0.246875 0.547917 0.273438 0.500000 0.317188 0.516667 0.325000 0.335417 0.223438 0.279167 0.139063 0.281250