0 0.000000 0.633333 0.000000 0.997917 0.998437 0.997917 0.996875 0.835417 0.868750 0.787500 0.914062 0.835417 0.850000 0.887500 0.395313 0.464583 0.265625 0.485417 0.085938 0.656250
1 0.479687 0.535417 0.850000 0.885417 0.881250 0.893750 0.912500 0.835417 0.868750 0.785417 0.998437 0.835417 0.998437 0.797917 0.767188 0.658333 0.692187 0.654167 0.635938 0.587500 0.532813 0.533333
1 0.298438 0.475000 0.350000 0.458333 0.371875 0.460417 0.375000 0.464583 0.395313 0.462500 0.368750 0.460417 0.343750 0.450000 0.312500 0.445833 0.303125 0.450000
2 0.843750 0.187500 0.859375 0.218750 0.842187 0.275000 0.839063 0.341667 0.940625 0.335417 0.975000 0.318750 0.978125 0.341667 0.998437 0.341667 0.998437 0.152083 0.951562 0.129167 0.896875 0.125000
2 0.000000 0.000000 0.000000 0.268750 0.275000 0.335417 0.320312 0.395833 0.320312 0.443750 0.373437 0.427083 0.395313 0.460417 0.407813 0.425000 0.454688 0.433333 0.320312 0.277083 0.264062 0.308333 0.260937 0.133333 0.145313 0.066667 0.062500 0.060417 0.054688 0.000000
4 0.521875 0.479167 0.529687 0.531250 0.598437 0.579167 0.635938 0.585417 0.648438 0.537500 0.667188 0.527083 0.685937 0.529167 0.685937 0.504167 0.532813 0.472917
4 0.717187 0.537500 0.739062 0.600000 0.764062 0.622917 0.775000 0.564583 0.792188 0.541667 0.862500 0.533333 0.917188 0.493750 0.964063 0.487500 0.967187 0.452083 0.882812 0.458333 0.793750 0.427083
5 0.759375 0.000000 0.698438 0.654167 0.715625 0.647917
8 0.306250 0.389583 0.304688 0.445833 0.310937 0.445833 0.312500 0.443750 0.317188 0.443750 0.321875 0.412500 0.320312 0.410417 0.320312 0.400000 0.318750 0.395833 0.309375 0.389583
8 0.760938 0.035417 0.718750 0.525000 0.793750 0.425000 0.882812 0.456250 0.996875 0.427083 0.978125 0.320833 0.837500 0.341667 0.854688 0.239583 0.829688 0.177083 0.865625 0.137500 0.812500 0.160417 0.829688 0.089583 0.804688 0.110417 0.790625 0.070833 0.767188 0.108333 0.782813 0.041667
8 0.409375 0.018750 0.417187 0.060417 0.390625 0.045833 0.385937 0.116667 0.357812 0.112500 0.401562 0.258333 0.445312 0.302083 0.451562 0.358333 0.417187 0.397917 0.454688 0.412500 0.462500 0.368750 0.459375 0.439583 0.701562 0.531250 0.750000 0.000000 0.545312 0.000000 0.523438 0.056250 0.515625 0.000000
10 0.760938 0.000000 0.762500 0.043750 0.784375 0.041667 0.767188 0.106250 0.800000 0.070833 0.804688 0.108333 0.831250 0.089583 0.812500 0.158333 0.865625 0.133333 0.831250 0.177083 0.853125 0.237500 0.842187 0.187500 0.896875 0.122917 0.998437 0.150000 0.998437 0.000000
10 0.543750 0.000000 0.517188 0.000000 0.517188 0.004167 0.514062 0.008333 0.514062 0.025000 0.510938 0.037500 0.518750 0.041667 0.515625 0.045833 0.515625 0.050000 0.518750 0.054167 0.523438 0.054167 0.523438 0.045833 0.529687 0.031250 0.529687 0.018750
10 0.056250 0.000000 0.062500 0.058333 0.145313 0.064583 0.264062 0.135417 0.265625 0.308333 0.320312 0.275000 0.423438 0.377083 0.437500 0.341667 0.450000 0.358333 0.356250 0.112500 0.384375 0.116667 0.389062 0.045833 0.415625 0.060417 0.407813 0.018750 0.432812 0.000000
13 0.659375 0.531250 0.648438 0.539583 0.642188 0.552083 0.637500 0.589583 0.692187 0.633333 0.701562 0.533333
13 0.351562 0.435417 0.353125 0.452083 0.354687 0.454167 0.367188 0.456250 0.368750 0.458333 0.381250 0.458333 0.381250 0.441667 0.379688 0.437500 0.376563 0.435417 0.376563 0.431250 0.373437 0.429167 0.357812 0.429167
13 0.998437 0.427083 0.970313 0.447917 0.964063 0.489583 0.784375 0.550000 0.764062 0.625000 0.725000 0.560417 0.717187 0.643750 0.998437 0.795833
13 0.398438 0.443750 0.396875 0.470833 0.403125 0.481250 0.418750 0.477083 0.421875 0.502083 0.440625 0.510417 0.453125 0.539583 0.473438 0.531250 0.507812 0.535417 0.514062 0.547917 0.525000 0.543750 0.521875 0.472917 0.504687 0.445833 0.431250 0.441667 0.410938 0.427083
13 0.000000 0.270833 0.000000 0.631250 0.095312 0.650000 0.132812 0.579167 0.207813 0.541667 0.239063 0.554167 0.265625 0.483333 0.295312 0.491667 0.293750 0.347917