0 0.000000 0.702083 0.000000 0.997917 0.998437 0.997917 0.996875 0.870833 0.476562 0.500000 0.314063 0.472917 0.370312 0.506250
1 0.867188 0.587500 0.867188 0.591667 0.870313 0.593750 0.870313 0.597917 0.875000 0.602083 0.875000 0.606250 0.878125 0.610417 0.892188 0.612500 0.893750 0.616667 0.900000 0.616667 0.915625 0.610417 0.915625 0.604167 0.912500 0.602083 0.910937 0.593750 0.896875 0.589583 0.884375 0.589583 0.882812 0.587500
1 0.826562 0.583333 0.828125 0.595833 0.831250 0.597917 0.831250 0.604167 0.832812 0.604167 0.835938 0.610417 0.843750 0.606250 0.845313 0.610417 0.857812 0.610417 0.856250 0.604167 0.857812 0.600000 0.857812 0.589583 0.853125 0.583333 0.840625 0.583333 0.839063 0.581250 0.828125 0.581250
1 0.601562 0.527083 0.600000 0.564583 0.998437 0.870833 0.998437 0.637500 0.812500 0.629167
1 0.368750 0.504167 0.309375 0.481250 0.000000 0.543750 0.000000 0.700000
1 0.339062 0.475000 0.482812 0.500000 0.482812 0.485417 0.437500 0.487500 0.421875 0.479167 0.406250 0.483333 0.404687 0.477083 0.348438 0.470833
2 0.998437 0.131250 0.867188 0.210417 0.748437 0.327083 0.632812 0.312500 0.614062 0.408333 0.748437 0.393750 0.934375 0.429167 0.976562 0.595833 0.957812 0.610417 0.990625 0.591667 0.998437 0.616667
2 0.000000 0.000000 0.001563 0.166667 0.306250 0.356250 0.375000 0.472917 0.423438 0.435417 0.482812 0.483333 0.507812 0.410417 0.579688 0.425000 0.498437 0.387500 0.350000 0.218750 0.284375 0.281250 0.217188 0.218750 0.154688 0.241667 0.157812 0.125000 0.203125 0.110417 0.173437 0.000000
4 0.606250 0.472917 0.606250 0.525000 0.812500 0.627083 0.998437 0.635417 0.990625 0.593750 0.984375 0.618750 0.956250 0.610417 0.975000 0.595833 0.954688 0.520833 0.948438 0.583333 0.907813 0.591667 0.915625 0.612500 0.878125 0.612500 0.860938 0.583333 0.857812 0.612500 0.835938 0.612500 0.821875 0.483333
4 0.343750 0.431250 0.348438 0.454167 0.346875 0.468750 0.373437 0.472917 0.378125 0.450000 0.376563 0.443750 0.379688 0.441667 0.376563 0.437500 0.345313 0.435417
5 0.578125 0.220833 0.607812 0.256250 0.615625 0.279167 0.601562 0.525000 0.615625 0.270833
8 0.615625 0.318750 0.606250 0.470833 0.821875 0.481250 0.828125 0.579167 0.946875 0.583333 0.954688 0.454167 0.934375 0.431250 0.748437 0.395833 0.614062 0.410417
8 0.706250 0.312500 0.706250 0.320833 0.710938 0.322917 0.717187 0.320833 0.718750 0.325000 0.728125 0.322917 0.729688 0.325000 0.743750 0.327083 0.748437 0.325000 0.750000 0.320833 0.745313 0.322917 0.740625 0.316667 0.735938 0.304167 0.731250 0.302083 0.721875 0.304167 0.717187 0.310417 0.712500 0.312500
8 0.568750 0.202083 0.546875 0.243750 0.553125 0.270833 0.539062 0.268750 0.543750 0.295833 0.534375 0.289583 0.543750 0.327083 0.526563 0.325000 0.528125 0.352083 0.517188 0.320833 0.498437 0.385417 0.532813 0.372917 0.582812 0.418750 0.601562 0.468750 0.610938 0.318750 0.600000 0.341667 0.576562 0.329167 0.593750 0.310417 0.578125 0.297917 0.587500 0.258333
8 0.000000 0.166667 0.000000 0.541667 0.298438 0.491667 0.317188 0.466667 0.326562 0.418750 0.306250 0.358333
10 0.582812 0.229167 0.576562 0.245833 0.584375 0.243750 0.589063 0.268750 0.579688 0.297917 0.582812 0.302083 0.590625 0.295833 0.590625 0.306250 0.595313 0.310417 0.578125 0.329167 0.590625 0.329167 0.585938 0.341667 0.592187 0.341667 0.596875 0.333333 0.600000 0.339583 0.610938 0.316667 0.614062 0.279167 0.606250 0.256250
10 0.154688 0.239583 0.217188 0.216667 0.284375 0.279167 0.350000 0.216667 0.504687 0.362500 0.570312 0.200000 0.621875 0.366667 0.632812 0.310417 0.753125 0.320833 0.996875 0.129167 0.998437 0.000000 0.175000 0.000000 0.204687 0.110417 0.159375 0.125000
13 0.407813 0.445833 0.406250 0.481250 0.412500 0.481250 0.414062 0.477083 0.421875 0.477083 0.423438 0.481250 0.432812 0.481250 0.437500 0.485417 0.454688 0.481250 0.451562 0.454167 0.442188 0.441667 0.414062 0.437500 0.412500 0.443750
13 0.321875 0.418750 0.320312 0.420833 0.320312 0.456250 0.318750 0.466667 0.315625 0.470833 0.318750 0.472917 0.320312 0.468750 0.325000 0.468750 0.328125 0.475000 0.337500 0.475000 0.342187 0.468750 0.345313 0.468750 0.346875 0.464583 0.345313 0.441667 0.337500 0.422917
13 0.503125 0.416667 0.498437 0.443750 0.484375 0.468750 0.484375 0.506250 0.500000 0.514583 0.507812 0.543750 0.520312 0.547917 0.526563 0.535417 0.571875 0.539583 0.593750 0.560417 0.601562 0.470833 0.584375 0.431250 0.548438 0.427083 0.531250 0.412500