0 0.000000 0.685417 0.000000 0.997917 0.998437 0.997917 0.998437 0.868750 0.612500 0.575000 0.529687 0.585417 0.473438 0.504167 0.271875 0.468750 0.343750 0.514583
1 0.660937 0.556250 0.653125 0.606250 0.998437 0.866667 0.996875 0.710417
1 0.342187 0.504167 0.268750 0.477083 0.232813 0.497917 0.003125 0.531250 0.000000 0.683333 0.317188 0.531250
1 0.320312 0.472917 0.485938 0.506250 0.485938 0.489583 0.454688 0.483333 0.429688 0.489583 0.401562 0.485417 0.395313 0.477083
2 0.642188 0.331250 0.640625 0.341667 0.635938 0.352083 0.635938 0.362500 0.631250 0.375000 0.631250 0.387500 0.628125 0.395833 0.628125 0.404167 0.631250 0.408333 0.637500 0.408333 0.637500 0.379167 0.639062 0.377083 0.640625 0.333333
2 0.092188 0.218750 0.264062 0.325000 0.281250 0.402083 0.329688 0.393750 0.368750 0.435417 0.367188 0.475000 0.420312 0.433333 0.485938 0.487500 0.515625 0.400000 0.590625 0.412500 0.532813 0.364583 0.500000 0.383333 0.462500 0.310417 0.337500 0.189583 0.267188 0.258333 0.193750 0.191667 0.181250 0.220833 0.125000 0.218750 0.121875 0.191667
2 0.998437 0.137500 0.775000 0.320833 0.650000 0.300000 0.643750 0.404167 0.784375 0.366667 0.998437 0.387500
2 0.000000 0.000000 0.000000 0.164583 0.076563 0.210417 0.054688 0.185417 0.057813 0.160417 0.071875 0.158333 0.071875 0.145833 0.048438 0.122917 0.051562 0.035417 0.070312 0.000000
4 0.662500 0.477083 0.662500 0.556250 0.998437 0.710417 0.998437 0.504167
4 0.328125 0.427083 0.331250 0.443750 0.326562 0.466667 0.364063 0.472917 0.367188 0.439583 0.365625 0.433333 0.356250 0.429167
5 0.606250 0.166667 0.648438 0.229167 0.639062 0.429167 0.651563 0.231250 0.637500 0.200000
8 0.304688 0.406250 0.304688 0.408333 0.312500 0.408333 0.314063 0.412500 0.320312 0.412500 0.326562 0.420833 0.326562 0.425000 0.348438 0.427083 0.346875 0.420833 0.343750 0.420833 0.342187 0.416667 0.334375 0.412500 0.329688 0.395833 0.326562 0.393750 0.312500 0.395833
8 0.640625 0.414583 0.664062 0.477083 0.998437 0.502083 0.998437 0.389583 0.784375 0.368750
8 0.575000 0.185417 0.553125 0.229167 0.557813 0.262500 0.543750 0.258333 0.546875 0.320833 0.529687 0.316667 0.531250 0.347917 0.520312 0.314583 0.500000 0.381250 0.532813 0.362500 0.592187 0.412500 0.635938 0.425000 0.621875 0.297917 0.607812 0.337500 0.587500 0.325000 0.600000 0.289583 0.585938 0.293750 0.596875 0.247917 0.582812 0.235417 0.589063 0.218750
8 0.000000 0.166667 0.000000 0.531250 0.242188 0.493750 0.275000 0.466667 0.278125 0.362500 0.264062 0.327083
10 0.050000 0.075000 0.078125 0.210417 0.193750 0.189583 0.267188 0.256250 0.337500 0.187500 0.506250 0.358333 0.576562 0.183333 0.629687 0.375000 0.606250 0.164583 0.650000 0.297917 0.775000 0.318750 0.998437 0.135417 0.998437 0.000000 0.071875 0.000000
13 0.398438 0.445833 0.398438 0.481250 0.420312 0.481250 0.429688 0.487500 0.453125 0.483333 0.450000 0.454167 0.443750 0.447917 0.442188 0.441667 0.435937 0.437500 0.406250 0.435417
13 0.281250 0.404167 0.279687 0.450000 0.275000 0.464583 0.282813 0.466667 0.284375 0.470833 0.296875 0.470833 0.303125 0.466667 0.310937 0.475000 0.318750 0.475000 0.325000 0.466667 0.329688 0.443750 0.325000 0.420833 0.312500 0.410417
13 0.515625 0.402083 0.510938 0.429167 0.490625 0.454167 0.487500 0.514583 0.493750 0.527083 0.510938 0.522917 0.510938 0.550000 0.526563 0.550000 0.526563 0.579167 0.543750 0.583333 0.550000 0.564583 0.596875 0.568750 0.648438 0.602083 0.659375 0.566667 0.660937 0.477083 0.645312 0.439583 0.626563 0.422917