0 0.000000 0.697917 0.000000 0.997917 0.998437 0.997917 0.998437 0.868750 0.475000 0.502083 0.303125 0.472917 0.362500 0.510417
1 0.912500 0.597917 0.917188 0.610417 0.921875 0.612500 0.923438 0.620833 0.935937 0.625000 0.953125 0.620833 0.959375 0.622917 0.962500 0.633333 0.965625 0.633333 0.964063 0.627083 0.968750 0.612500 0.962500 0.604167 0.934375 0.597917
1 0.870313 0.587500 0.870313 0.612500 0.873437 0.616667 0.875000 0.633333 0.896875 0.637500 0.910937 0.635417 0.907813 0.612500 0.904687 0.610417 0.904687 0.602083 0.900000 0.593750 0.873437 0.591667
1 0.610938 0.529167 0.606250 0.570833 0.998437 0.866667 0.996875 0.656250 0.854688 0.650000
1 0.360938 0.502083 0.300000 0.479167 0.000000 0.545833 0.000000 0.695833
1 0.332813 0.475000 0.481250 0.502083 0.481250 0.487500 0.453125 0.483333 0.435937 0.489583 0.412500 0.479167 0.403125 0.483333 0.400000 0.477083
2 0.998437 0.129167 0.885938 0.197917 0.751563 0.327083 0.635938 0.308333 0.615625 0.408333 0.721875 0.385417 0.923438 0.404167 0.993750 0.456250 0.998437 0.520833
2 0.000000 0.000000 0.001563 0.172917 0.296875 0.352083 0.373437 0.475000 0.423438 0.435417 0.481250 0.485417 0.509375 0.406250 0.579688 0.425000 0.525000 0.368750 0.498437 0.385417 0.345313 0.212500 0.278125 0.277083 0.207813 0.212500 0.142187 0.237500 0.131250 0.114583 0.184375 0.089583 0.160938 0.000000
4 0.612500 0.475000 0.610938 0.527083 0.854688 0.647917 0.998437 0.656250 0.992188 0.508333 0.984375 0.593750 0.959375 0.602083 0.967187 0.633333 0.903125 0.593750 0.912500 0.635417 0.871875 0.629167 0.865625 0.487500
4 0.339062 0.431250 0.339062 0.437500 0.342187 0.439583 0.342187 0.466667 0.340625 0.468750 0.351562 0.472917 0.371875 0.475000 0.373437 0.437500 0.343750 0.435417 0.342187 0.431250
5 0.582812 0.208333 0.620313 0.268750 0.610938 0.472917 0.621875 0.264583 0.614062 0.243750
8 0.615625 0.410417 0.612500 0.472917 0.865625 0.485417 0.873437 0.589583 0.982812 0.593750 0.992188 0.456250 0.923438 0.406250 0.721875 0.387500
8 0.703125 0.318750 0.729688 0.320833 0.742188 0.325000 0.751563 0.325000 0.754687 0.320833 0.751563 0.318750 0.748437 0.322917 0.745313 0.322917 0.740625 0.314583 0.740625 0.310417 0.735938 0.304167 0.725000 0.302083 0.717187 0.306250 0.715625 0.310417 0.706250 0.312500
8 0.567187 0.197917 0.545312 0.243750 0.551562 0.270833 0.539062 0.264583 0.532813 0.289583 0.542188 0.327083 0.515625 0.320833 0.498437 0.383333 0.534375 0.372917 0.571875 0.404167 0.606250 0.460417 0.615625 0.312500 0.600000 0.341667 0.579688 0.329167 0.592187 0.310417 0.578125 0.297917 0.587500 0.254167
8 0.000000 0.172917 0.000000 0.543750 0.301563 0.475000 0.310937 0.410417 0.296875 0.354167
10 0.131250 0.195833 0.275000 0.275000 0.345313 0.210417 0.498437 0.362500 0.568750 0.195833 0.585938 0.339583 0.623437 0.264583 0.620313 0.370833 0.635938 0.306250 0.757812 0.318750 0.998437 0.127083 0.998437 0.000000 0.162500 0.000000 0.185938 0.089583 0.139063 0.097917
13 0.406250 0.441667 0.401562 0.456250 0.403125 0.481250 0.410938 0.481250 0.412500 0.477083 0.414062 0.481250 0.423438 0.481250 0.435937 0.487500 0.440625 0.483333 0.451562 0.483333 0.450000 0.456250 0.443750 0.450000 0.440625 0.441667 0.423438 0.437500 0.410938 0.437500 0.409375 0.441667
13 0.310937 0.414583 0.307812 0.460417 0.304688 0.462500 0.303125 0.470833 0.304688 0.475000 0.310937 0.475000 0.314063 0.468750 0.318750 0.468750 0.323437 0.475000 0.331250 0.475000 0.340625 0.466667 0.340625 0.439583 0.337500 0.437500 0.337500 0.431250 0.332813 0.422917
13 0.506250 0.410417 0.482812 0.470833 0.487500 0.516667 0.498437 0.514583 0.500000 0.531250 0.518750 0.558333 0.537500 0.539583 0.576562 0.545833 0.590625 0.566667 0.603125 0.568750 0.610938 0.475000 0.592187 0.431250 0.528125 0.408333