0 0.000000 0.716667 0.000000 0.997917 0.998437 0.997917 0.996875 0.843750 0.871875 0.750000 0.709375 0.727083 0.684375 0.650000 0.600000 0.616667 0.595313 0.554167 0.387500 0.479167
1 0.998437 0.843750 0.998437 0.693750 0.992188 0.691667 0.993750 0.720833 0.982812 0.735417 0.954688 0.747917 0.873437 0.750000
1 0.562500 0.500000 0.559375 0.525000 0.579688 0.539583 0.581250 0.543750 0.595313 0.552083 0.595313 0.533333 0.598437 0.527083 0.598437 0.514583 0.584375 0.508333 0.573438 0.508333 0.571875 0.504167
1 0.487500 0.483333 0.373437 0.472917 0.201563 0.522917 0.000000 0.497917 0.000000 0.714583 0.400000 0.502083 0.387500 0.477083
2 0.617188 0.331250 0.612500 0.408333 0.646875 0.418750 0.745313 0.412500 0.735938 0.395833 0.718750 0.397917 0.725000 0.379167 0.707812 0.381250 0.703125 0.366667 0.689063 0.356250 0.684375 0.333333
2 0.000000 0.000000 0.000000 0.387500 0.093750 0.391667 0.093750 0.462500 0.148438 0.466667 0.157812 0.404167 0.214062 0.406250 0.228125 0.327083 0.364063 0.391667 0.398438 0.475000 0.454688 0.443750 0.487500 0.481250 0.514062 0.433333 0.560937 0.466667 0.571875 0.418750 0.503125 0.397917 0.379688 0.260417 0.317188 0.314583 0.264062 0.272917 0.290625 0.216667 0.239063 0.000000
3 0.251563 0.425000 0.240625 0.412500 0.160938 0.404167 0.156250 0.466667 0.078125 0.464583 0.046875 0.491667 0.195312 0.520833 0.251563 0.510417
4 0.878125 0.487500 0.960938 0.552083 0.968750 0.581250 0.992188 0.608333 0.993750 0.654167 0.998437 0.654167 0.998437 0.493750
4 0.578125 0.472917 0.578125 0.506250 0.584375 0.506250 0.598437 0.512500 0.598437 0.502083 0.601562 0.495833 0.603125 0.483333 0.606250 0.481250 0.606250 0.477083 0.610938 0.468750 0.585938 0.468750
4 0.378125 0.445833 0.378125 0.462500 0.375000 0.466667 0.375000 0.470833 0.381250 0.470833 0.382812 0.472917 0.396875 0.472917 0.400000 0.470833 0.400000 0.466667 0.398438 0.464583 0.400000 0.460417 0.400000 0.445833
4 0.026562 0.381250 0.029687 0.427083 0.020313 0.491667 0.059375 0.487500 0.070312 0.464583 0.093750 0.460417 0.093750 0.393750 0.085938 0.397917 0.037500 0.393750 0.034375 0.381250
8 0.000000 0.389583 0.000000 0.495833 0.007812 0.495833 0.009375 0.491667 0.018750 0.491667 0.021875 0.481250 0.025000 0.429167 0.028125 0.427083 0.026562 0.397917
8 0.218750 0.337500 0.214062 0.404167 0.240625 0.410417 0.253125 0.425000 0.256250 0.506250 0.339062 0.491667 0.371875 0.472917 0.364063 0.393750 0.253125 0.333333 0.226562 0.329167
8 0.610938 0.310417 0.601562 0.341667 0.584375 0.350000 0.578125 0.470833 0.610938 0.466667 0.620313 0.437500 0.645312 0.418750 0.610938 0.408333 0.615625 0.391667
8 0.562500 0.225000 0.546875 0.260417 0.550000 0.289583 0.539062 0.285417 0.543750 0.308333 0.534375 0.306250 0.542188 0.339583 0.520312 0.333333 0.503125 0.395833 0.528125 0.383333 0.571875 0.416667 0.562500 0.470833 0.573438 0.472917 0.581250 0.350000 0.575000 0.304167 0.582812 0.275000
8 0.706250 0.041667 0.732812 0.100000 0.704688 0.145833 0.701562 0.260417 0.682813 0.268750 0.690625 0.356250 0.875000 0.487500 0.998437 0.491667 0.998437 0.000000 0.760938 0.000000
10 0.265625 0.272917 0.317188 0.312500 0.375000 0.256250 0.507812 0.372917 0.567187 0.222917 0.584375 0.347917 0.610938 0.308333 0.684375 0.331250 0.731250 0.100000 0.704688 0.041667 0.759375 0.000000 0.240625 0.000000 0.292187 0.216667
13 0.429688 0.445833 0.426563 0.456250 0.426563 0.477083 0.446875 0.477083 0.448437 0.481250 0.464062 0.481250 0.465625 0.468750 0.459375 0.450000 0.454688 0.445833
13 0.498437 0.445833 0.498437 0.454167 0.490625 0.464583 0.489063 0.495833 0.498437 0.502083 0.503125 0.516667 0.509375 0.516667 0.514062 0.508333 0.528125 0.508333 0.546875 0.514583 0.550000 0.522917 0.557813 0.522917 0.560937 0.468750 0.551562 0.441667 0.514062 0.435417 0.506250 0.447917
13 0.621875 0.437500 0.600000 0.502083 0.601562 0.616667 0.628125 0.600000 0.684375 0.647917 0.709375 0.725000 0.859375 0.747917 0.990625 0.725000 0.993750 0.622917 0.959375 0.552083 0.817187 0.435417 0.682813 0.414583