0 0.000000 0.708333 0.000000 0.997917 0.998437 0.997917 0.996875 0.864583 0.790625 0.820833 0.743750 0.708333 0.471875 0.489583 0.375000 0.479167
1 0.557813 0.502083 0.554688 0.527083 0.606250 0.566667 0.606250 0.545833 0.610938 0.525000 0.579688 0.508333 0.570312 0.508333 0.568750 0.504167
1 0.478125 0.479167 0.360938 0.470833 0.157812 0.525000 0.000000 0.497917 0.000000 0.706250 0.392188 0.497917 0.375000 0.477083
2 0.043750 0.493750 0.043750 0.497917 0.045312 0.502083 0.062500 0.502083 0.064062 0.506250 0.067187 0.506250 0.067187 0.489583 0.065625 0.485417 0.057813 0.485417 0.056250 0.487500 0.050000 0.487500 0.048438 0.489583 0.045312 0.489583
2 0.600000 0.408333 0.662500 0.414583 0.679688 0.406250 0.759375 0.402083 0.760938 0.389583 0.742188 0.387500 0.745313 0.368750 0.726562 0.372917 0.710938 0.335417 0.612500 0.322917
2 0.000000 0.000000 0.000000 0.379167 0.035937 0.381250 0.035937 0.460417 0.096875 0.485417 0.106250 0.395833 0.179688 0.395833 0.196875 0.308333 0.345313 0.383333 0.389062 0.472917 0.443750 0.439583 0.479687 0.477083 0.506250 0.433333 0.556250 0.464583 0.567187 0.418750 0.364063 0.250000 0.303125 0.308333 0.243750 0.264583 0.243750 0.210417 0.271875 0.208333 0.221875 0.000000
3 0.220312 0.420833 0.181250 0.397917 0.107813 0.395833 0.096875 0.487500 0.078125 0.487500 0.068750 0.466667 0.031250 0.462500 0.000000 0.495833 0.043750 0.502083 0.045312 0.487500 0.065625 0.483333 0.068750 0.506250 0.114062 0.518750 0.220312 0.514583
4 0.557813 0.468750 0.557813 0.500000 0.568750 0.502083 0.568750 0.468750
4 0.573438 0.466667 0.573438 0.506250 0.579688 0.506250 0.609375 0.520833 0.614062 0.489583 0.623437 0.475000 0.623437 0.466667
4 0.367188 0.443750 0.365625 0.445833 0.367188 0.447917 0.367188 0.468750 0.370312 0.470833 0.387500 0.472917 0.387500 0.466667 0.389062 0.464583 0.389062 0.443750 0.382812 0.443750 0.381250 0.445833 0.368750 0.445833
4 0.034375 0.381250 0.028125 0.385417 0.000000 0.381250 0.000000 0.491667 0.010937 0.475000 0.034375 0.460417 0.037500 0.402083
8 0.960938 0.485417 0.967187 0.487500 0.968750 0.491667 0.971875 0.491667 0.973437 0.495833 0.976562 0.497917 0.981250 0.497917 0.982812 0.502083 0.989062 0.502083 0.990625 0.506250 0.996875 0.508333 0.998437 0.502083 0.998437 0.483333 0.975000 0.483333 0.973437 0.487500 0.968750 0.487500 0.967187 0.483333
8 0.178125 0.322917 0.178125 0.391667 0.221875 0.420833 0.225000 0.506250 0.323437 0.491667 0.351562 0.472917 0.359375 0.416667 0.345313 0.385417 0.221875 0.316667 0.195312 0.310417
8 0.603125 0.306250 0.593750 0.341667 0.579688 0.347917 0.573438 0.464583 0.625000 0.466667 0.639062 0.427083 0.654687 0.418750 0.646875 0.410417 0.598437 0.408333 0.609375 0.335417
8 0.556250 0.218750 0.539062 0.256250 0.542188 0.287500 0.531250 0.281250 0.534375 0.304167 0.526563 0.302083 0.534375 0.335417 0.510938 0.331250 0.495312 0.391667 0.521875 0.381250 0.570312 0.425000 0.557813 0.431250 0.557813 0.466667 0.568750 0.466667 0.575000 0.347917 0.567187 0.333333 0.576562 0.310417 0.567187 0.310417 0.576562 0.272917 0.564063 0.258333 0.567187 0.235417
8 0.732812 0.000000 0.756250 0.060417 0.726562 0.104167 0.740625 0.127083 0.718750 0.150000 0.720313 0.233333 0.698438 0.243750 0.682813 0.329167 0.760938 0.402083 0.870313 0.418750 0.839063 0.400000 0.998437 0.364583 0.998437 0.000000
9 0.998437 0.481250 0.998437 0.366667 0.868750 0.385417 0.840625 0.400000 0.885938 0.422917 0.959375 0.483333
10 0.223438 0.000000 0.273438 0.208333 0.245312 0.210417 0.245312 0.264583 0.303125 0.306250 0.364063 0.247917 0.496875 0.368750 0.531250 0.339583 0.556250 0.216667 0.579688 0.345833 0.603125 0.304167 0.689063 0.320833 0.754687 0.060417 0.731250 0.000000
13 0.417187 0.447917 0.414062 0.464583 0.417187 0.468750 0.417187 0.477083 0.439063 0.477083 0.440625 0.481250 0.445312 0.481250 0.446875 0.477083 0.456250 0.477083 0.454688 0.456250 0.443750 0.441667 0.421875 0.441667
13 0.492188 0.441667 0.490625 0.452083 0.482812 0.460417 0.479687 0.491667 0.490625 0.502083 0.493750 0.514583 0.498437 0.518750 0.512500 0.510417 0.542188 0.514583 0.546875 0.527083 0.553125 0.527083 0.556250 0.466667 0.548438 0.441667 0.535937 0.435417 0.506250 0.435417 0.498437 0.447917 0.496875 0.441667
13 0.360938 0.429167 0.357812 0.429167 0.357812 0.450000 0.356250 0.452083 0.356250 0.460417 0.354687 0.462500 0.354687 0.468750 0.353125 0.472917 0.357812 0.472917 0.360938 0.468750 0.365625 0.468750 0.365625 0.447917 0.364063 0.445833 0.364063 0.437500
13 0.640625 0.427083 0.607812 0.545833 0.617188 0.643750 0.648438 0.625000 0.743750 0.706250 0.790625 0.818750 0.854688 0.806250 0.998437 0.864583 0.998437 0.510417 0.845313 0.410417