0 0.000000 0.708333 0.000000 0.997917 0.998437 0.997917 0.996875 0.858333 0.764062 0.689583 0.614062 0.706250 0.551562 0.552083 0.217188 0.472917 0.320312 0.537500
1 0.835938 0.733333 0.998437 0.860417 0.996875 0.718750 0.887500 0.670833 0.884375 0.700000 0.851562 0.706250
1 0.317188 0.520833 0.212500 0.483333 0.168750 0.520833 0.000000 0.545833 0.000000 0.706250 0.298438 0.558333
1 0.312500 0.483333 0.507812 0.527083 0.507812 0.504167 0.475000 0.497917 0.440625 0.504167 0.423438 0.493750 0.404687 0.497917 0.395313 0.487500 0.321875 0.477083
2 0.687500 0.289583 0.664062 0.381250 0.715625 0.387500 0.720313 0.295833
2 0.998437 0.177083 0.889062 0.281250 0.871875 0.279167 0.873437 0.254167 0.848437 0.318750 0.728125 0.295833 0.721875 0.389583 0.996875 0.325000
2 0.104688 0.183333 0.101562 0.214583 0.207813 0.285417 0.229687 0.391667 0.443750 0.439583 0.467187 0.495833 0.507812 0.502083 0.554688 0.387500 0.598437 0.389583 0.562500 0.360417 0.518750 0.379167 0.339062 0.166667 0.264062 0.243750 0.246875 0.212500 0.195312 0.212500 0.189062 0.164583 0.173437 0.212500 0.118750 0.212500
4 0.889062 0.520833 0.881250 0.552083 0.887500 0.668750 0.998437 0.720833 0.998437 0.518750
4 0.320312 0.431250 0.325000 0.443750 0.323437 0.477083 0.365625 0.485417 0.368750 0.458333 0.382812 0.483333 0.395313 0.485417 0.400000 0.481250 0.403125 0.447917 0.359375 0.435417
5 0.675000 0.077083 0.671875 0.087500 0.717187 0.135417 0.729688 0.166667 0.720313 0.389583 0.732812 0.160417 0.723437 0.135417
8 0.998437 0.516667 0.998437 0.325000 0.745313 0.389583 0.831250 0.418750 0.890625 0.520833
8 0.601562 0.175000 0.571875 0.227083 0.578125 0.258333 0.564063 0.252083 0.565625 0.320833 0.550000 0.316667 0.553125 0.352083 0.537500 0.316667 0.518750 0.377083 0.562500 0.358333 0.618750 0.400000 0.651563 0.383333 0.646875 0.297917 0.631250 0.333333 0.610938 0.322917 0.628125 0.300000 0.610938 0.289583 0.621875 0.237500 0.607812 0.225000
8 0.000000 0.145833 0.000000 0.543750 0.195312 0.506250 0.225000 0.414583 0.250000 0.400000 0.226562 0.389583 0.212500 0.295833
10 0.000000 0.000000 0.001563 0.145833 0.100000 0.212500 0.189062 0.162500 0.262500 0.241667 0.339062 0.164583 0.518750 0.356250 0.601562 0.172917 0.653125 0.383333 0.725000 0.252083 0.675000 0.075000 0.739062 0.297917 0.848437 0.316667 0.998437 0.175000 0.998437 0.000000
13 0.401562 0.460417 0.401562 0.487500 0.404687 0.495833 0.423438 0.491667 0.425000 0.495833 0.434375 0.495833 0.440625 0.502083 0.446875 0.502083 0.451562 0.495833 0.465625 0.495833 0.462500 0.462500 0.443750 0.441667 0.412500 0.441667
13 0.217188 0.466667 0.221875 0.472917 0.260937 0.472917 0.273438 0.483333 0.295312 0.477083 0.310937 0.487500 0.323437 0.472917 0.323437 0.443750 0.309375 0.414583 0.250000 0.402083 0.226562 0.414583 0.225000 0.447917
13 0.512500 0.462500 0.507812 0.537500 0.523438 0.560417 0.553125 0.552083 0.554688 0.606250 0.593750 0.612500 0.614062 0.704167 0.678125 0.670833 0.764062 0.687500 0.831250 0.735417 0.884375 0.697917 0.887500 0.510417 0.826562 0.416667 0.742188 0.387500 0.554688 0.389583