0 0.000000 0.702083 0.000000 0.997917 0.998437 0.997917 0.848437 0.812500 0.765625 0.833333 0.712500 0.656250 0.467187 0.493750 0.331250 0.472917 0.381250 0.500000
1 0.573438 0.512500 0.570312 0.543750 0.726562 0.668750 0.732812 0.585417
1 0.379688 0.497917 0.328125 0.477083 0.000000 0.545833 0.000000 0.700000
1 0.346875 0.472917 0.478125 0.495833 0.478125 0.483333 0.457813 0.479167 0.432812 0.483333 0.407813 0.475000 0.356250 0.468750
2 0.900000 0.364583 0.878125 0.362500 0.856250 0.329167 0.859375 0.306250 0.831250 0.316667 0.825000 0.270833 0.796875 0.287500 0.796875 0.264583 0.725000 0.331250 0.620313 0.320833 0.603125 0.412500 0.796875 0.416667
2 0.000000 0.000000 0.001563 0.350000 0.059375 0.360417 0.056250 0.250000 0.084375 0.235417 0.317188 0.364583 0.382812 0.472917 0.442188 0.439583 0.478125 0.481250 0.500000 0.414583 0.570312 0.420833 0.495312 0.393750 0.354687 0.233333 0.292187 0.293750 0.226562 0.229167 0.201563 0.252083 0.204687 0.162500 0.239063 0.158333 0.198437 0.000000
3 0.000000 0.347917 0.000000 0.543750 0.123438 0.525000 0.120313 0.387500 0.075000 0.364583
4 0.585938 0.470833 0.584375 0.516667 0.700000 0.564583 0.718750 0.583333 0.732812 0.583333 0.735938 0.564583 0.728125 0.554167 0.725000 0.527083 0.728125 0.479167
4 0.354687 0.439583 0.354687 0.464583 0.353125 0.466667 0.356250 0.466667 0.357812 0.468750 0.368750 0.468750 0.370312 0.470833 0.379688 0.470833 0.381250 0.441667 0.356250 0.441667
5 0.565625 0.256250 0.592187 0.291667 0.582812 0.516667 0.595313 0.295833 0.585938 0.275000
8 0.731250 0.325000 0.728125 0.320833 0.728125 0.316667 0.725000 0.314583 0.723437 0.308333 0.720313 0.310417 0.718750 0.306250 0.715625 0.306250 0.714063 0.310417 0.704688 0.312500 0.703125 0.316667 0.696875 0.316667 0.695312 0.318750 0.695312 0.325000 0.693750 0.327083 0.689063 0.327083 0.689063 0.329167 0.690625 0.327083 0.698438 0.331250 0.717187 0.331250
8 0.607812 0.306250 0.593750 0.343750 0.587500 0.468750 0.728125 0.477083 0.735938 0.562500 0.743750 0.520833 0.795312 0.416667 0.603125 0.414583 0.614062 0.352083
8 0.057813 0.250000 0.053125 0.347917 0.121875 0.387500 0.128125 0.518750 0.295312 0.491667 0.334375 0.466667 0.345313 0.410417 0.317188 0.366667 0.084375 0.237500
8 0.560937 0.212500 0.540625 0.254167 0.545312 0.283333 0.534375 0.277083 0.537500 0.300000 0.528125 0.295833 0.535937 0.335417 0.514062 0.325000 0.493750 0.389583 0.520312 0.372917 0.568750 0.414583 0.565625 0.445833 0.581250 0.470833 0.589063 0.343750 0.570312 0.333333 0.585938 0.314583 0.571875 0.308333 0.579688 0.275000 0.568750 0.260417 0.579688 0.266667
8 0.853125 0.004167 0.831250 0.114583 0.851562 0.137500 0.820312 0.143750 0.815625 0.237500 0.795312 0.245833 0.796875 0.285417 0.825000 0.268750 0.831250 0.314583 0.859375 0.304167 0.879687 0.362500 0.998437 0.345833 0.998437 0.000000
10 0.581250 0.275000 0.578125 0.281250 0.579688 0.289583 0.571875 0.300000 0.573438 0.308333 0.582812 0.304167 0.584375 0.312500 0.587500 0.314583 0.581250 0.327083 0.571875 0.333333 0.584375 0.335417 0.578125 0.345833 0.590625 0.339583 0.590625 0.291667
10 0.200000 0.245833 0.292187 0.291667 0.354687 0.231250 0.501563 0.366667 0.565625 0.210417 0.593750 0.341667 0.607812 0.304167 0.614062 0.350000 0.732812 0.322917 0.817187 0.231250 0.864062 0.000000 0.200000 0.000000 0.240625 0.158333 0.206250 0.162500
13 0.410938 0.445833 0.407813 0.456250 0.409375 0.477083 0.431250 0.477083 0.432812 0.481250 0.450000 0.481250 0.451562 0.477083 0.450000 0.454167 0.443750 0.447917 0.442188 0.441667 0.414062 0.441667
13 0.339062 0.422917 0.337500 0.447917 0.335938 0.450000 0.335938 0.470833 0.337500 0.472917 0.345313 0.472917 0.353125 0.464583 0.353125 0.435417 0.350000 0.433333 0.350000 0.427083 0.348438 0.425000 0.342187 0.425000
13 0.500000 0.416667 0.490625 0.454167 0.479687 0.472917 0.482812 0.506250 0.492188 0.508333 0.500000 0.531250 0.515625 0.520833 0.548438 0.525000 0.562500 0.543750 0.568750 0.543750 0.571875 0.466667 0.560937 0.431250 0.537500 0.431250 0.526563 0.420833
13 0.820312 0.395833 0.740625 0.533333 0.742188 0.785417 0.790625 0.847917 0.845313 0.808333 0.998437 0.952083 0.998437 0.347917