0 0.000000 0.708333 0.000000 0.997917 0.821875 0.997917 0.785937 0.837500 0.651563 0.687500 0.612500 0.708333 0.598437 0.587500 0.539062 0.600000 0.510938 0.541667 0.090625 0.456250 0.256250 0.556250
1 0.279687 0.483333 0.512500 0.543750 0.514062 0.510417 0.459375 0.502083 0.429688 0.510417 0.410938 0.497917 0.389062 0.504167 0.382812 0.493750
1 0.254688 0.539583 0.198437 0.500000 0.081250 0.475000 0.035937 0.537500 0.000000 0.545833 0.000000 0.706250 0.206250 0.602083 0.248438 0.568750
2 0.810937 0.318750 0.812500 0.316667 0.823438 0.314583 0.826562 0.310417 0.832812 0.310417 0.834375 0.308333 0.837500 0.308333 0.839063 0.304167 0.843750 0.304167 0.840625 0.302083 0.829688 0.302083 0.828125 0.300000 0.814063 0.300000 0.812500 0.297917 0.810937 0.300000
2 0.679688 0.358333 0.682813 0.352083 0.685937 0.360417 0.704688 0.364583 0.712500 0.387500 0.757812 0.347917 0.800000 0.325000 0.801562 0.295833 0.703125 0.277083
2 0.998437 0.214583 0.957812 0.254167 0.945312 0.256250 0.925000 0.272917 0.998437 0.252083
2 0.064062 0.156250 0.109375 0.391667 0.146875 0.341667 0.256250 0.400000 0.300000 0.383333 0.320312 0.425000 0.440625 0.439583 0.460938 0.502083 0.506250 0.508333 0.571875 0.418750 0.576562 0.358333 0.515625 0.372917 0.317188 0.131250 0.237500 0.212500 0.162500 0.187500 0.154688 0.150000 0.139063 0.189583 0.078125 0.187500
3 0.343750 0.435417 0.342187 0.487500 0.353125 0.487500 0.354687 0.491667 0.381250 0.491667 0.381250 0.477083 0.371875 0.464583 0.375000 0.443750 0.360938 0.437500
4 0.289062 0.425000 0.293750 0.437500 0.292187 0.477083 0.340625 0.487500 0.342187 0.431250 0.334375 0.431250 0.332813 0.427083
5 0.782813 0.000000 0.812500 0.043750 0.818750 0.072917 0.803125 0.325000 0.809375 0.318750 0.825000 0.068750 0.814063 0.029167 0.793750 0.000000
8 0.273438 0.400000 0.273438 0.404167 0.278125 0.406250 0.285938 0.416667 0.287500 0.422917 0.318750 0.425000 0.318750 0.416667 0.310937 0.408333 0.309375 0.395833 0.300000 0.385417 0.292187 0.385417 0.290625 0.389583 0.284375 0.389583
8 0.117188 0.383333 0.120313 0.391667 0.170313 0.406250 0.182812 0.393750 0.200000 0.387500 0.223438 0.389583 0.225000 0.368750 0.220312 0.375000 0.217188 0.368750 0.209375 0.375000 0.190625 0.375000 0.146875 0.343750 0.146875 0.350000 0.123438 0.368750
8 0.603125 0.158333 0.571875 0.216667 0.579688 0.250000 0.564063 0.239583 0.567187 0.270833 0.556250 0.264583 0.567187 0.314583 0.546875 0.310417 0.545312 0.356250 0.532813 0.310417 0.515625 0.370833 0.560937 0.352083 0.646875 0.364583 0.653125 0.350000 0.646875 0.293750 0.629687 0.331250 0.629687 0.316667 0.612500 0.316667 0.629687 0.291667 0.614062 0.283333 0.618750 0.208333 0.607812 0.214583 0.615625 0.193750
8 0.000000 0.135417 0.006250 0.543750 0.035937 0.535417 0.071875 0.495833 0.103125 0.387500 0.098437 0.264583 0.075000 0.197917 0.028125 0.175000
10 0.795312 0.000000 0.826562 0.068750 0.814063 0.297917 0.850000 0.302083 0.923438 0.272917 0.998437 0.212500 0.998437 0.000000
10 0.000000 0.000000 0.037500 0.179167 0.154688 0.147917 0.237500 0.210417 0.317188 0.129167 0.545312 0.354167 0.603125 0.156250 0.614062 0.316667 0.646875 0.291667 0.670312 0.375000 0.703125 0.275000 0.803125 0.287500 0.817187 0.072917 0.781250 0.000000
13 0.382812 0.462500 0.382812 0.491667 0.389062 0.502083 0.396875 0.495833 0.410938 0.495833 0.429688 0.508333 0.435937 0.508333 0.440625 0.502083 0.451562 0.502083 0.453125 0.506250 0.457813 0.502083 0.457813 0.479167 0.453125 0.460417 0.440625 0.441667 0.396875 0.437500
13 0.090625 0.450000 0.159375 0.470833 0.209375 0.472917 0.228125 0.485417 0.259375 0.479167 0.278125 0.487500 0.292187 0.470833 0.292187 0.437500 0.278125 0.408333 0.217188 0.389583 0.170313 0.408333 0.104688 0.389583
13 0.998437 0.254167 0.712500 0.389583 0.682813 0.354167 0.587500 0.362500 0.518750 0.464583 0.514062 0.560417 0.539062 0.597917 0.595313 0.581250 0.607812 0.700000 0.651563 0.685417 0.787500 0.837500 0.823438 0.997917 0.998437 0.997917