0 0.021875 0.420833 0.234375 0.554167 0.000000 0.710417 0.000000 0.997917 0.837500 0.997917 0.739062 0.672917 0.615625 0.670833 0.493750 0.541667
1 0.292187 0.477083 0.564063 0.568750 0.565625 0.529167 0.476562 0.508333 0.460938 0.518750 0.435937 0.500000 0.417187 0.508333 0.409375 0.493750 0.310937 0.470833
1 0.000000 0.708333 0.190625 0.604167 0.228125 0.568750 0.231250 0.531250 0.178125 0.483333 0.018750 0.422917 0.000000 0.441667
2 0.753125 0.322917 0.773438 0.308333 0.789062 0.339583 0.854688 0.370833 0.823438 0.414583 0.985938 0.400000 0.996875 0.295833 0.971875 0.335417 0.765625 0.285417
2 0.031250 0.183333 0.064062 0.339583 0.131250 0.358333 0.173437 0.316667 0.212500 0.360417 0.326562 0.370833 0.364063 0.422917 0.470313 0.439583 0.493750 0.510417 0.567187 0.527083 0.581250 0.468750 0.673438 0.414583 0.614062 0.352083 0.553125 0.375000 0.351562 0.100000 0.264062 0.185417 0.196875 0.160417 0.192188 0.120833 0.171875 0.160417 0.120313 0.158333 0.106250 0.116667 0.096875 0.164583
3 0.365625 0.425000 0.365625 0.483333 0.368750 0.487500 0.395313 0.487500 0.396875 0.491667 0.407813 0.491667 0.407813 0.475000 0.404687 0.472917 0.404687 0.466667 0.410938 0.456250 0.412500 0.441667
4 0.306250 0.410417 0.310937 0.420833 0.310937 0.445833 0.307812 0.466667 0.304688 0.468750 0.365625 0.485417 0.362500 0.477083 0.365625 0.435417 0.362500 0.420833
5 0.998437 0.291667 0.976562 0.527083 0.990625 0.525000 0.998437 0.443750
8 0.985938 0.402083 0.821875 0.420833 0.795312 0.468750 0.821875 0.558333 0.867188 0.539583 0.973437 0.529167
8 0.296875 0.385417 0.296875 0.391667 0.303125 0.397917 0.304688 0.408333 0.318750 0.408333 0.323437 0.412500 0.350000 0.414583 0.348438 0.408333 0.337500 0.397917 0.334375 0.385417 0.326562 0.372917 0.309375 0.375000 0.307812 0.379167 0.303125 0.379167
8 0.132812 0.358333 0.150000 0.364583 0.159375 0.387500 0.210938 0.360417 0.198437 0.337500 0.181250 0.331250 0.173437 0.318750 0.159375 0.322917 0.146875 0.333333
8 0.575000 0.316667 0.570312 0.316667 0.568750 0.329167 0.562500 0.335417 0.562500 0.345833 0.559375 0.347917 0.553125 0.372917 0.567187 0.370833 0.598437 0.356250 0.595313 0.345833 0.589063 0.343750 0.585938 0.360417 0.581250 0.360417 0.581250 0.335417 0.578125 0.333333 0.579688 0.327083 0.576562 0.325000
8 0.648438 0.160417 0.617188 0.216667 0.628125 0.252083 0.607812 0.239583 0.612500 0.277083 0.600000 0.268750 0.607812 0.300000 0.596875 0.293750 0.610938 0.320833 0.589063 0.312500 0.589063 0.329167 0.675000 0.397917 0.693750 0.314583 0.659375 0.325000 0.678125 0.302083 0.675000 0.287500 0.660937 0.289583 0.673438 0.233333 0.668750 0.214583 0.656250 0.216667 0.665625 0.195833
8 0.000000 0.125000 0.001563 0.439583 0.026562 0.414583 0.045312 0.358333 0.062500 0.339583 0.056250 0.306250 0.067187 0.289583 0.048438 0.258333 0.035937 0.195833
10 0.000000 0.000000 0.029687 0.181250 0.106250 0.114583 0.264062 0.183333 0.351562 0.097917 0.556250 0.354167 0.604688 0.352083 0.648438 0.158333 0.662500 0.327083 0.998437 0.289583 0.998437 0.000000
13 0.412500 0.452083 0.409375 0.491667 0.417187 0.506250 0.423438 0.497917 0.435937 0.497917 0.454688 0.506250 0.460938 0.516667 0.467187 0.516667 0.473438 0.506250 0.489063 0.512500 0.487500 0.466667 0.470313 0.441667 0.426563 0.433333
13 0.031250 0.402083 0.281250 0.477083 0.306250 0.466667 0.309375 0.445833 0.295312 0.389583 0.240625 0.364583 0.209375 0.362500 0.159375 0.389583 0.146875 0.364583 0.062500 0.341667
13 0.689063 0.343750 0.670312 0.420833 0.578125 0.477083 0.564063 0.595833 0.615625 0.668750 0.654687 0.643750 0.773438 0.708333 0.835938 0.995833 0.998437 0.997917 0.998437 0.527083 0.823438 0.562500 0.793750 0.468750 0.854688 0.372917 0.773438 0.310417