0 0.085938 0.997917 0.998437 0.997917 0.998437 0.895833 0.857812 0.789583 0.709375 0.758333 0.514062 0.552083 0.260937 0.389583
1 0.862500 0.791667 0.998437 0.893750 0.996875 0.816667 0.942187 0.783333 0.928125 0.795833 0.903125 0.800000
1 0.398438 0.452083 0.396875 0.456250 0.396875 0.464583 0.403125 0.466667 0.410938 0.475000 0.417187 0.477083 0.418750 0.481250 0.420312 0.481250 0.421875 0.472917 0.425000 0.466667 0.421875 0.466667 0.415625 0.462500 0.410938 0.456250 0.404687 0.456250 0.403125 0.452083
1 0.264062 0.387500 0.210938 0.375000 0.000000 0.437500 0.000000 0.997917 0.084375 0.997917
2 0.392188 0.360417 0.365625 0.281250 0.357812 0.277083 0.310937 0.320833 0.301563 0.358333 0.285938 0.360417 0.281250 0.352083 0.279687 0.368750 0.259375 0.385417 0.290625 0.391667 0.301563 0.360417 0.315625 0.395833 0.307812 0.404167 0.321875 0.412500 0.323437 0.397917 0.348438 0.383333 0.390625 0.383333
2 0.998437 0.000000 0.910937 0.000000 0.721875 0.227083 0.648438 0.250000 0.648438 0.193750 0.623437 0.260417 0.575000 0.277083 0.570312 0.233333 0.559375 0.285417 0.479687 0.345833 0.551562 0.452083 0.600000 0.383333 0.639062 0.433333 0.929688 0.497917 0.998437 0.575000
2 0.062500 0.000000 0.071875 0.014583 0.078125 0.039583 0.089063 0.058333 0.114062 0.062500 0.110937 0.050000 0.110937 0.018750 0.107813 0.000000
3 0.185938 0.181250 0.182812 0.197917 0.175000 0.191667 0.164062 0.214583 0.148438 0.285417 0.148438 0.316667 0.192188 0.329167 0.201563 0.341667 0.198437 0.370833 0.201563 0.316667 0.206250 0.306250 0.220312 0.310417 0.225000 0.285417
4 0.940625 0.597917 0.948438 0.662500 0.940625 0.697917 0.937500 0.781250 0.998437 0.816667 0.998437 0.614583
4 0.225000 0.293750 0.225000 0.306250 0.220312 0.312500 0.210938 0.312500 0.209375 0.322917 0.206250 0.312500 0.203125 0.316667 0.203125 0.335417 0.209375 0.343750 0.209375 0.370833 0.246875 0.370833 0.240625 0.362500 0.240625 0.347917 0.235937 0.341667 0.239063 0.316667 0.237500 0.312500 0.235937 0.316667 0.231250 0.312500
8 0.928125 0.547917 0.940625 0.595833 0.951562 0.595833 0.953125 0.600000 0.998437 0.612500 0.998437 0.577083 0.992188 0.577083 0.978125 0.564583 0.964063 0.541667 0.953125 0.539583 0.940625 0.543750 0.932813 0.539583
8 0.637500 0.420833 0.617188 0.414583 0.603125 0.397917 0.601562 0.387500 0.595313 0.385417 0.592187 0.400000 0.584375 0.400000 0.576562 0.416667 0.562500 0.427083 0.553125 0.454167 0.564063 0.481250 0.571875 0.481250 0.600000 0.454167 0.629687 0.435417 0.637500 0.435417
8 0.332813 0.275000 0.332813 0.297917 0.357812 0.275000 0.367188 0.281250 0.404687 0.410417 0.398438 0.450000 0.425000 0.464583 0.467187 0.418750 0.514062 0.410417 0.515625 0.375000 0.504687 0.354167 0.476562 0.352083 0.467187 0.333333 0.440625 0.331250 0.437500 0.343750 0.423438 0.318750 0.396875 0.325000 0.390625 0.281250 0.345313 0.262500
8 0.295312 0.227083 0.285938 0.247917 0.254688 0.231250 0.242188 0.262500 0.217188 0.254167 0.232813 0.306250 0.235937 0.297917 0.248438 0.327083 0.245312 0.366667 0.253125 0.366667 0.264062 0.343750 0.301563 0.356250 0.312500 0.306250 0.306250 0.312500 0.298438 0.306250
8 0.000000 0.000000 0.000000 0.435417 0.195312 0.381250 0.201563 0.329167 0.146875 0.316667 0.162500 0.214583 0.189062 0.183333 0.167187 0.104167 0.121875 0.062500 0.089063 0.060417 0.060937 0.000000
10 0.109375 0.008333 0.218750 0.254167 0.256250 0.156250 0.246875 0.237500 0.295312 0.225000 0.303125 0.310417 0.350000 0.260417 0.439063 0.341667 0.481250 0.314583 0.460938 0.225000 0.482812 0.322917 0.570312 0.231250 0.575000 0.275000 0.623437 0.258333 0.648438 0.191667 0.648438 0.247917 0.718750 0.227083 0.909375 0.000000
13 0.428125 0.458333 0.421875 0.506250 0.653125 0.664583 0.709375 0.756250 0.935937 0.785417 0.929688 0.500000 0.685937 0.427083 0.564063 0.483333 0.535937 0.406250
13 0.323437 0.400000 0.323437 0.412500 0.332813 0.429167 0.350000 0.445833 0.357812 0.441667 0.373437 0.445833 0.376563 0.454167 0.382812 0.450000 0.390625 0.464583 0.395313 0.462500 0.403125 0.429167 0.403125 0.410417 0.395313 0.387500 0.364063 0.379167
13 0.300000 0.362500 0.296875 0.366667 0.295312 0.381250 0.292187 0.385417 0.292187 0.397917 0.295312 0.397917 0.296875 0.400000 0.301563 0.400000 0.303125 0.397917 0.304688 0.402083 0.306250 0.402083 0.307812 0.400000 0.310937 0.400000 0.310937 0.397917 0.314063 0.395833 0.310937 0.393750 0.310937 0.383333 0.301563 0.372917 0.301563 0.362500