0 0.104688 0.997917 0.998437 0.997917 0.998437 0.887500 0.896875 0.808333 0.909375 0.760417 0.685937 0.733333 0.496875 0.541667 0.248438 0.385417
1 0.893750 0.770833 0.900000 0.785417 0.900000 0.810417 0.998437 0.885417 0.996875 0.812500 0.909375 0.764583
1 0.384375 0.447917 0.382812 0.452083 0.382812 0.460417 0.389062 0.464583 0.392188 0.464583 0.407813 0.477083 0.407813 0.468750 0.409375 0.466667 0.407813 0.462500 0.404687 0.462500 0.401562 0.458333 0.396875 0.456250 0.395313 0.452083 0.392188 0.452083 0.387500 0.447917
1 0.246875 0.383333 0.201563 0.368750 0.000000 0.435417 0.000000 0.997917 0.104688 0.995833 0.181250 0.741667
2 0.376563 0.352083 0.353125 0.281250 0.340625 0.270833 0.296875 0.312500 0.284375 0.354167 0.271875 0.358333 0.246875 0.341667 0.242188 0.381250 0.275000 0.387500 0.281250 0.366667 0.317188 0.389583 0.348438 0.372917 0.373437 0.377083
2 0.998437 0.000000 0.885938 0.000000 0.701562 0.225000 0.632812 0.247917 0.628125 0.193750 0.564063 0.270833 0.553125 0.229167 0.543750 0.281250 0.467187 0.341667 0.531250 0.443750 0.578125 0.379167 0.620313 0.425000 0.743750 0.433333 0.996875 0.612500
2 0.054688 0.000000 0.059375 0.016667 0.075000 0.039583 0.075000 0.047917 0.082812 0.060417 0.093750 0.062500 0.087500 0.000000
3 0.157812 0.150000 0.137500 0.187500 0.135937 0.268750 0.109375 0.291667 0.095312 0.337500 0.104688 0.391667 0.117188 0.404167 0.182812 0.377083 0.190625 0.331250 0.193750 0.370833 0.215625 0.345833 0.215625 0.312500 0.214062 0.331250 0.204687 0.329167 0.204687 0.266667
4 0.889062 0.579167 0.895312 0.647917 0.885938 0.747917 0.998437 0.814583 0.998437 0.612500
5 0.445312 0.225000 0.468750 0.268750 0.467187 0.318750 0.456250 0.364583 0.451562 0.416667 0.471875 0.279167 0.457813 0.239583
8 0.878125 0.525000 0.889062 0.577083 0.918750 0.581250 0.962500 0.600000 0.962500 0.587500 0.954688 0.575000 0.953125 0.562500 0.940625 0.560417 0.925000 0.541667 0.921875 0.531250 0.885938 0.527083 0.881250 0.520833
8 0.617188 0.416667 0.604688 0.414583 0.587500 0.395833 0.582812 0.381250 0.578125 0.381250 0.575000 0.393750 0.564063 0.397917 0.562500 0.406250 0.545312 0.422917 0.537500 0.447917 0.546875 0.475000 0.551562 0.475000 0.590625 0.439583 0.617188 0.427083
8 0.467187 0.343750 0.459375 0.370833 0.459375 0.387500 0.453125 0.414583 0.482812 0.414583 0.496875 0.406250 0.501563 0.383333 0.496875 0.366667 0.490625 0.358333 0.490625 0.350000 0.479687 0.347917 0.478125 0.343750
8 0.323437 0.260417 0.317188 0.293750 0.340625 0.268750 0.354687 0.281250 0.378125 0.352083 0.375000 0.377083 0.385937 0.387500 0.385937 0.445833 0.410938 0.462500 0.448437 0.416667 0.457813 0.327083 0.425000 0.339583 0.409375 0.314583 0.382812 0.320833 0.373437 0.275000 0.343750 0.268750 0.339062 0.256250
8 0.278125 0.222917 0.268750 0.239583 0.234375 0.227083 0.225000 0.256250 0.201563 0.250000 0.214062 0.304167 0.207813 0.331250 0.218750 0.293750 0.225000 0.297917 0.223438 0.358333 0.246875 0.339583 0.271875 0.356250 0.284375 0.352083 0.295312 0.302083 0.282813 0.302083
8 0.053125 0.000000 0.000000 0.000000 0.000000 0.433333 0.109375 0.402083 0.093750 0.337500 0.107813 0.291667 0.134375 0.268750 0.135937 0.187500 0.153125 0.147917 0.170313 0.177083 0.153125 0.104167 0.082812 0.062500
10 0.089063 0.014583 0.198437 0.245833 0.235937 0.164583 0.229687 0.231250 0.278125 0.220833 0.285938 0.304167 0.339062 0.254167 0.425000 0.337500 0.465625 0.318750 0.445312 0.222917 0.468750 0.318750 0.553125 0.227083 0.557813 0.268750 0.606250 0.254167 0.628125 0.191667 0.632812 0.245833 0.701562 0.222917 0.884375 0.000000
13 0.412500 0.456250 0.409375 0.502083 0.598437 0.622917 0.675000 0.725000 0.884375 0.750000 0.879687 0.514583 0.834375 0.479167 0.654687 0.420833 0.546875 0.477083 0.498437 0.406250
13 0.279687 0.368750 0.276562 0.393750 0.303125 0.400000 0.317188 0.425000 0.335938 0.441667 0.356250 0.441667 0.365625 0.454167 0.371875 0.450000 0.375000 0.458333 0.381250 0.458333 0.387500 0.404167 0.384375 0.387500 0.376563 0.379167 0.348438 0.375000 0.312500 0.391667