0 0.000000 0.952083 0.000000 0.997917 0.998437 0.997917 0.989062 0.914583 0.743750 0.747917 0.731250 0.654167 0.478125 0.485417
1 0.628125 0.554167 0.625000 0.575000 0.731250 0.652083 0.739062 0.610417 0.725000 0.612500 0.710938 0.595833
1 0.473438 0.485417 0.360938 0.483333 0.000000 0.564583 0.000000 0.950000
2 0.668750 0.410417 0.667188 0.418750 0.648438 0.437500 0.639062 0.452083 0.631250 0.458333 0.625000 0.458333 0.623437 0.462500 0.628125 0.468750 0.632812 0.487500 0.653125 0.475000 0.660937 0.464583 0.665625 0.435417 0.676562 0.414583
2 0.754687 0.352083 0.742188 0.358333 0.740625 0.362500 0.726562 0.364583 0.725000 0.368750 0.715625 0.368750 0.714063 0.372917 0.706250 0.372917 0.703125 0.377083 0.707812 0.379167 0.720313 0.377083 0.725000 0.381250 0.732812 0.372917 0.737500 0.372917 0.740625 0.381250 0.745313 0.387500 0.748437 0.387500
2 0.571875 0.347917 0.515625 0.410417 0.500000 0.491667 0.529687 0.506250 0.529687 0.493750 0.539062 0.481250 0.564063 0.470833 0.575000 0.454167 0.603125 0.454167 0.603125 0.427083
2 0.401562 0.291667 0.353125 0.352083 0.357812 0.383333 0.362500 0.372917 0.410938 0.397917 0.435937 0.437500 0.434375 0.472917 0.489063 0.485417 0.478125 0.477083 0.479687 0.441667 0.487500 0.441667 0.462500 0.425000 0.459375 0.400000 0.456250 0.412500 0.443750 0.385417 0.435937 0.414583 0.439063 0.370833 0.420312 0.304167
2 0.998437 0.193750 0.873437 0.272917 0.865625 0.210417 0.845313 0.291667 0.762500 0.345833 0.757812 0.383333 0.804688 0.402083 0.809375 0.470833 0.831250 0.483333 0.810937 0.525000 0.875000 0.537500 0.998437 0.508333
2 0.156250 0.045833 0.256250 0.191667 0.268750 0.260417 0.334375 0.327083 0.312500 0.302083 0.317188 0.250000 0.331250 0.225000 0.310937 0.097917
3 0.345313 0.487500 0.243750 0.504167 0.220312 0.514583 0.240625 0.508333 0.340625 0.497917
3 0.362500 0.481250 0.381250 0.487500 0.410938 0.487500 0.428125 0.481250 0.428125 0.472917 0.423438 0.475000 0.403125 0.475000 0.385937 0.470833 0.368750 0.472917
3 0.123438 0.264583 0.115625 0.268750 0.101562 0.268750 0.096875 0.281250 0.082812 0.281250 0.079687 0.291667 0.082812 0.314583 0.090625 0.320833 0.100000 0.320833 0.100000 0.306250 0.107813 0.291667 0.106250 0.289583 0.118750 0.289583 0.123438 0.285417 0.121875 0.279167 0.126562 0.277083
3 0.270313 0.262500 0.275000 0.283333 0.287500 0.304167 0.292187 0.304167 0.293750 0.308333 0.309375 0.310417 0.310937 0.314583 0.321875 0.318750 0.304688 0.304167 0.296875 0.291667 0.292187 0.289583
3 0.143750 0.237500 0.142187 0.239583 0.151562 0.250000 0.148438 0.254167 0.151562 0.262500 0.150000 0.268750 0.139063 0.268750 0.134375 0.272917 0.131250 0.270833 0.129688 0.277083 0.135937 0.281250 0.139063 0.279167 0.140625 0.283333 0.137500 0.285417 0.140625 0.289583 0.146875 0.287500 0.151562 0.293750 0.160938 0.291667 0.160938 0.275000 0.157812 0.272917 0.157812 0.258333 0.154688 0.256250 0.156250 0.250000 0.151562 0.250000 0.151562 0.243750
4 0.790625 0.541667 0.767188 0.529167 0.739062 0.529167 0.734375 0.545833 0.728125 0.606250 0.740625 0.610417 0.750000 0.595833 0.771875 0.589583 0.782813 0.550000
4 0.632812 0.504167 0.635938 0.533333 0.632812 0.527083 0.628125 0.552083 0.721875 0.602083 0.731250 0.525000 0.681250 0.520833 0.639062 0.504167 0.635938 0.522917
4 0.487500 0.437500 0.489063 0.441667 0.485938 0.445833 0.482812 0.443750 0.479687 0.450000 0.481250 0.456250 0.479687 0.477083 0.481250 0.481250 0.490625 0.483333 0.489063 0.487500 0.484375 0.487500 0.498437 0.491667 0.495312 0.487500 0.501563 0.477083 0.501563 0.458333 0.504687 0.456250 0.509375 0.441667
4 0.385937 0.420833 0.389062 0.425000 0.387500 0.470833 0.428125 0.470833 0.429688 0.439583 0.425000 0.425000 0.414062 0.427083 0.404687 0.420833
5 0.457813 0.239583 0.437500 0.414583 0.454688 0.293750
5 0.720313 0.197917 0.764062 0.268750 0.725000 0.610417 0.767188 0.266667
8 0.757812 0.385417 0.740625 0.527083 0.767188 0.527083 0.790625 0.539583 0.829688 0.506250 0.829688 0.483333 0.807813 0.470833 0.814063 0.443750 0.804688 0.437500 0.803125 0.402083 0.789062 0.406250 0.771875 0.385417
8 0.748437 0.389583 0.737500 0.375000 0.725000 0.383333 0.685937 0.383333 0.670312 0.408333 0.678125 0.414583 0.662500 0.464583 0.632812 0.489583 0.632812 0.502083 0.728125 0.527083
8 0.575000 0.354167 0.604688 0.427083 0.604688 0.458333 0.620313 0.462500 0.631250 0.456250 0.657813 0.427083 0.635938 0.395833 0.604688 0.404167 0.598437 0.360417
8 0.506250 0.327083 0.496875 0.347917 0.471875 0.341667 0.464062 0.347917 0.459375 0.372917 0.445312 0.370833 0.456250 0.410417 0.459375 0.397917 0.460938 0.418750 0.473438 0.433333 0.509375 0.439583 0.514062 0.410417 0.509375 0.406250
8 0.000000 0.000000 0.000000 0.562500 0.345313 0.485417 0.359375 0.391667 0.426563 0.425000 0.356250 0.383333 0.368750 0.316667 0.282813 0.300000 0.254688 0.191667 0.121875 0.000000
10 0.123438 0.000000 0.312500 0.097917 0.340625 0.331250 0.404687 0.287500 0.439063 0.368750 0.457813 0.237500 0.445312 0.368750 0.506250 0.325000 0.514062 0.408333 0.559375 0.345833 0.657813 0.425000 0.754687 0.350000 0.720313 0.195833 0.762500 0.343750 0.865625 0.208333 0.873437 0.270833 0.996875 0.204167 0.998437 0.000000
13 0.800000 0.531250 0.734375 0.635417 0.737500 0.735417 0.757812 0.756250 0.785937 0.741667 0.998437 0.922917 0.998437 0.510417 0.875000 0.539583
13 0.531250 0.493750 0.537500 0.525000 0.556250 0.550000 0.585938 0.547917 0.606250 0.558333 0.612500 0.570833 0.623437 0.568750 0.631250 0.541667 0.632812 0.508333 0.621875 0.462500 0.575000 0.456250 0.564063 0.472917 0.539062 0.483333
13 0.376563 0.395833 0.357812 0.395833 0.354687 0.445833 0.346875 0.475000 0.346875 0.485417 0.356250 0.487500 0.368750 0.470833 0.384375 0.470833 0.387500 0.464583 0.387500 0.425000 0.384375 0.422917 0.381250 0.400000