0 0.000000 0.875000 0.000000 0.997917 0.998437 0.997917 0.968750 0.854167 0.801562 0.741667 0.710938 0.747917 0.584375 0.570833 0.387500 0.456250
1 0.890625 0.795833 0.973437 0.856250 0.970313 0.816667 0.978125 0.777083 0.973437 0.764583 0.940625 0.747917 0.928125 0.775000 0.909375 0.777083 0.903125 0.789583
1 0.539062 0.537500 0.589063 0.572917 0.590625 0.556250 0.595313 0.545833 0.587500 0.545833 0.585938 0.541667 0.560937 0.531250 0.545312 0.518750
1 0.400000 0.468750 0.304688 0.458333 0.001563 0.518750 0.000000 0.872917
2 0.573438 0.427083 0.568750 0.427083 0.568750 0.429167 0.559375 0.439583 0.550000 0.441667 0.546875 0.447917 0.545312 0.462500 0.546875 0.464583 0.550000 0.464583 0.554688 0.460417 0.564063 0.458333 0.565625 0.456250 0.564063 0.454167 0.564063 0.450000 0.571875 0.437500
2 0.531250 0.406250 0.498437 0.333333 0.450000 0.389583 0.442188 0.427083 0.406250 0.414583 0.376563 0.383333 0.368750 0.450000 0.432812 0.466667 0.442188 0.429167 0.467187 0.462500 0.503125 0.433333 0.526563 0.441667
2 0.335938 0.268750 0.292187 0.320833 0.307812 0.341667 0.312500 0.360417 0.339062 0.370833 0.362500 0.397917 0.368750 0.414583 0.373437 0.354167 0.353125 0.304167 0.353125 0.281250
2 0.998437 0.164583 0.873437 0.225000 0.870313 0.143750 0.829688 0.247917 0.751563 0.285417 0.742188 0.235417 0.731250 0.300000 0.648438 0.354167 0.693750 0.431250 0.671875 0.472917 0.803125 0.491667 0.892188 0.391667 0.998437 0.475000
2 0.165625 0.052083 0.187500 0.137500 0.251563 0.241667 0.256250 0.218750 0.267188 0.210417 0.248438 0.085417
3 0.298438 0.458333 0.223438 0.472917 0.214062 0.468750 0.203125 0.485417 0.206250 0.481250 0.285938 0.475000 0.287500 0.470833 0.298438 0.470833
3 0.309375 0.452083 0.309375 0.456250 0.317188 0.456250 0.318750 0.460417 0.329688 0.460417 0.331250 0.464583 0.348438 0.464583 0.350000 0.460417 0.357812 0.460417 0.365625 0.454167 0.365625 0.452083 0.345313 0.452083 0.340625 0.447917 0.312500 0.447917
3 0.110937 0.187500 0.085938 0.222917 0.034375 0.412500 0.018750 0.433333 0.020313 0.512500 0.087500 0.502083 0.096875 0.489583 0.095312 0.418750 0.107813 0.368750 0.101562 0.314583 0.128125 0.245833
4 0.914062 0.566667 0.943750 0.643750 0.942187 0.745833 0.979688 0.768750 0.998437 0.752083 0.998437 0.587500
4 0.329688 0.395833 0.331250 0.445833 0.340625 0.445833 0.345313 0.450000 0.365625 0.450000 0.367188 0.414583 0.362500 0.408333 0.360938 0.397917 0.345313 0.393750
4 0.060937 0.354167 0.054688 0.358333 0.050000 0.358333 0.050000 0.366667 0.046875 0.368750 0.046875 0.377083 0.045312 0.379167 0.045312 0.391667 0.046875 0.393750 0.057813 0.385417 0.056250 0.383333 0.059375 0.381250 0.062500 0.375000 0.064062 0.375000 0.064062 0.360417
5 0.617188 0.227083 0.650000 0.285417 0.623437 0.518750 0.653125 0.281250
8 0.804688 0.491667 0.895312 0.529167 0.912500 0.564583 0.998437 0.585417 0.996875 0.472917 0.981250 0.450000 0.910937 0.427083 0.892188 0.393750 0.878125 0.400000 0.878125 0.420833 0.843750 0.425000 0.851562 0.443750 0.828125 0.452083
8 0.665625 0.372917 0.654687 0.370833 0.645312 0.379167 0.629687 0.506250 0.635938 0.502083 0.639062 0.506250 0.676562 0.477083 0.670312 0.466667 0.684375 0.456250 0.692187 0.439583 0.687500 0.412500 0.670312 0.393750
8 0.503125 0.337500 0.532813 0.406250 0.531250 0.443750 0.545312 0.456250 0.575000 0.427083 0.564063 0.460417 0.545312 0.464583 0.546875 0.518750 0.556250 0.475000 0.554688 0.525000 0.596875 0.543750 0.621875 0.520833 0.639062 0.379167 0.593750 0.375000 0.582812 0.406250 0.564063 0.379167 0.535937 0.387500 0.528125 0.343750
8 0.398438 0.322917 0.393750 0.350000 0.381250 0.345833 0.378125 0.381250 0.396875 0.406250 0.432812 0.416667 0.442188 0.425000 0.448437 0.389583 0.443750 0.387500 0.439063 0.308333 0.429688 0.327083 0.404687 0.318750
8 0.000000 0.000000 0.000000 0.518750 0.103125 0.185417 0.129688 0.245833 0.089063 0.502083 0.296875 0.458333 0.310937 0.377083 0.356250 0.393750 0.310937 0.360417 0.300000 0.289583 0.259375 0.289583 0.142187 0.000000
10 0.143750 0.000000 0.250000 0.085417 0.264062 0.293750 0.337500 0.266667 0.375000 0.345833 0.392188 0.227083 0.381250 0.343750 0.439063 0.306250 0.445312 0.387500 0.490625 0.329167 0.582812 0.404167 0.642188 0.358333 0.617188 0.225000 0.650000 0.352083 0.745313 0.231250 0.751563 0.283333 0.834375 0.241667 0.870313 0.141667 0.873437 0.222917 0.998437 0.162500 0.998437 0.000000
13 0.995313 0.754167 0.979688 0.770833 0.975000 0.791667 0.975000 0.866667 0.967187 0.881250 0.979688 0.914583 0.998437 0.939583
13 0.592187 0.556250 0.589063 0.622917 0.626563 0.627083 0.685937 0.677083 0.710938 0.745833 0.764062 0.727083 0.882812 0.793750 0.935937 0.762500 0.940625 0.635417 0.889062 0.527083 0.695312 0.472917 0.629687 0.508333
13 0.439063 0.431250 0.443750 0.437500 0.437500 0.437500 0.435937 0.470833 0.459375 0.472917 0.465625 0.495833 0.484375 0.518750 0.512500 0.516667 0.537500 0.537500 0.545312 0.506250 0.539062 0.445833 0.503125 0.435417 0.467187 0.464583 0.448437 0.450000
13 0.321875 0.379167 0.309375 0.381250 0.310937 0.393750 0.307812 0.395833 0.309375 0.404167 0.304688 0.422917 0.303125 0.443750 0.300000 0.445833 0.300000 0.458333 0.307812 0.456250 0.312500 0.445833 0.329688 0.445833 0.329688 0.404167 0.326562 0.387500