0 0.095312 0.997917 0.998437 0.997917 0.998437 0.889583 0.862500 0.779167 0.685937 0.737500 0.504687 0.541667 0.259375 0.387500
1 0.864062 0.779167 0.998437 0.887500 0.996875 0.816667 0.912500 0.770833 0.896875 0.783333
1 0.390625 0.452083 0.390625 0.458333 0.389062 0.460417 0.392188 0.464583 0.396875 0.464583 0.404687 0.472917 0.407813 0.472917 0.410938 0.477083 0.415625 0.477083 0.415625 0.468750 0.417187 0.464583 0.414062 0.464583 0.407813 0.460417 0.404687 0.456250 0.403125 0.456250 0.401562 0.452083 0.395313 0.452083 0.393750 0.450000
1 0.256250 0.385417 0.206250 0.372917 0.000000 0.437500 0.000000 0.997917 0.096875 0.993750 0.200000 0.658333
2 0.357812 0.277083 0.351562 0.272917 0.306250 0.312500 0.293750 0.350000 0.279687 0.356250 0.282813 0.377083 0.260937 0.381250 0.278125 0.387500 0.287500 0.370833 0.321875 0.391667 0.357812 0.372917 0.381250 0.381250 0.382812 0.352083
2 0.193750 0.214583 0.195312 0.245833 0.198437 0.247917 0.201563 0.272917 0.206250 0.281250 0.209375 0.297917 0.218750 0.308333 0.215625 0.304167 0.214062 0.275000 0.207813 0.262500 0.207813 0.247917
2 0.998437 0.000000 0.898438 0.000000 0.712500 0.227083 0.639062 0.247917 0.635938 0.195833 0.615625 0.258333 0.573438 0.272917 0.560937 0.231250 0.550000 0.285417 0.475000 0.322917 0.506250 0.418750 0.545312 0.450000 0.590625 0.381250 0.628125 0.431250 0.778125 0.443750 0.943750 0.537500 0.998437 0.614583
2 0.059375 0.000000 0.062500 0.004167 0.062500 0.012500 0.075000 0.031250 0.078125 0.047917 0.082812 0.052083 0.084375 0.058333 0.103125 0.062500 0.096875 0.000000
3 0.178125 0.181250 0.175000 0.231250 0.168750 0.245833 0.159375 0.239583 0.151562 0.293750 0.176563 0.306250 0.190625 0.354167 0.201563 0.304167 0.218750 0.316667 0.223438 0.350000 0.232813 0.352083 0.235937 0.318750 0.207813 0.297917 0.193750 0.245833 0.192188 0.208333
4 0.912500 0.587500 0.920312 0.658333 0.909375 0.768750 0.998437 0.816667 0.998437 0.616667
4 0.254688 0.343750 0.251563 0.347917 0.251563 0.381250 0.282813 0.393750 0.285938 0.383333 0.281250 0.381250 0.278125 0.389583 0.270313 0.389583 0.259375 0.381250 0.268750 0.372917 0.281250 0.377083 0.278125 0.356250 0.282813 0.352083 0.276562 0.345833
5 0.453125 0.227083 0.476562 0.270833 0.459375 0.418750 0.473438 0.339583 0.478125 0.268750
8 0.901563 0.533333 0.912500 0.585417 0.959375 0.595833 0.989062 0.610417 0.989062 0.597917 0.978125 0.583333 0.976562 0.570833 0.960938 0.566667 0.957812 0.556250 0.951562 0.556250 0.943750 0.539583
8 0.626563 0.418750 0.609375 0.414583 0.595313 0.397917 0.590625 0.383333 0.585938 0.385417 0.582812 0.397917 0.573438 0.400000 0.570312 0.410417 0.557813 0.418750 0.546875 0.435417 0.546875 0.454167 0.554688 0.477083 0.564063 0.475000 0.612500 0.435417 0.626563 0.431250
8 0.473438 0.341667 0.460938 0.418750 0.504687 0.418750 0.509375 0.385417 0.504687 0.368750 0.498437 0.360417 0.498437 0.352083 0.490625 0.352083 0.481250 0.339583
8 0.201563 0.306250 0.201563 0.318750 0.196875 0.331250 0.201563 0.335417 0.201563 0.366667 0.201563 0.331250 0.206250 0.329167 0.209375 0.333333 0.209375 0.364583 0.214062 0.370833 0.220312 0.370833 0.223438 0.360417 0.220312 0.325000 0.214062 0.312500
8 0.328125 0.264583 0.325000 0.293750 0.351562 0.270833 0.359375 0.277083 0.384375 0.352083 0.381250 0.379167 0.396875 0.402083 0.392188 0.447917 0.404687 0.412500 0.403125 0.454167 0.418750 0.462500 0.456250 0.420833 0.465625 0.333333 0.432812 0.327083 0.431250 0.339583 0.417187 0.316667 0.390625 0.322917 0.382812 0.279167 0.346875 0.258333
8 0.287500 0.225000 0.276562 0.243750 0.243750 0.229167 0.232813 0.258333 0.209375 0.250000 0.218750 0.310417 0.237500 0.318750 0.234375 0.362500 0.243750 0.360417 0.254688 0.341667 0.292187 0.350000 0.304688 0.310417 0.292187 0.304167
8 0.000000 0.000000 0.000000 0.435417 0.187500 0.379167 0.179688 0.316667 0.150000 0.293750 0.176563 0.206250 0.160938 0.106250 0.084375 0.060417 0.057813 0.000000
10 0.098437 0.006250 0.210938 0.252083 0.245312 0.152083 0.239063 0.231250 0.289062 0.225000 0.295312 0.308333 0.346875 0.256250 0.431250 0.337500 0.471875 0.322917 0.453125 0.225000 0.475000 0.320833 0.560937 0.229167 0.565625 0.270833 0.615625 0.256250 0.635938 0.193750 0.639062 0.245833 0.712500 0.225000 0.896875 0.000000
13 0.420312 0.456250 0.417187 0.506250 0.504687 0.539583 0.529687 0.600000 0.653125 0.664583 0.701562 0.745833 0.907813 0.768750 0.917188 0.620833 0.884375 0.500000 0.700000 0.427083 0.612500 0.437500 0.560937 0.479167 0.506250 0.420833
13 0.287500 0.372917 0.284375 0.395833 0.314063 0.400000 0.323437 0.425000 0.343750 0.443750 0.364063 0.443750 0.368750 0.454167 0.376563 0.450000 0.382812 0.460417 0.389062 0.458333 0.395313 0.435417 0.395313 0.402083 0.389062 0.385417 0.357812 0.375000 0.348438 0.385417 0.321875 0.393750