0 0.000000 0.995833 0.975000 0.997917 0.853125 0.827083 0.651563 0.700000 0.621875 0.610417 0.553125 0.604167 0.348438 0.420833
1 0.470313 0.485417 0.468750 0.495833 0.475000 0.502083 0.478125 0.502083 0.479687 0.506250 0.485938 0.508333 0.492188 0.516667 0.496875 0.516667 0.498437 0.497917 0.490625 0.497917 0.485938 0.489583 0.482812 0.489583 0.479687 0.485417 0.476562 0.485417 0.475000 0.483333 0.471875 0.483333
1 0.337500 0.420833 0.000000 0.470833 0.000000 0.993750
2 0.439063 0.310417 0.429688 0.312500 0.389062 0.354167 0.376563 0.395833 0.378125 0.408333 0.403125 0.425000 0.410938 0.425000 0.435937 0.404167 0.462500 0.414583 0.462500 0.379167
2 0.273438 0.222917 0.253125 0.243750 0.257812 0.287500 0.276562 0.325000 0.309375 0.356250 0.314063 0.331250 0.310937 0.312500 0.289062 0.256250 0.290625 0.237500
2 0.998437 0.041667 0.837500 0.227083 0.745313 0.258333 0.742188 0.195833 0.715625 0.270833 0.657813 0.293750 0.653125 0.245833 0.640625 0.304167 0.557813 0.370833 0.639062 0.477083 0.696875 0.404167 0.764062 0.485417 0.846875 0.452083 0.998437 0.456250
2 0.064062 0.000000 0.070312 0.012500 0.109375 0.045833 0.162500 0.047917 0.203125 0.089583 0.200000 0.052083 0.190625 0.041667 0.115625 0.000000
3 0.268750 0.408333 0.268750 0.412500 0.284375 0.414583 0.285938 0.418750 0.301563 0.416667 0.307812 0.408333 0.318750 0.408333 0.321875 0.412500 0.332813 0.414583 0.332813 0.406250 0.289062 0.406250 0.279687 0.404167 0.278125 0.400000 0.271875 0.400000 0.271875 0.406250
3 0.342187 0.372917 0.339062 0.383333 0.342187 0.395833 0.343750 0.391667 0.346875 0.395833 0.345313 0.418750 0.350000 0.422917 0.362500 0.422917 0.362500 0.406250 0.365625 0.402083 0.370312 0.414583 0.376563 0.393750 0.367188 0.404167 0.365625 0.397917 0.371875 0.387500 0.353125 0.375000
4 0.276562 0.347917 0.271875 0.397917 0.289062 0.404167 0.310937 0.404167 0.310937 0.364583 0.307812 0.358333 0.296875 0.350000 0.300000 0.354167 0.298438 0.356250 0.290625 0.356250 0.285938 0.362500 0.282813 0.358333 0.282813 0.352083
5 0.537500 0.243750 0.562500 0.293750 0.542188 0.454167 0.564063 0.322917 0.564063 0.285417
5 0.337500 0.197917 0.312500 0.333333 0.312500 0.404167 0.318750 0.316667
8 0.706250 0.406250 0.696875 0.406250 0.692187 0.422917 0.678125 0.422917 0.678125 0.437500 0.664062 0.443750 0.643750 0.472917 0.662500 0.495833 0.673438 0.537500 0.698438 0.529167 0.762500 0.485417 0.751563 0.447917 0.715625 0.427083
8 0.556250 0.372917 0.543750 0.454167 0.553125 0.447917 0.573438 0.447917 0.578125 0.443750 0.598437 0.447917 0.593750 0.435417 0.596875 0.418750 0.595313 0.400000 0.585938 0.387500 0.584375 0.377083
8 0.418750 0.300000 0.410938 0.329167 0.439063 0.308333 0.464062 0.379167 0.464062 0.414583 0.475000 0.435417 0.471875 0.481250 0.501563 0.495833 0.540625 0.454167 0.551562 0.366667 0.545312 0.356250 0.514062 0.358333 0.512500 0.375000 0.496875 0.350000 0.471875 0.358333 0.465625 0.316667
8 0.375000 0.268750 0.365625 0.287500 0.340625 0.275000 0.331250 0.281250 0.331250 0.306250 0.323437 0.306250 0.328125 0.316667 0.323437 0.350000 0.334375 0.370833 0.328125 0.375000 0.323437 0.402083 0.332813 0.404167 0.342187 0.370833 0.379688 0.389583 0.381250 0.370833 0.393750 0.347917 0.379688 0.345833
8 0.000000 0.000000 0.000000 0.468750 0.267188 0.414583 0.275000 0.347917 0.298438 0.354167 0.256250 0.287500 0.212500 0.095833 0.062500 0.000000
10 0.117188 0.000000 0.198437 0.045833 0.304688 0.297917 0.337500 0.195833 0.325000 0.308333 0.375000 0.266667 0.381250 0.345833 0.434375 0.297917 0.512500 0.372917 0.556250 0.350000 0.537500 0.241667 0.565625 0.345833 0.653125 0.243750 0.657813 0.291667 0.715625 0.268750 0.742188 0.193750 0.745313 0.256250 0.837500 0.225000 0.998437 0.039583 0.998437 0.000000
13 0.503125 0.491667 0.501563 0.554167 0.560937 0.606250 0.621875 0.608333 0.651563 0.697917 0.696875 0.693750 0.848437 0.820833 0.998437 0.997917 0.998437 0.458333 0.846875 0.454167 0.682813 0.539583 0.604688 0.447917
13 0.375000 0.406250 0.370312 0.431250 0.395313 0.441667 0.420312 0.477083 0.443750 0.477083 0.467187 0.495833 0.473438 0.470833 0.468750 0.416667 0.435937 0.406250 0.410938 0.427083 0.403125 0.427083