0 0.060937 0.997917 0.998437 0.997917 0.998437 0.758333 0.471875 0.504167
1 0.715625 0.575000 0.710938 0.595833 0.998437 0.756250 0.996875 0.656250 0.903125 0.645833 0.740625 0.570833
1 0.551562 0.508333 0.435937 0.489583 0.296875 0.539583 0.251563 0.510417 0.235937 0.577083 0.004687 0.639583 0.000000 0.997917 0.059375 0.997917 0.471875 0.502083
2 0.440625 0.383333 0.435937 0.464583 0.440625 0.470833 0.442188 0.487500 0.462500 0.491667 0.460938 0.483333 0.446875 0.481250 0.446875 0.462500 0.453125 0.460417 0.459375 0.470833 0.465625 0.456250 0.465625 0.400000 0.451562 0.397917
2 0.707812 0.377083 0.698438 0.379167 0.682813 0.395833 0.681250 0.402083 0.671875 0.410417 0.670312 0.416667 0.667188 0.416667 0.662500 0.429167 0.681250 0.429167 0.682813 0.433333 0.704688 0.433333
2 0.767188 0.345833 0.756250 0.347917 0.751563 0.343750 0.750000 0.347917 0.748437 0.343750 0.737500 0.362500 0.725000 0.368750 0.715625 0.364583 0.709375 0.389583 0.709375 0.435417 0.723437 0.431250 0.737500 0.414583 0.746875 0.412500 0.746875 0.389583 0.750000 0.383333 0.756250 0.387500 0.751563 0.377083 0.764062 0.360417
2 0.626563 0.418750 0.581250 0.325000 0.525000 0.406250 0.521875 0.437500 0.482812 0.437500 0.479687 0.464583 0.498437 0.466667 0.510938 0.447917 0.518750 0.472917 0.575000 0.477083 0.581250 0.466667 0.603125 0.464583 0.626563 0.433333
2 0.392188 0.293750 0.335938 0.372917 0.357812 0.372917 0.418750 0.425000 0.429688 0.458333 0.434375 0.368750 0.412500 0.306250 0.401562 0.306250
2 0.929688 0.183333 0.890625 0.216667 0.885938 0.208333 0.878125 0.227083 0.812500 0.281250 0.850000 0.264583 0.867188 0.279167 0.882812 0.262500 0.895312 0.270833 0.898438 0.297917 0.923438 0.285417
2 0.950000 0.077083 0.932813 0.300000 0.946875 0.297917 0.960938 0.345833 0.987500 0.362500 0.978125 0.439583 0.940625 0.502083 0.993750 0.516667 0.998437 0.125000 0.978125 0.137500 0.984375 0.062500
2 0.000000 0.000000 0.000000 0.129167 0.028125 0.156250 0.018750 0.227083 0.154688 0.229167 0.240625 0.302083 0.256250 0.366667 0.282813 0.364583 0.271875 0.272917 0.292187 0.218750 0.243750 0.041667
3 0.243750 0.550000 0.046875 0.608333 0.034375 0.622917 0.081250 0.620833 0.243750 0.568750
3 0.426563 0.493750 0.387500 0.502083 0.346875 0.502083 0.340625 0.508333 0.320312 0.510417 0.318750 0.516667 0.350000 0.525000 0.373437 0.525000 0.426563 0.502083
4 0.921875 0.504167 0.912500 0.639583 0.998437 0.656250 0.998437 0.514583 0.984375 0.518750 0.946875 0.504167
4 0.721875 0.487500 0.725000 0.564583 0.896875 0.631250 0.907813 0.504167
4 0.448437 0.462500 0.448437 0.481250 0.460938 0.481250 0.470313 0.495833 0.548438 0.502083 0.556250 0.487500 0.573438 0.481250 0.518750 0.475000 0.510938 0.466667 0.510938 0.450000 0.498437 0.468750 0.489063 0.462500 0.482812 0.468750 0.478125 0.456250 0.462500 0.462500 0.459375 0.472917
4 0.340625 0.420833 0.346875 0.445833 0.346875 0.500000 0.387500 0.500000 0.428125 0.491667 0.428125 0.456250 0.420312 0.435417 0.410938 0.437500 0.359375 0.416667
5 0.448437 0.214583 0.429688 0.497917 0.434375 0.497917
5 0.876563 0.000000 0.937500 0.075000 0.898438 0.620833 0.909375 0.643750 0.946875 0.083333 0.903125 0.000000
8 0.593750 0.343750 0.623437 0.404167 0.628125 0.431250 0.639062 0.425000 0.660937 0.429167 0.698438 0.377083 0.685937 0.379167 0.673438 0.400000 0.645312 0.372917 0.618750 0.389583 0.610938 0.345833
8 0.509375 0.322917 0.498437 0.350000 0.473438 0.347917 0.467187 0.354167 0.467187 0.383333 0.445312 0.381250 0.451562 0.395833 0.467187 0.400000 0.467187 0.462500 0.478125 0.454167 0.482812 0.435417 0.520312 0.437500 0.521875 0.412500 0.517188 0.408333
8 0.943750 0.297917 0.932813 0.310417 0.921875 0.502083 0.939063 0.502083 0.976562 0.439583 0.973437 0.404167 0.985938 0.362500 0.984375 0.352083 0.973437 0.356250 0.959375 0.345833 0.960938 0.335417 0.946875 0.318750
8 0.923438 0.287500 0.898438 0.300000 0.890625 0.266667 0.867188 0.281250 0.850000 0.266667 0.773438 0.304167 0.748437 0.412500 0.710938 0.437500 0.721875 0.485417 0.907813 0.502083
8 0.000000 0.131250 0.000000 0.641667 0.235937 0.547917 0.257812 0.372917 0.420312 0.433333 0.312500 0.372917 0.300000 0.297917 0.284375 0.364583 0.256250 0.368750 0.239063 0.302083 0.154688 0.231250 0.018750 0.229167 0.026562 0.156250
10 0.904687 0.000000 0.943750 0.052083 0.945312 0.102083 0.956250 0.066667 0.975000 0.056250 0.985938 0.062500 0.979688 0.137500 0.993750 0.131250 0.998437 0.000000
10 0.001563 0.000000 0.243750 0.039583 0.293750 0.218750 0.271875 0.339583 0.300000 0.295833 0.317188 0.372917 0.392188 0.291667 0.434375 0.366667 0.448437 0.212500 0.442188 0.383333 0.509375 0.320833 0.521875 0.410417 0.584375 0.322917 0.673438 0.397917 0.931250 0.181250 0.931250 0.058333 0.875000 0.000000
13 0.550000 0.500000 0.589063 0.558333 0.603125 0.554167 0.612500 0.581250 0.632812 0.564583 0.684375 0.572917 0.692187 0.595833 0.707812 0.597917 0.723437 0.564583 0.723437 0.489583 0.701562 0.433333 0.639062 0.427083 0.620313 0.437500 0.603125 0.466667 0.581250 0.468750
13 0.257812 0.375000 0.245312 0.518750 0.251563 0.508333 0.262500 0.508333 0.275000 0.533333 0.296875 0.537500 0.320312 0.508333 0.345313 0.502083 0.345313 0.445833 0.332813 0.400000 0.321875 0.389583