0 0.050000 0.997917 0.998437 0.997917 0.998437 0.764583 0.470313 0.500000
1 0.695312 0.566667 0.690625 0.587500 0.998437 0.762500 0.998437 0.672917 0.970313 0.650000 0.860938 0.633333
1 0.545312 0.504167 0.279687 0.510417 0.273438 0.560417 0.000000 0.633333 0.000000 0.997917 0.051562 0.995833 0.470313 0.497917
2 0.745313 0.352083 0.687500 0.387500 0.654687 0.433333 0.681250 0.435417 0.693750 0.450000 0.700000 0.389583 0.698438 0.456250 0.701562 0.443750 0.728125 0.422917 0.731250 0.400000 0.739062 0.397917 0.735938 0.389583 0.743750 0.377083
2 0.618750 0.410417 0.579688 0.327083 0.521875 0.406250 0.514062 0.443750 0.471875 0.435417 0.462500 0.400000 0.456250 0.408333 0.440625 0.385417 0.439063 0.487500 0.526563 0.502083 0.520312 0.475000 0.593750 0.466667 0.618750 0.435417
2 0.392188 0.295833 0.364063 0.337500 0.350000 0.343750 0.334375 0.377083 0.364063 0.379167 0.420312 0.427083 0.429688 0.454167 0.434375 0.372917 0.418750 0.339583 0.412500 0.306250 0.400000 0.306250
2 0.884375 0.220833 0.871875 0.231250 0.867188 0.222917 0.864062 0.237500 0.792188 0.300000 0.820312 0.287500 0.831250 0.289583 0.850000 0.275000 0.856250 0.283333 0.865625 0.283333 0.868750 0.306250 0.879687 0.289583
2 0.928125 0.097917 0.921875 0.189583 0.893750 0.212500 0.892188 0.325000 0.912500 0.314583 0.923438 0.368750 0.945312 0.372917 0.931250 0.410417 0.910937 0.416667 0.921875 0.479167 0.901563 0.506250 0.973437 0.522917 0.998437 0.497917 0.998437 0.131250 0.953125 0.164583 0.957812 0.083333
2 0.000000 0.012500 0.003125 0.102083 0.243750 0.289583 0.279687 0.350000 0.279687 0.256250 0.298438 0.227083 0.256250 0.060417
3 0.273438 0.541667 0.168750 0.560417 0.204687 0.529167 0.193750 0.516667 0.175000 0.531250 0.135937 0.527083 0.078125 0.550000 0.067187 0.593750 0.014063 0.608333 0.000000 0.631250 0.273438 0.558333
3 0.426563 0.493750 0.354687 0.497917 0.345313 0.504167 0.326562 0.504167 0.325000 0.514583 0.387500 0.518750 0.425000 0.500000
3 0.201563 0.406250 0.201563 0.414583 0.196875 0.418750 0.196875 0.422917 0.200000 0.425000 0.200000 0.433333 0.204687 0.445833 0.209375 0.452083 0.209375 0.447917 0.210938 0.445833 0.215625 0.447917 0.217188 0.443750 0.217188 0.431250 0.209375 0.427083 0.207813 0.414583 0.204687 0.406250
3 0.279687 0.387500 0.270313 0.406250 0.264062 0.395833 0.246875 0.418750 0.245312 0.445833 0.248438 0.450000 0.259375 0.450000 0.267188 0.466667 0.271875 0.466667 0.276562 0.450000 0.279687 0.458333 0.279687 0.425000 0.282813 0.422917
3 0.000000 0.100000 0.001563 0.408333 0.067187 0.375000 0.081250 0.339583 0.100000 0.343750 0.114062 0.389583 0.173437 0.406250 0.207813 0.387500 0.218750 0.312500 0.243750 0.335417 0.262500 0.320833 0.278125 0.370833 0.243750 0.291667
4 0.875000 0.504167 0.867188 0.627083 0.970313 0.647917 0.954688 0.591667 0.965625 0.541667 0.978125 0.520833
4 0.518750 0.479167 0.521875 0.485417 0.523438 0.495833 0.528125 0.502083 0.545312 0.502083 0.545312 0.497917 0.550000 0.487500 0.559375 0.487500 0.567187 0.481250 0.567187 0.479167 0.531250 0.479167 0.529687 0.477083 0.528125 0.479167 0.526563 0.477083
4 0.696875 0.472917 0.703125 0.560417 0.853125 0.620833 0.862500 0.504167 0.756250 0.491667 0.729688 0.479167 0.709375 0.485417
4 0.351562 0.416667 0.356250 0.445833 0.356250 0.495833 0.426563 0.491667 0.428125 0.447917 0.425000 0.441667 0.395313 0.427083
5 0.446875 0.218750 0.429688 0.495833 0.434375 0.491667
5 0.826562 0.014583 0.818750 0.029167 0.881250 0.093750 0.892188 0.133333 0.864062 0.631250 0.898438 0.122917
8 0.590625 0.345833 0.615625 0.393750 0.620313 0.433333 0.653125 0.433333 0.693750 0.381250 0.679688 0.383333 0.670312 0.404167 0.642188 0.375000 0.615625 0.391667 0.606250 0.345833
8 0.506250 0.322917 0.496875 0.352083 0.471875 0.347917 0.464062 0.356250 0.464062 0.385417 0.457813 0.375000 0.442188 0.383333 0.456250 0.406250 0.464062 0.400000 0.464062 0.420833 0.471875 0.433333 0.517188 0.439583 0.518750 0.412500 0.514062 0.408333
8 0.420312 0.431250 0.312500 0.375000 0.298438 0.295833 0.278125 0.372917 0.262500 0.322917 0.218750 0.314583 0.209375 0.387500 0.173437 0.408333 0.114062 0.391667 0.081250 0.341667 0.000000 0.408333 0.000000 0.614583 0.135937 0.525000 0.206250 0.529167 0.168750 0.558333 0.268750 0.533333 0.271875 0.468750 0.243750 0.431250 0.282813 0.383333
8 0.889062 0.293750 0.875000 0.502083 0.900000 0.506250 0.903125 0.489583 0.920312 0.479167 0.917188 0.431250 0.909375 0.416667 0.931250 0.408333 0.943750 0.372917 0.921875 0.368750 0.923438 0.347917 0.912500 0.335417 0.912500 0.316667 0.896875 0.331250 0.890625 0.325000
8 0.878125 0.295833 0.868750 0.308333 0.864062 0.283333 0.848437 0.277083 0.753125 0.318750 0.740625 0.397917 0.695312 0.468750 0.709375 0.483333 0.862500 0.502083
10 0.000000 0.000000 0.256250 0.058333 0.281250 0.352083 0.395313 0.293750 0.434375 0.370833 0.446875 0.216667 0.440625 0.383333 0.506250 0.320833 0.518750 0.410417 0.578125 0.325000 0.670312 0.402083 0.884375 0.218750 0.823438 0.014583 0.893750 0.208333 0.940625 0.083333 0.953125 0.162500 0.998437 0.129167 0.998437 0.000000
13 0.998437 0.500000 0.967187 0.541667 0.956250 0.591667 0.957812 0.612500 0.975000 0.658333 0.998437 0.670833
13 0.550000 0.489583 0.546875 0.506250 0.557813 0.514583 0.557813 0.529167 0.567187 0.525000 0.578125 0.552083 0.592187 0.547917 0.596875 0.570833 0.609375 0.572917 0.617188 0.558333 0.665625 0.564583 0.671875 0.585417 0.685937 0.591667 0.700000 0.560417 0.700000 0.485417 0.692187 0.450000 0.681250 0.437500 0.614062 0.437500 0.593750 0.468750 0.576562 0.468750
13 0.282813 0.385417 0.284375 0.422917 0.273438 0.516667 0.282813 0.508333 0.289062 0.525000 0.317188 0.527083 0.326562 0.502083 0.354687 0.495833 0.353125 0.433333 0.340625 0.400000