0 0.000000 0.964583 0.998437 0.997917 0.998437 0.802083 0.804688 0.691667 0.742188 0.712500 0.693750 0.568750 0.728125 0.518750 0.265625 0.514583 0.346875 0.570833
0 0.179688 0.508333 0.179688 0.529167 0.182812 0.533333 0.210938 0.531250 0.250000 0.535417 0.250000 0.514583 0.195312 0.514583
1 0.704688 0.552083 0.703125 0.556250 0.698438 0.556250 0.695312 0.560417 0.695312 0.568750 0.696875 0.568750 0.703125 0.577083 0.704688 0.577083 0.706250 0.581250 0.710938 0.581250 0.712500 0.583333 0.712500 0.560417 0.714063 0.558333 0.714063 0.552083
1 0.342187 0.556250 0.179688 0.535417 0.170313 0.577083 0.000000 0.645833 0.000000 0.962500 0.340625 0.579167
1 0.296875 0.514583 0.546875 0.518750 0.528125 0.508333 0.323437 0.500000
2 0.998437 0.266667 0.984375 0.272917 0.978125 0.287500 0.929688 0.302083 0.903125 0.347917 0.885938 0.316667 0.884375 0.360417 0.898438 0.364583 0.914062 0.354167 0.934375 0.366667 0.996875 0.329167
2 0.000000 0.225000 0.000000 0.254167 0.003125 0.262500 0.012500 0.264583 0.042188 0.287500 0.064062 0.295833 0.059375 0.281250 0.035937 0.243750
2 0.393750 0.450000 0.610938 0.445833 0.653125 0.495833 0.695312 0.439583 0.779687 0.435417 0.801562 0.477083 0.832812 0.454167 0.809375 0.408333 0.823438 0.364583 0.879687 0.356250 0.881250 0.304167 0.835938 0.216667 0.714063 0.285417 0.635938 0.387500 0.553125 0.212500 0.468750 0.347917 0.464062 0.402083 0.403125 0.404167
2 0.265625 0.208333 0.265625 0.435417 0.379688 0.441667 0.376563 0.310417 0.367188 0.385417 0.287500 0.245833 0.285938 0.212500
2 0.242188 0.179167 0.145313 0.325000 0.156250 0.347917 0.156250 0.379167 0.179688 0.389583 0.181250 0.422917 0.190625 0.433333 0.251563 0.437500 0.251563 0.193750
3 0.181250 0.541667 0.176563 0.535417 0.114062 0.566667 0.000000 0.597917 0.000000 0.643750 0.170313 0.575000 0.179688 0.564583
4 0.265625 0.437500 0.301563 0.445833 0.320312 0.497917 0.526563 0.508333 0.529687 0.481250 0.576562 0.456250 0.415625 0.456250 0.390625 0.441667
4 0.000000 0.595833 0.175000 0.537500 0.185938 0.468750 0.251563 0.439583 0.190625 0.435417 0.178125 0.389583 0.000000 0.331250
5 0.839063 0.139583 0.835938 0.150000 0.868750 0.152083 0.885938 0.175000 0.882812 0.356250 0.887500 0.162500 0.865625 0.145833
5 0.256250 0.000000 0.251563 0.539583 0.264062 0.539583 0.267188 0.002083
7 0.070312 0.289583 0.071875 0.297917 0.090625 0.308333 0.145313 0.312500 0.143750 0.295833
7 0.065625 0.243750 0.065625 0.262500 0.079687 0.266667 0.100000 0.281250 0.110937 0.283333 0.112500 0.272917 0.110937 0.268750 0.096875 0.264583 0.095312 0.260417 0.081250 0.254167 0.079687 0.250000 0.071875 0.247917 0.070312 0.243750
8 0.932813 0.364583 0.914062 0.356250 0.895312 0.366667 0.875000 0.358333 0.871875 0.347917 0.859375 0.362500 0.853125 0.354167 0.853125 0.362500 0.842187 0.368750 0.845313 0.381250 0.839063 0.383333 0.826562 0.362500 0.821875 0.402083 0.810937 0.400000 0.810937 0.408333 0.834375 0.450000
8 0.670312 0.333333 0.648438 0.327083 0.643750 0.335417 0.640625 0.335417 0.635938 0.341667 0.635938 0.345833 0.631250 0.347917 0.632812 0.358333 0.628125 0.362500 0.626563 0.381250 0.635938 0.385417 0.642188 0.381250 0.654687 0.354167 0.664062 0.341667 0.668750 0.339583
8 0.323437 0.285417 0.323437 0.289583 0.318750 0.293750 0.320312 0.297917 0.328125 0.306250 0.328125 0.310417 0.334375 0.318750 0.334375 0.322917 0.339062 0.331250 0.340625 0.331250 0.342187 0.322917 0.334375 0.318750 0.334375 0.316667 0.337500 0.314583 0.337500 0.304167 0.334375 0.300000 0.332813 0.291667 0.328125 0.285417
8 0.439063 0.275000 0.429688 0.316667 0.409375 0.318750 0.406250 0.327083 0.400000 0.314583 0.390625 0.329167 0.398438 0.358333 0.389062 0.362500 0.384375 0.352083 0.379688 0.362500 0.381250 0.441667 0.396875 0.439583 0.403125 0.402083 0.462500 0.402083
8 0.000000 0.256250 0.000000 0.329167 0.154688 0.379167 0.154688 0.364583 0.135937 0.337500 0.068750 0.295833 0.042188 0.289583
10 0.265625 0.004167 0.265625 0.206250 0.360938 0.368750 0.439063 0.272917 0.460938 0.385417 0.553125 0.210417 0.628125 0.350000 0.835938 0.214583 0.881250 0.300000 0.884375 0.175000 0.839063 0.137500 0.889062 0.162500 0.901563 0.345833 0.998437 0.264583 0.998437 0.000000
10 0.000000 0.000000 0.000000 0.222917 0.065625 0.293750 0.103125 0.291667 0.065625 0.241667 0.143750 0.293750 0.145313 0.314583 0.110937 0.316667 0.154688 0.362500 0.146875 0.316667 0.232813 0.185417 0.251563 0.191667 0.254688 0.000000
13 0.651563 0.497917 0.639062 0.456250 0.596875 0.447917 0.565625 0.468750 0.529687 0.483333 0.528125 0.506250 0.553125 0.520833 0.570312 0.514583 0.621875 0.514583 0.626563 0.522917 0.640625 0.522917
13 0.265625 0.443750 0.265625 0.506250 0.275000 0.506250 0.279687 0.514583 0.295312 0.514583 0.300000 0.508333 0.306250 0.510417 0.312500 0.502083 0.318750 0.500000 0.317188 0.472917 0.301563 0.447917
13 0.251563 0.445833 0.232813 0.447917 0.207813 0.466667 0.185938 0.470833 0.179688 0.487500 0.179688 0.502083 0.195312 0.512500 0.206250 0.512500 0.210938 0.506250 0.250000 0.506250
13 0.998437 0.327083 0.801562 0.479167 0.779687 0.437500 0.695312 0.441667 0.656250 0.479167 0.665625 0.520833 0.729688 0.518750 0.710938 0.622917 0.742188 0.710417 0.804688 0.689583 0.998437 0.800000