0 0.025000 0.997917 0.998437 0.997917 0.998437 0.875000 0.917188 0.837500 0.871875 0.720833 0.690625 0.654167 0.682813 0.535417 0.335938 0.508333 0.404687 0.558333
0 0.281250 0.504167 0.281250 0.516667 0.284375 0.518750 0.312500 0.518750 0.314063 0.522917 0.321875 0.522917 0.323437 0.508333 0.307812 0.508333 0.306250 0.504167
1 0.401562 0.541667 0.281250 0.518750 0.268750 0.550000 0.001563 0.656250 0.000000 0.997917 0.059375 0.960417
1 0.354687 0.504167 0.576562 0.527083 0.478125 0.504167 0.375000 0.497917
2 0.998437 0.327083 0.973437 0.333333 0.945312 0.377083 0.968750 0.370833 0.996875 0.368750
2 0.889062 0.289583 0.885938 0.389583 0.900000 0.387500 0.901563 0.383333 0.934375 0.381250
2 0.439063 0.456250 0.648438 0.464583 0.673438 0.510417 0.718750 0.456250 0.762500 0.458333 0.876563 0.391667 0.881250 0.270833 0.870313 0.250000 0.806250 0.270833 0.667188 0.406250 0.589063 0.239583 0.496875 0.410417 0.445312 0.410417
2 0.342187 0.235417 0.335938 0.437500 0.420312 0.447917 0.420312 0.322917 0.412500 0.391667 0.342187 0.262500
2 0.303125 0.206250 0.240625 0.302083 0.237500 0.320833 0.246875 0.335417 0.226562 0.337500 0.260937 0.368750 0.265625 0.393750 0.275000 0.397917 0.281250 0.385417 0.284375 0.435417 0.325000 0.437500 0.331250 0.231250 0.323437 0.233333
2 0.000000 0.181250 0.000000 0.214583 0.121875 0.264583 0.098437 0.239583 0.054688 0.208333 0.048438 0.210417 0.042188 0.200000 0.043750 0.181250 0.040625 0.206250
3 0.279687 0.520833 0.000000 0.597917 0.000000 0.656250 0.268750 0.547917
4 0.335938 0.441667 0.367188 0.462500 0.376563 0.497917 0.556250 0.514583 0.562500 0.487500 0.606250 0.468750
4 0.000000 0.595833 0.267188 0.527083 0.281250 0.458333 0.325000 0.439583 0.284375 0.437500 0.279687 0.385417 0.273438 0.400000 0.000000 0.291667
5 0.850000 0.195833 0.846875 0.204167 0.868750 0.208333 0.885938 0.225000 0.879687 0.389583 0.884375 0.389583 0.889062 0.222917 0.879687 0.208333
5 0.348438 0.000000 0.339062 0.002083 0.325000 0.525000 0.334375 0.522917
7 0.201563 0.320833 0.210938 0.331250 0.245312 0.335417 0.243750 0.322917 0.229687 0.322917 0.228125 0.320833 0.218750 0.320833 0.217188 0.318750 0.214062 0.320833
7 0.190625 0.285417 0.190625 0.293750 0.192188 0.293750 0.193750 0.297917 0.200000 0.300000 0.201563 0.302083 0.204687 0.302083 0.215625 0.310417 0.218750 0.310417 0.218750 0.306250 0.220312 0.304167 0.218750 0.300000 0.212500 0.295833 0.209375 0.295833 0.207813 0.291667 0.201563 0.289583 0.195312 0.283333 0.192188 0.283333
8 0.704688 0.352083 0.701562 0.347917 0.690625 0.345833 0.675000 0.356250 0.673438 0.368750 0.670312 0.364583 0.668750 0.372917 0.659375 0.372917 0.656250 0.381250 0.656250 0.397917 0.667188 0.404167 0.673438 0.402083 0.685937 0.379167 0.704688 0.356250
8 0.481250 0.289583 0.476562 0.289583 0.470313 0.329167 0.450000 0.329167 0.445312 0.341667 0.442188 0.327083 0.432812 0.337500 0.437500 0.366667 0.421875 0.364583 0.421875 0.447917 0.440625 0.443750 0.439063 0.416667 0.445312 0.408333 0.495312 0.410417 0.498437 0.395833 0.490625 0.389583
8 0.239063 0.281250 0.232813 0.285417 0.232813 0.289583 0.226562 0.304167 0.226562 0.318750 0.229687 0.320833 0.235937 0.320833 0.235937 0.310417 0.239063 0.302083 0.242188 0.297917 0.242188 0.287500 0.239063 0.283333
8 0.000000 0.216667 0.006250 0.293750 0.262500 0.387500 0.225000 0.335417 0.151562 0.300000 0.137500 0.252083 0.110937 0.225000 0.101562 0.243750 0.118750 0.264583
10 0.350000 0.000000 0.343750 0.262500 0.404687 0.372917 0.481250 0.287500 0.496875 0.395833 0.589063 0.237500 0.665625 0.372917 0.806250 0.268750 0.882812 0.272917 0.850000 0.193750 0.932813 0.377083 0.998437 0.325000 0.998437 0.000000
10 0.000000 0.000000 0.000000 0.179167 0.100000 0.241667 0.110937 0.222917 0.151562 0.297917 0.214062 0.318750 0.195312 0.281250 0.225000 0.318750 0.303125 0.204167 0.331250 0.229167 0.339062 0.000000
13 0.670312 0.487500 0.665625 0.477083 0.648438 0.466667 0.609375 0.466667 0.590625 0.483333 0.562500 0.489583 0.557813 0.497917 0.557813 0.516667 0.579688 0.529167 0.623437 0.522917 0.664062 0.533333 0.671875 0.518750
13 0.335938 0.445833 0.335938 0.506250 0.348438 0.508333 0.354687 0.502083 0.357812 0.502083 0.359375 0.506250 0.360938 0.502083 0.371875 0.495833 0.365625 0.462500 0.353125 0.447917
13 0.325000 0.443750 0.314063 0.441667 0.312500 0.445833 0.300000 0.445833 0.284375 0.456250 0.281250 0.468750 0.281250 0.502083 0.293750 0.502083 0.296875 0.497917 0.323437 0.497917
13 0.679688 0.493750 0.690625 0.652083 0.728125 0.633333 0.871875 0.718750 0.917188 0.835417 0.998437 0.872917 0.998437 0.368750 0.857812 0.395833