0 0.000000 0.925000 0.000000 0.997917 0.998437 0.997917 0.998437 0.827083 0.846875 0.816667 0.781250 0.635417 0.709375 0.585417 0.857812 0.525000 0.232813 0.518750 0.320312 0.585417
0 0.118750 0.514583 0.118750 0.541667 0.212500 0.543750 0.212500 0.518750 0.179688 0.516667 0.164062 0.520833 0.159375 0.516667 0.125000 0.518750
1 0.801562 0.550000 0.729688 0.556250 0.710938 0.570833 0.710938 0.585417 0.779687 0.631250 0.782813 0.629167 0.781250 0.610417 0.785937 0.585417
1 0.317188 0.572917 0.260937 0.547917 0.125000 0.541667 0.106250 0.593750 0.000000 0.639583 0.000000 0.922917 0.309375 0.600000
1 0.567187 0.525000 0.626563 0.527083 0.626563 0.522917 0.623437 0.520833 0.609375 0.520833 0.607812 0.518750 0.570312 0.518750
1 0.798438 0.525000 0.862500 0.522917 0.864062 0.518750 0.860938 0.512500 0.812500 0.510417 0.809375 0.520833 0.800000 0.520833
1 0.276562 0.518750 0.546875 0.525000 0.523438 0.512500 0.318750 0.504167
1 0.121875 0.510417 0.125000 0.516667 0.148438 0.516667 0.150000 0.514583 0.157812 0.514583 0.156250 0.510417 0.146875 0.508333 0.145313 0.506250 0.145313 0.500000 0.137500 0.500000 0.135937 0.504167 0.125000 0.504167
2 0.000000 0.233333 0.000000 0.283333 0.007812 0.283333 0.003125 0.277083 0.003125 0.270833 0.006250 0.266667 0.026562 0.266667 0.014063 0.250000 0.012500 0.239583 0.006250 0.237500 0.004687 0.233333
2 0.381250 0.450000 0.657813 0.475000 0.785937 0.435417 0.812500 0.508333 0.857812 0.510417 0.828125 0.485417 0.865625 0.462500 0.834375 0.397917 0.851562 0.358333 0.959375 0.339583 0.998437 0.381250 0.998437 0.266667 0.906250 0.343750 0.839063 0.212500 0.714063 0.281250 0.632812 0.385417 0.550000 0.202083 0.456250 0.393750 0.389062 0.402083
2 0.231250 0.177083 0.229687 0.435417 0.368750 0.441667 0.365625 0.302083 0.353125 0.372917 0.271875 0.237500 0.270313 0.202083
2 0.215625 0.175000 0.117188 0.320833 0.131250 0.343750 0.129688 0.354167 0.118750 0.341667 0.120313 0.422917 0.131250 0.437500 0.153125 0.427083 0.214062 0.435417
3 0.117188 0.547917 0.056250 0.577083 0.000000 0.593750 0.000000 0.637500 0.051562 0.620833 0.106250 0.591667 0.118750 0.575000
4 0.232813 0.439583 0.281250 0.445833 0.303125 0.502083 0.523438 0.510417 0.528125 0.481250 0.575000 0.458333
4 0.214062 0.437500 0.132812 0.437500 0.132812 0.475000 0.137500 0.497917 0.145313 0.497917 0.148438 0.479167 0.157812 0.466667 0.185938 0.460417 0.214062 0.443750
4 0.998437 0.425000 0.870313 0.435417 0.865625 0.466667 0.831250 0.470833 0.831250 0.493750 0.845313 0.483333 0.860938 0.500000 0.865625 0.520833 0.920312 0.508333 0.996875 0.458333
4 0.000000 0.339583 0.000000 0.591667 0.115625 0.547917 0.117188 0.381250
5 0.859375 0.116667 0.859375 0.127083 0.873437 0.133333 0.907813 0.131250 0.917188 0.150000 0.910937 0.341667 0.918750 0.293750 0.918750 0.135417 0.907813 0.125000
5 0.231250 0.000000 0.217188 0.008333 0.217188 0.550000 0.231250 0.547917
7 0.004687 0.270833 0.004687 0.277083 0.014063 0.285417 0.090625 0.293750 0.090625 0.275000 0.082812 0.270833
7 0.000000 0.212500 0.000000 0.231250 0.004687 0.231250 0.014063 0.241667 0.021875 0.243750 0.031250 0.252083 0.035937 0.252083 0.037500 0.256250 0.051562 0.258333 0.051562 0.243750 0.032813 0.235417 0.021875 0.227083 0.017188 0.227083 0.012500 0.218750 0.003125 0.216667
8 0.998437 0.383333 0.981250 0.354167 0.951562 0.341667 0.892188 0.356250 0.875000 0.379167 0.862500 0.372917 0.856250 0.354167 0.851562 0.397917 0.835938 0.397917 0.843750 0.422917 0.859375 0.435417 0.998437 0.422917
8 0.664062 0.333333 0.653125 0.329167 0.640625 0.331250 0.637500 0.337500 0.632812 0.339583 0.631250 0.356250 0.625000 0.364583 0.625000 0.381250 0.635938 0.383333 0.664062 0.339583
8 0.000000 0.285417 0.000000 0.337500 0.084375 0.364583 0.082812 0.339583 0.057813 0.312500 0.037500 0.306250 0.009375 0.285417
8 0.315625 0.283333 0.314063 0.289583 0.309375 0.291667 0.309375 0.293750 0.318750 0.308333 0.318750 0.312500 0.323437 0.320833 0.326562 0.322917 0.328125 0.329167 0.332813 0.333333 0.332813 0.320833 0.326562 0.316667 0.326562 0.312500 0.329688 0.308333 0.329688 0.302083 0.325000 0.295833 0.325000 0.291667 0.321875 0.285417 0.317188 0.285417
8 0.432812 0.272917 0.420312 0.316667 0.400000 0.322917 0.392188 0.316667 0.382812 0.329167 0.389062 0.360417 0.381250 0.362500 0.376563 0.352083 0.370312 0.358333 0.370312 0.439583 0.387500 0.439583 0.384375 0.410417 0.392188 0.397917 0.454688 0.393750 0.446875 0.377083
10 0.232813 0.000000 0.229687 0.175000 0.353125 0.370833 0.364063 0.300000 0.387500 0.360417 0.432812 0.270833 0.454688 0.385417 0.550000 0.200000 0.628125 0.350000 0.839063 0.210417 0.907813 0.341667 0.915625 0.150000 0.859375 0.114583 0.920312 0.135417 0.917188 0.325000 0.998437 0.264583 0.998437 0.000000
10 0.217188 0.000000 0.000000 0.000000 0.000000 0.210417 0.051562 0.241667 0.053125 0.268750 0.092188 0.275000 0.090625 0.295833 0.050000 0.291667 0.087500 0.366667 0.118750 0.339583 0.129688 0.352083 0.115625 0.320833 0.215625 0.172917
13 0.998437 0.458333 0.795312 0.562500 0.781250 0.677083 0.846875 0.814583 0.904687 0.829167 0.935937 0.787500 0.998437 0.825000
13 0.214062 0.445833 0.185938 0.462500 0.153125 0.472917 0.146875 0.487500 0.146875 0.506250 0.156250 0.508333 0.164062 0.518750 0.175000 0.518750 0.182812 0.510417 0.204687 0.514583 0.207813 0.508333 0.212500 0.508333 0.212500 0.500000 0.215625 0.497917
13 0.232813 0.441667 0.232813 0.464583 0.229687 0.466667 0.231250 0.508333 0.251563 0.510417 0.256250 0.518750 0.275000 0.518750 0.300000 0.506250 0.296875 0.472917 0.281250 0.447917
13 0.810937 0.508333 0.801562 0.439583 0.701562 0.441667 0.657813 0.495833 0.642188 0.458333 0.606250 0.447917 0.525000 0.493750 0.526563 0.516667 0.553125 0.527083 0.607812 0.516667 0.642188 0.529167 0.657813 0.508333 0.670312 0.527083 0.770312 0.518750 0.790625 0.531250
13 0.123438 0.425000 0.120313 0.425000 0.118750 0.512500 0.125000 0.502083 0.135937 0.502083 0.131250 0.475000 0.129688 0.437500 0.123438 0.429167