0 0.798438 0.406250 0.304688 0.587500 0.118750 0.716667 0.000000 0.714583 0.000000 0.997917 0.765625 0.997917 0.692187 0.687500 0.762500 0.418750
1 0.576562 0.454167 0.539062 0.466667 0.532813 0.489583 0.509375 0.479167 0.421875 0.504167 0.420312 0.529167 0.404687 0.543750 0.573438 0.472917 0.570312 0.460417
1 0.712500 0.414583 0.685937 0.416667 0.678125 0.422917 0.651563 0.433333 0.651563 0.441667 0.664062 0.435417 0.676562 0.433333 0.678125 0.429167 0.685937 0.429167 0.687500 0.425000 0.693750 0.425000
1 0.764062 0.418750 0.693750 0.687500 0.767188 0.997917 0.998437 0.997917 0.998437 0.533333 0.809375 0.410417
2 0.998437 0.212500 0.995313 0.212500 0.993750 0.214583 0.987500 0.214583 0.985938 0.216667 0.973437 0.216667 0.971875 0.218750 0.968750 0.218750 0.968750 0.222917 0.976562 0.227083 0.978125 0.231250 0.979688 0.229167 0.982812 0.233333 0.990625 0.233333 0.995313 0.229167 0.998437 0.229167
2 0.632812 0.372917 0.598437 0.270833 0.539062 0.291667 0.515625 0.212500 0.409375 0.256250 0.331250 0.066667 0.237500 0.102083 0.232813 0.139583 0.000000 0.318750 0.000000 0.481250 0.190625 0.341667 0.382812 0.356250 0.406250 0.429167 0.451562 0.414583 0.460938 0.345833 0.565625 0.391667
3 0.828125 0.420833 0.842187 0.437500 0.998437 0.531250 0.996875 0.470833 0.835938 0.416667
3 0.651563 0.402083 0.654687 0.402083 0.656250 0.408333 0.657813 0.408333 0.659375 0.402083 0.664062 0.400000 0.665625 0.402083 0.667188 0.412500 0.671875 0.416667 0.665625 0.425000 0.684375 0.416667 0.681250 0.408333 0.681250 0.400000 0.656250 0.400000
4 0.584375 0.414583 0.470313 0.416667 0.406250 0.431250 0.417187 0.506250 0.521875 0.477083 0.576562 0.452083
4 0.648438 0.404167 0.648438 0.408333 0.646875 0.410417 0.650000 0.416667 0.648438 0.418750 0.648438 0.422917 0.651563 0.425000 0.651563 0.431250 0.662500 0.427083 0.667188 0.418750 0.670312 0.418750 0.670312 0.416667 0.665625 0.412500 0.665625 0.406250 0.664062 0.402083 0.662500 0.404167 0.659375 0.404167 0.659375 0.408333 0.657813 0.410417 0.654687 0.408333 0.654687 0.404167 0.651563 0.404167 0.650000 0.402083
4 0.998437 0.262500 0.892188 0.331250 0.809375 0.364583 0.818750 0.420833 0.835938 0.414583 0.998437 0.470833
5 0.796875 0.304167 0.800000 0.339583 0.800000 0.408333 0.803125 0.412500 0.806250 0.408333 0.807813 0.379167 0.801562 0.370833 0.801562 0.322917
5 0.792188 0.062500 0.803125 0.227083 0.801562 0.118750 0.796875 0.066667
8 0.448437 0.420833 0.581250 0.408333 0.585938 0.416667 0.596875 0.393750 0.623437 0.389583 0.612500 0.389583 0.601562 0.364583 0.573438 0.368750 0.565625 0.393750 0.525000 0.356250 0.518750 0.362500 0.495312 0.350000 0.470313 0.364583 0.460938 0.347917
8 0.998437 0.231250 0.967187 0.222917 0.973437 0.168750 0.914062 0.147917 0.857812 0.177083 0.829688 0.145833 0.803125 0.170833 0.803125 0.229167 0.796875 0.177083 0.726562 0.200000 0.721875 0.250000 0.692187 0.258333 0.703125 0.339583 0.629687 0.387500 0.723437 0.412500 0.728125 0.366667 0.729688 0.410417 0.785937 0.404167 0.796875 0.302083 0.806250 0.377083 0.998437 0.260417
10 0.000000 0.000000 0.021875 0.325000 0.331250 0.064583 0.409375 0.254167 0.515625 0.210417 0.632812 0.381250 0.701562 0.339583 0.726562 0.197917 0.796875 0.175000 0.792188 0.060417 0.803125 0.164583 0.915625 0.145833 0.998437 0.210417 0.998437 0.000000
13 0.642188 0.395833 0.635938 0.389583 0.596875 0.395833 0.582812 0.427083 0.578125 0.454167 0.571875 0.460417 0.575000 0.472917 0.587500 0.475000 0.590625 0.470833 0.595313 0.481250 0.600000 0.481250 0.607812 0.460417 0.629687 0.462500 0.632812 0.450000 0.645312 0.454167 0.650000 0.443750 0.650000 0.425000
13 0.387500 0.364583 0.190625 0.343750 0.098437 0.385417 0.000000 0.487500 0.000000 0.702083 0.118750 0.714583 0.206250 0.631250 0.350000 0.568750 0.392188 0.579167 0.418750 0.512500