0 0.814063 0.997917 0.526563 0.493750 0.000000 0.633333 0.000000 0.997917
1 0.185938 0.572917 0.187500 0.570833 0.195312 0.570833 0.218750 0.560417 0.225000 0.560417 0.234375 0.556250 0.193750 0.556250 0.190625 0.560417 0.190625 0.564583 0.187500 0.566667
1 0.000000 0.631250 0.170313 0.577083 0.157812 0.556250 0.000000 0.547917
1 0.515625 0.504167 0.812500 0.995833 0.998437 0.997917 0.996875 0.727083 0.571875 0.504167
1 0.446875 0.485417 0.426563 0.485417 0.418750 0.489583 0.410938 0.489583 0.409375 0.493750 0.398438 0.493750 0.398438 0.506250 0.403125 0.506250 0.404687 0.502083 0.415625 0.502083 0.428125 0.495833 0.435937 0.495833 0.437500 0.491667 0.442188 0.491667
2 0.000000 0.135417 0.000000 0.341667 0.023438 0.362500 0.053125 0.268750 0.065625 0.327083 0.160938 0.310417 0.217188 0.331250 0.254688 0.397917 0.295312 0.416667 0.323437 0.387500 0.350000 0.433333 0.376563 0.431250 0.345313 0.295833 0.262500 0.289583 0.235937 0.162500 0.120313 0.139583 0.015625 0.175000
2 0.868750 0.000000 0.804688 0.170833 0.857812 0.200000 0.857812 0.312500 0.834375 0.322917 0.823438 0.302083 0.793750 0.339583 0.845313 0.341667 0.876563 0.372917 0.904687 0.362500 0.928125 0.408333 0.993750 0.397917 0.998437 0.000000
3 0.000000 0.545833 0.051562 0.550000 0.056250 0.547917 0.051562 0.543750 0.054688 0.533333 0.059375 0.529167 0.071875 0.533333 0.076563 0.525000 0.009375 0.525000 0.001563 0.531250
3 0.612500 0.527083 0.998437 0.727083 0.993750 0.660417 0.764062 0.579167 0.754687 0.516667 0.740625 0.566667
3 0.556250 0.466667 0.554688 0.468750 0.554688 0.502083 0.573438 0.502083 0.573438 0.485417 0.570312 0.487500 0.567187 0.481250 0.567187 0.468750 0.568750 0.466667
4 0.000000 0.539583 0.009375 0.522917 0.076563 0.522917 0.053125 0.543750 0.092188 0.550000 0.145313 0.527083 0.160938 0.497917 0.192188 0.497917 0.198437 0.516667 0.268750 0.500000 0.273438 0.518750 0.290625 0.518750 0.287500 0.493750 0.309375 0.452083 0.003125 0.404167
4 0.998437 0.662500 0.998437 0.395833 0.581250 0.458333 0.584375 0.520833 0.740625 0.564583 0.754687 0.514583 0.764062 0.577083
8 0.000000 0.343750 0.007812 0.404167 0.310937 0.452083 0.348438 0.433333 0.340625 0.397917 0.303125 0.393750 0.292187 0.418750 0.254688 0.400000 0.217188 0.333333 0.196875 0.343750 0.160938 0.312500 0.121875 0.302083 0.068750 0.312500 0.065625 0.329167 0.053125 0.270833 0.037500 0.283333 0.029687 0.360417
8 0.575000 0.277083 0.479687 0.279167 0.471875 0.327083 0.445312 0.320833 0.451562 0.416667 0.421875 0.427083 0.410938 0.406250 0.382812 0.435417 0.429688 0.483333 0.468750 0.485417 0.471875 0.443750 0.471875 0.485417 0.525000 0.491667 0.526563 0.447917 0.535937 0.491667 0.553125 0.358333 0.554688 0.466667 0.573438 0.462500
8 0.581250 0.302083 0.581250 0.456250 0.929688 0.402083 0.904687 0.364583 0.876563 0.375000 0.845313 0.343750 0.800000 0.354167 0.781250 0.325000 0.795312 0.308333 0.790625 0.270833 0.764062 0.220833 0.695312 0.225000 0.685937 0.252083 0.626563 0.266667 0.604688 0.314583
10 0.000000 0.000000 0.015625 0.172917 0.235937 0.160417 0.264062 0.289583 0.345313 0.293750 0.381250 0.433333 0.450000 0.416667 0.479687 0.277083 0.575000 0.275000 0.576562 0.116667 0.600000 0.312500 0.717187 0.218750 0.776563 0.231250 0.789062 0.335417 0.856250 0.312500 0.857812 0.204167 0.803125 0.170833 0.867188 0.000000
13 0.292187 0.485417 0.292187 0.502083 0.296875 0.491667 0.312500 0.506250 0.314063 0.495833 0.320312 0.495833 0.320312 0.541667 0.323437 0.533333 0.342187 0.529167 0.365625 0.539583 0.376563 0.518750 0.395313 0.525000 0.395313 0.460417 0.379688 0.433333 0.331250 0.431250
14 0.318750 0.495833 0.312500 0.508333 0.296875 0.493750 0.290625 0.520833 0.273438 0.520833 0.268750 0.502083 0.254688 0.516667 0.198437 0.518750 0.192188 0.500000 0.160938 0.500000 0.145313 0.529167 0.098437 0.539583 0.093750 0.552083 0.157812 0.554167 0.173437 0.577083 0.193750 0.554167 0.287500 0.541667 0.292187 0.568750 0.309375 0.575000 0.318750 0.564583