0 0.687500 0.410417 0.267188 0.593750 0.215625 0.670833 0.000000 0.722917 0.000000 0.997917 0.760938 0.997917 0.657813 0.420833
1 0.481250 0.464583 0.445312 0.479167 0.434375 0.504167 0.396875 0.500000 0.270313 0.547917 0.276562 0.579167 0.268750 0.591667 0.470313 0.491667
1 0.610938 0.418750 0.575000 0.427083 0.573438 0.431250 0.567187 0.431250 0.554688 0.437500 0.554688 0.445833 0.564063 0.443750 0.565625 0.439583 0.571875 0.439583 0.592187 0.429167 0.593750 0.425000 0.600000 0.425000
1 0.659375 0.420833 0.760938 0.995833 0.998437 0.997917 0.998437 0.531250 0.703125 0.410417
2 0.000000 0.125000 0.000000 0.320833 0.217188 0.347917 0.253125 0.454167 0.323437 0.437500 0.348438 0.347917 0.532813 0.391667 0.496875 0.279167 0.434375 0.295833 0.410938 0.212500 0.289062 0.258333 0.184375 0.016667 0.095312 0.070833 0.053125 0.054167 0.053125 0.093750
2 0.898438 0.002083 0.889062 0.054167 0.923438 0.047917 0.939063 0.070833 0.945312 0.214583 0.957812 0.231250 0.993750 0.210417 0.998437 0.000000
3 0.395313 0.500000 0.356250 0.500000 0.351562 0.510417 0.340625 0.516667 0.292187 0.525000 0.278125 0.537500 0.268750 0.533333 0.268750 0.543750
3 0.726562 0.420833 0.998437 0.529167 0.998437 0.462500
4 0.489063 0.420833 0.371875 0.427083 0.262500 0.452083 0.256250 0.460417 0.265625 0.522917 0.278125 0.535417 0.345313 0.512500 0.356250 0.497917 0.420312 0.495833 0.431250 0.477083 0.481250 0.462500
4 0.551562 0.408333 0.553125 0.425000 0.554688 0.427083 0.554688 0.435417 0.568750 0.429167 0.570312 0.425000 0.576562 0.425000 0.578125 0.412500 0.575000 0.412500 0.571875 0.406250 0.554688 0.406250
4 0.998437 0.208333 0.701562 0.366667 0.700000 0.408333 0.706250 0.381250 0.718750 0.418750 0.998437 0.460417
5 0.685937 0.291667 0.687500 0.345833 0.695312 0.412500 0.698438 0.408333 0.696875 0.375000 0.692187 0.372917 0.692187 0.345833
5 0.681250 0.068750 0.695312 0.241667 0.692187 0.147917 0.689063 0.145833 0.685937 0.077083
8 0.323437 0.435417 0.490625 0.418750 0.509375 0.385417 0.506250 0.375000 0.484375 0.370833 0.473438 0.375000 0.464062 0.400000 0.434375 0.383333 0.423438 0.362500 0.412500 0.366667 0.390625 0.352083 0.359375 0.375000 0.348438 0.350000 0.343750 0.404167
8 0.954688 0.229167 0.942187 0.193750 0.857812 0.218750 0.856250 0.166667 0.825000 0.147917 0.746875 0.202083 0.703125 0.168750 0.695312 0.243750 0.682813 0.179167 0.615625 0.212500 0.612500 0.262500 0.585938 0.266667 0.598437 0.347917 0.534375 0.391667 0.617188 0.416667 0.620313 0.372917 0.625000 0.414583 0.653125 0.410417 0.654687 0.350000 0.678125 0.406250 0.685937 0.289583 0.700000 0.372917
10 0.000000 0.000000 0.000000 0.122917 0.184375 0.014583 0.289062 0.256250 0.410938 0.210417 0.532813 0.387500 0.596875 0.347917 0.615625 0.210417 0.687500 0.183333 0.681250 0.066667 0.695312 0.179167 0.943750 0.189583 0.900000 0.000000
13 0.543750 0.397917 0.518750 0.393750 0.503125 0.400000 0.492188 0.414583 0.484375 0.437500 0.482812 0.466667 0.475000 0.470833 0.476562 0.481250 0.496875 0.483333 0.500000 0.491667 0.507812 0.491667 0.512500 0.468750 0.534375 0.470833 0.539062 0.456250 0.553125 0.460417 0.553125 0.427083
13 0.000000 0.322917 0.000000 0.720833 0.146875 0.654167 0.189062 0.672917 0.231250 0.658333 0.275000 0.562500 0.220312 0.354167