0 0.817187 0.995833 0.509375 0.493750 0.417187 0.485417 0.292187 0.541667 0.282813 0.585417 0.245312 0.552083 0.000000 0.629167 0.000000 0.997917
1 0.206250 0.562500 0.190625 0.560417 0.182812 0.562500 0.181250 0.566667 0.146875 0.564583 0.143750 0.566667 0.140625 0.579167 0.131250 0.585417 0.148438 0.579167 0.160938 0.579167 0.162500 0.575000
1 0.000000 0.627083 0.126562 0.587500 0.117188 0.587500 0.107813 0.566667 0.029687 0.564583 0.018750 0.556250 0.000000 0.556250
1 0.501563 0.504167 0.818750 0.997917 0.998437 0.997917 0.998437 0.735417 0.560937 0.508333
1 0.418750 0.489583 0.412500 0.485417 0.404687 0.489583 0.395313 0.489583 0.393750 0.493750 0.379688 0.493750 0.379688 0.508333 0.381250 0.506250 0.389062 0.506250 0.390625 0.502083 0.403125 0.502083 0.414062 0.495833 0.420312 0.495833
2 0.000000 0.133333 0.004687 0.306250 0.076563 0.283333 0.164062 0.331250 0.179688 0.318750 0.203125 0.362500 0.218750 0.356250 0.225000 0.393750 0.271875 0.414583 0.300000 0.383333 0.329688 0.429167 0.357812 0.431250 0.325000 0.289583 0.235937 0.283333 0.207813 0.145833 0.118750 0.143750 0.085938 0.118750 0.081250 0.141667
2 0.865625 0.000000 0.803125 0.160417 0.859375 0.191667 0.857812 0.310417 0.815625 0.325000 0.807813 0.306250 0.795312 0.335417 0.818750 0.356250 0.845313 0.331250 0.889062 0.397917 0.959375 0.339583 0.973437 0.402083 0.998437 0.402083 0.998437 0.000000
3 0.601562 0.529167 0.998437 0.733333 0.998437 0.666667 0.779687 0.589583 0.771875 0.520833 0.756250 0.525000 0.754687 0.577083
3 0.542188 0.466667 0.542188 0.502083 0.545312 0.502083 0.546875 0.506250 0.560937 0.506250 0.560937 0.466667
3 0.568750 0.456250 0.565625 0.460417 0.565625 0.516667 0.567187 0.522917 0.570312 0.525000 0.581250 0.525000 0.582812 0.522917 0.579688 0.516667 0.579688 0.483333 0.582812 0.460417 0.575000 0.456250
4 0.376563 0.460417 0.378125 0.466667 0.378125 0.481250 0.381250 0.485417 0.381250 0.491667 0.393750 0.491667 0.395313 0.487500 0.410938 0.485417 0.410938 0.466667 0.404687 0.466667 0.401562 0.462500 0.396875 0.462500 0.395313 0.460417
4 0.998437 0.664583 0.995313 0.400000 0.584375 0.462500 0.581250 0.527083 0.754687 0.575000 0.754687 0.525000 0.771875 0.518750 0.779687 0.587500
4 0.006250 0.547917 0.045312 0.560417 0.053125 0.543750 0.089063 0.535417 0.103125 0.502083 0.231250 0.502083 0.240625 0.527083 0.284375 0.447917 0.000000 0.400000
8 0.000000 0.300000 0.000000 0.397917 0.285938 0.447917 0.328125 0.429167 0.325000 0.400000 0.300000 0.385417 0.271875 0.416667 0.254688 0.395833 0.225000 0.395833 0.217188 0.356250 0.203125 0.364583 0.179688 0.320833 0.164062 0.333333 0.076563 0.285417
8 0.560937 0.277083 0.464062 0.275000 0.456250 0.325000 0.428125 0.318750 0.435937 0.418750 0.404687 0.427083 0.393750 0.404167 0.362500 0.433333 0.414062 0.485417 0.451562 0.485417 0.454688 0.439583 0.456250 0.487500 0.489063 0.491667 0.492188 0.420833 0.492188 0.489583 0.509375 0.491667 0.510938 0.445833 0.521875 0.491667 0.540625 0.370833 0.540625 0.464583 0.560937 0.464583
8 0.570312 0.295833 0.570312 0.454167 0.973437 0.393750 0.959375 0.341667 0.890625 0.400000 0.845313 0.333333 0.803125 0.354167 0.782813 0.320833 0.793750 0.260417 0.764062 0.206250 0.693750 0.212500 0.687500 0.241667 0.620313 0.258333 0.584375 0.327083
10 0.000000 0.000000 0.000000 0.131250 0.207813 0.143750 0.237500 0.283333 0.325000 0.287500 0.359375 0.431250 0.434375 0.418750 0.464062 0.272917 0.562500 0.279167 0.565625 0.108333 0.582812 0.325000 0.720313 0.204167 0.781250 0.218750 0.792188 0.331250 0.856250 0.310417 0.857812 0.191667 0.801562 0.160417 0.864062 0.000000
13 0.529687 0.468750 0.529687 0.470833 0.526563 0.475000 0.526563 0.477083 0.523438 0.483333 0.523438 0.495833 0.525000 0.495833 0.529687 0.502083 0.535937 0.502083 0.535937 0.468750
13 0.260937 0.497917 0.289062 0.520833 0.287500 0.539583 0.281250 0.541667 0.289062 0.562500 0.289062 0.545833 0.296875 0.537500 0.331250 0.533333 0.345313 0.543750 0.354687 0.522917 0.373437 0.529167 0.376563 0.466667 0.360938 0.433333 0.301563 0.431250 0.265625 0.477083
14 0.287500 0.520833 0.259375 0.502083 0.265625 0.472917 0.251563 0.525000 0.234375 0.529167 0.231250 0.504167 0.103125 0.504167 0.089063 0.537500 0.053125 0.545833 0.050000 0.560417 0.107813 0.564583 0.129688 0.585417 0.146875 0.562500 0.251563 0.547917 0.256250 0.577083 0.275000 0.585417 0.287500 0.575000 0.279687 0.550000