0 0.000000 0.629167 0.000000 0.997917 0.856250 0.997917 0.481250 0.535417 0.492188 0.504167 0.370312 0.487500 0.182812 0.539583 0.153125 0.614583
1 0.479687 0.522917 0.850000 0.991667 0.998437 0.997917 0.989062 0.770833 0.898438 0.735417 0.889062 0.697917 0.637500 0.595833 0.639062 0.539583
1 0.379688 0.483333 0.340625 0.477083 0.182812 0.491667 0.182812 0.537500
2 0.539062 0.435417 0.537500 0.435417 0.537500 0.439583 0.535937 0.441667 0.528125 0.441667 0.528125 0.443750 0.523438 0.450000 0.521875 0.447917 0.518750 0.450000 0.518750 0.454167 0.520312 0.456250 0.520312 0.466667 0.526563 0.466667 0.528125 0.464583 0.529687 0.466667 0.532813 0.466667 0.532813 0.460417 0.535937 0.456250 0.535937 0.452083 0.537500 0.450000 0.537500 0.441667 0.539062 0.439583
2 0.681250 0.368750 0.675000 0.372917 0.673438 0.381250 0.670312 0.368750 0.662500 0.375000 0.660937 0.450000 0.682813 0.437500 0.676562 0.422917 0.689063 0.406250 0.712500 0.400000 0.687500 0.387500
2 0.646875 0.372917 0.623437 0.364583 0.579688 0.412500 0.564063 0.408333 0.559375 0.418750 0.546875 0.425000 0.546875 0.435417 0.637500 0.450000 0.645312 0.439583
2 0.998437 0.316667 0.973437 0.322917 0.962500 0.285417 0.946875 0.325000 0.857812 0.339583 0.846875 0.312500 0.837500 0.343750 0.768750 0.377083 0.784375 0.379167 0.790625 0.404167 0.809375 0.397917 0.806250 0.425000 0.821875 0.422917 0.820312 0.441667 0.850000 0.477083 0.903125 0.475000 0.895312 0.456250 0.909375 0.443750 0.987500 0.454167 0.954688 0.429167 0.979688 0.402083 0.976562 0.331250
2 0.000000 0.000000 0.000000 0.243750 0.118750 0.302083 0.184375 0.295833 0.209375 0.327083 0.210938 0.375000 0.290625 0.395833 0.279687 0.283333 0.248438 0.275000 0.235937 0.187500 0.054688 0.152083 0.014063 0.004167
3 0.543750 0.470833 0.542188 0.531250 0.639062 0.537500 0.639062 0.479167 0.618750 0.485417 0.582812 0.483333 0.579688 0.470833
3 0.903125 0.447917 0.896875 0.729167 0.995313 0.764583 0.998437 0.729167 0.948438 0.695833 0.967187 0.493750 0.992188 0.460417
3 0.701562 0.441667 0.698438 0.458333 0.687500 0.458333 0.701562 0.464583 0.701562 0.481250 0.696875 0.489583 0.693750 0.591667 0.681250 0.612500 0.707812 0.620833 0.715625 0.466667 0.712500 0.445833
3 0.226562 0.416667 0.218750 0.485417 0.339062 0.477083 0.337500 0.445833 0.301563 0.435417 0.300000 0.443750 0.303125 0.435417 0.328125 0.445833 0.309375 0.458333 0.300000 0.447917 0.295312 0.466667 0.293750 0.433333 0.285938 0.433333 0.281250 0.462500 0.275000 0.445833 0.265625 0.450000 0.262500 0.429167
4 0.717187 0.472917 0.710938 0.622917 0.892188 0.700000 0.903125 0.479167
4 0.993750 0.470833 0.975000 0.479167 0.968750 0.493750 0.950000 0.695833 0.953125 0.706250 0.998437 0.727083 0.998437 0.477083
4 0.660937 0.456250 0.654687 0.462500 0.646875 0.600000 0.659375 0.610417 0.687500 0.616667 0.679688 0.610417 0.692187 0.591667 0.700000 0.464583
5 0.548438 0.314583 0.537500 0.529167 0.543750 0.522917 0.540625 0.485417
5 0.678125 0.000000 0.664062 0.010417 0.643750 0.597917
7 0.184375 0.341667 0.175000 0.347917 0.175000 0.375000 0.176563 0.381250 0.171875 0.385417 0.171875 0.391667 0.176563 0.406250 0.184375 0.404167 0.184375 0.385417 0.182812 0.383333 0.187500 0.375000 0.185938 0.372917 0.189062 0.370833 0.189062 0.354167
8 0.545312 0.435417 0.545312 0.466667 0.579688 0.468750 0.582812 0.481250 0.618750 0.483333 0.632812 0.477083 0.640625 0.479167 0.637500 0.452083 0.614062 0.445833 0.582812 0.445833 0.581250 0.441667 0.560937 0.441667
8 0.659375 0.454167 0.698438 0.456250 0.700000 0.441667 0.709375 0.439583 0.720313 0.475000 0.848437 0.477083 0.818750 0.441667 0.821875 0.425000 0.804688 0.425000 0.809375 0.400000 0.790625 0.406250 0.784375 0.381250 0.748437 0.385417 0.735938 0.370833 0.715625 0.400000 0.689063 0.408333 0.678125 0.422917 0.684375 0.437500
8 0.982812 0.329167 0.978125 0.335417 0.987500 0.341667 0.985938 0.356250 0.975000 0.377083 0.981250 0.397917 0.979688 0.408333 0.956250 0.431250 0.985938 0.439583 0.998437 0.475000 0.998437 0.331250
8 0.584375 0.356250 0.545312 0.239583 0.459375 0.218750 0.420312 0.283333 0.382812 0.270833 0.390625 0.387500 0.354687 0.414583 0.218750 0.383333 0.184375 0.297917 0.117188 0.302083 0.170313 0.387500 0.189062 0.347917 0.193750 0.489583 0.231250 0.414583 0.401562 0.485417 0.409375 0.429167 0.409375 0.485417 0.490625 0.500000 0.495312 0.437500 0.504687 0.500000 0.546875 0.314583 0.546875 0.422917
10 0.679688 0.000000 0.664062 0.370833 0.715625 0.397917 0.735938 0.368750 0.837500 0.341667 0.846875 0.310417 0.857812 0.337500 0.946875 0.322917 0.960938 0.283333 0.973437 0.320833 0.998437 0.314583 0.998437 0.000000
10 0.014063 0.000000 0.054688 0.150000 0.237500 0.187500 0.306250 0.416667 0.384375 0.400000 0.381250 0.270833 0.420312 0.281250 0.420312 0.229167 0.459375 0.216667 0.573438 0.281250 0.579688 0.410417 0.646875 0.370833 0.664062 0.000000
13 0.534375 0.468750 0.528125 0.466667 0.526563 0.468750 0.518750 0.468750 0.507812 0.483333 0.506250 0.508333 0.510938 0.514583 0.512500 0.520833 0.518750 0.520833 0.521875 0.516667 0.532813 0.516667 0.532813 0.497917 0.535937 0.475000
13 0.000000 0.245833 0.000000 0.627083 0.104688 0.587500 0.115625 0.612500 0.156250 0.610417 0.184375 0.514583 0.182812 0.433333 0.154688 0.341667 0.112500 0.300000