0 0.000000 0.597917 0.000000 0.997917 0.832812 0.997917 0.507812 0.504167 0.245312 0.541667 0.204687 0.622917 0.154688 0.577083
1 0.498437 0.518750 0.831250 0.995833 0.998437 0.997917 0.993750 0.785417 0.573438 0.547917 0.570312 0.522917
1 0.412500 0.493750 0.407813 0.487500 0.387500 0.489583 0.385937 0.493750 0.364063 0.493750 0.364063 0.510417 0.375000 0.506250 0.389062 0.506250 0.390625 0.502083 0.409375 0.500000
2 0.603125 0.427083 0.607812 0.431250 0.606250 0.443750 0.620313 0.427083 0.645312 0.427083 0.662500 0.441667 0.671875 0.468750 0.681250 0.460417 0.665625 0.420833 0.656250 0.412500 0.640625 0.418750 0.632812 0.416667 0.623437 0.400000
2 0.000000 0.060417 0.007812 0.233333 0.021875 0.214583 0.098437 0.275000 0.126562 0.260417 0.154688 0.318750 0.182812 0.312500 0.190625 0.370833 0.248438 0.395833 0.296875 0.370833 0.317188 0.416667 0.350000 0.425000 0.320312 0.270833 0.220312 0.256250 0.190625 0.091667 0.093750 0.077083 0.060937 0.045833 0.045312 0.068750
2 0.957812 0.000000 0.882812 0.145833 0.959375 0.187500 0.951562 0.337500 0.921875 0.343750 0.912500 0.316667 0.900000 0.372917 0.943750 0.360417 0.979688 0.402083 0.964063 0.456250 0.998437 0.454167 0.998437 0.000000
3 0.937500 0.600000 0.929688 0.645833 0.932813 0.702083 0.948438 0.718750 0.960938 0.725000 0.970313 0.722917 0.978125 0.714583 0.978125 0.677083 0.981250 0.675000 0.968750 0.622917 0.973437 0.612500 0.965625 0.604167
3 0.628125 0.560417 0.629687 0.575000 0.735938 0.633333 0.748437 0.622917 0.768750 0.635417 0.764062 0.647917 0.796875 0.666667 0.810937 0.645833 0.720313 0.595833
3 0.546875 0.479167 0.545312 0.485417 0.545312 0.520833 0.565625 0.522917 0.567187 0.520833 0.567187 0.508333 0.568750 0.506250 0.568750 0.483333 0.567187 0.479167
3 0.581250 0.470833 0.578125 0.475000 0.579688 0.504167 0.578125 0.543750 0.579688 0.547917 0.585938 0.550000 0.582812 0.531250 0.579688 0.529167 0.579688 0.508333 0.587500 0.485417 0.593750 0.477083 0.596875 0.477083
3 0.362500 0.456250 0.364063 0.491667 0.385937 0.491667 0.387500 0.487500 0.403125 0.487500 0.403125 0.468750 0.401562 0.472917 0.398438 0.468750 0.401562 0.472917 0.401562 0.485417 0.395313 0.487500 0.393750 0.462500 0.384375 0.458333
4 0.998437 0.752083 0.998437 0.456250 0.598437 0.477083 0.582812 0.500000 0.587500 0.550000 0.628125 0.575000 0.643750 0.560417 0.800000 0.631250 0.815625 0.679167 0.928125 0.741667
4 0.000000 0.364583 0.000000 0.475000 0.018750 0.487500 0.104688 0.483333 0.112500 0.460417 0.120313 0.485417 0.207813 0.487500 0.209375 0.466667 0.248438 0.433333
5 0.548438 0.352083 0.539062 0.479167 0.539062 0.520833 0.542188 0.522917
5 0.595313 0.083333 0.585938 0.093750 0.573438 0.545833
8 0.593750 0.343750 0.587500 0.343750 0.585938 0.397917 0.587500 0.397917 0.595313 0.387500 0.595313 0.383333 0.598437 0.381250 0.598437 0.358333 0.596875 0.356250 0.596875 0.347917
8 0.351562 0.425000 0.446875 0.491667 0.451562 0.445833 0.451562 0.491667 0.485938 0.500000 0.489063 0.447917 0.490625 0.500000 0.509375 0.502083 0.512500 0.456250 0.521875 0.502083 0.548438 0.350000 0.545312 0.477083 0.568750 0.479167 0.571875 0.522917 0.576562 0.456250 0.556250 0.450000 0.576562 0.433333 0.581250 0.312500 0.559375 0.275000 0.467187 0.272917 0.456250 0.325000 0.428125 0.316667 0.429688 0.422917 0.389062 0.402083
8 0.000000 0.227083 0.000000 0.362500 0.246875 0.429167 0.315625 0.414583 0.296875 0.372917 0.264062 0.372917 0.254688 0.397917 0.190625 0.372917 0.181250 0.312500 0.154688 0.320833 0.126562 0.262500 0.098437 0.277083 0.034375 0.239583 0.028125 0.218750
8 0.978125 0.402083 0.943750 0.362500 0.901563 0.379167 0.879687 0.327083 0.910937 0.289583 0.895312 0.187500 0.806250 0.166667 0.735938 0.227083 0.675000 0.227083 0.628125 0.295833 0.626563 0.404167 0.662500 0.414583 0.682813 0.460417 0.620313 0.429167 0.581250 0.468750 0.962500 0.456250
9 0.820312 0.681250 0.998437 0.789583 0.998437 0.754167 0.968750 0.762500
10 0.000000 0.000000 0.000000 0.058333 0.190625 0.089583 0.221875 0.256250 0.320312 0.268750 0.367188 0.433333 0.429688 0.420833 0.467187 0.270833 0.581250 0.310417 0.590625 0.081250 0.585938 0.454167 0.673438 0.227083 0.895312 0.185417 0.881250 0.327083 0.950000 0.337500 0.957812 0.187500 0.881250 0.145833 0.956250 0.000000
13 0.537500 0.479167 0.535937 0.479167 0.534375 0.483333 0.529687 0.483333 0.529687 0.485417 0.526563 0.489583 0.523438 0.497917 0.523438 0.508333 0.528125 0.512500 0.528125 0.516667 0.535937 0.516667 0.537500 0.514583
13 0.214062 0.477083 0.214062 0.489583 0.228125 0.497917 0.226562 0.547917 0.298438 0.539583 0.314063 0.554167 0.331250 0.529167 0.345313 0.525000 0.350000 0.537500 0.360938 0.529167 0.360938 0.456250 0.339062 0.416667 0.264062 0.416667
14 0.000000 0.477083 0.000000 0.595833 0.154688 0.575000 0.185938 0.616667 0.215625 0.610417 0.229687 0.535417 0.226562 0.497917 0.212500 0.489583 0.220312 0.462500 0.207813 0.489583 0.120313 0.487500 0.114062 0.462500 0.104688 0.485417 0.018750 0.489583