0 0.000000 0.687500 0.000000 0.997917 0.842187 0.997917 0.515625 0.508333 0.412500 0.489583 0.096875 0.643750 0.056250 0.702083
1 0.271875 0.564583 0.264062 0.552083 0.151562 0.556250 0.132812 0.566667 0.118750 0.600000 0.101562 0.587500 0.096875 0.641667
1 0.503125 0.520833 0.843750 0.997917 0.998437 0.997917 0.996875 0.733333 0.904687 0.722917 0.601562 0.564583 0.590625 0.531250
1 0.423438 0.487500 0.351562 0.487500 0.350000 0.512500 0.364063 0.506250 0.379688 0.506250 0.381250 0.502083 0.400000 0.500000 0.410938 0.495833 0.412500 0.487500
2 0.596875 0.418750 0.592187 0.425000 0.587500 0.425000 0.581250 0.435417 0.573438 0.435417 0.567187 0.445833 0.562500 0.445833 0.560937 0.452083 0.562500 0.454167 0.592187 0.454167 0.595313 0.456250 0.595313 0.422917
2 0.607812 0.418750 0.606250 0.454167 0.646875 0.425000 0.679688 0.425000 0.701562 0.450000 0.703125 0.470833 0.732812 0.466667 0.746875 0.479167 0.745313 0.447917 0.732812 0.433333 0.731250 0.410417 0.712500 0.397917 0.689063 0.406250 0.676562 0.393750 0.643750 0.385417
2 0.000000 0.008333 0.007812 0.206250 0.060937 0.200000 0.112500 0.293750 0.129688 0.252083 0.146875 0.341667 0.229687 0.377083 0.275000 0.347917 0.348438 0.414583 0.317188 0.254167 0.206250 0.235417 0.167187 0.037500
3 0.698438 0.612500 0.904687 0.720833 0.973437 0.720833 0.712500 0.600000
3 0.556250 0.500000 0.554688 0.504167 0.554688 0.525000 0.576562 0.527083 0.576562 0.510417 0.575000 0.512500 0.570312 0.512500 0.567187 0.508333 0.565625 0.508333 0.564063 0.504167 0.559375 0.504167
3 0.357812 0.447917 0.354687 0.487500 0.381250 0.487500 0.396875 0.483333 0.390625 0.481250 0.387500 0.466667 0.384375 0.466667 0.376563 0.477083 0.367188 0.477083 0.367188 0.466667 0.362500 0.456250 0.367188 0.447917
4 0.562500 0.479167 0.562500 0.483333 0.556250 0.489583 0.556250 0.497917 0.559375 0.502083 0.564063 0.502083 0.565625 0.506250 0.570312 0.510417 0.575000 0.510417 0.576562 0.508333 0.578125 0.510417 0.578125 0.516667 0.578125 0.508333 0.579688 0.506250 0.579688 0.483333 0.570312 0.483333 0.568750 0.479167
4 0.598437 0.472917 0.601562 0.562500 0.998437 0.731250 0.998437 0.487500
4 0.364063 0.454167 0.368750 0.466667 0.367188 0.475000 0.376563 0.475000 0.384375 0.464583 0.387500 0.464583 0.390625 0.468750 0.392188 0.481250 0.398438 0.483333 0.401562 0.481250 0.403125 0.483333 0.401562 0.477083 0.395313 0.472917 0.395313 0.462500 0.392188 0.458333 0.381250 0.456250 0.379688 0.452083 0.367188 0.452083 0.365625 0.456250
4 0.000000 0.345833 0.000000 0.475000 0.103125 0.487500 0.120313 0.512500 0.129688 0.454167 0.139063 0.506250 0.167187 0.452083 0.200000 0.418750 0.171875 0.412500 0.160938 0.389583
5 0.129688 0.456250 0.126562 0.462500 0.126562 0.479167 0.125000 0.481250 0.125000 0.497917 0.123438 0.500000 0.123438 0.512500 0.125000 0.516667 0.128125 0.516667 0.128125 0.514583 0.131250 0.512500 0.132812 0.481250 0.137500 0.477083 0.134375 0.458333
5 0.557813 0.364583 0.546875 0.525000 0.553125 0.525000 0.553125 0.435417
5 0.621875 0.029167 0.612500 0.045833 0.592187 0.554167
8 0.600000 0.464583 0.634375 0.481250 0.665625 0.481250 0.667188 0.475000 0.739062 0.479167 0.732812 0.468750 0.703125 0.472917 0.693750 0.439583 0.684375 0.437500 0.679688 0.427083 0.660937 0.425000 0.646875 0.427083
8 0.340625 0.414583 0.351562 0.485417 0.367188 0.445833 0.446875 0.491667 0.451562 0.443750 0.451562 0.491667 0.487500 0.500000 0.492188 0.414583 0.490625 0.500000 0.515625 0.502083 0.518750 0.454167 0.528125 0.506250 0.557813 0.362500 0.554688 0.477083 0.590625 0.529167 0.595313 0.458333 0.559375 0.452083 0.592187 0.422917 0.595313 0.310417 0.565625 0.266667 0.470313 0.262500 0.462500 0.314583 0.428125 0.308333 0.429688 0.418750
8 0.000000 0.187500 0.000000 0.343750 0.160938 0.387500 0.178125 0.414583 0.243750 0.387500 0.309375 0.393750 0.275000 0.350000 0.229687 0.379167 0.207813 0.352083 0.187500 0.364583 0.146875 0.343750 0.129688 0.254167 0.112500 0.295833 0.076563 0.216667 0.012500 0.212500
8 0.996875 0.079167 0.914062 0.070833 0.889062 0.125000 0.806250 0.160417 0.757812 0.152083 0.726562 0.245833 0.709375 0.218750 0.679688 0.264583 0.675000 0.391667 0.729688 0.406250 0.748437 0.479167 0.998437 0.485417
10 0.046875 0.000000 0.171875 0.041667 0.207813 0.235417 0.317188 0.252083 0.364063 0.427083 0.429688 0.416667 0.470313 0.260417 0.565625 0.264583 0.600000 0.339583 0.617188 0.027083 0.609375 0.418750 0.673438 0.391667 0.678125 0.264583 0.757812 0.150000 0.998437 0.075000 0.998437 0.000000
13 0.546875 0.479167 0.540625 0.479167 0.540625 0.481250 0.539062 0.483333 0.535937 0.483333 0.529687 0.493750 0.529687 0.512500 0.537500 0.520833 0.542188 0.516667 0.545312 0.516667 0.545312 0.510417 0.546875 0.508333
13 0.339062 0.416667 0.309375 0.395833 0.226562 0.395833 0.150000 0.483333 0.156250 0.518750 0.182812 0.537500 0.132812 0.564583 0.228125 0.547917 0.285938 0.566667 0.312500 0.533333 0.345313 0.539583 0.350000 0.462500
14 0.000000 0.685417 0.029687 0.704167 0.067187 0.691667 0.092188 0.650000 0.100000 0.587500 0.181250 0.529167 0.157812 0.522917 0.145313 0.495833 0.125000 0.518750 0.110937 0.514583 0.103125 0.489583 0.000000 0.477083