0 0.000000 0.685417 0.000000 0.997917 0.842187 0.997917 0.515625 0.508333 0.354687 0.512500 0.106250 0.675000
1 0.012500 0.610417 0.000000 0.610417 0.000000 0.683333 0.029687 0.668750 0.040625 0.658333 0.020313 0.656250 0.012500 0.647917
1 0.282813 0.560417 0.276562 0.552083 0.217188 0.545833 0.173437 0.552083 0.160938 0.570833 0.150000 0.572917 0.137500 0.622917
1 0.506250 0.522917 0.843750 0.997917 0.998437 0.997917 0.996875 0.795833 0.856250 0.689583 0.589063 0.560417 0.587500 0.531250
1 0.426563 0.489583 0.412500 0.485417 0.395313 0.485417 0.389062 0.489583 0.354687 0.489583 0.354687 0.510417 0.403125 0.500000
2 0.609375 0.427083 0.614062 0.454167 0.643750 0.427083 0.670312 0.427083 0.695312 0.454167 0.696875 0.475000 0.725000 0.466667 0.729688 0.456250 0.717187 0.431250 0.717187 0.414583 0.701562 0.406250 0.678125 0.410417 0.657813 0.389583 0.643750 0.387500
2 0.998437 0.052083 0.998437 0.056250 0.992188 0.060417 0.984375 0.075000 0.984375 0.079167 0.979688 0.083333 0.979688 0.087500 0.976562 0.089583 0.976562 0.095833 0.973437 0.100000 0.970313 0.100000 0.970313 0.106250 0.990625 0.112500 0.998437 0.110417
2 0.000000 0.018750 0.000000 0.191667 0.035937 0.225000 0.092188 0.222917 0.128125 0.297917 0.145313 0.266667 0.148438 0.331250 0.245312 0.381250 0.293750 0.356250 0.310937 0.400000 0.350000 0.418750 0.317188 0.254167 0.210938 0.237500 0.176563 0.052083 0.071875 0.031250 0.045312 0.000000
3 0.654687 0.591667 0.818750 0.679167 0.915625 0.697917 0.676562 0.581250 0.657813 0.581250
3 0.554688 0.483333 0.554688 0.516667 0.553125 0.518750 0.553125 0.525000 0.556250 0.527083 0.576562 0.527083 0.576562 0.483333
3 0.357812 0.456250 0.359375 0.477083 0.356250 0.487500 0.389062 0.487500 0.395313 0.483333 0.403125 0.483333 0.392188 0.481250 0.390625 0.475000 0.393750 0.460417 0.379688 0.464583 0.370312 0.460417 0.368750 0.452083 0.359375 0.452083
4 0.595313 0.485417 0.595313 0.560417 0.998437 0.731250 0.998437 0.487500
4 0.000000 0.345833 0.000000 0.535417 0.035937 0.527083 0.059375 0.483333 0.128125 0.483333 0.148438 0.495833 0.154688 0.456250 0.154688 0.493750 0.162500 0.493750 0.181250 0.462500 0.185938 0.425000 0.175000 0.393750
5 0.554688 0.385417 0.553125 0.435417 0.546875 0.483333 0.546875 0.527083 0.551562 0.527083
8 0.345313 0.416667 0.356250 0.483333 0.379688 0.450000 0.446875 0.491667 0.451562 0.443750 0.453125 0.491667 0.487500 0.500000 0.492188 0.425000 0.492188 0.500000 0.515625 0.502083 0.517188 0.456250 0.526563 0.506250 0.554688 0.383333 0.554688 0.481250 0.578125 0.483333 0.587500 0.529167 0.590625 0.458333 0.560937 0.452083 0.592187 0.420833 0.595313 0.314583 0.567187 0.270833 0.470313 0.264583 0.462500 0.316667 0.428125 0.316667 0.432812 0.418750 0.401562 0.425000 0.392188 0.395833 0.368750 0.431250
8 0.000000 0.193750 0.003125 0.345833 0.175000 0.391667 0.184375 0.454167 0.235937 0.397917 0.310937 0.397917 0.293750 0.358333 0.257812 0.358333 0.245312 0.383333 0.196875 0.370833 0.146875 0.331250 0.145313 0.268750 0.128125 0.300000 0.092188 0.225000 0.035937 0.227083
8 0.998437 0.112500 0.948438 0.122917 0.923438 0.091667 0.815625 0.170833 0.737500 0.175000 0.710938 0.252083 0.671875 0.264583 0.662500 0.358333 0.729688 0.464583 0.696875 0.477083 0.643750 0.429167 0.600000 0.472917 0.998437 0.485417
9 0.860938 0.697917 0.898438 0.733333 0.998437 0.795833 0.998437 0.733333 0.917188 0.697917
10 0.595313 0.393750 0.589063 0.400000 0.589063 0.412500 0.593750 0.420833 0.585938 0.427083 0.585938 0.431250 0.581250 0.437500 0.573438 0.437500 0.562500 0.454167 0.590625 0.456250
10 0.046875 0.000000 0.179688 0.054167 0.212500 0.237500 0.317188 0.252083 0.367188 0.429167 0.432812 0.416667 0.470313 0.262500 0.567187 0.268750 0.598437 0.339583 0.618750 0.043750 0.601562 0.458333 0.737500 0.172917 0.953125 0.120833 0.998437 0.000000
10 0.000000 0.000000 0.000000 0.016667 0.014063 0.016667 0.015625 0.018750 0.021875 0.018750 0.021875 0.014583 0.023438 0.012500 0.023438 0.006250 0.021875 0.004167 0.025000 0.002083 0.025000 0.000000
13 0.545312 0.483333 0.537500 0.483333 0.534375 0.487500 0.534375 0.489583 0.529687 0.493750 0.528125 0.510417 0.529687 0.514583 0.534375 0.518750 0.534375 0.520833 0.539062 0.520833 0.545312 0.516667
13 0.345313 0.422917 0.321875 0.402083 0.254688 0.393750 0.228125 0.406250 0.167187 0.485417 0.164062 0.518750 0.173437 0.527083 0.154688 0.541667 0.140625 0.595833 0.173437 0.550000 0.260937 0.547917 0.295312 0.562500 0.315625 0.533333 0.348438 0.539583 0.354687 0.479167
14 0.165625 0.489583 0.146875 0.504167 0.139063 0.487500 0.059375 0.485417 0.035937 0.529167 0.000000 0.537500 0.000000 0.608333 0.014063 0.610417 0.014063 0.647917 0.053125 0.654167 0.076563 0.675000 0.114062 0.666667 0.134375 0.629167 0.153125 0.541667 0.170313 0.533333 0.162500 0.518750
14 0.007812 0.489583 0.009375 0.495833 0.031250 0.495833 0.032813 0.491667 0.037500 0.491667 0.035937 0.483333 0.028125 0.483333 0.025000 0.479167 0.020313 0.479167 0.018750 0.483333 0.010937 0.483333 0.010937 0.485417