0 0.592187 0.562500 0.593750 0.577083 0.596875 0.575000 0.609375 0.575000 0.610938 0.572917 0.621875 0.572917 0.623437 0.575000 0.625000 0.570833 0.640625 0.570833 0.637500 0.562500 0.618750 0.556250 0.603125 0.554167 0.596875 0.562500
0 0.000000 0.608333 0.000000 0.997917 0.932813 0.997917 0.564063 0.610417 0.579688 0.525000 0.367188 0.497917
1 0.565625 0.589583 0.929688 0.993750 0.998437 0.997917 0.998437 0.622917 0.862500 0.610417 0.854688 0.650000 0.771875 0.654167 0.684375 0.604167 0.681250 0.570833
1 0.579688 0.518750 0.356250 0.481250 0.106250 0.489583 0.000000 0.516667 0.000000 0.606250 0.367188 0.495833
2 0.543750 0.439583 0.540625 0.441667 0.540625 0.466667 0.539062 0.468750 0.539062 0.481250 0.540625 0.483333 0.551562 0.481250 0.553125 0.466667 0.556250 0.458333 0.554688 0.454167 0.554688 0.445833 0.548438 0.445833 0.546875 0.441667
2 0.735938 0.350000 0.701562 0.333333 0.679688 0.347917 0.637500 0.395833 0.645312 0.406250 0.640625 0.464583 0.612500 0.472917 0.660937 0.479167 0.684375 0.510417 0.690625 0.416667 0.703125 0.393750 0.734375 0.391667
2 0.998437 0.291667 0.909375 0.347917 0.907813 0.404167 0.843750 0.414583 0.748437 0.343750 0.745313 0.397917 0.901563 0.443750 0.871875 0.500000 0.864062 0.608333 0.935937 0.610417 0.950000 0.518750 0.948438 0.610417 0.998437 0.620833
2 0.000000 0.000000 0.000000 0.360417 0.010937 0.314583 0.067187 0.295833 0.075000 0.272917 0.109375 0.322917 0.196875 0.341667 0.264062 0.393750 0.248438 0.231250 0.182812 0.218750 0.165625 0.191667 0.129688 0.014583
3 0.865625 0.477083 0.839063 0.483333 0.839063 0.489583 0.865625 0.504167 0.864062 0.525000 0.854688 0.537500 0.854688 0.547917 0.842187 0.554167 0.842187 0.568750 0.835938 0.581250 0.850000 0.622917 0.862500 0.597917 0.860938 0.581250 0.870313 0.520833
4 0.687500 0.472917 0.682813 0.600000 0.721875 0.622917 0.728125 0.468750
4 0.740625 0.468750 0.732812 0.627083 0.765625 0.643750 0.779687 0.522917 0.781250 0.647917 0.854688 0.647917 0.862500 0.600000 0.850000 0.625000 0.834375 0.581250 0.864062 0.516667 0.860938 0.500000 0.837500 0.489583 0.850000 0.477083
4 0.171875 0.493750 0.259375 0.495833 0.334375 0.483333 0.335938 0.452083 0.268750 0.416667 0.264062 0.456250 0.262500 0.416667 0.229687 0.425000 0.189062 0.406250 0.185938 0.481250
4 0.000000 0.362500 0.000000 0.514583 0.060937 0.508333 0.076563 0.433333 0.095312 0.462500 0.096875 0.502083 0.106250 0.487500 0.165625 0.493750 0.142187 0.483333 0.160938 0.437500 0.140625 0.431250 0.137500 0.481250 0.103125 0.483333 0.101562 0.397917 0.081250 0.404167 0.062500 0.381250
5 0.779687 0.525000 0.773438 0.533333 0.773438 0.595833 0.770312 0.631250 0.765625 0.645833 0.771875 0.652083 0.779687 0.650000
5 0.950000 0.520833 0.943750 0.520833 0.943750 0.537500 0.940625 0.539583 0.940625 0.579167 0.937500 0.581250 0.939063 0.612500 0.946875 0.612500 0.945312 0.597917 0.951562 0.533333
5 0.585938 0.414583 0.589063 0.575000 0.578125 0.581250 0.590625 0.587500 0.600000 0.585417 0.600000 0.579167 0.592187 0.577083 0.590625 0.435417
5 0.785937 0.404167 0.781250 0.404167 0.781250 0.418750 0.779687 0.420833 0.778125 0.464583 0.781250 0.466667 0.781250 0.470833 0.782813 0.470833 0.785937 0.456250 0.785937 0.410417 0.787500 0.408333
5 0.753125 0.000000 0.723437 0.627083 0.759375 0.100000
7 0.443750 0.445833 0.442188 0.485417 0.439063 0.491667 0.443750 0.483333 0.442188 0.481250 0.443750 0.466667 0.445312 0.477083 0.446875 0.475000 0.448437 0.477083 0.446875 0.483333 0.454688 0.495833 0.454688 0.464583 0.457813 0.445833
8 0.604688 0.445833 0.592187 0.447917 0.592187 0.485417 0.600000 0.472917 0.609375 0.472917 0.610938 0.470833 0.610938 0.464583 0.606250 0.458333 0.606250 0.447917
8 0.076563 0.435417 0.068750 0.452083 0.062500 0.508333 0.095312 0.508333 0.096875 0.504167 0.093750 0.462500 0.090625 0.452083
8 0.787500 0.410417 0.785937 0.464583 0.865625 0.475000 0.867188 0.493750 0.873437 0.502083 0.895312 0.479167 0.900000 0.443750 0.871875 0.427083
8 0.745313 0.400000 0.740625 0.466667 0.767188 0.466667 0.775000 0.462500 0.778125 0.452083 0.779687 0.404167
8 0.732812 0.395833 0.703125 0.395833 0.690625 0.422917 0.690625 0.460417 0.685937 0.466667 0.685937 0.472917 0.729688 0.466667
8 0.009375 0.320833 0.018750 0.370833 0.062500 0.379167 0.081250 0.402083 0.106250 0.395833 0.160938 0.435417 0.143750 0.472917 0.151562 0.489583 0.184375 0.481250 0.189062 0.404167 0.229687 0.422917 0.264062 0.410417 0.264062 0.395833 0.196875 0.343750 0.109375 0.325000 0.109375 0.304167 0.075000 0.275000 0.067187 0.297917 0.050000 0.287500
8 0.268750 0.391667 0.339062 0.481250 0.409375 0.487500 0.414062 0.420833 0.414062 0.487500 0.457813 0.443750 0.468750 0.495833 0.478125 0.372917 0.475000 0.495833 0.570312 0.512500 0.573438 0.466667 0.579688 0.516667 0.584375 0.414583 0.637500 0.389583 0.615625 0.350000 0.654687 0.291667 0.582812 0.158333 0.440625 0.139583 0.425000 0.216667 0.378125 0.208333 0.385937 0.389583 0.351562 0.416667 0.335938 0.372917 0.317188 0.420833
9 0.475000 0.497917 0.479687 0.506250 0.506250 0.506250 0.559375 0.516667 0.570312 0.514583 0.564063 0.508333 0.543750 0.508333 0.542188 0.504167 0.539062 0.508333 0.526563 0.508333 0.514062 0.500000 0.484375 0.502083
9 0.378125 0.485417 0.446875 0.502083 0.468750 0.500000 0.453125 0.497917 0.451562 0.493750 0.435937 0.493750 0.434375 0.489583 0.414062 0.489583 0.410938 0.493750 0.407813 0.487500
10 0.754687 0.000000 0.751563 0.354167 0.765625 0.335417 0.773438 0.364583 0.843750 0.412500 0.907813 0.402083 0.909375 0.345833 0.998437 0.289583 0.998437 0.000000
10 0.064062 0.000000 0.131250 0.014583 0.167187 0.191667 0.250000 0.231250 0.265625 0.377083 0.310937 0.418750 0.384375 0.389583 0.376563 0.208333 0.425000 0.214583 0.440625 0.137500 0.579688 0.154167 0.656250 0.295833 0.590625 0.420833 0.612500 0.464583 0.679688 0.345833 0.735938 0.347917 0.742188 0.000000
13 0.592187 0.487500 0.592187 0.560417 0.606250 0.552083 0.634375 0.558333 0.648438 0.575000 0.664062 0.560417 0.676562 0.560417 0.681250 0.568750 0.684375 0.512500 0.660937 0.481250 0.610938 0.472917 0.600000 0.475000
13 0.103125 0.397917 0.103125 0.481250 0.137500 0.479167 0.142187 0.470833 0.142187 0.443750 0.139063 0.441667 0.137500 0.420833 0.125000 0.410417 0.115625 0.410417 0.114062 0.404167