0 0.623437 0.595833 0.632812 0.600000 0.728125 0.579167 0.732812 0.572917 0.710938 0.566667 0.707812 0.575000 0.701562 0.575000 0.698438 0.566667 0.687500 0.566667 0.681250 0.581250 0.667188 0.583333 0.657813 0.566667 0.623437 0.560417
0 0.000000 0.604167 0.000000 0.997917 0.923438 0.997917 0.592187 0.650000 0.617188 0.583333 0.585938 0.525000 0.342187 0.495833
1 0.593750 0.614583 0.596875 0.654167 0.925000 0.997917 0.998437 0.997917 0.998437 0.733333 0.946875 0.741667 0.750000 0.635417 0.746875 0.577083
1 0.471875 0.504167 0.565625 0.516667 0.590625 0.525000 0.590625 0.514583
1 0.451562 0.504167 0.281250 0.479167 0.275000 0.504167 0.273438 0.485417 0.126562 0.508333 0.007812 0.489583 0.000000 0.602083 0.342187 0.493750
2 0.535937 0.427083 0.534375 0.431250 0.531250 0.431250 0.531250 0.435417 0.529687 0.437500 0.529687 0.456250 0.528125 0.458333 0.528125 0.470833 0.534375 0.475000 0.537500 0.472917 0.539062 0.460417 0.542188 0.454167 0.542188 0.441667 0.543750 0.439583 0.542188 0.435417 0.540625 0.435417 0.539062 0.431250 0.535937 0.429167
2 0.000000 0.345833 0.000000 0.377083 0.010937 0.391667 0.035937 0.406250 0.042188 0.420833 0.042188 0.433333 0.048438 0.433333 0.067187 0.406250 0.068750 0.389583 0.065625 0.383333 0.054688 0.379167 0.048438 0.368750 0.021875 0.362500
2 0.765625 0.316667 0.754687 0.343750 0.750000 0.322917 0.732812 0.333333 0.695312 0.314583 0.632812 0.383333 0.640625 0.391667 0.635938 0.464583 0.667188 0.460417 0.695312 0.491667 0.698438 0.450000 0.754687 0.450000 0.754687 0.385417 0.781250 0.354167 0.770312 0.347917
2 0.995313 0.268750 0.932813 0.322917 0.928125 0.335417 0.934375 0.343750 0.935937 0.387500 0.943750 0.387500 0.951562 0.404167 0.970313 0.381250 0.973437 0.397917 0.981250 0.393750 0.990625 0.400000 0.998437 0.418750
2 0.000000 0.000000 0.000000 0.291667 0.056250 0.308333 0.060937 0.329167 0.071875 0.308333 0.134375 0.325000 0.207813 0.383333 0.221875 0.350000 0.231250 0.389583 0.212500 0.210417 0.139063 0.193750 0.126562 0.164583 0.112500 0.189583 0.064062 0.000000
3 0.103125 0.502083 0.126562 0.506250 0.128125 0.502083 0.212500 0.495833 0.212500 0.472917 0.107813 0.468750
3 0.845313 0.452083 0.818750 0.452083 0.810937 0.456250 0.787500 0.456250 0.776563 0.460417 0.779687 0.460417 0.781250 0.464583 0.843750 0.470833
3 0.862500 0.452083 0.862500 0.470833 0.900000 0.468750 0.912500 0.462500 0.939063 0.468750 0.943750 0.466667 0.945312 0.447917 0.890625 0.447917
3 0.971875 0.445833 0.971875 0.456250 0.975000 0.458333 0.975000 0.477083 0.982812 0.475000 0.987500 0.481250 0.990625 0.481250 0.992188 0.485417 0.996875 0.485417 0.998437 0.495833 0.998437 0.445833 0.996875 0.443750
3 0.275000 0.437500 0.271875 0.439583 0.271875 0.450000 0.260937 0.460417 0.260937 0.466667 0.253125 0.472917 0.250000 0.481250 0.239063 0.483333 0.226562 0.475000 0.217188 0.475000 0.217188 0.493750 0.273438 0.483333
4 0.703125 0.468750 0.700000 0.495833 0.710938 0.508333 0.714063 0.550000 0.750000 0.579167 0.748437 0.631250 0.834375 0.672917 0.843750 0.472917 0.764062 0.460417 0.743750 0.468750 0.740625 0.456250 0.739062 0.468750
4 0.860938 0.472917 0.854688 0.681250 0.935937 0.725000 0.948438 0.627083 0.967187 0.731250 0.998437 0.731250 0.996875 0.487500 0.975000 0.479167 0.973437 0.458333 0.959375 0.468750 0.951562 0.447917 0.939063 0.470833
4 0.220312 0.410417 0.217188 0.472917 0.226562 0.472917 0.239063 0.481250 0.250000 0.479167 0.251563 0.472917 0.259375 0.466667 0.259375 0.460417 0.270313 0.450000 0.270313 0.439583 0.275000 0.431250 0.256250 0.427083 0.254688 0.420833
4 0.109375 0.389583 0.104688 0.470833 0.212500 0.470833 0.214062 0.410417 0.209375 0.406250 0.187500 0.406250 0.184375 0.416667 0.139063 0.406250 0.129688 0.391667
5 0.946875 0.629167 0.942187 0.639583 0.940625 0.670833 0.937500 0.672917 0.940625 0.697917 0.937500 0.735417 0.965625 0.741667 0.965625 0.708333 0.957812 0.645833 0.951562 0.641667
5 0.970313 0.383333 0.964063 0.393750 0.964063 0.408333 0.967187 0.410417 0.964063 0.435417 0.959375 0.445833 0.953125 0.447917 0.953125 0.460417 0.959375 0.466667 0.967187 0.466667 0.970313 0.460417 0.973437 0.393750
5 0.615625 0.377083 0.618750 0.593750 0.604688 0.608333 0.623437 0.616667 0.631250 0.604167 0.621875 0.595833
5 0.221875 0.352083 0.218750 0.352083 0.214062 0.495833
5 0.881250 0.000000 0.867188 0.025000 0.834375 0.660417 0.845313 0.685417
7 0.426563 0.439583 0.426563 0.464583 0.426563 0.458333 0.428125 0.456250 0.429688 0.458333 0.429688 0.464583 0.432812 0.466667 0.434375 0.472917 0.432812 0.481250 0.439063 0.487500 0.440625 0.485417 0.440625 0.468750 0.442188 0.466667 0.442188 0.439583
8 0.637500 0.418750 0.634375 0.420833 0.632812 0.429167 0.628125 0.437500 0.628125 0.443750 0.626563 0.445833 0.628125 0.447917 0.626563 0.464583 0.634375 0.464583 0.634375 0.460417 0.637500 0.458333
8 0.975000 0.395833 0.973437 0.400000 0.971875 0.443750 0.984375 0.443750 0.985938 0.441667 0.996875 0.441667 0.998437 0.443750 0.998437 0.420833 0.993750 0.408333 0.990625 0.406250 0.990625 0.402083 0.987500 0.402083 0.981250 0.395833
8 0.867188 0.358333 0.862500 0.450000 0.959375 0.443750 0.965625 0.420833 0.962500 0.393750 0.951562 0.406250 0.931250 0.379167 0.901563 0.379167 0.881250 0.368750 0.873437 0.356250
8 0.850000 0.360417 0.828125 0.341667 0.810937 0.354167 0.801562 0.337500 0.789062 0.356250 0.771875 0.358333 0.753125 0.402083 0.756250 0.450000 0.698438 0.452083 0.696875 0.491667 0.703125 0.466667 0.739062 0.466667 0.740625 0.454167 0.743750 0.466667 0.845313 0.450000
8 0.000000 0.293750 0.000000 0.343750 0.070312 0.389583 0.042188 0.435417 0.043750 0.495833 0.101562 0.497917 0.109375 0.387500 0.184375 0.414583 0.215625 0.406250 0.198437 0.366667 0.148438 0.333333 0.075000 0.310417 0.060937 0.331250 0.056250 0.310417
8 0.653125 0.268750 0.571875 0.125000 0.421875 0.108333 0.400000 0.191667 0.354687 0.181250 0.357812 0.391667 0.220312 0.408333 0.298438 0.481250 0.376563 0.445833 0.389062 0.481250 0.396875 0.414583 0.396875 0.481250 0.437500 0.487500 0.442188 0.437500 0.454688 0.491667 0.464062 0.350000 0.460938 0.491667 0.564063 0.502083 0.567187 0.456250 0.589063 0.510417 0.614062 0.462500 0.560937 0.431250 0.637500 0.372917 0.610938 0.331250
9 0.376563 0.487500 0.453125 0.506250 0.564063 0.510417 0.556250 0.500000 0.460938 0.493750 0.456250 0.504167 0.451562 0.489583
10 0.998437 0.000000 0.882812 0.000000 0.867188 0.356250 0.901563 0.377083 0.931250 0.377083 0.926562 0.329167 0.998437 0.266667
10 0.065625 0.000000 0.112500 0.187500 0.210938 0.206250 0.235937 0.381250 0.290625 0.414583 0.364063 0.379167 0.353125 0.181250 0.421875 0.106250 0.571875 0.122917 0.654687 0.268750 0.562500 0.431250 0.607812 0.454167 0.615625 0.375000 0.626563 0.454167 0.695312 0.312500 0.850000 0.358333 0.868750 0.000000
13 0.614062 0.466667 0.604688 0.485417 0.596875 0.493750 0.592187 0.512500 0.592187 0.547917 0.596875 0.550000 0.600000 0.564583 0.606250 0.568750 0.617188 0.558333
13 0.620313 0.466667 0.623437 0.558333 0.657813 0.564583 0.667188 0.581250 0.681250 0.579167 0.687500 0.564583 0.709375 0.570833 0.709375 0.508333 0.685937 0.477083 0.667188 0.462500 0.654687 0.462500 0.651563 0.468750
13 0.000000 0.379167 0.000000 0.491667 0.007812 0.487500 0.037500 0.487500 0.043750 0.466667 0.039062 0.414583 0.029687 0.402083 0.010937 0.393750