0 0.000000 0.591667 0.000000 0.997917 0.998437 0.997917 0.998437 0.695833 0.314063 0.527083
1 0.000000 0.589583 0.357812 0.529167 0.735938 0.591667 0.998437 0.693750 0.854688 0.604167 0.296875 0.508333 0.254688 0.458333 0.192188 0.493750 0.020313 0.447917
2 0.665625 0.472917 0.664062 0.479167 0.667188 0.487500 0.667188 0.495833 0.670312 0.506250 0.684375 0.508333 0.684375 0.504167 0.681250 0.504167 0.678125 0.500000 0.676562 0.493750 0.687500 0.477083
2 0.996875 0.218750 0.953125 0.206250 0.901563 0.256250 0.904687 0.289583 0.860938 0.285417 0.800000 0.339583 0.812500 0.360417 0.803125 0.525000 0.912500 0.537500 0.920312 0.520833 0.998437 0.547917
2 0.000000 0.000000 0.000000 0.325000 0.026562 0.333333 0.020313 0.445833 0.060937 0.447917 0.064062 0.339583 0.134375 0.329167 0.070312 0.000000
3 0.932813 0.525000 0.935937 0.587500 0.929688 0.612500 0.939063 0.629167 0.950000 0.620833 0.940625 0.597917 0.939063 0.560417 0.945312 0.554167 0.959375 0.560417 0.960938 0.589583 0.965625 0.591667 0.975000 0.547917 0.939063 0.541667
3 0.000000 0.327083 0.000000 0.502083 0.014063 0.502083 0.017188 0.416667 0.026562 0.350000 0.025000 0.333333
4 0.740625 0.520833 0.742188 0.570833 0.998437 0.658333 0.998437 0.550000 0.976562 0.547917 0.965625 0.593750 0.959375 0.562500 0.940625 0.560417 0.951562 0.620833 0.935937 0.631250 0.931250 0.525000 0.909375 0.539583
4 0.701562 0.516667 0.696875 0.525000 0.693750 0.543750 0.689063 0.550000 0.698438 0.550000 0.700000 0.554167 0.707812 0.554167 0.709375 0.558333 0.718750 0.558333 0.732812 0.566667 0.734375 0.520833 0.725000 0.516667
4 0.101562 0.410417 0.107813 0.431250 0.101562 0.456250 0.104688 0.472917 0.151562 0.470833 0.157812 0.489583 0.178125 0.489583 0.210938 0.472917 0.215625 0.412500 0.206250 0.406250 0.117188 0.389583 0.115625 0.404167
7 0.734375 0.468750 0.731250 0.479167 0.734375 0.491667 0.729688 0.493750 0.729688 0.506250 0.746875 0.508333 0.746875 0.495833 0.743750 0.493750 0.746875 0.491667 0.750000 0.485417 0.750000 0.475000 0.746875 0.468750 0.742188 0.466667
7 0.517188 0.425000 0.512500 0.422917 0.507812 0.427083 0.506250 0.431250 0.506250 0.445833 0.507812 0.452083 0.503125 0.456250 0.503125 0.466667 0.518750 0.466667 0.518750 0.458333 0.520312 0.456250 0.515625 0.454167 0.520312 0.445833 0.520312 0.431250
7 0.385937 0.368750 0.378125 0.377083 0.378125 0.383333 0.376563 0.385417 0.376563 0.389583 0.378125 0.391667 0.378125 0.395833 0.382812 0.402083 0.392188 0.402083 0.392188 0.400000 0.395313 0.397917 0.396875 0.393750 0.396875 0.381250 0.392188 0.372917 0.389062 0.372917 0.387500 0.368750
8 0.128125 0.258333 0.135937 0.329167 0.085938 0.341667 0.143750 0.362500 0.154688 0.397917 0.215625 0.410417 0.214062 0.450000 0.226562 0.450000 0.232813 0.362500 0.190625 0.333333 0.178125 0.302083 0.146875 0.289583 0.146875 0.270833
8 0.234375 0.429167 0.365625 0.493750 0.389062 0.354167 0.382812 0.481250 0.504687 0.510417 0.523438 0.256250 0.514062 0.516667 0.689063 0.547917 0.740625 0.462500 0.798438 0.527083 0.737500 0.406250 0.907813 0.283333 0.885938 0.160417 0.970313 0.035417 0.295312 0.000000 0.350000 0.395833 0.310937 0.335417
9 0.510938 0.514583 0.510938 0.539583 0.725000 0.564583 0.659375 0.541667 0.648438 0.527083 0.621875 0.525000 0.612500 0.539583 0.603125 0.522917
9 0.304688 0.472917 0.367188 0.516667 0.504687 0.535417 0.504687 0.512500 0.410938 0.487500 0.393750 0.493750 0.382812 0.483333 0.379688 0.508333 0.379688 0.483333 0.367188 0.481250 0.364063 0.495833 0.360938 0.479167
9 0.179688 0.489583 0.239063 0.491667 0.254688 0.483333 0.256250 0.472917 0.246875 0.454167 0.232813 0.454167 0.232813 0.464583 0.228125 0.468750 0.226562 0.452083 0.214062 0.452083 0.209375 0.479167 0.204687 0.483333 0.187500 0.483333
10 0.707812 0.406250 0.695312 0.410417 0.685937 0.391667 0.679688 0.395833 0.678125 0.404167 0.659375 0.402083 0.637500 0.410417 0.635938 0.402083 0.631250 0.435417 0.650000 0.441667 0.659375 0.458333 0.659375 0.466667 0.689063 0.475000 0.689063 0.447917
10 0.801562 0.354167 0.782813 0.362500 0.787500 0.372917 0.778125 0.393750 0.768750 0.393750 0.764062 0.381250 0.751563 0.381250 0.739062 0.406250 0.748437 0.408333 0.756250 0.425000 0.771875 0.435417 0.771875 0.445833 0.784375 0.458333 0.784375 0.475000 0.793750 0.475000 0.796875 0.458333 0.804688 0.456250 0.810937 0.360417
10 0.998437 0.000000 0.942187 0.002083 0.929688 0.037500 0.953125 0.022917 0.970313 0.033333 0.967187 0.068750 0.939063 0.133333 0.889062 0.156250 0.900000 0.179167 0.881250 0.204167 0.875000 0.241667 0.910937 0.241667 0.953125 0.204167 0.998437 0.220833
10 0.071875 0.000000 0.125000 0.256250 0.203125 0.341667 0.240625 0.339583 0.248438 0.387500 0.289062 0.383333 0.315625 0.333333 0.343750 0.412500 0.334375 0.206250 0.290625 0.172917 0.312500 0.175000 0.306250 0.133333 0.325000 0.127083 0.281250 0.097917 0.318750 0.054167 0.295312 0.002083
13 0.232813 0.431250 0.232813 0.452083 0.246875 0.452083 0.250000 0.454167 0.250000 0.450000 0.248438 0.447917 0.251563 0.445833 0.251563 0.437500 0.246875 0.435417 0.245312 0.431250
13 0.065625 0.339583 0.057813 0.400000 0.062500 0.447917 0.087500 0.447917 0.100000 0.456250 0.106250 0.441667 0.100000 0.410417 0.114062 0.404167 0.117188 0.387500 0.150000 0.393750 0.150000 0.375000 0.129688 0.354167