0 0.000000 0.593750 0.000000 0.997917 0.998437 0.997917 0.989062 0.687500 0.712500 0.583333 0.309375 0.520833
1 0.000000 0.493750 0.000000 0.591667 0.309375 0.518750 0.712500 0.581250 0.998437 0.691667 0.998437 0.656250 0.842187 0.597917 0.307812 0.504167 0.267188 0.460417
2 0.998437 0.247917 0.920312 0.218750 0.781250 0.343750 0.795312 0.364583 0.784375 0.520833 0.889062 0.516667 0.893750 0.531250 0.998437 0.543750
2 0.000000 0.000000 0.000000 0.335417 0.071875 0.337500 0.073438 0.452083 0.084375 0.452083 0.084375 0.352083 0.148438 0.331250 0.085938 0.010417
3 0.070312 0.337500 0.051562 0.333333 0.048438 0.347917 0.000000 0.337500 0.001563 0.495833 0.067187 0.502083 0.078125 0.358333
4 0.718750 0.516667 0.717187 0.560417 0.998437 0.654167 0.998437 0.545833 0.893750 0.533333 0.887500 0.518750 0.854688 0.531250
4 0.614062 0.497917 0.612500 0.520833 0.645312 0.525000 0.648438 0.537500 0.710938 0.558333 0.714063 0.514583 0.646875 0.508333 0.632812 0.500000
4 0.128125 0.416667 0.129688 0.450000 0.120313 0.456250 0.128125 0.475000 0.173437 0.477083 0.179688 0.489583 0.212500 0.489583 0.228125 0.481250 0.232813 0.450000 0.229687 0.414583 0.143750 0.395833 0.142187 0.410417
7 0.723437 0.466667 0.717187 0.464583 0.710938 0.470833 0.710938 0.485417 0.712500 0.487500 0.709375 0.489583 0.707812 0.502083 0.723437 0.502083 0.723437 0.491667 0.720313 0.489583 0.721875 0.487500 0.725000 0.487500 0.725000 0.481250 0.728125 0.479167 0.728125 0.477083 0.725000 0.475000 0.725000 0.468750
7 0.510938 0.422917 0.509375 0.427083 0.503125 0.429167 0.500000 0.435417 0.500000 0.447917 0.503125 0.454167 0.498437 0.456250 0.500000 0.458333 0.498437 0.466667 0.514062 0.466667 0.514062 0.456250 0.510938 0.454167 0.510938 0.452083 0.514062 0.450000 0.514062 0.431250 0.512500 0.429167 0.514062 0.425000
7 0.387500 0.377083 0.384375 0.379167 0.381250 0.387500 0.381250 0.395833 0.382812 0.397917 0.382812 0.402083 0.385937 0.406250 0.389062 0.408333 0.392188 0.408333 0.398438 0.402083 0.400000 0.397917 0.400000 0.387500 0.393750 0.377083
8 0.140625 0.268750 0.150000 0.331250 0.118750 0.337500 0.107813 0.352083 0.148438 0.360417 0.162500 0.372917 0.167187 0.397917 0.229687 0.412500 0.234375 0.431250 0.243750 0.429167 0.246875 0.372917 0.237500 0.354167 0.206250 0.345833 0.185938 0.325000 0.181250 0.304167
8 0.248438 0.452083 0.381250 0.481250 0.392188 0.360417 0.389062 0.481250 0.500000 0.506250 0.517188 0.268750 0.507812 0.510417 0.720313 0.462500 0.782813 0.520833 0.720313 0.397917 0.862500 0.277083 0.842187 0.183333 0.926562 0.070833 0.848437 0.000000 0.312500 0.000000 0.351562 0.397917 0.310937 0.337500
9 0.506250 0.514583 0.506250 0.531250 0.671875 0.558333 0.692187 0.554167 0.648438 0.539583 0.645312 0.527083 0.612500 0.522917 0.609375 0.535417 0.600000 0.535417 0.592187 0.520833
9 0.314063 0.472917 0.315625 0.481250 0.378125 0.514583 0.498437 0.531250 0.500000 0.508333 0.446875 0.504167 0.434375 0.489583 0.390625 0.483333 0.382812 0.504167 0.381250 0.483333 0.370312 0.481250 0.367188 0.493750 0.365625 0.479167
9 0.214062 0.489583 0.254688 0.489583 0.264062 0.483333 0.264062 0.472917 0.248438 0.454167 0.243750 0.483333 0.242188 0.452083 0.232813 0.452083 0.229687 0.458333 0.229687 0.481250 0.225000 0.487500
10 0.625000 0.410417 0.620313 0.439583 0.626563 0.435417 0.643750 0.437500 0.648438 0.450000 0.654687 0.454167 0.656250 0.466667 0.684375 0.468750 0.685937 0.445833 0.696875 0.422917 0.687500 0.412500 0.675000 0.412500 0.667188 0.397917 0.662500 0.406250 0.639062 0.406250 0.629687 0.414583
10 0.784375 0.358333 0.756250 0.368750 0.757812 0.381250 0.751563 0.395833 0.745313 0.397917 0.739062 0.385417 0.726562 0.387500 0.721875 0.397917 0.743750 0.408333 0.760938 0.425000 0.768750 0.445833 0.779687 0.456250 0.778125 0.466667 0.784375 0.475000 0.793750 0.364583
10 0.809375 0.316667 0.804688 0.316667 0.796875 0.310417 0.793750 0.310417 0.792188 0.306250 0.789062 0.306250 0.790625 0.329167 0.787500 0.333333 0.778125 0.335417 0.773438 0.345833 0.776563 0.347917 0.781250 0.341667 0.785937 0.341667 0.789062 0.335417 0.792188 0.335417 0.793750 0.331250 0.800000 0.329167
10 0.850000 0.000000 0.846875 0.037500 0.873437 0.014583 0.871875 0.054167 0.898438 0.018750 0.887500 0.070833 0.928125 0.075000 0.901563 0.150000 0.843750 0.183333 0.865625 0.195833 0.846875 0.208333 0.839063 0.256250 0.871875 0.262500 0.920312 0.216667 0.998437 0.245833 0.998437 0.000000
10 0.064062 0.000000 0.090625 0.018750 0.140625 0.266667 0.245312 0.370833 0.253125 0.352083 0.251563 0.387500 0.290625 0.387500 0.317188 0.335417 0.345313 0.412500 0.339062 0.218750 0.298438 0.189583 0.329688 0.187500 0.312500 0.158333 0.329688 0.150000 0.290625 0.122917 0.326562 0.079167 0.301563 0.033333 0.310937 0.000000
13 0.087500 0.350000 0.079687 0.404167 0.085938 0.454167 0.100000 0.454167 0.103125 0.445833 0.115625 0.456250 0.126562 0.454167 0.126562 0.416667 0.139063 0.412500 0.143750 0.393750 0.164062 0.397917 0.162500 0.377083 0.148438 0.362500