0 0.000000 0.595833 0.000000 0.997917 0.998437 0.997917 0.992188 0.687500 0.673438 0.566667 0.365625 0.520833
1 0.000000 0.481250 0.000000 0.593750 0.365625 0.518750 0.696875 0.570833 0.998437 0.689583 0.995313 0.654167 0.273438 0.462500
2 0.750000 0.354167 0.765625 0.368750 0.757812 0.514583 0.998437 0.541667 0.998437 0.289583 0.976562 0.250000 0.959375 0.275000 0.873437 0.239583 0.815625 0.291667 0.817187 0.316667 0.792188 0.316667
2 0.000000 0.020833 0.000000 0.356250 0.115625 0.370833 0.121875 0.333333 0.157812 0.335417 0.112500 0.052083
3 0.023438 0.358333 0.021875 0.445833 0.000000 0.450000 0.000000 0.479167 0.126562 0.497917 0.131250 0.379167
4 0.685937 0.510417 0.682813 0.550000 0.998437 0.654167 0.998437 0.543750
4 0.596875 0.516667 0.629687 0.518750 0.639062 0.535417 0.660937 0.545833 0.678125 0.547917 0.678125 0.533333 0.681250 0.531250 0.679688 0.508333 0.607812 0.497917 0.606250 0.493750 0.598437 0.493750
4 0.143750 0.460417 0.159375 0.477083 0.192188 0.477083 0.207813 0.489583 0.240625 0.487500 0.246875 0.483333 0.251563 0.425000 0.207813 0.410417 0.170313 0.408333 0.159375 0.422917 0.157812 0.458333
4 0.000000 0.358333 0.000000 0.447917 0.018750 0.447917 0.021875 0.431250 0.020313 0.404167 0.023438 0.364583 0.021875 0.358333 0.020313 0.362500
7 0.689063 0.464583 0.685937 0.466667 0.679688 0.466667 0.678125 0.477083 0.679688 0.479167 0.679688 0.483333 0.682813 0.485417 0.681250 0.487500 0.678125 0.487500 0.678125 0.495833 0.679688 0.497917 0.689063 0.497917 0.689063 0.489583 0.685937 0.487500 0.690625 0.481250 0.690625 0.477083 0.692187 0.475000 0.690625 0.472917
7 0.500000 0.402083 0.493750 0.406250 0.492188 0.410417 0.493750 0.418750 0.498437 0.425000 0.490625 0.435417 0.492188 0.452083 0.489063 0.462500 0.490625 0.466667 0.501563 0.466667 0.500000 0.454167 0.501563 0.445833 0.504687 0.443750 0.501563 0.439583 0.501563 0.435417 0.504687 0.433333 0.504687 0.427083 0.500000 0.425000 0.504687 0.420833 0.506250 0.408333
7 0.390625 0.383333 0.385937 0.387500 0.382812 0.395833 0.382812 0.404167 0.385937 0.412500 0.389062 0.412500 0.392188 0.414583 0.393750 0.412500 0.396875 0.412500 0.396875 0.410417 0.400000 0.408333 0.401562 0.404167 0.400000 0.402083 0.400000 0.395833 0.396875 0.387500
8 0.121875 0.341667 0.368750 0.487500 0.392188 0.370833 0.389062 0.481250 0.490625 0.502083 0.506250 0.295833 0.500000 0.506250 0.751563 0.516667 0.707812 0.393750 0.817187 0.314583 0.778125 0.237500 0.860938 0.114583 0.787500 0.008333 0.328125 0.000000 0.348438 0.410417 0.160938 0.287500
9 0.496875 0.508333 0.500000 0.527083 0.659375 0.545833 0.635938 0.535417 0.629687 0.520833 0.593750 0.518750 0.589063 0.529167 0.575000 0.518750
9 0.323437 0.475000 0.325000 0.483333 0.368750 0.506250 0.489063 0.525000 0.489063 0.504167 0.460938 0.493750 0.389062 0.483333 0.384375 0.500000 0.379688 0.481250 0.368750 0.489583 0.365625 0.479167
9 0.242188 0.487500 0.245312 0.489583 0.267188 0.489583 0.271875 0.487500 0.275000 0.483333 0.275000 0.479167 0.268750 0.468750 0.265625 0.468750 0.264062 0.464583 0.262500 0.464583 0.260937 0.468750 0.259375 0.466667 0.259375 0.460417 0.251563 0.458333 0.248438 0.468750 0.248438 0.483333
10 0.701562 0.391667 0.693750 0.389583 0.679688 0.412500 0.670312 0.410417 0.665625 0.425000 0.659375 0.414583 0.645312 0.416667 0.623437 0.406250 0.615625 0.414583 0.604688 0.412500 0.601562 0.435417 0.637500 0.437500 0.648438 0.466667 0.662500 0.464583 0.681250 0.441667
10 0.748437 0.322917 0.745313 0.343750 0.731250 0.356250 0.740625 0.370833 0.715625 0.375000 0.717187 0.387500 0.709375 0.393750 0.734375 0.408333 0.742188 0.425000 0.754687 0.431250 0.759375 0.445833 0.764062 0.368750 0.751563 0.362500 0.748437 0.354167 0.771875 0.331250
10 0.743750 0.000000 0.740625 0.029167 0.800000 0.010417 0.796875 0.081250 0.818750 0.064583 0.818750 0.093750 0.839063 0.077083 0.828125 0.116667 0.862500 0.114583 0.840625 0.183333 0.789062 0.212500 0.810937 0.225000 0.781250 0.233333 0.789062 0.279167 0.818750 0.289583 0.879687 0.235417 0.959375 0.272917 0.976562 0.247917 0.998437 0.287500 0.998437 0.000000
10 0.000000 0.000000 0.114062 0.052083 0.157812 0.285417 0.195312 0.337500 0.290625 0.402083 0.318750 0.341667 0.328125 0.412500 0.346875 0.410417 0.345313 0.241667 0.309375 0.216667 0.339062 0.181250 0.300000 0.154167 0.332813 0.122917 0.310937 0.079167 0.326562 0.000000
13 0.117188 0.366667 0.117188 0.370833 0.132812 0.379167 0.131250 0.460417 0.156250 0.458333 0.157812 0.422917 0.170313 0.406250 0.181250 0.404167 0.178125 0.383333 0.157812 0.368750