0 0.000000 0.589583 0.000000 0.997917 0.998437 0.997917 0.998437 0.706250 0.709375 0.583333 0.309375 0.510417
1 0.000000 0.500000 0.000000 0.587500 0.334375 0.510417 0.670312 0.568750 0.998437 0.704167 0.998437 0.666667 0.281250 0.460417
2 0.740625 0.366667 0.753125 0.379167 0.745313 0.518750 0.998437 0.554167 0.998437 0.327083 0.965625 0.312500 0.957812 0.275000 0.940625 0.302083 0.859375 0.260417
2 0.007812 0.000000 0.000000 0.314583 0.050000 0.331250 0.053125 0.366667 0.182812 0.362500 0.140625 0.072917 0.034375 0.045833 0.029687 0.008333
3 0.000000 0.316667 0.000000 0.497917 0.035937 0.497917 0.042188 0.470833 0.165625 0.489583 0.168750 0.383333 0.076563 0.362500 0.075000 0.441667 0.045312 0.445833 0.051562 0.337500
4 0.671875 0.514583 0.675000 0.552083 0.998437 0.664583 0.998437 0.556250
4 0.639062 0.516667 0.639062 0.525000 0.635938 0.531250 0.635938 0.535417 0.645312 0.537500 0.650000 0.541667 0.654687 0.541667 0.659375 0.545833 0.665625 0.547917 0.665625 0.522917 0.667188 0.516667 0.648438 0.516667 0.646875 0.514583 0.640625 0.514583
4 0.595313 0.500000 0.604688 0.514583 0.604688 0.520833 0.606250 0.522917 0.629687 0.529167 0.631250 0.533333 0.625000 0.520833 0.626563 0.514583 0.623437 0.504167 0.609375 0.502083 0.607812 0.500000
4 0.168750 0.456250 0.176563 0.458333 0.185938 0.472917 0.225000 0.477083 0.231250 0.485417 0.250000 0.485417 0.262500 0.477083 0.267188 0.425000 0.231250 0.416667 0.226562 0.425000 0.193750 0.412500 0.185938 0.425000 0.182812 0.450000
4 0.051562 0.364583 0.045312 0.383333 0.045312 0.429167 0.042188 0.431250 0.042188 0.439583 0.045312 0.443750 0.070312 0.443750 0.073438 0.441667 0.076563 0.372917 0.070312 0.366667 0.053125 0.368750
7 0.668750 0.472917 0.665625 0.477083 0.665625 0.485417 0.667188 0.487500 0.667188 0.491667 0.665625 0.493750 0.664062 0.493750 0.664062 0.502083 0.676562 0.502083 0.676562 0.487500 0.678125 0.485417 0.678125 0.477083 0.673438 0.472917
7 0.448437 0.431250 0.446875 0.439583 0.445312 0.441667 0.445312 0.447917 0.443750 0.450000 0.445312 0.456250 0.448437 0.460417 0.451562 0.458333 0.454688 0.458333 0.456250 0.460417 0.465625 0.458333 0.467187 0.456250 0.468750 0.435417 0.456250 0.435417 0.454688 0.431250
7 0.501563 0.410417 0.496875 0.410417 0.492188 0.420833 0.493750 0.427083 0.498437 0.431250 0.490625 0.443750 0.492188 0.458333 0.489063 0.462500 0.489063 0.468750 0.492188 0.470833 0.500000 0.468750 0.501563 0.464583 0.498437 0.458333 0.501563 0.454167 0.501563 0.437500 0.504687 0.435417 0.501563 0.431250 0.504687 0.429167 0.506250 0.420833 0.504687 0.412500
7 0.396875 0.391667 0.395313 0.393750 0.393750 0.393750 0.390625 0.400000 0.390625 0.412500 0.393750 0.416667 0.395313 0.416667 0.396875 0.418750 0.400000 0.418750 0.401562 0.416667 0.403125 0.416667 0.406250 0.412500 0.406250 0.408333 0.407813 0.406250 0.407813 0.404167 0.403125 0.393750 0.401562 0.393750 0.400000 0.391667
8 0.179688 0.297917 0.185938 0.360417 0.175000 0.368750 0.193750 0.377083 0.195312 0.410417 0.226562 0.422917 0.231250 0.414583 0.265625 0.420833 0.267188 0.458333 0.275000 0.458333 0.279687 0.385417 0.260937 0.389583 0.246875 0.358333 0.206250 0.337500 0.196875 0.310417
8 0.351562 0.000000 0.317188 0.175000 0.367188 0.345833 0.348438 0.416667 0.326562 0.343750 0.279687 0.458333 0.390625 0.481250 0.400000 0.383333 0.396875 0.483333 0.489063 0.506250 0.506250 0.310417 0.496875 0.506250 0.634375 0.533333 0.673438 0.470833 0.740625 0.522917 0.748437 0.437500 0.696875 0.391667 0.793750 0.320833 0.759375 0.264583 0.835938 0.160417 0.698438 0.000000
9 0.495312 0.525000 0.665625 0.550000 0.590625 0.518750 0.584375 0.531250 0.571875 0.518750 0.496875 0.508333
9 0.334375 0.477083 0.334375 0.483333 0.381250 0.506250 0.489063 0.522917 0.489063 0.508333 0.404687 0.485417 0.396875 0.485417 0.390625 0.497917 0.390625 0.483333 0.379688 0.481250 0.375000 0.489583 0.371875 0.479167
9 0.251563 0.485417 0.259375 0.485417 0.260937 0.487500 0.285938 0.487500 0.287500 0.477083 0.282813 0.468750 0.276562 0.468750 0.271875 0.462500 0.265625 0.460417 0.264062 0.477083 0.260937 0.481250
10 0.692187 0.416667 0.679688 0.404167 0.668750 0.422917 0.657813 0.425000 0.654687 0.435417 0.650000 0.433333 0.650000 0.425000 0.600000 0.422917 0.596875 0.450000 0.604688 0.439583 0.637500 0.443750 0.646875 0.470833 0.653125 0.472917 0.665625 0.456250 0.676562 0.456250
10 0.770312 0.337500 0.746875 0.335417 0.746875 0.341667 0.756250 0.343750 0.754687 0.352083 0.735938 0.345833 0.714063 0.375000 0.725000 0.383333 0.720313 0.389583 0.698438 0.391667 0.703125 0.400000 0.700000 0.408333 0.712500 0.404167 0.732812 0.414583 0.734375 0.425000 0.748437 0.435417 0.751563 0.379167 0.737500 0.370833
10 0.700000 0.000000 0.729688 0.060417 0.779687 0.054167 0.779687 0.116667 0.795312 0.102083 0.804688 0.152083 0.837500 0.156250 0.801562 0.233333 0.770312 0.237500 0.790625 0.256250 0.760938 0.264583 0.767188 0.300000 0.795312 0.316667 0.860938 0.258333 0.940625 0.300000 0.957812 0.272917 0.965625 0.310417 0.998437 0.325000 0.998437 0.000000
10 0.021875 0.000000 0.034375 0.043750 0.142187 0.072917 0.178125 0.291667 0.206250 0.335417 0.296875 0.400000 0.326562 0.341667 0.337500 0.414583 0.356250 0.404167 0.356250 0.258333 0.321875 0.235417 0.350000 0.197917 0.315625 0.175000 0.345313 0.143750 0.328125 0.104167 0.350000 0.000000
13 0.143750 0.366667 0.143750 0.375000 0.162500 0.377083 0.170313 0.383333 0.168750 0.454167 0.170313 0.450000 0.181250 0.450000 0.184375 0.425000 0.196875 0.408333 0.196875 0.391667 0.192188 0.377083