0 0.000000 0.570833 0.000000 0.997917 0.937500 0.997917 0.892188 0.862500 0.915625 0.689583 0.876563 0.654167 0.839063 0.691667 0.706250 0.647917 0.698438 0.583333 0.332813 0.495833
1 0.862500 0.618750 0.860938 0.647917 0.917188 0.689583 0.892188 0.839583 0.939063 0.997917 0.995313 0.997917 0.998437 0.664583 0.917188 0.631250 0.903125 0.645833 0.900000 0.625000
1 0.000000 0.493750 0.000000 0.568750 0.332813 0.493750 0.700000 0.581250 0.607812 0.531250 0.295312 0.464583 0.193750 0.479167 0.187500 0.510417 0.187500 0.477083
2 0.026562 0.354167 0.050000 0.362500 0.054688 0.360417 0.059375 0.347917 0.100000 0.356250 0.100000 0.343750 0.079687 0.337500 0.067187 0.322917 0.046875 0.320833 0.043750 0.329167 0.031250 0.331250 0.029687 0.341667 0.045312 0.343750 0.050000 0.356250
2 0.657813 0.385417 0.668750 0.393750 0.662500 0.502083 0.720313 0.508333 0.748437 0.472917 0.771875 0.481250 0.779687 0.460417 0.896875 0.481250 0.920312 0.425000 0.900000 0.393750 0.825000 0.358333 0.817187 0.312500 0.803125 0.345833 0.795312 0.322917 0.776563 0.331250 0.737500 0.306250
2 0.000000 0.070833 0.000000 0.245833 0.101562 0.308333 0.109375 0.272917 0.120313 0.345833 0.107813 0.358333 0.209375 0.400000 0.168750 0.139583 0.082812 0.118750 0.071875 0.083333 0.059375 0.112500 0.010937 0.102083
3 0.835938 0.491667 0.854688 0.547917 0.867188 0.547917 0.875000 0.556250 0.870313 0.566667 0.862500 0.568750 0.862500 0.616667 0.895312 0.622917 0.890625 0.570833 0.892188 0.493750
3 0.203125 0.395833 0.193750 0.477083 0.229687 0.479167 0.232813 0.408333 0.206250 0.402083
3 0.196875 0.395833 0.179688 0.397917 0.175000 0.450000 0.162500 0.464583 0.000000 0.445833 0.000000 0.491667 0.178125 0.481250 0.189062 0.475000
4 0.893750 0.556250 0.893750 0.564583 0.892188 0.566667 0.892188 0.570833 0.893750 0.572917 0.893750 0.597917 0.895312 0.602083 0.900000 0.606250 0.900000 0.608333 0.900000 0.593750 0.901563 0.591667 0.901563 0.562500 0.898438 0.562500 0.896875 0.558333
4 0.910937 0.556250 0.909375 0.612500 0.998437 0.645833 0.998437 0.560417 0.948438 0.556250 0.943750 0.539583 0.929688 0.539583 0.925000 0.552083
4 0.589063 0.525000 0.701562 0.562500 0.704688 0.537500 0.718750 0.510417 0.592187 0.502083
4 0.278125 0.431250 0.260937 0.427083 0.259375 0.431250 0.260937 0.445833 0.257812 0.447917 0.257812 0.454167 0.253125 0.458333 0.248438 0.454167 0.240625 0.454167 0.235937 0.458333 0.235937 0.462500 0.242188 0.466667 0.254688 0.466667 0.256250 0.470833 0.271875 0.470833 0.273438 0.466667 0.279687 0.466667 0.281250 0.460417
4 0.000000 0.347917 0.000000 0.443750 0.162500 0.462500 0.173437 0.450000 0.178125 0.397917 0.192188 0.397917 0.185938 0.385417 0.114062 0.360417 0.103125 0.379167 0.095312 0.356250 0.059375 0.350000 0.050000 0.364583
5 0.971875 0.900000 0.968750 0.912500 0.975000 0.914583 0.976562 0.918750 0.982812 0.918750 0.984375 0.922917 0.992188 0.922917 0.993750 0.918750 0.993750 0.910417 0.990625 0.908333 0.990625 0.904167 0.987500 0.900000 0.976562 0.900000 0.975000 0.897917
5 0.907813 0.527083 0.904687 0.527083 0.906250 0.543750 0.901563 0.593750 0.903125 0.643750 0.906250 0.643750 0.907813 0.629167
5 0.200000 0.385417 0.196875 0.387500 0.198437 0.395833 0.195312 0.397917 0.196875 0.416667 0.193750 0.450000 0.190625 0.452083 0.192188 0.464583 0.185938 0.500000 0.187500 0.508333 0.190625 0.506250 0.192188 0.464583 0.200000 0.422917
5 0.109375 0.275000 0.104688 0.285417 0.106250 0.306250 0.101562 0.350000 0.103125 0.377083 0.107813 0.360417 0.107813 0.320833 0.110937 0.318750
7 0.912500 0.464583 0.901563 0.466667 0.901563 0.470833 0.898438 0.472917 0.898438 0.495833 0.901563 0.497917 0.901563 0.502083 0.896875 0.508333 0.896875 0.527083 0.904687 0.525000 0.912500 0.527083 0.910937 0.500000 0.912500 0.489583 0.915625 0.487500 0.915625 0.468750
7 0.421875 0.431250 0.420312 0.466667 0.428125 0.454167 0.434375 0.456250 0.435937 0.481250 0.432812 0.483333 0.435937 0.491667 0.435937 0.464583 0.439063 0.450000 0.439063 0.433333
7 0.465625 0.420833 0.459375 0.420833 0.457813 0.422917 0.457813 0.429167 0.460938 0.435417 0.453125 0.447917 0.454688 0.452083 0.453125 0.464583 0.454688 0.466667 0.462500 0.466667 0.462500 0.450000 0.464062 0.447917 0.462500 0.445833 0.465625 0.439583 0.464062 0.435417 0.467187 0.429167
7 0.992188 0.214583 0.979688 0.320833 0.993750 0.391667 0.982812 0.402083 0.982812 0.470833 0.996875 0.475000 0.998437 0.487500 0.998437 0.214583
8 0.909375 0.614583 0.909375 0.625000 0.910937 0.627083 0.917188 0.627083 0.920312 0.631250 0.925000 0.631250 0.928125 0.633333 0.929688 0.637500 0.951562 0.631250 0.951562 0.629167 0.940625 0.627083 0.928125 0.618750
8 0.917188 0.468750 0.914062 0.527083 0.909375 0.529167 0.910937 0.554167 0.925000 0.550000 0.929688 0.537500 0.943750 0.537500 0.948438 0.554167 0.998437 0.558333 0.996875 0.477083
8 0.773438 0.470833 0.773438 0.481250 0.892188 0.491667 0.893750 0.552083 0.903125 0.560417 0.895312 0.535417 0.903125 0.531250 0.895312 0.527083 0.896875 0.483333 0.840625 0.464583 0.779687 0.462500
8 0.000000 0.247917 0.000000 0.345833 0.021875 0.356250 0.048438 0.356250 0.045312 0.345833 0.029687 0.343750 0.028125 0.333333 0.046875 0.318750 0.060937 0.318750 0.101562 0.347917 0.103125 0.310417
8 0.701562 0.239583 0.534375 0.025000 0.423438 0.031250 0.404687 0.120833 0.339062 0.118750 0.339062 0.402083 0.309375 0.347917 0.284375 0.404167 0.201563 0.343750 0.232813 0.462500 0.293750 0.404167 0.292187 0.462500 0.362500 0.481250 0.384375 0.397917 0.382812 0.477083 0.432812 0.491667 0.439063 0.431250 0.453125 0.495833 0.465625 0.377083 0.464062 0.497917 0.660937 0.502083 0.667188 0.410417 0.634375 0.466667 0.579688 0.435417 0.676562 0.366667 0.645312 0.314583
9 0.932813 0.639583 0.962500 0.652083 0.975000 0.654167 0.976562 0.658333 0.998437 0.662500 0.998437 0.647917 0.979688 0.643750 0.973437 0.637500 0.960938 0.633333 0.946875 0.633333
9 0.460938 0.497917 0.460938 0.506250 0.584375 0.525000 0.557813 0.508333 0.526563 0.512500 0.506250 0.504167
9 0.335938 0.472917 0.335938 0.479167 0.384375 0.495833 0.453125 0.502083 0.450000 0.493750 0.434375 0.489583 0.421875 0.493750 0.410938 0.483333 0.382812 0.479167 0.379688 0.489583 0.378125 0.479167 0.367188 0.477083 0.362500 0.483333 0.359375 0.477083
10 0.540625 0.452083 0.545312 0.450000 0.545312 0.441667 0.548438 0.437500 0.553125 0.441667 0.554688 0.450000 0.562500 0.439583 0.570312 0.437500 0.576562 0.439583 0.573438 0.427083 0.571875 0.433333 0.562500 0.433333 0.560937 0.435417 0.556250 0.427083 0.548438 0.427083 0.540625 0.441667
10 0.668750 0.368750 0.657813 0.366667 0.646875 0.379167 0.631250 0.379167 0.621875 0.408333 0.609375 0.410417 0.604688 0.427083 0.595313 0.416667 0.590625 0.418750 0.581250 0.439583 0.598437 0.439583 0.604688 0.454167 0.618750 0.454167 0.623437 0.462500 0.634375 0.464583 0.634375 0.445833 0.646875 0.416667 0.656250 0.406250 0.667188 0.408333 0.667188 0.393750 0.656250 0.385417
10 0.000000 0.000000 0.006250 0.097917 0.170313 0.139583 0.200000 0.341667 0.276562 0.402083 0.353125 0.360417 0.348438 0.083333 0.393750 0.127083 0.407813 0.037500 0.534375 0.022917 0.703125 0.239583 0.656250 0.341667 0.817187 0.310417 0.981250 0.470833 0.998437 0.000000
13 0.734375 0.485417 0.706250 0.537500 0.701562 0.641667 0.717187 0.645833 0.729688 0.633333 0.831250 0.664583 0.835938 0.687500 0.853125 0.691667 0.860938 0.568750 0.873437 0.556250 0.853125 0.547917 0.829688 0.487500 0.751563 0.475000