0 0.815625 0.627083 0.814063 0.629167 0.815625 0.633333 0.815625 0.668750 0.818750 0.668750 0.820312 0.664583 0.825000 0.660417 0.826562 0.662500 0.826562 0.660417 0.834375 0.652083 0.837500 0.645833 0.837500 0.641667 0.834375 0.637500 0.818750 0.627083
0 0.000000 0.570833 0.000000 0.997917 0.876563 0.997917 0.751563 0.793750 0.801562 0.616667 0.771875 0.654167 0.664062 0.620833 0.603125 0.541667 0.332813 0.493750
1 0.815625 0.593750 0.839063 0.641667 0.815625 0.670833 0.818750 0.760417 0.846875 0.808333 0.781250 0.797917 0.779687 0.768750 0.806250 0.756250 0.804688 0.681250 0.756250 0.735417 0.765625 0.837500 0.875000 0.995833 0.998437 0.997917 0.998437 0.656250
1 0.000000 0.493750 0.000000 0.568750 0.309375 0.491667 0.654687 0.550000 0.292187 0.464583 0.207813 0.479167 0.204687 0.502083 0.201563 0.477083
2 0.812500 0.366667 0.814063 0.462500 0.837500 0.466667 0.843750 0.452083 0.848437 0.454167 0.848437 0.464583 0.873437 0.462500 0.876563 0.437500 0.892188 0.418750 0.865625 0.389583
2 0.800000 0.322917 0.784375 0.325000 0.781250 0.347917 0.775000 0.322917 0.756250 0.331250 0.715625 0.310417 0.646875 0.379167 0.648438 0.502083 0.665625 0.506250 0.692187 0.470833 0.740625 0.477083 0.748437 0.456250 0.801562 0.460417
2 0.000000 0.066667 0.000000 0.235417 0.129688 0.320833 0.128125 0.366667 0.207813 0.402083 0.225000 0.362500 0.210938 0.366667 0.195312 0.341667 0.168750 0.152083 0.089063 0.133333 0.067187 0.093750 0.062500 0.122917 0.015625 0.112500
3 0.837500 0.487500 0.815625 0.487500 0.815625 0.591667 0.818750 0.593750 0.829688 0.591667 0.821875 0.562500 0.821875 0.547917 0.832812 0.539583 0.832812 0.529167 0.837500 0.525000 0.837500 0.514583 0.834375 0.512500
3 0.773438 0.483333 0.781250 0.497917 0.781250 0.502083 0.784375 0.504167 0.784375 0.510417 0.787500 0.514583 0.789062 0.525000 0.795312 0.533333 0.801562 0.529167 0.801562 0.483333
3 0.000000 0.445833 0.000000 0.491667 0.187500 0.481250 0.204687 0.470833 0.204687 0.456250 0.189062 0.447917 0.181250 0.466667 0.114062 0.452083
3 0.275000 0.433333 0.271875 0.433333 0.270313 0.435417 0.271875 0.437500 0.271875 0.445833 0.270313 0.447917 0.265625 0.447917 0.265625 0.450000 0.262500 0.452083 0.260937 0.456250 0.260937 0.464583 0.257812 0.466667 0.257812 0.472917 0.262500 0.472917 0.264062 0.475000 0.265625 0.470833 0.276562 0.470833 0.279687 0.464583 0.278125 0.462500 0.278125 0.437500 0.276562 0.437500
3 0.215625 0.406250 0.214062 0.443750 0.210938 0.445833 0.209375 0.477083 0.215625 0.475000 0.231250 0.479167 0.234375 0.475000 0.232813 0.429167 0.229687 0.418750 0.231250 0.408333
4 0.846875 0.527083 0.843750 0.589583 0.929688 0.612500 0.953125 0.641667 0.998437 0.654167 0.998437 0.554167 0.885938 0.545833 0.881250 0.535417 0.854688 0.541667
4 0.837500 0.527083 0.834375 0.529167 0.834375 0.539583 0.823438 0.547917 0.823438 0.562500 0.828125 0.575000 0.828125 0.581250 0.831250 0.583333 0.831250 0.591667 0.828125 0.593750 0.835938 0.591667
4 0.582812 0.520833 0.607812 0.529167 0.618750 0.529167 0.620313 0.533333 0.634375 0.533333 0.646875 0.539583 0.648438 0.504167 0.600000 0.502083 0.589063 0.510417 0.590625 0.516667 0.587500 0.520833
4 0.526563 0.483333 0.526563 0.495833 0.529687 0.502083 0.537500 0.495833 0.540625 0.497917 0.542188 0.502083 0.546875 0.502083 0.548438 0.506250 0.556250 0.506250 0.560937 0.510417 0.560937 0.487500 0.543750 0.487500 0.542188 0.485417
4 0.232813 0.410417 0.234375 0.464583 0.248438 0.466667 0.251563 0.470833 0.254688 0.466667 0.256250 0.470833 0.260937 0.452083 0.265625 0.445833 0.270313 0.445833 0.270313 0.433333 0.259375 0.427083 0.260937 0.439583 0.257812 0.441667 0.256250 0.454167 0.250000 0.456250 0.240625 0.452083 0.235937 0.445833 0.235937 0.412500
4 0.000000 0.352083 0.000000 0.443750 0.181250 0.464583 0.189062 0.445833 0.204687 0.454167 0.207813 0.404167 0.181250 0.385417 0.123438 0.364583 0.082812 0.360417 0.076563 0.375000
5 0.843750 0.514583 0.839063 0.514583 0.837500 0.604167 0.840625 0.618750 0.843750 0.606250
5 0.214062 0.397917 0.210938 0.397917 0.209375 0.402083 0.210938 0.420833 0.204687 0.458333 0.206250 0.470833 0.203125 0.472917 0.201563 0.500000 0.204687 0.500000 0.209375 0.445833 0.212500 0.443750 0.212500 0.416667 0.215625 0.404167
5 0.804688 0.285417 0.807813 0.756250 0.782813 0.766667 0.781250 0.791667 0.845313 0.808333 0.845313 0.781250 0.815625 0.747917
7 0.846875 0.454167 0.843750 0.454167 0.842187 0.458333 0.839063 0.460417 0.839063 0.493750 0.835938 0.495833 0.835938 0.512500 0.843750 0.512500 0.845313 0.514583 0.846875 0.468750 0.848437 0.466667 0.846875 0.464583
7 0.453125 0.416667 0.448437 0.425000 0.448437 0.429167 0.451562 0.431250 0.451562 0.437500 0.448437 0.439583 0.445312 0.445833 0.445312 0.450000 0.446875 0.452083 0.445312 0.462500 0.446875 0.464583 0.454688 0.462500 0.454688 0.445833 0.457813 0.439583 0.456250 0.437500 0.456250 0.431250 0.459375 0.429167 0.457813 0.420833 0.454688 0.420833
8 0.814063 0.464583 0.814063 0.481250 0.815625 0.485417 0.837500 0.485417 0.837500 0.468750 0.832812 0.468750 0.831250 0.466667 0.826562 0.466667 0.825000 0.464583
8 0.742188 0.468750 0.743750 0.479167 0.767188 0.479167 0.771875 0.483333 0.801562 0.481250 0.803125 0.472917 0.801562 0.462500 0.796875 0.462500 0.795312 0.458333 0.792188 0.458333 0.790625 0.462500 0.787500 0.462500 0.785937 0.458333 0.748437 0.458333
8 0.848437 0.468750 0.846875 0.525000 0.854688 0.539583 0.881250 0.533333 0.885938 0.543750 0.998437 0.552083 0.998437 0.462500 0.932813 0.458333 0.904687 0.466667 0.879687 0.450000 0.873437 0.464583
8 0.000000 0.237500 0.000000 0.350000 0.076563 0.372917 0.082812 0.358333 0.126562 0.366667 0.131250 0.350000 0.126562 0.322917 0.096875 0.300000 0.065625 0.289583
8 0.681250 0.247917 0.584375 0.087500 0.414062 0.047917 0.396875 0.133333 0.335938 0.129167 0.334375 0.397917 0.301563 0.347917 0.278125 0.404167 0.209375 0.391667 0.356250 0.477083 0.378125 0.402083 0.378125 0.477083 0.445312 0.491667 0.456250 0.377083 0.453125 0.495833 0.571875 0.518750 0.576562 0.460417 0.579688 0.520833 0.646875 0.502083 0.650000 0.406250 0.625000 0.462500 0.565625 0.435417 0.654687 0.368750 0.626563 0.320833
9 0.843750 0.591667 0.845313 0.606250 0.854688 0.606250 0.896875 0.627083 0.951562 0.641667 0.929688 0.614583
9 0.453125 0.497917 0.453125 0.502083 0.462500 0.502083 0.464062 0.506250 0.564063 0.518750 0.559375 0.510417 0.546875 0.504167 0.517188 0.508333 0.515625 0.504167 0.490625 0.497917
9 0.331250 0.472917 0.335938 0.479167 0.373437 0.487500 0.375000 0.491667 0.445312 0.502083 0.445312 0.493750 0.435937 0.489583 0.425000 0.493750 0.423438 0.487500 0.378125 0.479167 0.375000 0.485417 0.365625 0.477083
10 0.654687 0.370833 0.639062 0.364583 0.629687 0.379167 0.615625 0.379167 0.606250 0.395833 0.606250 0.406250 0.593750 0.408333 0.589063 0.425000 0.576562 0.418750 0.567187 0.437500 0.585938 0.435417 0.593750 0.450000 0.604688 0.450000 0.612500 0.462500 0.625000 0.460417 0.623437 0.445833 0.631250 0.425000 0.651563 0.402083 0.650000 0.389583 0.643750 0.389583 0.642188 0.383333
10 0.000000 0.000000 0.015625 0.110417 0.170313 0.152083 0.198437 0.345833 0.268750 0.402083 0.346875 0.360417 0.343750 0.102083 0.521875 0.043750 0.682813 0.247917 0.656250 0.366667 0.810937 0.283333 0.878125 0.450000 0.998437 0.460417 0.998437 0.000000
13 0.682813 0.479167 0.656250 0.531250 0.659375 0.614583 0.671875 0.618750 0.681250 0.606250 0.760938 0.627083 0.768750 0.650000 0.781250 0.652083 0.785937 0.629167 0.801562 0.614583 0.803125 0.531250 0.787500 0.525000 0.767188 0.481250