0 0.000000 0.654167 0.000000 0.997917 0.998437 0.997917 0.996875 0.783333 0.546875 0.654167 0.407813 0.485417 0.325000 0.585417
1 0.417187 0.489583 0.495312 0.616667 0.546875 0.652083 0.998437 0.783333 0.993750 0.712500 0.834375 0.691667 0.498437 0.581250
1 0.000000 0.414583 0.000000 0.652083 0.209375 0.589583 0.309375 0.589583 0.393750 0.547917 0.384375 0.522917 0.368750 0.541667 0.371875 0.481250 0.282813 0.512500 0.057813 0.508333 0.043750 0.420833
2 0.875000 0.518750 0.875000 0.525000 0.882812 0.535417 0.881250 0.554167 0.885938 0.554167 0.887500 0.558333 0.904687 0.560417 0.910937 0.568750 0.921875 0.568750 0.918750 0.558333 0.907813 0.556250 0.904687 0.539583 0.896875 0.531250 0.896875 0.522917 0.900000 0.518750
2 0.000000 0.000000 0.000000 0.412500 0.048438 0.420833 0.079687 0.310417 0.156250 0.335417 0.220312 0.454167 0.232813 0.341667 0.178125 0.300000 0.228125 0.275000 0.170313 0.000000
4 0.854688 0.550000 0.851562 0.583333 0.950000 0.606250 0.923438 0.570833 0.910937 0.570833 0.904687 0.562500 0.882812 0.556250 0.892188 0.566667 0.887500 0.570833 0.870313 0.564583 0.867188 0.554167
4 0.809375 0.539583 0.807813 0.575000 0.842187 0.581250 0.840625 0.575000 0.845313 0.547917
4 0.271875 0.400000 0.271875 0.410417 0.268750 0.412500 0.270313 0.414583 0.270313 0.425000 0.278125 0.425000 0.279687 0.427083 0.287500 0.429167 0.287500 0.414583 0.285938 0.412500 0.285938 0.408333 0.281250 0.404167 0.276562 0.404167 0.275000 0.400000
4 0.260937 0.393750 0.235937 0.387500 0.234375 0.402083 0.228125 0.408333 0.229687 0.414583 0.226562 0.416667 0.229687 0.443750 0.232813 0.439583 0.232813 0.433333 0.235937 0.431250 0.235937 0.416667 0.240625 0.404167 0.251563 0.422917 0.259375 0.425000 0.262500 0.412500
4 0.070312 0.314583 0.060937 0.402083 0.046875 0.422917 0.053125 0.502083 0.076563 0.487500 0.220312 0.477083 0.228125 0.447917 0.217188 0.456250 0.196875 0.437500 0.187500 0.375000 0.167187 0.362500 0.156250 0.337500
5 0.856250 0.508333 0.851562 0.508333 0.831250 0.668750 0.834375 0.689583 0.853125 0.562500
5 0.387500 0.437500 0.381250 0.437500 0.381250 0.460417 0.375000 0.479167 0.373437 0.533333 0.370312 0.535417 0.370312 0.541667 0.373437 0.543750 0.382812 0.541667 0.381250 0.529167 0.387500 0.487500
5 0.817187 0.418750 0.809375 0.418750 0.792188 0.560417 0.789062 0.660417 0.795312 0.660417 0.806250 0.579167
5 0.537500 0.364583 0.529687 0.406250 0.517188 0.554167 0.523438 0.533333
5 0.278125 0.283333 0.273438 0.285417 0.257812 0.443750 0.256250 0.506250 0.260937 0.502083
5 0.860938 0.000000 0.843750 0.068750 0.818750 0.331250 0.826562 0.331250
7 0.881250 0.406250 0.856250 0.404167 0.846875 0.418750 0.845313 0.443750 0.857812 0.470833 0.839063 0.472917 0.839063 0.506250 0.881250 0.508333 0.884375 0.477083 0.865625 0.470833 0.881250 0.460417 0.889062 0.443750 0.889062 0.420833
7 0.832812 0.402083 0.825000 0.404167 0.823438 0.400000 0.820312 0.400000 0.818750 0.395833 0.817187 0.402083 0.815625 0.404167 0.812500 0.404167 0.810937 0.402083 0.812500 0.400000 0.810937 0.397917 0.809375 0.400000 0.806250 0.397917 0.803125 0.406250 0.803125 0.414583 0.804688 0.416667 0.823438 0.416667 0.825000 0.418750 0.829688 0.418750 0.829688 0.416667 0.832812 0.414583
7 0.825000 0.333333 0.818750 0.333333 0.817187 0.337500 0.810937 0.339583 0.804688 0.350000 0.803125 0.358333 0.804688 0.366667 0.803125 0.370833 0.807813 0.381250 0.818750 0.387500 0.829688 0.383333 0.837500 0.372917 0.839063 0.366667 0.839063 0.352083 0.835938 0.343750
7 0.540625 0.302083 0.537500 0.306250 0.531250 0.306250 0.525000 0.314583 0.520312 0.329167 0.523438 0.350000 0.529687 0.362500 0.545312 0.362500 0.551562 0.358333 0.553125 0.347917 0.556250 0.345833 0.556250 0.320833 0.551562 0.310417 0.546875 0.306250 0.542188 0.306250
7 0.273438 0.239583 0.265625 0.247917 0.265625 0.264583 0.267188 0.270833 0.275000 0.281250 0.279687 0.283333 0.281250 0.281250 0.285938 0.281250 0.289062 0.279167 0.293750 0.270833 0.293750 0.254167 0.292187 0.254167 0.287500 0.243750 0.284375 0.243750 0.282813 0.239583
8 0.857812 0.508333 0.857812 0.535417 0.854688 0.537500 0.854688 0.547917 0.867188 0.552083 0.870313 0.562500 0.890625 0.568750 0.879687 0.554167 0.881250 0.535417 0.873437 0.525000 0.870313 0.508333
8 0.815625 0.460417 0.809375 0.537500 0.845313 0.545833 0.850000 0.508333 0.837500 0.506250 0.837500 0.472917 0.840625 0.470833 0.832812 0.464583 0.818750 0.466667
8 0.251563 0.233333 0.243750 0.254167 0.237500 0.254167 0.232813 0.239583 0.225000 0.285417 0.204687 0.285417 0.179688 0.300000 0.232813 0.339583 0.237500 0.385417 0.262500 0.393750 0.273438 0.281250 0.264062 0.264583 0.267188 0.243750
8 0.520312 0.229167 0.500000 0.222917 0.484375 0.283333 0.465625 0.285417 0.478125 0.420833 0.454688 0.414583 0.446875 0.333333 0.418750 0.391667 0.384375 0.400000 0.303125 0.291667 0.278125 0.300000 0.271875 0.397917 0.345313 0.450000 0.387500 0.435417 0.409375 0.475000 0.426563 0.433333 0.428125 0.477083 0.487500 0.489583 0.495312 0.516667 0.498437 0.491667 0.520312 0.497917 0.532813 0.377083
8 0.862500 0.000000 0.817187 0.439583 0.845313 0.445833 0.856250 0.402083 0.898438 0.416667 0.896875 0.377083 0.950000 0.412500 0.912500 0.412500 0.898438 0.531250 0.951562 0.604167 0.943750 0.641667 0.992188 0.656250 0.998437 0.375000 0.984375 0.433333 0.965625 0.366667 0.998437 0.360417 0.998437 0.000000
8 0.451562 0.000000 0.445312 0.172917 0.506250 0.195833 0.535937 0.158333 0.560937 0.212500 0.528125 0.500000 0.712500 0.516667 0.775000 0.597917 0.856250 0.000000
9 0.850000 0.585417 0.839063 0.672917 0.998437 0.714583 0.998437 0.654167 0.943750 0.643750 0.939063 0.622917 0.921875 0.625000 0.915625 0.612500 0.942187 0.618750 0.950000 0.608333
9 0.807813 0.577083 0.801562 0.600000 0.796875 0.660417 0.829688 0.668750 0.840625 0.583333
9 0.389062 0.462500 0.387500 0.495833 0.398438 0.475000 0.498437 0.579167 0.785937 0.652083 0.790625 0.577083 0.775000 0.600000 0.746875 0.593750 0.712500 0.518750 0.628125 0.529167 0.526563 0.502083 0.517188 0.556250 0.518750 0.497917 0.498437 0.493750 0.490625 0.518750 0.487500 0.491667
9 0.379688 0.456250 0.268750 0.427083 0.256250 0.508333 0.259375 0.427083 0.240625 0.406250 0.215625 0.483333 0.090625 0.487500 0.057813 0.506250 0.282813 0.510417 0.367188 0.479167 0.373437 0.497917
10 0.817187 0.441667 0.815625 0.458333 0.818750 0.464583 0.832812 0.462500 0.839063 0.468750 0.850000 0.466667 0.851562 0.470833 0.856250 0.470833 0.856250 0.464583 0.850000 0.458333 0.843750 0.445833 0.839063 0.447917 0.837500 0.452083 0.826562 0.452083 0.825000 0.447917 0.829688 0.441667 0.826562 0.437500
10 0.787500 0.425000 0.787500 0.443750 0.784375 0.445833 0.784375 0.472917 0.789062 0.466667 0.793750 0.464583 0.795312 0.460417 0.801562 0.460417 0.803125 0.456250 0.803125 0.445833 0.800000 0.445833 0.796875 0.441667 0.796875 0.437500 0.795312 0.437500 0.787500 0.427083
10 0.950000 0.414583 0.917188 0.406250 0.910937 0.383333 0.896875 0.379167 0.893750 0.387500 0.904687 0.400000 0.901563 0.414583 0.889062 0.414583 0.889062 0.450000 0.867188 0.468750 0.885938 0.477083 0.882812 0.508333 0.871875 0.508333 0.873437 0.516667 0.904687 0.512500 0.903125 0.483333 0.923438 0.447917 0.910937 0.412500 0.926562 0.414583 0.929688 0.429167 0.942187 0.427083
10 0.982812 0.354167 0.981250 0.358333 0.968750 0.364583 0.967187 0.375000 0.976562 0.422917 0.981250 0.425000 0.984375 0.431250 0.989062 0.431250 0.990625 0.416667 0.993750 0.414583 0.993750 0.383333 0.996875 0.381250 0.998437 0.362500
10 0.596875 0.289583 0.582812 0.300000 0.560937 0.304167 0.562500 0.320833 0.570312 0.327083 0.562500 0.337500 0.562500 0.345833 0.576562 0.343750 0.576562 0.397917 0.587500 0.416667 0.584375 0.379167 0.592187 0.377083 0.598437 0.356250 0.590625 0.350000 0.590625 0.341667 0.607812 0.320833 0.593750 0.312500 0.600000 0.300000
10 0.171875 0.000000 0.226562 0.262500 0.282813 0.237500 0.281250 0.297917 0.314063 0.295833 0.384375 0.397917 0.446875 0.331250 0.456250 0.414583 0.478125 0.418750 0.465625 0.281250 0.514062 0.218750 0.537500 0.304167 0.559375 0.212500 0.535937 0.160417 0.506250 0.197917 0.443750 0.172917 0.450000 0.000000