0 0.000000 0.583333 0.000000 0.997917 0.998437 0.997917 0.998437 0.712500 0.848437 0.645833 0.279687 0.531250
1 0.000000 0.439583 0.000000 0.581250 0.317188 0.533333 0.782813 0.620833 0.998437 0.710417 0.998437 0.666667 0.762500 0.587500 0.370312 0.525000 0.298438 0.472917 0.284375 0.508333 0.262500 0.456250 0.125000 0.491667
2 0.675000 0.481250 0.675000 0.487500 0.679688 0.493750 0.679688 0.506250 0.681250 0.508333 0.679688 0.516667 0.681250 0.518750 0.704688 0.518750 0.700000 0.514583 0.700000 0.502083 0.696875 0.495833 0.698438 0.485417 0.692187 0.485417 0.690625 0.483333 0.685937 0.485417
2 0.998437 0.212500 0.979688 0.227083 0.981250 0.279167 0.932813 0.266667 0.839063 0.343750 0.853125 0.364583 0.842187 0.541667 0.998437 0.564583
2 0.000000 0.000000 0.000000 0.437500 0.029687 0.437500 0.021875 0.395833 0.035937 0.322917 0.085938 0.320833 0.117188 0.300000 0.056250 0.000000
4 0.789062 0.539583 0.787500 0.595833 0.998437 0.664583 0.998437 0.566667
4 0.659375 0.527083 0.659375 0.537500 0.678125 0.541667 0.678125 0.556250 0.725000 0.570833 0.764062 0.589583 0.782813 0.587500 0.785937 0.535417 0.721875 0.533333 0.685937 0.520833
4 0.212500 0.418750 0.210938 0.443750 0.223438 0.443750 0.232813 0.447917 0.248438 0.450000 0.248438 0.439583 0.246875 0.437500 0.240625 0.437500 0.239063 0.435417 0.235937 0.437500 0.232813 0.433333 0.231250 0.425000 0.221875 0.425000 0.220312 0.420833
4 0.068750 0.395833 0.070312 0.435417 0.057813 0.452083 0.059375 0.464583 0.104688 0.472917 0.110937 0.487500 0.185938 0.485417 0.189062 0.447917 0.203125 0.443750 0.206250 0.425000 0.192188 0.420833 0.196875 0.400000 0.175000 0.389583 0.117188 0.381250 0.093750 0.395833
5 0.528125 0.472917 0.525000 0.472917 0.523438 0.479167 0.521875 0.516667 0.518750 0.531250 0.518750 0.554167 0.523438 0.554167
5 0.293750 0.441667 0.289062 0.441667 0.287500 0.483333 0.284375 0.485417 0.284375 0.506250 0.290625 0.506250 0.290625 0.481250 0.292187 0.479167
5 0.215625 0.347917 0.204687 0.443750 0.206250 0.477083 0.214062 0.397917 0.212500 0.389583 0.215625 0.387500
5 0.542188 0.247917 0.531250 0.383333 0.534375 0.383333
7 0.785937 0.479167 0.781250 0.483333 0.781250 0.500000 0.784375 0.502083 0.784375 0.506250 0.778125 0.510417 0.778125 0.522917 0.787500 0.522917 0.796875 0.527083 0.798438 0.525000 0.798438 0.512500 0.792188 0.508333 0.798438 0.506250 0.798438 0.502083 0.801562 0.500000 0.801562 0.487500 0.798438 0.485417 0.796875 0.479167
7 0.528125 0.422917 0.521875 0.431250 0.521875 0.445833 0.526563 0.454167 0.525000 0.456250 0.520312 0.456250 0.520312 0.468750 0.521875 0.470833 0.537500 0.470833 0.537500 0.456250 0.535937 0.452083 0.540625 0.443750 0.540625 0.435417 0.534375 0.422917
7 0.529687 0.385417 0.528125 0.387500 0.526563 0.387500 0.526563 0.389583 0.523438 0.393750 0.523438 0.404167 0.529687 0.414583 0.532813 0.414583 0.534375 0.412500 0.535937 0.412500 0.537500 0.410417 0.537500 0.406250 0.539062 0.404167 0.540625 0.404167 0.540625 0.393750 0.539062 0.393750 0.534375 0.385417
7 0.384375 0.358333 0.379688 0.364583 0.378125 0.364583 0.378125 0.370833 0.376563 0.372917 0.378125 0.389583 0.381250 0.393750 0.395313 0.393750 0.400000 0.381250 0.398438 0.368750 0.393750 0.360417 0.390625 0.358333
7 0.210938 0.320833 0.210938 0.325000 0.209375 0.327083 0.209375 0.337500 0.210938 0.339583 0.210938 0.341667 0.217188 0.347917 0.218750 0.345833 0.225000 0.345833 0.225000 0.341667 0.226562 0.339583 0.226562 0.329167 0.225000 0.327083 0.225000 0.325000 0.218750 0.318750 0.214062 0.318750 0.212500 0.320833
8 0.812500 0.468750 0.807813 0.485417 0.803125 0.487500 0.803125 0.500000 0.798438 0.508333 0.793750 0.508333 0.800000 0.512500 0.800000 0.525000 0.796875 0.529167 0.792188 0.527083 0.792188 0.533333 0.818750 0.539583 0.840625 0.539583 0.839063 0.518750 0.842187 0.487500 0.826562 0.472917 0.825000 0.466667
8 0.107813 0.233333 0.118750 0.310417 0.070312 0.322917 0.120313 0.341667 0.140625 0.383333 0.193750 0.393750 0.193750 0.420833 0.206250 0.422917 0.209375 0.339583 0.185938 0.318750 0.168750 0.281250 0.139063 0.281250 0.140625 0.254167 0.121875 0.233333
8 0.212500 0.416667 0.364063 0.491667 0.392188 0.339583 0.382812 0.481250 0.520312 0.516667 0.542188 0.245833 0.528125 0.520833 0.642188 0.554167 0.662500 0.393750 0.743750 0.377083 0.687500 0.522917 0.785937 0.533333 0.773438 0.383333 0.985938 0.272917 0.998437 0.000000 0.292187 0.000000 0.351562 0.408333 0.315625 0.329167
9 0.526563 0.520833 0.525000 0.550000 0.748437 0.585417 0.682813 0.562500 0.670312 0.539583 0.646875 0.537500 0.643750 0.554167 0.634375 0.556250 0.620313 0.531250
9 0.293750 0.468750 0.370312 0.522917 0.517188 0.550000 0.518750 0.518750 0.489063 0.508333 0.482812 0.518750 0.478125 0.502083 0.382812 0.483333 0.378125 0.510417 0.376563 0.481250 0.367188 0.481250 0.364063 0.495833 0.360938 0.479167
9 0.176563 0.489583 0.235937 0.485417 0.246875 0.475000 0.251563 0.452083 0.210938 0.445833 0.209375 0.477083 0.206250 0.479167 0.203125 0.445833 0.190625 0.447917 0.187500 0.485417
10 0.626563 0.414583 0.621875 0.418750 0.621875 0.425000 0.626563 0.429167 0.625000 0.437500 0.620313 0.437500 0.617188 0.431250 0.614062 0.431250 0.610938 0.435417 0.604688 0.433333 0.601562 0.437500 0.600000 0.450000 0.603125 0.456250 0.603125 0.462500 0.609375 0.464583 0.610938 0.456250 0.620313 0.443750 0.631250 0.441667 0.629687 0.422917 0.626563 0.420833
10 0.743750 0.379167 0.732812 0.391667 0.718750 0.391667 0.715625 0.385417 0.715625 0.404167 0.676562 0.406250 0.670312 0.402083 0.671875 0.395833 0.664062 0.393750 0.654687 0.445833 0.671875 0.466667 0.675000 0.479167 0.700000 0.483333 0.700000 0.458333 0.709375 0.433333 0.735938 0.404167 0.735938 0.391667
10 0.851562 0.375000 0.843750 0.375000 0.843750 0.389583 0.828125 0.393750 0.826562 0.379167 0.809375 0.379167 0.798438 0.404167 0.773438 0.385417 0.775000 0.397917 0.762500 0.406250 0.765625 0.429167 0.782813 0.441667 0.798438 0.468750 0.800000 0.485417 0.806250 0.485417 0.817187 0.464583 0.825000 0.464583 0.842187 0.485417
10 0.976562 0.097917 0.968750 0.102083 0.967187 0.127083 0.982812 0.122917 0.990625 0.154167 0.968750 0.170833 0.971875 0.191667 0.954688 0.212500 0.965625 0.227083 0.981250 0.225000 0.998437 0.210417 0.998437 0.108333
10 0.057813 0.000000 0.107813 0.231250 0.142187 0.254167 0.135937 0.275000 0.168750 0.279167 0.206250 0.337500 0.221875 0.318750 0.250000 0.383333 0.287500 0.381250 0.317188 0.327083 0.326562 0.402083 0.348438 0.412500 0.351562 0.279167 0.321875 0.258333 0.332813 0.179167 0.282813 0.135417 0.314063 0.127083 0.298438 0.089583 0.317188 0.085417 0.271875 0.045833 0.290625 0.000000
13 0.023438 0.412500 0.031250 0.439583 0.051562 0.439583 0.059375 0.450000 0.068750 0.435417 0.068750 0.393750 0.093750 0.393750 0.117188 0.379167 0.135937 0.381250 0.128125 0.352083 0.109375 0.337500 0.039062 0.320833 0.025000 0.370833