0 0.000000 0.572917 0.000000 0.997917 0.998437 0.997917 0.998437 0.725000 0.342187 0.535417
1 0.000000 0.400000 0.000000 0.570833 0.342187 0.533333 0.998437 0.722917 0.998437 0.683333 0.420312 0.531250 0.362500 0.479167 0.137500 0.472917
2 0.750000 0.504167 0.748437 0.537500 0.754687 0.539583 0.756250 0.543750 0.782813 0.543750 0.784375 0.545833 0.784375 0.541667 0.781250 0.541667 0.778125 0.537500 0.775000 0.525000 0.771875 0.522917 0.771875 0.508333 0.768750 0.508333 0.767188 0.504167
2 0.998437 0.435417 0.990625 0.518750 0.987500 0.520833 0.987500 0.547917 0.982812 0.564583 0.984375 0.591667 0.998437 0.591667
2 0.000000 0.000000 0.000000 0.397917 0.082812 0.412500 0.073438 0.368750 0.089063 0.289583 0.176563 0.291667 0.125000 0.000000
3 0.340625 0.468750 0.339062 0.477083 0.337500 0.479167 0.337500 0.497917 0.340625 0.500000 0.346875 0.500000 0.348438 0.497917 0.346875 0.497917 0.345313 0.493750 0.346875 0.491667 0.350000 0.491667 0.351562 0.487500 0.354687 0.487500 0.360938 0.477083 0.359375 0.477083 0.356250 0.472917 0.346875 0.472917
4 0.960938 0.587500 0.959375 0.616667 0.956250 0.618750 0.956250 0.637500 0.953125 0.639583 0.953125 0.664583 0.998437 0.681250 0.998437 0.593750 0.962500 0.591667
4 0.746875 0.545833 0.745313 0.560417 0.770312 0.556250 0.771875 0.589583 0.946875 0.658333 0.951562 0.587500
4 0.670312 0.522917 0.668750 0.547917 0.673438 0.552083 0.692187 0.550000 0.693750 0.554167 0.703125 0.554167 0.706250 0.558333 0.718750 0.558333 0.720313 0.537500 0.723437 0.535417 0.723437 0.531250 0.707812 0.525000 0.695312 0.525000 0.693750 0.520833
4 0.526563 0.462500 0.525000 0.477083 0.521875 0.479167 0.520312 0.485417 0.514062 0.487500 0.512500 0.491667 0.520312 0.502083 0.525000 0.502083 0.534375 0.514583 0.534375 0.518750 0.542188 0.527083 0.548438 0.516667 0.551562 0.516667 0.551562 0.504167 0.548438 0.502083 0.543750 0.489583 0.540625 0.489583 0.534375 0.481250 0.532813 0.475000 0.529687 0.472917 0.529687 0.464583
4 0.250000 0.410417 0.250000 0.429167 0.264062 0.429167 0.265625 0.433333 0.303125 0.435417 0.309375 0.439583 0.312500 0.435417 0.310937 0.427083 0.298438 0.425000 0.295312 0.418750 0.281250 0.420833 0.279687 0.416667 0.259375 0.414583 0.257812 0.410417
4 0.085938 0.427083 0.093750 0.439583 0.123438 0.441667 0.128125 0.466667 0.184375 0.472917 0.220312 0.464583 0.225000 0.425000 0.243750 0.425000 0.245312 0.410417 0.228125 0.402083 0.231250 0.372917 0.137500 0.343750 0.123438 0.366667 0.123438 0.412500 0.104688 0.410417
5 0.960938 0.572917 0.956250 0.572917 0.956250 0.585417 0.953125 0.587500 0.953125 0.610417 0.946875 0.647917 0.948438 0.658333 0.945312 0.660417 0.948438 0.675000 0.951562 0.668750 0.951562 0.639583 0.954688 0.637500 0.953125 0.629167 0.954688 0.618750 0.957812 0.616667 0.956250 0.608333
5 0.603125 0.479167 0.593750 0.572917 0.595313 0.581250 0.603125 0.581250 0.603125 0.566667 0.610938 0.527083 0.614062 0.481250
5 0.339062 0.406250 0.335938 0.406250 0.335938 0.427083 0.326562 0.483333 0.326562 0.502083 0.335938 0.500000 0.337500 0.435417 0.340625 0.433333
5 0.445312 0.383333 0.442188 0.383333 0.431250 0.510417 0.434375 0.510417
5 0.254688 0.316667 0.253125 0.358333 0.250000 0.360417 0.245312 0.431250 0.242188 0.433333 0.242188 0.477083 0.251563 0.377083 0.254688 0.375000 0.257812 0.331250
5 0.631250 0.233333 0.615625 0.377083 0.621875 0.377083
7 0.954688 0.514583 0.945312 0.529167 0.953125 0.550000 0.945312 0.550000 0.943750 0.560417 0.940625 0.562500 0.945312 0.568750 0.970313 0.575000 0.973437 0.558333 0.967187 0.556250 0.965625 0.552083 0.973437 0.550000 0.979688 0.541667 0.979688 0.520833 0.971875 0.514583
7 0.615625 0.422917 0.609375 0.427083 0.606250 0.437500 0.607812 0.454167 0.615625 0.460417 0.604688 0.460417 0.604688 0.477083 0.626563 0.481250 0.626563 0.466667 0.618750 0.464583 0.617188 0.460417 0.626563 0.454167 0.629687 0.443750 0.629687 0.431250 0.625000 0.425000
7 0.521875 0.400000 0.523438 0.406250 0.534375 0.410417 0.537500 0.414583 0.543750 0.414583 0.545312 0.418750 0.554688 0.418750 0.564063 0.412500 0.564063 0.408333 0.559375 0.404167 0.554688 0.404167 0.551562 0.400000 0.546875 0.400000 0.540625 0.395833 0.526563 0.395833
7 0.610938 0.379167 0.607812 0.387500 0.604688 0.389583 0.604688 0.397917 0.609375 0.406250 0.609375 0.408333 0.621875 0.408333 0.623437 0.404167 0.623437 0.400000 0.625000 0.397917 0.625000 0.387500 0.621875 0.379167
7 0.450000 0.339583 0.445312 0.339583 0.439063 0.343750 0.432812 0.356250 0.432812 0.362500 0.437500 0.377083 0.439063 0.377083 0.440625 0.381250 0.445312 0.381250 0.446875 0.383333 0.448437 0.381250 0.453125 0.381250 0.459375 0.368750 0.457813 0.347917
7 0.253125 0.287500 0.253125 0.289583 0.250000 0.291667 0.250000 0.295833 0.248438 0.297917 0.250000 0.300000 0.250000 0.310417 0.251563 0.310417 0.253125 0.314583 0.256250 0.316667 0.262500 0.316667 0.265625 0.314583 0.270313 0.308333 0.270313 0.297917 0.267188 0.295833 0.267188 0.291667 0.264062 0.287500
8 0.781250 0.462500 0.773438 0.522917 0.787500 0.547917 0.954688 0.585417 0.939063 0.562500 0.951562 0.550000 0.943750 0.529167 0.971875 0.512500 0.982812 0.535417 0.960938 0.585417 0.981250 0.589583 0.990625 0.489583 0.935937 0.518750 0.817187 0.425000
8 0.182812 0.218750 0.175000 0.237500 0.178125 0.291667 0.139063 0.300000 0.184375 0.329167 0.190625 0.356250 0.231250 0.370833 0.229687 0.402083 0.245312 0.408333 0.250000 0.289583 0.237500 0.272917 0.210938 0.272917 0.200000 0.256250 0.204687 0.233333
8 0.250000 0.406250 0.418750 0.495833 0.450000 0.318750 0.437500 0.481250 0.596875 0.531250 0.631250 0.231250 0.610938 0.535417 0.737500 0.585417 0.779687 0.385417 0.993750 0.410417 0.998437 0.000000 0.337500 0.000000 0.407813 0.406250 0.376563 0.322917 0.312500 0.379167 0.268750 0.316667
9 0.607812 0.545833 0.609375 0.579167 0.825000 0.635417 0.882812 0.637500 0.773438 0.593750 0.770312 0.558333 0.743750 0.562500 0.732812 0.587500 0.714063 0.575000 0.717187 0.560417 0.623437 0.537500
9 0.339062 0.458333 0.339062 0.470833 0.365625 0.477083 0.420312 0.529167 0.593750 0.570833 0.596875 0.533333 0.551562 0.518750 0.540625 0.529167 0.512500 0.493750 0.456250 0.485417 0.451562 0.497917 0.437500 0.483333 0.431250 0.512500 0.431250 0.479167 0.418750 0.497917 0.412500 0.475000
9 0.185938 0.472917 0.253125 0.481250 0.309375 0.477083 0.325000 0.493750 0.329688 0.452083 0.303125 0.437500 0.248438 0.431250 0.242188 0.479167 0.243750 0.427083 0.226562 0.425000 0.220312 0.466667
10 0.723437 0.402083 0.717187 0.397917 0.718750 0.410417 0.709375 0.427083 0.714063 0.443750 0.709375 0.447917 0.693750 0.441667 0.673438 0.452083 0.640625 0.437500 0.645312 0.468750 0.653125 0.468750 0.659375 0.450000 0.664062 0.452083 0.667188 0.475000 0.676562 0.475000 0.685937 0.456250 0.695312 0.454167 0.728125 0.462500 0.728125 0.447917 0.717187 0.439583 0.714063 0.425000 0.723437 0.418750
10 0.998437 0.393750 0.989062 0.414583 0.965625 0.389583 0.935937 0.393750 0.906250 0.437500 0.890625 0.400000 0.909375 0.375000 0.876563 0.395833 0.843750 0.383333 0.851562 0.408333 0.800000 0.414583 0.779687 0.387500 0.751563 0.502083 0.776563 0.502083 0.779687 0.462500 0.817187 0.422917 0.935937 0.516667 0.992188 0.485417
10 0.126562 0.000000 0.171875 0.233333 0.190625 0.216667 0.210938 0.270833 0.264062 0.285417 0.312500 0.377083 0.350000 0.370833 0.379688 0.322917 0.385937 0.397917 0.404687 0.408333 0.395313 0.300000 0.418750 0.264583 0.378125 0.231250 0.384375 0.112500 0.337500 0.085417 0.365625 0.089583 0.356250 0.029167 0.373437 0.020833
13 0.075000 0.377083 0.084375 0.395833 0.085938 0.418750 0.112500 0.406250 0.121875 0.412500 0.121875 0.366667 0.137500 0.341667 0.187500 0.354167 0.187500 0.337500 0.153125 0.306250 0.089063 0.291667 0.076563 0.341667