0 0.000000 0.666667 0.000000 0.997917 0.998437 0.997917 0.998437 0.789583 0.523438 0.645833 0.403125 0.485417 0.371875 0.558333
1 0.414062 0.489583 0.523438 0.643750 0.998437 0.787500 0.995313 0.716667 0.507812 0.587500
1 0.000000 0.416667 0.000000 0.664583 0.379688 0.550000 0.373437 0.477083 0.279687 0.514583 0.045312 0.510417 0.039062 0.425000
2 0.878125 0.518750 0.879687 0.527083 0.889062 0.541667 0.889062 0.545833 0.882812 0.552083 0.882812 0.558333 0.890625 0.564583 0.903125 0.564583 0.904687 0.568750 0.926562 0.570833 0.920312 0.558333 0.912500 0.558333 0.909375 0.554167 0.907813 0.541667 0.900000 0.533333 0.900000 0.518750
2 0.000000 0.000000 0.000000 0.414583 0.040625 0.422917 0.059375 0.310417 0.231250 0.377083 0.226562 0.339583 0.173437 0.314583 0.225000 0.268750 0.167187 0.000000
4 0.815625 0.541667 0.814063 0.550000 0.815625 0.564583 0.812500 0.566667 0.812500 0.572917 0.843750 0.581250 0.851562 0.579167 0.854688 0.558333 0.853125 0.550000
4 0.268750 0.400000 0.265625 0.437500 0.295312 0.435417 0.321875 0.445833 0.378125 0.454167 0.376563 0.441667 0.362500 0.447917 0.317188 0.427083 0.292187 0.425000 0.285938 0.406250
4 0.042188 0.502083 0.220312 0.485417 0.228125 0.445833 0.256250 0.433333 0.260937 0.397917 0.234375 0.385417 0.228125 0.366667 0.209375 0.381250 0.165625 0.337500 0.059375 0.312500 0.040625 0.425000
5 0.865625 0.508333 0.860938 0.508333 0.842187 0.662500 0.843750 0.693750 0.864062 0.556250
5 0.387500 0.437500 0.378125 0.439583 0.379688 0.464583 0.375000 0.475000 0.373437 0.527083 0.370312 0.529167 0.370312 0.543750 0.373437 0.547917 0.381250 0.547917 0.381250 0.516667 0.387500 0.481250
5 0.825000 0.387500 0.818750 0.391667 0.792188 0.637500 0.796875 0.664583 0.803125 0.662500
5 0.537500 0.364583 0.518750 0.558333 0.523438 0.554167
5 0.273438 0.281250 0.253125 0.510417 0.257812 0.506250
5 0.860938 0.014583 0.845313 0.108333 0.826562 0.331250 0.834375 0.327083
7 0.851562 0.468750 0.848437 0.483333 0.848437 0.506250 0.881250 0.508333 0.882812 0.512500 0.889062 0.512500 0.892188 0.508333 0.892188 0.493750 0.895312 0.491667 0.895312 0.475000 0.879687 0.477083 0.878125 0.472917 0.854688 0.472917
7 0.867188 0.402083 0.862500 0.406250 0.856250 0.420833 0.856250 0.445833 0.859375 0.452083 0.857812 0.454167 0.867188 0.466667 0.887500 0.464583 0.895312 0.456250 0.896875 0.445833 0.900000 0.443750 0.900000 0.422917 0.892188 0.406250 0.879687 0.400000
7 0.834375 0.333333 0.823438 0.333333 0.821875 0.337500 0.817187 0.337500 0.810937 0.347917 0.809375 0.370833 0.814063 0.381250 0.820312 0.385417 0.828125 0.387500 0.829688 0.383333 0.837500 0.383333 0.837500 0.379167 0.842187 0.377083 0.845313 0.368750 0.845313 0.347917 0.840625 0.337500 0.839063 0.339583
7 0.537500 0.302083 0.535937 0.306250 0.531250 0.306250 0.523438 0.318750 0.521875 0.329167 0.523438 0.350000 0.532813 0.362500 0.548438 0.362500 0.553125 0.356250 0.557813 0.341667 0.557813 0.322917 0.551562 0.308333 0.543750 0.302083
7 0.267188 0.239583 0.264062 0.247917 0.264062 0.266667 0.265625 0.272917 0.270313 0.279167 0.273438 0.279167 0.276562 0.283333 0.284375 0.281250 0.290625 0.275000 0.292187 0.258333 0.285938 0.243750 0.279687 0.237500 0.271875 0.237500 0.268750 0.241667
8 0.231250 0.239583 0.225000 0.285417 0.176563 0.300000 0.234375 0.347917 0.234375 0.383333 0.262500 0.391667 0.271875 0.281250 0.264062 0.272917 0.262500 0.247917 0.253125 0.237500 0.243750 0.256250 0.237500 0.256250
8 0.520312 0.227083 0.500000 0.222917 0.485938 0.283333 0.465625 0.285417 0.478125 0.422917 0.453125 0.410417 0.446875 0.335417 0.418750 0.391667 0.385937 0.402083 0.371875 0.358333 0.346875 0.358333 0.301563 0.293750 0.276562 0.300000 0.268750 0.397917 0.387500 0.435417 0.414062 0.477083 0.426563 0.439583 0.426563 0.477083 0.490625 0.491667 0.495312 0.518750 0.521875 0.497917 0.532813 0.391667
8 0.451562 0.000000 0.445312 0.170833 0.562500 0.212500 0.529687 0.502083 0.771875 0.600000 0.860938 0.012500 0.815625 0.539583 0.907813 0.377083 0.953125 0.414583 0.928125 0.570833 0.867188 0.510417 0.867188 0.581250 0.998437 0.658333 0.998437 0.000000
9 0.859375 0.583333 0.848437 0.677083 0.998437 0.716667 0.998437 0.660417 0.953125 0.645833 0.946875 0.635417 0.956250 0.608333
9 0.812500 0.575000 0.803125 0.664583 0.840625 0.675000 0.850000 0.583333
9 0.387500 0.466667 0.503125 0.583333 0.790625 0.660417 0.796875 0.577083 0.779687 0.602083 0.750000 0.595833 0.746875 0.566667 0.696875 0.520833 0.635938 0.535417 0.528125 0.504167 0.518750 0.560417 0.520312 0.500000 0.498437 0.497917 0.492188 0.520833 0.490625 0.493750
9 0.378125 0.456250 0.275000 0.437500 0.253125 0.512500 0.256250 0.435417 0.229687 0.445833 0.220312 0.487500 0.076563 0.506250 0.279687 0.512500 0.357812 0.487500
10 0.865625 0.470833 0.865625 0.466667 0.856250 0.454167 0.857812 0.452083 0.854688 0.445833 0.843750 0.450000 0.840625 0.456250 0.826562 0.456250 0.834375 0.460417 0.835938 0.464583 0.840625 0.466667 0.842187 0.470833 0.850000 0.470833 0.851562 0.466667 0.853125 0.466667 0.854688 0.470833
10 0.951562 0.414583 0.920312 0.406250 0.912500 0.383333 0.898438 0.381250 0.907813 0.400000 0.901563 0.443750 0.892188 0.462500 0.876563 0.468750 0.895312 0.472917 0.896875 0.491667 0.889062 0.514583 0.875000 0.510417 0.875000 0.516667 0.903125 0.516667 0.907813 0.472917 0.925000 0.447917 0.915625 0.412500 0.923438 0.408333 0.937500 0.425000
10 0.982812 0.364583 0.981250 0.368750 0.976562 0.370833 0.976562 0.393750 0.979688 0.395833 0.981250 0.402083 0.979688 0.406250 0.982812 0.408333 0.984375 0.425000 0.990625 0.431250 0.996875 0.431250 0.998437 0.425000 0.998437 0.362500
10 0.596875 0.287500 0.582812 0.300000 0.565625 0.300000 0.560937 0.306250 0.562500 0.320833 0.570312 0.327083 0.562500 0.345833 0.576562 0.343750 0.576562 0.397917 0.587500 0.416667 0.584375 0.381250 0.598437 0.366667 0.598437 0.354167 0.593750 0.354167 0.590625 0.343750 0.601562 0.325000 0.614062 0.325000 0.595313 0.314583 0.595313 0.306250 0.603125 0.297917
10 0.168750 0.000000 0.225000 0.262500 0.282813 0.237500 0.276562 0.297917 0.310937 0.293750 0.385937 0.400000 0.446875 0.333333 0.478125 0.420833 0.465625 0.281250 0.514062 0.218750 0.535937 0.304167 0.560937 0.212500 0.540625 0.152083 0.498437 0.197917 0.443750 0.170833 0.465625 0.141667 0.450000 0.000000
13 0.145313 0.320833 0.150000 0.325000 0.176563 0.327083 0.176563 0.320833 0.179688 0.318750 0.192188 0.320833 0.203125 0.331250 0.209375 0.329167 0.206250 0.322917 0.198437 0.320833 0.196875 0.316667 0.184375 0.316667 0.181250 0.312500 0.175000 0.312500 0.178125 0.316667 0.176563 0.320833 0.165625 0.320833 0.153125 0.314583