0 0.000000 0.645833 0.000000 0.997917 0.998437 0.997917 0.998437 0.768750 0.453125 0.608333 0.470313 0.550000 0.400000 0.475000 0.381250 0.539583 0.335938 0.495833 0.270313 0.572917
1 0.453125 0.602083 0.998437 0.766667 0.993750 0.710417 0.781250 0.666667 0.473438 0.552083 0.475000 0.585417
1 0.000000 0.643750 0.201563 0.575000 0.270313 0.570833 0.298438 0.554167 0.312500 0.504167 0.095312 0.495833 0.078125 0.425000 0.000000 0.408333
2 0.881250 0.541667 0.881250 0.550000 0.878125 0.556250 0.878125 0.560417 0.881250 0.560417 0.887500 0.568750 0.901563 0.570833 0.903125 0.575000 0.910937 0.575000 0.907813 0.562500 0.896875 0.562500 0.893750 0.558333 0.892188 0.552083 0.889062 0.550000 0.889062 0.545833
2 0.176563 0.000000 0.000000 0.000000 0.001563 0.408333 0.084375 0.422917 0.103125 0.320833 0.121875 0.318750 0.128125 0.291667 0.203125 0.314583 0.207813 0.293750 0.229687 0.293750
4 0.953125 0.583333 0.953125 0.631250 0.956250 0.633333 0.957812 0.650000 0.981250 0.654167 0.982812 0.658333 0.998437 0.664583 0.998437 0.593750 0.970313 0.583333
4 0.800000 0.543750 0.795312 0.579167 0.818750 0.581250 0.831250 0.591667 0.864062 0.593750 0.870313 0.614583 0.898438 0.627083 0.903125 0.622917 0.910937 0.577083 0.887500 0.570833 0.881250 0.562500
4 0.281250 0.404167 0.276562 0.441667 0.295312 0.435417 0.310937 0.443750 0.379688 0.456250 0.379688 0.443750 0.371875 0.437500 0.356250 0.441667 0.325000 0.427083 0.300000 0.422917 0.289062 0.412500 0.287500 0.404167
4 0.078125 0.452083 0.093750 0.460417 0.095312 0.493750 0.109375 0.483333 0.239063 0.483333 0.243750 0.447917 0.268750 0.439583 0.271875 0.395833 0.235937 0.358333 0.107813 0.318750
5 0.801562 0.508333 0.796875 0.512500 0.795312 0.539583 0.792188 0.541667 0.784375 0.625000 0.781250 0.627083 0.781250 0.664583 0.784375 0.664583 0.787500 0.622917 0.790625 0.620833
5 0.387500 0.437500 0.382812 0.437500 0.381250 0.462500 0.375000 0.479167 0.375000 0.520833 0.373437 0.529167 0.370312 0.531250 0.381250 0.537500 0.384375 0.535417 0.387500 0.502083
5 0.779687 0.400000 0.771875 0.404167 0.748437 0.643750 0.756250 0.647917
5 0.528125 0.375000 0.523438 0.375000 0.509375 0.550000
5 0.287500 0.295833 0.273438 0.395833 0.265625 0.502083 0.270313 0.500000
5 0.814063 0.062500 0.787500 0.243750 0.779687 0.333333 0.784375 0.352083
7 0.789062 0.477083 0.787500 0.500000 0.785937 0.502083 0.787500 0.506250 0.817187 0.506250 0.818750 0.508333 0.825000 0.506250 0.825000 0.479167
7 0.804688 0.414583 0.795312 0.425000 0.792188 0.439583 0.792188 0.456250 0.795312 0.458333 0.796875 0.464583 0.806250 0.470833 0.818750 0.468750 0.825000 0.462500 0.825000 0.458333 0.828125 0.454167 0.828125 0.427083 0.825000 0.420833 0.817187 0.414583
7 0.773438 0.354167 0.771875 0.358333 0.768750 0.358333 0.768750 0.362500 0.765625 0.368750 0.765625 0.387500 0.771875 0.397917 0.785937 0.397917 0.792188 0.391667 0.795312 0.383333 0.795312 0.368750 0.793750 0.362500 0.789062 0.356250 0.782813 0.352083
7 0.520312 0.320833 0.515625 0.327083 0.515625 0.331250 0.512500 0.333333 0.510938 0.341667 0.512500 0.356250 0.518750 0.368750 0.523438 0.372917 0.534375 0.372917 0.543750 0.362500 0.545312 0.354167 0.543750 0.331250 0.537500 0.320833 0.532813 0.318750
7 0.287500 0.254167 0.285938 0.256250 0.282813 0.256250 0.279687 0.260417 0.279687 0.266667 0.276562 0.268750 0.278125 0.270833 0.278125 0.281250 0.281250 0.289583 0.290625 0.295833 0.292187 0.293750 0.296875 0.293750 0.303125 0.285417 0.303125 0.275000 0.301563 0.272917 0.301563 0.264583 0.300000 0.264583 0.298438 0.260417 0.293750 0.258333 0.292187 0.254167
8 0.234375 0.237500 0.231250 0.293750 0.207813 0.295833 0.204687 0.314583 0.232813 0.337500 0.237500 0.360417 0.253125 0.368750 0.256250 0.387500 0.275000 0.393750 0.284375 0.300000 0.271875 0.293750 0.265625 0.237500 0.253125 0.235417 0.240625 0.256250
8 0.393750 0.000000 0.548438 0.245833 0.460938 0.293750 0.468750 0.427083 0.301563 0.293750 0.292187 0.414583 0.489063 0.516667 0.546875 0.275000 0.518750 0.495833 0.748437 0.591667 0.814063 0.060417 0.776563 0.450000 0.915625 0.447917 0.881250 0.533333 0.784375 0.468750 0.764062 0.581250 0.804688 0.475000 0.904687 0.637500 0.998437 0.591667 0.998437 0.000000
9 0.764062 0.583333 0.759375 0.616667 0.760938 0.627083 0.757812 0.629167 0.759375 0.647917 0.778125 0.652083 0.781250 0.637500 0.779687 0.627083 0.782813 0.625000 0.781250 0.618750 0.785937 0.600000 0.785937 0.585417
9 0.795312 0.581250 0.789062 0.654167 0.998437 0.710417 0.996875 0.664583 0.904687 0.639583 0.896875 0.625000 0.870313 0.616667 0.864062 0.595833
9 0.401562 0.475000 0.487500 0.568750 0.746875 0.641667 0.751563 0.585417 0.721875 0.589583 0.653125 0.508333 0.610938 0.527083 0.518750 0.497917 0.509375 0.552083 0.509375 0.497917 0.492188 0.493750 0.484375 0.518750 0.482812 0.491667
9 0.267188 0.443750 0.245312 0.447917 0.239063 0.485417 0.214062 0.483333 0.212500 0.487500 0.170313 0.491667 0.203125 0.500000 0.264062 0.502083
9 0.270313 0.502083 0.300000 0.506250 0.348438 0.491667 0.375000 0.472917 0.379688 0.458333 0.284375 0.437500 0.275000 0.450000
10 0.868750 0.389583 0.870313 0.418750 0.893750 0.427083 0.895312 0.443750 0.887500 0.452083 0.881250 0.429167 0.859375 0.425000 0.853125 0.435417 0.862500 0.450000 0.854688 0.454167 0.843750 0.441667 0.829688 0.452083 0.823438 0.472917 0.854688 0.500000 0.851562 0.512500 0.887500 0.522917 0.889062 0.493750 0.914062 0.441667 0.906250 0.414583 0.890625 0.416667 0.879687 0.393750
10 0.998437 0.383333 0.982812 0.400000 0.982812 0.429167 0.979688 0.431250 0.976562 0.441667 0.984375 0.445833 0.984375 0.454167 0.990625 0.460417 0.992188 0.468750 0.998437 0.468750
10 0.956250 0.364583 0.948438 0.366667 0.942187 0.372917 0.937500 0.372917 0.934375 0.379167 0.929688 0.379167 0.931250 0.391667 0.928125 0.395833 0.929688 0.414583 0.928125 0.418750 0.932813 0.429167 0.945312 0.427083 0.946875 0.400000 0.956250 0.370833
10 0.585938 0.295833 0.570312 0.312500 0.553125 0.312500 0.562500 0.333333 0.554688 0.352083 0.570312 0.352083 0.568750 0.402083 0.581250 0.416667 0.578125 0.385417 0.590625 0.370833 0.596875 0.350000 0.593750 0.345833 0.592187 0.356250 0.584375 0.362500 0.579688 0.352083 0.592187 0.333333 0.600000 0.331250 0.582812 0.322917 0.593750 0.308333
10 0.178125 0.000000 0.229687 0.256250 0.265625 0.235417 0.284375 0.297917 0.292187 0.252083 0.381250 0.397917 0.443750 0.335417 0.473438 0.420833 0.459375 0.293750 0.503125 0.229167 0.529687 0.283333 0.548438 0.227083 0.528125 0.183333 0.492188 0.218750 0.442188 0.193750 0.462500 0.166667 0.446875 0.027083
13 0.125000 0.297917 0.123438 0.318750 0.235937 0.356250 0.231250 0.337500 0.201563 0.312500 0.153125 0.295833 0.128125 0.293750