0 0.998437 0.904167 0.617188 0.591667 0.615625 0.952083 0.576562 0.958333 0.579688 0.560417 0.506250 0.525000 0.262500 0.789583 0.000000 0.875000 0.000000 0.997917 0.998437 0.997917
2 0.201563 0.010417 0.187500 0.331250 0.275000 0.360417 0.278125 0.335417 0.310937 0.331250 0.220312 0.012500
2 0.000000 0.000000 0.000000 0.277083 0.078125 0.314583 0.165625 0.331250 0.181250 0.006250
3 0.395313 0.510417 0.178125 0.531250 0.176563 0.570833 0.354687 0.533333 0.395313 0.518750
3 0.006250 0.279167 0.000000 0.787500 0.035937 0.760417 0.051562 0.602083 0.156250 0.566667 0.156250 0.535417 0.053125 0.537500 0.056250 0.370833 0.076563 0.310417
4 0.182812 0.410417 0.178125 0.529167 0.512500 0.502083 0.398438 0.483333 0.381250 0.460417
4 0.060937 0.364583 0.054688 0.537500 0.157812 0.533333 0.164062 0.395833
5 0.596875 0.470833 0.584375 0.529167 0.576562 0.881250 0.562500 0.935417 0.604688 0.962500 0.614062 0.952083 0.604688 0.904167 0.614062 0.479167
5 0.184375 0.008333 0.148438 0.825000 0.165625 0.789583 0.200000 0.037500
7 0.175000 0.000000 0.185938 0.008333 0.195312 0.008333 0.196875 0.010417 0.201563 0.008333 0.207813 0.010417 0.212500 0.006250 0.217188 0.008333 0.226562 0.000000
8 0.998437 0.006250 0.826562 0.008333 0.814063 0.143750 0.940625 0.102083 0.962500 0.162500 0.764062 0.306250 0.748437 0.168750 0.675000 0.110417 0.625000 0.218750 0.651563 0.433333 0.635938 0.370833 0.585938 0.447917 0.562500 0.360417 0.501563 0.445833 0.353125 0.275000 0.262500 0.358333 0.398438 0.481250 0.584375 0.527083 0.606250 0.470833 0.690625 0.587500 0.696875 0.533333 0.998437 0.581250
9 0.615625 0.531250 0.615625 0.589583 0.998437 0.902083 0.998437 0.583333 0.732812 0.539583 0.718750 0.564583 0.696875 0.535417 0.690625 0.589583 0.687500 0.535417
9 0.584375 0.531250 0.404687 0.502083 0.175000 0.572917 0.150000 0.827083 0.154688 0.577083 0.053125 0.602083 0.000000 0.872917 0.231250 0.806250 0.503125 0.525000 0.581250 0.570833
10 0.285938 0.337500 0.290625 0.347917 0.290625 0.360417 0.293750 0.364583 0.295312 0.370833 0.303125 0.375000 0.306250 0.368750 0.306250 0.364583 0.303125 0.362500 0.303125 0.354167 0.301563 0.350000 0.304688 0.345833 0.307812 0.345833 0.309375 0.337500 0.300000 0.337500 0.298438 0.335417
10 0.981250 0.231250 0.971875 0.231250 0.959375 0.216667 0.946875 0.233333 0.923438 0.241667 0.920312 0.252083 0.928125 0.252083 0.929688 0.262500 0.917188 0.281250 0.917188 0.287500 0.928125 0.293750 0.921875 0.339583 0.950000 0.325000 0.951562 0.312500 0.962500 0.302083 0.959375 0.289583 0.973437 0.268750
10 0.218750 0.008333 0.315625 0.339583 0.353125 0.272917 0.373437 0.352083 0.501563 0.443750 0.562500 0.358333 0.585938 0.445833 0.635938 0.368750 0.667188 0.412500 0.623437 0.218750 0.690625 0.095833 0.750000 0.168750 0.760938 0.304167 0.960938 0.162500 0.921875 0.160417 0.940625 0.104167 0.814063 0.145833 0.832812 0.000000
13 0.187500 0.333333 0.187500 0.402083 0.328125 0.445833 0.314063 0.397917 0.304688 0.387500 0.218750 0.337500
13 0.070312 0.322917 0.065625 0.362500 0.109375 0.372917 0.159375 0.393750 0.165625 0.387500 0.165625 0.333333 0.140625 0.333333 0.085938 0.314583