0 0.185938 0.997917 0.998437 0.997917 0.998437 0.852083 0.432812 0.487500
2 0.000000 0.000000 0.000000 0.300000 0.032813 0.312500 0.037500 0.297917 0.128125 0.283333 0.128125 0.243750 0.025000 0.000000
3 0.295312 0.516667 0.003125 0.593750 0.000000 0.643750
4 0.000000 0.593750 0.295312 0.514583 0.301563 0.487500 0.428125 0.483333 0.000000 0.416667
8 0.998437 0.497917 0.998437 0.164583 0.959375 0.366667 0.909375 0.362500 0.842187 0.120833 0.764062 0.145833 0.756250 0.000000 0.609375 0.000000 0.646875 0.312500 0.601562 0.379167 0.565625 0.316667 0.512500 0.406250 0.484375 0.316667 0.425000 0.416667 0.259375 0.327083 0.228125 0.222917 0.181250 0.375000 0.143750 0.237500 0.057813 0.320833 0.178125 0.441667 0.681250 0.481250 0.689063 0.562500 0.700000 0.481250
9 0.620313 0.797917 0.615625 0.802083 0.607812 0.804167 0.607812 0.818750 0.614062 0.822917 0.609375 0.833333 0.612500 0.845833 0.620313 0.852083 0.626563 0.852083 0.628125 0.841667 0.631250 0.837500 0.626563 0.833333 0.628125 0.831250 0.626563 0.825000 0.629687 0.820833 0.631250 0.806250 0.628125 0.806250
9 0.431250 0.485417 0.301563 0.489583 0.287500 0.529167 0.000000 0.645833 0.000000 0.997917 0.184375 0.997917 0.345313 0.704167
9 0.475000 0.497917 0.998437 0.850000 0.998437 0.500000 0.700000 0.483333 0.689063 0.564583 0.681250 0.483333
10 0.085938 0.293750 0.067187 0.297917 0.060937 0.295833 0.059375 0.300000 0.053125 0.297917 0.045312 0.302083 0.037500 0.300000 0.034375 0.302083 0.034375 0.314583 0.056250 0.320833 0.059375 0.314583 0.067187 0.318750 0.067187 0.314583 0.073438 0.304167 0.082812 0.310417
10 0.757812 0.000000 0.765625 0.145833 0.842187 0.118750 0.842187 0.172917 0.859375 0.164583 0.842187 0.200000 0.857812 0.283333 0.881250 0.285417 0.898438 0.352083 0.957812 0.366667 0.948438 0.339583 0.984375 0.295833 0.943750 0.231250 0.993750 0.183333 0.998437 0.000000
10 0.026562 0.000000 0.179688 0.372917 0.176563 0.297917 0.226562 0.220833 0.259375 0.325000 0.346875 0.331250 0.425000 0.414583 0.464062 0.406250 0.484375 0.314583 0.529687 0.404167 0.557813 0.318750 0.584375 0.379167 0.645312 0.312500 0.600000 0.233333 0.607812 0.000000
13 0.000000 0.302083 0.004687 0.418750 0.176563 0.439583 0.173437 0.420833 0.157812 0.412500 0.125000 0.354167