0 0.998437 0.956250 0.629687 0.579167 0.579688 0.725000 0.418750 0.606250 0.000000 0.591667 0.000000 0.997917 0.998437 0.997917
1 0.623437 0.566667 0.620313 0.575000 0.673438 0.612500 0.731250 0.668750 0.650000 0.581250
2 0.376563 0.202083 0.367188 0.295833 0.389062 0.300000 0.392188 0.293750 0.392188 0.279167
2 0.000000 0.000000 0.000000 0.164583 0.351562 0.314583 0.368750 0.156250 0.337500 0.000000
3 0.346875 0.481250 0.450000 0.481250 0.457813 0.472917 0.450000 0.468750 0.348438 0.460417
3 0.271875 0.416667 0.262500 0.472917 0.271875 0.487500 0.284375 0.477083 0.334375 0.477083 0.335938 0.458333 0.285938 0.454167 0.282813 0.450000 0.282813 0.410417
4 0.357812 0.377083 0.353125 0.460417 0.450000 0.466667 0.567187 0.497917 0.543750 0.475000 0.464062 0.456250 0.450000 0.427083
4 0.000000 0.166667 0.000000 0.589583 0.039062 0.604167 0.071875 0.572917 0.264062 0.554167 0.281250 0.408333 0.285938 0.452083 0.337500 0.456250 0.345313 0.370833 0.298438 0.345833 0.303125 0.300000
5 0.584375 0.458333 0.568750 0.662500 0.556250 0.708333 0.575000 0.722917 0.585938 0.716667 0.582812 0.685417 0.598437 0.554167 0.603125 0.464583
5 0.998437 0.393750 0.951562 0.785417 0.960938 0.793750 0.970313 0.779167 0.998437 0.545833
5 0.376563 0.135417 0.323437 0.610417 0.332813 0.602083
7 0.998437 0.108333 0.982812 0.129167 0.971875 0.166667 0.970313 0.187500 0.975000 0.214583 0.996875 0.245833
7 0.373437 0.041667 0.359375 0.052083 0.354687 0.070833 0.354687 0.100000 0.359375 0.116667 0.368750 0.131250 0.390625 0.137500 0.400000 0.133333 0.410938 0.112500 0.410938 0.079167 0.400000 0.052083 0.389062 0.041667
8 0.998437 0.547917 0.998437 0.558333 0.995313 0.560417 0.995313 0.583333 0.992188 0.585417 0.992188 0.612500 0.987500 0.639583 0.998437 0.641667
8 0.365625 0.302083 0.464062 0.454167 0.578125 0.506250 0.595313 0.456250 0.601562 0.516667 0.717187 0.547917 0.718750 0.593750 0.734375 0.552083 0.965625 0.635417 0.975000 0.216667 0.971875 0.275000 0.837500 0.352083 0.740625 0.156250 0.685937 0.250000 0.665625 0.456250 0.629687 0.360417 0.560937 0.435417 0.431250 0.247917
8 0.854688 0.000000 0.870313 0.045833 0.853125 0.068750 0.887500 0.052083 0.895312 0.066667 0.853125 0.145833 0.882812 0.185417 0.862500 0.197917 0.862500 0.214583 0.878125 0.231250 0.917188 0.227083 0.970313 0.200000 0.973437 0.154167 0.998437 0.106250 0.998437 0.000000
9 0.600000 0.518750 0.592187 0.622917 0.609375 0.575000 0.640625 0.570833 0.998437 0.954167 0.998437 0.643750 0.960938 0.795833 0.962500 0.635417 0.778125 0.566667 0.757812 0.587500 0.734375 0.554167 0.718750 0.595833 0.717187 0.550000
9 0.581250 0.512500 0.478125 0.477083 0.346875 0.483333 0.323437 0.612500 0.334375 0.483333 0.284375 0.479167 0.264062 0.556250 0.071875 0.575000 0.034375 0.606250 0.418750 0.604167 0.560937 0.697917
10 0.339062 0.000000 0.351562 0.070833 0.412500 0.079167 0.396875 0.304167 0.434375 0.247917 0.446875 0.322917 0.560937 0.433333 0.629687 0.358333 0.667188 0.452083 0.684375 0.250000 0.756250 0.145833 0.818750 0.343750 0.979688 0.258333 0.971875 0.202083 0.860938 0.214583 0.893750 0.066667 0.853125 0.066667 0.853125 0.000000
14 0.304688 0.300000 0.300000 0.327083 0.300000 0.345833 0.320312 0.356250 0.325000 0.356250 0.334375 0.343750 0.332813 0.329167 0.326562 0.320833 0.321875 0.308333 0.325000 0.302083
15 0.362500 0.327083 0.359375 0.372917 0.375000 0.385417 0.382812 0.385417 0.385937 0.381250 0.393750 0.389583 0.390625 0.393750 0.395313 0.393750 0.393750 0.387500 0.396875 0.385417 0.396875 0.372917 0.392188 0.356250 0.376563 0.337500
15 0.326562 0.302083 0.323437 0.306250 0.325000 0.314583 0.334375 0.329167 0.335938 0.343750 0.326562 0.358333 0.345313 0.368750 0.348438 0.352083 0.350000 0.314583