0 0.178125 0.995833 0.998437 0.997917 0.998437 0.854167 0.417187 0.483333
2 0.000000 0.035417 0.000000 0.291667 0.095312 0.272917 0.087500 0.227083
3 0.271875 0.516667 0.000000 0.591667 0.000000 0.641667
4 0.000000 0.589583 0.273438 0.518750 0.281250 0.487500 0.415625 0.475000 0.273438 0.472917 0.239063 0.450000 0.000000 0.425000
8 0.998437 0.137500 0.889062 0.354167 0.831250 0.131250 0.751563 0.137500 0.753125 0.000000 0.595313 0.000000 0.635938 0.300000 0.585938 0.375000 0.548438 0.312500 0.498437 0.404167 0.468750 0.310417 0.407813 0.414583 0.234375 0.322917 0.204687 0.216667 0.156250 0.377083 0.115625 0.229167 0.023438 0.322917 0.154688 0.443750 0.670312 0.475000 0.687500 0.558333 0.684375 0.475000 0.998437 0.485417
9 0.453125 0.722917 0.450000 0.729167 0.451562 0.737500 0.450000 0.743750 0.453125 0.756250 0.459375 0.758333 0.457813 0.747917 0.462500 0.745833 0.470313 0.760417 0.470313 0.766667 0.473438 0.766667 0.473438 0.756250 0.478125 0.750000 0.473438 0.733333 0.467187 0.729167 0.468750 0.727083
9 0.415625 0.483333 0.281250 0.489583 0.267188 0.529167 0.000000 0.643750 0.000000 0.997917 0.176563 0.997917 0.364063 0.631250
9 0.457813 0.489583 0.998437 0.852083 0.998437 0.487500 0.684375 0.477083 0.687500 0.560417 0.670312 0.477083
10 0.053125 0.285417 0.042188 0.285417 0.040625 0.289583 0.034375 0.287500 0.028125 0.291667 0.020313 0.289583 0.014063 0.293750 0.000000 0.293750 0.000000 0.310417 0.003125 0.314583 0.018750 0.320833 0.025000 0.320833 0.025000 0.314583 0.029687 0.312500 0.035937 0.320833 0.042188 0.304167 0.050000 0.304167
10 0.754687 0.000000 0.753125 0.137500 0.820312 0.112500 0.832812 0.131250 0.820312 0.164583 0.839063 0.160417 0.820312 0.195833 0.837500 0.277083 0.860938 0.281250 0.875000 0.345833 0.937500 0.360417 0.935937 0.327083 0.973437 0.283333 0.929688 0.225000 0.996875 0.141667 0.998437 0.000000
10 0.000000 0.000000 0.154688 0.375000 0.148438 0.291667 0.200000 0.214583 0.234375 0.320833 0.329688 0.329167 0.407813 0.412500 0.448437 0.402083 0.468750 0.308333 0.501563 0.402083 0.542188 0.314583 0.567187 0.377083 0.634375 0.300000 0.587500 0.222917 0.593750 0.000000
13 0.000000 0.312500 0.000000 0.422917 0.137500 0.437500 0.098437 0.358333