0 0.873437 0.860417 0.528125 0.556250 0.418750 0.735417 0.181250 0.937500 0.153125 0.997917 0.870313 0.997917
2 0.037500 0.000000 0.007812 0.335417 0.101562 0.370833 0.117188 0.320833 0.257812 0.356250 0.328125 0.350000 0.248438 0.000000
2 0.012500 0.000000 0.000000 0.000000 0.000000 0.089583 0.009375 0.039583 0.009375 0.018750 0.012500 0.016667 0.010937 0.010417 0.014063 0.006250
3 0.412500 0.541667 0.000000 0.554167 0.000000 0.620833 0.323437 0.572917
4 0.003125 0.341667 0.000000 0.552083 0.534375 0.550000 0.089063 0.354167
5 0.881250 0.602083 0.870313 0.995833 0.981250 0.997917 0.978125 0.622917 0.945312 0.597917
5 0.035937 0.000000 0.014063 0.000000 0.000000 0.091667 0.000000 0.368750
8 0.998437 0.668750 0.981250 0.297917 0.828125 0.354167 0.821875 0.208333 0.756250 0.122917 0.678125 0.247917 0.693750 0.481250 0.662500 0.420833 0.610938 0.493750 0.587500 0.404167 0.526563 0.483333 0.381250 0.295833 0.320312 0.387500 0.259375 0.358333 0.417187 0.514583 0.737500 0.595833 0.740625 0.664583 0.750000 0.600000 0.915625 0.589583
8 0.998437 0.000000 0.946875 0.000000 0.928125 0.022917 0.906250 0.081250 0.932813 0.120833 0.950000 0.120833 0.951562 0.133333 0.923438 0.156250 0.903125 0.156250 0.903125 0.175000 0.959375 0.185417 0.998437 0.172917
9 0.981250 0.660417 0.978125 0.808333 0.990625 0.975000 0.998437 0.970833 0.998437 0.670833
9 0.562500 0.570833 0.873437 0.852083 0.876563 0.629167 0.770312 0.608333 0.764062 0.637500 0.750000 0.602083 0.740625 0.666667 0.737500 0.597917
9 0.535937 0.552083 0.417187 0.537500 0.001563 0.620833 0.000000 0.997917 0.151562 0.997917 0.181250 0.935417 0.418750 0.733333
10 0.331250 0.352083 0.314063 0.350000 0.312500 0.354167 0.312500 0.360417 0.315625 0.364583 0.315625 0.372917 0.317188 0.375000 0.317188 0.381250 0.318750 0.385417 0.320312 0.385417 0.323437 0.381250 0.326562 0.381250 0.326562 0.364583 0.331250 0.360417
10 0.250000 0.000000 0.331250 0.343750 0.381250 0.293750 0.526563 0.481250 0.587500 0.402083 0.610938 0.491667 0.662500 0.418750 0.679688 0.481250 0.715625 0.454167 0.676562 0.247917 0.751563 0.120833 0.823438 0.208333 0.828125 0.352083 0.967187 0.272917 0.998437 0.447917 0.998437 0.175000 0.898438 0.170833 0.950000 0.133333 0.904687 0.081250 0.945312 0.000000
13 0.268750 0.383333 0.268750 0.406250 0.279687 0.404167 0.282813 0.414583 0.296875 0.425000 0.304688 0.439583 0.310937 0.443750 0.314063 0.439583 0.326562 0.456250 0.329688 0.445833 0.332813 0.464583 0.340625 0.464583 0.329688 0.416667 0.320312 0.404167 0.320312 0.408333 0.307812 0.406250 0.303125 0.395833 0.278125 0.379167
13 0.114062 0.331250 0.106250 0.370833 0.110937 0.377083 0.201563 0.412500 0.218750 0.410417 0.214062 0.402083 0.204687 0.402083 0.198437 0.370833 0.181250 0.362500 0.159375 0.364583 0.128125 0.341667 0.123438 0.327083
15 0.115625 0.327083 0.159375 0.362500 0.198437 0.368750 0.206250 0.402083 0.220312 0.410417 0.210938 0.414583 0.332813 0.460417 0.265625 0.393750 0.278125 0.377083 0.318750 0.402083 0.256250 0.356250 0.201563 0.333333