0 0.698438 0.720833 0.690625 0.997917 0.998437 0.997917 0.998437 0.962500
0 0.637500 0.670833 0.471875 0.556250 0.353125 0.737500 0.176563 0.889583 0.118750 0.997917 0.521875 0.997917 0.585938 0.885417 0.628125 0.891667
2 0.039062 0.000000 0.014063 0.366667 0.035937 0.339583 0.185938 0.370833 0.262500 0.356250 0.162500 0.000000
3 0.357812 0.541667 0.000000 0.587500 0.000000 0.641667 0.353125 0.558333
4 0.009375 0.395833 0.000000 0.585417 0.360938 0.537500 0.471875 0.543750
5 0.651563 0.529167 0.640625 0.568750 0.635938 0.997917 0.689063 0.997917 0.689063 0.541667
5 0.037500 0.000000 0.009375 0.000000 0.000000 0.035417 0.000000 0.508333
8 0.998437 0.000000 0.829688 0.000000 0.800000 0.183333 0.960938 0.187500 0.904687 0.435417 0.864062 0.258333 0.731250 0.343750 0.670312 0.131250 0.601562 0.247917 0.623437 0.466667 0.529687 0.395833 0.468750 0.479167 0.314063 0.304167 0.187500 0.370833 0.360938 0.518750 0.998437 0.625000
9 0.634375 0.847917 0.628125 0.895833 0.601562 0.887500 0.598437 0.904167 0.585938 0.887500 0.584375 0.910417 0.567187 0.916667 0.546875 0.947917 0.548438 0.981250 0.526563 0.979167 0.523438 0.997917 0.634375 0.997917
9 0.698438 0.577083 0.696875 0.722917 0.998437 0.960417 0.998437 0.627083
9 0.639062 0.568750 0.364063 0.539583 0.000000 0.643750 0.000000 0.997917 0.131250 0.987500 0.176563 0.887500 0.353125 0.735417 0.471875 0.554167 0.637500 0.668750
10 0.242188 0.358333 0.245312 0.372917 0.248438 0.375000 0.248438 0.391667 0.254688 0.393750 0.257812 0.387500 0.262500 0.389583 0.262500 0.383333 0.259375 0.381250 0.259375 0.372917 0.264062 0.370833 0.264062 0.358333 0.250000 0.358333 0.248438 0.360417 0.243750 0.360417
10 0.164062 0.000000 0.264062 0.352083 0.314063 0.302083 0.468750 0.477083 0.529687 0.393750 0.553125 0.481250 0.646875 0.435417 0.600000 0.247917 0.667188 0.129167 0.731250 0.341667 0.864062 0.256250 0.904687 0.433333 0.943750 0.310417 0.917188 0.143750 0.789062 0.172917 0.828125 0.000000
13 0.014063 0.375000 0.014063 0.393750 0.281250 0.475000 0.254688 0.410417 0.154688 0.354167 0.035937 0.341667