0 0.771875 0.997917 0.426563 0.468750 0.000000 0.777083 0.000000 0.997917
3 0.000000 0.420833 0.000000 0.454167 0.089063 0.450000 0.101562 0.439583 0.100000 0.431250 0.085938 0.431250 0.084375 0.427083
4 0.329688 0.431250 0.331250 0.435417 0.350000 0.441667 0.384375 0.445833 0.385937 0.450000 0.395313 0.450000 0.396875 0.454167 0.412500 0.456250 0.412500 0.445833 0.404687 0.445833 0.401562 0.441667 0.382812 0.441667 0.381250 0.437500 0.340625 0.425000 0.331250 0.425000
4 0.278125 0.416667 0.279687 0.422917 0.287500 0.422917 0.295312 0.427083 0.303125 0.427083 0.304688 0.429167 0.312500 0.429167 0.314063 0.431250 0.318750 0.429167 0.318750 0.420833 0.317188 0.418750 0.284375 0.416667 0.284375 0.418750 0.281250 0.420833 0.279687 0.416667
4 0.000000 0.285417 0.000000 0.418750 0.103125 0.431250 0.107813 0.329167
8 0.000000 0.116667 0.000000 0.283333 0.082812 0.283333 0.112500 0.397917 0.456250 0.491667 0.476562 0.412500 0.473438 0.495833 0.870313 0.606250 0.870313 0.689583 0.890625 0.612500 0.998437 0.652083 0.998437 0.000000 0.820312 0.016667 0.745313 0.456250 0.592187 0.306250 0.551562 0.397917 0.493750 0.281250 0.415625 0.389583 0.320312 0.250000 0.179688 0.250000 0.132812 0.000000
9 0.475000 0.687500 0.434375 0.702083 0.396875 0.675000 0.390625 0.747917 0.367188 0.739583 0.348438 0.789583 0.314063 0.741667 0.317188 0.766667 0.292187 0.772917 0.348438 0.812500 0.337500 0.885417 0.343750 0.866667 0.362500 0.939583 0.429688 0.902083 0.434375 0.804167 0.459375 0.816667 0.439063 0.856250 0.475000 0.891667 0.487500 0.847917 0.509375 0.845833 0.514062 0.789583 0.478125 0.758333
9 0.428125 0.468750 0.773438 0.997917 0.998437 0.997917 0.998437 0.654167 0.890625 0.614583 0.870313 0.691667 0.870313 0.608333
9 0.000000 0.775000 0.418750 0.460417 0.337500 0.437500 0.320312 0.458333 0.317188 0.433333 0.110937 0.395833 0.095312 0.450000 0.000000 0.456250
10 0.179688 0.247917 0.212500 0.206250 0.253125 0.262500 0.320312 0.247917 0.415625 0.387500 0.493750 0.279167 0.512500 0.389583 0.551562 0.395833 0.592187 0.304167 0.601562 0.391667 0.700000 0.368750 0.745313 0.454167 0.746875 0.308333 0.826562 0.212500 0.764062 0.168750 0.845313 0.120833 0.812500 0.031250 0.851562 0.008333 0.134375 0.000000
10 0.053125 0.000000 0.000000 0.000000 0.000000 0.114583 0.004687 0.127083 0.006250 0.112500 0.026562 0.122917 0.020313 0.102083 0.031250 0.091667 0.023438 0.050000 0.029687 0.045833 0.048438 0.054167 0.056250 0.043750 0.062500 0.020833