0 0.770312 0.997917 0.428125 0.468750 0.000000 0.770833 0.000000 0.997917
3 0.000000 0.420833 0.000000 0.454167 0.092188 0.447917 0.100000 0.439583 0.100000 0.433333 0.087500 0.427083 0.042188 0.427083
4 0.326562 0.422917 0.326562 0.435417 0.337500 0.435417 0.364063 0.445833 0.381250 0.445833 0.393750 0.454167 0.415625 0.456250 0.412500 0.454167 0.412500 0.445833 0.403125 0.437500 0.395313 0.435417 0.392188 0.441667 0.384375 0.441667 0.382812 0.437500
4 0.271875 0.416667 0.271875 0.418750 0.279687 0.418750 0.281250 0.422917 0.289062 0.422917 0.312500 0.431250 0.318750 0.431250 0.320312 0.425000 0.318750 0.418750 0.303125 0.416667 0.301563 0.414583 0.279687 0.412500
4 0.000000 0.283333 0.000000 0.418750 0.087500 0.425000 0.101562 0.433333 0.107813 0.329167 0.081250 0.310417 0.076563 0.316667
8 0.000000 0.114583 0.000000 0.281250 0.106250 0.393750 0.456250 0.491667 0.478125 0.414583 0.475000 0.495833 0.873437 0.608333 0.881250 0.691667 0.998437 0.652083 0.998437 0.000000 0.828125 0.010417 0.750000 0.460417 0.595313 0.306250 0.551562 0.400000 0.496875 0.281250 0.417187 0.389583 0.325000 0.252083 0.182812 0.254167 0.132812 0.000000
9 0.585938 0.925000 0.584375 0.927083 0.590625 0.933333 0.589063 0.941667 0.582812 0.943750 0.579688 0.937500 0.576562 0.937500 0.576562 0.950000 0.603125 0.950000 0.609375 0.970833 0.607812 0.964583 0.610938 0.960417 0.607812 0.958333 0.607812 0.952083 0.610938 0.945833 0.607812 0.937500 0.592187 0.935417 0.592187 0.925000
9 0.225000 0.770833 0.253125 0.791667 0.228125 0.820833 0.254688 0.806250 0.253125 0.918750 0.365625 0.877083 0.385937 0.816667 0.412500 0.862500 0.435937 0.825000 0.507812 0.872917 0.529687 0.825000 0.540625 0.864583 0.571875 0.858333 0.479687 0.722917 0.376563 0.706250 0.384375 0.664583 0.320312 0.750000 0.307812 0.731250 0.301563 0.775000 0.293750 0.729167
9 0.443750 0.483333 0.771875 0.997917 0.998437 0.997917 0.998437 0.654167 0.901563 0.625000 0.890625 0.697917 0.873437 0.610417
9 0.000000 0.768750 0.420312 0.462500 0.337500 0.437500 0.320312 0.458333 0.318750 0.433333 0.118750 0.395833 0.092188 0.450000 0.001563 0.454167
10 0.182812 0.252083 0.214062 0.206250 0.325000 0.250000 0.417187 0.387500 0.496875 0.279167 0.551562 0.397917 0.595313 0.304167 0.604688 0.391667 0.701562 0.368750 0.750000 0.458333 0.754687 0.304167 0.834375 0.210417 0.771875 0.166667 0.853125 0.118750 0.821875 0.025000 0.860938 0.000000 0.134375 0.000000
10 0.054688 0.000000 0.000000 0.000000 0.000000 0.112500 0.007812 0.122917 0.004687 0.114583 0.010937 0.110417 0.023438 0.125000 0.028125 0.120833 0.021875 0.097917 0.032813 0.089583 0.025000 0.047917 0.032813 0.043750 0.048438 0.054167 0.056250 0.043750 0.056250 0.020833 0.064062 0.014583