0 0.785937 0.997917 0.512500 0.537500 0.535937 0.531250 0.470313 0.479167 0.000000 0.806250 0.000000 0.997917
2 0.871875 0.491667 0.870313 0.493750 0.871875 0.497917 0.871875 0.506250 0.873437 0.508333 0.871875 0.516667 0.878125 0.516667 0.882812 0.520833 0.887500 0.520833 0.887500 0.514583 0.889062 0.512500 0.889062 0.495833 0.887500 0.493750 0.882812 0.493750 0.881250 0.491667
4 0.343750 0.431250 0.343750 0.443750 0.373437 0.445833 0.384375 0.454167 0.440625 0.466667 0.442188 0.458333 0.443750 0.466667 0.453125 0.470833 0.443750 0.454167 0.429688 0.456250 0.379688 0.437500
8 0.000000 0.000000 0.046875 0.420833 0.518750 0.514583 0.528125 0.410417 0.526563 0.516667 0.998437 0.637500 0.998437 0.143750 0.870313 0.331250 0.882812 0.522917 0.665625 0.283333 0.604688 0.410417 0.543750 0.268750 0.507812 0.410417 0.354687 0.237500 0.248438 0.214583 0.179688 0.327083 0.139063 0.033333
9 0.435937 0.847917 0.435937 0.854167 0.448437 0.854167 0.451562 0.852083 0.453125 0.856250 0.456250 0.858333 0.456250 0.870833 0.454688 0.872917 0.456250 0.877083 0.460938 0.879167 0.464062 0.875000 0.464062 0.866667 0.465625 0.864583 0.465625 0.852083 0.457813 0.845833 0.454688 0.850000 0.450000 0.847917 0.439063 0.847917 0.437500 0.845833
9 0.471875 0.804167 0.473438 0.812500 0.471875 0.839583 0.481250 0.847917 0.482812 0.868750 0.485938 0.872917 0.485938 0.879167 0.490625 0.868750 0.489063 0.847917 0.485938 0.841667 0.485938 0.835417 0.490625 0.831250 0.490625 0.816667 0.485938 0.808333 0.478125 0.816667 0.475000 0.806250
9 0.521875 0.795833 0.520312 0.820833 0.515625 0.812500 0.501563 0.812500 0.500000 0.831250 0.509375 0.835417 0.512500 0.862500 0.507812 0.872917 0.500000 0.864583 0.490625 0.879167 0.506250 0.889583 0.509375 0.904167 0.512500 0.891667 0.526563 0.881250 0.517188 0.854167 0.520312 0.831250 0.529687 0.827083 0.531250 0.860417 0.531250 0.847917 0.535937 0.850000 0.535937 0.812500 0.529687 0.812500
9 0.493750 0.733333 0.490625 0.752083 0.482812 0.756250 0.484375 0.770833 0.489063 0.775000 0.492188 0.766667 0.500000 0.766667 0.503125 0.775000 0.509375 0.770833 0.520312 0.772917 0.521875 0.760417 0.525000 0.756250 0.525000 0.747917 0.518750 0.747917 0.517188 0.752083 0.512500 0.752083 0.506250 0.745833 0.500000 0.733333
9 0.460938 0.712500 0.460938 0.714583 0.456250 0.716667 0.454688 0.720833 0.453125 0.735417 0.459375 0.745833 0.459375 0.741667 0.462500 0.739583 0.464062 0.741667 0.462500 0.745833 0.470313 0.747917 0.473438 0.745833 0.473438 0.739583 0.475000 0.737500 0.481250 0.737500 0.468750 0.735417 0.465625 0.731250 0.465625 0.722917 0.464062 0.720833 0.465625 0.718750 0.465625 0.712500
9 0.521875 0.704167 0.518750 0.704167 0.514062 0.695833 0.510938 0.695833 0.509375 0.708333 0.504687 0.706250 0.498437 0.708333 0.493750 0.704167 0.482812 0.702083 0.482812 0.712500 0.475000 0.727083 0.476562 0.731250 0.482812 0.733333 0.484375 0.727083 0.485938 0.729167 0.493750 0.727083 0.495312 0.718750 0.509375 0.720833 0.510938 0.716667 0.514062 0.716667 0.517188 0.720833 0.518750 0.708333
9 0.434375 0.675000 0.406250 0.662500 0.398438 0.677083 0.406250 0.693750 0.400000 0.700000 0.395313 0.695833 0.390625 0.708333 0.389062 0.702083 0.389062 0.735417 0.375000 0.741667 0.378125 0.756250 0.400000 0.756250 0.410938 0.733333 0.415625 0.758333 0.414062 0.735417 0.420312 0.716667 0.426563 0.714583 0.425000 0.691667
9 0.498437 0.512500 0.537500 0.531250 0.514062 0.537500 0.784375 0.995833 0.998437 0.997917 0.998437 0.639583 0.896875 0.604167 0.884375 0.572917
9 0.000000 0.804167 0.464062 0.477083 0.350000 0.443750 0.339062 0.475000 0.314063 0.431250 0.062500 0.393750 0.046875 0.422917 0.040625 0.389583 0.000000 0.383333
10 0.101562 0.010417 0.179688 0.325000 0.248438 0.212500 0.292187 0.279167 0.354687 0.235417 0.507812 0.408333 0.543750 0.266667 0.604688 0.408333 0.665625 0.281250 0.682813 0.383333 0.795312 0.358333 0.882812 0.491667 0.868750 0.331250 0.998437 0.141667 0.998437 0.000000