0 0.925000 0.997917 0.623437 0.620833 0.651563 0.591667 0.501563 0.491667 0.000000 0.997917
1 0.654687 0.593750 0.656250 0.612500 0.998437 0.762500 0.990625 0.727083
4 0.326562 0.441667 0.326562 0.450000 0.490625 0.485417 0.485938 0.466667 0.478125 0.470833 0.412500 0.452083
5 0.615625 0.414583 0.612500 0.418750 0.604688 0.537500 0.606250 0.560417
8 0.000000 0.122917 0.000000 0.414583 0.318750 0.500000 0.478125 0.435417 0.603125 0.539583 0.615625 0.391667 0.617188 0.554167 0.998437 0.602083 0.998437 0.341667 0.898438 0.283333 0.831250 0.347917 0.796875 0.200000 0.701562 0.391667 0.631250 0.377083 0.600000 0.222917 0.545312 0.427083 0.339062 0.252083 0.342187 0.122917 0.312500 0.277083 0.257812 0.210417 0.200000 0.343750
9 0.623437 0.614583 0.926562 0.997917 0.998437 0.997917 0.998437 0.764583 0.696875 0.625000
9 0.892188 0.595833 0.996875 0.612500 0.998437 0.616667 0.998437 0.604167
9 0.581250 0.556250 0.998437 0.729167 0.993750 0.622917
9 0.542188 0.527083 0.551562 0.535417 0.556250 0.543750 0.564063 0.547917 0.603125 0.552083 0.603125 0.541667 0.592187 0.541667
9 0.000000 0.995833 0.490625 0.489583 0.326562 0.452083 0.318750 0.502083 0.314063 0.450000 0.000000 0.416667
10 0.000000 0.000000 0.045312 0.235417 0.107813 0.293750 0.142187 0.241667 0.185938 0.339583 0.257812 0.208333 0.310937 0.277083 0.342187 0.120833 0.340625 0.252083 0.545312 0.425000 0.600000 0.220833 0.648438 0.387500 0.720313 0.377083 0.792188 0.197917 0.831250 0.345833 0.898438 0.281250 0.998437 0.339583 0.998437 0.000000