0 0.000000 0.812500 0.000000 0.997917 0.998437 0.997917 0.998437 0.870833 0.553125 0.635417 0.410938 0.472917
1 0.617188 0.587500 0.617188 0.612500 0.998437 0.641667 0.992188 0.614583
1 0.518750 0.591667 0.539062 0.606250 0.546875 0.606250 0.553125 0.618750 0.573438 0.610417 0.607812 0.612500 0.609375 0.587500 0.523438 0.585417
4 0.167187 0.412500 0.203125 0.433333 0.395313 0.464583 0.395313 0.452083
5 0.631250 0.320833 0.625000 0.333333 0.610938 0.618750
7 0.634375 0.258333 0.628125 0.258333 0.625000 0.262500 0.618750 0.285417 0.618750 0.312500 0.623437 0.322917 0.631250 0.318750 0.631250 0.312500 0.637500 0.297917 0.637500 0.262500
8 0.000000 0.172917 0.003125 0.420833 0.379688 0.408333 0.454688 0.520833 0.610938 0.564583 0.625000 0.325000 0.573438 0.314583 0.532813 0.112500 0.473438 0.214583 0.457813 0.389583 0.289062 0.266667 0.240625 0.147917 0.171875 0.206250 0.060937 0.102083
8 0.989062 0.195833 0.846875 0.216667 0.871875 0.097917 0.832812 0.079167 0.832812 0.033333 0.760938 0.093750 0.748437 0.189583 0.723437 0.183333 0.706250 0.258333 0.732812 0.289583 0.673438 0.331250 0.632812 0.312500 0.620313 0.560417 0.998437 0.581250
8 0.004687 0.000000 0.000000 0.000000 0.000000 0.079167 0.004687 0.072917 0.003125 0.068750 0.006250 0.058333 0.004687 0.054167 0.009375 0.045833 0.009375 0.031250 0.012500 0.029167 0.010937 0.020833 0.006250 0.012500
9 0.545312 0.608333 0.582812 0.652083 0.998437 0.868750 0.998437 0.643750
9 0.617188 0.577083 0.628125 0.589583 0.998437 0.616667 0.998437 0.583333 0.812500 0.587500 0.626563 0.562500
9 0.456250 0.522917 0.501563 0.579167 0.517188 0.589583 0.523438 0.583333 0.609375 0.585417 0.610938 0.566667 0.531250 0.550000 0.489063 0.527083
9 0.000000 0.810417 0.404687 0.470833 0.000000 0.420833
10 0.006250 0.000000 0.001563 0.172917 0.060937 0.100000 0.171875 0.204167 0.240625 0.145833 0.398438 0.377083 0.462500 0.383333 0.529687 0.110417 0.575000 0.314583 0.731250 0.289583 0.721875 0.183333 0.826562 0.029167 0.846875 0.214583 0.998437 0.225000 0.998437 0.000000