0 0.000000 0.795833 0.000000 0.997917 0.998437 0.997917 0.996875 0.891667 0.562500 0.654167 0.418750 0.472917
1 0.626563 0.614583 0.671875 0.631250 0.998437 0.658333 0.992188 0.625000 0.628125 0.597917
1 0.545312 0.593750 0.546875 0.600000 0.553125 0.604167 0.559375 0.625000 0.568750 0.620833 0.617188 0.622917 0.618750 0.595833
4 0.154688 0.406250 0.184375 0.429167 0.395313 0.464583 0.395313 0.452083
5 0.643750 0.312500 0.632812 0.383333 0.620313 0.639583
7 0.645312 0.243750 0.634375 0.258333 0.631250 0.270833 0.631250 0.308333 0.632812 0.314583 0.639062 0.314583 0.645312 0.308333 0.645312 0.302083 0.651563 0.283333 0.651563 0.256250 0.650000 0.247917 0.646875 0.247917
8 0.000000 0.166667 0.003125 0.414583 0.412500 0.443750 0.456250 0.525000 0.621875 0.568750 0.637500 0.316667 0.576562 0.314583 0.534375 0.104167 0.473438 0.210417 0.454688 0.389583 0.287500 0.262500 0.242188 0.145833 0.179688 0.197917 0.054688 0.091667
8 0.998437 0.187500 0.859375 0.214583 0.887500 0.091667 0.820312 0.029167 0.773438 0.083333 0.756250 0.185417 0.732812 0.177083 0.714063 0.256250 0.740625 0.283333 0.679688 0.331250 0.646875 0.302083 0.629687 0.570833 0.998437 0.602083
9 0.628125 0.577083 0.628125 0.595833 0.998437 0.625000 0.993750 0.602083
9 0.456250 0.527083 0.562500 0.652083 0.998437 0.891667 0.996875 0.658333 0.559375 0.627083 0.545312 0.591667 0.620313 0.572917
9 0.000000 0.793750 0.396875 0.468750 0.000000 0.414583
10 0.000000 0.000000 0.003125 0.168750 0.054688 0.089583 0.179688 0.195833 0.242188 0.143750 0.453125 0.387500 0.534375 0.102083 0.578125 0.314583 0.643750 0.241667 0.678125 0.329167 0.731250 0.293750 0.826562 0.025000 0.889062 0.091667 0.859375 0.212500 0.998437 0.185417 0.998437 0.000000