0 0.000000 0.747917 0.000000 0.997917 0.996875 0.997917 0.584375 0.706250 0.423438 0.470833
1 0.690625 0.633333 0.687500 0.677083 0.998437 0.716667 0.996875 0.670833
1 0.534375 0.618750 0.539062 0.633333 0.576562 0.664583 0.584375 0.662500 0.590625 0.672917 0.676562 0.675000 0.678125 0.633333
4 0.157812 0.389583 0.159375 0.402083 0.390625 0.462500 0.398438 0.456250 0.387500 0.441667
5 0.717187 0.272917 0.698438 0.395833 0.679688 0.710417
7 0.726562 0.181250 0.710938 0.187500 0.703125 0.202083 0.698438 0.220833 0.695312 0.258333 0.698438 0.272917 0.703125 0.277083 0.714063 0.275000 0.720313 0.266667 0.731250 0.231250 0.732812 0.195833
8 0.000000 0.137500 0.000000 0.387500 0.382812 0.400000 0.464062 0.533333 0.681250 0.606250 0.706250 0.306250 0.593750 0.308333 0.551562 0.081250 0.462500 0.383333 0.292187 0.250000 0.251563 0.131250 0.190625 0.177083 0.057813 0.058333
8 0.875000 0.000000 0.826562 0.050000 0.803125 0.164583 0.778125 0.156250 0.754687 0.241667 0.779687 0.279167 0.714063 0.327083 0.693750 0.606250 0.993750 0.639583 0.998437 0.179167 0.920312 0.200000 0.959375 0.062500 0.914062 0.000000
9 0.578125 0.664583 0.581250 0.700000 0.998437 0.997917 0.998437 0.718750 0.703125 0.679167 0.679688 0.712500 0.675000 0.677083
9 0.690625 0.614583 0.692187 0.633333 0.998437 0.670833 0.998437 0.639583
9 0.464062 0.535417 0.529687 0.620833 0.679688 0.627083 0.681250 0.608333 0.573438 0.581250 0.543750 0.556250
9 0.000000 0.745833 0.398438 0.464583 0.146875 0.400000 0.000000 0.389583
10 0.915625 0.000000 0.917188 0.035417 0.939063 0.029167 0.946875 0.058333 0.960938 0.062500 0.956250 0.095833 0.939063 0.114583 0.937500 0.158333 0.914062 0.166667 0.921875 0.200000 0.943750 0.189583 0.959375 0.197917 0.998437 0.177083 0.998437 0.000000
10 0.000000 0.135417 0.057813 0.056250 0.190625 0.175000 0.251563 0.129167 0.292187 0.247917 0.462500 0.381250 0.551562 0.079167 0.595313 0.308333 0.707812 0.304167 0.726562 0.179167 0.715625 0.320833 0.873437 0.000000 0.000000 0.000000