0 0.003125 0.997917 0.923438 0.997917 0.471875 0.489583
2 0.568750 0.400000 0.554688 0.408333 0.554688 0.429167 0.553125 0.431250 0.553125 0.443750 0.554688 0.447917 0.567187 0.447917 0.568750 0.445833 0.568750 0.431250 0.571875 0.425000 0.571875 0.416667 0.573438 0.414583 0.571875 0.404167
4 0.529687 0.435417 0.529687 0.450000 0.531250 0.445833 0.540625 0.443750 0.540625 0.452083 0.545312 0.447917 0.546875 0.454167 0.553125 0.460417 0.553125 0.481250 0.571875 0.487500 0.560937 0.466667 0.565625 0.450000 0.550000 0.452083 0.548438 0.447917 0.551562 0.445833 0.548438 0.441667 0.540625 0.441667
4 0.290625 0.452083 0.357812 0.460417 0.406250 0.481250 0.460938 0.487500 0.460938 0.466667 0.440625 0.456250 0.292187 0.427083
4 0.064062 0.400000 0.065625 0.416667 0.075000 0.422917 0.193750 0.435417 0.200000 0.445833 0.226562 0.439583 0.265625 0.454167 0.282813 0.447917 0.279687 0.425000
8 0.526563 0.460417 0.526563 0.466667 0.525000 0.468750 0.525000 0.477083 0.526563 0.481250 0.529687 0.481250 0.531250 0.477083 0.548438 0.477083 0.550000 0.481250 0.551562 0.481250 0.551562 0.460417 0.545312 0.454167 0.534375 0.454167 0.532813 0.456250 0.529687 0.456250
8 0.896875 0.000000 0.867188 0.043750 0.914062 0.045833 0.896875 0.112500 0.839063 0.133333 0.793750 0.081250 0.618750 0.260417 0.592187 0.233333 0.562500 0.466667 0.800000 0.866667 0.920312 0.995833 0.998437 0.997917 0.998437 0.000000
8 0.837500 0.029167 0.840625 0.037500 0.842187 0.035417 0.846875 0.041667 0.853125 0.039583 0.873437 0.008333 0.881250 0.006250 0.882812 0.002083 0.887500 0.002083 0.887500 0.000000 0.851562 0.000000 0.850000 0.006250 0.839063 0.020833
8 0.787500 0.012500 0.789062 0.014583 0.789062 0.018750 0.790625 0.018750 0.792188 0.020833 0.795312 0.020833 0.798438 0.016667 0.801562 0.016667 0.806250 0.012500 0.806250 0.010417 0.809375 0.006250 0.809375 0.000000 0.792188 0.000000 0.792188 0.002083 0.787500 0.008333
8 0.000000 0.000000 0.000000 0.422917 0.045312 0.425000 0.048438 0.487500 0.068750 0.393750 0.279687 0.422917 0.284375 0.485417 0.292187 0.425000 0.434375 0.454167 0.428125 0.393750 0.462500 0.487500 0.510938 0.481250 0.525000 0.397917 0.551562 0.443750 0.489063 0.343750 0.462500 0.377083 0.423438 0.216667 0.382812 0.277083 0.357812 0.191667 0.334375 0.237500 0.303125 0.050000 0.276562 0.031250 0.265625 0.097917 0.221875 0.000000 0.146875 0.037500
9 0.503125 0.487500 0.701562 0.720833 0.678125 0.629167 0.592187 0.543750 0.581250 0.522917 0.589063 0.504167 0.548438 0.479167
9 0.454688 0.493750 0.306250 0.454167 0.284375 0.487500 0.281250 0.452083 0.073438 0.422917 0.048438 0.489583 0.045312 0.427083 0.000000 0.425000 0.000000 0.997917
10 0.223438 0.000000 0.265625 0.095833 0.276562 0.029167 0.304688 0.050000 0.300000 0.127083 0.331250 0.081250 0.335938 0.237500 0.357812 0.189583 0.382812 0.275000 0.423438 0.214583 0.464062 0.377083 0.489063 0.341667 0.553125 0.418750 0.573438 0.262500 0.731250 0.106250 0.923438 0.087500 0.865625 0.045833 0.895312 0.000000 0.846875 0.043750 0.850000 0.000000
10 0.128125 0.002083 0.128125 0.006250 0.131250 0.010417 0.140625 0.016667 0.140625 0.022917 0.142187 0.025000 0.140625 0.029167 0.143750 0.035417 0.146875 0.035417 0.150000 0.031250 0.150000 0.020833 0.153125 0.018750 0.151562 0.016667 0.153125 0.010417 0.157812 0.008333 0.160938 0.000000 0.131250 0.000000