0 0.000000 0.991667 0.923438 0.997917 0.493750 0.493750 0.440625 0.487500
2 0.564063 0.389583 0.542188 0.406250 0.542188 0.429167 0.537500 0.441667 0.521875 0.435417 0.520312 0.437500 0.543750 0.452083 0.551562 0.447917 0.565625 0.452083 0.559375 0.425000 0.559375 0.406250
4 0.535937 0.450000 0.540625 0.456250 0.542188 0.475000 0.545312 0.481250 0.548438 0.477083 0.550000 0.481250 0.557813 0.487500 0.568750 0.487500 0.570312 0.491667 0.575000 0.472917 0.568750 0.456250 0.560937 0.454167 0.559375 0.450000 0.551562 0.450000 0.546875 0.454167
4 0.509375 0.431250 0.500000 0.431250 0.500000 0.481250 0.501563 0.468750 0.503125 0.466667 0.506250 0.466667 0.509375 0.460417
4 0.256250 0.422917 0.256250 0.454167 0.446875 0.485417 0.446875 0.460417
4 0.000000 0.381250 0.000000 0.412500 0.168750 0.445833 0.248438 0.443750 0.248438 0.418750
8 0.514062 0.456250 0.514062 0.470833 0.512500 0.472917 0.512500 0.477083 0.542188 0.477083 0.540625 0.475000 0.540625 0.462500 0.539062 0.460417 0.539062 0.456250 0.532813 0.447917 0.525000 0.445833
8 0.990625 0.014583 0.875000 0.083333 0.832812 0.025000 0.796875 0.072917 0.759375 0.047917 0.623437 0.233333 0.595313 0.197917 0.553125 0.339583 0.584375 0.552083 0.925000 0.997917 0.998437 0.997917
8 0.000000 0.000000 0.000000 0.379167 0.243750 0.414583 0.248438 0.485417 0.257812 0.418750 0.418750 0.452083 0.412500 0.387500 0.448437 0.487500 0.498437 0.481250 0.514062 0.391667 0.539062 0.437500 0.476562 0.337500 0.448437 0.370833 0.406250 0.202083 0.371875 0.258333 0.318750 0.227083 0.334375 0.166667 0.307812 0.206250 0.271875 0.002083
9 0.487500 0.491667 0.717187 0.747917 0.693750 0.704167 0.646875 0.660417 0.629687 0.587500 0.578125 0.543750 0.573438 0.525000 0.589063 0.504167 0.543750 0.479167
9 0.000000 0.989583 0.440625 0.493750 0.259375 0.452083 0.248438 0.487500 0.246875 0.452083 0.000000 0.414583
10 0.265625 0.089583 0.300000 0.033333 0.320312 0.227083 0.371875 0.256250 0.406250 0.200000 0.450000 0.370833 0.476562 0.335417 0.540625 0.414583 0.593750 0.197917 0.623437 0.231250 0.759375 0.045833 0.832812 0.022917 0.875000 0.081250 0.998437 0.000000 0.270313 0.000000