0 0.000000 0.841667 0.000000 0.997917 0.982812 0.997917 0.762500 0.795833 0.729688 0.833333 0.478125 0.483333
4 0.453125 0.456250 0.453125 0.472917 0.454688 0.472917 0.459375 0.477083 0.465625 0.477083 0.467187 0.479167 0.467187 0.481250 0.468750 0.481250 0.468750 0.479167 0.471875 0.475000 0.471875 0.468750 0.470313 0.466667 0.471875 0.464583 0.471875 0.462500 0.470313 0.460417 0.467187 0.460417 0.465625 0.458333 0.462500 0.458333 0.460938 0.456250
4 0.248438 0.406250 0.250000 0.429167 0.342187 0.445833 0.354687 0.450000 0.357812 0.464583 0.364063 0.454167 0.450000 0.472917 0.450000 0.454167
4 0.153125 0.387500 0.156250 0.408333 0.165625 0.408333 0.171875 0.414583 0.240625 0.427083 0.245312 0.408333 0.240625 0.402083 0.221875 0.400000 0.220312 0.395833 0.171875 0.389583 0.170313 0.385417
5 0.653125 0.125000 0.635938 0.400000 0.653125 0.243750 0.657813 0.154167
8 0.001563 0.137500 0.000000 0.395833 0.454688 0.404167 0.498437 0.487500 0.525000 0.395833 0.593750 0.637500 0.998437 0.997917 0.982812 0.031250 0.610938 0.018750 0.540625 0.389583 0.234375 0.079167 0.187500 0.233333 0.129688 0.016667
9 0.617188 0.664583 0.734375 0.835417 0.762500 0.793750 0.945312 0.943750 0.932813 0.885417 0.898438 0.837500 0.846875 0.829167
9 0.506250 0.489583 0.510938 0.493750 0.521875 0.514583 0.526563 0.518750 0.529687 0.527083 0.535937 0.535417 0.532813 0.527083 0.532813 0.514583 0.529687 0.512500 0.528125 0.493750 0.523438 0.489583 0.518750 0.493750 0.517188 0.489583
9 0.000000 0.839583 0.465625 0.479167 0.000000 0.397917
10 0.806250 0.039583 0.837500 0.095833 0.853125 0.022917 0.859375 0.091667 0.879687 0.029167 0.917188 0.012500 0.921875 0.056250 0.964063 0.018750 0.987500 0.039583 0.989062 0.108333 0.998437 0.095833 0.998437 0.000000 0.839063 0.000000
10 0.768750 0.018750 0.773438 0.022917 0.775000 0.018750 0.782813 0.016667 0.784375 0.012500 0.803125 0.000000 0.812500 0.002083 0.814063 0.006250 0.815625 0.004167 0.818750 0.006250 0.820312 0.002083 0.826562 0.000000 0.778125 0.000000
10 0.000000 0.141667 0.129688 0.014583 0.195312 0.106250 0.187500 0.231250 0.234375 0.077083 0.303125 0.097917 0.350000 0.239583 0.375000 0.185417 0.476562 0.377083 0.540625 0.387500 0.614062 0.287500 0.571875 0.272917 0.629687 0.095833 0.607812 0.020833 0.653125 0.020833 0.000000 0.000000