0 0.000000 0.979167 0.929688 0.997917 0.468750 0.489583 0.423438 0.489583
4 0.412500 0.452083 0.412500 0.475000 0.410938 0.481250 0.420312 0.481250 0.421875 0.485417 0.425000 0.483333 0.435937 0.483333 0.437500 0.485417 0.445312 0.483333 0.445312 0.475000 0.439063 0.458333 0.420312 0.456250 0.415625 0.452083
4 0.492188 0.425000 0.490625 0.472917 0.496875 0.483333 0.501563 0.472917 0.507812 0.470833 0.510938 0.454167 0.510938 0.431250 0.504687 0.427083
4 0.175000 0.408333 0.178125 0.441667 0.278125 0.450000 0.350000 0.475000 0.407813 0.481250 0.407813 0.450000
4 0.000000 0.377083 0.000000 0.429167 0.095312 0.429167 0.103125 0.439583 0.109375 0.437500 0.109375 0.425000 0.164062 0.429167 0.162500 0.402083
4 0.626563 0.345833 0.615625 0.343750 0.543750 0.400000 0.540625 0.437500 0.515625 0.431250 0.515625 0.454167 0.528125 0.445833 0.537500 0.456250 0.539062 0.481250 0.579688 0.495833 0.584375 0.452083 0.610938 0.412500 0.603125 0.385417 0.626563 0.362500
8 0.523438 0.447917 0.515625 0.456250 0.515625 0.477083 0.528125 0.477083 0.529687 0.475000 0.532813 0.477083 0.535937 0.470833 0.535937 0.456250 0.534375 0.456250 0.532813 0.452083 0.531250 0.452083 0.528125 0.447917
8 0.517188 0.400000 0.517188 0.425000 0.515625 0.429167 0.518750 0.429167 0.520312 0.433333 0.528125 0.433333 0.534375 0.437500 0.539062 0.437500 0.540625 0.414583 0.537500 0.414583 0.532813 0.406250 0.526563 0.406250
8 0.671875 0.025000 0.659375 0.110417 0.626563 0.104167 0.662500 0.160417 0.621875 0.145833 0.646875 0.200000 0.603125 0.210417 0.628125 0.362500 0.581250 0.497917 0.789062 0.708333 0.812500 0.822917 0.948438 0.991667 0.998437 0.997917 0.998437 0.000000 0.731250 0.008333 0.700000 0.081250
8 0.000000 0.000000 0.000000 0.375000 0.162500 0.400000 0.109375 0.427083 0.157812 0.435417 0.164062 0.497917 0.176563 0.404167 0.407813 0.447917 0.400000 0.379167 0.412500 0.450000 0.490625 0.475000 0.514062 0.387500 0.471875 0.329167 0.443750 0.366667 0.395313 0.170833 0.354687 0.233333 0.301563 0.206250 0.282813 0.062500 0.242188 0.122917 0.220312 0.000000
9 0.817187 0.766667 0.814063 0.770833 0.815625 0.779167 0.818750 0.779167 0.820312 0.783333 0.826562 0.789583 0.828125 0.797917 0.832812 0.797917 0.835938 0.802083 0.840625 0.804167 0.842187 0.800000 0.845313 0.797917 0.840625 0.781250 0.832812 0.775000 0.829688 0.775000 0.828125 0.770833
9 0.470313 0.489583 0.921875 0.989583 0.954688 0.997917 0.810937 0.822917 0.787500 0.708333 0.673438 0.620833 0.639062 0.520833 0.534375 0.477083
9 0.000000 0.977083 0.423438 0.487500 0.453125 0.487500 0.175000 0.447917 0.164062 0.500000 0.157812 0.437500 0.000000 0.431250
10 0.242188 0.120833 0.284375 0.062500 0.301563 0.204167 0.354687 0.231250 0.395313 0.168750 0.446875 0.370833 0.457813 0.329167 0.512500 0.385417 0.523438 0.350000 0.539062 0.412500 0.618750 0.339583 0.601562 0.210417 0.645312 0.200000 0.621875 0.143750 0.660937 0.160417 0.625000 0.104167 0.657813 0.110417 0.671875 0.022917 0.700000 0.079167 0.771875 0.000000 0.221875 0.000000