0 0.000000 0.883333 0.000000 0.997917 0.850000 0.997917 0.454688 0.493750 0.367188 0.493750 0.378125 0.535417
0 0.303125 0.487500 0.307812 0.487500 0.309375 0.491667 0.337500 0.495833 0.353125 0.502083 0.354687 0.506250 0.360938 0.510417 0.360938 0.493750 0.354687 0.493750 0.353125 0.489583 0.343750 0.489583 0.342187 0.493750 0.340625 0.489583 0.315625 0.489583 0.306250 0.485417
2 0.740625 0.439583 0.739062 0.441667 0.735938 0.483333 0.740625 0.487500 0.759375 0.487500 0.754687 0.485417 0.754687 0.479167 0.751563 0.477083 0.751563 0.472917 0.750000 0.472917 0.746875 0.466667 0.746875 0.441667 0.742188 0.441667
2 0.978125 0.477083 0.973437 0.452083 0.918750 0.437500 0.776563 0.441667 0.781250 0.460417 0.765625 0.489583 0.920312 0.527083 0.926562 0.514583 0.903125 0.497917 0.909375 0.468750 0.926562 0.470833 0.935937 0.506250 0.959375 0.472917
2 0.398438 0.410417 0.396875 0.414583 0.398438 0.418750 0.396875 0.422917 0.398438 0.425000 0.401562 0.425000 0.403125 0.418750 0.406250 0.431250 0.412500 0.435417 0.423438 0.435417 0.425000 0.437500 0.429688 0.435417 0.429688 0.431250 0.428125 0.431250 0.426563 0.427083 0.420312 0.427083 0.417187 0.422917 0.418750 0.420833 0.412500 0.414583 0.401562 0.414583 0.400000 0.410417
3 0.842187 0.506250 0.734375 0.483333 0.748437 0.239583 0.539062 0.410417 0.539062 0.466667 0.576562 0.439583 0.582812 0.475000 0.595313 0.445833 0.595313 0.468750 0.626563 0.477083 0.650000 0.425000 0.659375 0.477083 0.682813 0.472917 0.671875 0.537500 0.714063 0.491667 0.729688 0.537500 0.750000 0.500000 0.756250 0.522917 0.826562 0.533333
4 0.368750 0.443750 0.367188 0.483333 0.378125 0.481250 0.381250 0.485417 0.389062 0.479167 0.400000 0.483333 0.401562 0.477083 0.403125 0.481250 0.404687 0.477083 0.406250 0.487500 0.410938 0.485417 0.410938 0.456250 0.407813 0.456250 0.406250 0.452083 0.393750 0.452083
4 0.529687 0.439583 0.528125 0.472917 0.539062 0.487500 0.618750 0.516667 0.628125 0.477083 0.610938 0.475000 0.603125 0.462500 0.595313 0.470833 0.595313 0.447917 0.581250 0.450000 0.581250 0.456250 0.592187 0.456250 0.582812 0.477083 0.576562 0.441667 0.556250 0.445833 0.554688 0.466667 0.546875 0.470833 0.537500 0.466667 0.535937 0.441667
4 0.492188 0.416667 0.489063 0.443750 0.482812 0.450000 0.481250 0.472917 0.484375 0.477083 0.484375 0.491667 0.489063 0.491667 0.490625 0.475000 0.500000 0.458333 0.518750 0.447917 0.523438 0.450000 0.521875 0.435417 0.501563 0.427083 0.496875 0.435417 0.496875 0.420833
4 0.000000 0.347917 0.000000 0.425000 0.056250 0.431250 0.071875 0.414583 0.095312 0.443750 0.154688 0.439583 0.170313 0.460417 0.360938 0.485417 0.364063 0.441667
5 0.371875 0.335417 0.367188 0.356250 0.362500 0.516667
5 0.526563 0.272917 0.534375 0.285417 0.521875 0.522917 0.535937 0.297917 0.548438 0.279167
7 0.350000 0.327083 0.350000 0.362500 0.353125 0.364583 0.357812 0.364583 0.359375 0.366667 0.365625 0.366667 0.367188 0.337500 0.368750 0.335417 0.364063 0.331250 0.357812 0.331250 0.353125 0.327083
8 0.707812 0.495833 0.693750 0.508333 0.690625 0.529167 0.682813 0.535417 0.687500 0.550000 0.703125 0.564583 0.728125 0.566667 0.731250 0.539583 0.728125 0.537500 0.728125 0.512500 0.725000 0.510417 0.723437 0.497917 0.718750 0.493750
8 0.635938 0.435417 0.629687 0.447917 0.629687 0.483333 0.625000 0.489583 0.620313 0.516667 0.657813 0.529167 0.667188 0.537500 0.665625 0.502083 0.681250 0.472917 0.664062 0.485417 0.657813 0.477083 0.657813 0.452083 0.646875 0.447917
8 0.975000 0.427083 0.978125 0.483333 0.959375 0.475000 0.935937 0.508333 0.925000 0.470833 0.912500 0.468750 0.904687 0.497917 0.928125 0.522917 0.868750 0.518750 0.867188 0.535417 0.935937 0.537500 0.929688 0.595833 0.898438 0.614583 0.898438 0.637500 0.998437 0.677083 0.998437 0.456250
8 0.767188 0.420833 0.760938 0.422917 0.759375 0.429167 0.754687 0.435417 0.751563 0.435417 0.748437 0.441667 0.748437 0.466667 0.756250 0.479167 0.756250 0.485417 0.760938 0.487500 0.768750 0.485417 0.771875 0.481250 0.779687 0.460417 0.776563 0.452083 0.778125 0.450000 0.775000 0.447917 0.775000 0.441667 0.770312 0.437500 0.773438 0.429167
8 0.000000 0.000000 0.000000 0.345833 0.364063 0.439583 0.353125 0.325000 0.368750 0.441667 0.414062 0.477083 0.525000 0.433333 0.459375 0.302083 0.431250 0.358333 0.403125 0.300000 0.400000 0.150000 0.348438 0.014583 0.276562 0.125000 0.231250 0.052083 0.221875 0.085417 0.106250 0.000000
9 0.428125 0.479167 0.412500 0.477083 0.412500 0.485417 0.409375 0.489583 0.406250 0.489583 0.404687 0.479167 0.403125 0.483333 0.401562 0.479167 0.400000 0.485417 0.389062 0.481250 0.381250 0.487500 0.378125 0.483333 0.367188 0.485417 0.367188 0.491667 0.381250 0.491667 0.382812 0.495833 0.410938 0.495833 0.412500 0.491667 0.429688 0.491667
9 0.448437 0.479167 0.851562 0.997917 0.998437 0.997917 0.998437 0.679167 0.895312 0.633333 0.935937 0.539583 0.734375 0.518750 0.710938 0.568750 0.529687 0.472917 0.521875 0.525000 0.521875 0.452083 0.489063 0.493750
9 0.378125 0.527083 0.154688 0.441667 0.000000 0.427083 0.000000 0.881250
10 0.107813 0.000000 0.276562 0.122917 0.348438 0.012500 0.431250 0.356250 0.459375 0.300000 0.525000 0.404167 0.550000 0.277083 0.531250 0.408333 0.745313 0.231250 0.742188 0.439583 0.998437 0.454167 0.998437 0.000000
11 0.431250 0.458333 0.431250 0.466667 0.434375 0.470833 0.434375 0.487500 0.432812 0.491667 0.434375 0.495833 0.437500 0.495833 0.439063 0.491667 0.442188 0.491667 0.443750 0.495833 0.445312 0.495833 0.445312 0.483333 0.440625 0.468750 0.440625 0.458333 0.439063 0.456250 0.435937 0.458333