0 0.000000 0.906250 0.000000 0.997917 0.859375 0.997917 0.481250 0.497917 0.375000 0.493750 0.379688 0.535417
1 0.292187 0.483333 0.309375 0.487500 0.310937 0.491667 0.345313 0.495833 0.356250 0.502083 0.365625 0.497917 0.362500 0.489583 0.350000 0.489583 0.348438 0.497917 0.345313 0.489583 0.323437 0.489583 0.317188 0.485417
2 0.729688 0.441667 0.726562 0.456250 0.726562 0.483333 0.742188 0.489583 0.743750 0.502083 0.748437 0.497917 0.753125 0.504167 0.753125 0.514583 0.759375 0.502083 0.753125 0.491667 0.760938 0.487500 0.754687 0.485417 0.743750 0.456250 0.746875 0.443750
2 0.998437 0.464583 0.920312 0.437500 0.776563 0.441667 0.779687 0.460417 0.764062 0.487500 0.826562 0.497917 0.832812 0.525000 0.848437 0.512500 0.903125 0.516667 0.896875 0.481250 0.914062 0.458333 0.940625 0.485417 0.960938 0.466667 0.984375 0.470833 0.993750 0.491667
3 0.754687 0.491667 0.760938 0.502083 0.753125 0.518750 0.759375 0.518750 0.760938 0.522917 0.832812 0.529167 0.825000 0.520833 0.826562 0.500000 0.767188 0.489583
3 0.740625 0.243750 0.546875 0.387500 0.539062 0.470833 0.623437 0.479167 0.632812 0.435417 0.673438 0.529167 0.695312 0.491667 0.717187 0.500000 0.720313 0.537500 0.729688 0.495833 0.743750 0.516667 0.742188 0.491667 0.725000 0.483333
4 0.640625 0.479167 0.642188 0.502083 0.640625 0.518750 0.637500 0.522917 0.653125 0.529167 0.664062 0.529167 0.665625 0.533333 0.676562 0.533333 0.671875 0.529167 0.673438 0.520833 0.667188 0.522917 0.664062 0.518750 0.657813 0.495833 0.646875 0.479167
4 0.528125 0.439583 0.529687 0.481250 0.618750 0.516667 0.626563 0.470833 0.623437 0.481250 0.600000 0.472917 0.585938 0.483333 0.565625 0.483333 0.550000 0.477083 0.545312 0.468750 0.539062 0.472917 0.535937 0.441667
4 0.521875 0.435417 0.515625 0.435417 0.514062 0.431250 0.498437 0.427083 0.496875 0.420833 0.490625 0.420833 0.490625 0.435417 0.482812 0.454167 0.484375 0.491667 0.489063 0.491667 0.489063 0.470833 0.490625 0.468750 0.492188 0.475000 0.498437 0.460417 0.520312 0.454167
4 0.000000 0.352083 0.000000 0.422917 0.348438 0.495833 0.367188 0.485417 0.368750 0.456250 0.373437 0.485417 0.412500 0.495833 0.404687 0.452083
5 0.540625 0.281250 0.523438 0.283333 0.532813 0.293750 0.520312 0.522917 0.537500 0.291667 0.545312 0.287500
7 0.354687 0.333333 0.354687 0.366667 0.357812 0.366667 0.364063 0.370833 0.370312 0.370833 0.370312 0.364583 0.371875 0.362500 0.371875 0.339583 0.360938 0.333333
8 0.695312 0.493750 0.685937 0.504167 0.682813 0.527083 0.675000 0.537500 0.679688 0.545833 0.689063 0.550000 0.693750 0.556250 0.718750 0.558333 0.720313 0.539583 0.715625 0.527083 0.715625 0.500000 0.707812 0.493750
8 0.835938 0.520833 0.834375 0.533333 0.909375 0.550000 0.890625 0.556250 0.900000 0.581250 0.873437 0.606250 0.870313 0.627083 0.998437 0.685417 0.998437 0.487500 0.960938 0.468750 0.940625 0.487500 0.914062 0.460417 0.898438 0.481250 0.903125 0.518750
8 0.632812 0.437500 0.625000 0.456250 0.628125 0.464583 0.628125 0.481250 0.625000 0.502083 0.620313 0.508333 0.620313 0.518750 0.635938 0.522917 0.639062 0.518750 0.640625 0.502083 0.639062 0.479167 0.646875 0.477083 0.651563 0.485417 0.651563 0.479167 0.648438 0.475000 0.650000 0.458333 0.646875 0.454167 0.642188 0.456250
8 0.765625 0.420833 0.757812 0.422917 0.756250 0.433333 0.750000 0.435417 0.745313 0.452083 0.753125 0.479167 0.756250 0.481250 0.756250 0.485417 0.762500 0.487500 0.767188 0.485417 0.771875 0.470833 0.775000 0.468750 0.778125 0.460417 0.778125 0.454167 0.773438 0.447917 0.773438 0.441667 0.770312 0.437500 0.771875 0.429167
8 0.000000 0.000000 0.000000 0.350000 0.367188 0.439583 0.360938 0.331250 0.371875 0.441667 0.421875 0.487500 0.523438 0.433333 0.462500 0.304167 0.423438 0.341667 0.353125 0.031250 0.282813 0.135417 0.235937 0.060417 0.226562 0.091667 0.110937 0.002083
9 0.460938 0.489583 0.860938 0.997917 0.998437 0.997917 0.998437 0.687500 0.868750 0.627083 0.907813 0.550000 0.732812 0.516667 0.698438 0.560417 0.528125 0.479167 0.520312 0.525000 0.520312 0.456250
9 0.382812 0.525000 0.293750 0.481250 0.000000 0.425000 0.000000 0.904167
10 0.081250 0.000000 0.282813 0.133333 0.353125 0.029167 0.432812 0.360417 0.462500 0.302083 0.525000 0.404167 0.546875 0.285417 0.529687 0.410417 0.740625 0.241667 0.729688 0.439583 0.998437 0.462500 0.998437 0.000000