0 0.125000 0.529167 0.134375 0.531250 0.143750 0.537500 0.159375 0.539583 0.168750 0.543750 0.168750 0.510417 0.151562 0.508333 0.143750 0.510417 0.142187 0.514583 0.132812 0.514583 0.131250 0.522917
0 0.000000 0.789583 0.000000 0.997917 0.782813 0.997917 0.459375 0.497917 0.192188 0.510417 0.214062 0.641667
1 0.065625 0.518750 0.100000 0.520833 0.123438 0.529167 0.129688 0.522917 0.132812 0.512500 0.150000 0.508333 0.065625 0.504167
1 0.000000 0.497917 0.000000 0.512500 0.020313 0.512500 0.021875 0.514583 0.043750 0.512500 0.045312 0.516667 0.057813 0.516667 0.056250 0.500000
2 0.946875 0.414583 0.943750 0.508333 0.954688 0.502083 0.965625 0.502083 0.968750 0.508333 0.978125 0.508333 0.979688 0.502083 0.981250 0.508333 0.992188 0.508333 0.996875 0.502083 0.990625 0.491667 0.992188 0.477083 0.998437 0.470833 0.996875 0.439583 0.975000 0.418750 0.951562 0.420833
2 0.362500 0.406250 0.362500 0.418750 0.364063 0.418750 0.367188 0.425000 0.370312 0.425000 0.371875 0.427083 0.381250 0.427083 0.382812 0.429167 0.385937 0.429167 0.390625 0.425000 0.395313 0.425000 0.393750 0.422917 0.385937 0.420833 0.381250 0.410417 0.378125 0.408333 0.378125 0.406250 0.373437 0.406250 0.371875 0.404167 0.365625 0.404167
2 0.973437 0.006250 0.954688 0.000000 0.940625 0.012500 0.932813 0.029167 0.892188 0.062500 0.929688 0.037500 0.951562 0.014583 0.967187 0.010417 0.971875 0.018750
3 0.540625 0.366667 0.535937 0.368750 0.523438 0.406250 0.521875 0.435417 0.506250 0.435417 0.479687 0.420833 0.475000 0.439583 0.473438 0.427083 0.473438 0.458333 0.506250 0.435417 0.514062 0.437500 0.526563 0.454167 0.535937 0.447917
3 0.968750 0.014583 0.554688 0.352083 0.548438 0.450000 0.625000 0.408333 0.631250 0.483333 0.664062 0.493750 0.692187 0.408333 0.721875 0.541667 0.792188 0.566667 0.856250 0.556250 0.893750 0.475000 0.942187 0.502083
4 0.170313 0.547917 0.170313 0.560417 0.168750 0.562500 0.168750 0.604167 0.170313 0.610417 0.171875 0.610417 0.173437 0.604167 0.173437 0.589583 0.176563 0.587500 0.176563 0.552083
4 0.292187 0.441667 0.292187 0.487500 0.310937 0.491667 0.317188 0.502083 0.320312 0.495833 0.353125 0.502083 0.360938 0.512500 0.362500 0.454167
4 0.506250 0.437500 0.518750 0.450000 0.518750 0.464583 0.521875 0.468750 0.521875 0.472917 0.528125 0.481250 0.534375 0.485417 0.535937 0.450000 0.532813 0.454167 0.526563 0.456250 0.521875 0.454167 0.514062 0.443750 0.514062 0.439583 0.510938 0.441667
4 0.665625 0.518750 0.665625 0.500000 0.657813 0.489583 0.629687 0.483333 0.634375 0.437500 0.625000 0.410417 0.618750 0.435417 0.612500 0.416667 0.607812 0.429167 0.562500 0.427083 0.554688 0.439583 0.553125 0.431250 0.551562 0.447917 0.545312 0.450000 0.545312 0.491667 0.646875 0.527083 0.660937 0.527083
4 0.000000 0.379167 0.000000 0.458333 0.056250 0.464583 0.059375 0.518750 0.068750 0.468750 0.168750 0.489583 0.179688 0.537500 0.195312 0.485417 0.287500 0.487500 0.289062 0.441667
5 0.295312 0.281250 0.289062 0.364583 0.289062 0.502083
5 0.560937 0.118750 0.534375 0.127083 0.550000 0.145833 0.534375 0.568750 0.556250 0.166667 0.576562 0.131250
7 0.256250 0.260417 0.256250 0.318750 0.287500 0.325000 0.290625 0.329167 0.290625 0.277083
8 0.998437 0.472917 0.992188 0.483333 0.998437 0.502083 0.979688 0.518750 0.965625 0.504167 0.943750 0.510417 0.912500 0.500000 0.893750 0.477083 0.851562 0.560417 0.868750 0.627083 0.904687 0.639583 0.935937 0.633333 0.939063 0.535417 0.998437 0.539583
8 0.684375 0.410417 0.678125 0.431250 0.682813 0.452083 0.668750 0.477083 0.667188 0.518750 0.662500 0.529167 0.685937 0.539583 0.720313 0.541667 0.728125 0.518750 0.728125 0.500000 0.723437 0.493750 0.710938 0.497917 0.706250 0.491667 0.707812 0.435417 0.700000 0.414583
8 0.000000 0.000000 0.000000 0.377083 0.287500 0.439583 0.259375 0.258333 0.296875 0.281250 0.293750 0.439583 0.362500 0.452083 0.364063 0.500000 0.407813 0.450000 0.451562 0.491667 0.470313 0.414583 0.520312 0.435417 0.523438 0.393750 0.437500 0.341667 0.434375 0.279167 0.398438 0.335417 0.365625 0.268750 0.332813 0.000000
9 0.000000 0.787500 0.142187 0.675000 0.206250 0.650000 0.228125 0.606250 0.220312 0.577083 0.179688 0.547917 0.170313 0.612500 0.165625 0.543750 0.000000 0.514583
9 0.190625 0.504167 0.273438 0.514583 0.357812 0.512500 0.353125 0.504167 0.329688 0.497917 0.317188 0.504167 0.301563 0.489583 0.293750 0.489583 0.289062 0.504167 0.279687 0.485417 0.250000 0.481250 0.237500 0.500000 0.231250 0.489583 0.195312 0.487500
9 0.067187 0.472917 0.068750 0.502083 0.168750 0.506250 0.168750 0.491667 0.145313 0.483333 0.084375 0.470833
9 0.000000 0.460417 0.001563 0.495833 0.057813 0.497917 0.056250 0.466667 0.043750 0.462500
9 0.446875 0.493750 0.781250 0.995833 0.998437 0.997917 0.996875 0.539583 0.940625 0.535417 0.937500 0.633333 0.867188 0.627083 0.853125 0.562500 0.554688 0.493750 0.534375 0.570833 0.506250 0.439583
10 0.960938 0.000000 0.975000 0.012500 0.948438 0.416667 0.975000 0.416667 0.998437 0.447917 0.998437 0.000000
10 0.331250 0.175000 0.398438 0.333333 0.434375 0.277083 0.439063 0.341667 0.509375 0.404167 0.542188 0.352083 0.537500 0.120833 0.578125 0.129167 0.551562 0.356250 0.953125 0.000000 0.334375 0.000000
11 0.407813 0.452083 0.404687 0.460417 0.404687 0.472917 0.406250 0.477083 0.409375 0.479167 0.409375 0.483333 0.406250 0.485417 0.406250 0.506250 0.417187 0.508333 0.418750 0.506250 0.418750 0.489583 0.415625 0.481250 0.415625 0.466667 0.412500 0.458333 0.412500 0.452083
17 0.395313 0.472917 0.393750 0.470833 0.389062 0.470833 0.389062 0.477083 0.387500 0.479167 0.384375 0.479167 0.381250 0.472917 0.379688 0.475000 0.375000 0.475000 0.373437 0.477083 0.373437 0.485417 0.370312 0.487500 0.370312 0.495833 0.371875 0.495833 0.373437 0.500000 0.382812 0.497917 0.384375 0.495833 0.392188 0.495833 0.392188 0.493750 0.395313 0.491667 0.395313 0.487500 0.396875 0.485417