0 0.185938 0.510417 0.173437 0.512500 0.164062 0.518750 0.160938 0.527083 0.154688 0.531250 0.154688 0.533333 0.162500 0.533333 0.164062 0.537500 0.170313 0.537500 0.175000 0.541667 0.181250 0.541667 0.184375 0.543750 0.184375 0.535417 0.185938 0.533333
0 0.000000 0.791667 0.000000 0.997917 0.782813 0.997917 0.464062 0.497917 0.206250 0.510417 0.228125 0.633333
1 0.078125 0.516667 0.153125 0.531250 0.164062 0.516667 0.184375 0.508333 0.082812 0.504167 0.081250 0.500000
1 0.000000 0.493750 0.000000 0.508333 0.007812 0.508333 0.009375 0.512500 0.071875 0.512500 0.071875 0.500000 0.007812 0.497917 0.006250 0.493750
2 0.937500 0.406250 0.931250 0.435417 0.932813 0.481250 0.939063 0.466667 0.946875 0.464583 0.950000 0.470833 0.932813 0.493750 0.932813 0.502083 0.967187 0.502083 0.978125 0.508333 0.979688 0.497917 0.981250 0.508333 0.996875 0.506250 0.990625 0.491667 0.998437 0.468750 0.996875 0.437500 0.981250 0.420833 0.940625 0.420833
2 0.960938 0.018750 0.956250 0.014583 0.943750 0.014583 0.932813 0.020833 0.925000 0.031250 0.923438 0.039583 0.890625 0.068750 0.892188 0.064583 0.906250 0.058333 0.914062 0.047917 0.918750 0.047917 0.940625 0.025000 0.946875 0.027083 0.953125 0.022917 0.959375 0.033333
3 0.504687 0.435417 0.503125 0.435417 0.501563 0.431250 0.498437 0.431250 0.496875 0.429167 0.492188 0.431250 0.484375 0.427083 0.479687 0.431250 0.479687 0.437500 0.478125 0.439583 0.476562 0.435417 0.476562 0.439583 0.475000 0.441667 0.475000 0.454167 0.481250 0.454167 0.484375 0.450000 0.490625 0.447917 0.493750 0.443750 0.496875 0.443750 0.500000 0.439583 0.504687 0.437500
3 0.540625 0.366667 0.537500 0.366667 0.537500 0.372917 0.528125 0.393750 0.523438 0.416667 0.523438 0.435417 0.507812 0.435417 0.514062 0.437500 0.520312 0.450000 0.526563 0.443750 0.534375 0.443750 0.537500 0.435417
3 0.957812 0.029167 0.554688 0.352083 0.548438 0.454167 0.610938 0.422917 0.617188 0.475000 0.626563 0.412500 0.620313 0.497917 0.653125 0.512500 0.685937 0.408333 0.717187 0.541667 0.790625 0.564583 0.882812 0.479167 0.928125 0.506250
4 0.537500 0.437500 0.534375 0.445833 0.526563 0.445833 0.520312 0.452083 0.518750 0.450000 0.520312 0.452083 0.521875 0.470833 0.528125 0.479167 0.528125 0.481250 0.531250 0.483333 0.534375 0.483333 0.535937 0.481250 0.535937 0.441667
4 0.660937 0.518750 0.660937 0.508333 0.648438 0.514583 0.618750 0.497917 0.626563 0.414583 0.617188 0.477083 0.609375 0.458333 0.610938 0.425000 0.606250 0.437500 0.560937 0.431250 0.553125 0.460417 0.545312 0.445833 0.546875 0.491667 0.643750 0.525000
4 0.000000 0.379167 0.000000 0.458333 0.068750 0.464583 0.076563 0.516667 0.082812 0.468750 0.106250 0.495833 0.112500 0.472917 0.184375 0.491667 0.185938 0.604167 0.203125 0.481250 0.290625 0.491667 0.295312 0.450000 0.296875 0.491667 0.365625 0.510417 0.364063 0.454167
5 0.296875 0.281250 0.293750 0.439583 0.296875 0.439583 0.298438 0.302083 0.301563 0.300000
5 0.565625 0.125000 0.534375 0.135417 0.551562 0.183333 0.534375 0.564583 0.559375 0.158333 0.575000 0.143750
7 0.262500 0.266667 0.260937 0.320833 0.281250 0.325000 0.285938 0.329167 0.295312 0.329167 0.293750 0.308333 0.295312 0.281250 0.289062 0.279167 0.287500 0.275000
8 0.998437 0.470833 0.998437 0.506250 0.981250 0.510417 0.979688 0.535417 0.978125 0.510417 0.926562 0.508333 0.882812 0.481250 0.856250 0.522917 0.818750 0.518750 0.817187 0.562500 0.848437 0.558333 0.840625 0.589583 0.867188 0.627083 0.923438 0.631250 0.928125 0.535417 0.998437 0.539583
8 0.517188 0.445833 0.506250 0.439583 0.481250 0.456250 0.475000 0.456250 0.473438 0.489583 0.481250 0.489583 0.493750 0.481250 0.507812 0.454167 0.518750 0.458333
8 0.684375 0.410417 0.676562 0.439583 0.678125 0.466667 0.662500 0.489583 0.656250 0.489583 0.656250 0.506250 0.662500 0.508333 0.659375 0.527083 0.679688 0.537500 0.715625 0.539583 0.718750 0.525000 0.715625 0.508333 0.704688 0.502083 0.707812 0.470833 0.704688 0.431250
8 0.000000 0.000000 0.000000 0.377083 0.292187 0.439583 0.267188 0.264583 0.301563 0.285417 0.298438 0.439583 0.364063 0.452083 0.367188 0.500000 0.410938 0.450000 0.421875 0.497917 0.467187 0.495833 0.471875 0.414583 0.521875 0.435417 0.525000 0.393750 0.439063 0.341667 0.434375 0.279167 0.400000 0.337500 0.332813 0.179167 0.332813 0.000000
9 0.000000 0.789583 0.145313 0.675000 0.220312 0.641667 0.240625 0.602083 0.235937 0.583333 0.195312 0.545833 0.185938 0.606250 0.181250 0.543750 0.000000 0.510417
9 0.201563 0.489583 0.203125 0.508333 0.365625 0.512500 0.329688 0.495833 0.320312 0.504167 0.309375 0.489583 0.300000 0.489583 0.295312 0.504167 0.287500 0.489583 0.248438 0.487500 0.242188 0.500000 0.226562 0.483333 0.203125 0.483333
9 0.082812 0.470833 0.082812 0.502083 0.185938 0.506250 0.185938 0.495833 0.178125 0.489583 0.112500 0.475000 0.106250 0.497917 0.101562 0.472917
9 0.000000 0.460417 0.000000 0.491667 0.039062 0.497917 0.071875 0.497917 0.071875 0.472917 0.068750 0.466667
9 0.465625 0.497917 0.784375 0.997917 0.998437 0.997917 0.996875 0.539583 0.931250 0.533333 0.907813 0.637500 0.859375 0.622917 0.845313 0.558333 0.545312 0.489583 0.534375 0.566667 0.518750 0.460417
10 0.334375 0.000000 0.382812 0.302083 0.434375 0.277083 0.507812 0.404167 0.537500 0.127083 0.576562 0.133333 0.550000 0.358333 0.959375 0.014583 0.939063 0.416667 0.998437 0.447917 0.998437 0.000000
11 0.410938 0.452083 0.406250 0.460417 0.406250 0.472917 0.407813 0.472917 0.410938 0.479167 0.409375 0.485417 0.409375 0.506250 0.417187 0.506250 0.418750 0.508333 0.418750 0.500000 0.420312 0.497917 0.418750 0.495833 0.418750 0.483333 0.417187 0.481250 0.417187 0.466667 0.412500 0.452083