0 0.668750 0.997917 0.490625 0.518750 0.504687 0.493750 0.375000 0.497917 0.373437 0.539583 0.000000 0.712500 0.000000 0.997917
1 0.342187 0.510417 0.312500 0.504167 0.243750 0.537500 0.214062 0.525000 0.185938 0.554167 0.140625 0.527083 0.106250 0.577083 0.054688 0.545833 0.045312 0.600000 0.040625 0.547917 0.000000 0.560417 0.000000 0.710417 0.306250 0.554167
2 0.301563 0.395833 0.301563 0.414583 0.314063 0.425000 0.304688 0.431250 0.307812 0.468750 0.310937 0.470833 0.314063 0.464583 0.314063 0.450000 0.320312 0.441667 0.331250 0.443750 0.335938 0.412500 0.331250 0.406250 0.331250 0.414583 0.326562 0.418750 0.321875 0.412500 0.320312 0.400000
2 0.000000 0.000000 0.000000 0.193750 0.051562 0.218750 0.045312 0.404167 0.000000 0.447917 0.053125 0.497917 0.075000 0.425000 0.107813 0.418750 0.059375 0.404167 0.064062 0.235417 0.267188 0.331250 0.379688 0.450000 0.392188 0.375000 0.254688 0.229167 0.132812 0.164583 0.165625 0.143750 0.048438 0.000000
3 0.914062 0.000000 0.646875 0.247917 0.578125 0.362500 0.575000 0.414583 0.640625 0.495833 0.998437 0.620833 0.998437 0.000000
4 0.543750 0.410417 0.540625 0.406250 0.535937 0.406250 0.520312 0.393750 0.515625 0.393750 0.514062 0.437500 0.521875 0.425000 0.531250 0.418750 0.540625 0.418750 0.540625 0.416667 0.543750 0.414583
4 0.484375 0.375000 0.482812 0.441667 0.482812 0.431250 0.487500 0.425000 0.490625 0.435417 0.490625 0.420833 0.493750 0.418750 0.496875 0.450000 0.506250 0.443750 0.509375 0.389583 0.496875 0.379167
5 0.051562 0.500000 0.046875 0.500000 0.042188 0.535417 0.042188 0.597917 0.050000 0.595833 0.051562 0.585417
5 0.514062 0.368750 0.509375 0.404167 0.506250 0.506250 0.509375 0.497917 0.514062 0.420833
8 0.281250 0.364583 0.281250 0.435417 0.298438 0.431250 0.303125 0.418750 0.298438 0.400000 0.306250 0.393750 0.320312 0.397917 0.326562 0.416667 0.331250 0.404167 0.335938 0.408333 0.334375 0.445833 0.348438 0.404167 0.343750 0.389583 0.314063 0.387500 0.292187 0.372917 0.289062 0.364583
8 0.062500 0.239583 0.064062 0.408333 0.135937 0.408333 0.164062 0.427083 0.171875 0.412500 0.201563 0.422917 0.204687 0.402083 0.220312 0.395833 0.232813 0.412500 0.221875 0.429167 0.240625 0.425000 0.242188 0.408333 0.271875 0.425000 0.267188 0.333333 0.181250 0.316667 0.150000 0.275000 0.082812 0.268750
8 0.001563 0.195833 0.000000 0.443750 0.032813 0.425000 0.043750 0.404167 0.054688 0.291667 0.050000 0.218750
8 0.050000 0.000000 0.167187 0.143750 0.132812 0.162500 0.395313 0.377083 0.375000 0.495833 0.487500 0.458333 0.482812 0.375000 0.514062 0.366667 0.545312 0.466667 0.582812 0.460417 0.575000 0.393750 0.454688 0.241667 0.475000 0.172917 0.450000 0.139583 0.348438 0.191667 0.310937 0.000000
9 0.506250 0.445833 0.493750 0.454167 0.490625 0.489583 0.489063 0.458333 0.451562 0.485417 0.506250 0.491667
9 0.492188 0.518750 0.670312 0.997917 0.998437 0.997917 0.998437 0.622917 0.545312 0.468750 0.535937 0.420833
10 0.307812 0.031250 0.350000 0.070833 0.326562 0.108333 0.357812 0.125000 0.350000 0.191667 0.450000 0.137500 0.476562 0.172917 0.456250 0.241667 0.520312 0.358333 0.575000 0.391667 0.646875 0.245833 0.912500 0.000000 0.312500 0.000000
11 0.350000 0.404167 0.339062 0.439583 0.339062 0.456250 0.343750 0.466667 0.343750 0.527083 0.353125 0.537500 0.356250 0.527083 0.365625 0.525000 0.371875 0.514583 0.365625 0.500000 0.365625 0.483333 0.373437 0.472917 0.356250 0.406250
18 0.000000 0.450000 0.000000 0.558333 0.026562 0.537500 0.037500 0.539583 0.040625 0.545833 0.045312 0.508333 0.042188 0.483333 0.037500 0.481250 0.028125 0.458333 0.018750 0.452083
18 0.337500 0.443750 0.320312 0.443750 0.309375 0.472917 0.306250 0.420833 0.275000 0.437500 0.242188 0.410417 0.226562 0.441667 0.220312 0.397917 0.189062 0.427083 0.089063 0.416667 0.054688 0.489583 0.053125 0.547917 0.106250 0.575000 0.140625 0.525000 0.179688 0.552083 0.214062 0.522917 0.271875 0.529167 0.342187 0.506250