0 0.275000 0.493750 0.267188 0.504167 0.248438 0.504167 0.246875 0.500000 0.242188 0.500000 0.239063 0.504167 0.221875 0.502083 0.221875 0.506250 0.225000 0.510417 0.243750 0.516667 0.268750 0.518750 0.270313 0.522917 0.273438 0.522917
0 0.000000 0.529167 0.000000 0.997917 0.607812 0.997917 0.475000 0.508333 0.284375 0.489583 0.268750 0.539583
2 0.256250 0.300000 0.262500 0.306250 0.257812 0.312500 0.257812 0.329167 0.268750 0.345833 0.293750 0.356250 0.309375 0.381250 0.351562 0.406250 0.357812 0.395833 0.364063 0.395833 0.365625 0.379167 0.321875 0.318750 0.295312 0.302083
3 0.651563 0.554167 0.651563 0.556250 0.657813 0.558333 0.659375 0.560417 0.662500 0.560417 0.664062 0.558333 0.668750 0.558333 0.670312 0.560417 0.681250 0.560417 0.681250 0.552083 0.678125 0.550000 0.678125 0.543750 0.676562 0.539583 0.660937 0.539583 0.659375 0.547917 0.656250 0.552083 0.653125 0.552083
3 0.998437 0.045833 0.571875 0.358333 0.539062 0.454167 0.717187 0.422917 0.706250 0.506250 0.740625 0.506250 0.745313 0.441667 0.826562 0.460417 0.857812 0.397917 0.846875 0.620833 0.793750 0.468750 0.751563 0.504167 0.770312 0.562500 0.690625 0.577083 0.910937 0.637500 0.887500 0.602083 0.957812 0.539583 0.928125 0.427083 0.998437 0.431250
4 0.995313 0.429167 0.967187 0.416667 0.929688 0.427083 0.945312 0.468750 0.926562 0.470833 0.925000 0.495833 0.954688 0.502083 0.959375 0.539583 0.923438 0.545833 0.912500 0.602083 0.889062 0.602083 0.912500 0.612500 0.915625 0.633333 0.896875 0.645833 0.915625 0.637500 0.921875 0.602083 0.946875 0.593750 0.932813 0.552083 0.960938 0.564583 0.979688 0.552083 0.964063 0.539583 0.978125 0.508333 0.968750 0.472917 0.979688 0.435417 0.967187 0.427083 0.990625 0.429167 0.998437 0.447917
4 0.471875 0.470833 0.475000 0.456250 0.478125 0.470833 0.482812 0.437500 0.484375 0.462500 0.518750 0.443750 0.512500 0.435417 0.479687 0.416667 0.479687 0.433333 0.471875 0.447917
4 0.870313 0.435417 0.857812 0.400000 0.826562 0.462500 0.820312 0.427083 0.793750 0.420833 0.767188 0.462500 0.754687 0.435417 0.742188 0.506250 0.706250 0.508333 0.717187 0.425000 0.693750 0.458333 0.564063 0.425000 0.535937 0.487500 0.721875 0.585417 0.734375 0.541667 0.770312 0.560417 0.750000 0.504167 0.793750 0.466667 0.834375 0.520833 0.815625 0.572917 0.846875 0.618750
4 0.362500 0.370833 0.367188 0.379167 0.365625 0.395833 0.357812 0.397917 0.356250 0.404167 0.353125 0.406250 0.370312 0.412500 0.384375 0.412500 0.389062 0.418750 0.401562 0.418750 0.396875 0.406250 0.390625 0.400000 0.385937 0.400000 0.371875 0.375000
4 0.000000 0.337500 0.000000 0.447917 0.012500 0.464583 0.051562 0.452083 0.082812 0.495833 0.087500 0.472917 0.093750 0.495833 0.106250 0.466667 0.142187 0.470833 0.146875 0.516667 0.159375 0.475000 0.209375 0.485417 0.214062 0.506250 0.221875 0.481250 0.275000 0.489583 0.278125 0.522917 0.285938 0.427083
5 0.117188 0.008333 0.092188 0.347917 0.100000 0.370833 0.121875 0.131250
7 0.123438 0.077083 0.121875 0.127083 0.125000 0.139583 0.134375 0.158333 0.132812 0.152083 0.135937 0.127083 0.134375 0.104167
7 0.000000 0.000000 0.000000 0.047917 0.096875 0.110417 0.106250 0.108333 0.110937 0.000000
8 0.968750 0.427083 0.981250 0.435417 0.970313 0.472917 0.979688 0.508333 0.965625 0.539583 0.981250 0.552083 0.968750 0.566667 0.932813 0.554167 0.948438 0.593750 0.921875 0.604167 0.917188 0.637500 0.901563 0.652083 0.921875 0.664583 0.928125 0.704167 0.945312 0.722917 0.998437 0.745833 0.993750 0.433333
8 0.000000 0.050000 0.000000 0.335417 0.090625 0.364583 0.107813 0.118750
8 0.112500 0.000000 0.137500 0.127083 0.104688 0.370833 0.225000 0.404167 0.234375 0.318750 0.229687 0.406250 0.289062 0.429167 0.287500 0.487500 0.314063 0.420833 0.385937 0.464583 0.396875 0.435417 0.420312 0.506250 0.465625 0.485417 0.479687 0.414583 0.534375 0.475000 0.543750 0.412500 0.450000 0.320833 0.450000 0.243750 0.401562 0.306250 0.334375 0.100000 0.289062 0.066667 0.265625 0.100000 0.259375 0.000000
9 0.478125 0.472917 0.475000 0.477083 0.475000 0.495833 0.471875 0.504167 0.470313 0.479167 0.460938 0.493750 0.448437 0.493750 0.446875 0.497917 0.440625 0.500000 0.462500 0.502083 0.464062 0.506250 0.476562 0.506250
9 0.000000 0.450000 0.000000 0.527083 0.282813 0.535417 0.214062 0.508333 0.209375 0.487500 0.159375 0.477083 0.146875 0.518750 0.142187 0.472917 0.106250 0.468750 0.085938 0.504167 0.056250 0.456250 0.012500 0.466667
9 0.484375 0.464583 0.484375 0.608333 0.609375 0.997917 0.998437 0.997917 0.998437 0.747917 0.932813 0.712500 0.917188 0.660417 0.584375 0.531250 0.518750 0.447917
10 0.250000 0.022917 0.267188 0.100000 0.287500 0.064583 0.335938 0.100000 0.401562 0.304167 0.425000 0.235417 0.451562 0.243750 0.451562 0.320833 0.521875 0.412500 0.993750 0.050000 0.998437 0.000000
11 0.396875 0.437500 0.390625 0.443750 0.387500 0.460417 0.389062 0.506250 0.384375 0.510417 0.384375 0.514583 0.395313 0.516667 0.396875 0.510417 0.407813 0.514583 0.407813 0.504167 0.401562 0.508333 0.396875 0.502083 0.396875 0.489583 0.400000 0.487500 0.403125 0.475000 0.403125 0.458333
18 0.218750 0.495833 0.223438 0.502083 0.239063 0.502083 0.242188 0.497917 0.246875 0.497917 0.248438 0.502083 0.267188 0.502083 0.273438 0.489583 0.257812 0.483333 0.231250 0.483333 0.226562 0.481250 0.221875 0.483333 0.218750 0.489583
18 0.300000 0.433333 0.292187 0.491667 0.303125 0.502083 0.387500 0.495833 0.387500 0.468750 0.381250 0.460417 0.345313 0.447917 0.329688 0.431250 0.317188 0.441667 0.314063 0.422917 0.309375 0.435417