0 0.650000 0.993750 0.506250 0.502083 0.401562 0.502083 0.403125 0.535417 0.000000 0.691667 0.000000 0.997917
1 0.373437 0.504167 0.282813 0.531250 0.257812 0.520833 0.218750 0.547917 0.212500 0.522917 0.110937 0.529167 0.079687 0.570833 0.010937 0.533333 0.000000 0.689583 0.350000 0.537500
2 0.979688 0.000000 0.967187 0.002083 0.890625 0.070833
2 0.000000 0.000000 0.000000 0.177083 0.103125 0.252083 0.112500 0.527083 0.159375 0.527083 0.140625 0.479167 0.292187 0.418750 0.295312 0.454167 0.306250 0.425000 0.321875 0.464583 0.339062 0.441667 0.368750 0.464583 0.410938 0.402083 0.204687 0.166667
3 0.515625 0.447917 0.526563 0.435417 0.535937 0.433333 0.542188 0.425000 0.548438 0.425000 0.545312 0.420833 0.540625 0.420833 0.539062 0.416667 0.529687 0.412500 0.523438 0.406250 0.518750 0.406250
3 0.998437 0.000000 0.629687 0.295833 0.578125 0.381250 0.578125 0.468750 0.998437 0.643750
8 0.000000 0.179167 0.000000 0.402083 0.037500 0.429167 0.042188 0.406250 0.054688 0.400000 0.054688 0.420833 0.098437 0.425000 0.104688 0.450000 0.117188 0.450000 0.107813 0.364583 0.095312 0.368750 0.101562 0.252083
8 0.014063 0.000000 0.403125 0.383333 0.401562 0.500000 0.493750 0.491667 0.517188 0.387500 0.550000 0.425000 0.512500 0.491667 0.587500 0.481250 0.565625 0.385417 0.465625 0.275000 0.462500 0.183333 0.432812 0.181250 0.409375 0.268750 0.373437 0.218750 0.376563 0.135417 0.314063 0.010417 0.232813 0.000000 0.226562 0.045833 0.196875 0.000000
9 0.496875 0.512500 0.651563 0.997917 0.998437 0.997917 0.998437 0.645833 0.590625 0.483333
10 0.289062 0.002083 0.378125 0.135417 0.375000 0.218750 0.409375 0.266667 0.431250 0.181250 0.462500 0.181250 0.467187 0.275000 0.575000 0.402083 0.629687 0.293750 0.970313 0.000000
10 0.198437 0.000000 0.198437 0.004167 0.206250 0.010417 0.209375 0.022917 0.215625 0.033333 0.228125 0.043750 0.228125 0.039583 0.223438 0.033333 0.226562 0.022917 0.232813 0.025000 0.240625 0.022917 0.231250 0.006250 0.231250 0.000000
11 0.387500 0.427083 0.382812 0.427083 0.373437 0.458333 0.376563 0.527083 0.381250 0.527083 0.385937 0.508333 0.389062 0.510417 0.389062 0.518750 0.395313 0.518750 0.396875 0.487500 0.393750 0.475000 0.395313 0.456250
18 0.373437 0.468750 0.359375 0.454167 0.345313 0.460417 0.340625 0.443750 0.321875 0.466667 0.306250 0.427083 0.295312 0.456250 0.287500 0.439583 0.295312 0.427083 0.281250 0.420833 0.275000 0.445833 0.239063 0.429167 0.220312 0.456250 0.179688 0.456250 0.170313 0.477083 0.140625 0.481250 0.137500 0.497917 0.167187 0.529167 0.212500 0.520833 0.218750 0.545833 0.257812 0.518750 0.282813 0.529167 0.371875 0.506250
18 0.000000 0.404167 0.000000 0.541667 0.020313 0.529167 0.056250 0.568750 0.092188 0.560417 0.114062 0.506250 0.115625 0.462500 0.103125 0.450000 0.098437 0.427083 0.054688 0.422917 0.059375 0.404167 0.048438 0.402083 0.035937 0.431250