0 0.000000 0.850000 0.000000 0.997917 0.896875 0.997917 0.553125 0.554167 0.595313 0.504167 0.423438 0.483333 0.410938 0.558333
3 0.529687 0.360417 0.523438 0.372917 0.520312 0.368750 0.521875 0.364583 0.514062 0.366667 0.510938 0.358333 0.507812 0.375000 0.507812 0.439583 0.514062 0.433333 0.515625 0.425000 0.514062 0.395833 0.521875 0.385417 0.526563 0.393750 0.526563 0.414583 0.526563 0.375000
3 0.548438 0.343750 0.546875 0.360417 0.537500 0.364583 0.537500 0.377083 0.534375 0.379167 0.532813 0.422917 0.537500 0.393750 0.542188 0.395833 0.546875 0.422917 0.565625 0.397917 0.582812 0.389583 0.582812 0.381250
3 0.918750 0.275000 0.915625 0.270833 0.903125 0.270833 0.893750 0.275000 0.893750 0.279167 0.885938 0.283333 0.884375 0.289583 0.887500 0.295833 0.896875 0.297917 0.898438 0.302083 0.904687 0.302083 0.907813 0.295833 0.907813 0.291667 0.910937 0.289583 0.912500 0.279167
3 0.998437 0.000000 0.932813 0.002083 0.720313 0.239583 0.714063 0.300000 0.743750 0.283333 0.771875 0.214583 0.795312 0.220833 0.784375 0.279167 0.806250 0.225000 0.807813 0.279167 0.831250 0.270833 0.835938 0.293750 0.918750 0.260417 0.940625 0.291667 0.954688 0.270833 0.996875 0.300000
4 0.945312 0.291667 0.937500 0.289583 0.934375 0.270833 0.928125 0.264583 0.914062 0.262500 0.879687 0.279167 0.881250 0.289583 0.876563 0.295833 0.873437 0.291667 0.857812 0.300000 0.859375 0.316667 0.871875 0.325000 0.890625 0.300000 0.900000 0.308333 0.912500 0.293750
4 0.000000 0.108333 0.000000 0.185417 0.007812 0.191667 0.012500 0.204167 0.010937 0.229167 0.018750 0.231250 0.015625 0.162500 0.017188 0.145833 0.020313 0.143750 0.020313 0.125000 0.014063 0.114583
5 0.532813 0.354167 0.529687 0.364583 0.525000 0.487500 0.528125 0.481250 0.534375 0.377083
8 0.009375 0.500000 0.000000 0.500000 0.000000 0.560417 0.004687 0.558333 0.007812 0.550000 0.009375 0.535417 0.021875 0.522917 0.018750 0.516667 0.017188 0.504167 0.010937 0.504167
8 0.003125 0.000000 0.018750 0.233333 0.317188 0.362500 0.389062 0.570833 0.423438 0.458333 0.525000 0.437500 0.514062 0.312500 0.607812 0.506250 0.998437 0.558333 0.973437 0.289583 0.867188 0.327083 0.771875 0.216667 0.600000 0.368750 0.521875 0.206250 0.400000 0.231250 0.501563 0.000000 0.031250 0.058333
9 0.421875 0.462500 0.595313 0.502083 0.554688 0.554167 0.867188 0.964583 0.998437 0.997917 0.998437 0.560417 0.814063 0.591667 0.607812 0.508333 0.573438 0.435417 0.531250 0.431250 0.526563 0.489583 0.525000 0.439583
9 0.000000 0.225000 0.000000 0.497917 0.023438 0.520833 0.000000 0.562500 0.000000 0.847917 0.392188 0.572917 0.395313 0.504167 0.329688 0.447917 0.317188 0.364583
10 0.396875 0.220833 0.459375 0.245833 0.521875 0.204167 0.554688 0.264583 0.550000 0.322917 0.604688 0.366667 0.653125 0.300000 0.712500 0.293750 0.717187 0.235417 0.935937 0.000000 0.503125 0.000000 0.478125 0.097917 0.410938 0.106250
10 0.043750 0.000000 0.020313 0.000000 0.023438 0.018750 0.021875 0.025000 0.023438 0.047917 0.029687 0.056250 0.032813 0.054167 0.032813 0.045833 0.029687 0.037500 0.028125 0.010417 0.029687 0.008333 0.042188 0.016667 0.045312 0.012500