0 0.735938 0.993750 0.514062 0.547917 0.528125 0.497917 0.195312 0.531250 0.115625 0.572917 0.043750 0.727083 0.000000 0.704167 0.000000 0.997917
1 0.267188 0.510417 0.217188 0.531250 0.192188 0.508333 0.173437 0.545833 0.114062 0.556250 0.065625 0.675000 0.092188 0.652083 0.095312 0.606250 0.115625 0.570833 0.165625 0.554167 0.195312 0.529167 0.250000 0.529167
2 0.051562 0.283333 0.029687 0.281250 0.026562 0.289583 0.009375 0.297917 0.000000 0.291667 0.000000 0.379167 0.021875 0.379167 0.006250 0.362500 0.007812 0.352083 0.028125 0.302083
2 0.000000 0.000000 0.001563 0.158333 0.059375 0.179167 0.079687 0.212500 0.090625 0.195833 0.242188 0.304167 0.348438 0.297917 0.250000 0.177083 0.110937 0.116667 0.200000 0.116667 0.129688 0.004167
3 0.901563 0.000000 0.628125 0.322917 0.631250 0.383333 0.665625 0.370833 0.673438 0.433333 0.723437 0.439583 0.779687 0.506250 0.998437 0.564583 0.998437 0.000000
4 0.670312 0.431250 0.671875 0.445833 0.679688 0.456250 0.689063 0.462500 0.690625 0.456250 0.729688 0.456250 0.723437 0.441667 0.706250 0.447917 0.701562 0.445833 0.696875 0.437500 0.681250 0.441667
4 0.490625 0.445833 0.501563 0.441667 0.503125 0.414583 0.507812 0.416667 0.506250 0.443750 0.515625 0.435417 0.523438 0.437500 0.539062 0.410417 0.560937 0.397917 0.495312 0.345833
5 0.296875 0.314583 0.284375 0.485417 0.287500 0.514583
5 0.587500 0.212500 0.562500 0.212500 0.573438 0.227083 0.551562 0.550000 0.579688 0.229167 0.595313 0.220833
8 0.709375 0.472917 0.718750 0.483333 0.754687 0.485417 0.760938 0.489583 0.748437 0.483333 0.743750 0.477083 0.742188 0.468750 0.731250 0.458333 0.721875 0.460417
8 0.559375 0.404167 0.539062 0.412500 0.523438 0.439583 0.515625 0.437500 0.512500 0.443750 0.506250 0.445833 0.506250 0.454167 0.512500 0.443750 0.523438 0.441667 0.526563 0.454167 0.540625 0.475000 0.553125 0.477083 0.556250 0.431250 0.559375 0.429167
8 0.570312 0.362500 0.562500 0.458333 0.568750 0.487500 0.587500 0.468750 0.634375 0.454167 0.695312 0.468750 0.670312 0.445833 0.665625 0.372917 0.639062 0.395833 0.629687 0.383333 0.632812 0.354167 0.617188 0.343750 0.587500 0.385417
8 0.000000 0.158333 0.000000 0.289583 0.051562 0.281250 0.073438 0.231250 0.101562 0.250000 0.117188 0.437500 0.192188 0.366667 0.210938 0.385417 0.198437 0.412500 0.254688 0.418750 0.282813 0.506250 0.293750 0.310417 0.242188 0.306250 0.090625 0.197917 0.079687 0.214583
8 0.125000 0.000000 0.201563 0.116667 0.117188 0.122917 0.250000 0.175000 0.346875 0.285417 0.300000 0.304167 0.292187 0.512500 0.412500 0.516667 0.429688 0.468750 0.500000 0.456250 0.495312 0.343750 0.560937 0.395833 0.521875 0.264583 0.475000 0.247917 0.512500 0.131250 0.500000 0.083333 0.460938 0.114583 0.482812 0.000000 0.345313 0.000000 0.354687 0.039583 0.318750 0.054167 0.281250 0.010417 0.245312 0.104167 0.209375 0.000000
9 0.428125 0.472917 0.531250 0.500000 0.515625 0.547917 0.737500 0.997917 0.998437 0.997917 0.996875 0.564583 0.642188 0.456250 0.562500 0.483333 0.551562 0.552083 0.523438 0.443750 0.501563 0.489583 0.500000 0.458333
10 0.476562 0.247917 0.523438 0.264583 0.553125 0.362500 0.560937 0.212500 0.593750 0.214583 0.570312 0.343750 0.587500 0.383333 0.900000 0.000000 0.484375 0.000000 0.462500 0.114583 0.500000 0.081250 0.514062 0.131250
10 0.201563 0.006250 0.217188 0.054167 0.242188 0.068750 0.234375 0.091667 0.240625 0.102083 0.260937 0.081250 0.256250 0.058333 0.267188 0.050000 0.262500 0.025000 0.281250 0.008333 0.298438 0.018750 0.317188 0.052083 0.323437 0.037500 0.343750 0.047917 0.353125 0.039583 0.343750 0.000000
11 0.084375 0.233333 0.065625 0.241667 0.007812 0.358333 0.031250 0.391667 0.046875 0.516667 0.104688 0.479167 0.085938 0.504167 0.095312 0.529167 0.053125 0.531250 0.071875 0.558333 0.071875 0.627083 0.100000 0.579167 0.120313 0.477083 0.112500 0.331250 0.095312 0.297917 0.104688 0.268750
12 0.051562 0.531250 0.025000 0.541667 0.000000 0.560417 0.000000 0.641667 0.028125 0.633333 0.048438 0.647917 0.070312 0.627083 0.071875 0.616667 0.062500 0.602083 0.071875 0.585417 0.070312 0.558333 0.051562 0.537500
18 0.085938 0.612500 0.075000 0.629167 0.048438 0.650000 0.028125 0.635417 0.000000 0.643750 0.000000 0.683333 0.014063 0.683333 0.021875 0.727083 0.040625 0.727083 0.059375 0.702083 0.065625 0.666667 0.075000 0.658333 0.082812 0.637500
18 0.020313 0.379167 0.000000 0.381250 0.000000 0.558333 0.043750 0.529167 0.095312 0.527083 0.084375 0.504167 0.103125 0.479167 0.087500 0.481250 0.056250 0.520833 0.046875 0.518750 0.032813 0.466667 0.029687 0.391667
18 0.253125 0.418750 0.231250 0.404167 0.198437 0.414583 0.193750 0.397917 0.209375 0.385417 0.192188 0.368750 0.181250 0.385417 0.160938 0.383333 0.154688 0.404167 0.118750 0.439583 0.121875 0.477083 0.103125 0.525000 0.098437 0.575000 0.114062 0.554167 0.173437 0.543750 0.192188 0.506250 0.217188 0.529167 0.254688 0.516667 0.267188 0.477083 0.246875 0.433333