0 0.715625 0.997917 0.506250 0.537500 0.525000 0.497917 0.214062 0.529167 0.178125 0.641667 0.154688 0.608333 0.000000 0.658333 0.000000 0.997917
1 0.000000 0.535417 0.001563 0.658333 0.053125 0.658333 0.153125 0.610417 0.128125 0.614583 0.117188 0.633333 0.106250 0.633333 0.103125 0.585417 0.112500 0.560417 0.093750 0.554167 0.056250 0.514583 0.018750 0.516667
1 0.318750 0.508333 0.304688 0.508333 0.303125 0.504167 0.296875 0.504167 0.295312 0.508333 0.292187 0.504167 0.285938 0.512500 0.271875 0.520833 0.256250 0.518750 0.246875 0.508333 0.240625 0.522917 0.243750 0.518750 0.275000 0.522917 0.276562 0.518750 0.282813 0.518750 0.295312 0.510417 0.314063 0.512500
2 0.000000 0.000000 0.000000 0.360417 0.023438 0.300000 0.079687 0.329167 0.040625 0.354167 0.048438 0.452083 0.085938 0.377083 0.142187 0.433333 0.112500 0.227083 0.184375 0.289583 0.193750 0.264583 0.364063 0.320833 0.245312 0.218750 0.270313 0.195833 0.115625 0.000000
3 0.876563 0.000000 0.618750 0.331250 0.617188 0.393750 0.734375 0.500000 0.996875 0.575000 0.998437 0.000000
4 0.645312 0.433333 0.648438 0.454167 0.656250 0.460417 0.660937 0.460417 0.662500 0.464583 0.673438 0.468750 0.698438 0.464583 0.704688 0.470833 0.700000 0.458333 0.685937 0.439583 0.681250 0.439583 0.678125 0.435417 0.657813 0.435417 0.654687 0.439583
4 0.496875 0.350000 0.492188 0.352083 0.489063 0.454167 0.498437 0.454167 0.501563 0.418750 0.504687 0.450000 0.520312 0.443750 0.535937 0.414583 0.545312 0.414583 0.546875 0.389583
5 0.568750 0.247917 0.546875 0.247917 0.557813 0.260417 0.539062 0.539583 0.560937 0.264583 0.575000 0.256250
8 0.545312 0.416667 0.535937 0.416667 0.529687 0.425000 0.523438 0.441667 0.525000 0.460417 0.534375 0.472917 0.539062 0.472917 0.540625 0.468750 0.540625 0.458333 0.543750 0.443750 0.543750 0.420833
8 0.615625 0.358333 0.601562 0.354167 0.587500 0.385417 0.579688 0.385417 0.564063 0.356250 0.554688 0.358333 0.553125 0.391667 0.562500 0.406250 0.553125 0.414583 0.546875 0.462500 0.553125 0.500000 0.568750 0.472917 0.581250 0.479167 0.571875 0.497917 0.604688 0.483333 0.632812 0.483333 0.640625 0.466667 0.654687 0.460417 0.645312 0.450000 0.637500 0.406250 0.615625 0.393750
8 0.117188 0.000000 0.365625 0.318750 0.320312 0.358333 0.112500 0.229167 0.143750 0.387500 0.189062 0.297917 0.210938 0.420833 0.246875 0.387500 0.309375 0.506250 0.317188 0.370833 0.314063 0.506250 0.385937 0.514583 0.485938 0.452083 0.492188 0.350000 0.546875 0.387500 0.473438 0.252083 0.489063 0.008333 0.375000 0.000000 0.354687 0.081250 0.292187 0.050000 0.262500 0.122917 0.242188 0.000000
9 0.429688 0.470833 0.526563 0.497917 0.507812 0.537500 0.717187 0.997917 0.998437 0.997917 0.996875 0.587500 0.660937 0.462500 0.568750 0.475000 0.539062 0.541667 0.521875 0.443750 0.498437 0.487500 0.498437 0.456250
10 0.475000 0.252083 0.521875 0.272917 0.550000 0.362500 0.545312 0.247917 0.575000 0.250000 0.554688 0.356250 0.587500 0.383333 0.875000 0.000000 0.462500 0.000000 0.492188 0.018750 0.460938 0.150000 0.493750 0.116667 0.507812 0.156250
10 0.237500 0.035417 0.256250 0.068750 0.265625 0.120833 0.276562 0.106250 0.271875 0.089583 0.281250 0.085417 0.276562 0.062500 0.292187 0.047917 0.310937 0.056250 0.328125 0.085417 0.331250 0.068750 0.354687 0.079167 0.357812 0.025000 0.371875 0.033333 0.373437 0.000000 0.243750 0.000000
11 0.182812 0.297917 0.143750 0.389583 0.156250 0.418750 0.146875 0.537500 0.165625 0.543750 0.181250 0.579167 0.203125 0.587500 0.198437 0.512500 0.162500 0.516667 0.187500 0.477083 0.193750 0.489583 0.185938 0.506250 0.196875 0.506250 0.204687 0.475000 0.201563 0.327083
18 0.246875 0.389583 0.220312 0.400000 0.204687 0.431250 0.198437 0.506250 0.184375 0.506250 0.189062 0.479167 0.164062 0.504167 0.164062 0.516667 0.200000 0.512500 0.201563 0.560417 0.210938 0.529167 0.232813 0.527083 0.246875 0.506250 0.271875 0.518750 0.295312 0.493750 0.285938 0.425000 0.264062 0.414583 0.242188 0.425000 0.235937 0.408333 0.248438 0.402083
18 0.015625 0.306250 0.000000 0.533333 0.056250 0.512500 0.114062 0.560417 0.106250 0.631250 0.164062 0.602083 0.178125 0.639583 0.196875 0.597917 0.145313 0.537500 0.153125 0.410417 0.137500 0.404167 0.143750 0.433333 0.107813 0.422917 0.120313 0.393750 0.085938 0.379167 0.067187 0.445833 0.048438 0.454167 0.039062 0.354167 0.078125 0.329167