0 0.785937 0.997917 0.537500 0.558333 0.556250 0.504167 0.443750 0.483333 0.425000 0.529167 0.000000 0.729167 0.000000 0.997917
1 0.000000 0.727083 0.331250 0.552083 0.193750 0.527083 0.115625 0.566667 0.078125 0.520833 0.056250 0.550000 0.021875 0.554167 0.000000 0.595833
2 0.000000 0.000000 0.000000 0.095833 0.104688 0.183333 0.125000 0.220833 0.329688 0.247917 0.248438 0.106250 0.159375 0.000000
3 0.157812 0.383333 0.181250 0.400000 0.171875 0.414583 0.184375 0.418750 0.184375 0.435417 0.175000 0.435417 0.195312 0.447917 0.200000 0.502083 0.239063 0.502083 0.246875 0.393750 0.192188 0.377083
3 0.579688 0.397917 0.521875 0.341667 0.514062 0.341667 0.506250 0.450000 0.514062 0.443750 0.515625 0.429167 0.520312 0.433333 0.523438 0.404167 0.526563 0.439583 0.545312 0.439583 0.554688 0.414583
3 0.954688 0.000000 0.662500 0.325000 0.682813 0.389583 0.709375 0.408333 0.743750 0.387500 0.748437 0.439583 0.798438 0.477083 0.834375 0.466667 0.917188 0.529167 0.998437 0.541667 0.998437 0.000000
4 0.746875 0.429167 0.745313 0.445833 0.750000 0.454167 0.765625 0.466667 0.768750 0.464583 0.781250 0.472917 0.796875 0.477083 0.793750 0.468750 0.789062 0.466667 0.787500 0.462500 0.779687 0.462500 0.776563 0.458333 0.770312 0.458333 0.767188 0.452083 0.753125 0.447917 0.746875 0.439583
5 0.260937 0.245833 0.242188 0.533333 0.251563 0.466667
5 0.648438 0.120833 0.617188 0.133333 0.632812 0.150000 0.600000 0.585417 0.637500 0.183333 0.665625 0.137500
8 0.807813 0.475000 0.812500 0.477083 0.814063 0.481250 0.840625 0.481250 0.842187 0.479167 0.843750 0.481250 0.850000 0.481250 0.854688 0.485417 0.860938 0.485417 0.856250 0.479167 0.845313 0.477083 0.843750 0.472917 0.834375 0.468750 0.812500 0.468750
8 0.239063 0.400000 0.229687 0.400000 0.228125 0.404167 0.206250 0.400000 0.209375 0.406250 0.207813 0.416667 0.195312 0.427083 0.201563 0.445833 0.203125 0.468750 0.209375 0.481250 0.215625 0.481250 0.220312 0.468750 0.228125 0.460417 0.232813 0.460417 0.235937 0.454167 0.235937 0.439583 0.239063 0.437500 0.237500 0.425000 0.240625 0.420833
8 0.625000 0.360417 0.617188 0.479167 0.667188 0.456250 0.756250 0.460417 0.743750 0.445833 0.743750 0.389583 0.735938 0.404167 0.700000 0.410417 0.678125 0.381250 0.679688 0.341667 0.673438 0.345833 0.660937 0.325000 0.646875 0.335417 0.645312 0.352083
8 0.000000 0.097917 0.000000 0.395833 0.025000 0.393750 0.025000 0.358333 0.042188 0.347917 0.100000 0.360417 0.075000 0.352083 0.085938 0.327083 0.115625 0.337500 0.123438 0.385417 0.246875 0.391667 0.251563 0.241667 0.125000 0.222917
8 0.160938 0.000000 0.331250 0.235417 0.264062 0.247917 0.256250 0.495833 0.420312 0.481250 0.425000 0.527083 0.445312 0.475000 0.517188 0.475000 0.521875 0.339583 0.581250 0.397917 0.526563 0.447917 0.603125 0.514583 0.615625 0.372917 0.553125 0.345833 0.520312 0.239583 0.459375 0.262500 0.542188 0.066667 0.528125 0.012500 0.503125 0.047917 0.498437 0.000000 0.251563 0.000000 0.231250 0.072917 0.214062 0.000000
9 0.193750 0.525000 0.240625 0.527083 0.239063 0.504167 0.200000 0.504167
9 0.425000 0.504167 0.420312 0.483333 0.410938 0.483333 0.403125 0.497917 0.373437 0.516667 0.329688 0.518750 0.251563 0.491667 0.248438 0.529167 0.329688 0.550000 0.420312 0.529167
9 0.443750 0.479167 0.557813 0.504167 0.539062 0.558333 0.784375 0.995833 0.998437 0.997917 0.998437 0.543750 0.667188 0.458333 0.615625 0.483333 0.600000 0.587500 0.603125 0.516667 0.548438 0.447917 0.520312 0.493750
9 0.315625 0.408333 0.317188 0.412500 0.337500 0.418750 0.354687 0.441667 0.359375 0.433333 0.379688 0.439583 0.385937 0.433333 0.384375 0.408333 0.387500 0.406250 0.381250 0.402083 0.375000 0.402083 0.365625 0.414583 0.359375 0.414583 0.351562 0.406250 0.321875 0.402083
10 0.460938 0.262500 0.539062 0.252083 0.550000 0.337500 0.607812 0.383333 0.620313 0.125000 0.667188 0.133333 0.639062 0.183333 0.634375 0.356250 0.945312 0.000000 0.500000 0.000000 0.490625 0.037500 0.525000 0.008333 0.543750 0.066667
10 0.250000 0.000000 0.215625 0.000000 0.209375 0.010417 0.209375 0.022917 0.220312 0.037500 0.218750 0.050000 0.225000 0.064583 0.231250 0.070833 0.231250 0.056250 0.240625 0.047917 0.239063 0.045833 0.245312 0.037500 0.246875 0.039583 0.254688 0.031250 0.254688 0.018750 0.246875 0.012500
18 0.179688 0.400000 0.118750 0.385417 0.112500 0.335417 0.085938 0.329167 0.076563 0.343750 0.100000 0.362500 0.026562 0.358333 0.029687 0.389583 0.000000 0.397917 0.000000 0.593750 0.021875 0.552083 0.056250 0.547917 0.078125 0.518750 0.115625 0.564583 0.185938 0.537500 0.200000 0.497917 0.195312 0.452083 0.164062 0.427083