0 0.689063 0.995833 0.489063 0.527083 0.501563 0.491667 0.284375 0.504167 0.270313 0.583333 0.000000 0.691667 0.000000 0.997917
1 0.228125 0.525000 0.206250 0.531250 0.181250 0.510417 0.146875 0.508333 0.123438 0.550000 0.000000 0.577083 0.000000 0.689583 0.225000 0.579167
2 0.000000 0.052083 0.000000 0.158333 0.084375 0.222917 0.050000 0.264583 0.068750 0.285417 0.057813 0.339583 0.020313 0.337500 0.000000 0.383333 0.059375 0.372917 0.123438 0.427083 0.176563 0.364583 0.178125 0.450000 0.250000 0.345833 0.276562 0.402083 0.296875 0.350000 0.365625 0.345833 0.192188 0.145833
2 0.000000 0.000000 0.000000 0.029167 0.006250 0.033333 0.009375 0.029167 0.071875 0.043750 0.090625 0.039583 0.084375 0.020833 0.068750 0.000000
3 0.878125 0.000000 0.750000 0.118750 0.593750 0.335417 0.587500 0.397917 0.609375 0.450000 0.862500 0.560417 0.978125 0.560417 0.993750 0.589583 0.998437 0.000000
4 0.528125 0.387500 0.525000 0.389583 0.525000 0.402083 0.523438 0.404167 0.523438 0.418750 0.525000 0.418750 0.526563 0.414583 0.532813 0.410417 0.537500 0.410417 0.543750 0.404167 0.543750 0.402083 0.540625 0.397917 0.539062 0.397917 0.537500 0.393750 0.534375 0.393750 0.532813 0.389583 0.529687 0.391667
4 0.476562 0.354167 0.471875 0.456250 0.482812 0.454167 0.487500 0.414583 0.489063 0.458333 0.517188 0.427083 0.520312 0.383333
5 0.537500 0.285417 0.518750 0.285417 0.526563 0.293750 0.512500 0.522917 0.529687 0.295833 0.540625 0.291667
8 0.526563 0.354167 0.526563 0.385417 0.545312 0.402083 0.526563 0.416667 0.534375 0.443750 0.548438 0.460417 0.548438 0.481250 0.540625 0.491667 0.606250 0.477083 0.612500 0.452083 0.606250 0.447917 0.600000 0.414583 0.585938 0.397917 0.589063 0.354167 0.573438 0.364583 0.568750 0.379167 0.548438 0.354167 0.535937 0.368750
8 0.310937 0.347917 0.296875 0.352083 0.300000 0.364583 0.290625 0.377083 0.279687 0.375000 0.281250 0.402083 0.276562 0.404167 0.271875 0.395833 0.271875 0.402083 0.285938 0.418750 0.310937 0.431250 0.320312 0.466667 0.320312 0.487500 0.325000 0.487500 0.329688 0.352083
8 0.806250 0.306250 0.793750 0.300000 0.787500 0.287500 0.781250 0.289583 0.778125 0.295833 0.773438 0.295833 0.770312 0.306250 0.750000 0.320833 0.748437 0.329167 0.757812 0.337500 0.765625 0.325000 0.781250 0.314583 0.782813 0.310417 0.790625 0.310417 0.795312 0.320833 0.800000 0.320833
8 0.000000 0.160417 0.000000 0.333333 0.012500 0.343750 0.020313 0.335417 0.053125 0.341667 0.064062 0.322917 0.060937 0.302083 0.067187 0.285417 0.048438 0.264583 0.060937 0.256250 0.065625 0.235417 0.082812 0.225000 0.081250 0.208333 0.059375 0.187500
8 0.000000 0.031250 0.192188 0.143750 0.357812 0.322917 0.331250 0.497917 0.415625 0.502083 0.470313 0.454167 0.476562 0.352083 0.520312 0.381250 0.504687 0.275000 0.462500 0.260417 0.485938 0.193750 0.448437 0.158333 0.471875 0.077083 0.396875 0.020833 0.326562 0.122917 0.267188 0.081250 0.298438 0.000000
9 0.360938 0.502083 0.365625 0.502083 0.367188 0.506250 0.404687 0.506250 0.401562 0.502083 0.403125 0.500000 0.412500 0.502083 0.410938 0.500000 0.412500 0.493750 0.410938 0.489583 0.403125 0.489583 0.401562 0.493750 0.396875 0.493750 0.395313 0.489583 0.381250 0.487500 0.373437 0.489583 0.371875 0.493750 0.367188 0.493750
9 0.432812 0.477083 0.507812 0.493750 0.490625 0.527083 0.690625 0.997917 0.998437 0.997917 0.998437 0.587500 0.620313 0.456250 0.540625 0.493750 0.525000 0.420833 0.514062 0.525000 0.517188 0.429167 0.485938 0.485417 0.482812 0.456250
10 0.237500 0.112500 0.242188 0.118750 0.246875 0.120833 0.248438 0.127083 0.257812 0.131250 0.265625 0.131250 0.282813 0.125000 0.282813 0.112500 0.276562 0.106250 0.271875 0.110417 0.265625 0.110417 0.260937 0.106250 0.242188 0.102083
10 0.268750 0.081250 0.348438 0.116667 0.396875 0.018750 0.473438 0.077083 0.456250 0.185417 0.487500 0.193750 0.464062 0.260417 0.506250 0.275000 0.520312 0.350000 0.537500 0.283333 0.528125 0.352083 0.568750 0.377083 0.750000 0.116667 0.876563 0.000000 0.300000 0.000000
11 0.256250 0.347917 0.242188 0.358333 0.226562 0.410417 0.226562 0.422917 0.237500 0.441667 0.237500 0.522917 0.246875 0.514583 0.257812 0.472917 0.268750 0.470833 0.275000 0.487500 0.271875 0.404167 0.264062 0.358333
18 0.307812 0.429167 0.273438 0.425000 0.276562 0.487500 0.257812 0.475000 0.237500 0.525000 0.226562 0.408333 0.167187 0.450000 0.176563 0.366667 0.156250 0.362500 0.123438 0.429167 0.089063 0.425000 0.059375 0.375000 0.012500 0.379167 0.000000 0.575000 0.123438 0.547917 0.143750 0.508333 0.228125 0.522917 0.226562 0.575000 0.260937 0.560417 0.270313 0.581250 0.282813 0.504167 0.310937 0.500000