0 0.834375 0.533333 0.842187 0.533333 0.843750 0.529167 0.856250 0.529167 0.859375 0.525000 0.873437 0.516667 0.873437 0.508333 0.876563 0.504167 0.835938 0.504167
0 0.000000 0.256250 0.000000 0.997917 0.756250 0.997917 0.600000 0.647917 0.825000 0.504167 0.053125 0.489583
2 0.842187 0.370833 0.840625 0.422917 0.860938 0.429167 0.862500 0.433333 0.889062 0.437500 0.896875 0.420833 0.889062 0.416667 0.878125 0.420833 0.873437 0.414583 0.873437 0.400000 0.845313 0.404167 0.856250 0.389583 0.857812 0.377083 0.846875 0.379167
2 0.701562 0.320833 0.703125 0.339583 0.695312 0.343750 0.701562 0.379167 0.695312 0.387500 0.715625 0.387500 0.718750 0.352083 0.729688 0.335417 0.737500 0.370833 0.734375 0.389583 0.784375 0.397917 0.785937 0.356250 0.776563 0.358333 0.764062 0.385417 0.754687 0.366667 0.754687 0.329167
2 0.807813 0.316667 0.801562 0.352083 0.790625 0.354167 0.789062 0.397917 0.832812 0.418750 0.834375 0.368750 0.821875 0.347917 0.821875 0.335417 0.832812 0.312500
2 0.982812 0.285417 0.978125 0.275000 0.932813 0.283333 0.939063 0.287500 0.917188 0.291667 0.918750 0.285417 0.928125 0.285417 0.915625 0.283333 0.875000 0.295833 0.870313 0.304167 0.885938 0.312500 0.901563 0.356250 0.959375 0.350000 0.978125 0.320833 0.976562 0.297917
2 0.450000 0.264583 0.448437 0.306250 0.445312 0.308333 0.445312 0.345833 0.453125 0.352083 0.451562 0.364583 0.454688 0.368750 0.464062 0.360417 0.468750 0.345833 0.473438 0.345833 0.481250 0.335417 0.481250 0.327083 0.475000 0.318750 0.473438 0.302083 0.465625 0.285417 0.459375 0.279167 0.456250 0.268750
5 0.426563 0.222917 0.421875 0.254167 0.426563 0.285417 0.423438 0.483333 0.428125 0.481250 0.428125 0.295833 0.439063 0.258333 0.428125 0.250000
5 0.848437 0.181250 0.840625 0.204167 0.826562 0.537500 0.834375 0.520833
8 0.728125 0.337500 0.718750 0.358333 0.720313 0.366667 0.717187 0.375000 0.717187 0.387500 0.732812 0.389583 0.735938 0.381250 0.735938 0.370833 0.734375 0.370833 0.731250 0.364583 0.732812 0.360417 0.732812 0.350000 0.731250 0.347917 0.731250 0.341667 0.729688 0.337500
8 0.837500 0.295833 0.835938 0.295833 0.834375 0.314583 0.831250 0.316667 0.831250 0.320833 0.828125 0.322917 0.826562 0.333333 0.823438 0.335417 0.823438 0.347917 0.828125 0.354167 0.828125 0.360417 0.834375 0.362500 0.834375 0.331250 0.835938 0.329167
8 0.771875 0.291667 0.765625 0.295833 0.764062 0.314583 0.757812 0.322917 0.754687 0.337500 0.756250 0.366667 0.764062 0.383333 0.775000 0.366667 0.775000 0.354167 0.779687 0.345833 0.781250 0.316667 0.776563 0.327083 0.771875 0.320833
8 0.437500 0.254167 0.431250 0.383333 0.700000 0.379167 0.693750 0.302083 0.675000 0.283333 0.670312 0.331250 0.646875 0.354167 0.610938 0.247917 0.550000 0.260417 0.504687 0.337500 0.471875 0.297917 0.482812 0.335417 0.453125 0.370833 0.454688 0.256250
8 0.998437 0.177083 0.971875 0.193750 0.987500 0.202083 0.984375 0.287500 0.959375 0.352083 0.901563 0.358333 0.864062 0.268750 0.846875 0.264583 0.842187 0.368750 0.859375 0.377083 0.846875 0.404167 0.898438 0.420833 0.885938 0.439583 0.901563 0.479167 0.881250 0.516667 0.998437 0.533333
8 0.000000 0.000000 0.000000 0.254167 0.065625 0.408333 0.048438 0.485417 0.157812 0.487500 0.160938 0.443750 0.171875 0.489583 0.285938 0.479167 0.420312 0.404167 0.420312 0.254167 0.451562 0.185417 0.423438 0.083333 0.362500 0.060417 0.304688 0.104167 0.254688 0.033333 0.206250 0.058333 0.159375 0.008333 0.128125 0.097917 0.059375 0.002083
9 0.609375 0.625000 0.618750 0.727083 0.757812 0.997917 0.998437 0.997917 0.998437 0.535417 0.875000 0.514583 0.664062 0.581250
9 0.839063 0.425000 0.835938 0.502083 0.887500 0.502083 0.895312 0.493750 0.900000 0.466667 0.889062 0.454167 0.887500 0.441667
9 0.212500 0.491667 0.826562 0.502083 0.831250 0.420833 0.723437 0.389583 0.429688 0.385417 0.426563 0.485417 0.423438 0.391667 0.314063 0.470833
10 0.057813 0.000000 0.128125 0.095833 0.159375 0.006250 0.304688 0.102083 0.423438 0.081250 0.498437 0.335417 0.610938 0.245833 0.631250 0.333333 0.771875 0.289583 0.793750 0.354167 0.843750 0.179167 0.871875 0.297917 0.975000 0.275000 0.998437 0.000000
18 0.160938 0.445833 0.153125 0.458333 0.153125 0.475000 0.157812 0.485417 0.162500 0.489583 0.170313 0.489583 0.175000 0.485417 0.178125 0.485417 0.178125 0.483333 0.181250 0.481250 0.181250 0.458333 0.176563 0.456250 0.175000 0.452083 0.167187 0.452083 0.165625 0.447917