0 0.998437 0.235417 0.518750 0.393750 0.565625 0.425000 0.000000 0.858333 0.000000 0.997917 0.998437 0.997917
1 0.509375 0.404167 0.507812 0.402083 0.507812 0.395833 0.503125 0.395833 0.479687 0.406250 0.468750 0.406250 0.465625 0.408333 0.496875 0.414583 0.506250 0.408333 0.509375 0.410417
2 0.200000 0.379167 0.126562 0.383333 0.118750 0.404167 0.120313 0.414583 0.143750 0.414583 0.164062 0.408333 0.165625 0.404167 0.198437 0.402083 0.204687 0.397917
2 0.262500 0.341667 0.260937 0.345833 0.262500 0.352083 0.265625 0.354167 0.264062 0.358333 0.265625 0.385417 0.289062 0.381250 0.290625 0.375000 0.287500 0.372917 0.285938 0.364583 0.279687 0.356250 0.279687 0.352083 0.275000 0.343750 0.275000 0.337500 0.268750 0.337500
2 0.443750 0.260417 0.439063 0.254167 0.421875 0.258333 0.364063 0.287500 0.359375 0.285417 0.342187 0.295833 0.342187 0.302083 0.351562 0.310417 0.364063 0.308333 0.373437 0.297917 0.395313 0.293750 0.421875 0.272917 0.443750 0.266667
2 0.645312 0.177083 0.495312 0.229167 0.498437 0.254167 0.500000 0.245833 0.534375 0.225000 0.559375 0.220833
3 0.489063 0.247917 0.465625 0.272917 0.445312 0.264583 0.364063 0.310417 0.346875 0.306250 0.345313 0.352083 0.284375 0.385417 0.418750 0.402083 0.414062 0.377083 0.429688 0.372917 0.437500 0.347917 0.453125 0.379167 0.437500 0.389583 0.440625 0.402083 0.506250 0.393750
3 0.825000 0.191667 0.703125 0.150000 0.681250 0.181250 0.646875 0.177083 0.510938 0.239583 0.498437 0.272917 0.514062 0.387500 0.707812 0.325000 0.707812 0.302083 0.742188 0.266667 0.820312 0.235417
5 0.479687 0.160417 0.515625 0.425000 0.496875 0.254167
7 0.453125 0.141667 0.454688 0.158333 0.482812 0.158333 0.485938 0.162500 0.504687 0.160417 0.504687 0.143750 0.501563 0.141667 0.471875 0.139583 0.470313 0.137500 0.459375 0.137500 0.456250 0.141667
8 0.000000 0.375000 0.000000 0.441667 0.023438 0.439583 0.037500 0.433333 0.037500 0.427083 0.032813 0.422917 0.032813 0.414583 0.029687 0.408333 0.014063 0.400000 0.009375 0.385417
8 0.201563 0.312500 0.201563 0.322917 0.206250 0.331250 0.203125 0.333333 0.204687 0.343750 0.198437 0.372917 0.206250 0.397917 0.225000 0.397917 0.226562 0.393750 0.240625 0.391667 0.231250 0.389583 0.232813 0.358333 0.228125 0.343750 0.225000 0.352083 0.220312 0.352083 0.212500 0.335417 0.210938 0.318750
8 0.059375 0.310417 0.064062 0.341667 0.050000 0.345833 0.064062 0.379167 0.054688 0.391667 0.060937 0.416667 0.046875 0.425000 0.118750 0.414583 0.118750 0.393750 0.126562 0.379167 0.115625 0.370833 0.107813 0.341667 0.095312 0.331250 0.081250 0.339583 0.071875 0.316667
8 0.310937 0.254167 0.301563 0.264583 0.290625 0.262500 0.295312 0.270833 0.295312 0.293750 0.289062 0.300000 0.292187 0.312500 0.278125 0.312500 0.279687 0.322917 0.273438 0.333333 0.292187 0.377083 0.348438 0.345833 0.345313 0.306250 0.340625 0.295833 0.325000 0.289583 0.325000 0.279167
8 0.485938 0.164583 0.487500 0.195833 0.493750 0.229167 0.492188 0.227083 0.492188 0.218750 0.500000 0.200000 0.498437 0.195833 0.500000 0.185417 0.496875 0.181250 0.495312 0.164583
8 0.779687 0.116667 0.784375 0.127083 0.784375 0.137500 0.779687 0.141667 0.781250 0.162500 0.773438 0.170833 0.803125 0.185417 0.821875 0.189583 0.831250 0.164583 0.829688 0.160417 0.823438 0.160417 0.825000 0.141667 0.818750 0.141667 0.817187 0.137500 0.809375 0.141667 0.800000 0.129167 0.795312 0.131250 0.787500 0.118750
8 0.998437 0.097917 0.981250 0.166667 0.946875 0.122917 0.917188 0.206250 0.898438 0.218750 0.868750 0.164583 0.846875 0.166667 0.820312 0.237500 0.734375 0.279167 0.750000 0.275000 0.765625 0.297917 0.989062 0.195833
8 0.457813 0.083333 0.453125 0.095833 0.446875 0.085417 0.437500 0.091667 0.434375 0.143750 0.420312 0.143750 0.425000 0.172917 0.417187 0.193750 0.425000 0.231250 0.459375 0.272917 0.482812 0.245833 0.485938 0.222917 0.478125 0.160417 0.454688 0.160417 0.451562 0.141667 0.490625 0.135417 0.482812 0.133333 0.479687 0.116667 0.470313 0.133333 0.465625 0.129167 0.465625 0.087500
8 0.690625 0.000000 0.684375 0.037500 0.675000 0.045833 0.684375 0.077083 0.676562 0.083333 0.668750 0.070833 0.664062 0.095833 0.671875 0.114583 0.667188 0.170833 0.681250 0.179167 0.681250 0.162500 0.703125 0.147917 0.751563 0.162500 0.748437 0.131250 0.760938 0.081250 0.753125 0.085417 0.756250 0.041667 0.745313 0.056250 0.745313 0.035417 0.734375 0.045833 0.737500 0.014583 0.726562 0.031250 0.714063 0.000000
9 0.564063 0.425000 0.276562 0.387500 0.000000 0.443750 0.000000 0.856250 0.543750 0.466667
9 0.764062 0.300000 0.757812 0.295833 0.754687 0.281250 0.750000 0.277083 0.734375 0.281250 0.729688 0.289583 0.709375 0.302083 0.709375 0.325000 0.714063 0.325000 0.715625 0.320833 0.732812 0.318750 0.734375 0.314583 0.739062 0.314583
9 0.998437 0.175000 0.992188 0.183333 0.992188 0.193750 0.989062 0.197917 0.978125 0.202083 0.976562 0.206250 0.968750 0.206250 0.959375 0.212500 0.957812 0.216667 0.975000 0.214583 0.987500 0.220833 0.998437 0.233333
10 0.714063 0.002083 0.726562 0.029167 0.739062 0.014583 0.737500 0.047917 0.757812 0.041667 0.753125 0.162500 0.775000 0.168750 0.787500 0.116667 0.826562 0.141667 0.828125 0.183333 0.865625 0.160417 0.898438 0.216667 0.957812 0.100000 0.982812 0.162500 0.998437 0.000000
10 0.000000 0.372917 0.040625 0.429167 0.059375 0.308333 0.128125 0.381250 0.198437 0.377083 0.203125 0.310417 0.248438 0.391667 0.242188 0.293750 0.260937 0.341667 0.292187 0.258333 0.345313 0.293750 0.439063 0.252083 0.443750 0.083333 0.506250 0.143750 0.493750 0.227083 0.662500 0.170833 0.689063 0.000000 0.000000 0.000000
11 0.442188 0.352083 0.437500 0.350000 0.437500 0.360417 0.434375 0.362500 0.429688 0.375000 0.425000 0.368750 0.417187 0.372917 0.415625 0.395833 0.420312 0.402083 0.439063 0.402083 0.439063 0.393750 0.435937 0.389583 0.440625 0.387500 0.442188 0.383333 0.443750 0.385417 0.451562 0.381250