0 0.931250 0.360417 0.760938 0.377083 0.712500 0.445833 0.000000 0.666667 0.000000 0.997917 0.743750 0.997917 0.740625 0.712500 0.934375 0.527083
0 0.998437 0.337500 0.956250 0.347917 0.951562 0.358333 0.954688 0.512500 0.998437 0.487500
1 0.931250 0.350000 0.729688 0.375000 0.729688 0.393750 0.748437 0.395833 0.739062 0.389583 0.742188 0.381250 0.904687 0.352083 0.931250 0.358333
2 0.440625 0.329167 0.445312 0.356250 0.462500 0.354167 0.460938 0.339583 0.467187 0.314583 0.471875 0.316667 0.475000 0.331250 0.475000 0.352083 0.501563 0.350000 0.498437 0.341667 0.492188 0.339583 0.490625 0.314583 0.479687 0.314583 0.478125 0.327083 0.475000 0.314583 0.448437 0.312500 0.448437 0.318750
2 0.540625 0.291667 0.534375 0.293750 0.537500 0.300000 0.537500 0.310417 0.534375 0.314583 0.526563 0.316667 0.526563 0.331250 0.518750 0.333333 0.512500 0.350000 0.542188 0.343750
2 0.557813 0.285417 0.550000 0.285417 0.548438 0.289583 0.543750 0.289583 0.545312 0.293750 0.545312 0.329167 0.546875 0.337500 0.557813 0.331250 0.564063 0.331250 0.568750 0.327083 0.565625 0.316667 0.562500 0.316667 0.559375 0.310417 0.559375 0.287500
2 0.707812 0.225000 0.695312 0.222917 0.600000 0.262500 0.615625 0.270833 0.618750 0.306250 0.717187 0.264583 0.717187 0.250000 0.704688 0.237500
2 0.928125 0.152083 0.757812 0.202083 0.742188 0.231250 0.751563 0.235417 0.760938 0.220833 0.767188 0.227083 0.796875 0.218750 0.801562 0.227083 0.923438 0.179167
2 0.973437 0.135417 0.970313 0.139583 0.964063 0.139583 0.956250 0.143750 0.946875 0.143750 0.945312 0.145833 0.945312 0.164583 0.946875 0.166667 0.945312 0.168750 0.950000 0.168750 0.951562 0.164583 0.960938 0.162500 0.962500 0.158333 0.968750 0.158333 0.970313 0.154167 0.979688 0.154167 0.979688 0.150000 0.978125 0.152083 0.976562 0.150000 0.975000 0.139583 0.971875 0.137500
3 0.718750 0.266667 0.546875 0.345833 0.678125 0.377083 0.681250 0.339583 0.704688 0.318750 0.720313 0.375000
3 0.725000 0.262500 0.729688 0.372917 0.929688 0.345833 0.928125 0.252083 0.776563 0.293750 0.778125 0.275000 0.767188 0.277083 0.765625 0.247917
3 0.998437 0.237500 0.948438 0.250000 0.948438 0.322917 0.951562 0.322917 0.951562 0.341667 0.975000 0.337500 0.990625 0.314583 0.998437 0.310417
3 0.070312 0.218750 0.073438 0.235417 0.079687 0.231250 0.090625 0.250000 0.087500 0.295833 0.078125 0.285417 0.076563 0.308333 0.095312 0.393750 0.092188 0.358333 0.101562 0.362500 0.096875 0.377083 0.112500 0.375000 0.118750 0.345833 0.132812 0.356250 0.137500 0.381250 0.131250 0.300000 0.154688 0.312500
3 0.000000 0.129167 0.000000 0.318750 0.007812 0.341667 0.018750 0.343750 0.025000 0.329167 0.045312 0.360417 0.021875 0.200000 0.021875 0.160417
4 0.120313 0.347917 0.115625 0.350000 0.115625 0.372917 0.107813 0.379167 0.095312 0.377083 0.100000 0.370833 0.100000 0.354167 0.093750 0.358333 0.096875 0.397917 0.104688 0.408333 0.114062 0.408333 0.117188 0.397917 0.114062 0.393750 0.115625 0.387500 0.118750 0.389583 0.135937 0.381250 0.131250 0.356250 0.123438 0.358333
4 0.023438 0.331250 0.018750 0.345833 0.012500 0.343750 0.023438 0.368750 0.023438 0.389583 0.031250 0.404167 0.048438 0.408333 0.045312 0.400000 0.040625 0.400000 0.035937 0.393750 0.037500 0.385417 0.042188 0.387500 0.048438 0.381250 0.043750 0.356250 0.039062 0.358333 0.028125 0.333333
4 0.132812 0.300000 0.137500 0.352083 0.139063 0.337500 0.145313 0.335417 0.143750 0.329167 0.146875 0.325000 0.150000 0.331250 0.153125 0.329167 0.157812 0.339583 0.162500 0.335417 0.160938 0.327083 0.157812 0.325000 0.154688 0.316667 0.153125 0.320833 0.148438 0.318750 0.137500 0.302083
4 0.076563 0.231250 0.075000 0.247917 0.078125 0.260417 0.078125 0.283333 0.081250 0.285417 0.084375 0.300000 0.087500 0.285417 0.085938 0.258333 0.089063 0.250000 0.087500 0.243750 0.084375 0.241667 0.084375 0.237500
4 0.926562 0.179167 0.801562 0.229167 0.796875 0.220833 0.760938 0.222917 0.751563 0.237500 0.735938 0.235417 0.732812 0.256250 0.765625 0.245833 0.768750 0.277083 0.778125 0.272917 0.778125 0.293750 0.921875 0.254167 0.928125 0.250000
4 0.998437 0.150000 0.970313 0.156250 0.945312 0.170833 0.948438 0.172917 0.945312 0.187500 0.948438 0.193750 0.948438 0.247917 0.998437 0.235417
5 0.717187 0.197917 0.726562 0.402083 0.723437 0.225000
5 0.925000 0.000000 0.937500 0.570833 0.950000 0.579167 0.942187 0.004167
7 0.739062 0.181250 0.735938 0.179167 0.731250 0.179167 0.729688 0.181250 0.700000 0.181250 0.698438 0.183333 0.698438 0.195833 0.703125 0.195833 0.704688 0.193750 0.737500 0.195833 0.739062 0.193750
8 0.000000 0.320833 0.000000 0.470833 0.009375 0.460417 0.014063 0.425000 0.023438 0.414583 0.037500 0.412500 0.021875 0.389583 0.020313 0.362500 0.004687 0.339583
8 0.500000 0.268750 0.500000 0.287500 0.493750 0.300000 0.493750 0.316667 0.503125 0.350000 0.510938 0.350000 0.517188 0.322917 0.517188 0.291667 0.515625 0.289583 0.514062 0.295833 0.509375 0.297917 0.506250 0.268750
8 0.446875 0.312500 0.414062 0.260417 0.410938 0.331250 0.390625 0.347917 0.381250 0.320833 0.367188 0.331250 0.346875 0.247917 0.276562 0.256250 0.214062 0.358333 0.192188 0.322917 0.156250 0.312500 0.167187 0.350000 0.153125 0.362500 0.140625 0.337500 0.139063 0.381250 0.115625 0.408333 0.439063 0.358333
8 0.587500 0.225000 0.576562 0.233333 0.571875 0.231250 0.570312 0.247917 0.573438 0.256250 0.567187 0.260417 0.568750 0.272917 0.557813 0.275000 0.554688 0.281250 0.560937 0.287500 0.560937 0.310417 0.570312 0.327083 0.592187 0.320833 0.615625 0.306250 0.614062 0.270833 0.606250 0.264583 0.601562 0.266667 0.595313 0.258333 0.596875 0.245833
8 0.737500 0.072917 0.714063 0.081250 0.706250 0.135417 0.692187 0.135417 0.687500 0.210417 0.709375 0.225000 0.714063 0.247917 0.717187 0.204167 0.696875 0.195833 0.700000 0.179167 0.740625 0.181250 0.737500 0.197917 0.721875 0.197917 0.725000 0.245833 0.754687 0.214583 0.767188 0.183333 0.754687 0.110417 0.745313 0.112500 0.739062 0.137500 0.734375 0.131250
8 0.992188 0.039583 0.987500 0.041667 0.987500 0.054167 0.979688 0.075000 0.992188 0.104167 0.968750 0.125000 0.981250 0.152083 0.998437 0.147917 0.998437 0.052083
8 0.000000 0.000000 0.000000 0.127083 0.023438 0.160417 0.046875 0.410417 0.095312 0.412500 0.068750 0.218750 0.104688 0.252083 0.107813 0.227083 0.070312 0.197917 0.079687 0.093750 0.040625 0.043750 0.040625 0.010417
9 0.998437 0.489583 0.954688 0.514583 0.950000 0.581250 0.926562 0.531250 0.823438 0.593750 0.753125 0.683333 0.725000 0.793750 0.745313 0.997917 0.998437 0.997917
9 0.767188 0.406250 0.523438 0.347917 0.039062 0.410417 0.000000 0.472917 0.000000 0.664583
10 0.998437 0.000000 0.942187 0.000000 0.945312 0.143750 0.970313 0.137500 0.967187 0.125000 0.990625 0.104167 0.978125 0.075000 0.987500 0.039583 0.992188 0.037500 0.998437 0.050000
10 0.026562 0.000000 0.081250 0.093750 0.071875 0.197917 0.210938 0.356250 0.331250 0.241667 0.370312 0.333333 0.414062 0.258333 0.493750 0.339583 0.506250 0.266667 0.525000 0.331250 0.571875 0.229167 0.693750 0.225000 0.723437 0.070833 0.757812 0.200000 0.928125 0.137500 0.923438 0.000000
11 0.698438 0.320833 0.696875 0.331250 0.693750 0.335417 0.684375 0.337500 0.678125 0.354167 0.679688 0.377083 0.689063 0.377083 0.690625 0.381250 0.695312 0.381250 0.701562 0.387500 0.707812 0.387500 0.714063 0.377083 0.712500 0.347917 0.704688 0.320833