0 0.998437 0.302083 0.692187 0.375000 0.726562 0.410417 0.000000 0.727083 0.000000 0.997917 0.998437 0.997917
2 0.417187 0.327083 0.401562 0.325000 0.370312 0.327083 0.362500 0.341667 0.362500 0.347917 0.365625 0.350000 0.365625 0.362500 0.387500 0.362500 0.396875 0.358333 0.412500 0.360417 0.414062 0.356250 0.421875 0.356250
2 0.481250 0.295833 0.475000 0.297917 0.475000 0.318750 0.476562 0.320833 0.475000 0.322917 0.475000 0.339583 0.473438 0.341667 0.468750 0.339583 0.470313 0.350000 0.473438 0.350000 0.475000 0.345833 0.478125 0.350000 0.479687 0.345833 0.493750 0.339583 0.496875 0.333333 0.490625 0.331250 0.489063 0.320833 0.484375 0.316667
2 0.657813 0.256250 0.640625 0.254167 0.629687 0.229167 0.531250 0.270833 0.543750 0.281250 0.548438 0.314583 0.637500 0.272917
2 0.896875 0.150000 0.875000 0.145833 0.689063 0.208333 0.685937 0.222917 0.757812 0.214583 0.881250 0.164583
3 0.000000 0.310417 0.000000 0.412500 0.004687 0.412500 0.021875 0.383333 0.037500 0.375000 0.048438 0.377083 0.053125 0.383333 0.067187 0.381250 0.034375 0.352083 0.014063 0.320833
3 0.667188 0.247917 0.637500 0.275000 0.479687 0.350000 0.610938 0.375000 0.607812 0.350000 0.631250 0.320833 0.650000 0.379167 0.675000 0.375000
3 0.998437 0.150000 0.925000 0.141667 0.918750 0.175000 0.882812 0.170833 0.875000 0.197917 0.835938 0.200000 0.804688 0.229167 0.679688 0.243750 0.682813 0.375000 0.904687 0.329167 0.918750 0.295833 0.998437 0.258333
4 0.918750 0.154167 0.898438 0.150000 0.757812 0.216667 0.673438 0.231250 0.678125 0.245833 0.714063 0.227083 0.804688 0.227083 0.835938 0.197917 0.875000 0.195833 0.882812 0.168750 0.918750 0.172917
5 0.665625 0.177083 0.681250 0.404167 0.670312 0.177083
7 0.642188 0.164583 0.643750 0.166667 0.643750 0.175000 0.687500 0.175000 0.687500 0.162500 0.685937 0.160417 0.665625 0.160417 0.664062 0.158333 0.657813 0.158333 0.656250 0.160417 0.645312 0.160417
8 0.959375 0.312500 0.940625 0.308333 0.935937 0.304167 0.934375 0.295833 0.918750 0.297917 0.912500 0.310417 0.912500 0.318750 0.907813 0.329167 0.931250 0.327083 0.937500 0.322917 0.957812 0.318750
8 0.423438 0.275000 0.426563 0.289583 0.425000 0.306250 0.420312 0.312500 0.420312 0.329167 0.425000 0.343750 0.425000 0.354167 0.440625 0.354167 0.446875 0.322917 0.442188 0.300000 0.440625 0.306250 0.435937 0.308333 0.431250 0.275000
8 0.998437 0.260417 0.959375 0.277083 0.951562 0.277083 0.945312 0.289583 0.954688 0.281250 0.962500 0.279167 0.968750 0.285417 0.968750 0.310417 0.985938 0.308333 0.987500 0.304167 0.998437 0.300000
8 0.368750 0.325000 0.331250 0.268750 0.331250 0.350000 0.307812 0.366667 0.259375 0.260417 0.179688 0.268750 0.107813 0.383333 0.053125 0.327083 0.026562 0.337500 0.068750 0.381250 0.025000 0.383333 0.000000 0.425000 0.357812 0.364583
8 0.517188 0.229167 0.507812 0.237500 0.500000 0.235417 0.501563 0.264583 0.495312 0.270833 0.498437 0.281250 0.484375 0.281250 0.484375 0.312500 0.492188 0.331250 0.498437 0.335417 0.521875 0.329167 0.545312 0.314583 0.543750 0.285417 0.529687 0.270833 0.531250 0.266667 0.525000 0.266667 0.525000 0.250000 0.517188 0.237500
8 0.664062 0.072917 0.640625 0.083333 0.635938 0.133333 0.621875 0.135417 0.620313 0.214583 0.648438 0.254167 0.665625 0.243750 0.664062 0.177083 0.643750 0.177083 0.640625 0.164583 0.689063 0.162500 0.687500 0.177083 0.671875 0.177083 0.675000 0.227083 0.687500 0.216667 0.696875 0.175000 0.681250 0.104167 0.670312 0.125000
8 0.923438 0.000000 0.921875 0.018750 0.909375 0.016667 0.909375 0.031250 0.921875 0.047917 0.907813 0.052083 0.901563 0.043750 0.893750 0.070833 0.903125 0.100000 0.889062 0.127083 0.893750 0.145833 0.926562 0.139583 0.998437 0.147917 0.998437 0.014583 0.989062 0.012500 0.995313 0.000000
9 0.725000 0.408333 0.443750 0.352083 0.003125 0.425000 0.000000 0.725000
9 0.979688 0.310417 0.970313 0.312500 0.967187 0.310417 0.965625 0.304167 0.967187 0.285417 0.964063 0.285417 0.962500 0.281250 0.954688 0.283333 0.946875 0.291667 0.943750 0.289583 0.935937 0.295833 0.937500 0.304167 0.946875 0.306250 0.951562 0.310417 0.953125 0.308333 0.960938 0.312500 0.959375 0.316667 0.973437 0.314583 0.975000 0.310417
10 0.000000 0.304167 0.107813 0.381250 0.246875 0.252083 0.304688 0.352083 0.331250 0.266667 0.423438 0.356250 0.431250 0.272917 0.446875 0.350000 0.500000 0.233333 0.629687 0.227083 0.648438 0.072917 0.692187 0.206250 0.892188 0.143750 0.923438 0.008333 0.000000 0.000000
11 0.631250 0.322917 0.628125 0.325000 0.628125 0.335417 0.623437 0.341667 0.618750 0.337500 0.612500 0.343750 0.612500 0.347917 0.609375 0.350000 0.609375 0.366667 0.612500 0.368750 0.612500 0.375000 0.629687 0.377083 0.631250 0.381250 0.648438 0.385417 0.650000 0.381250 0.645312 0.352083 0.642188 0.350000 0.637500 0.329167