0 0.884375 0.425000 0.000000 0.604167 0.000000 0.997917 0.660937 0.997917 0.637500 0.802083 0.673438 0.645833 0.884375 0.522917
0 0.998437 0.364583 0.898438 0.379167 0.898438 0.518750 0.973437 0.491667 0.996875 0.495833
1 0.884375 0.379167 0.882812 0.375000 0.868750 0.375000 0.867188 0.377083 0.862500 0.377083 0.857812 0.385417 0.857812 0.389583 0.856250 0.391667 0.851562 0.391667 0.851562 0.395833 0.853125 0.393750 0.857812 0.393750 0.859375 0.397917 0.864062 0.397917 0.865625 0.395833 0.870313 0.395833 0.871875 0.397917 0.881250 0.395833 0.884375 0.397917
2 0.581250 0.302083 0.582812 0.310417 0.576562 0.320833 0.578125 0.354167 0.595313 0.352083 0.595313 0.327083 0.603125 0.308333 0.610938 0.322917 0.609375 0.339583 0.614062 0.352083 0.639062 0.350000 0.628125 0.327083 0.628125 0.302083
2 0.673438 0.300000 0.667188 0.302083 0.667188 0.308333 0.664062 0.312500 0.664062 0.318750 0.662500 0.320833 0.654687 0.322917 0.648438 0.331250 0.646875 0.347917 0.648438 0.345833 0.654687 0.345833 0.659375 0.339583 0.668750 0.339583 0.673438 0.333333
2 0.693750 0.275000 0.676562 0.281250 0.678125 0.333333 0.682813 0.329167 0.704688 0.322917 0.693750 0.300000
2 0.293750 0.237500 0.296875 0.289583 0.300000 0.291667 0.296875 0.343750 0.307812 0.364583 0.309375 0.377083 0.317188 0.377083 0.328125 0.366667 0.332813 0.350000 0.340625 0.350000 0.346875 0.339583 0.346875 0.325000 0.339062 0.306250
2 0.851562 0.222917 0.850000 0.227083 0.851562 0.233333 0.850000 0.262500 0.851562 0.264583 0.862500 0.262500 0.864062 0.258333 0.871875 0.258333 0.876563 0.256250 0.878125 0.252083 0.884375 0.252083 0.882812 0.237500 0.879687 0.237500 0.876563 0.243750 0.868750 0.243750 0.860938 0.229167 0.859375 0.231250
2 0.843750 0.212500 0.801562 0.222917 0.737500 0.252083 0.760938 0.266667 0.756250 0.283333 0.762500 0.293750 0.759375 0.300000 0.842187 0.268750
2 0.257812 0.191667 0.254688 0.206250 0.260937 0.216667 0.253125 0.250000 0.253125 0.287500 0.257812 0.320833 0.268750 0.341667 0.273438 0.372917 0.281250 0.383333 0.271875 0.241667 0.278125 0.227083 0.262500 0.218750 0.264062 0.197917
2 0.998437 0.158333 0.926562 0.181250 0.917188 0.210417 0.896875 0.225000 0.896875 0.247917 0.923438 0.237500 0.925000 0.260417 0.926562 0.235417 0.956250 0.220833 0.962500 0.195833 0.973437 0.197917 0.976562 0.206250 0.998437 0.206250
3 0.843750 0.270833 0.682813 0.331250 0.678125 0.345833 0.825000 0.381250 0.826562 0.339583 0.843750 0.312500
3 0.884375 0.254167 0.851562 0.266667 0.850000 0.318750 0.857812 0.331250 0.862500 0.375000 0.884375 0.370833
3 0.896875 0.250000 0.898438 0.372917 0.998437 0.362500 0.998437 0.279167 0.928125 0.302083 0.923438 0.239583
4 0.998437 0.208333 0.976562 0.208333 0.973437 0.200000 0.962500 0.197917 0.960938 0.216667 0.956250 0.222917 0.928125 0.235417 0.925000 0.262500 0.928125 0.295833 0.935937 0.297917 0.979688 0.279167 0.998437 0.277083
5 0.850000 0.206250 0.843750 0.208333 0.846875 0.400000
5 0.231250 0.206250 0.243750 0.229167 0.257812 0.527083 0.267188 0.531250 0.246875 0.229167 0.259375 0.210417
5 0.893750 0.137500 0.882812 0.160417 0.890625 0.527083
7 0.871875 0.191667 0.868750 0.189583 0.862500 0.189583 0.860938 0.191667 0.850000 0.189583 0.848437 0.191667 0.823438 0.193750 0.821875 0.195833 0.821875 0.206250 0.865625 0.204167 0.870313 0.202083
7 0.914062 0.000000 0.859375 0.000000 0.860938 0.068750 0.875000 0.060417 0.867188 0.131250 0.870313 0.150000 0.878125 0.158333 0.892188 0.141667 0.896875 0.075000 0.879687 0.056250 0.912500 0.016667
8 0.604688 0.310417 0.601562 0.312500 0.601562 0.316667 0.596875 0.327083 0.596875 0.352083 0.609375 0.352083 0.610938 0.350000 0.610938 0.341667 0.607812 0.339583 0.609375 0.335417 0.609375 0.322917 0.606250 0.320833 0.606250 0.314583
8 0.637500 0.256250 0.634375 0.258333 0.635938 0.279167 0.631250 0.287500 0.631250 0.320833 0.639062 0.345833 0.645312 0.347917 0.654687 0.295833 0.653125 0.281250 0.648438 0.289583 0.643750 0.287500 0.643750 0.260417
8 0.729688 0.216667 0.710938 0.222917 0.710938 0.250000 0.701562 0.268750 0.693750 0.270833 0.695312 0.300000 0.706250 0.320833 0.745313 0.308333 0.760938 0.293750 0.754687 0.283333 0.759375 0.266667 0.745313 0.262500 0.735938 0.252083 0.737500 0.235417
8 0.917188 0.087500 0.896875 0.116667 0.896875 0.222917 0.915625 0.210417 0.935937 0.158333 0.934375 0.129167 0.928125 0.122917 0.931250 0.102083 0.926562 0.102083
8 0.870313 0.079167 0.862500 0.120833 0.843750 0.125000 0.846875 0.143750 0.837500 0.175000 0.839063 0.189583 0.873437 0.191667 0.870313 0.204167 0.850000 0.210417 0.856250 0.227083 0.876563 0.241667 0.882812 0.222917 0.882812 0.158333 0.875000 0.158333 0.867188 0.141667
8 0.000000 0.000000 0.000000 0.587500 0.251563 0.425000 0.253125 0.183333 0.265625 0.429167 0.578125 0.350000 0.571875 0.275000 0.526563 0.333333 0.479687 0.237500 0.376563 0.343750 0.340625 0.306250 0.309375 0.379167 0.250000 0.043750 0.171875 0.014583 0.106250 0.072917
9 0.998437 0.493750 0.792188 0.554167 0.675000 0.645833 0.639062 0.802083 0.659375 0.995833 0.998437 0.997917
9 0.884375 0.402083 0.681250 0.347917 0.281250 0.400000 0.267188 0.533333 0.251563 0.427083 0.000000 0.602083
10 0.915625 0.000000 0.914062 0.016667 0.892188 0.050000 0.906250 0.058333 0.896875 0.114583 0.917188 0.085417 0.932813 0.102083 0.937500 0.158333 0.928125 0.179167 0.998437 0.156250 0.998437 0.000000
10 0.031250 0.000000 0.106250 0.070833 0.171875 0.012500 0.250000 0.041667 0.289062 0.222917 0.373437 0.341667 0.479687 0.235417 0.509375 0.322917 0.553125 0.256250 0.629687 0.302083 0.637500 0.254167 0.653125 0.325000 0.710938 0.220833 0.842187 0.210417 0.873437 0.070833 0.857812 0.000000
11 0.851562 0.322917 0.851562 0.389583 0.856250 0.389583 0.856250 0.385417 0.860938 0.379167 0.860938 0.354167 0.856250 0.339583 0.856250 0.331250
11 0.845313 0.322917 0.842187 0.322917 0.837500 0.331250 0.832812 0.333333 0.826562 0.345833 0.826562 0.387500 0.832812 0.387500 0.834375 0.391667 0.843750 0.387500 0.842187 0.354167 0.843750 0.352083 0.843750 0.327083