0 0.998437 0.372917 0.762500 0.291667 0.437500 0.433333 0.393750 0.572917 0.000000 0.945833 0.000000 0.997917 0.998437 0.997917
1 0.345313 0.477083 0.342187 0.475000 0.342187 0.466667 0.335938 0.466667 0.281250 0.487500 0.287500 0.487500 0.289062 0.491667 0.306250 0.491667 0.320312 0.495833 0.345313 0.493750
1 0.434375 0.435417 0.382812 0.452083 0.381250 0.456250 0.351562 0.462500 0.356250 0.491667 0.367188 0.495833 0.368750 0.491667 0.407813 0.487500 0.404687 0.485417 0.404687 0.466667 0.418750 0.454167 0.423438 0.443750 0.431250 0.443750 0.432812 0.439583 0.429688 0.437500
2 0.037500 0.400000 0.014063 0.410417 0.015625 0.414583 0.035937 0.416667 0.042188 0.435417 0.029687 0.445833 0.015625 0.450000 0.015625 0.464583 0.018750 0.466667 0.065625 0.447917 0.051562 0.435417 0.050000 0.427083 0.039062 0.412500
2 0.273438 0.322917 0.268750 0.310417 0.242188 0.312500 0.135937 0.352083 0.131250 0.362500 0.153125 0.375000 0.154688 0.402083 0.235937 0.360417 0.243750 0.339583
2 0.509375 0.229167 0.443750 0.256250 0.326562 0.285417 0.323437 0.295833 0.326562 0.304167 0.357812 0.300000 0.417187 0.268750 0.467187 0.266667 0.504687 0.245833
3 0.314063 0.297917 0.220312 0.372917 0.020313 0.470833 0.226562 0.481250 0.212500 0.458333 0.240625 0.418750 0.268750 0.466667 0.262500 0.485417 0.340625 0.464583
3 0.639062 0.268750 0.554688 0.214583 0.556250 0.277083 0.507812 0.243750 0.326562 0.306250 0.350000 0.460417 0.567187 0.387500 0.590625 0.325000 0.642188 0.308333
5 0.296875 0.170833 0.354687 0.510417 0.307812 0.179167
5 0.795312 0.000000 0.787500 0.012500 0.800000 0.012500 0.825000 0.268750 0.804688 0.025000 0.812500 0.000000
7 0.257812 0.129167 0.259375 0.152083 0.265625 0.156250 0.278125 0.158333 0.307812 0.172917 0.323437 0.175000 0.329688 0.170833 0.329688 0.154167 0.326562 0.147917 0.306250 0.143750 0.304688 0.139583 0.264062 0.125000 0.262500 0.129167
8 0.087500 0.297917 0.068750 0.308333 0.054688 0.304167 0.062500 0.314583 0.064062 0.345833 0.054688 0.352083 0.062500 0.372917 0.034375 0.370833 0.040625 0.412500 0.065625 0.445833 0.104688 0.433333 0.153125 0.402083 0.151562 0.375000 0.131250 0.364583 0.128125 0.347917 0.110937 0.343750
8 0.817187 0.222917 0.782813 0.239583 0.748437 0.212500 0.742188 0.268750 0.717187 0.229167 0.701562 0.293750 0.689063 0.302083 0.654687 0.254167 0.643750 0.308333 0.590625 0.327083 0.568750 0.383333 0.584375 0.362500 0.601562 0.370833 0.648438 0.333333 0.784375 0.279167 0.818750 0.254167
8 0.607812 0.204167 0.609375 0.218750 0.607812 0.241667 0.610938 0.241667 0.612500 0.245833 0.631250 0.258333 0.635938 0.264583 0.642188 0.266667 0.646875 0.243750 0.642188 0.241667 0.639062 0.227083 0.629687 0.227083 0.621875 0.216667 0.617188 0.216667 0.614062 0.208333
8 0.903125 0.202083 0.892188 0.191667 0.865625 0.191667 0.854688 0.183333 0.848437 0.197917 0.834375 0.197917 0.826562 0.222917 0.826562 0.245833 0.840625 0.243750 0.862500 0.227083 0.892188 0.214583 0.903125 0.206250
8 0.307812 0.175000 0.315625 0.252083 0.318750 0.254167 0.318750 0.275000 0.321875 0.287500 0.325000 0.287500 0.326562 0.260417 0.332813 0.252083 0.329688 0.235417 0.332813 0.233333 0.328125 0.227083 0.326562 0.208333 0.318750 0.193750 0.317188 0.181250
8 0.260937 0.114583 0.250000 0.133333 0.253125 0.183333 0.232813 0.177083 0.242188 0.212500 0.232813 0.210417 0.229687 0.227083 0.242188 0.277083 0.275000 0.318750 0.295312 0.325000 0.314063 0.289583 0.301563 0.220833 0.284375 0.210417 0.298438 0.197917 0.295312 0.170833 0.259375 0.154167 0.256250 0.141667 0.259375 0.125000 0.287500 0.131250 0.289062 0.122917
8 0.534375 0.045833 0.515625 0.108333 0.523438 0.143750 0.509375 0.135417 0.506250 0.162500 0.515625 0.177083 0.509375 0.227083 0.526563 0.266667 0.540625 0.260417 0.556250 0.275000 0.553125 0.214583 0.581250 0.227083 0.596875 0.156250 0.587500 0.154167 0.590625 0.116667 0.581250 0.129167 0.571875 0.091667 0.562500 0.106250
8 0.867188 0.000000 0.881250 0.012500 0.865625 0.037500 0.882812 0.041667 0.862500 0.091667 0.876563 0.104167 0.875000 0.125000 0.890625 0.154167 0.914062 0.164583 0.920312 0.195833 0.957812 0.206250 0.984375 0.262500 0.998437 0.268750 0.998437 0.000000
9 0.000000 0.943750 0.393750 0.570833 0.418750 0.504167 0.000000 0.477083
9 0.998437 0.370833 0.998437 0.270833 0.942187 0.195833 0.917188 0.197917 0.828125 0.250000 0.825000 0.270833 0.818750 0.256250 0.765625 0.289583 0.953125 0.352083 0.975000 0.372917
10 0.814063 0.000000 0.806250 0.025000 0.825000 0.218750 0.854688 0.181250 0.915625 0.200000 0.921875 0.187500 0.912500 0.164583 0.890625 0.156250 0.873437 0.125000 0.875000 0.104167 0.860938 0.095833 0.881250 0.041667 0.864062 0.037500 0.879687 0.012500 0.865625 0.000000
10 0.000000 0.475000 0.054688 0.302083 0.131250 0.352083 0.264062 0.308333 0.260937 0.112500 0.329688 0.150000 0.329688 0.285417 0.507812 0.227083 0.534375 0.043750 0.592187 0.116667 0.585938 0.231250 0.685937 0.300000 0.737500 0.200000 0.806250 0.237500 0.800000 0.014583 0.000000 0.000000
11 0.214062 0.458333 0.214062 0.470833 0.228125 0.481250 0.267188 0.481250 0.267188 0.466667 0.245312 0.420833 0.239063 0.422917 0.237500 0.441667 0.234375 0.445833 0.223438 0.441667 0.225000 0.443750 0.218750 0.445833