0 0.998437 0.227083 0.607812 0.368750 0.603125 0.450000 0.000000 0.812500 0.000000 0.997917 0.998437 0.997917
1 0.579688 0.397917 0.579688 0.381250 0.578125 0.377083 0.570312 0.379167 0.568750 0.381250 0.564063 0.381250 0.562500 0.383333 0.557813 0.383333 0.556250 0.385417 0.551562 0.385417 0.550000 0.387500 0.543750 0.387500 0.545312 0.391667 0.556250 0.391667 0.557813 0.393750 0.567187 0.393750 0.568750 0.395833 0.576562 0.395833 0.578125 0.393750
2 0.229687 0.368750 0.232813 0.387500 0.253125 0.387500 0.254688 0.383333 0.262500 0.383333 0.265625 0.377083 0.289062 0.379167 0.303125 0.375000 0.296875 0.352083 0.239063 0.354167
2 0.562500 0.233333 0.537500 0.258333 0.514062 0.235417 0.425000 0.275000 0.418750 0.289583 0.432812 0.291667 0.437500 0.322917 0.545312 0.262500 0.551562 0.247917 0.562500 0.245833
2 0.754687 0.147917 0.570312 0.216667 0.570312 0.235417 0.615625 0.220833 0.610938 0.218750 0.618750 0.210417 0.650000 0.206250 0.662500 0.193750 0.685937 0.193750
2 0.967187 0.145833 0.950000 0.154167 0.939063 0.154167 0.934375 0.162500 0.929688 0.164583 0.931250 0.170833 0.929688 0.175000 0.932813 0.177083 0.934375 0.193750 0.934375 0.187500 0.937500 0.183333 0.948438 0.177083 0.954688 0.177083 0.957812 0.172917 0.962500 0.158333 0.965625 0.156250
3 0.564063 0.243750 0.539062 0.268750 0.373437 0.362500 0.498437 0.381250 0.496875 0.354167 0.521875 0.329167 0.537500 0.366667 0.531250 0.385417 0.575000 0.377083
3 0.929688 0.170833 0.792188 0.131250 0.685937 0.195833 0.618750 0.212500 0.571875 0.241667 0.585938 0.372917 0.787500 0.314583 0.790625 0.287500 0.828125 0.252083 0.926562 0.218750
5 0.559375 0.156250 0.562500 0.231250 0.581250 0.397917 0.585938 0.402083
7 0.534375 0.139583 0.534375 0.154167 0.554688 0.154167 0.556250 0.158333 0.559375 0.154167 0.562500 0.156250 0.581250 0.156250 0.582812 0.154167 0.579688 0.137500 0.559375 0.139583 0.557813 0.137500 0.559375 0.135417 0.556250 0.137500
8 0.300000 0.291667 0.300000 0.304167 0.303125 0.306250 0.303125 0.320833 0.296875 0.331250 0.296875 0.339583 0.300000 0.343750 0.296875 0.347917 0.300000 0.364583 0.306250 0.377083 0.307812 0.372917 0.328125 0.368750 0.325000 0.366667 0.325000 0.322917 0.321875 0.320833 0.317188 0.329167 0.310937 0.316667 0.309375 0.295833 0.303125 0.295833
8 0.000000 0.306250 0.000000 0.439583 0.223438 0.391667 0.237500 0.356250 0.217188 0.310417 0.204687 0.318750 0.185938 0.289583 0.185938 0.377083 0.165625 0.393750 0.115625 0.329167 0.103125 0.289583
8 0.400000 0.239583 0.392188 0.247917 0.381250 0.245833 0.381250 0.293750 0.367188 0.295833 0.370312 0.345833 0.364063 0.354167 0.343750 0.350000 0.339062 0.366667 0.371875 0.362500 0.435937 0.325000 0.431250 0.291667 0.417187 0.289583 0.420312 0.279167 0.410938 0.272917
8 0.564063 0.158333 0.567187 0.206250 0.568750 0.208333 0.568750 0.214583 0.571875 0.214583 0.571875 0.202083 0.579688 0.185417 0.578125 0.179167 0.579688 0.170833 0.576562 0.166667 0.575000 0.160417 0.576562 0.158333
8 0.998437 0.129167 0.971875 0.135417 0.959375 0.172917 0.935937 0.187500 0.926562 0.220833 0.828125 0.256250 0.842187 0.258333 0.860938 0.279167 0.925000 0.245833 0.998437 0.225000
8 0.889062 0.083333 0.893750 0.104167 0.887500 0.114583 0.890625 0.141667 0.879687 0.152083 0.923438 0.164583 0.934375 0.160417 0.946875 0.137500 0.940625 0.120833 0.940625 0.108333 0.929688 0.106250 0.921875 0.112500 0.912500 0.100000 0.907813 0.102083 0.900000 0.087500
8 0.528125 0.070833 0.515625 0.097917 0.515625 0.135417 0.503125 0.133333 0.507812 0.160417 0.500000 0.181250 0.507812 0.220833 0.537500 0.256250 0.560937 0.231250 0.554688 0.156250 0.534375 0.156250 0.532813 0.139583 0.570312 0.137500 0.571875 0.120833 0.565625 0.122917 0.559375 0.104167 0.550000 0.125000 0.546875 0.075000 0.540625 0.070833 0.534375 0.081250
8 0.775000 0.000000 0.764062 0.031250 0.776563 0.047917 0.767188 0.058333 0.757812 0.047917 0.751563 0.079167 0.760938 0.091667 0.756250 0.147917 0.792188 0.129167 0.848437 0.141667 0.854688 0.127083 0.846875 0.108333 0.860938 0.064583 0.859375 0.052083 0.850000 0.056250 0.854688 0.010417 0.843750 0.029167 0.845313 0.006250 0.829688 0.016667 0.837500 0.000000
9 0.632812 0.406250 0.367188 0.362500 0.003125 0.439583 0.000000 0.810417
9 0.859375 0.281250 0.854688 0.281250 0.853125 0.270833 0.846875 0.268750 0.839063 0.258333 0.820312 0.260417 0.810937 0.275000 0.792188 0.287500 0.790625 0.304167 0.793750 0.308333 0.790625 0.312500 0.837500 0.297917
10 0.831250 0.014583 0.842187 0.002083 0.843750 0.027083 0.857812 0.014583 0.851562 0.143750 0.887500 0.137500 0.889062 0.081250 0.921875 0.110417 0.942187 0.108333 0.940625 0.152083 0.998437 0.127083 0.998437 0.000000 0.839063 0.000000
10 0.000000 0.304167 0.103125 0.287500 0.165625 0.391667 0.185938 0.287500 0.239063 0.352083 0.295312 0.350000 0.300000 0.289583 0.337500 0.366667 0.381250 0.243750 0.517188 0.233333 0.528125 0.068750 0.579688 0.210417 0.753125 0.147917 0.773438 0.000000 0.000000 0.000000
11 0.517188 0.331250 0.515625 0.343750 0.510938 0.350000 0.503125 0.347917 0.498437 0.354167 0.500000 0.381250 0.532813 0.383333 0.535937 0.366667 0.532813 0.362500 0.532813 0.356250 0.525000 0.343750 0.521875 0.331250