0 0.523438 0.972917 0.521875 0.981250 0.518750 0.983333 0.517188 0.995833 0.518750 0.997917 0.540625 0.997917 0.540625 0.977083 0.537500 0.977083 0.535937 0.972917
0 0.000000 0.270833 0.204687 0.602083 0.000000 0.997917 0.265625 0.997917 0.443750 0.808333 0.557813 0.916667 0.632812 0.854167 0.573438 0.997917 0.701562 0.995833 0.748437 0.835417 0.776563 0.912500 0.870313 0.870833 0.998437 0.956250 0.998437 0.806250
2 0.193750 0.156250 0.195312 0.162500 0.201563 0.168750 0.229687 0.177083 0.239063 0.183333 0.262500 0.187500 0.232813 0.175000 0.231250 0.170833
2 0.037500 0.100000 0.039062 0.104167 0.034375 0.108333 0.034375 0.112500 0.029687 0.118750 0.026562 0.118750 0.026562 0.122917 0.023438 0.125000 0.020313 0.135417 0.031250 0.141667 0.039062 0.141667 0.051562 0.147917 0.046875 0.137500 0.048438 0.131250 0.048438 0.108333
3 0.262500 0.935417 0.256250 0.941667 0.251563 0.941667 0.248438 0.950000 0.243750 0.950000 0.242188 0.952083 0.242188 0.960417 0.240625 0.962500 0.240625 0.975000 0.242188 0.979167 0.240625 0.981250 0.242188 0.981250 0.243750 0.985417 0.253125 0.983333 0.256250 0.960417 0.260937 0.947917 0.259375 0.945833
3 0.698438 0.997917 0.998437 0.997917 0.998437 0.958333 0.964063 0.933333 0.953125 0.902083 0.889062 0.897917 0.870313 0.872917 0.859375 0.895833 0.809375 0.870833 0.776563 0.914583 0.764062 0.902083 0.762500 0.843750 0.748437 0.837500 0.729688 0.879167 0.743750 0.922917 0.710938 0.929167
3 0.631250 0.854167 0.601562 0.858333 0.557813 0.918750 0.521875 0.827083 0.495312 0.847917 0.443750 0.810417 0.360938 0.856250 0.320312 0.900000 0.320312 0.925000 0.276562 0.935417 0.267188 0.997917 0.517188 0.997917 0.523438 0.970833 0.542188 0.997917 0.571875 0.997917
3 0.745313 0.697917 0.767188 0.710417 0.793750 0.714583 0.796875 0.702083 0.810937 0.695833 0.865625 0.714583 0.928125 0.754167 0.767188 0.654167 0.757812 0.654167
3 0.000000 0.135417 0.015625 0.237500 0.082812 0.266667 0.142187 0.220833 0.135937 0.333333 0.692187 0.677083 0.754687 0.591667 0.737500 0.370833 0.196875 0.164583
8 0.751563 0.597917 0.757812 0.637500 0.745313 0.672917 0.767188 0.652083 0.889062 0.725000 0.998437 0.762500 0.989062 0.718750 0.951562 0.670833 0.923438 0.664583 0.906250 0.681250 0.862500 0.658333 0.837500 0.597917 0.810937 0.643750 0.801562 0.583333 0.778125 0.604167 0.764062 0.587500
8 0.667188 0.466667 0.667188 0.475000 0.673438 0.475000 0.679688 0.481250 0.685937 0.479167 0.696875 0.481250 0.704688 0.470833 0.704688 0.466667 0.689063 0.458333 0.684375 0.447917 0.679688 0.447917 0.678125 0.460417 0.681250 0.456250 0.685937 0.462500 0.684375 0.466667
8 0.654687 0.354167 0.648438 0.356250 0.648438 0.364583 0.643750 0.366667 0.643750 0.370833 0.632812 0.395833 0.634375 0.408333 0.642188 0.418750 0.646875 0.418750 0.650000 0.412500 0.650000 0.406250 0.646875 0.400000 0.648438 0.389583 0.659375 0.377083 0.659375 0.372917 0.654687 0.366667
8 0.748437 0.191667 0.698438 0.243750 0.693750 0.304167 0.679688 0.268750 0.656250 0.343750 0.743750 0.372917 0.746875 0.418750 0.762500 0.422917 0.785937 0.391667 0.785937 0.379167 0.770312 0.379167 0.793750 0.331250 0.771875 0.339583 0.779687 0.281250 0.756250 0.293750 0.767188 0.252083 0.753125 0.258333 0.759375 0.225000 0.748437 0.220833
8 0.075000 0.041667 0.057813 0.097917 0.084375 0.158333 0.109375 0.175000 0.181250 0.185417 0.193750 0.172917 0.187500 0.143750 0.195312 0.133333 0.178125 0.112500 0.167187 0.025000 0.146875 0.025000 0.128125 0.004167 0.125000 0.050000 0.107813 0.043750 0.103125 0.068750
8 0.428125 0.000000 0.376563 0.000000 0.367188 0.035417 0.356250 0.033333 0.346875 0.004167 0.340625 0.047917 0.321875 0.066667 0.310937 0.127083 0.346875 0.237500 0.410938 0.235417 0.415625 0.210417 0.431250 0.202083 0.446875 0.100000 0.435937 0.089583 0.439063 0.062500 0.418750 0.079167 0.434375 0.027083
8 0.029687 0.000000 0.010937 0.000000 0.014063 0.004167 0.004687 0.010417 0.000000 0.022917 0.000000 0.133333 0.020313 0.133333 0.042188 0.089583 0.043750 0.056250 0.039062 0.052083 0.031250 0.058333 0.028125 0.050000
9 0.901563 0.731250 0.998437 0.804167 0.998437 0.764583 0.967187 0.758333 0.956250 0.750000
9 0.750000 0.597917 0.726562 0.612500 0.718750 0.629167 0.710938 0.631250 0.709375 0.662500 0.693750 0.677083 0.732812 0.700000 0.734375 0.695833 0.743750 0.697917 0.748437 0.693750 0.743750 0.668750 0.756250 0.637500 0.754687 0.610417
9 0.000000 0.293750 0.004687 0.964583 0.162500 0.752083 0.203125 0.602083 0.165625 0.468750
9 0.000000 0.225000 0.000000 0.254167 0.076563 0.297917 0.081250 0.264583 0.062500 0.256250 0.048438 0.258333 0.035937 0.245833 0.015625 0.239583
10 0.429688 0.000000 0.437500 0.187500 0.370312 0.245833 0.657813 0.341667 0.748437 0.189583 0.795312 0.331250 0.748437 0.422917 0.757812 0.585417 0.998437 0.741667 0.998437 0.000000
10 0.031250 0.000000 0.053125 0.147917 0.082812 0.154167 0.056250 0.097917 0.073438 0.041667 0.103125 0.066667 0.134375 0.002083 0.170313 0.027083 0.189062 0.152083 0.334375 0.225000 0.310937 0.104167 0.345313 0.004167 0.367188 0.033333 0.375000 0.000000
11 0.142187 0.222917 0.104688 0.250000 0.093750 0.245833 0.081250 0.270833 0.075000 0.325000 0.092188 0.331250 0.092188 0.312500 0.098437 0.331250 0.101562 0.325000 0.109375 0.329167 0.115625 0.350000 0.126562 0.352083 0.132812 0.343750 0.132812 0.322917 0.146875 0.316667 0.150000 0.297917