0 0.000000 0.577083 0.000000 0.997917 0.998437 0.997917 0.334375 0.447917 0.279687 0.477083 0.231250 0.375000 0.179688 0.375000
2 0.279687 0.325000 0.282813 0.314583 0.293750 0.300000 0.304688 0.312500 0.303125 0.322917 0.309375 0.327083 0.314063 0.308333 0.321875 0.304167 0.329688 0.287500 0.320312 0.285417 0.307812 0.295833 0.303125 0.295833 0.289062 0.285417 0.279687 0.295833
3 0.914062 0.445833 0.925000 0.447917 0.926562 0.454167 0.935937 0.456250 0.945312 0.466667 0.968750 0.466667 0.970313 0.470833 0.973437 0.470833 0.975000 0.458333 0.978125 0.456250 0.971875 0.456250 0.970313 0.452083 0.960938 0.452083 0.959375 0.447917 0.940625 0.456250 0.935937 0.452083 0.939063 0.447917 0.935937 0.445833
3 0.998437 0.977083 0.998437 0.497917 0.881250 0.450000 0.882812 0.406250 0.851562 0.435417 0.812500 0.310417 0.892188 0.281250 0.334375 0.341667 0.337500 0.422917
4 0.214062 0.352083 0.229687 0.364583 0.240625 0.366667 0.264062 0.381250 0.262500 0.379167 0.264062 0.377083 0.264062 0.362500 0.243750 0.360417 0.239063 0.358333 0.237500 0.354167 0.226562 0.352083 0.225000 0.347917 0.218750 0.345833
4 0.998437 0.485417 0.998437 0.270833 0.893750 0.281250 0.814063 0.310417 0.853125 0.412500 0.884375 0.412500 0.892188 0.393750 0.896875 0.414583 0.917188 0.422917 0.917188 0.443750 0.979688 0.456250 0.976562 0.475000
5 0.190625 0.000000 0.168750 0.000000 0.179688 0.043750 0.131250 0.260417 0.121875 0.368750 0.185938 0.029167 0.207813 0.029167
8 0.446875 0.187500 0.429688 0.195833 0.417187 0.179167 0.409375 0.239583 0.398438 0.227083 0.395313 0.250000 0.375000 0.231250 0.373437 0.247917 0.360938 0.243750 0.359375 0.227083 0.350000 0.264583 0.315625 0.308333 0.307812 0.360417 0.335938 0.337500 0.473438 0.320833 0.467187 0.270833 0.451562 0.272917
8 0.175000 0.102083 0.135937 0.300000 0.192188 0.325000 0.212500 0.350000 0.264062 0.360417 0.267188 0.337500 0.279687 0.329167 0.278125 0.295833 0.262500 0.247917 0.248438 0.258333 0.240625 0.245833 0.256250 0.227083 0.239063 0.152083 0.243750 0.135417 0.231250 0.120833 0.209375 0.131250
8 0.165625 0.060417 0.157812 0.050000 0.145313 0.083333 0.132812 0.077083 0.129688 0.118750 0.085938 0.093750 0.046875 0.114583 0.042188 0.135417 0.015625 0.135417 0.000000 0.079167 0.000000 0.218750 0.123438 0.297917
8 0.626563 0.000000 0.579688 0.166667 0.612500 0.293750 0.731250 0.287500 0.725000 0.260417 0.778125 0.200000 0.779687 0.108333 0.762500 0.108333 0.793750 0.050000 0.754687 0.064583 0.779687 0.000000 0.759375 0.004167 0.740625 0.052083 0.745313 0.000000 0.662500 0.000000 0.645312 0.035417
9 0.810937 0.831250 0.939063 0.927083 0.887500 0.864583 0.862500 0.852083 0.845313 0.833333
9 0.534375 0.608333 0.615625 0.675000 0.600000 0.652083 0.600000 0.645833 0.593750 0.637500 0.598437 0.633333 0.592187 0.625000 0.579688 0.631250 0.570312 0.629167 0.540625 0.608333
9 0.335938 0.427083 0.331250 0.445833 0.379688 0.481250 0.389062 0.491667 0.379688 0.477083 0.378125 0.456250 0.364063 0.425000 0.356250 0.420833 0.354687 0.425000
9 0.000000 0.575000 0.187500 0.366667 0.270313 0.385417 0.137500 0.306250 0.121875 0.370833 0.125000 0.300000 0.000000 0.220833
10 0.889062 0.395833 0.881250 0.447917 0.998437 0.491667 0.968750 0.468750 0.945312 0.468750 0.914062 0.447917 0.915625 0.422917 0.896875 0.416667
10 0.781250 0.000000 0.756250 0.064583 0.795312 0.050000 0.764062 0.108333 0.781250 0.108333 0.779687 0.200000 0.726562 0.260417 0.732812 0.283333 0.998437 0.268750 0.998437 0.000000
10 0.767188 0.000000 0.746875 0.000000 0.742188 0.008333 0.742188 0.016667 0.740625 0.018750 0.743750 0.027083 0.739062 0.050000 0.748437 0.037500 0.748437 0.031250 0.753125 0.025000 0.757812 0.004167 0.762500 0.000000 0.765625 0.002083
10 0.660937 0.000000 0.640625 0.000000 0.642188 0.004167 0.642188 0.008333 0.640625 0.010417 0.643750 0.012500 0.643750 0.016667 0.640625 0.022917 0.642188 0.033333 0.645312 0.033333 0.648438 0.027083 0.657813 0.018750 0.660937 0.012500
10 0.192188 0.000000 0.209375 0.029167 0.187500 0.029167 0.175000 0.100000 0.245312 0.135417 0.242188 0.245833 0.271875 0.293750 0.335938 0.285417 0.359375 0.225000 0.409375 0.237500 0.420312 0.177083 0.448437 0.187500 0.475000 0.320833 0.615625 0.304167 0.578125 0.166667 0.625000 0.000000
10 0.000000 0.000000 0.000000 0.077083 0.012500 0.095833 0.015625 0.133333 0.046875 0.131250 0.046875 0.112500 0.085938 0.091667 0.129688 0.116667 0.131250 0.077083 0.145313 0.081250 0.157812 0.047917 0.170313 0.075000 0.178125 0.016667 0.167187 0.000000
11 0.292187 0.302083 0.265625 0.352083 0.276562 0.400000 0.270313 0.462500 0.279687 0.475000 0.285938 0.466667 0.296875 0.487500 0.304688 0.477083 0.325000 0.485417 0.339062 0.404167 0.334375 0.347917 0.323437 0.343750 0.307812 0.362500 0.309375 0.329167