0 0.000000 0.256250 0.167187 0.477083 0.190625 0.614583 0.034375 0.997917 0.939063 0.997917 0.998437 0.918750 0.975000 0.764583 0.829688 0.764583
2 0.254688 0.197917 0.253125 0.225000 0.290625 0.227083 0.298438 0.235417 0.325000 0.231250 0.367188 0.245833 0.290625 0.208333
2 0.101562 0.189583 0.106250 0.189583 0.107813 0.193750 0.131250 0.195833 0.132812 0.200000 0.154688 0.202083 0.151562 0.189583 0.139063 0.172917 0.139063 0.166667 0.125000 0.164583 0.121875 0.158333 0.117188 0.172917 0.114062 0.177083 0.109375 0.177083
2 0.064062 0.110417 0.032813 0.081250 0.017188 0.077083 0.015625 0.081250 0.000000 0.081250 0.000000 0.158333 0.003125 0.162500 0.014063 0.158333 0.021875 0.143750 0.021875 0.125000 0.035937 0.118750 0.043750 0.106250 0.051562 0.106250 0.060937 0.127083 0.064062 0.127083
3 0.998437 0.920833 0.970313 0.947917 0.973437 0.964583 0.965625 0.968750 0.962500 0.977083 0.945312 0.981250 0.943750 0.995833 0.940625 0.997917 0.998437 0.997917
3 0.862500 0.735417 0.864062 0.762500 0.867188 0.758333 0.864062 0.737500 0.885938 0.725000 0.904687 0.729167 0.914062 0.741667 0.965625 0.758333 0.873437 0.708333
3 0.057813 0.185417 0.062500 0.272917 0.134375 0.300000 0.189062 0.254167 0.185938 0.360417 0.753125 0.716667 0.837500 0.620833 0.834375 0.483333 0.804688 0.535417 0.801562 0.493750 0.751563 0.508333 0.498437 0.368750 0.450000 0.272917
4 0.459375 0.281250 0.468750 0.329167 0.521875 0.383333 0.593750 0.393750 0.725000 0.489583 0.821875 0.445833 0.784375 0.493750 0.825000 0.485417 0.837500 0.375000
8 0.773438 0.718750 0.862500 0.762500 0.878125 0.706250 0.998437 0.770833 0.998437 0.706250 0.951562 0.687500 0.921875 0.622917 0.890625 0.672917 0.879687 0.608333 0.839063 0.616667 0.807813 0.685417 0.839063 0.647917 0.850000 0.685417 0.840625 0.712500 0.779687 0.702083
8 0.803125 0.483333 0.803125 0.493750 0.800000 0.495833 0.795312 0.504167 0.792188 0.522917 0.804688 0.533333 0.809375 0.533333 0.815625 0.516667 0.815625 0.504167 0.807813 0.483333
8 0.821875 0.447917 0.809375 0.458333 0.760938 0.462500 0.753125 0.468750 0.750000 0.479167 0.729688 0.477083 0.726562 0.487500 0.751563 0.506250 0.775000 0.506250 0.792188 0.468750 0.818750 0.460417
8 0.831250 0.177083 0.790625 0.237500 0.775000 0.239583 0.779687 0.281250 0.768750 0.289583 0.754687 0.268750 0.726562 0.331250 0.732812 0.347917 0.837500 0.372917 0.842187 0.437500 0.884375 0.395833 0.862500 0.385417 0.890625 0.327083 0.865625 0.339583 0.871875 0.275000 0.845313 0.289583 0.856250 0.241667 0.839063 0.256250 0.845313 0.214583
8 0.148438 0.093750 0.132812 0.152083 0.156250 0.204167 0.179688 0.222917 0.189062 0.214583 0.250000 0.222917 0.254688 0.166667 0.239063 0.154167 0.229687 0.072917 0.214062 0.075000 0.195312 0.052083 0.192188 0.104167 0.178125 0.093750 0.170313 0.116667
8 0.101562 0.050000 0.100000 0.072917 0.075000 0.091667 0.064062 0.129167 0.048438 0.106250 0.023438 0.125000 0.021875 0.150000 0.007812 0.162500 0.012500 0.185417 0.000000 0.193750 0.000000 0.243750 0.056250 0.270833 0.059375 0.150000 0.076563 0.187500 0.098437 0.191667 0.115625 0.172917 0.126562 0.122917 0.114062 0.120833 0.115625 0.066667
8 0.462500 0.000000 0.429688 0.002083 0.415625 0.054167 0.404687 0.054167 0.398438 0.020833 0.392188 0.062500 0.370312 0.087500 0.360938 0.150000 0.396875 0.262500 0.460938 0.254167 0.487500 0.200000 0.496875 0.112500 0.485938 0.100000 0.489063 0.070833 0.467187 0.089583 0.484375 0.031250 0.481250 0.010417 0.467187 0.018750
9 0.773438 0.727083 0.782813 0.731250 0.787500 0.737500 0.810937 0.747917 0.818750 0.756250 0.828125 0.758333 0.829688 0.762500 0.845313 0.762500 0.826562 0.754167 0.825000 0.750000 0.806250 0.743750 0.804688 0.739583 0.792188 0.735417 0.785937 0.729167
9 0.782813 0.670833 0.784375 0.672917 0.782813 0.675000 0.779687 0.672917 0.776563 0.679167 0.776563 0.693750 0.779687 0.695833 0.779687 0.700000 0.789062 0.700000 0.790625 0.695833 0.790625 0.675000 0.789062 0.675000 0.787500 0.670833
9 0.839063 0.650000 0.828125 0.654167 0.823438 0.664583 0.823438 0.675000 0.815625 0.681250 0.815625 0.687500 0.807813 0.697917 0.804688 0.687500 0.796875 0.704167 0.840625 0.710417 0.848437 0.685417 0.839063 0.666667
9 0.000000 0.283333 0.000000 0.997917 0.032813 0.997917 0.173437 0.725000 0.189062 0.614583 0.160938 0.468750
9 0.004687 0.247917 0.003125 0.256250 0.045312 0.272917 0.129688 0.325000 0.131250 0.300000 0.079687 0.268750 0.065625 0.275000 0.037500 0.268750
10 0.464062 0.000000 0.489063 0.200000 0.414062 0.264583 0.725000 0.345833 0.832812 0.175000 0.892188 0.327083 0.828125 0.472917 0.839063 0.614583 0.998437 0.704167 0.998437 0.000000
10 0.000000 0.000000 0.000000 0.079167 0.067187 0.110417 0.096875 0.050000 0.114062 0.062500 0.125000 0.162500 0.148438 0.091667 0.192188 0.102083 0.196875 0.050000 0.232813 0.075000 0.253125 0.195833 0.387500 0.254167 0.360938 0.127083 0.393750 0.025000 0.415625 0.052083 0.431250 0.000000
11 0.189062 0.256250 0.160938 0.272917 0.154688 0.283333 0.140625 0.279167 0.131250 0.310417 0.132812 0.360417 0.148438 0.360417 0.154688 0.352083 0.167187 0.381250 0.178125 0.375000 0.193750 0.331250 0.195312 0.281250