0 0.000000 0.587500 0.000000 0.997917 0.998437 0.997917 0.359375 0.462500 0.318750 0.508333 0.253125 0.389583
3 0.357812 0.358333 0.362500 0.435417 0.556250 0.610417 0.629687 0.616667 0.835938 0.860417 0.998437 0.968750 0.998437 0.487500 0.904687 0.445833 0.912500 0.400000 0.840625 0.304167 0.864062 0.283333
4 0.215625 0.343750 0.218750 0.356250 0.240625 0.366667 0.268750 0.389583 0.295312 0.402083 0.300000 0.383333 0.296875 0.377083 0.279687 0.377083 0.257812 0.368750 0.256250 0.364583 0.246875 0.368750 0.240625 0.362500 0.240625 0.350000 0.221875 0.341667
4 0.842187 0.304167 0.857812 0.314583 0.857812 0.339583 0.873437 0.364583 0.896875 0.379167 0.896875 0.397917 0.914062 0.400000 0.914062 0.418750 0.893750 0.425000 0.906250 0.445833 0.998437 0.485417 0.990625 0.468750 0.998437 0.466667 0.998437 0.260417 0.862500 0.279167 0.857812 0.300000
5 0.196875 0.004167 0.206250 0.054167 0.151562 0.316667 0.146875 0.387500 0.215625 0.041667 0.232813 0.043750
8 0.476562 0.197917 0.457813 0.206250 0.445312 0.191667 0.439063 0.252083 0.428125 0.237500 0.423438 0.262500 0.404687 0.243750 0.393750 0.256250 0.389062 0.243750 0.382812 0.277083 0.350000 0.322917 0.350000 0.356250 0.504687 0.331250 0.496875 0.281250 0.481250 0.283333
8 0.201563 0.116667 0.164062 0.320833 0.229687 0.341667 0.246875 0.366667 0.295312 0.377083 0.314063 0.325000 0.296875 0.268750 0.282813 0.279167 0.278125 0.268750 0.293750 0.252083 0.279687 0.164583 0.264062 0.145833 0.246875 0.156250
8 0.006250 0.060417 0.000000 0.216667 0.153125 0.314583 0.196875 0.083333 0.184375 0.114583 0.171875 0.104167 0.167187 0.150000 0.131250 0.131250 0.075000 0.175000 0.037500 0.072917
8 0.662500 0.000000 0.615625 0.156250 0.653125 0.304167 0.782813 0.279167 0.778125 0.250000 0.835938 0.187500 0.829688 0.081250 0.853125 0.020833 0.807813 0.052083 0.829688 0.000000 0.804688 0.000000 0.792188 0.025000 0.795312 0.000000 0.701562 0.000000 0.684375 0.018750
9 0.870313 0.885417 0.935937 0.943750 0.998437 0.987500 0.998437 0.970833 0.953125 0.925000
9 0.359375 0.441667 0.360938 0.464583 0.814063 0.839583 0.629687 0.618750 0.556250 0.612500 0.498437 0.541667 0.435937 0.514583 0.390625 0.437500
9 0.000000 0.218750 0.000000 0.585417 0.226562 0.385417 0.298438 0.410417 0.167187 0.322917 0.146875 0.389583 0.150000 0.318750
10 0.831250 0.000000 0.807813 0.050000 0.854688 0.020833 0.831250 0.081250 0.837500 0.187500 0.779687 0.250000 0.782813 0.275000 0.998437 0.258333 0.998437 0.000000
10 0.000000 0.000000 0.000000 0.075000 0.031250 0.062500 0.075000 0.172917 0.167187 0.147917 0.190625 0.006250 0.221875 0.018750 0.203125 0.120833 0.279687 0.160417 0.310937 0.314583 0.439063 0.250000 0.445312 0.189583 0.478125 0.197917 0.506250 0.331250 0.651563 0.304167 0.614062 0.156250 0.660937 0.000000
11 0.321875 0.310417 0.298438 0.375000 0.300000 0.418750 0.290625 0.443750 0.295312 0.447917 0.293750 0.483333 0.326562 0.506250 0.329688 0.493750 0.351562 0.502083 0.364063 0.410417 0.357812 0.362500 0.348438 0.356250 0.348438 0.320833