0 0.000000 0.262500 0.187500 0.583333 0.159375 0.747917 0.025000 0.997917 0.890625 0.997917 0.871875 0.789583
2 0.264062 0.208333 0.264062 0.235417 0.289062 0.237500 0.304688 0.245833 0.367188 0.247917 0.371875 0.252083 0.326562 0.229167
2 0.120313 0.202083 0.120313 0.204167 0.134375 0.206250 0.160938 0.216667 0.168750 0.216667 0.164062 0.208333 0.162500 0.197917 0.154688 0.189583 0.151562 0.177083 0.143750 0.179167 0.132812 0.172917 0.131250 0.187500
2 0.000000 0.102083 0.000000 0.185417 0.015625 0.195833 0.021875 0.185417 0.026562 0.191667 0.021875 0.204167 0.029687 0.206250 0.026562 0.181250 0.035937 0.175000 0.040625 0.145833 0.068750 0.125000 0.079687 0.154167 0.073438 0.183333 0.084375 0.197917 0.078125 0.127083 0.048438 0.102083
3 0.907813 0.718750 0.898438 0.779167 0.865625 0.785417 0.906250 0.852083 0.890625 0.912500 0.878125 0.914583 0.878125 0.987500 0.998437 0.997917 0.998437 0.768750
3 0.073438 0.204167 0.076563 0.277083 0.139063 0.308333 0.198437 0.264583 0.190625 0.366667 0.837500 0.766667 0.871875 0.493750 0.829688 0.539583 0.562500 0.416667 0.460938 0.277083
4 0.864062 0.437500 0.859375 0.437500 0.853125 0.452083 0.840625 0.466667 0.823438 0.472917 0.829688 0.485417 0.837500 0.489583 0.850000 0.460417 0.854688 0.460417 0.848437 0.510417 0.856250 0.495833 0.856250 0.466667
4 0.468750 0.285417 0.475000 0.335417 0.506250 0.372917 0.525000 0.364583 0.554688 0.410417 0.689063 0.443750 0.753125 0.495833 0.829688 0.454167 0.865625 0.379167
4 0.000000 0.187500 0.000000 0.241667 0.001563 0.241667 0.000000 0.239583 0.001563 0.233333 0.004687 0.231250 0.003125 0.229167 0.006250 0.216667 0.012500 0.210417 0.012500 0.206250 0.015625 0.204167 0.015625 0.197917 0.014063 0.195833 0.009375 0.195833 0.007812 0.191667
8 0.857812 0.625000 0.853125 0.658333 0.864062 0.645833 0.885938 0.702083 0.876563 0.727083 0.835938 0.731250 0.835938 0.754167 0.892188 0.783333 0.910937 0.716667 0.998437 0.764583 0.998437 0.706250 0.973437 0.689583 0.957812 0.650000 0.946875 0.652083 0.945312 0.627083 0.915625 0.677083 0.903125 0.614583
8 0.854688 0.166667 0.793750 0.235417 0.796875 0.283333 0.773438 0.264583 0.745313 0.318750 0.753125 0.345833 0.865625 0.370833 0.829688 0.456250 0.757812 0.497917 0.793750 0.508333 0.818750 0.470833 0.810937 0.522917 0.829688 0.537500 0.843750 0.516667 0.821875 0.472917 0.892188 0.425000 0.910937 0.383333 0.889062 0.379167 0.918750 0.325000 0.892188 0.335417 0.896875 0.268750 0.868750 0.285417 0.879687 0.233333 0.860938 0.252083
8 0.068750 0.127083 0.042188 0.145833 0.037500 0.175000 0.028125 0.181250 0.031250 0.206250 0.014063 0.208333 0.000000 0.243750 0.018750 0.262500 0.060937 0.283333 0.075000 0.279167 0.071875 0.204167 0.078125 0.191667 0.071875 0.172917 0.078125 0.154167
8 0.117188 0.070833 0.112500 0.077083 0.115625 0.089583 0.101562 0.110417 0.093750 0.108333 0.089063 0.125000 0.081250 0.129167 0.081250 0.185417 0.092188 0.204167 0.118750 0.204167 0.139063 0.162500 0.139063 0.133333 0.131250 0.139583 0.126562 0.135417 0.129688 0.083333 0.120313 0.081250
8 0.159375 0.110417 0.146875 0.168750 0.170313 0.216667 0.190625 0.235417 0.204687 0.225000 0.262500 0.235417 0.257812 0.195833 0.264062 0.177083 0.259375 0.166667 0.248438 0.168750 0.239063 0.083333 0.221875 0.087500 0.209375 0.066667 0.201563 0.120833 0.187500 0.108333 0.184375 0.133333
8 0.470313 0.000000 0.440625 0.000000 0.423438 0.058333 0.404687 0.027083 0.398438 0.070833 0.378125 0.097917 0.370312 0.158333 0.404687 0.266667 0.471875 0.258333 0.475000 0.229167 0.498437 0.204167 0.506250 0.112500 0.495312 0.102083 0.498437 0.070833 0.476562 0.089583 0.493750 0.029167
9 0.864062 0.647917 0.853125 0.660417 0.851562 0.658333 0.845313 0.681250 0.846875 0.685417 0.843750 0.685417 0.839063 0.712500 0.835938 0.712500 0.837500 0.731250 0.840625 0.727083 0.845313 0.731250 0.850000 0.725000 0.865625 0.729167 0.876563 0.725000 0.876563 0.718750 0.879687 0.718750 0.878125 0.714583 0.884375 0.702083 0.884375 0.691667 0.876563 0.666667
9 0.000000 0.283333 0.000000 0.997917 0.023438 0.997917 0.157812 0.747917 0.185938 0.583333 0.142187 0.450000
9 0.000000 0.260417 0.139063 0.335417 0.137500 0.308333 0.093750 0.279167 0.060937 0.285417 0.012500 0.258333
10 0.817187 0.483333 0.812500 0.483333 0.810937 0.487500 0.806250 0.489583 0.796875 0.508333 0.793750 0.510417 0.785937 0.510417 0.793750 0.512500 0.796875 0.516667 0.809375 0.522917 0.810937 0.504167 0.818750 0.491667
10 0.853125 0.460417 0.851562 0.460417 0.851562 0.464583 0.848437 0.468750 0.845313 0.479167 0.839063 0.489583 0.835938 0.491667 0.835938 0.502083 0.839063 0.504167 0.839063 0.508333 0.843750 0.514583 0.846875 0.508333 0.848437 0.495833 0.850000 0.493750 0.850000 0.477083 0.853125 0.475000
10 0.471875 0.000000 0.500000 0.204167 0.429688 0.270833 0.743750 0.339583 0.856250 0.166667 0.870313 0.285417 0.920312 0.325000 0.859375 0.458333 0.860938 0.620833 0.903125 0.612500 0.915625 0.675000 0.945312 0.625000 0.998437 0.704167 0.998437 0.000000
10 0.000000 0.000000 0.003125 0.102083 0.084375 0.129167 0.117188 0.068750 0.146875 0.177083 0.157812 0.110417 0.201563 0.118750 0.209375 0.064583 0.242188 0.087500 0.260937 0.204167 0.400000 0.262500 0.368750 0.139583 0.403125 0.027083 0.423438 0.056250 0.439063 0.000000
11 0.196875 0.264583 0.167187 0.285417 0.165625 0.352083 0.146875 0.347917 0.139063 0.368750 0.146875 0.370833 0.150000 0.352083 0.154688 0.366667 0.165625 0.362500 0.170313 0.383333 0.187500 0.379167 0.189062 0.358333 0.196875 0.350000 0.201563 0.289583
12 0.164062 0.289583 0.148438 0.285417 0.150000 0.287500 0.143750 0.300000 0.143750 0.306250 0.140625 0.308333 0.139063 0.318750 0.140625 0.356250 0.137500 0.362500 0.146875 0.345833 0.164062 0.352083