0 0.003125 0.608333 0.000000 0.616667 0.000000 0.643750 0.015625 0.641667 0.020313 0.643750 0.029687 0.654167 0.029687 0.650000 0.032813 0.645833 0.032813 0.639583 0.029687 0.637500 0.028125 0.618750 0.025000 0.616667 0.020313 0.618750 0.018750 0.614583 0.015625 0.614583 0.012500 0.604167 0.007812 0.604167
0 0.040625 0.570833 0.040625 0.585417 0.042188 0.587500 0.042188 0.591667 0.048438 0.591667 0.051562 0.589583 0.053125 0.585417 0.056250 0.585417 0.057813 0.583333 0.070312 0.583333 0.071875 0.581250 0.076563 0.581250 0.076563 0.577083 0.064062 0.570833 0.057813 0.570833 0.056250 0.572917
0 0.000000 0.743750 0.000000 0.997917 0.695312 0.997917 0.579688 0.850000 0.401562 0.489583 0.182812 0.497917 0.176563 0.677083 0.143750 0.743750 0.115625 0.745833 0.103125 0.681250 0.043750 0.679167
3 0.542188 0.625000 0.542188 0.633333 0.539062 0.635417 0.539062 0.639583 0.537500 0.641667 0.537500 0.656250 0.542188 0.668750 0.545312 0.670833 0.545312 0.668750 0.548438 0.666667 0.550000 0.662500 0.551562 0.662500 0.551562 0.650000 0.550000 0.647917 0.550000 0.641667 0.545312 0.633333 0.543750 0.625000
3 0.664062 0.000000 0.432812 0.404167 0.437500 0.485417 0.534375 0.606250 0.528125 0.554167 0.556250 0.616667 0.581250 0.583333 0.612500 0.818750 0.698438 0.995833 0.998437 0.997917 0.998437 0.000000
4 0.370312 0.458333 0.370312 0.468750 0.373437 0.470833 0.375000 0.468750 0.378125 0.468750 0.382812 0.472917 0.387500 0.472917 0.389062 0.475000 0.400000 0.475000 0.400000 0.470833 0.395313 0.466667 0.396875 0.464583 0.401562 0.464583 0.401562 0.462500 0.398438 0.460417 0.389062 0.458333 0.387500 0.456250 0.373437 0.456250
4 0.331250 0.435417 0.331250 0.441667 0.328125 0.447917 0.329688 0.454167 0.332813 0.456250 0.342187 0.456250 0.343750 0.460417 0.348438 0.458333 0.350000 0.460417 0.359375 0.460417 0.360938 0.464583 0.360938 0.447917 0.357812 0.441667 0.346875 0.439583 0.345313 0.437500 0.339062 0.437500 0.337500 0.435417
5 0.301563 0.320833 0.296875 0.320833 0.300000 0.331250 0.296875 0.333333 0.292187 0.379167 0.289062 0.462500
8 0.000000 0.139583 0.060937 0.372917 0.118750 0.325000 0.285938 0.443750 0.301563 0.318750 0.292187 0.443750 0.443750 0.504167 0.700000 0.997917 0.579688 0.583333 0.509375 0.593750 0.435937 0.485417 0.389062 0.241667 0.232813 0.285417 0.246875 0.185417 0.176563 0.045833 0.139063 0.204167 0.051562 0.227083
8 0.637500 0.000000 0.570312 0.000000 0.554688 0.102083 0.543750 0.056250 0.528125 0.054167 0.526563 0.127083 0.481250 0.104167 0.490625 0.143750 0.475000 0.164583 0.492188 0.179167 0.479687 0.195833 0.498437 0.227083 0.475000 0.231250 0.492188 0.266667 0.470313 0.295833 0.468750 0.345833 0.512500 0.270833 0.532813 0.266667 0.553125 0.197917 0.645312 0.037500
9 0.435937 0.500000 0.421875 0.529167 0.484375 0.675000 0.514062 0.720833 0.506250 0.687500 0.482812 0.647917 0.478125 0.575000
9 0.185938 0.418750 0.182812 0.495833 0.314063 0.475000 0.404687 0.491667 0.403125 0.479167 0.368750 0.462500 0.292187 0.445833 0.289062 0.464583 0.285938 0.445833
10 0.640625 0.022917 0.643750 0.022917 0.646875 0.027083 0.650000 0.025000 0.650000 0.020833 0.654687 0.016667 0.657813 0.008333 0.660937 0.006250 0.660937 0.002083 0.662500 0.000000 0.639062 0.000000 0.639062 0.004167 0.642188 0.008333 0.640625 0.010417
10 0.000000 0.137500 0.051562 0.225000 0.139063 0.202083 0.115625 0.156250 0.150000 0.162500 0.178125 0.045833 0.248438 0.185417 0.232813 0.283333 0.379688 0.231250 0.428125 0.414583 0.490625 0.266667 0.478125 0.108333 0.526563 0.125000 0.531250 0.045833 0.554688 0.100000 0.568750 0.000000 0.000000 0.000000
11 0.000000 0.252083 0.000000 0.614583 0.028125 0.560417 0.067187 0.397917 0.064062 0.370833 0.054688 0.368750 0.035937 0.312500
12 0.093750 0.331250 0.062500 0.375000 0.068750 0.397917 0.029687 0.558333 0.075000 0.575000 0.139063 0.566667 0.150000 0.539583 0.154688 0.616667 0.173437 0.591667 0.168750 0.525000 0.184375 0.493750 0.184375 0.414583 0.156250 0.345833
17 0.000000 0.741667 0.042188 0.677083 0.084375 0.691667 0.103125 0.679167 0.114062 0.695833 0.117188 0.745833 0.134375 0.752083 0.153125 0.697917 0.170313 0.691667 0.176563 0.660417 0.160938 0.635417 0.139063 0.654167 0.126562 0.633333 0.071875 0.645833 0.051562 0.629167 0.029687 0.656250 0.003125 0.643750
18 0.181250 0.637500 0.173437 0.593750 0.164062 0.612500 0.146875 0.612500 0.150000 0.541667 0.139063 0.568750 0.079687 0.572917 0.048438 0.593750 0.040625 0.562500 0.029687 0.560417 0.018750 0.577083 0.025000 0.612500 0.015625 0.591667 0.015625 0.612500 0.029687 0.618750 0.034375 0.639583 0.046875 0.602083 0.050000 0.631250 0.071875 0.643750 0.126562 0.631250 0.139063 0.652083 0.160938 0.633333 0.173437 0.660417