0 0.000000 0.525000 0.000000 0.997917 0.653125 0.997917 0.379688 0.487500 0.251563 0.479167 0.234375 0.650000 0.154688 0.618750 0.064062 0.735417
2 0.425000 0.375000 0.417187 0.372917 0.414062 0.377083 0.404687 0.397917 0.401562 0.400000 0.398438 0.412500 0.404687 0.418750 0.412500 0.420833 0.412500 0.400000 0.415625 0.393750 0.418750 0.391667 0.420312 0.385417 0.426563 0.379167
3 0.000000 0.264583 0.000000 0.356250 0.015625 0.358333 0.021875 0.350000 0.023438 0.337500 0.017188 0.304167 0.020313 0.297917 0.020313 0.279167 0.012500 0.270833
3 0.693750 0.000000 0.421875 0.385417 0.412500 0.487500 0.550000 0.714583 0.673438 0.791667 0.768750 0.997917 0.998437 0.997917 0.998437 0.000000
4 0.343750 0.447917 0.343750 0.456250 0.342187 0.458333 0.343750 0.464583 0.345313 0.464583 0.346875 0.460417 0.351562 0.460417 0.354687 0.466667 0.357812 0.464583 0.360938 0.468750 0.367188 0.468750 0.378125 0.472917 0.378125 0.464583 0.379688 0.462500 0.378125 0.456250 0.365625 0.456250 0.362500 0.452083 0.348438 0.452083 0.346875 0.447917
4 0.300000 0.437500 0.300000 0.443750 0.301563 0.443750 0.303125 0.447917 0.310937 0.450000 0.315625 0.454167 0.321875 0.452083 0.326562 0.456250 0.329688 0.450000 0.329688 0.437500 0.328125 0.435417 0.320312 0.435417 0.312500 0.431250 0.303125 0.431250
5 0.278125 0.337500 0.271875 0.362500 0.271875 0.397917 0.268750 0.400000 0.265625 0.454167 0.268750 0.454167 0.271875 0.393750 0.275000 0.391667 0.273438 0.383333 0.276562 0.368750 0.275000 0.358333 0.278125 0.358333
8 0.570312 0.729167 0.570312 0.735417 0.567187 0.737500 0.570312 0.741667 0.570312 0.747917 0.578125 0.758333 0.582812 0.756250 0.593750 0.768750 0.600000 0.770833 0.601562 0.768750 0.600000 0.766667 0.600000 0.747917 0.598437 0.743750 0.595313 0.743750 0.593750 0.747917 0.582812 0.745833
8 0.000000 0.204167 0.014063 0.360417 0.075000 0.381250 0.154688 0.264583 0.253125 0.437500 0.278125 0.335417 0.271875 0.437500 0.285938 0.402083 0.289062 0.439583 0.410938 0.485417 0.360938 0.239583 0.229687 0.258333 0.220312 0.147917 0.181250 0.133333 0.176563 0.077083 0.095312 0.264583
8 0.567187 0.022917 0.542188 0.031250 0.535937 0.056250 0.510938 0.041667 0.526563 0.070833 0.512500 0.164583 0.496875 0.122917 0.489063 0.185417 0.453125 0.160417 0.446875 0.210417 0.460938 0.229167 0.450000 0.235417 0.456250 0.291667 0.440625 0.304167 0.439063 0.360417 0.489063 0.308333 0.590625 0.145833 0.590625 0.112500 0.565625 0.072917
9 0.396875 0.489583 0.390625 0.510417 0.650000 0.991667 0.767188 0.997917 0.762500 0.933333 0.689063 0.850000 0.671875 0.791667 0.634375 0.752083 0.578125 0.760417 0.460938 0.541667
9 0.253125 0.439583 0.251563 0.477083 0.315625 0.470833 0.379688 0.485417 0.379688 0.475000 0.315625 0.456250 0.296875 0.441667 0.284375 0.445833 0.271875 0.439583 0.270313 0.454167 0.265625 0.456250 0.264062 0.441667
9 0.070312 0.383333 0.000000 0.358333 0.000000 0.522917 0.018750 0.516667 0.037500 0.452083
10 0.000000 0.202083 0.095312 0.262500 0.173437 0.072917 0.229687 0.256250 0.362500 0.239583 0.396875 0.412500 0.454688 0.291667 0.451562 0.160417 0.489063 0.183333 0.496875 0.120833 0.512500 0.162500 0.512500 0.035417 0.567187 0.020833 0.595313 0.135417 0.692187 0.000000 0.000000 0.000000
11 0.165625 0.279167 0.129688 0.279167 0.015625 0.525000 0.014063 0.562500 0.037500 0.564583 0.023438 0.681250 0.048438 0.691667 0.056250 0.733333 0.098437 0.720833 0.089063 0.687500 0.134375 0.675000 0.142187 0.579167 0.184375 0.554167 0.200000 0.404167
12 0.223438 0.372917 0.196875 0.372917 0.201563 0.433333 0.185938 0.550000 0.195312 0.529167 0.229687 0.520833 0.235937 0.485417 0.243750 0.508333 0.243750 0.487500 0.251563 0.472917 0.248438 0.406250
18 0.239063 0.487500 0.229687 0.522917 0.195312 0.531250 0.176563 0.566667 0.143750 0.579167 0.142187 0.641667 0.154688 0.616667 0.181250 0.622917 0.190625 0.606250 0.207813 0.606250 0.217188 0.620833 0.221875 0.656250 0.232813 0.650000 0.246875 0.581250