0 0.656250 0.997917 0.475000 0.510417 0.000000 0.570833 0.000000 0.997917
3 0.000000 0.239583 0.000000 0.362500 0.053125 0.381250 0.118750 0.389583 0.115625 0.302083
3 0.718750 0.000000 0.534375 0.379167 0.531250 0.533333 0.662500 0.760417 0.664062 0.995833 0.998437 0.997917 0.998437 0.000000
5 0.356250 0.320833 0.350000 0.333333 0.343750 0.404167 0.342187 0.485417
8 0.592187 0.177083 0.585938 0.189583 0.589063 0.222917 0.584375 0.227083 0.584375 0.243750 0.564063 0.260417 0.564063 0.287500 0.557813 0.295833 0.560937 0.318750 0.606250 0.225000 0.609375 0.187500 0.601562 0.187500 0.595313 0.214583
8 0.621875 0.000000 0.625000 0.006250 0.642188 0.002083 0.645312 0.016667 0.656250 0.014583 0.667188 0.022917 0.670312 0.050000 0.651563 0.052083 0.643750 0.072917 0.651563 0.083333 0.660937 0.075000 0.670312 0.091667 0.685937 0.070833 0.717187 0.002083
8 0.000000 0.112500 0.000000 0.237500 0.117188 0.302083 0.139063 0.425000 0.340625 0.456250 0.356250 0.318750 0.345313 0.460417 0.475000 0.472917 0.537500 0.612500 0.467187 0.243750 0.285938 0.339583 0.235937 0.220833 0.259375 0.095833 0.201563 0.047917 0.231250 0.000000 0.112500 0.000000 0.129688 0.077083 0.068750 0.045833 0.112500 0.127083
9 0.539062 0.560417 0.539062 0.612500 0.517188 0.606250 0.626563 0.954167 0.665625 0.997917 0.654687 0.977083 0.660937 0.760417 0.618750 0.706250 0.579688 0.604167
9 0.000000 0.364583 0.000000 0.568750 0.375000 0.497917 0.478125 0.510417 0.403125 0.466667 0.345313 0.462500 0.342187 0.487500 0.339062 0.458333 0.159375 0.410417 0.139063 0.427083 0.120313 0.395833
10 0.203125 0.043750 0.260937 0.095833 0.237500 0.220833 0.270313 0.241667 0.289062 0.341667 0.454688 0.233333 0.506250 0.420833 0.585938 0.179167 0.607812 0.220833 0.670312 0.093750 0.642188 0.072917 0.665625 0.022917 0.620313 0.000000 0.232813 0.000000
10 0.000000 0.000000 0.000000 0.110417 0.043750 0.125000 0.054688 0.108333 0.068750 0.137500 0.095312 0.114583 0.114062 0.122917 0.068750 0.072917 0.064062 0.054167 0.089063 0.029167 0.129688 0.075000 0.110937 0.000000