0 0.000000 0.518750 0.000000 0.997917 0.731250 0.997917 0.631250 0.929167 0.360938 0.483333 0.257812 0.472917 0.240625 0.637500 0.171875 0.602083 0.148438 0.670833 0.087500 0.647917 0.071875 0.700000 0.062500 0.508333
2 0.407813 0.372917 0.398438 0.372917 0.395313 0.381250 0.385937 0.395833 0.382812 0.404167 0.385937 0.406250 0.385937 0.412500 0.387500 0.412500 0.389062 0.416667 0.392188 0.416667 0.396875 0.420833 0.396875 0.408333 0.400000 0.402083 0.400000 0.395833 0.403125 0.393750 0.404687 0.387500 0.407813 0.383333 0.409375 0.377083
3 0.701562 0.000000 0.410938 0.375000 0.398438 0.481250 0.510938 0.662500 0.603125 0.702083 0.737500 0.997917 0.998437 0.997917 0.998437 0.000000
4 0.326562 0.445833 0.326562 0.456250 0.325000 0.458333 0.326562 0.464583 0.342187 0.464583 0.343750 0.466667 0.350000 0.466667 0.357812 0.470833 0.360938 0.470833 0.362500 0.466667 0.362500 0.456250 0.360938 0.454167 0.345313 0.452083 0.343750 0.450000 0.328125 0.447917
4 0.285938 0.429167 0.285938 0.435417 0.284375 0.437500 0.284375 0.443750 0.285938 0.445833 0.290625 0.445833 0.292187 0.447917 0.295312 0.447917 0.298438 0.452083 0.303125 0.452083 0.304688 0.454167 0.310937 0.456250 0.310937 0.447917 0.312500 0.445833 0.312500 0.435417 0.310937 0.433333 0.304688 0.433333 0.303125 0.431250 0.296875 0.431250 0.295312 0.429167
8 0.000000 0.200000 0.000000 0.360417 0.115625 0.393750 0.181250 0.297917 0.253125 0.404167 0.264062 0.335417 0.257812 0.433333 0.400000 0.483333 0.342187 0.237500 0.273438 0.222917 0.221875 0.260417 0.223438 0.204167 0.192188 0.189583 0.209375 0.150000 0.170313 0.139583 0.162500 0.081250 0.135937 0.189583 0.109375 0.181250 0.128125 0.220833 0.067187 0.258333
8 0.543750 0.050000 0.521875 0.056250 0.514062 0.083333 0.501563 0.060417 0.490625 0.066667 0.507812 0.093750 0.492188 0.181250 0.478125 0.143750 0.470313 0.197917 0.435937 0.177083 0.431250 0.220833 0.443750 0.241667 0.421875 0.364583 0.470313 0.327083 0.568750 0.172917 0.567187 0.135417 0.543750 0.100000
9 0.378125 0.493750 0.632812 0.929167 0.735938 0.997917 0.657813 0.858333 0.654687 0.806250 0.601562 0.702083 0.510938 0.664583 0.431250 0.502083
9 0.259375 0.435417 0.260937 0.464583 0.257812 0.470833 0.287500 0.466667 0.289062 0.470833 0.314063 0.470833 0.365625 0.485417 0.362500 0.472917 0.326562 0.466667 0.323437 0.458333 0.309375 0.458333
9 0.000000 0.362500 0.000000 0.516667 0.062500 0.506250 0.076563 0.464583 0.114062 0.395833
10 0.000000 0.197917 0.067187 0.256250 0.128125 0.218750 0.107813 0.181250 0.162500 0.079167 0.221875 0.258333 0.343750 0.237500 0.379688 0.408333 0.435937 0.297917 0.434375 0.177083 0.493750 0.177083 0.495312 0.058333 0.545312 0.050000 0.570312 0.168750 0.700000 0.000000 0.000000 0.000000
11 0.087500 0.452083 0.064062 0.504167 0.071875 0.558333 0.050000 0.635417 0.065625 0.697917 0.076563 0.693750 0.087500 0.645833 0.114062 0.654167 0.121875 0.675000 0.148438 0.668750 0.140625 0.645833 0.170313 0.641667 0.173437 0.566667 0.139063 0.572917 0.084375 0.552083 0.075000 0.504167
12 0.170313 0.300000 0.085938 0.450000 0.076563 0.518750 0.092188 0.558333 0.181250 0.564583 0.193750 0.585417 0.223438 0.564583 0.215625 0.533333 0.239063 0.518750 0.259375 0.439583 0.246875 0.395833 0.210938 0.379167 0.190625 0.310417
18 0.250000 0.491667 0.239063 0.520833 0.217188 0.533333 0.225000 0.560417 0.221875 0.570833 0.190625 0.587500 0.182812 0.568750 0.175000 0.566667 0.171875 0.600000 0.190625 0.608333 0.201563 0.595833 0.223438 0.595833 0.232813 0.633333 0.243750 0.631250 0.253125 0.570833