0 0.014063 0.625000 0.000000 0.997917 0.634375 0.997917 0.393750 0.489583 0.220312 0.489583 0.185938 0.706250 0.162500 0.645833 0.109375 0.639583 0.070312 0.695833 0.065625 0.625000
3 0.671875 0.000000 0.432812 0.389583 0.428125 0.491667 0.531250 0.675000 0.535937 0.581250 0.560937 0.597917 0.557813 0.737500 0.726562 0.995833 0.998437 0.997917 0.998437 0.000000
4 0.359375 0.464583 0.360938 0.466667 0.362500 0.464583 0.367188 0.464583 0.370312 0.468750 0.373437 0.466667 0.378125 0.472917 0.381250 0.470833 0.389062 0.475000 0.389062 0.468750 0.381250 0.464583 0.390625 0.460417 0.393750 0.462500 0.379688 0.456250 0.365625 0.456250 0.362500 0.452083
4 0.320312 0.435417 0.320312 0.452083 0.321875 0.454167 0.328125 0.454167 0.329688 0.456250 0.345313 0.456250 0.346875 0.454167 0.346875 0.441667 0.343750 0.441667 0.342187 0.439583 0.335938 0.439583 0.334375 0.437500 0.328125 0.437500 0.326562 0.435417
5 0.290625 0.331250 0.281250 0.404167 0.279687 0.462500
8 0.460938 0.510417 0.453125 0.527083 0.482812 0.612500 0.556250 0.735417 0.545312 0.664583 0.559375 0.597917 0.537500 0.581250 0.531250 0.677083 0.525000 0.645833 0.515625 0.650000 0.496875 0.612500 0.506250 0.585417 0.489063 0.579167 0.478125 0.533333
8 0.001563 0.139583 0.000000 0.260417 0.006250 0.256250 0.006250 0.250000 0.010937 0.247917 0.009375 0.243750 0.028125 0.218750 0.020313 0.214583 0.023438 0.202083 0.018750 0.189583 0.017188 0.156250
8 0.065625 0.225000 0.131250 0.370833 0.176563 0.352083 0.223438 0.429167 0.278125 0.443750 0.290625 0.329167 0.284375 0.443750 0.342187 0.437500 0.426563 0.491667 0.376563 0.241667 0.303125 0.233333 0.285938 0.275000 0.229687 0.277083 0.243750 0.195833 0.209375 0.181250 0.225000 0.131250 0.185938 0.122917 0.178125 0.062500 0.148438 0.168750 0.117188 0.170833 0.139063 0.208333
8 0.598437 0.000000 0.531250 0.000000 0.553125 0.029167 0.534375 0.131250 0.518750 0.083333 0.509375 0.154167 0.468750 0.129167 0.475000 0.172917 0.462500 0.185417 0.476562 0.197917 0.476562 0.237500 0.460938 0.258333 0.475000 0.283333 0.457813 0.302083 0.456250 0.352083 0.512500 0.283333 0.621875 0.085417
9 0.398438 0.502083 0.521875 0.766667 0.573438 0.837500 0.631250 0.993750 0.728125 0.997917 0.514062 0.675000 0.451562 0.522917 0.420312 0.489583
9 0.221875 0.429167 0.220312 0.487500 0.326562 0.475000 0.395313 0.491667 0.393750 0.479167 0.287500 0.445833 0.279687 0.464583 0.275000 0.443750
10 0.598437 0.022917 0.612500 0.041667 0.615625 0.050000 0.614062 0.060417 0.626563 0.068750 0.670312 0.000000 0.600000 0.000000
10 0.023438 0.216667 0.089063 0.237500 0.137500 0.208333 0.115625 0.170833 0.146875 0.168750 0.178125 0.060417 0.245312 0.195833 0.229687 0.275000 0.368750 0.231250 0.415625 0.412500 0.473438 0.283333 0.465625 0.133333 0.509375 0.152083 0.514062 0.081250 0.534375 0.129167 0.551562 0.029167 0.000000 0.000000
11 0.046875 0.212500 0.000000 0.262500 0.000000 0.768750 0.014063 0.622917 0.065625 0.622917 0.060937 0.668750 0.107813 0.641667 0.145313 0.462500 0.137500 0.383333 0.168750 0.358333 0.131250 0.372917
12 0.156250 0.354167 0.170313 0.358333 0.139063 0.383333 0.146875 0.462500 0.137500 0.539583 0.125000 0.568750 0.182812 0.558333 0.201563 0.525000 0.201563 0.583333 0.215625 0.550000 0.215625 0.395833 0.192188 0.364583
17 0.106250 0.643750 0.100000 0.645833 0.098437 0.650000 0.089063 0.656250 0.076563 0.656250 0.075000 0.660417 0.064062 0.666667 0.060937 0.670833 0.060937 0.683333 0.070312 0.693750 0.076563 0.693750 0.078125 0.689583 0.081250 0.689583 0.092188 0.670833 0.093750 0.660417 0.100000 0.652083 0.103125 0.652083 0.106250 0.647917
17 0.109375 0.629167 0.109375 0.637500 0.126562 0.643750 0.131250 0.652083 0.162500 0.643750 0.173437 0.666667 0.176563 0.700000 0.185938 0.704167 0.193750 0.693750 0.196875 0.681250 0.189062 0.679167 0.182812 0.650000 0.164062 0.635417 0.143750 0.641667 0.117188 0.625000
18 0.204687 0.531250 0.196875 0.531250 0.193750 0.550000 0.182812 0.560417 0.126562 0.568750 0.106250 0.629167 0.117188 0.622917 0.143750 0.639583 0.164062 0.633333 0.184375 0.650000 0.190625 0.679167 0.196875 0.679167 0.215625 0.620833 0.209375 0.556250 0.209375 0.579167 0.200000 0.583333