0 0.000000 0.516667 0.000000 0.997917 0.904687 0.997917 0.298438 0.477083 0.200000 0.618750 0.151562 0.579167 0.145313 0.477083
2 0.350000 0.352083 0.340625 0.364583 0.325000 0.362500 0.312500 0.379167 0.306250 0.393750 0.309375 0.404167 0.303125 0.418750 0.304688 0.427083 0.318750 0.418750 0.332813 0.418750 0.334375 0.400000 0.348438 0.383333 0.346875 0.370833 0.351562 0.360417
3 0.335938 0.400000 0.332813 0.477083 0.415625 0.506250 0.542188 0.660417 0.564063 0.629167 0.771875 0.887500 0.998437 0.997917 0.998437 0.000000 0.792188 0.000000
8 0.459375 0.131250 0.437500 0.150000 0.420312 0.135417 0.431250 0.160417 0.420312 0.222917 0.407813 0.197917 0.400000 0.239583 0.373437 0.222917 0.373437 0.287500 0.351562 0.333333 0.350000 0.383333 0.389062 0.350000 0.404687 0.352083 0.420312 0.320833 0.501563 0.252083 0.498437 0.229167 0.478125 0.245833 0.479687 0.197917 0.462500 0.168750
8 0.000000 0.195833 0.001563 0.381250 0.185938 0.422917 0.231250 0.354167 0.271875 0.456250 0.329688 0.475000 0.332813 0.420833 0.301563 0.425000 0.253125 0.212500 0.143750 0.216667 0.154688 0.166667 0.115625 0.154167 0.107813 0.102083 0.076563 0.145833 0.089063 0.202083 0.060937 0.193750 0.043750 0.245833
9 0.860938 0.962500 0.870313 0.975000 0.876563 0.977083 0.890625 0.991667 0.896875 0.991667 0.898438 0.995833 0.926562 0.997917 0.917188 0.987500 0.900000 0.979167 0.884375 0.977083 0.882812 0.972917 0.876563 0.972917 0.875000 0.968750
9 0.304688 0.485417 0.609375 0.766667 0.723437 0.839583 0.667188 0.747917 0.601562 0.718750 0.564063 0.631250 0.542188 0.662500 0.507812 0.600000 0.451562 0.560417 0.435937 0.575000 0.379688 0.489583
9 0.268750 0.464583 0.268750 0.470833 0.285938 0.470833 0.287500 0.475000 0.298438 0.475000 0.301563 0.477083 0.301563 0.468750 0.300000 0.468750 0.298438 0.464583 0.295312 0.462500 0.271875 0.458333
9 0.000000 0.514583 0.146875 0.475000 0.164062 0.427083 0.000000 0.381250
10 0.000000 0.193750 0.043750 0.243750 0.107813 0.100000 0.143750 0.214583 0.267188 0.227083 0.306250 0.391667 0.371875 0.222917 0.420312 0.220833 0.421875 0.131250 0.462500 0.133333 0.504687 0.247917 0.790625 0.000000 0.000000 0.000000
11 0.231250 0.356250 0.215625 0.364583 0.196875 0.414583 0.165625 0.425000 0.140625 0.500000 0.151562 0.516667 0.153125 0.579167 0.173437 0.587500 0.175000 0.564583 0.187500 0.616667 0.200000 0.616667 0.206250 0.593750 0.225000 0.591667 0.228125 0.554167 0.254688 0.543750 0.243750 0.489583 0.264062 0.420833
12 0.265625 0.425000 0.262500 0.435417 0.257812 0.435417 0.256250 0.431250 0.253125 0.466667 0.248438 0.475000 0.248438 0.487500 0.245312 0.489583 0.248438 0.510417 0.264062 0.506250 0.264062 0.493750 0.267188 0.491667 0.267188 0.464583 0.270313 0.458333 0.270313 0.443750
18 0.264062 0.508333 0.256250 0.508333 0.248438 0.512500 0.248438 0.516667 0.256250 0.525000 0.256250 0.543750 0.253125 0.545833 0.251563 0.552083 0.256250 0.568750 0.253125 0.572917 0.256250 0.583333 0.259375 0.583333 0.260937 0.579167