0 0.007812 0.575000 0.007812 0.591667 0.010937 0.597917 0.010937 0.602083 0.020313 0.600000 0.023438 0.591667 0.032813 0.589583 0.034375 0.587500 0.029687 0.583333 0.017188 0.579167 0.014063 0.575000
0 0.000000 0.710417 0.000000 0.997917 0.696875 0.997917 0.501563 0.714583 0.404687 0.489583 0.167187 0.500000 0.162500 0.687500 0.110937 0.777083 0.079687 0.697917
3 0.000000 0.254167 0.000000 0.318750 0.021875 0.360417 0.032813 0.360417 0.056250 0.329167 0.051562 0.312500 0.054688 0.291667 0.046875 0.281250
3 0.664062 0.000000 0.442188 0.395833 0.443750 0.483333 0.517188 0.606250 0.539062 0.566667 0.581250 0.758333 0.603125 0.691667 0.612500 0.812500 0.703125 0.997917 0.998437 0.997917 0.998437 0.000000
4 0.335938 0.435417 0.334375 0.454167 0.400000 0.475000 0.396875 0.464583 0.403125 0.460417 0.389062 0.456250 0.367188 0.456250 0.360938 0.441667
8 0.000000 0.135417 0.057813 0.327083 0.289062 0.445833 0.303125 0.331250 0.295312 0.447917 0.450000 0.510417 0.701562 0.997917 0.601562 0.691667 0.581250 0.760417 0.537500 0.566667 0.517188 0.608333 0.446875 0.495833 0.392188 0.239583 0.234375 0.281250 0.248438 0.177083 0.179688 0.041667 0.139063 0.197917 0.057813 0.227083
8 0.651563 0.000000 0.576562 0.000000 0.562500 0.089583 0.539062 0.031250 0.531250 0.116667 0.503125 0.114583 0.490625 0.087500 0.495312 0.139583 0.479687 0.150000 0.496875 0.166667 0.485938 0.191667 0.503125 0.220833 0.479687 0.227083 0.495312 0.264583 0.475000 0.295833 0.473438 0.345833 0.537500 0.256250 0.646875 0.037500
9 0.429688 0.512500 0.437500 0.558333 0.503125 0.714583 0.535937 0.752083 0.548438 0.754167 0.531250 0.708333 0.492188 0.647917 0.489063 0.610417 0.445312 0.508333
9 0.171875 0.414583 0.170313 0.497917 0.323437 0.475000 0.407813 0.491667 0.407813 0.479167 0.310937 0.450000 0.295312 0.450000 0.290625 0.464583 0.287500 0.445833
10 0.000000 0.133333 0.057813 0.225000 0.139063 0.195833 0.115625 0.150000 0.148438 0.154167 0.179688 0.039583 0.187500 0.102083 0.231250 0.112500 0.217188 0.172917 0.250000 0.177083 0.234375 0.279167 0.381250 0.227083 0.432812 0.414583 0.501563 0.220833 0.484375 0.097917 0.534375 0.112500 0.539062 0.029167 0.562500 0.087500 0.575000 0.000000 0.000000 0.000000
11 0.000000 0.320833 0.000000 0.506250 0.029687 0.379167 0.026562 0.364583
12 0.073438 0.316667 0.028125 0.364583 0.000000 0.568750 0.043750 0.591667 0.109375 0.579167 0.131250 0.543750 0.128125 0.618750 0.139063 0.622917 0.157812 0.593750 0.153125 0.525000 0.170313 0.481250 0.160938 0.360417 0.151562 0.341667
17 0.001563 0.656250 0.000000 0.708333 0.012500 0.695833 0.056250 0.706250 0.079687 0.695833 0.087500 0.704167 0.092188 0.764583 0.101562 0.777083 0.120313 0.766667 0.131250 0.708333 0.150000 0.712500 0.146875 0.656250 0.129688 0.654167 0.114062 0.668750 0.110937 0.643750 0.095312 0.625000
18 0.167187 0.635417 0.156250 0.597917 0.142187 0.622917 0.126562 0.618750 0.131250 0.545833 0.126562 0.568750 0.109375 0.581250 0.056250 0.583333 0.010937 0.604167 0.009375 0.572917 0.000000 0.570833 0.001563 0.654167 0.017188 0.637500 0.046875 0.645833 0.103125 0.614583 0.114062 0.666667 0.148438 0.656250 0.151562 0.710417