0 0.000000 0.516667 0.000000 0.997917 0.775000 0.997917 0.570312 0.800000 0.346875 0.481250 0.265625 0.466667 0.253125 0.616667 0.214062 0.577083 0.123438 0.675000 0.079687 0.622917 0.089063 0.497917
2 0.403125 0.360417 0.393750 0.372917 0.390625 0.372917 0.389062 0.368750 0.381250 0.368750 0.373437 0.379167 0.370312 0.389583 0.359375 0.406250 0.360938 0.422917 0.373437 0.416667 0.381250 0.420833 0.382812 0.400000 0.396875 0.383333 0.403125 0.370833
3 0.720313 0.000000 0.385937 0.395833 0.381250 0.475000 0.489063 0.631250 0.518750 0.608333 0.603125 0.704167 0.601562 0.756250 0.775000 0.993750 0.998437 0.997917 0.998437 0.000000
4 0.304688 0.450000 0.304688 0.456250 0.307812 0.460417 0.325000 0.460417 0.326562 0.464583 0.328125 0.460417 0.331250 0.460417 0.332813 0.464583 0.340625 0.464583 0.342187 0.466667 0.345313 0.464583 0.343750 0.460417 0.345313 0.458333 0.345313 0.452083 0.340625 0.450000 0.332813 0.450000 0.325000 0.445833 0.306250 0.445833 0.307812 0.447917
4 0.265625 0.429167 0.265625 0.443750 0.276562 0.445833 0.281250 0.450000 0.293750 0.452083 0.293750 0.431250 0.284375 0.429167 0.282813 0.427083 0.267188 0.427083
8 0.498437 0.610417 0.498437 0.633333 0.500000 0.635417 0.504687 0.635417 0.507812 0.637500 0.514062 0.631250 0.521875 0.631250 0.523438 0.629167 0.523438 0.618750 0.518750 0.610417 0.509375 0.610417 0.507812 0.608333 0.500000 0.608333
8 0.000000 0.193750 0.000000 0.362500 0.140625 0.404167 0.187500 0.316667 0.228125 0.385417 0.246875 0.331250 0.265625 0.427083 0.345313 0.450000 0.354687 0.493750 0.379688 0.475000 0.325000 0.233333 0.248438 0.218750 0.204687 0.256250 0.212500 0.210417 0.179688 0.189583 0.196875 0.152083 0.159375 0.143750 0.153125 0.087500 0.118750 0.139583 0.128125 0.193750 0.100000 0.185417 0.117188 0.222917 0.039062 0.247917
8 0.520312 0.077083 0.493750 0.104167 0.473438 0.087500 0.487500 0.118750 0.473438 0.197917 0.462500 0.164583 0.453125 0.164583 0.451562 0.212500 0.420312 0.191667 0.426563 0.277083 0.406250 0.312500 0.404687 0.370833 0.454688 0.331250 0.537500 0.214583 0.542188 0.156250 0.520312 0.120833
9 0.709375 0.920833 0.718750 0.939583 0.756250 0.981250 0.779687 0.997917 0.759375 0.970833 0.754687 0.937500 0.745313 0.935417 0.734375 0.947917 0.728125 0.933333
9 0.354687 0.495833 0.570312 0.797917 0.696875 0.904167 0.629687 0.777083 0.600000 0.756250 0.598437 0.718750 0.551562 0.645833 0.489063 0.633333 0.415625 0.497917 0.381250 0.477083
9 0.265625 0.445833 0.265625 0.464583 0.315625 0.470833 0.318750 0.475000 0.334375 0.475000 0.348438 0.481250 0.348438 0.466667 0.307812 0.462500 0.298438 0.454167
9 0.000000 0.514583 0.090625 0.495833 0.142187 0.404167 0.104688 0.404167 0.000000 0.364583
10 0.000000 0.191667 0.039062 0.245833 0.117188 0.220833 0.153125 0.085417 0.204687 0.254167 0.326562 0.233333 0.360938 0.404167 0.404687 0.352083 0.418750 0.191667 0.475000 0.191667 0.476562 0.081250 0.521875 0.077083 0.540625 0.208333 0.718750 0.000000 0.000000 0.000000
11 0.178125 0.331250 0.090625 0.497917 0.100000 0.520833 0.081250 0.622917 0.110937 0.633333 0.115625 0.672917 0.132812 0.664583 0.132812 0.633333 0.192188 0.622917 0.193750 0.595833 0.231250 0.570833 0.242188 0.514583 0.223438 0.381250 0.192188 0.341667 0.178125 0.345833
12 0.221875 0.383333 0.232813 0.435417 0.235937 0.510417 0.243750 0.512500 0.256250 0.491667 0.259375 0.497917 0.259375 0.477083 0.264062 0.470833 0.262500 0.414583 0.245312 0.389583
12 0.178125 0.329167 0.179688 0.331250 0.176563 0.339583 0.178125 0.343750 0.179688 0.339583 0.192188 0.339583 0.195312 0.345833 0.200000 0.345833 0.209375 0.358333 0.210938 0.368750 0.220312 0.375000 0.217188 0.370833 0.217188 0.364583 0.207813 0.335417 0.200000 0.320833 0.187500 0.318750
18 0.256250 0.493750 0.237500 0.525000 0.232813 0.570833 0.223438 0.575000 0.234375 0.579167 0.234375 0.585417 0.242188 0.595833 0.245312 0.618750 0.251563 0.616667 0.254688 0.608333 0.256250 0.572917 0.259375 0.568750 0.259375 0.500000