0 0.739062 0.995833 0.539062 0.525000 0.425000 0.512500 0.000000 0.604167 0.000000 0.997917
2 0.606250 0.383333 0.598437 0.393750 0.585938 0.391667 0.581250 0.397917 0.581250 0.402083 0.578125 0.404167 0.578125 0.408333 0.571875 0.418750 0.579688 0.418750 0.589063 0.412500 0.593750 0.412500 0.596875 0.408333 0.603125 0.408333 0.604688 0.410417 0.603125 0.408333 0.603125 0.389583 0.606250 0.387500
3 0.839063 0.000000 0.609375 0.375000 0.609375 0.593750 0.651563 0.641667 0.692187 0.602083 0.725000 0.787500 0.760938 0.737500 0.918750 0.893750 0.951562 0.997917 0.998437 0.993750 0.998437 0.000000
4 0.503125 0.479167 0.503125 0.495833 0.518750 0.497917 0.523438 0.502083 0.532813 0.502083 0.534375 0.506250 0.542188 0.506250 0.543750 0.502083 0.543750 0.485417 0.518750 0.483333 0.517188 0.479167
4 0.000000 0.218750 0.000000 0.372917 0.037500 0.368750 0.115625 0.393750 0.126562 0.381250 0.134375 0.395833 0.170313 0.404167 0.165625 0.306250
5 0.398438 0.293750 0.387500 0.295833 0.395313 0.302083 0.382812 0.497917 0.396875 0.314583 0.404687 0.300000
8 0.682813 0.808333 0.679688 0.812500 0.682813 0.820833 0.682813 0.825000 0.684375 0.825000 0.687500 0.831250 0.692187 0.831250 0.695312 0.837500 0.698438 0.839583 0.701562 0.837500 0.701562 0.827083 0.703125 0.825000 0.701562 0.812500 0.700000 0.810417 0.693750 0.810417 0.692187 0.808333
8 0.400000 0.293750 0.389062 0.466667 0.543750 0.483333 0.546875 0.560417 0.600000 0.654167 0.639062 0.643750 0.640625 0.685417 0.668750 0.675000 0.704688 0.729167 0.706250 0.664583 0.610938 0.604167 0.610938 0.416667 0.564063 0.422917 0.523438 0.247917 0.451562 0.254167
8 0.698438 0.139583 0.685937 0.152083 0.681250 0.177083 0.678125 0.131250 0.671875 0.131250 0.675000 0.181250 0.665625 0.191667 0.664062 0.214583 0.643750 0.225000 0.643750 0.266667 0.632812 0.275000 0.639062 0.325000 0.700000 0.229167 0.701562 0.202083 0.693750 0.193750
8 0.000000 0.018750 0.000000 0.216667 0.165625 0.304167 0.175000 0.406250 0.381250 0.464583 0.393750 0.302083 0.346875 0.350000 0.315625 0.275000 0.282813 0.302083 0.262500 0.235417 0.285938 0.212500 0.246875 0.168750 0.278125 0.127083 0.253125 0.091667 0.253125 0.045833 0.279687 0.047917 0.267188 0.000000 0.073438 0.000000 0.087500 0.041667 0.048438 0.060417
9 0.964063 0.995833 0.964063 0.997917 0.998437 0.997917 0.993750 0.983333 0.992188 0.983333 0.989062 0.977083 0.979688 0.972917 0.978125 0.968750 0.976562 0.972917 0.973437 0.972917 0.970313 0.979167 0.971875 0.985417 0.968750 0.987500
9 0.603125 0.650000 0.740625 0.997917 0.950000 0.997917 0.910937 0.885417 0.793750 0.775000 0.771875 0.779167 0.760938 0.739583 0.745313 0.791667 0.725000 0.789583 0.684375 0.693750 0.640625 0.687500 0.639062 0.645833 0.626563 0.664583
9 0.657813 0.635417 0.671875 0.639583 0.687500 0.664583 0.698438 0.658333 0.707812 0.662500 0.707812 0.639583 0.704688 0.631250 0.696875 0.627083 0.692187 0.604167 0.687500 0.604167 0.685937 0.635417 0.682813 0.645833 0.668750 0.633333
9 0.000000 0.375000 0.000000 0.602083 0.425000 0.510417 0.543750 0.520833 0.389062 0.468750 0.382812 0.500000 0.368750 0.462500
10 0.248438 0.168750 0.285938 0.195833 0.284375 0.302083 0.315625 0.272917 0.346875 0.347917 0.512500 0.235417 0.568750 0.422917 0.637500 0.329167 0.670312 0.131250 0.681250 0.175000 0.700000 0.139583 0.703125 0.220833 0.837500 0.000000 0.268750 0.000000 0.279687 0.127083
10 0.000000 0.000000 0.000000 0.016667 0.012500 0.018750 0.026562 0.043750 0.040625 0.050000 0.045312 0.058333 0.051562 0.056250 0.054688 0.039583 0.071875 0.035417 0.081250 0.043750 0.085938 0.041667 0.071875 0.000000