0 0.998437 0.806250 0.832812 0.712500 0.696875 0.535417 0.456250 0.545833 0.001563 0.831250 0.000000 0.997917 0.998437 0.997917
2 0.773438 0.304167 0.776563 0.385417 0.781250 0.391667 0.798438 0.391667 0.803125 0.360417 0.803125 0.310417
2 0.753125 0.302083 0.751563 0.304167 0.753125 0.306250 0.753125 0.310417 0.750000 0.316667 0.751563 0.320833 0.751563 0.325000 0.760938 0.325000 0.764062 0.329167 0.767188 0.329167 0.767188 0.302083 0.764062 0.304167 0.762500 0.302083
2 0.676562 0.285417 0.639062 0.350000 0.623437 0.356250 0.629687 0.368750 0.623437 0.381250 0.609375 0.387500 0.601562 0.464583 0.634375 0.475000 0.650000 0.495833 0.653125 0.487500 0.660937 0.508333 0.696875 0.510417 0.707812 0.420833 0.696875 0.412500 0.685937 0.368750 0.696875 0.360417 0.706250 0.325000 0.701562 0.291667
3 0.000000 0.300000 0.003125 0.375000 0.017188 0.402083 0.012500 0.445833 0.032813 0.454167 0.037500 0.437500 0.045312 0.435417 0.048438 0.450000 0.059375 0.447917 0.065625 0.429167 0.053125 0.410417 0.060937 0.395833 0.046875 0.381250 0.043750 0.335417 0.035937 0.312500
4 0.568750 0.475000 0.570312 0.497917 0.657813 0.506250 0.653125 0.489583 0.650000 0.497917 0.634375 0.477083
4 0.539062 0.470833 0.539062 0.497917 0.560937 0.497917 0.560937 0.493750 0.562500 0.491667 0.562500 0.472917 0.560937 0.470833
4 0.479687 0.466667 0.479687 0.477083 0.498437 0.477083 0.500000 0.481250 0.515625 0.481250 0.517188 0.477083 0.515625 0.462500 0.514062 0.460417 0.501563 0.460417 0.500000 0.458333 0.496875 0.460417 0.495312 0.458333 0.490625 0.458333 0.481250 0.462500
4 0.782813 0.406250 0.760938 0.447917 0.753125 0.489583 0.750000 0.608333 0.806250 0.645833 0.839063 0.683333 0.853125 0.666667 0.845313 0.587500 0.832812 0.572917 0.837500 0.556250 0.828125 0.529167 0.840625 0.504167 0.815625 0.472917 0.818750 0.452083 0.809375 0.427083
5 0.806250 0.160417 0.768750 0.162500 0.770312 0.337500 0.771875 0.170833 0.776563 0.164583 0.801562 0.166667
5 0.278125 0.045833 0.265625 0.066667 0.292187 0.118750 0.293750 0.575000 0.296875 0.141667 0.323437 0.077083
8 0.000000 0.358333 0.000000 0.502083 0.007812 0.502083 0.014063 0.495833 0.009375 0.458333 0.015625 0.402083 0.010937 0.389583 0.001563 0.383333
8 0.737500 0.208333 0.687500 0.368750 0.703125 0.579167 0.748437 0.604167 0.759375 0.447917 0.793750 0.406250 0.842187 0.504167 0.832812 0.710417 0.998437 0.804167 0.998437 0.247917 0.875000 0.258333 0.781250 0.393750
8 0.296875 0.281250 0.296875 0.479167 0.537500 0.497917 0.560937 0.468750 0.565625 0.506250 0.570312 0.470833 0.610938 0.472917 0.628125 0.329167 0.615625 0.285417 0.598437 0.304167 0.604688 0.266667 0.571875 0.291667 0.570312 0.202083 0.546875 0.235417 0.520312 0.185417 0.443750 0.247917 0.439063 0.202083 0.404687 0.181250 0.354687 0.366667
8 0.914062 0.000000 0.907813 0.022917 0.928125 0.041667 0.932813 0.095833 0.950000 0.116667 0.951562 0.137500 0.965625 0.141667 0.968750 0.160417 0.996875 0.156250 0.998437 0.162500 0.998437 0.000000
8 0.000000 0.000000 0.000000 0.297917 0.040625 0.320833 0.067187 0.429167 0.054688 0.454167 0.285938 0.479167 0.287500 0.285417 0.242188 0.347917 0.198437 0.270833 0.109375 0.258333 0.084375 0.145833 0.057813 0.137500 0.040625 0.060417 0.020313 0.068750 0.023438 0.006250
9 0.000000 0.831250 0.448437 0.545833 0.698438 0.514583 0.296875 0.481250 0.285938 0.577083 0.282813 0.479167 0.012500 0.454167
10 0.021875 0.000000 0.107813 0.254167 0.242188 0.345833 0.278125 0.043750 0.354687 0.364583 0.412500 0.175000 0.443750 0.245833 0.570312 0.200000 0.632812 0.356250 0.740625 0.204167 0.767188 0.300000 0.806250 0.158333 0.803125 0.379167 0.875000 0.256250 0.998437 0.245833 0.912500 0.000000