0 0.998437 0.827083 0.743750 0.652083 0.673438 0.535417 0.460938 0.539583 0.000000 0.808333 0.000000 0.997917 0.998437 0.997917
2 0.768750 0.314583 0.768750 0.341667 0.773438 0.339583 0.779687 0.341667 0.781250 0.345833 0.787500 0.345833 0.790625 0.341667 0.793750 0.341667 0.800000 0.333333 0.809375 0.329167 0.809375 0.325000 0.806250 0.320833 0.803125 0.322917 0.790625 0.316667
2 0.750000 0.310417 0.750000 0.318750 0.745313 0.322917 0.745313 0.345833 0.748437 0.345833 0.748437 0.343750 0.751563 0.341667 0.753125 0.345833 0.762500 0.347917 0.762500 0.312500
2 0.682813 0.295833 0.643750 0.362500 0.625000 0.364583 0.631250 0.383333 0.612500 0.404167 0.607812 0.466667 0.625000 0.487500 0.651563 0.479167 0.665625 0.512500 0.673438 0.512500 0.673438 0.477083 0.692187 0.420833 0.684375 0.383333 0.696875 0.372917 0.703125 0.343750 0.696875 0.325000 0.703125 0.300000
3 0.000000 0.281250 0.000000 0.437500 0.053125 0.439583 0.053125 0.347917 0.071875 0.325000 0.087500 0.350000 0.090625 0.375000 0.092188 0.316667
4 0.871875 0.679167 0.860938 0.704167 0.907813 0.741667 0.917188 0.758333 0.920312 0.741667 0.923438 0.741667 0.921875 0.712500 0.925000 0.700000 0.907813 0.691667 0.900000 0.677083 0.901563 0.672917 0.889062 0.681250
4 0.573438 0.475000 0.573438 0.497917 0.660937 0.510417 0.659375 0.493750 0.651563 0.481250 0.637500 0.489583 0.634375 0.483333 0.625000 0.489583 0.618750 0.477083
4 0.548438 0.472917 0.548438 0.485417 0.546875 0.487500 0.546875 0.495833 0.548438 0.497917 0.568750 0.497917 0.568750 0.475000 0.565625 0.475000 0.564063 0.472917
4 0.492188 0.460417 0.490625 0.481250 0.501563 0.491667 0.504687 0.489583 0.509375 0.477083 0.515625 0.487500 0.521875 0.491667 0.525000 0.491667 0.528125 0.487500 0.528125 0.468750 0.525000 0.460417 0.517188 0.458333 0.509375 0.460417 0.507812 0.458333 0.493750 0.458333
4 0.729688 0.433333 0.721875 0.443750 0.714063 0.504167 0.710938 0.589583 0.743750 0.622917 0.745313 0.606250 0.731250 0.579167 0.740625 0.502083 0.739062 0.468750 0.732812 0.460417
5 0.801562 0.187500 0.765625 0.187500 0.764062 0.347917 0.770312 0.195833
5 0.340625 0.131250 0.326562 0.143750 0.346875 0.187500 0.343750 0.552083 0.350000 0.197917 0.370312 0.145833
8 0.621875 0.306250 0.604688 0.322917 0.604688 0.285417 0.579688 0.308333 0.581250 0.233333 0.560937 0.247917 0.550000 0.202083 0.462500 0.243750 0.429688 0.204167 0.378125 0.360417 0.350000 0.327083 0.348438 0.477083 0.500000 0.491667 0.490625 0.460417 0.517188 0.456250 0.529687 0.487500 0.507812 0.495833 0.564063 0.470833 0.571875 0.497917 0.573438 0.472917 0.618750 0.475000
8 0.832812 0.000000 0.912500 0.289583 0.745313 0.347917 0.734375 0.233333 0.673438 0.554167 0.709375 0.585417 0.732812 0.431250 0.742188 0.647917 0.857812 0.702083 0.901563 0.670833 0.920312 0.768750 0.998437 0.825000 0.998437 0.000000
8 0.068750 0.000000 0.070312 0.114583 0.000000 0.133333 0.000000 0.279167 0.096875 0.327083 0.090625 0.377083 0.071875 0.327083 0.053125 0.354167 0.062500 0.483333 0.073438 0.443750 0.087500 0.481250 0.107813 0.450000 0.339062 0.475000 0.337500 0.300000 0.304688 0.289583 0.268750 0.347917 0.228125 0.275000 0.139063 0.270833 0.162500 0.187500 0.134375 0.122917 0.114062 0.133333 0.106250 0.008333
9 0.000000 0.806250 0.453125 0.539583 0.676562 0.518750 0.348438 0.479167 0.340625 0.554167 0.339062 0.477083 0.107813 0.452083 0.087500 0.483333 0.073438 0.445833 0.064062 0.487500 0.059375 0.445833 0.000000 0.439583
10 0.998437 0.187500 0.996875 0.191667 0.987500 0.197917 0.982812 0.206250 0.984375 0.208333 0.984375 0.218750 0.979688 0.222917 0.979688 0.241667 0.987500 0.233333 0.990625 0.233333 0.995313 0.225000 0.995313 0.218750 0.998437 0.216667
10 0.100000 0.000000 0.170313 0.218750 0.139063 0.268750 0.268750 0.345833 0.342187 0.318750 0.340625 0.129167 0.371875 0.362500 0.429688 0.202083 0.550000 0.200000 0.628125 0.360417 0.734375 0.231250 0.762500 0.310417 0.767188 0.183333 0.803125 0.187500 0.768750 0.312500 0.912500 0.283333 0.831250 0.000000
10 0.000000 0.000000 0.000000 0.131250 0.031250 0.137500 0.040625 0.122917 0.051562 0.120833 0.054688 0.110417 0.068750 0.114583 0.059375 0.093750 0.060937 0.060417 0.071875 0.058333 0.067187 0.000000