0 0.873437 0.995833 0.579688 0.531250 0.443750 0.518750 0.000000 0.652083 0.000000 0.997917
2 0.651563 0.341667 0.643750 0.343750 0.621875 0.383333 0.601562 0.389583 0.585938 0.425000 0.585938 0.450000 0.609375 0.408333 0.639062 0.391667 0.637500 0.364583
3 0.121875 0.295833 0.115625 0.302083 0.117188 0.310417 0.140625 0.308333 0.121875 0.333333 0.120313 0.352083 0.117188 0.347917 0.112500 0.356250 0.106250 0.350000 0.101562 0.370833 0.110937 0.372917 0.121875 0.391667 0.137500 0.391667 0.140625 0.408333 0.148438 0.414583 0.153125 0.400000 0.170313 0.383333 0.156250 0.358333 0.157812 0.337500 0.165625 0.335417 0.164062 0.320833
3 0.054688 0.266667 0.054688 0.345833 0.073438 0.356250 0.079687 0.345833 0.076563 0.322917 0.090625 0.322917 0.093750 0.316667 0.075000 0.320833 0.068750 0.293750 0.075000 0.287500 0.079687 0.295833 0.090625 0.297917 0.092188 0.291667 0.115625 0.291667 0.098437 0.285417 0.092188 0.289583 0.087500 0.285417 0.092188 0.281250
3 0.000000 0.237500 0.001563 0.387500 0.017188 0.381250 0.025000 0.362500 0.025000 0.343750 0.034375 0.331250 0.037500 0.260417
3 0.906250 0.000000 0.679688 0.320833 0.678125 0.595833 0.731250 0.600000 0.757812 0.668750 0.770312 0.562500 0.821875 0.533333 0.843750 0.689583 0.978125 0.835417 0.998437 0.000000
4 0.523438 0.483333 0.523438 0.500000 0.526563 0.502083 0.542188 0.502083 0.543750 0.506250 0.564063 0.506250 0.565625 0.508333 0.575000 0.506250 0.576562 0.491667 0.575000 0.487500 0.556250 0.483333 0.534375 0.483333 0.532813 0.479167 0.525000 0.479167
4 0.476562 0.468750 0.478125 0.477083 0.482812 0.477083 0.484375 0.481250 0.489063 0.481250 0.490625 0.477083 0.492188 0.477083 0.493750 0.481250 0.506250 0.481250 0.506250 0.466667 0.493750 0.466667 0.492188 0.468750 0.489063 0.464583 0.481250 0.464583
4 0.168750 0.385417 0.164062 0.387500 0.164062 0.391667 0.159375 0.397917 0.154688 0.400000 0.154688 0.404167 0.151562 0.406250 0.151562 0.408333 0.154688 0.410417 0.151562 0.414583 0.150000 0.414583 0.153125 0.416667 0.165625 0.416667 0.167187 0.418750 0.168750 0.410417 0.170313 0.408333
4 0.053125 0.281250 0.048438 0.393750 0.143750 0.414583 0.137500 0.393750 0.100000 0.370833 0.139063 0.306250 0.126562 0.316667 0.115625 0.310417 0.120313 0.295833 0.075000 0.289583 0.073438 0.316667 0.095312 0.318750 0.078125 0.322917 0.081250 0.345833 0.071875 0.358333 0.053125 0.345833
5 0.404687 0.275000 0.389062 0.277083 0.398438 0.289583 0.389062 0.510417 0.400000 0.289583 0.412500 0.283333
8 0.403125 0.302083 0.393750 0.472917 0.575000 0.485417 0.604688 0.612500 0.875000 0.997917 0.998437 0.997917 0.998437 0.781250 0.976562 0.837500 0.820312 0.635417 0.821875 0.535417 0.771875 0.562500 0.757812 0.670833 0.731250 0.602083 0.681250 0.614583 0.667188 0.312500 0.585938 0.452083 0.528125 0.229167
8 0.723437 0.056250 0.714063 0.070833 0.721875 0.114583 0.710938 0.131250 0.714063 0.154167 0.685937 0.175000 0.685937 0.225000 0.671875 0.235417 0.685937 0.308333 0.785937 0.170833 0.773438 0.162500 0.765625 0.185417 0.751563 0.172917 0.743750 0.122917 0.751563 0.070833 0.739062 0.070833 0.726562 0.108333
8 0.000000 0.000000 0.000000 0.235417 0.039062 0.260417 0.000000 0.402083 0.034375 0.450000 0.059375 0.264583 0.162500 0.314583 0.168750 0.418750 0.214062 0.454167 0.387500 0.470833 0.396875 0.310417 0.378125 0.354167 0.326562 0.281250 0.270313 0.325000 0.243750 0.133333 0.190625 0.095833 0.232813 0.081250 0.209375 0.000000
9 0.995313 0.729167 0.995313 0.733333 0.992188 0.735417 0.990625 0.739583 0.992188 0.741667 0.992188 0.745833 0.990625 0.747917 0.990625 0.754167 0.987500 0.764583 0.992188 0.770833 0.992188 0.772917 0.998437 0.779167 0.998437 0.729167
9 0.000000 0.404167 0.000000 0.650000 0.443750 0.516667 0.579688 0.529167 0.393750 0.475000 0.389062 0.512500 0.387500 0.472917 0.214062 0.456250 0.051562 0.395833 0.034375 0.452083
10 0.192188 0.095833 0.245312 0.133333 0.271875 0.325000 0.326562 0.279167 0.378125 0.352083 0.390625 0.272917 0.525000 0.225000 0.584375 0.429167 0.665625 0.310417 0.676562 0.345833 0.717187 0.056250 0.726562 0.106250 0.751563 0.066667 0.765625 0.183333 0.904687 0.000000 0.210938 0.000000 0.234375 0.081250