0 0.000000 0.387500 0.000000 0.997917 0.998437 0.997917 0.998437 0.706250 0.598437 0.504167
1 0.934375 0.654167 0.998437 0.704167 0.998437 0.645833 0.982812 0.643750 0.981250 0.639583 0.964063 0.635417 0.951562 0.625000
1 0.807813 0.566667 0.804688 0.577083 0.804688 0.595833 0.818750 0.606250 0.825000 0.606250 0.835938 0.616667 0.840625 0.616667 0.840625 0.612500 0.837500 0.608333 0.837500 0.589583 0.823438 0.587500 0.820312 0.577083
1 0.620313 0.531250 0.620313 0.535417 0.623437 0.535417 0.628125 0.539583 0.632812 0.539583 0.639062 0.543750 0.651563 0.543750 0.654687 0.547917 0.660937 0.547917 0.660937 0.535417 0.659375 0.531250 0.654687 0.531250 0.653125 0.535417 0.640625 0.535417 0.639062 0.537500 0.637500 0.535417 0.628125 0.535417 0.626563 0.531250
1 0.000000 0.362500 0.020313 0.391667 0.610938 0.500000
2 0.998437 0.250000 0.889062 0.258333 0.854688 0.341667 0.846875 0.414583 0.807813 0.418750 0.785937 0.479167 0.823438 0.585417 0.837500 0.587500 0.843750 0.533333 0.884375 0.508333 0.890625 0.464583 0.904687 0.470833 0.904687 0.516667 0.943750 0.525000 0.951562 0.568750 0.998437 0.537500
2 0.000000 0.000000 0.000000 0.360417 0.342187 0.435417 0.360938 0.310417 0.512500 0.454167 0.637500 0.466667 0.604688 0.437500 0.646875 0.395833 0.481250 0.239583 0.412500 0.310417 0.362500 0.289583 0.375000 0.104167 0.285938 0.004167
5 0.970313 0.591667 0.964063 0.593750 0.964063 0.602083 0.962500 0.604167 0.964063 0.606250 0.964063 0.616667 0.960938 0.618750 0.960938 0.627083 0.964063 0.633333 0.970313 0.633333 0.973437 0.631250 0.973437 0.593750
5 0.648438 0.400000 0.643750 0.437500 0.646875 0.454167 0.643750 0.522917 0.646875 0.514583 0.650000 0.425000 0.654687 0.412500 0.654687 0.404167
7 0.890625 0.466667 0.885938 0.470833 0.885938 0.508333 0.889062 0.508333 0.890625 0.512500 0.900000 0.512500 0.900000 0.495833 0.903125 0.493750 0.903125 0.470833 0.901563 0.470833 0.900000 0.466667
8 0.987500 0.539583 0.976562 0.550000 0.976562 0.556250 0.965625 0.570833 0.962500 0.591667 0.970313 0.589583 0.975000 0.593750 0.975000 0.631250 0.971875 0.633333 0.982812 0.641667 0.998437 0.643750 0.998437 0.539583
8 0.623437 0.385417 0.606250 0.443750 0.639062 0.466667 0.615625 0.475000 0.596875 0.466667 0.587500 0.445833 0.581250 0.491667 0.610938 0.495833 0.614062 0.487500 0.625000 0.500000 0.631250 0.487500 0.632812 0.533333 0.639062 0.535417 0.645312 0.410417 0.637500 0.416667
8 0.751563 0.314583 0.729688 0.360417 0.725000 0.435417 0.707812 0.466667 0.704688 0.456250 0.693750 0.470833 0.693750 0.435417 0.670312 0.416667 0.651563 0.425000 0.648438 0.477083 0.662500 0.481250 0.662500 0.500000 0.667188 0.477083 0.690625 0.491667 0.693750 0.470833 0.695312 0.493750 0.726562 0.514583 0.731250 0.543750 0.748437 0.502083 0.776563 0.502083 0.785937 0.456250 0.767188 0.400000 0.778125 0.331250
8 0.354687 0.314583 0.343750 0.437500 0.392188 0.447917 0.401562 0.372917 0.398438 0.447917 0.557813 0.487500 0.559375 0.456250 0.551562 0.468750 0.512500 0.456250 0.489063 0.414583 0.403125 0.368750 0.398438 0.352083 0.376563 0.352083
8 0.487500 0.239583 0.485938 0.254167 0.493750 0.264583 0.498437 0.266667 0.521875 0.266667 0.525000 0.258333 0.523438 0.243750 0.520312 0.245833 0.512500 0.237500 0.501563 0.239583 0.498437 0.243750
10 0.281250 0.000000 0.376563 0.104167 0.362500 0.287500 0.412500 0.308333 0.512500 0.235417 0.707812 0.464583 0.740625 0.314583 0.714063 0.289583 0.779687 0.331250 0.778125 0.502083 0.895312 0.245833 0.998437 0.247917 0.998437 0.000000
13 0.865625 0.510417 0.853125 0.535417 0.843750 0.535417 0.848437 0.550000 0.839063 0.570833 0.842187 0.620833 0.900000 0.627083 0.918750 0.635417 0.921875 0.647917 0.932813 0.654167 0.954688 0.622917 0.942187 0.525000
13 0.748437 0.504167 0.734375 0.539583 0.732812 0.581250 0.770312 0.581250 0.785937 0.600000 0.801562 0.595833 0.806250 0.541667 0.798438 0.514583 0.782813 0.504167
13 0.667188 0.504167 0.660937 0.525000 0.662500 0.547917 0.667188 0.554167 0.673438 0.547917 0.695312 0.554167 0.709375 0.568750 0.717187 0.558333 0.720313 0.564583 0.728125 0.562500 0.729688 0.529167 0.718750 0.504167 0.689063 0.493750 0.678125 0.493750
18 0.660937 0.497917 0.656250 0.500000 0.653125 0.508333 0.651563 0.504167 0.648438 0.502083 0.646875 0.522917 0.643750 0.525000 0.645312 0.525000 0.646875 0.529167 0.650000 0.529167 0.651563 0.533333 0.653125 0.533333 0.653125 0.529167 0.654687 0.527083 0.654687 0.518750 0.656250 0.516667 0.660937 0.518750 0.665625 0.510417 0.665625 0.504167 0.664062 0.504167
18 0.600000 0.504167 0.598437 0.512500 0.600000 0.527083 0.610938 0.529167 0.615625 0.522917 0.621875 0.522917 0.628125 0.533333 0.631250 0.533333 0.632812 0.516667 0.631250 0.489583 0.628125 0.489583 0.628125 0.497917 0.623437 0.504167 0.618750 0.504167 0.615625 0.500000 0.614062 0.489583 0.610938 0.502083