0 0.000000 0.393750 0.000000 0.997917 0.998437 0.997917 0.998437 0.683333 0.596875 0.497917
1 0.971875 0.622917 0.964063 0.633333 0.962500 0.641667 0.957812 0.645833 0.956250 0.652083 0.978125 0.664583 0.984375 0.672917 0.989062 0.672917 0.992188 0.679167 0.998437 0.681250 0.998437 0.633333 0.984375 0.629167 0.981250 0.625000 0.982812 0.633333 0.978125 0.635417 0.976562 0.625000
1 0.821875 0.562500 0.818750 0.589583 0.826562 0.595833 0.832812 0.595833 0.834375 0.600000 0.842187 0.600000 0.845313 0.606250 0.850000 0.606250 0.851562 0.610417 0.857812 0.610417 0.851562 0.602083 0.853125 0.583333 0.837500 0.581250 0.829688 0.566667
1 0.628125 0.527083 0.629687 0.533333 0.635938 0.533333 0.648438 0.539583 0.660937 0.539583 0.670312 0.543750 0.670312 0.527083 0.662500 0.527083 0.659375 0.531250 0.642188 0.531250 0.640625 0.529167 0.635938 0.531250 0.632812 0.527083
1 0.000000 0.368750 0.000000 0.391667 0.618750 0.495833
2 0.659375 0.472917 0.659375 0.487500 0.670312 0.487500 0.671875 0.489583 0.673438 0.500000 0.676562 0.500000 0.678125 0.497917 0.678125 0.493750 0.681250 0.491667 0.682813 0.487500 0.692187 0.487500 0.690625 0.483333 0.682813 0.475000 0.673438 0.475000 0.671875 0.477083 0.668750 0.477083 0.665625 0.472917 0.664062 0.475000 0.660937 0.475000
2 0.998437 0.229167 0.909375 0.229167 0.867188 0.327083 0.859375 0.402083 0.814063 0.414583 0.792188 0.495833 0.810937 0.504167 0.837500 0.579167 0.854688 0.579167 0.856250 0.531250 0.875000 0.508333 0.903125 0.502083 0.909375 0.454167 0.917188 0.506250 0.965625 0.518750 0.975000 0.560417 0.996875 0.543750
2 0.000000 0.000000 0.000000 0.366667 0.346875 0.435417 0.367188 0.308333 0.529687 0.456250 0.645312 0.464583 0.612500 0.433333 0.654687 0.389583 0.529687 0.262500 0.357812 0.297917 0.376563 0.087500 0.301563 0.004167
5 0.660937 0.393750 0.656250 0.393750 0.654687 0.402083 0.654687 0.497917 0.657813 0.493750 0.657813 0.429167 0.662500 0.410417
7 0.909375 0.456250 0.906250 0.458333 0.904687 0.464583 0.901563 0.466667 0.904687 0.468750 0.904687 0.477083 0.901563 0.479167 0.901563 0.497917 0.903125 0.497917 0.904687 0.502083 0.915625 0.502083 0.915625 0.483333 0.918750 0.470833 0.918750 0.460417
8 0.998437 0.541667 0.992188 0.556250 0.984375 0.560417 0.987500 0.562500 0.981250 0.566667 0.979688 0.560417 0.976562 0.560417 0.971875 0.566667 0.976562 0.597917 0.982812 0.585417 0.985938 0.593750 0.990625 0.593750 0.993750 0.604167 0.992188 0.629167 0.998437 0.631250
8 0.631250 0.383333 0.614062 0.439583 0.645312 0.456250 0.646875 0.464583 0.615625 0.466667 0.593750 0.437500 0.587500 0.485417 0.623437 0.487500 0.632812 0.495833 0.642188 0.485417 0.645312 0.529167 0.653125 0.497917 0.653125 0.410417 0.643750 0.414583
8 0.412500 0.368750 0.403125 0.445833 0.467187 0.464583 0.473438 0.408333 0.471875 0.466667 0.564063 0.481250 0.565625 0.456250 0.553125 0.466667 0.503125 0.439583 0.504687 0.422917 0.481250 0.397917 0.448437 0.393750
8 0.359375 0.310417 0.348438 0.435417 0.370312 0.445833 0.389062 0.441667 0.396875 0.445833 0.403125 0.406250 0.401562 0.377083 0.407813 0.358333 0.403125 0.347917 0.398438 0.352083 0.395313 0.341667 0.379688 0.347917 0.375000 0.341667 0.373437 0.320833 0.367188 0.310417
8 0.771875 0.302083 0.756250 0.304167 0.734375 0.381250 0.748437 0.387500 0.720313 0.460417 0.678125 0.408333 0.660937 0.416667 0.659375 0.470833 0.728125 0.495833 0.735938 0.441667 0.742188 0.539583 0.762500 0.493750 0.784375 0.493750 0.798438 0.435417 0.778125 0.391667 0.790625 0.320833 0.768750 0.318750
8 0.532813 0.241667 0.529687 0.233333 0.523438 0.233333 0.520312 0.227083 0.510938 0.227083 0.504687 0.233333 0.492188 0.231250 0.487500 0.241667 0.484375 0.229167 0.478125 0.233333 0.470313 0.260417 0.456250 0.252083 0.453125 0.275000 0.460938 0.275000 0.464062 0.268750 0.485938 0.266667 0.487500 0.260417 0.529687 0.260417
10 0.296875 0.000000 0.378125 0.087500 0.359375 0.297917 0.520312 0.225000 0.720313 0.458333 0.751563 0.293750 0.721875 0.275000 0.792188 0.320833 0.789062 0.495833 0.909375 0.227083 0.998437 0.227083 0.998437 0.000000
13 0.857812 0.531250 0.864062 0.543750 0.853125 0.602083 0.860938 0.620833 0.929688 0.627083 0.943750 0.645833 0.956250 0.647917 0.979688 0.616667 0.965625 0.520833 0.889062 0.500000
13 0.762500 0.495833 0.750000 0.516667 0.743750 0.575000 0.746875 0.579167 0.753125 0.579167 0.756250 0.572917 0.775000 0.575000 0.789062 0.581250 0.800000 0.595833 0.817187 0.589583 0.820312 0.550000 0.809375 0.504167 0.787500 0.495833
13 0.675000 0.502083 0.671875 0.514583 0.671875 0.543750 0.675000 0.550000 0.684375 0.545833 0.709375 0.550000 0.718750 0.562500 0.739062 0.558333 0.739062 0.514583 0.723437 0.491667 0.710938 0.493750 0.704688 0.487500 0.682813 0.489583
18 0.670312 0.489583 0.659375 0.489583 0.659375 0.493750 0.656250 0.495833 0.654687 0.500000 0.653125 0.500000 0.653125 0.529167 0.659375 0.529167 0.662500 0.525000 0.665625 0.525000 0.667188 0.522917 0.670312 0.525000 0.670312 0.514583 0.671875 0.512500 0.671875 0.497917 0.670312 0.495833
18 0.642188 0.487500 0.639062 0.485417 0.635938 0.487500 0.635938 0.495833 0.631250 0.504167 0.628125 0.504167 0.623437 0.497917 0.623437 0.489583 0.618750 0.497917 0.609375 0.500000 0.606250 0.508333 0.607812 0.520833 0.610938 0.525000 0.618750 0.525000 0.623437 0.518750 0.631250 0.518750 0.632812 0.525000 0.639062 0.529167 0.642188 0.514583