0 0.000000 0.854167 0.000000 0.997917 0.998437 0.997917 0.996875 0.733333 0.556250 0.514583 0.303125 0.508333 0.239063 0.716667 0.068750 0.785417 0.050000 0.925000 0.035937 0.812500
0 0.164062 0.508333 0.162500 0.550000 0.201563 0.554167 0.203125 0.558333 0.232813 0.560417 0.235937 0.564583 0.239063 0.508333
1 0.140625 0.550000 0.232813 0.610417 0.232813 0.575000 0.235937 0.568750 0.232813 0.562500
1 0.303125 0.504167 0.318750 0.508333 0.404687 0.506250
1 0.164062 0.493750 0.164062 0.506250 0.239063 0.506250 0.239063 0.497917 0.217188 0.497917 0.206250 0.493750
2 0.467187 0.420833 0.468750 0.433333 0.476562 0.425000 0.479687 0.427083 0.489063 0.454167 0.481250 0.477083 0.467187 0.479167 0.464062 0.472917 0.460938 0.475000 0.462500 0.495833 0.465625 0.497917 0.473438 0.489583 0.504687 0.489583 0.504687 0.483333 0.492188 0.483333 0.489063 0.477083 0.489063 0.456250 0.496875 0.435417
2 0.595313 0.306250 0.579688 0.477083 0.598437 0.481250 0.604688 0.502083 0.634375 0.502083 0.642188 0.481250 0.673438 0.479167 0.670312 0.447917 0.637500 0.435417 0.637500 0.406250 0.675000 0.333333 0.665625 0.320833 0.668750 0.310417
2 0.000000 0.072917 0.001563 0.527083 0.045312 0.537500 0.089063 0.447917 0.156250 0.537500 0.215625 0.393750 0.443750 0.491667 0.459375 0.408333 0.342187 0.312500 0.206250 0.339583 0.212500 0.202083 0.107813 0.118750 0.107813 0.183333 0.151562 0.164583 0.162500 0.210417 0.109375 0.197917 0.089063 0.362500 0.087500 0.102083
2 0.998437 0.000000 0.854688 0.254167 0.862500 0.320833 0.696875 0.312500 0.706250 0.391667 0.821875 0.339583 0.870313 0.397917 0.878125 0.483333 0.998437 0.450000
3 0.123438 0.968750 0.120313 0.966667 0.100000 0.968750 0.089063 0.977083 0.087500 0.985417 0.078125 0.997917 0.128125 0.997917 0.128125 0.993750 0.125000 0.991667 0.126562 0.989583 0.121875 0.985417
4 0.095312 0.697917 0.062500 0.689583 0.000000 0.708333 0.000000 0.768750 0.020313 0.768750 0.039062 0.791667 0.034375 0.922917 0.067187 0.904167 0.056250 0.829167 0.064062 0.785417 0.050000 0.777083 0.057813 0.750000 0.039062 0.762500 0.035937 0.750000 0.053125 0.745833
4 0.000000 0.539583 0.000000 0.641667 0.045312 0.622917 0.042188 0.614583 0.017188 0.608333 0.015625 0.602083 0.051562 0.585417 0.051562 0.570833 0.029687 0.566667 0.037500 0.558333 0.048438 0.558333 0.051562 0.541667
4 0.604688 0.514583 0.604688 0.533333 0.635938 0.539583 0.635938 0.531250 0.634375 0.535417 0.632812 0.533333 0.632812 0.522917 0.629687 0.525000 0.623437 0.520833 0.625000 0.518750 0.634375 0.518750 0.632812 0.516667
4 0.893750 0.462500 0.878125 0.472917 0.889062 0.518750 0.885938 0.660417 0.960938 0.710417 0.957812 0.645833 0.971875 0.631250 0.998437 0.631250 0.998437 0.452083
5 0.085938 0.450000 0.081250 0.454167 0.081250 0.477083 0.073438 0.493750 0.073438 0.516667 0.078125 0.520833 0.076563 0.564583 0.079687 0.570833 0.092188 0.575000 0.095312 0.520833 0.106250 0.506250 0.106250 0.495833 0.096875 0.462500
5 0.253125 0.425000 0.242188 0.427083 0.232813 0.714583 0.243750 0.704167 0.248438 0.606250 0.270313 0.604167 0.271875 0.541667 0.293750 0.539583 0.301563 0.510417 0.251563 0.493750
5 0.107813 0.000000 0.092188 0.008333 0.081250 0.183333 0.092188 0.362500 0.107813 0.197917 0.137500 0.200000 0.150000 0.216667 0.156250 0.195833 0.151562 0.166667 0.137500 0.187500 0.106250 0.183333
8 0.971875 0.633333 0.962500 0.639583 0.956250 0.654167 0.956250 0.675000 0.964063 0.689583 0.962500 0.710417 0.998437 0.733333 0.998437 0.633333
8 0.287500 0.535417 0.284375 0.535417 0.281250 0.541667 0.279687 0.539583 0.273438 0.541667 0.273438 0.552083 0.270313 0.560417 0.271875 0.579167 0.279687 0.579167 0.282813 0.581250 0.284375 0.585417 0.287500 0.583333 0.292187 0.572917 0.292187 0.550000 0.293750 0.547917 0.293750 0.541667 0.289062 0.539583
8 0.406250 0.470833 0.406250 0.506250 0.421875 0.506250 0.423438 0.502083 0.428125 0.502083 0.431250 0.495833 0.435937 0.502083 0.439063 0.500000 0.434375 0.483333 0.431250 0.479167 0.423438 0.477083 0.420312 0.479167 0.418750 0.470833 0.414062 0.468750 0.412500 0.464583
8 0.254688 0.427083 0.256250 0.495833 0.403125 0.502083 0.403125 0.472917 0.396875 0.493750 0.389062 0.479167 0.379688 0.489583 0.357812 0.487500 0.331250 0.475000 0.329688 0.462500 0.310937 0.445833 0.279687 0.441667
8 0.460938 0.410417 0.453125 0.437500 0.446875 0.418750 0.435937 0.412500 0.425000 0.456250 0.446875 0.470833 0.446875 0.520833 0.451562 0.520833 0.450000 0.472917 0.457813 0.472917 0.462500 0.518750 0.459375 0.475000 0.478125 0.477083 0.485938 0.466667 0.478125 0.427083 0.468750 0.435417
8 0.209375 0.397917 0.204687 0.406250 0.201563 0.487500 0.207813 0.493750 0.239063 0.495833 0.240625 0.427083 0.243750 0.425000 0.232813 0.425000 0.229687 0.429167 0.225000 0.406250 0.217188 0.395833
8 0.518750 0.356250 0.512500 0.381250 0.503125 0.391667 0.501563 0.408333 0.510938 0.410417 0.510938 0.422917 0.506250 0.416667 0.506250 0.429167 0.492188 0.447917 0.490625 0.477083 0.560937 0.495833 0.568750 0.468750 0.560937 0.462500 0.559375 0.441667 0.537500 0.404167 0.531250 0.368750 0.520312 0.368750
8 0.671875 0.300000 0.639062 0.435417 0.690625 0.475000 0.675000 0.539583 0.671875 0.483333 0.604688 0.512500 0.684375 0.564583 0.687500 0.506250 0.687500 0.568750 0.887500 0.668750 0.868750 0.397917 0.821875 0.341667 0.709375 0.395833 0.693750 0.308333
8 0.345313 0.300000 0.343750 0.295833 0.340625 0.295833 0.339062 0.300000 0.335938 0.291667 0.329688 0.289583 0.321875 0.291667 0.318750 0.295833 0.307812 0.291667 0.304688 0.302083 0.304688 0.310417 0.307812 0.318750 0.337500 0.318750 0.337500 0.312500 0.345313 0.308333
8 0.000000 0.070833 0.037500 0.054167 0.068750 0.056250 0.075000 0.043750 0.068750 0.025000 0.081250 0.029167 0.090625 0.025000 0.075000 0.012500 0.068750 0.000000 0.000000 0.000000
9 0.020313 0.770833 0.000000 0.770833 0.000000 0.852083 0.023438 0.814583 0.037500 0.810417 0.037500 0.791667 0.032813 0.785417 0.034375 0.781250 0.029687 0.781250
9 0.000000 0.643750 0.000000 0.706250 0.115625 0.687500 0.037500 0.750000 0.064062 0.754167 0.064062 0.789583 0.226562 0.683333 0.232813 0.612500 0.121875 0.545833 0.112500 0.518750 0.096875 0.520833 0.085938 0.577083 0.062500 0.510417 0.043750 0.531250 0.056250 0.579167 0.020313 0.602083 0.046875 0.622917
10 0.037500 0.056250 0.042188 0.064583 0.089063 0.097917 0.090625 0.031250 0.070312 0.025000 0.076563 0.043750 0.068750 0.058333 0.054688 0.056250 0.053125 0.060417
10 0.106250 0.112500 0.214062 0.202083 0.234375 0.360417 0.329688 0.287500 0.501563 0.433333 0.514062 0.335417 0.578125 0.477083 0.595313 0.304167 0.860938 0.320833 0.853125 0.254167 0.990625 0.000000 0.109375 0.000000
13 0.603125 0.543750 0.603125 0.497917 0.592187 0.479167 0.565625 0.479167 0.557813 0.500000 0.532813 0.485417 0.473438 0.491667 0.462500 0.510417 0.465625 0.529167 0.501563 0.527083 0.506250 0.537500 0.529687 0.531250 0.531250 0.539583 0.540625 0.531250 0.546875 0.537500 0.548438 0.516667 0.556250 0.512500 0.559375 0.543750
18 0.443750 0.493750 0.440625 0.493750 0.440625 0.500000 0.435937 0.504167 0.437500 0.508333 0.437500 0.514583 0.435937 0.516667 0.432812 0.514583 0.429688 0.508333 0.429688 0.504167 0.423438 0.504167 0.421875 0.508333 0.421875 0.520833 0.423438 0.522917 0.429688 0.522917 0.437500 0.516667 0.442188 0.522917 0.445312 0.522917