0 0.000000 0.458333 0.000000 0.997917 0.998437 0.997917 0.996875 0.664583 0.631250 0.520833
1 0.820312 0.614583 0.978125 0.658333 0.973437 0.629167 0.948438 0.633333 0.943750 0.604167 0.904687 0.597917 0.901563 0.633333 0.887500 0.631250 0.873437 0.612500 0.828125 0.606250
1 0.773438 0.591667 0.779687 0.595833 0.785937 0.595833 0.787500 0.600000 0.801562 0.600000 0.806250 0.606250 0.809375 0.606250 0.810937 0.610417 0.814063 0.610417 0.812500 0.606250 0.814063 0.587500 0.807813 0.583333 0.800000 0.583333 0.790625 0.579167 0.781250 0.591667
1 0.646875 0.552083 0.659375 0.560417 0.684375 0.564583 0.685937 0.568750 0.715625 0.568750 0.715625 0.556250 0.712500 0.547917 0.704688 0.552083 0.685937 0.552083 0.682813 0.558333 0.678125 0.558333 0.675000 0.554167 0.670312 0.556250 0.660937 0.547917 0.659375 0.550000 0.651563 0.545833
1 0.000000 0.427083 0.001563 0.458333 0.646875 0.516667
2 0.998437 0.181250 0.971875 0.185417 0.910937 0.291667 0.896875 0.402083 0.828125 0.412500 0.829688 0.460417 0.800000 0.491667 0.792188 0.537500 0.818750 0.543750 0.832812 0.506250 0.859375 0.506250 0.857812 0.456250 0.889062 0.431250 0.906250 0.595833 0.943750 0.602083 0.950000 0.539583 0.992188 0.508333
2 0.000000 0.000000 0.000000 0.425000 0.329688 0.468750 0.356250 0.329167 0.528125 0.475000 0.581250 0.439583 0.584375 0.485417 0.596875 0.450000 0.676562 0.495833 0.620313 0.450000 0.642188 0.375000 0.481250 0.237500 0.412500 0.322917 0.343750 0.325000 0.357812 0.075000 0.290625 0.000000
5 0.689063 0.391667 0.682813 0.431250 0.682813 0.464583 0.679688 0.466667 0.675000 0.550000 0.678125 0.556250 0.684375 0.554167 0.689063 0.508333 0.689063 0.445833 0.692187 0.443750 0.695312 0.395833
5 0.750000 0.258333 0.782813 0.266667 0.762500 0.481250 0.767188 0.506250 0.785937 0.260417
7 0.998437 0.445833 0.993750 0.445833 0.989062 0.450000 0.987500 0.464583 0.989062 0.464583 0.992188 0.470833 0.990625 0.472917 0.985938 0.472917 0.984375 0.497917 0.998437 0.497917
7 0.737500 0.435417 0.734375 0.437500 0.734375 0.443750 0.735938 0.447917 0.734375 0.450000 0.734375 0.462500 0.732812 0.466667 0.734375 0.470833 0.742188 0.470833 0.742188 0.464583 0.743750 0.462500 0.743750 0.456250 0.745313 0.454167 0.745313 0.452083 0.743750 0.452083 0.742188 0.447917 0.746875 0.443750 0.746875 0.439583 0.745313 0.435417
8 0.737500 0.479167 0.735938 0.502083 0.756250 0.502083 0.757812 0.506250 0.759375 0.506250 0.760938 0.502083 0.760938 0.493750 0.757812 0.493750 0.756250 0.491667 0.750000 0.491667 0.743750 0.485417 0.743750 0.479167 0.742188 0.481250
8 0.639062 0.481250 0.637500 0.487500 0.637500 0.506250 0.639062 0.508333 0.645312 0.508333 0.648438 0.497917 0.653125 0.500000 0.653125 0.508333 0.654687 0.510417 0.662500 0.510417 0.664062 0.504167 0.667188 0.502083 0.662500 0.502083 0.657813 0.493750 0.657813 0.483333 0.653125 0.479167
8 0.593750 0.462500 0.589063 0.475000 0.589063 0.485417 0.587500 0.487500 0.584375 0.487500 0.582812 0.483333 0.581250 0.483333 0.581250 0.495833 0.579688 0.497917 0.579688 0.502083 0.593750 0.502083 0.595313 0.497917 0.595313 0.464583
8 0.604688 0.458333 0.604688 0.462500 0.600000 0.466667 0.598437 0.502083 0.604688 0.502083 0.606250 0.506250 0.632812 0.506250 0.634375 0.508333 0.634375 0.489583 0.626563 0.479167 0.612500 0.477083 0.610938 0.468750
8 0.693750 0.435417 0.690625 0.483333 0.700000 0.489583 0.701562 0.497917 0.698438 0.500000 0.710938 0.518750 0.710938 0.545833 0.714063 0.545833 0.715625 0.525000 0.712500 0.510417 0.717187 0.502083 0.729688 0.506250 0.732812 0.468750 0.725000 0.468750 0.720313 0.462500 0.720313 0.445833 0.715625 0.445833 0.712500 0.437500
8 0.889062 0.433333 0.885938 0.433333 0.882812 0.443750 0.873437 0.454167 0.859375 0.456250 0.857812 0.497917 0.860938 0.506250 0.884375 0.508333 0.889062 0.477083
8 0.768750 0.414583 0.765625 0.422917 0.760938 0.427083 0.759375 0.433333 0.756250 0.437500 0.751563 0.437500 0.753125 0.454167 0.750000 0.456250 0.750000 0.458333 0.757812 0.466667 0.764062 0.464583
8 0.637500 0.393750 0.628125 0.425000 0.621875 0.431250 0.623437 0.454167 0.678125 0.481250 0.682813 0.420833 0.673438 0.410417 0.670312 0.397917
8 0.345313 0.337500 0.331250 0.468750 0.389062 0.464583 0.396875 0.402083 0.395313 0.464583 0.420312 0.477083 0.425000 0.454167 0.428125 0.485417 0.575000 0.502083 0.575000 0.472917 0.521875 0.483333 0.481250 0.414583 0.406250 0.395833 0.398438 0.366667 0.370312 0.375000 0.360938 0.333333
8 0.812500 0.279167 0.793750 0.281250 0.795312 0.318750 0.781250 0.331250 0.768750 0.506250 0.782813 0.518750 0.790625 0.456250 0.785937 0.527083 0.798438 0.491667 0.828125 0.460417 0.831250 0.435417 0.814063 0.387500 0.837500 0.345833 0.826562 0.318750 0.834375 0.297917 0.810937 0.306250
8 0.532813 0.243750 0.529687 0.235417 0.523438 0.237500 0.520312 0.231250 0.510938 0.229167 0.507812 0.233333 0.506250 0.231250 0.501563 0.239583 0.487500 0.239583 0.482812 0.266667 0.479687 0.258333 0.476562 0.262500 0.479687 0.266667 0.490625 0.268750 0.529687 0.266667
9 0.792188 0.554167 0.790625 0.577083 0.792188 0.579167 0.798438 0.579167 0.800000 0.581250 0.807813 0.581250 0.814063 0.585417 0.814063 0.566667 0.815625 0.564583 0.810937 0.560417 0.807813 0.560417 0.806250 0.556250 0.795312 0.556250
10 0.292187 0.000000 0.359375 0.075000 0.343750 0.322917 0.520312 0.229167 0.757812 0.491667 0.781250 0.266667 0.750000 0.256250 0.787500 0.260417 0.781250 0.329167 0.793750 0.279167 0.835938 0.297917 0.825000 0.418750 0.892188 0.404167 0.909375 0.291667 0.998437 0.179167 0.998437 0.000000
13 0.998437 0.508333 0.976562 0.518750 0.965625 0.539583 0.951562 0.539583 0.951562 0.547917 0.959375 0.550000 0.960938 0.558333 0.953125 0.566667 0.945312 0.597917 0.948438 0.631250 0.973437 0.627083 0.979688 0.658333 0.998437 0.664583
13 0.832812 0.508333 0.820312 0.535417 0.815625 0.610417 0.823438 0.612500 0.828125 0.604167 0.873437 0.610417 0.887500 0.629167 0.901563 0.631250 0.904687 0.558333 0.909375 0.552083 0.900000 0.541667 0.895312 0.518750 0.887500 0.510417
13 0.714063 0.510417 0.718750 0.575000 0.728125 0.568750 0.760938 0.581250 0.765625 0.589583 0.781250 0.589583 0.789062 0.579167 0.790625 0.554167 0.801562 0.554167 0.790625 0.543750 0.790625 0.535417 0.775000 0.508333 0.717187 0.504167
18 0.670312 0.502083 0.665625 0.504167 0.664062 0.516667 0.657813 0.527083 0.653125 0.520833 0.646875 0.518750 0.632812 0.520833 0.629687 0.531250 0.629687 0.541667 0.632812 0.547917 0.643750 0.550000 0.648438 0.543750 0.659375 0.541667 0.662500 0.550000 0.670312 0.554167 0.673438 0.552083 0.676562 0.514583 0.668750 0.508333
18 0.692187 0.500000 0.687500 0.516667 0.685937 0.550000 0.704688 0.550000 0.709375 0.547917 0.709375 0.518750 0.698438 0.502083