0 0.000000 0.535417 0.000000 0.997917 0.998437 0.997917 0.998437 0.681250 0.854688 0.622917 0.895312 0.562500
1 0.854688 0.614583 0.865625 0.627083 0.998437 0.679167 0.998437 0.666667 0.995313 0.670833 0.990625 0.656250 0.976562 0.650000 0.965625 0.627083 0.945312 0.629167 0.921875 0.643750 0.910937 0.639583 0.895312 0.608333 0.875000 0.606250
1 0.000000 0.466667 0.000000 0.533333 0.809375 0.550000
2 0.923438 0.537500 0.948438 0.539583 0.951562 0.533333 0.957812 0.533333 0.956250 0.531250 0.962500 0.527083 0.962500 0.520833 0.925000 0.518750 0.929688 0.529167 0.925000 0.533333
2 0.845313 0.504167 0.845313 0.533333 0.846875 0.537500 0.848437 0.537500 0.850000 0.527083 0.856250 0.522917 0.862500 0.535417 0.859375 0.547917 0.867188 0.547917 0.871875 0.525000 0.871875 0.514583 0.868750 0.514583 0.864062 0.508333 0.857812 0.508333 0.854688 0.512500 0.846875 0.508333
2 0.817187 0.489583 0.817187 0.497917 0.815625 0.500000 0.815625 0.525000 0.823438 0.529167 0.831250 0.527083 0.832812 0.525000 0.832812 0.516667 0.834375 0.514583 0.834375 0.497917 0.821875 0.489583
2 0.465625 0.333333 0.478125 0.400000 0.496875 0.385417 0.507812 0.414583 0.610938 0.425000 0.671875 0.506250 0.735938 0.514583 0.742188 0.441667 0.768750 0.502083 0.809375 0.506250 0.787500 0.470833 0.804688 0.387500 0.670312 0.247917 0.612500 0.252083 0.526563 0.302083 0.521875 0.345833
2 0.000000 0.000000 0.001563 0.466667 0.417187 0.506250 0.423438 0.375000 0.443750 0.402083 0.457813 0.350000 0.426563 0.337500 0.450000 0.000000
8 0.998437 0.472917 0.996875 0.477083 0.993750 0.477083 0.992188 0.485417 0.984375 0.489583 0.979688 0.502083 0.975000 0.504167 0.964063 0.520833 0.964063 0.527083 0.970313 0.529167 0.976562 0.543750 0.981250 0.547917 0.998437 0.545833
8 0.745313 0.472917 0.745313 0.495833 0.740625 0.539583 0.759375 0.539583 0.759375 0.525000 0.764062 0.491667 0.759375 0.485417 0.759375 0.477083 0.756250 0.479167 0.754687 0.472917
8 0.507812 0.416667 0.501563 0.495833 0.535937 0.506250 0.540625 0.481250 0.540625 0.508333 0.579688 0.529167 0.737500 0.539583 0.739062 0.497917 0.735938 0.516667 0.728125 0.504167 0.709375 0.516667 0.671875 0.508333 0.642188 0.481250 0.651563 0.462500 0.640625 0.466667 0.637500 0.447917 0.610938 0.427083 0.565625 0.433333 0.537500 0.406250
8 0.814063 0.383333 0.789062 0.468750 0.812500 0.483333 0.810937 0.506250 0.765625 0.500000 0.764062 0.539583 0.840625 0.552083 0.850000 0.543750 0.845313 0.502083 0.873437 0.514583 0.871875 0.554167 0.882812 0.516667 0.890625 0.550000 0.898438 0.531250 0.910937 0.547917 0.921875 0.539583 0.912500 0.481250 0.901563 0.485417 0.885938 0.445833 0.867188 0.441667 0.850000 0.400000
8 0.462500 0.352083 0.445312 0.358333 0.443750 0.404167 0.435937 0.402083 0.431250 0.372917 0.425000 0.375000 0.418750 0.506250 0.431250 0.516667 0.453125 0.516667 0.470313 0.487500 0.498437 0.491667 0.504687 0.414583 0.498437 0.406250 0.504687 0.400000 0.492188 0.387500 0.478125 0.402083 0.470313 0.391667 0.471875 0.364583
8 0.570312 0.256250 0.567187 0.256250 0.565625 0.258333 0.565625 0.262500 0.564063 0.264583 0.564063 0.277083 0.560937 0.281250 0.560937 0.285417 0.559375 0.287500 0.567187 0.287500 0.568750 0.285417 0.575000 0.285417 0.576562 0.281250 0.576562 0.275000 0.578125 0.272917 0.576562 0.270833 0.576562 0.264583 0.575000 0.264583 0.570312 0.258333
8 0.668750 0.204167 0.643750 0.197917 0.629687 0.218750 0.612500 0.218750 0.607812 0.239583 0.606250 0.222917 0.601562 0.218750 0.592187 0.233333 0.584375 0.272917 0.609375 0.266667 0.612500 0.250000 0.670312 0.245833 0.668750 0.227083 0.673438 0.216667
9 0.760938 0.554167 0.771875 0.560417 0.848437 0.566667 0.873437 0.564583 0.875000 0.558333 0.882812 0.558333 0.881250 0.552083 0.875000 0.556250 0.864062 0.552083 0.867188 0.558333 0.820312 0.552083
9 0.540625 0.510417 0.540625 0.522917 0.543750 0.522917 0.550000 0.527083 0.578125 0.529167 0.576562 0.527083 0.573438 0.527083 0.568750 0.520833 0.554688 0.516667 0.551562 0.512500
9 0.446875 0.518750 0.471875 0.522917 0.496875 0.522917 0.498437 0.525000 0.507812 0.522917 0.501563 0.518750 0.498437 0.520833 0.495312 0.516667 0.478125 0.508333 0.473438 0.508333 0.471875 0.504167 0.464062 0.504167 0.453125 0.518750
9 0.501563 0.497917 0.500000 0.506250 0.510938 0.510417 0.520312 0.516667 0.528125 0.516667 0.535937 0.520833 0.535937 0.508333 0.528125 0.508333 0.526563 0.504167 0.517188 0.504167 0.506250 0.497917
10 0.451562 0.000000 0.428125 0.337500 0.521875 0.343750 0.596875 0.220833 0.657813 0.195833 0.804688 0.404167 0.875000 0.385417 0.853125 0.416667 0.921875 0.516667 0.996875 0.475000 0.998437 0.000000
11 0.898438 0.533333 0.896875 0.535417 0.898438 0.537500 0.896875 0.541667 0.896875 0.570833 0.906250 0.570833 0.907813 0.568750 0.907813 0.556250 0.909375 0.554167 0.909375 0.547917 0.907813 0.545833 0.907813 0.537500 0.906250 0.537500 0.903125 0.533333
12 0.964063 0.529167 0.957812 0.531250 0.957812 0.535417 0.951562 0.535417 0.937500 0.554167 0.942187 0.585417 0.948438 0.600000 0.945312 0.610417 0.954688 0.620833 0.957812 0.620833 0.957812 0.604167 0.971875 0.587500 0.975000 0.568750 0.981250 0.566667 0.979688 0.547917 0.970313 0.531250
13 0.981250 0.552083 0.981250 0.558333 0.982812 0.560417 0.981250 0.570833 0.982812 0.575000 0.985938 0.575000 0.989062 0.570833 0.998437 0.577083 0.996875 0.583333 0.996875 0.595833 0.998437 0.595833 0.998437 0.554167 0.982812 0.554167
13 0.914062 0.543750 0.909375 0.556250 0.909375 0.570833 0.914062 0.570833 0.915625 0.575000 0.934375 0.572917 0.937500 0.577083 0.940625 0.577083 0.935937 0.570833 0.935937 0.554167 0.942187 0.547917 0.943750 0.541667 0.923438 0.539583
18 0.996875 0.577083 0.982812 0.577083 0.976562 0.568750 0.973437 0.587500 0.959375 0.604167 0.957812 0.622917 0.943750 0.610417 0.946875 0.600000 0.940625 0.579167 0.912500 0.577083 0.914062 0.585417 0.904687 0.591667 0.900000 0.608333 0.901563 0.622917 0.921875 0.641667 0.959375 0.622917 0.976562 0.647917 0.998437 0.654167