0 0.000000 0.447917 0.000000 0.997917 0.998437 0.997917 0.998437 0.650000 0.610938 0.508333
1 0.925000 0.622917 0.929688 0.622917 0.931250 0.627083 0.942187 0.627083 0.960938 0.633333 0.965625 0.637500 0.973437 0.637500 0.975000 0.641667 0.990625 0.645833 0.989062 0.635417 0.981250 0.633333 0.976562 0.625000 0.956250 0.625000 0.948438 0.620833 0.928125 0.618750
1 0.842187 0.566667 0.843750 0.581250 0.839063 0.600000 0.850000 0.602083 0.851562 0.606250 0.895312 0.616667 0.895312 0.608333 0.885938 0.608333 0.879687 0.600000 0.881250 0.583333 0.859375 0.581250 0.850000 0.568750
1 0.682813 0.554167 0.681250 0.525000 0.678125 0.527083 0.671875 0.520833 0.667188 0.527083 0.664062 0.520833 0.667188 0.527083 0.664062 0.535417 0.660937 0.533333 0.659375 0.525000 0.659375 0.533333 0.654687 0.541667 0.646875 0.537500 0.642188 0.539583 0.635938 0.531250 0.629687 0.531250 0.628125 0.535417 0.634375 0.543750
1 0.000000 0.420833 0.007812 0.447917 0.620313 0.502083
2 0.998437 0.195833 0.920312 0.200000 0.871875 0.306250 0.864062 0.393750 0.815625 0.400000 0.784375 0.489583 0.832812 0.497917 0.848437 0.531250 0.843750 0.564583 0.881250 0.581250 0.892188 0.539583 0.881250 0.525000 0.906250 0.497917 0.998437 0.497917
2 0.000000 0.000000 0.000000 0.418750 0.331250 0.460417 0.350000 0.325000 0.548438 0.477083 0.568750 0.433333 0.570312 0.475000 0.650000 0.487500 0.607812 0.443750 0.634375 0.375000 0.473438 0.239583 0.407813 0.320833 0.343750 0.320833 0.356250 0.091667 0.267188 0.000000
5 0.665625 0.393750 0.659375 0.393750 0.653125 0.506250 0.648438 0.525000 0.648438 0.537500 0.653125 0.539583 0.660937 0.516667 0.657813 0.462500 0.662500 0.445833
7 0.929688 0.441667 0.926562 0.445833 0.925000 0.452083 0.928125 0.458333 0.925000 0.462500 0.925000 0.485417 0.926562 0.487500 0.939063 0.487500 0.939063 0.470833 0.942187 0.468750 0.942187 0.464583 0.939063 0.462500 0.939063 0.458333 0.942187 0.456250 0.942187 0.445833 0.939063 0.441667
8 0.587500 0.456250 0.584375 0.495833 0.617188 0.497917 0.614062 0.489583 0.623437 0.487500 0.628125 0.500000 0.635938 0.500000 0.637500 0.491667 0.645312 0.491667 0.650000 0.510417 0.651563 0.485417 0.648438 0.489583 0.642188 0.472917 0.617188 0.475000 0.600000 0.468750 0.595313 0.452083
8 0.667188 0.400000 0.659375 0.487500 0.662500 0.475000 0.671875 0.472917 0.689063 0.481250 0.689063 0.489583 0.671875 0.493750 0.670312 0.506250 0.679688 0.520833 0.696875 0.493750 0.692187 0.483333 0.700000 0.483333 0.701562 0.491667 0.734375 0.493750 0.732812 0.472917 0.726562 0.472917 0.720313 0.456250 0.710938 0.462500 0.696875 0.427083 0.678125 0.420833
8 0.626563 0.387500 0.623437 0.404167 0.617188 0.408333 0.614062 0.418750 0.617188 0.425000 0.609375 0.425000 0.609375 0.443750 0.620313 0.454167 0.631250 0.454167 0.653125 0.464583 0.657813 0.418750 0.656250 0.393750 0.646875 0.393750 0.648438 0.408333 0.639062 0.414583 0.637500 0.393750
8 0.345313 0.333333 0.335938 0.464583 0.387500 0.462500 0.395313 0.389583 0.392188 0.460417 0.417187 0.475000 0.418750 0.452083 0.420312 0.477083 0.460938 0.481250 0.467187 0.420833 0.464062 0.483333 0.562500 0.491667 0.564063 0.468750 0.510938 0.479167 0.473438 0.412500 0.398438 0.391667 0.381250 0.360417 0.367188 0.375000
8 0.776563 0.287500 0.760938 0.289583 0.760938 0.322917 0.742188 0.343750 0.737500 0.368750 0.753125 0.381250 0.726562 0.435417 0.726562 0.454167 0.735938 0.458333 0.742188 0.429167 0.748437 0.483333 0.740625 0.500000 0.759375 0.539583 0.803125 0.427083 0.779687 0.381250 0.798438 0.350000 0.795312 0.302083 0.776563 0.310417
8 0.521875 0.243750 0.517188 0.237500 0.514062 0.239583 0.512500 0.235417 0.501563 0.231250 0.495312 0.235417 0.493750 0.241667 0.479687 0.239583 0.475000 0.260417 0.476562 0.266667 0.509375 0.268750 0.512500 0.264583 0.520312 0.266667
10 0.268750 0.000000 0.357812 0.091667 0.343750 0.318750 0.504687 0.229167 0.726562 0.470833 0.753125 0.275000 0.723437 0.262500 0.757812 0.266667 0.753125 0.329167 0.796875 0.302083 0.803125 0.422917 0.862500 0.393750 0.920312 0.197917 0.998437 0.193750 0.998437 0.000000
13 0.882812 0.525000 0.893750 0.539583 0.881250 0.600000 0.895312 0.606250 0.898438 0.622917 0.912500 0.627083 0.926562 0.616667 0.976562 0.622917 0.998437 0.647917 0.998437 0.500000 0.921875 0.493750
13 0.781250 0.495833 0.765625 0.537500 0.765625 0.585417 0.775000 0.585417 0.776563 0.579167 0.817187 0.585417 0.826562 0.600000 0.837500 0.600000 0.842187 0.581250 0.842187 0.539583 0.846875 0.533333 0.837500 0.522917 0.837500 0.508333 0.825000 0.497917
13 0.695312 0.495833 0.682813 0.520833 0.685937 0.556250 0.689063 0.558333 0.698438 0.550000 0.709375 0.558333 0.723437 0.558333 0.734375 0.570833 0.751563 0.562500 0.754687 0.533333 0.746875 0.508333 0.737500 0.495833
18 0.615625 0.489583 0.615625 0.495833 0.621875 0.502083 0.618750 0.508333 0.612500 0.508333 0.609375 0.527083 0.612500 0.533333 0.621875 0.535417 0.626563 0.529167 0.635938 0.529167 0.645312 0.537500 0.648438 0.522917 0.646875 0.495833 0.637500 0.493750 0.639062 0.506250 0.632812 0.512500 0.628125 0.506250 0.623437 0.489583