0 0.843750 0.556250 0.846875 0.570833 0.854688 0.570833 0.856250 0.575000 0.860938 0.575000 0.862500 0.579167 0.868750 0.581250 0.873437 0.589583 0.879687 0.591667 0.882812 0.595833 0.885938 0.575000 0.875000 0.572917 0.867188 0.564583 0.865625 0.566667 0.864062 0.562500 0.850000 0.554167
0 0.000000 0.464583 0.000000 0.997917 0.998437 0.997917 0.996875 0.677083 0.651563 0.562500 0.668750 0.531250
1 0.771875 0.597917 0.898438 0.652083 0.998437 0.677083 0.996875 0.625000 0.993750 0.662500 0.984375 0.670833 0.959375 0.645833 0.884375 0.641667 0.884375 0.612500 0.843750 0.602083 0.831250 0.616667 0.793750 0.593750
1 0.648438 0.554167 0.651563 0.560417 0.681250 0.572917 0.762500 0.595833 0.762500 0.572917 0.743750 0.562500 0.721875 0.577083 0.703125 0.570833 0.696875 0.556250 0.670312 0.566667 0.662500 0.554167
1 0.000000 0.427083 0.006250 0.464583 0.681250 0.527083
2 0.807813 0.475000 0.803125 0.475000 0.800000 0.479167 0.803125 0.483333 0.800000 0.487500 0.803125 0.489583 0.800000 0.491667 0.800000 0.500000 0.793750 0.504167 0.790625 0.502083 0.779687 0.502083 0.784375 0.508333 0.784375 0.514583 0.801562 0.516667 0.803125 0.489583 0.806250 0.485417
2 0.998437 0.239583 0.956250 0.306250 0.948438 0.408333 0.881250 0.414583 0.879687 0.464583 0.831250 0.518750 0.862500 0.550000 0.868750 0.520833 0.870313 0.556250 0.896875 0.547917 0.896875 0.472917 0.934375 0.439583 0.939063 0.522917 0.987500 0.541667 0.998437 0.614583
2 0.000000 0.000000 0.000000 0.425000 0.345313 0.475000 0.379688 0.335417 0.557813 0.483333 0.625000 0.454167 0.715625 0.518750 0.646875 0.458333 0.673438 0.387500 0.553125 0.270833 0.364063 0.331250 0.376563 0.062500 0.318750 0.000000
4 0.493750 0.495833 0.512500 0.502083 0.545312 0.502083 0.548438 0.489583 0.556250 0.483333 0.554688 0.479167 0.534375 0.475000 0.525000 0.468750 0.498437 0.468750 0.493750 0.483333
5 0.734375 0.393750 0.728125 0.397917 0.714063 0.570833 0.721875 0.575000 0.726562 0.568750 0.735938 0.439583 0.732812 0.429167 0.739062 0.395833
5 0.793750 0.250000 0.828125 0.260417 0.809375 0.518750 0.832812 0.254167
7 0.779687 0.441667 0.779687 0.443750 0.776563 0.445833 0.776563 0.450000 0.779687 0.456250 0.776563 0.458333 0.776563 0.464583 0.773438 0.466667 0.773438 0.479167 0.782813 0.479167 0.784375 0.481250 0.785937 0.477083 0.785937 0.468750 0.787500 0.466667 0.787500 0.458333 0.785937 0.456250 0.789062 0.450000 0.789062 0.445833 0.787500 0.441667
8 0.623437 0.472917 0.618750 0.466667 0.615625 0.470833 0.610938 0.497917 0.607812 0.489583 0.603125 0.491667 0.603125 0.483333 0.592187 0.479167 0.585938 0.493750 0.553125 0.487500 0.545312 0.506250 0.600000 0.510417 0.603125 0.495833 0.604688 0.510417 0.618750 0.512500
8 0.626563 0.472917 0.625000 0.514583 0.660937 0.516667 0.665625 0.500000 0.665625 0.518750 0.673438 0.518750 0.675000 0.506250 0.679688 0.516667 0.700000 0.522917 0.700000 0.516667 0.706250 0.514583 0.695312 0.504167 0.689063 0.508333 0.682813 0.489583 0.665625 0.493750 0.664062 0.489583 0.659375 0.500000 0.653125 0.489583 0.637500 0.485417 0.632812 0.464583
8 0.934375 0.441667 0.925000 0.450000 0.920312 0.447917 0.915625 0.466667 0.904687 0.460417 0.898438 0.472917 0.901563 0.479167 0.901563 0.516667 0.896875 0.520833 0.898438 0.525000 0.903125 0.527083 0.909375 0.518750 0.937500 0.522917 0.939063 0.472917 0.932813 0.456250
8 0.734375 0.441667 0.731250 0.522917 0.740625 0.527083 0.746875 0.522917 0.751563 0.531250 0.748437 0.547917 0.750000 0.554167 0.754687 0.554167 0.754687 0.533333 0.771875 0.516667 0.775000 0.497917 0.771875 0.487500 0.762500 0.483333 0.760938 0.472917 0.751563 0.470833 0.750000 0.452083 0.746875 0.456250
8 0.814063 0.412500 0.807813 0.420833 0.806250 0.429167 0.801562 0.433333 0.800000 0.441667 0.796875 0.445833 0.790625 0.447917 0.792188 0.460417 0.789062 0.468750 0.798438 0.475000 0.807813 0.472917 0.810937 0.454167 0.810937 0.425000 0.814063 0.420833
8 0.660937 0.404167 0.654687 0.433333 0.648438 0.433333 0.648438 0.458333 0.693750 0.479167 0.695312 0.493750 0.696875 0.485417 0.718750 0.491667 0.723437 0.441667 0.717187 0.433333 0.717187 0.420833 0.706250 0.420833 0.698438 0.402083 0.690625 0.402083 0.687500 0.410417 0.681250 0.395833
8 0.365625 0.343750 0.346875 0.475000 0.407813 0.470833 0.412500 0.397917 0.421875 0.400000 0.414062 0.472917 0.490625 0.483333 0.496875 0.429167 0.495312 0.472917 0.540625 0.472917 0.520312 0.435417 0.467187 0.420833 0.439063 0.393750 0.425000 0.404167 0.418750 0.379167 0.385937 0.377083 0.379688 0.337500
8 0.867188 0.270833 0.843750 0.275000 0.850000 0.314583 0.826562 0.333333 0.814063 0.520833 0.834375 0.518750 0.839063 0.497917 0.856250 0.495833 0.879687 0.460417 0.884375 0.437500 0.868750 0.435417 0.879687 0.414583 0.868750 0.389583 0.895312 0.335417 0.884375 0.314583 0.890625 0.289583 0.857812 0.306250
8 0.556250 0.243750 0.553125 0.235417 0.548438 0.239583 0.545312 0.231250 0.535937 0.227083 0.525000 0.241667 0.510938 0.239583 0.507812 0.250000 0.501563 0.237500 0.495312 0.241667 0.490625 0.277083 0.482812 0.281250 0.475000 0.266667 0.470313 0.270833 0.470313 0.289583 0.479687 0.289583 0.481250 0.283333 0.492188 0.279167 0.506250 0.281250 0.507812 0.268750 0.554688 0.270833
9 0.845313 0.570833 0.843750 0.600000 0.856250 0.602083 0.859375 0.606250 0.875000 0.610417 0.884375 0.610417 0.882812 0.597917 0.879687 0.593750 0.873437 0.591667 0.868750 0.583333 0.862500 0.581250 0.860938 0.577083 0.856250 0.577083 0.854688 0.572917 0.846875 0.572917
9 0.370312 0.483333 0.382812 0.487500 0.407813 0.487500 0.404687 0.483333 0.398438 0.483333 0.396875 0.479167 0.390625 0.479167 0.387500 0.475000 0.393750 0.472917 0.407813 0.477083 0.409375 0.470833 0.403125 0.472917 0.393750 0.466667 0.389062 0.466667 0.379688 0.479167
10 0.789062 0.452083 0.787500 0.456250 0.789062 0.458333 0.787500 0.477083 0.784375 0.483333 0.781250 0.481250 0.779687 0.500000 0.793750 0.502083 0.798438 0.500000 0.798438 0.491667 0.801562 0.489583 0.798438 0.487500 0.801562 0.485417 0.798438 0.479167 0.801562 0.477083 0.798438 0.477083 0.787500 0.468750 0.790625 0.460417
10 0.320312 0.000000 0.378125 0.062500 0.364063 0.329167 0.535937 0.225000 0.723437 0.439583 0.739062 0.393750 0.773438 0.495833 0.826562 0.285417 0.793750 0.247917 0.834375 0.254167 0.826562 0.331250 0.846875 0.270833 0.892188 0.289583 0.873437 0.410417 0.945312 0.410417 0.998437 0.237500 0.998437 0.000000
13 0.870313 0.558333 0.871875 0.568750 0.887500 0.575000 0.884375 0.639583 0.959375 0.643750 0.971875 0.662500 0.990625 0.666667 0.996875 0.616667 0.993750 0.572917 0.978125 0.531250 0.909375 0.520833 0.896875 0.550000
13 0.757812 0.529167 0.759375 0.547917 0.764062 0.552083 0.764062 0.595833 0.770312 0.597917 0.776563 0.589583 0.793750 0.591667 0.831250 0.614583 0.842187 0.602083 0.842187 0.556250 0.846875 0.550000 0.834375 0.537500 0.831250 0.522917 0.784375 0.516667 0.775000 0.525000 0.765625 0.520833
18 0.729688 0.520833 0.729688 0.545833 0.726562 0.547917 0.726562 0.554167 0.728125 0.556250 0.728125 0.562500 0.726562 0.564583 0.728125 0.566667 0.731250 0.564583 0.739062 0.564583 0.743750 0.560417 0.746875 0.560417 0.748437 0.556250 0.746875 0.541667 0.742188 0.535417 0.742188 0.529167 0.740625 0.529167 0.739062 0.525000 0.731250 0.525000
18 0.715625 0.520833 0.704688 0.514583 0.701562 0.516667 0.703125 0.525000 0.693750 0.539583 0.685937 0.529167 0.685937 0.520833 0.679688 0.518750 0.682813 0.520833 0.682813 0.527083 0.670312 0.531250 0.664062 0.543750 0.665625 0.558333 0.670312 0.564583 0.678125 0.564583 0.685937 0.556250 0.696875 0.554167 0.703125 0.568750 0.712500 0.568750