0 0.998437 0.654167 0.920312 0.614583 0.978125 0.564583 0.884375 0.531250 0.000000 0.618750 0.000000 0.997917 0.998437 0.997917
1 0.998437 0.652083 0.998437 0.608333 0.990625 0.608333 0.976562 0.591667 0.943750 0.595833 0.921875 0.608333 0.923438 0.620833 0.931250 0.629167
1 0.743750 0.529167 0.745313 0.535417 0.748437 0.533333 0.787500 0.531250 0.787500 0.522917 0.765625 0.520833 0.765625 0.522917 0.762500 0.525000 0.760938 0.520833 0.745313 0.520833 0.745313 0.527083
1 0.000000 0.616667 0.770312 0.545833 0.739062 0.520833 0.000000 0.508333
1 0.432812 0.497917 0.434375 0.506250 0.442188 0.506250 0.460938 0.516667 0.470313 0.516667 0.470313 0.508333 0.468750 0.504167 0.460938 0.504167 0.459375 0.502083 0.453125 0.502083 0.446875 0.497917 0.439063 0.497917 0.437500 0.493750
2 0.998437 0.522917 0.998437 0.508333 0.957812 0.510417 0.956250 0.514583 0.951562 0.514583 0.950000 0.510417 0.943750 0.510417 0.945312 0.516667 0.950000 0.518750 0.982812 0.518750 0.984375 0.522917
2 0.889062 0.502083 0.890625 0.506250 0.900000 0.508333 0.903125 0.512500 0.904687 0.508333 0.909375 0.506250 0.920312 0.506250 0.920312 0.500000 0.926562 0.493750 0.932813 0.491667 0.932813 0.489583 0.890625 0.487500 0.889062 0.485417
2 0.396875 0.329167 0.392188 0.343750 0.387500 0.343750 0.385937 0.366667 0.396875 0.360417 0.401562 0.368750 0.404687 0.391667 0.407813 0.397917 0.412500 0.397917 0.412500 0.385417 0.407813 0.372917 0.415625 0.354167 0.414062 0.358333 0.410938 0.345833 0.420312 0.345833 0.426563 0.331250 0.418750 0.341667 0.412500 0.327083
2 0.432812 0.327083 0.440625 0.418750 0.460938 0.372917 0.546875 0.418750 0.600000 0.402083 0.692187 0.497917 0.725000 0.491667 0.746875 0.433333 0.757812 0.481250 0.771875 0.452083 0.768750 0.483333 0.825000 0.508333 0.825000 0.470833 0.785937 0.450000 0.785937 0.360417 0.657813 0.206250 0.592187 0.212500 0.495312 0.285417 0.493750 0.333333
2 0.000000 0.000000 0.000000 0.506250 0.371875 0.516667 0.392188 0.000000
8 0.748437 0.458333 0.748437 0.470833 0.745313 0.475000 0.745313 0.518750 0.760938 0.518750 0.762500 0.512500 0.762500 0.487500 0.764062 0.485417 0.757812 0.483333 0.751563 0.475000 0.751563 0.464583
8 0.998437 0.420833 0.984375 0.422917 0.976562 0.441667 0.954688 0.458333 0.946875 0.475000 0.939063 0.477083 0.932813 0.493750 0.921875 0.500000 0.921875 0.508333 0.956250 0.512500 0.957812 0.508333 0.998437 0.506250
8 0.482812 0.397917 0.484375 0.495833 0.520312 0.506250 0.525000 0.475000 0.526563 0.506250 0.559375 0.516667 0.562500 0.477083 0.562500 0.516667 0.590625 0.525000 0.596875 0.427083 0.595313 0.527083 0.740625 0.516667 0.742188 0.452083 0.725000 0.493750 0.662500 0.495833 0.656250 0.460417 0.639062 0.460417 0.651563 0.445833 0.631250 0.447917 0.637500 0.429167 0.600000 0.404167 0.546875 0.420833 0.515625 0.387500
8 0.810937 0.352083 0.807813 0.391667 0.796875 0.385417 0.784375 0.418750 0.787500 0.450000 0.812500 0.464583 0.810937 0.495833 0.812500 0.466667 0.826562 0.470833 0.826562 0.508333 0.800000 0.504167 0.789062 0.479167 0.768750 0.485417 0.765625 0.518750 0.787500 0.520833 0.790625 0.506250 0.792188 0.520833 0.842187 0.529167 0.848437 0.485417 0.857812 0.525000 0.871875 0.531250 0.881250 0.502083 0.887500 0.527083 0.885938 0.452083 0.832812 0.358333
8 0.426563 0.335417 0.412500 0.345833 0.414062 0.397917 0.403125 0.391667 0.396875 0.362500 0.385937 0.368750 0.382812 0.412500 0.371875 0.429167 0.370312 0.508333 0.398438 0.533333 0.418750 0.529167 0.439063 0.481250 0.473438 0.487500 0.478125 0.395833 0.460938 0.375000 0.453125 0.414583 0.440625 0.420833 0.439063 0.406250 0.450000 0.397917 0.439063 0.381250 0.442188 0.356250
8 0.545312 0.227083 0.542188 0.227083 0.539062 0.231250 0.539062 0.252083 0.535937 0.256250 0.534375 0.262500 0.543750 0.260417 0.545312 0.258333 0.551562 0.258333 0.551562 0.254167 0.553125 0.252083 0.553125 0.243750 0.551562 0.241667 0.551562 0.237500 0.548438 0.235417
8 0.654687 0.156250 0.646875 0.162500 0.642188 0.154167 0.626563 0.152083 0.620313 0.158333 0.621875 0.175000 0.592187 0.181250 0.587500 0.202083 0.584375 0.181250 0.573438 0.185417 0.562500 0.241667 0.590625 0.235417 0.592187 0.210417 0.656250 0.204167 0.654687 0.185417 0.660937 0.175000 0.653125 0.166667
9 0.867188 0.531250 0.850000 0.525000 0.857812 0.531250 0.795312 0.531250 0.790625 0.537500 0.770312 0.533333 0.743750 0.539583 0.784375 0.545833 0.853125 0.543750 0.859375 0.539583 0.857812 0.531250
9 0.525000 0.510417 0.525000 0.522917 0.534375 0.527083 0.601562 0.529167 0.585938 0.527083 0.571875 0.518750 0.562500 0.518750 0.560937 0.522917 0.557813 0.516667 0.535937 0.508333
9 0.412500 0.531250 0.489063 0.529167 0.484375 0.529167 0.478125 0.522917 0.473438 0.525000 0.470313 0.518750 0.460938 0.518750 0.442188 0.508333 0.431250 0.508333 0.418750 0.531250
9 0.476562 0.497917 0.476562 0.506250 0.489063 0.510417 0.498437 0.516667 0.506250 0.516667 0.518750 0.522917 0.518750 0.512500 0.520312 0.510417 0.518750 0.504167 0.507812 0.504167 0.495312 0.497917 0.484375 0.497917 0.482812 0.493750 0.478125 0.493750
9 0.435937 0.487500 0.435937 0.491667 0.437500 0.491667 0.439063 0.495833 0.446875 0.495833 0.453125 0.500000 0.468750 0.502083 0.470313 0.506250 0.471875 0.502083 0.471875 0.493750 0.470313 0.489583 0.459375 0.489583 0.457813 0.487500 0.451562 0.487500 0.450000 0.485417 0.443750 0.485417 0.442188 0.483333 0.439063 0.483333
10 0.393750 0.000000 0.381250 0.377083 0.401562 0.325000 0.493750 0.331250 0.629687 0.147917 0.789062 0.391667 0.865625 0.354167 0.842187 0.381250 0.890625 0.485417 0.998437 0.418750 0.998437 0.000000
11 0.890625 0.508333 0.890625 0.512500 0.892188 0.512500 0.893750 0.516667 0.889062 0.520833 0.889062 0.527083 0.885938 0.529167 0.885938 0.533333 0.889062 0.535417 0.889062 0.543750 0.890625 0.545833 0.900000 0.545833 0.900000 0.520833 0.903125 0.518750 0.900000 0.516667 0.900000 0.510417 0.893750 0.510417
13 0.901563 0.514583 0.904687 0.518750 0.901563 0.520833 0.901563 0.545833 0.909375 0.539583 0.925000 0.539583 0.932813 0.550000 0.946875 0.543750 0.951562 0.554167 0.973437 0.562500 0.979688 0.560417 0.982812 0.547917 0.998437 0.552083 0.998437 0.525000 0.950000 0.520833 0.942187 0.510417 0.909375 0.508333
18 0.982812 0.550000 0.979688 0.566667 0.976562 0.572917 0.976562 0.587500 0.990625 0.606250 0.998437 0.606250 0.998437 0.554167