0 0.998437 0.510417 0.854688 0.477083 0.000000 0.718750 0.000000 0.997917 0.998437 0.997917
1 0.995313 0.535417 0.990625 0.539583 0.987500 0.539583 0.985938 0.543750 0.982812 0.543750 0.979688 0.550000 0.976562 0.552083 0.978125 0.554167 0.978125 0.564583 0.982812 0.572917 0.985938 0.572917 0.993750 0.579167 0.998437 0.579167 0.998437 0.535417
1 0.398438 0.487500 0.396875 0.493750 0.398438 0.500000 0.412500 0.502083 0.414062 0.506250 0.421875 0.506250 0.445312 0.514583 0.445312 0.497917 0.431250 0.497917 0.429688 0.493750 0.418750 0.493750 0.417187 0.489583
1 0.825000 0.497917 0.000000 0.556250 0.000000 0.716667
2 0.998437 0.433333 0.990625 0.437500 0.964063 0.437500 0.959375 0.443750 0.932813 0.445833 0.929688 0.450000 0.934375 0.462500 0.939063 0.460417 0.939063 0.456250 0.943750 0.452083 0.964063 0.450000 0.965625 0.454167 0.971875 0.456250 0.996875 0.454167
2 0.898438 0.429167 0.884375 0.429167 0.881250 0.427083 0.876563 0.431250 0.862500 0.431250 0.862500 0.445833 0.873437 0.447917 0.876563 0.452083 0.881250 0.447917 0.884375 0.447917 0.889062 0.452083 0.887500 0.447917 0.889062 0.437500 0.893750 0.431250
2 0.807813 0.422917 0.804688 0.427083 0.806250 0.456250 0.812500 0.458333 0.815625 0.456250 0.820312 0.472917 0.826562 0.470833 0.831250 0.475000 0.834375 0.472917 0.834375 0.464583 0.831250 0.462500 0.834375 0.460417 0.831250 0.458333 0.835938 0.441667 0.834375 0.437500 0.826562 0.431250 0.821875 0.437500 0.818750 0.431250 0.815625 0.431250 0.814063 0.427083 0.809375 0.427083
2 0.993750 0.333333 0.978125 0.337500 0.975000 0.350000 0.971875 0.352083 0.973437 0.356250 0.973437 0.366667 0.971875 0.368750 0.970313 0.383333 0.975000 0.383333 0.976562 0.381250 0.976562 0.370833 0.981250 0.366667 0.985938 0.356250 0.984375 0.347917 0.987500 0.339583
2 0.362500 0.320833 0.360938 0.333333 0.353125 0.337500 0.353125 0.360417 0.364063 0.352083 0.368750 0.360417 0.370312 0.377083 0.378125 0.389583 0.381250 0.387500 0.381250 0.381250 0.373437 0.364583 0.373437 0.358333 0.381250 0.350000 0.381250 0.339583 0.387500 0.329167 0.381250 0.325000 0.379688 0.316667
2 0.401562 0.310417 0.409375 0.368750 0.446875 0.381250 0.459375 0.345833 0.453125 0.383333 0.490625 0.358333 0.528125 0.391667 0.592187 0.347917 0.659375 0.458333 0.707812 0.452083 0.725000 0.402083 0.737500 0.427083 0.742188 0.379167 0.742188 0.433333 0.768750 0.404167 0.764062 0.435417 0.801562 0.447917 0.764062 0.312500 0.635938 0.150000 0.565625 0.168750 0.465625 0.256250 0.464062 0.314583
2 0.000000 0.000000 0.000000 0.554167 0.323437 0.525000 0.318750 0.414583 0.348438 0.395833 0.323437 0.377083 0.321875 0.000000
5 0.451562 0.362500 0.448437 0.362500 0.448437 0.518750 0.451562 0.500000
8 0.742188 0.435417 0.742188 0.479167 0.756250 0.477083 0.756250 0.470833 0.757812 0.468750 0.757812 0.441667 0.748437 0.439583
8 0.453125 0.385417 0.451562 0.481250 0.501563 0.489583 0.506250 0.456250 0.507812 0.491667 0.545312 0.495833 0.551562 0.452083 0.553125 0.497917 0.579688 0.502083 0.581250 0.383333 0.584375 0.502083 0.737500 0.479167 0.728125 0.404167 0.707812 0.454167 0.659375 0.460417 0.631250 0.429167 0.643750 0.410417 0.618750 0.412500 0.623437 0.368750 0.590625 0.381250 0.592187 0.350000 0.528125 0.393750 0.490625 0.360417
8 0.998437 0.322917 0.975000 0.385417 0.968750 0.383333 0.971875 0.356250 0.959375 0.358333 0.956250 0.370833 0.907813 0.414583 0.889062 0.447917 0.998437 0.431250
8 0.395313 0.320833 0.375000 0.358333 0.381250 0.389583 0.362500 0.354167 0.346875 0.377083 0.350000 0.400000 0.320312 0.414583 0.325000 0.525000 0.353125 0.545833 0.387500 0.527083 0.398438 0.477083 0.446875 0.477083 0.446875 0.383333 0.432812 0.358333 0.423438 0.375000 0.409375 0.370833 0.412500 0.350000
8 0.796875 0.295833 0.796875 0.339583 0.785937 0.329167 0.770312 0.387500 0.803125 0.416667 0.803125 0.447917 0.781250 0.456250 0.768750 0.431250 0.760938 0.475000 0.803125 0.477083 0.810937 0.464583 0.815625 0.477083 0.803125 0.447917 0.807813 0.420833 0.835938 0.437500 0.832812 0.477083 0.853125 0.477083 0.860938 0.395833 0.817187 0.300000
8 0.512500 0.191667 0.510938 0.191667 0.510938 0.193750 0.507812 0.197917 0.507812 0.227083 0.510938 0.225000 0.520312 0.225000 0.523438 0.220833 0.523438 0.212500 0.521875 0.210417 0.523438 0.206250 0.521875 0.206250 0.520312 0.202083 0.518750 0.202083
8 0.629687 0.097917 0.621875 0.104167 0.600000 0.093750 0.593750 0.102083 0.598437 0.114583 0.593750 0.122917 0.589063 0.118750 0.581250 0.129167 0.562500 0.133333 0.557813 0.166667 0.553125 0.135417 0.542188 0.143750 0.537500 0.183333 0.531250 0.187500 0.534375 0.200000 0.564063 0.189583 0.565625 0.166667 0.631250 0.147917 0.634375 0.114583 0.626563 0.112500
9 0.373437 0.541667 0.468750 0.527083 0.456250 0.518750 0.448437 0.520833 0.440625 0.514583 0.414062 0.508333 0.412500 0.504167 0.396875 0.502083 0.389062 0.527083
9 0.507812 0.493750 0.509375 0.512500 0.571875 0.512500 0.595313 0.506250 0.550000 0.500000 0.548438 0.504167 0.545312 0.497917
9 0.451562 0.483333 0.451562 0.497917 0.453125 0.500000 0.473438 0.502083 0.475000 0.506250 0.501563 0.510417 0.501563 0.491667 0.471875 0.487500 0.462500 0.483333
9 0.846875 0.481250 0.800000 0.479167 0.787500 0.487500 0.773438 0.487500 0.740625 0.497917 0.829688 0.497917 0.842187 0.491667
9 0.398438 0.479167 0.398438 0.485417 0.417187 0.487500 0.418750 0.491667 0.429688 0.491667 0.431250 0.495833 0.445312 0.495833 0.445312 0.483333 0.442188 0.479167 0.406250 0.479167 0.404687 0.477083
10 0.323437 0.000000 0.326562 0.385417 0.365625 0.316667 0.464062 0.312500 0.464062 0.256250 0.600000 0.091667 0.765625 0.343750 0.845313 0.293750 0.859375 0.429167 0.998437 0.320833 0.998437 0.000000
11 0.862500 0.447917 0.862500 0.452083 0.859375 0.454167 0.859375 0.485417 0.867188 0.485417 0.868750 0.477083 0.871875 0.483333 0.870313 0.485417 0.873437 0.487500 0.876563 0.485417 0.876563 0.481250 0.873437 0.479167 0.876563 0.475000 0.879687 0.477083 0.881250 0.487500 0.887500 0.485417 0.889062 0.454167 0.884375 0.450000 0.876563 0.454167 0.873437 0.450000
13 0.890625 0.452083 0.889062 0.485417 0.910937 0.479167 0.928125 0.489583 0.932813 0.479167 0.943750 0.491667 0.982812 0.495833 0.987500 0.508333 0.998437 0.508333 0.998437 0.454167 0.943750 0.454167 0.934375 0.464583 0.926562 0.445833