0 0.998437 0.564583 0.612500 0.435417 0.000000 0.820833 0.000000 0.997917 0.998437 0.997917
1 0.026562 0.510417 0.034375 0.525000 0.131250 0.554167 0.129688 0.518750 0.045312 0.508333 0.043750 0.504167 0.032813 0.504167
1 0.757812 0.464583 0.773438 0.506250 0.820312 0.533333 0.998437 0.562500 0.998437 0.547917 0.975000 0.533333 0.951562 0.479167 0.942187 0.500000 0.881250 0.481250 0.800000 0.487500 0.779687 0.458333
1 0.590625 0.468750 0.525000 0.456250 0.254688 0.545833 0.140625 0.520833 0.140625 0.556250 0.185938 0.575000 0.000000 0.639583 0.000000 0.818750
1 0.587500 0.437500 0.585938 0.441667 0.573438 0.441667 0.571875 0.445833 0.556250 0.445833 0.545312 0.452083 0.540625 0.452083 0.539062 0.454167 0.539062 0.470833 0.573438 0.450000 0.587500 0.445833
2 0.634375 0.400000 0.612500 0.402083 0.612500 0.425000 0.615625 0.427083 0.615625 0.431250 0.609375 0.435417 0.609375 0.441667 0.612500 0.433333 0.618750 0.435417 0.618750 0.420833 0.621875 0.416667 0.628125 0.422917 0.628125 0.429167 0.631250 0.431250 0.628125 0.435417 0.631250 0.435417 0.631250 0.422917 0.625000 0.410417 0.628125 0.404167
2 0.035937 0.377083 0.021875 0.379167 0.021875 0.387500 0.018750 0.391667 0.014063 0.389583 0.012500 0.393750 0.000000 0.393750 0.000000 0.437500 0.017188 0.437500 0.037500 0.429167 0.048438 0.400000 0.046875 0.395833 0.035937 0.391667
2 0.873437 0.316667 0.873437 0.320833 0.879687 0.327083 0.881250 0.341667 0.884375 0.341667 0.889062 0.347917 0.885938 0.389583 0.895312 0.391667 0.895312 0.345833 0.892188 0.343750 0.895312 0.341667 0.892188 0.316667
2 0.064062 0.291667 0.059375 0.314583 0.048438 0.316667 0.050000 0.345833 0.060937 0.339583 0.067187 0.341667 0.073438 0.352083 0.076563 0.370833 0.087500 0.379167 0.084375 0.377083 0.084375 0.364583 0.075000 0.352083 0.075000 0.341667 0.082812 0.331250 0.084375 0.314583 0.093750 0.304167 0.090625 0.291667
2 0.959375 0.275000 0.948438 0.279167 0.948438 0.287500 0.942187 0.293750 0.915625 0.302083 0.901563 0.316667 0.901563 0.397917 0.943750 0.391667 0.959375 0.383333 0.964063 0.314583 0.962500 0.295833 0.957812 0.291667
2 0.790625 0.264583 0.721875 0.279167 0.693750 0.339583 0.750000 0.272917 0.756250 0.370833 0.742188 0.391667 0.728125 0.379167 0.665625 0.412500 0.676562 0.429167 0.685937 0.412500 0.751563 0.404167 0.787500 0.422917 0.790625 0.366667 0.792188 0.429167 0.806250 0.422917 0.806250 0.347917 0.775000 0.320833
2 0.589063 0.431250 0.406250 0.085417 0.326562 0.102083 0.325000 0.133333 0.203125 0.206250 0.207813 0.285417 0.140625 0.277083 0.150000 0.302083 0.128125 0.306250 0.150000 0.366667 0.167187 0.331250 0.293750 0.370833 0.296875 0.337500 0.329688 0.362500 0.368750 0.325000 0.378125 0.352083 0.412500 0.333333 0.409375 0.387500 0.439063 0.377083 0.421875 0.404167 0.485938 0.439583 0.509375 0.391667
2 0.998437 0.014583 0.975000 0.041667 0.975000 0.208333 0.990625 0.218750 0.979688 0.243750 0.989062 0.245833 0.987500 0.283333 0.975000 0.293750 0.971875 0.418750 0.995313 0.435417
5 0.245312 0.462500 0.245312 0.487500 0.248438 0.489583 0.246875 0.500000 0.248438 0.502083 0.248438 0.543750 0.254688 0.543750 0.254688 0.512500 0.251563 0.510417 0.251563 0.460417
5 0.360938 0.368750 0.365625 0.502083 0.368750 0.506250 0.364063 0.368750
5 0.120313 0.304167 0.132812 0.570833 0.137500 0.572917 0.126562 0.306250
5 0.973437 0.293750 0.964063 0.295833 0.959375 0.431250 0.951562 0.447917 0.885938 0.445833 0.882812 0.485417 0.942187 0.497917 0.946875 0.456250 0.957812 0.502083 0.967187 0.506250
5 0.973437 0.000000 0.967187 0.004167 0.967187 0.212500 0.973437 0.208333
7 0.101562 0.275000 0.101562 0.297917 0.110937 0.297917 0.135937 0.306250 0.145313 0.306250 0.148438 0.302083 0.148438 0.289583 0.145313 0.283333 0.104688 0.272917
7 0.979688 0.208333 0.968750 0.212500 0.964063 0.222917 0.964063 0.241667 0.967187 0.245833 0.960938 0.252083 0.960938 0.293750 0.984375 0.289583 0.987500 0.245833 0.979688 0.247917 0.978125 0.243750 0.985938 0.235417 0.989062 0.218750
8 0.539062 0.414583 0.539062 0.452083 0.550000 0.447917 0.553125 0.443750 0.571875 0.443750 0.573438 0.439583 0.585938 0.439583 0.584375 0.425000 0.554688 0.427083 0.553125 0.431250 0.550000 0.410417
8 0.534375 0.414583 0.509375 0.393750 0.485938 0.441667 0.420312 0.404167 0.439063 0.379167 0.407813 0.387500 0.412500 0.335417 0.378125 0.354167 0.368750 0.327083 0.329688 0.364583 0.296875 0.339583 0.293750 0.372917 0.168750 0.333333 0.150000 0.368750 0.129688 0.354167 0.139063 0.493750 0.245312 0.500000 0.251563 0.458333 0.253125 0.500000 0.317188 0.502083 0.320312 0.447917 0.325000 0.502083 0.364063 0.502083 0.359375 0.354167 0.370312 0.502083 0.534375 0.454167
8 0.110937 0.300000 0.093750 0.302083 0.076563 0.341667 0.087500 0.381250 0.064062 0.341667 0.043750 0.354167 0.035937 0.385417 0.050000 0.404167 0.032813 0.435417 0.000000 0.439583 0.000000 0.485417 0.128125 0.493750 0.120313 0.327083
8 0.751563 0.277083 0.735938 0.281250 0.728125 0.312500 0.712500 0.310417 0.703125 0.341667 0.692187 0.339583 0.696875 0.320833 0.687500 0.322917 0.678125 0.345833 0.628125 0.406250 0.631250 0.420833 0.640625 0.425000 0.725000 0.391667 0.728125 0.377083 0.742188 0.389583 0.757812 0.352083
8 0.573438 0.270833 0.575000 0.314583 0.565625 0.304167 0.562500 0.337500 0.554688 0.339583 0.554688 0.362500 0.578125 0.397917 0.589063 0.400000 0.589063 0.445833 0.603125 0.443750 0.614062 0.431250 0.614062 0.364583 0.607812 0.358333 0.606250 0.325000 0.593750 0.308333 0.595313 0.291667 0.589063 0.279167 0.581250 0.283333
8 0.900000 0.058333 0.867188 0.141667 0.890625 0.177083 0.842187 0.252083 0.804688 0.191667 0.776563 0.320833 0.818750 0.387500 0.856250 0.375000 0.865625 0.429167 0.951562 0.441667 0.957812 0.385417 0.900000 0.397917 0.900000 0.316667 0.959375 0.272917 0.965625 0.220833 0.939063 0.154167 0.917188 0.158333 0.932813 0.072917
8 0.401562 0.029167 0.390625 0.039583 0.387500 0.025000 0.365625 0.016667 0.364063 0.027083 0.357812 0.025000 0.365625 0.039583 0.362500 0.056250 0.354687 0.047917 0.334375 0.066667 0.323437 0.064583 0.320312 0.106250 0.310937 0.064583 0.296875 0.072917 0.295312 0.116667 0.287500 0.125000 0.293750 0.141667 0.325000 0.131250 0.326562 0.100000 0.404687 0.085417
9 0.253125 0.502083 0.256250 0.537500 0.267188 0.539583 0.301563 0.537500 0.392188 0.506250 0.325000 0.504167 0.320312 0.520833 0.317188 0.504167
9 0.139063 0.497917 0.143750 0.520833 0.246875 0.535417 0.246875 0.502083
9 0.000000 0.487500 0.000000 0.637500 0.184375 0.575000 0.142187 0.558333 0.135937 0.575000 0.131250 0.556250 0.042188 0.531250 0.025000 0.512500 0.043750 0.502083 0.129688 0.516667 0.128125 0.495833
9 0.612500 0.447917 0.609375 0.443750 0.582812 0.447917 0.539062 0.472917 0.537500 0.477083 0.578125 0.466667 0.598437 0.466667 0.607812 0.462500 0.612500 0.454167
10 0.998437 0.000000 0.975000 0.000000 0.975000 0.006250 0.976562 0.008333 0.975000 0.012500 0.975000 0.020833 0.976562 0.022917 0.975000 0.027083 0.975000 0.035417 0.981250 0.031250 0.984375 0.025000 0.998437 0.012500
10 0.000000 0.000000 0.000000 0.391667 0.104688 0.270833 0.207813 0.283333 0.201563 0.206250 0.365625 0.014583 0.540625 0.325000 0.607812 0.279167 0.612500 0.400000 0.804688 0.189583 0.842187 0.250000 0.900000 0.056250 0.965625 0.214583 0.967187 0.000000
11 0.851562 0.372917 0.834375 0.389583 0.826562 0.377083 0.821875 0.389583 0.810937 0.383333 0.804688 0.406250 0.807813 0.425000 0.835938 0.416667 0.843750 0.462500 0.840625 0.489583 0.851562 0.481250 0.854688 0.487500 0.862500 0.485417 0.845313 0.470833 0.848437 0.460417 0.853125 0.466667 0.857812 0.431250 0.864062 0.425000 0.864062 0.389583
13 0.790625 0.431250 0.770312 0.406250 0.734375 0.408333 0.728125 0.416667 0.685937 0.414583 0.676562 0.431250 0.670312 0.414583 0.640625 0.427083 0.642188 0.445833 0.657813 0.439583 0.698438 0.450000 0.723437 0.445833 0.726562 0.454167 0.740625 0.458333 0.779687 0.456250
18 0.978125 0.439583 0.975000 0.445833 0.979688 0.460417 0.971875 0.472917 0.968750 0.508333 0.976562 0.533333 0.990625 0.545833 0.998437 0.545833 0.998437 0.437500
18 0.862500 0.427083 0.859375 0.431250 0.857812 0.458333 0.854688 0.460417 0.853125 0.468750 0.848437 0.462500 0.846875 0.470833 0.851562 0.479167 0.856250 0.477083 0.862500 0.483333 0.879687 0.481250 0.881250 0.454167 0.884375 0.452083 0.884375 0.445833 0.895312 0.445833 0.890625 0.439583 0.873437 0.435417 0.871875 0.431250 0.865625 0.431250
18 0.834375 0.416667 0.826562 0.416667 0.820312 0.425000 0.806250 0.425000 0.800000 0.431250 0.792188 0.431250 0.781250 0.456250 0.781250 0.464583 0.789062 0.481250 0.817187 0.487500 0.825000 0.485417 0.831250 0.475000 0.840625 0.477083 0.842187 0.462500