0 0.998437 0.654167 0.893750 0.618750 0.953125 0.560417 0.884375 0.533333 0.003125 0.593750 0.000000 0.997917 0.998437 0.997917
1 0.889062 0.604167 0.889062 0.610417 0.901563 0.620833 0.998437 0.652083 0.998437 0.635417 0.984375 0.641667 0.960938 0.629167 0.950000 0.587500 0.912500 0.591667
1 0.000000 0.593750 0.801562 0.525000 0.000000 0.508333
1 0.442188 0.500000 0.442188 0.506250 0.446875 0.506250 0.448437 0.508333 0.451562 0.508333 0.457813 0.512500 0.462500 0.512500 0.468750 0.516667 0.476562 0.516667 0.476562 0.508333 0.471875 0.508333 0.470313 0.504167 0.460938 0.504167 0.450000 0.497917 0.443750 0.497917
2 0.896875 0.502083 0.898438 0.504167 0.898438 0.508333 0.901563 0.506250 0.925000 0.506250 0.925000 0.504167 0.928125 0.502083 0.932813 0.493750 0.934375 0.493750 0.929688 0.493750 0.925000 0.489583 0.921875 0.489583 0.920312 0.491667 0.896875 0.489583
2 0.810937 0.468750 0.810937 0.475000 0.809375 0.477083 0.809375 0.500000 0.807813 0.502083 0.817187 0.502083 0.818750 0.506250 0.821875 0.506250 0.821875 0.497917 0.825000 0.495833 0.825000 0.475000 0.820312 0.475000
2 0.000000 0.000000 0.000000 0.506250 0.385937 0.516667 0.431250 0.345833 0.668750 0.493750 0.740625 0.439583 0.803125 0.506250 0.787500 0.364583 0.653125 0.218750 0.393750 0.350000 0.406250 0.000000
8 0.798438 0.487500 0.795312 0.483333 0.787500 0.483333 0.785937 0.487500 0.775000 0.489583 0.762500 0.485417 0.760938 0.487500 0.760938 0.522917 0.803125 0.522917 0.803125 0.508333 0.798438 0.506250
8 0.740625 0.456250 0.739062 0.522917 0.746875 0.522917 0.748437 0.518750 0.751563 0.518750 0.754687 0.522917 0.756250 0.518750 0.754687 0.472917 0.751563 0.470833 0.748437 0.458333 0.743750 0.460417
8 0.596875 0.435417 0.592187 0.527083 0.734375 0.522917 0.737500 0.456250 0.728125 0.497917 0.710938 0.493750 0.695312 0.504167 0.659375 0.495833 0.653125 0.468750 0.637500 0.464583 0.646875 0.447917 0.628125 0.450000 0.631250 0.433333 0.607812 0.427083
8 0.998437 0.422917 0.984375 0.427083 0.970313 0.454167 0.960938 0.458333 0.954688 0.472917 0.945312 0.479167 0.943750 0.487500 0.937500 0.489583 0.926562 0.506250 0.957812 0.516667 0.981250 0.508333 0.992188 0.518750 0.998437 0.502083
8 0.485938 0.408333 0.482812 0.495833 0.521875 0.502083 0.526563 0.477083 0.526563 0.506250 0.557813 0.516667 0.562500 0.477083 0.562500 0.516667 0.587500 0.525000 0.587500 0.416667 0.550000 0.425000 0.509375 0.393750
8 0.804688 0.358333 0.803125 0.387500 0.789062 0.391667 0.779687 0.429167 0.784375 0.454167 0.826562 0.475000 0.823438 0.506250 0.807813 0.504167 0.807813 0.522917 0.829688 0.529167 0.828125 0.481250 0.851562 0.487500 0.843750 0.522917 0.870313 0.533333 0.875000 0.502083 0.896875 0.512500 0.878125 0.435417 0.851562 0.414583 0.853125 0.395833 0.839063 0.391667 0.826562 0.362500
8 0.439063 0.347917 0.420312 0.354167 0.420312 0.404167 0.407813 0.391667 0.404687 0.368750 0.390625 0.385417 0.387500 0.514583 0.409375 0.529167 0.428125 0.529167 0.445312 0.485417 0.478125 0.491667 0.481250 0.387500 0.464062 0.383333 0.456250 0.397917 0.446875 0.387500 0.451562 0.368750
8 0.546875 0.235417 0.542188 0.243750 0.542188 0.260417 0.539062 0.264583 0.539062 0.270833 0.542188 0.270833 0.543750 0.268750 0.553125 0.268750 0.554688 0.266667 0.554688 0.258333 0.556250 0.256250 0.556250 0.250000 0.548438 0.241667 0.548438 0.237500
8 0.653125 0.175000 0.625000 0.166667 0.621875 0.185417 0.593750 0.195833 0.589063 0.212500 0.584375 0.193750 0.575000 0.200000 0.562500 0.252083 0.590625 0.247917 0.590625 0.233333 0.598437 0.225000 0.654687 0.218750 0.653125 0.197917 0.657813 0.187500
9 0.860938 0.539583 0.840625 0.531250 0.740625 0.539583 0.784375 0.545833 0.843750 0.545833
9 0.526563 0.508333 0.526563 0.522917 0.560937 0.529167 0.590625 0.527083 0.578125 0.525000 0.568750 0.518750 0.562500 0.518750 0.560937 0.522917 0.556250 0.516667
9 0.429688 0.529167 0.490625 0.529167 0.490625 0.527083 0.481250 0.520833 0.478125 0.525000 0.476562 0.518750 0.468750 0.518750 0.446875 0.508333 0.440625 0.508333
9 0.482812 0.497917 0.482812 0.506250 0.487500 0.510417 0.496875 0.512500 0.501563 0.516667 0.509375 0.516667 0.510938 0.518750 0.520312 0.520833 0.520312 0.504167 0.506250 0.504167 0.492188 0.497917
9 0.443750 0.489583 0.443750 0.495833 0.450000 0.495833 0.460938 0.502083 0.470313 0.502083 0.471875 0.506250 0.478125 0.506250 0.478125 0.493750 0.468750 0.493750 0.467187 0.489583 0.454688 0.489583 0.453125 0.487500 0.445312 0.487500
10 0.407813 0.000000 0.393750 0.347917 0.498437 0.335417 0.629687 0.164583 0.789062 0.389583 0.862500 0.358333 0.840625 0.389583 0.893750 0.487500 0.998437 0.420833 0.998437 0.000000
11 0.875000 0.504167 0.871875 0.514583 0.871875 0.543750 0.876563 0.543750 0.881250 0.518750 0.884375 0.516667 0.889062 0.547917 0.896875 0.545833 0.895312 0.535417 0.896875 0.514583 0.893750 0.514583 0.889062 0.508333 0.885938 0.508333 0.885938 0.512500 0.882812 0.514583 0.879687 0.504167
12 0.998437 0.504167 0.998437 0.508333 0.995313 0.510417 0.995313 0.516667 0.992188 0.520833 0.985938 0.518750 0.981250 0.533333 0.975000 0.535417 0.976562 0.545833 0.979688 0.545833 0.984375 0.552083 0.990625 0.552083 0.993750 0.556250 0.995313 0.568750 0.998437 0.568750
13 0.898438 0.510417 0.898438 0.545833 0.915625 0.539583 0.935937 0.552083 0.943750 0.543750 0.950000 0.558333 0.978125 0.554167 0.979688 0.550000 0.973437 0.535417 0.979688 0.533333 0.982812 0.520833 0.951562 0.520833 0.943750 0.529167 0.935937 0.510417
18 0.959375 0.556250 0.951562 0.562500 0.948438 0.570833 0.948438 0.585417 0.956250 0.597917 0.956250 0.616667 0.967187 0.633333 0.984375 0.639583 0.995313 0.637500 0.998437 0.633333 0.998437 0.570833 0.990625 0.566667 0.982812 0.552083 0.978125 0.556250