0 0.691442 0.523386 0.164850 0.146724
0 0.567335 0.496608 0.050083 0.052027
0 0.547565 0.486543 0.029741 0.040352
0 0.538990 0.482615 0.016206 0.029858
0 0.527962 0.476619 0.013307 0.025300
0 0.516439 0.477872 0.014812 0.019596
0 0.612850 0.495861 0.035296 0.030483
0 0.541079 0.491360 0.016382 0.033518
0 0.622250 0.492152 0.021404 0.023240
0 0.521257 0.476835 0.014192 0.021120
0 0.533676 0.478385 0.011906 0.026852
0 0.536779 0.490661 0.012735 0.028533
0 0.543497 0.476605 0.024030 0.023288
0 0.530938 0.468846 0.014965 0.022822
0 0.618849 0.487113 0.028562 0.015092
0 0.582875 0.465347 0.023030 0.019187