0 0.782900 0.602230 0.433675 0.385802
0 0.506125 0.490879 0.060143 0.069547
0 0.488298 0.479328 0.041485 0.056229
0 0.457553 0.464220 0.014171 0.020346
0 0.468044 0.464800 0.011926 0.022814
0 0.528660 0.459154 0.031265 0.030678
0 0.473855 0.462562 0.021973 0.025782
0 0.463626 0.462714 0.018942 0.023342
0 0.484545 0.464894 0.035774 0.028565
0 0.493066 0.462402 0.033212 0.022090
0 0.478176 0.457473 0.015250 0.023828
0 0.477190 0.470017 0.018602 0.032464
0 0.525853 0.453218 0.023927 0.019835
0 0.480595 0.484806 0.023451 0.047702