0 0.456432 0.478720 0.024463 0.030898
0 0.351436 0.450040 0.041405 0.066607
0 0.505366 0.494731 0.026257 0.037521
0 0.493703 0.483302 0.017283 0.021820
0 0.561789 0.512848 0.018168 0.028951
0 0.498942 0.487072 0.020299 0.026596
0 0.496625 0.479128 0.025040 0.024948
0 0.549128 0.509367 0.023216 0.026547
0 0.563156 0.503022 0.018660 0.032545
0 0.474355 0.474216 0.015484 0.024719
0 0.312224 0.444413 0.114300 0.080092
0 0.531619 0.502513 0.013751 0.020321
0 0.556747 0.511907 0.019577 0.023780
0 0.499196 0.472749 0.027595 0.022564
0 0.564421 0.495123 0.016444 0.019234