0 0.245033 0.462168 0.158451 0.125423
0 0.487651 0.485887 0.028956 0.036732
0 0.533721 0.486278 0.026273 0.026969
0 0.662726 0.509758 0.053922 0.070595
0 0.557127 0.498393 0.041425 0.053253
0 0.509026 0.478393 0.015827 0.024622
0 0.487513 0.470231 0.025426 0.021343
0 0.584299 0.502093 0.014348 0.024946
0 0.594861 0.504411 0.015059 0.027573
0 0.589425 0.503593 0.017251 0.025748
0 0.537013 0.480521 0.036508 0.043924
0 0.601084 0.505198 0.016227 0.028647
0 0.663786 0.487263 0.050346 0.028897
0 0.524793 0.481402 0.013534 0.025808
0 0.529914 0.479941 0.020676 0.027815