0 0.861588 0.540623 0.274767 0.473342
0 0.513064 0.469863 0.027647 0.035712
0 0.442370 0.486997 0.075449 0.091564
0 0.697641 0.480664 0.054831 0.063489
0 0.534920 0.474365 0.023145 0.046135
0 0.561635 0.476253 0.052255 0.055216
0 0.171252 0.492093 0.169801 0.160381
0 0.546654 0.473298 0.043051 0.050763
0 0.658404 0.482541 0.038546 0.035447
0 0.438559 0.446070 0.049725 0.030936
0 0.723828 0.479048 0.107665 0.064666
0 0.677250 0.481091 0.065924 0.057092
0 0.645604 0.485222 0.015045 0.026231
0 0.433006 0.455570 0.064657 0.050343
0 0.439862 0.439078 0.043043 0.017156
0 0.684802 0.473996 0.038093 0.037723