0 0.895364 0.566117 0.207420 0.458568
0 0.453407 0.472028 0.029796 0.037364
0 0.061532 0.555506 0.122850 0.208145
0 0.367537 0.499475 0.094230 0.115307
0 0.476777 0.476601 0.022860 0.051717
0 0.660191 0.468435 0.067990 0.079540
0 0.507520 0.476271 0.055790 0.060626
0 0.617615 0.476320 0.048836 0.055348
0 0.354373 0.459947 0.084593 0.049931
0 0.370404 0.443284 0.050736 0.018457
0 0.601369 0.479975 0.017412 0.033459
0 0.570353 0.472833 0.061508 0.048622
0 0.634513 0.463619 0.014612 0.036890
0 0.530470 0.479796 0.015579 0.045551