0 0.861939 0.555029 0.271348 0.476176
0 0.520522 0.473177 0.026956 0.033006
0 0.450400 0.489216 0.075252 0.090019
0 0.703690 0.487342 0.053737 0.065006
0 0.568870 0.478275 0.054131 0.055183
0 0.544002 0.476076 0.026798 0.045826
0 0.190352 0.489812 0.149874 0.153642
0 0.446682 0.446671 0.049300 0.029672
0 0.668434 0.484845 0.040344 0.047519
0 0.720576 0.484045 0.112492 0.069324
0 0.684224 0.483885 0.066041 0.058064
0 0.681700 0.477809 0.017589 0.030593
0 0.688162 0.475544 0.035052 0.036070
0 0.537434 0.479426 0.015888 0.037387
0 0.673380 0.480011 0.021133 0.031077