0 0.364531 0.474834 0.031186 0.039663
0 0.390775 0.480291 0.026258 0.058539
0 0.621786 0.478711 0.099825 0.128432
0 0.211327 0.507022 0.167391 0.161527
0 0.426704 0.484579 0.062342 0.074232
0 0.559569 0.493417 0.059569 0.059013
0 0.538325 0.494567 0.022647 0.041013
0 0.248452 0.445148 0.086521 0.060776
0 0.316400 0.471130 0.026992 0.025330
0 0.360853 0.464874 0.027113 0.035410
0 0.589014 0.486859 0.031919 0.051754
0 0.250501 0.472349 0.093216 0.112005
0 0.452668 0.489966 0.015537 0.052433
0 0.404343 0.479944 0.044358 0.065362