0 0.000000 0.554167 0.000000 0.631250 0.134375 0.695833 0.000000 0.879167 0.000000 0.997917 0.998437 0.997917 0.998437 0.629167 0.479687 0.547917
1 0.129688 0.689583 0.000000 0.633333 0.000000 0.877083 0.131250 0.700000
1 0.000000 0.537500 0.479687 0.545833 0.998437 0.627083 0.037500 0.500000
2 0.998437 0.489583 0.995313 0.489583 0.990625 0.516667 0.987500 0.518750 0.985938 0.527083 0.979688 0.537500 0.979688 0.545833 0.982812 0.552083 0.998437 0.552083 0.998437 0.508333 0.993750 0.502083 0.996875 0.497917
2 0.660937 0.258333 0.656250 0.260417 0.654687 0.291667 0.650000 0.297917 0.653125 0.302083 0.653125 0.360417 0.657813 0.352083 0.660937 0.295833 0.667188 0.289583 0.660937 0.287500
2 0.000000 0.039583 0.015625 0.512500 0.181250 0.502083 0.189062 0.339583 0.187500 0.506250 0.260937 0.512500 0.312500 0.377083 0.401562 0.414583 0.428125 0.495833 0.457813 0.316667
3 0.650000 0.504167 0.646875 0.504167 0.645312 0.508333 0.640625 0.508333 0.635938 0.512500 0.635938 0.518750 0.632812 0.522917 0.632812 0.541667 0.635938 0.543750 0.642188 0.543750 0.653125 0.537500 0.653125 0.529167 0.654687 0.527083 0.654687 0.508333 0.651563 0.508333
3 0.765625 0.483333 0.760938 0.487500 0.760938 0.537500 0.759375 0.539583 0.775000 0.539583 0.776563 0.535417 0.770312 0.527083 0.767188 0.518750 0.771875 0.510417 0.771875 0.493750 0.775000 0.489583 0.770312 0.483333
3 0.717187 0.481250 0.715625 0.491667 0.709375 0.495833 0.706250 0.537500 0.725000 0.537500 0.728125 0.533333 0.728125 0.516667 0.732812 0.510417 0.739062 0.520833 0.740625 0.535417 0.751563 0.537500 0.754687 0.483333
4 0.975000 0.566667 0.976562 0.568750 0.976562 0.570833 0.996875 0.570833 0.998437 0.572917 0.998437 0.554167 0.981250 0.554167 0.976562 0.560417 0.976562 0.564583
4 0.612500 0.493750 0.607812 0.508333 0.607812 0.525000 0.609375 0.527083 0.607812 0.529167 0.610938 0.535417 0.614062 0.535417 0.615625 0.537500 0.623437 0.537500 0.623437 0.497917 0.621875 0.497917 0.620313 0.493750
4 0.420312 0.497917 0.423438 0.529167 0.514062 0.537500 0.498437 0.510417 0.496875 0.493750 0.467187 0.487500 0.459375 0.493750 0.448437 0.493750 0.443750 0.483333 0.432812 0.479167 0.429688 0.495833
4 0.554688 0.475000 0.553125 0.477083 0.545312 0.477083 0.546875 0.479167 0.546875 0.497917 0.543750 0.508333 0.545312 0.525000 0.556250 0.525000 0.557813 0.477083
4 0.537500 0.475000 0.531250 0.475000 0.526563 0.479167 0.520312 0.493750 0.520312 0.500000 0.521875 0.502083 0.521875 0.506250 0.525000 0.510417 0.526563 0.522917 0.535937 0.522917 0.535937 0.485417 0.539062 0.477083
4 0.282813 0.456250 0.281250 0.456250 0.281250 0.470833 0.278125 0.477083 0.256250 0.475000 0.256250 0.493750 0.253125 0.497917 0.260937 0.495833 0.273438 0.502083 0.285938 0.497917 0.287500 0.477083 0.282813 0.475000
5 0.629687 0.481250 0.626563 0.483333 0.626563 0.495833 0.625000 0.497917 0.625000 0.543750 0.626563 0.550000 0.631250 0.541667
5 0.192188 0.391667 0.187500 0.410417 0.185938 0.481250 0.182812 0.483333 0.179688 0.527083 0.184375 0.527083
5 0.632812 0.220833 0.639062 0.281250 0.628125 0.450000 0.642188 0.235417
7 0.607812 0.452083 0.607812 0.464583 0.612500 0.470833 0.617188 0.470833 0.623437 0.462500 0.626563 0.466667 0.625000 0.468750 0.625000 0.481250 0.634375 0.479167 0.634375 0.456250 0.632812 0.452083 0.628125 0.452083 0.626563 0.456250 0.623437 0.456250 0.618750 0.445833 0.612500 0.445833
7 0.189062 0.341667 0.185938 0.347917 0.185938 0.352083 0.187500 0.354167 0.187500 0.362500 0.189062 0.362500 0.190625 0.366667 0.185938 0.368750 0.185938 0.389583 0.200000 0.389583 0.201563 0.387500 0.201563 0.372917 0.200000 0.366667 0.203125 0.360417 0.203125 0.352083 0.200000 0.343750
8 0.262500 0.510417 0.329688 0.529167 0.421875 0.529167 0.418750 0.468750 0.403125 0.418750 0.373437 0.393750 0.332813 0.379167 0.303125 0.389583 0.303125 0.404167 0.295312 0.404167 0.287500 0.497917
8 0.639062 0.343750 0.631250 0.506250 0.654687 0.506250 0.654687 0.537500 0.700000 0.545833 0.717187 0.479167 0.756250 0.475000 0.790625 0.550000 0.975000 0.570833 0.998437 0.420833 0.970313 0.362500 0.926562 0.350000 0.873437 0.400000 0.828125 0.385417 0.796875 0.441667 0.756250 0.456250 0.767188 0.422917 0.743750 0.379167 0.646875 0.389583
8 0.629687 0.333333 0.615625 0.402083 0.578125 0.381250 0.521875 0.445833 0.517188 0.416667 0.493750 0.437500 0.476562 0.347917 0.464062 0.433333 0.435937 0.433333 0.431250 0.475000 0.496875 0.491667 0.515625 0.537500 0.531250 0.472917 0.539062 0.525000 0.545312 0.475000 0.590625 0.475000 0.589063 0.514583 0.570312 0.506250 0.606250 0.529167 0.607812 0.481250 0.625000 0.495833 0.606250 0.452083 0.626563 0.454167
9 0.575000 0.541667 0.998437 0.612500 0.996875 0.572917 0.826562 0.562500 0.745313 0.537500 0.626563 0.552083 0.578125 0.527083
9 0.518750 0.537500 0.520312 0.539583 0.534375 0.539583 0.535937 0.543750 0.559375 0.543750 0.560937 0.533333 0.557813 0.533333 0.556250 0.527083 0.525000 0.525000 0.521875 0.527083 0.521875 0.531250
10 0.000000 0.000000 0.457813 0.314583 0.448437 0.443750 0.484375 0.341667 0.493750 0.447917 0.615625 0.400000 0.631250 0.218750 0.646875 0.387500 0.743750 0.377083 0.756250 0.454167 0.932813 0.345833 0.998437 0.418750 0.998437 0.000000
13 0.000000 0.347917 0.000000 0.535417 0.006250 0.535417 0.014063 0.518750 0.009375 0.477083 0.014063 0.395833