0 0.000000 0.552083 0.003125 0.641667 0.134375 0.691667 0.000000 0.820833 0.000000 0.997917 0.998437 0.997917 0.998437 0.631250 0.473438 0.547917
1 0.000000 0.818750 0.023438 0.800000 0.056250 0.797917 0.132812 0.691667 0.000000 0.639583
1 0.000000 0.537500 0.520312 0.550000 0.998437 0.629167 0.037500 0.497917
2 0.996875 0.487500 0.992188 0.489583 0.990625 0.493750 0.992188 0.508333 0.987500 0.510417 0.985938 0.514583 0.987500 0.525000 0.982812 0.535417 0.982812 0.543750 0.996875 0.543750 0.998437 0.545833 0.998437 0.489583
2 0.662500 0.258333 0.659375 0.258333 0.659375 0.283333 0.656250 0.285417 0.654687 0.295833 0.656250 0.362500 0.659375 0.352083 0.660937 0.300000 0.664062 0.293750 0.670312 0.293750 0.660937 0.287500
2 0.000000 0.039583 0.021875 0.512500 0.184375 0.502083 0.192188 0.339583 0.189062 0.506250 0.262500 0.512500 0.312500 0.377083 0.376563 0.393750 0.432812 0.477083 0.457813 0.316667
3 0.712500 0.497917 0.709375 0.525000 0.710938 0.533333 0.715625 0.529167 0.725000 0.535417 0.728125 0.533333 0.728125 0.518750 0.734375 0.508333 0.740625 0.516667 0.742188 0.527083 0.745313 0.522917 0.750000 0.527083 0.751563 0.489583 0.726562 0.487500 0.717187 0.489583 0.717187 0.493750
4 0.970313 0.562500 0.971875 0.575000 0.998437 0.579167 0.998437 0.547917 0.996875 0.545833 0.981250 0.545833 0.981250 0.547917 0.976562 0.552083 0.975000 0.558333
4 0.600000 0.483333 0.600000 0.485417 0.601562 0.483333 0.607812 0.485417 0.607812 0.510417 0.601562 0.518750 0.603125 0.520833 0.601562 0.533333 0.606250 0.533333 0.610938 0.539583 0.625000 0.541667 0.626563 0.497917 0.617188 0.493750 0.614062 0.481250 0.607812 0.479167 0.606250 0.483333
4 0.417187 0.497917 0.423438 0.529167 0.514062 0.537500 0.501563 0.512500 0.498437 0.493750 0.448437 0.489583 0.431250 0.479167 0.426563 0.487500 0.420312 0.487500
4 0.590625 0.477083 0.575000 0.479167 0.578125 0.495833 0.582812 0.500000 0.587500 0.516667 0.581250 0.527083 0.578125 0.520833 0.576562 0.527083 0.570312 0.522917 0.570312 0.539583 0.573438 0.535417 0.576562 0.539583 0.578125 0.533333 0.590625 0.529167
4 0.523438 0.483333 0.518750 0.497917 0.525000 0.512500 0.523438 0.529167 0.557813 0.529167 0.564063 0.539583 0.567187 0.508333 0.564063 0.508333 0.560937 0.502083 0.560937 0.477083 0.531250 0.475000 0.526563 0.483333
4 0.293750 0.458333 0.282813 0.456250 0.281250 0.477083 0.257812 0.475000 0.256250 0.506250 0.259375 0.495833 0.268750 0.502083 0.279687 0.502083 0.281250 0.506250 0.290625 0.497917 0.292187 0.466667 0.289062 0.468750 0.285938 0.462500 0.289062 0.458333 0.293750 0.462500
5 0.193750 0.391667 0.182812 0.527083 0.185938 0.527083
5 0.639062 0.222917 0.632812 0.222917 0.640625 0.247917 0.631250 0.450000 0.645312 0.260417
7 0.614062 0.447917 0.609375 0.456250 0.609375 0.464583 0.614062 0.470833 0.618750 0.470833 0.626563 0.462500 0.628125 0.464583 0.626563 0.481250 0.634375 0.481250 0.635938 0.479167 0.634375 0.468750 0.637500 0.464583 0.637500 0.456250 0.634375 0.452083 0.629687 0.452083 0.626563 0.460417 0.620313 0.447917
7 0.192188 0.341667 0.189062 0.345833 0.189062 0.352083 0.187500 0.356250 0.190625 0.358333 0.190625 0.366667 0.187500 0.368750 0.189062 0.375000 0.187500 0.387500 0.189062 0.389583 0.201563 0.389583 0.204687 0.387500 0.204687 0.379167 0.201563 0.368750 0.206250 0.360417 0.206250 0.354167 0.201563 0.343750 0.198437 0.341667 0.193750 0.343750
8 0.264062 0.512500 0.329688 0.529167 0.421875 0.529167 0.418750 0.462500 0.410938 0.435417 0.376563 0.395833 0.312500 0.379167 0.304688 0.404167 0.296875 0.404167 0.292187 0.497917 0.282813 0.508333 0.265625 0.504167
8 0.998437 0.420833 0.940625 0.350000 0.876563 0.402083 0.832812 0.385417 0.796875 0.445833 0.756250 0.456250 0.746875 0.379167 0.648438 0.389583 0.639062 0.362500 0.632812 0.529167 0.654687 0.506250 0.656250 0.539583 0.696875 0.547917 0.720313 0.481250 0.754687 0.481250 0.756250 0.527083 0.732812 0.512500 0.729688 0.537500 0.970313 0.570833
8 0.631250 0.331250 0.615625 0.400000 0.573438 0.385417 0.525000 0.445833 0.517188 0.416667 0.496875 0.433333 0.481250 0.347917 0.465625 0.433333 0.435937 0.445833 0.434375 0.477083 0.498437 0.491667 0.518750 0.537500 0.531250 0.472917 0.562500 0.475000 0.581250 0.525000 0.573438 0.479167 0.590625 0.475000 0.600000 0.533333 0.598437 0.483333 0.626563 0.495833 0.626563 0.464583 0.607812 0.456250 0.629687 0.450000
9 0.570312 0.541667 0.998437 0.614583 0.998437 0.581250 0.926562 0.562500 0.826562 0.562500 0.728125 0.535417 0.628125 0.556250 0.592187 0.531250
9 0.518750 0.539583 0.529687 0.539583 0.531250 0.543750 0.564063 0.545833 0.564063 0.541667 0.557813 0.531250 0.526563 0.529167 0.521875 0.531250 0.521875 0.535417
10 0.000000 0.000000 0.457813 0.314583 0.448437 0.443750 0.487500 0.341667 0.498437 0.433333 0.617188 0.402083 0.632812 0.220833 0.646875 0.385417 0.746875 0.377083 0.756250 0.454167 0.940625 0.347917 0.998437 0.418750 0.998437 0.000000
13 0.000000 0.337500 0.000000 0.535417 0.006250 0.535417 0.017188 0.518750 0.012500 0.485417 0.017188 0.402083