0 0.000000 0.552083 0.000000 0.631250 0.135937 0.691667 0.000000 0.829167 0.000000 0.997917 0.998437 0.997917 0.998437 0.633333 0.473438 0.547917
1 0.134375 0.691667 0.000000 0.633333 0.000000 0.827083 0.035937 0.779167 0.031250 0.797917 0.056250 0.797917
1 0.000000 0.537500 0.518750 0.550000 0.998437 0.631250 0.043750 0.500000
2 0.998437 0.504167 0.995313 0.504167 0.992188 0.510417 0.987500 0.510417 0.987500 0.527083 0.982812 0.535417 0.982812 0.545833 0.984375 0.550000 0.989062 0.554167 0.993750 0.552083 0.998437 0.554167
2 0.721875 0.485417 0.712500 0.502083 0.709375 0.539583 0.728125 0.539583 0.729688 0.520833 0.734375 0.512500 0.740625 0.516667 0.743750 0.535417 0.746875 0.537500 0.751563 0.531250 0.754687 0.539583 0.756250 0.497917 0.746875 0.489583 0.756250 0.485417
2 0.000000 0.037500 0.023438 0.512500 0.184375 0.502083 0.195312 0.339583 0.190625 0.506250 0.267188 0.512500 0.256250 0.477083 0.290625 0.475000 0.314063 0.377083 0.403125 0.414583 0.432812 0.481250 0.462500 0.320833
4 0.653125 0.508333 0.643750 0.510417 0.640625 0.514583 0.640625 0.522917 0.635938 0.529167 0.634375 0.529167 0.634375 0.543750 0.648438 0.543750 0.654687 0.537500 0.654687 0.535417 0.651563 0.533333 0.651563 0.522917 0.654687 0.518750 0.654687 0.510417
4 0.600000 0.479167 0.598437 0.483333 0.604688 0.489583 0.606250 0.508333 0.601562 0.516667 0.604688 0.527083 0.603125 0.533333 0.610938 0.539583 0.626563 0.541667 0.626563 0.497917 0.620313 0.491667 0.621875 0.481250 0.620313 0.479167 0.618750 0.493750 0.617188 0.479167
4 0.421875 0.485417 0.420312 0.508333 0.425000 0.529167 0.518750 0.535417 0.501563 0.510417 0.496875 0.493750 0.464062 0.489583 0.459375 0.497917 0.448437 0.497917 0.446875 0.487500 0.435937 0.479167 0.428125 0.487500
4 0.590625 0.477083 0.578125 0.477083 0.578125 0.495833 0.584375 0.502083 0.589063 0.516667 0.584375 0.527083 0.579688 0.527083 0.576562 0.516667 0.573438 0.514583 0.573438 0.537500 0.590625 0.531250 0.589063 0.525000 0.593750 0.504167 0.596875 0.502083 0.593750 0.491667 0.595313 0.483333
4 0.526563 0.479167 0.521875 0.487500 0.521875 0.495833 0.518750 0.497917 0.526563 0.512500 0.526563 0.522917 0.523438 0.529167 0.559375 0.529167 0.565625 0.537500 0.567187 0.512500 0.560937 0.506250 0.560937 0.477083 0.534375 0.475000
4 0.284375 0.456250 0.284375 0.475000 0.282813 0.477083 0.264062 0.477083 0.262500 0.475000 0.257812 0.477083 0.257812 0.497917 0.264062 0.495833 0.273438 0.502083 0.285938 0.502083 0.290625 0.497917 0.290625 0.477083 0.285938 0.475000
5 0.195312 0.391667 0.190625 0.420833 0.185938 0.527083 0.192188 0.475000
5 0.639062 0.222917 0.634375 0.227083 0.643750 0.254167 0.631250 0.450000 0.645312 0.281250 0.645312 0.239583
7 0.610938 0.452083 0.609375 0.460417 0.614062 0.470833 0.621875 0.470833 0.626563 0.462500 0.628125 0.464583 0.628125 0.483333 0.635938 0.481250 0.637500 0.456250 0.634375 0.452083 0.631250 0.452083 0.626563 0.460417 0.623437 0.454167 0.623437 0.447917 0.621875 0.450000 0.615625 0.447917
7 0.195312 0.341667 0.192188 0.343750 0.189062 0.350000 0.190625 0.362500 0.193750 0.364583 0.189062 0.375000 0.189062 0.387500 0.190625 0.389583 0.204687 0.389583 0.204687 0.375000 0.203125 0.368750 0.207813 0.360417 0.207813 0.354167 0.203125 0.343750
8 0.296875 0.404167 0.292187 0.497917 0.268750 0.504167 0.268750 0.514583 0.329688 0.529167 0.423438 0.529167 0.420312 0.466667 0.407813 0.420833 0.373437 0.393750 0.334375 0.379167 0.314063 0.379167 0.306250 0.402083
8 0.640625 0.347917 0.634375 0.527083 0.653125 0.506250 0.656250 0.541667 0.695312 0.554167 0.721875 0.483333 0.751563 0.481250 0.760938 0.543750 0.775000 0.481250 0.784375 0.547917 0.981250 0.577083 0.998437 0.416667 0.973437 0.364583 0.931250 0.352083 0.876563 0.400000 0.835938 0.385417 0.800000 0.443750 0.757812 0.456250 0.770312 0.425000 0.746875 0.379167 0.650000 0.389583
8 0.635938 0.341667 0.617188 0.404167 0.598437 0.379167 0.573438 0.385417 0.525000 0.445833 0.518750 0.416667 0.496875 0.433333 0.482812 0.347917 0.467187 0.433333 0.439063 0.445833 0.434375 0.477083 0.496875 0.491667 0.520312 0.533333 0.526563 0.477083 0.562500 0.472917 0.562500 0.506250 0.584375 0.525000 0.576562 0.477083 0.590625 0.475000 0.601562 0.533333 0.598437 0.479167 0.628125 0.495833 0.626563 0.464583 0.607812 0.460417 0.629687 0.454167
9 0.570312 0.541667 0.998437 0.616667 0.996875 0.577083 0.862500 0.570833 0.746875 0.539583 0.695312 0.556250
9 0.517188 0.539583 0.528125 0.539583 0.529687 0.543750 0.550000 0.543750 0.551562 0.545833 0.565625 0.547917 0.565625 0.539583 0.559375 0.531250 0.525000 0.529167
10 0.000000 0.000000 0.462500 0.318750 0.451562 0.445833 0.487500 0.343750 0.498437 0.433333 0.617188 0.402083 0.634375 0.220833 0.646875 0.383333 0.746875 0.377083 0.757812 0.454167 0.940625 0.347917 0.998437 0.414583 0.998437 0.000000
13 0.000000 0.337500 0.000000 0.535417 0.006250 0.535417 0.018750 0.518750 0.014063 0.454167 0.020313 0.410417