0 0.000000 0.552083 0.000000 0.631250 0.134375 0.691667 0.000000 0.879167 0.000000 0.997917 0.998437 0.997917 0.998437 0.629167 0.467187 0.545833
1 0.129688 0.685417 0.000000 0.633333 0.000000 0.877083 0.132812 0.695833
1 0.000000 0.537500 0.467187 0.543750 0.998437 0.627083 0.185938 0.504167
2 0.992188 0.504167 0.990625 0.508333 0.990625 0.514583 0.987500 0.516667 0.987500 0.522917 0.982812 0.531250 0.982812 0.537500 0.992188 0.537500 0.998437 0.543750 0.998437 0.508333 0.996875 0.504167
2 0.751563 0.489583 0.731250 0.485417 0.731250 0.489583 0.721875 0.491667 0.720313 0.502083 0.712500 0.495833 0.715625 0.489583 0.709375 0.500000 0.706250 0.537500 0.723437 0.537500 0.723437 0.533333 0.715625 0.527083 0.715625 0.516667 0.725000 0.502083 0.737500 0.512500 0.740625 0.506250 0.751563 0.512500
2 0.657813 0.256250 0.656250 0.287500 0.651563 0.293750 0.651563 0.327083 0.654687 0.345833 0.657813 0.325000 0.660937 0.320833 0.660937 0.316667 0.657813 0.314583 0.659375 0.297917 0.662500 0.291667 0.665625 0.291667 0.657813 0.281250 0.660937 0.258333
2 0.000000 0.039583 0.015625 0.512500 0.181250 0.502083 0.187500 0.339583 0.187500 0.506250 0.267188 0.512500 0.254688 0.475000 0.287500 0.475000 0.329688 0.375000 0.401562 0.414583 0.426563 0.500000 0.457813 0.316667
3 0.646875 0.504167 0.645312 0.508333 0.640625 0.508333 0.637500 0.512500 0.637500 0.514583 0.639062 0.516667 0.639062 0.520833 0.642188 0.525000 0.642188 0.529167 0.643750 0.533333 0.645312 0.533333 0.646875 0.537500 0.651563 0.537500 0.653125 0.533333 0.653125 0.504167
4 0.962500 0.566667 0.968750 0.577083 0.975000 0.577083 0.976562 0.579167 0.992188 0.577083 0.998437 0.579167 0.998437 0.545833 0.992188 0.539583 0.976562 0.539583 0.976562 0.547917
4 0.609375 0.493750 0.607812 0.502083 0.606250 0.504167 0.604688 0.502083 0.604688 0.516667 0.606250 0.518750 0.607812 0.533333 0.610938 0.533333 0.612500 0.535417 0.623437 0.535417 0.623437 0.493750
4 0.420312 0.510417 0.426563 0.529167 0.517188 0.535417 0.501563 0.510417 0.496875 0.493750 0.445312 0.483333 0.443750 0.479167 0.431250 0.479167 0.429688 0.495833
4 0.537500 0.475000 0.529687 0.475000 0.525000 0.479167 0.520312 0.487500 0.518750 0.495833 0.520312 0.497917 0.521875 0.508333 0.525000 0.514583 0.525000 0.520833 0.526563 0.518750 0.532813 0.518750 0.532813 0.514583 0.534375 0.512500 0.534375 0.493750 0.535937 0.491667 0.535937 0.479167
4 0.282813 0.456250 0.279687 0.460417 0.278125 0.477083 0.256250 0.475000 0.256250 0.485417 0.259375 0.477083 0.268750 0.477083 0.271875 0.481250 0.271875 0.491667 0.253125 0.493750 0.253125 0.497917 0.268750 0.495833 0.271875 0.502083 0.285938 0.497917 0.287500 0.477083 0.282813 0.475000
5 0.756250 0.475000 0.756250 0.481250 0.753125 0.483333 0.753125 0.543750 0.756250 0.547917 0.757812 0.543750 0.756250 0.537500 0.759375 0.535417 0.759375 0.477083
5 0.192188 0.391667 0.189062 0.391667 0.185938 0.475000 0.182812 0.477083 0.179688 0.527083 0.184375 0.527083
5 0.634375 0.218750 0.629687 0.222917 0.639062 0.245833 0.628125 0.450000 0.642188 0.235417
7 0.607812 0.450000 0.607812 0.464583 0.609375 0.466667 0.617188 0.468750 0.623437 0.460417 0.625000 0.462500 0.625000 0.479167 0.634375 0.479167 0.634375 0.452083 0.626563 0.452083 0.623437 0.456250 0.618750 0.445833 0.612500 0.445833
7 0.187500 0.341667 0.185938 0.345833 0.187500 0.366667 0.184375 0.375000 0.184375 0.383333 0.187500 0.389583 0.198437 0.389583 0.201563 0.377083 0.200000 0.366667 0.203125 0.360417 0.203125 0.354167 0.200000 0.343750 0.196875 0.341667
8 0.303125 0.389583 0.303125 0.404167 0.295312 0.404167 0.287500 0.497917 0.265625 0.510417 0.334375 0.529167 0.421875 0.527083 0.410938 0.433333 0.401562 0.416667 0.384375 0.410417 0.371875 0.391667 0.332813 0.377083
8 0.637500 0.343750 0.631250 0.525000 0.653125 0.502083 0.656250 0.539583 0.701562 0.543750 0.717187 0.479167 0.756250 0.472917 0.784375 0.545833 0.965625 0.575000 0.998437 0.506250 0.982812 0.370833 0.951562 0.375000 0.937500 0.345833 0.873437 0.397917 0.831250 0.383333 0.798438 0.406250 0.795312 0.441667 0.760938 0.445833 0.743750 0.379167 0.646875 0.387500
8 0.629687 0.331250 0.615625 0.402083 0.598437 0.377083 0.571875 0.383333 0.520312 0.445833 0.515625 0.416667 0.490625 0.445833 0.476562 0.347917 0.464062 0.429167 0.434375 0.433333 0.431250 0.475000 0.496875 0.491667 0.517188 0.529167 0.529687 0.472917 0.535937 0.522917 0.545312 0.472917 0.567187 0.506250 0.587500 0.472917 0.578125 0.522917 0.603125 0.527083 0.607812 0.479167 0.625000 0.491667 0.606250 0.450000 0.626563 0.450000
9 0.576562 0.529167 0.576562 0.547917 0.998437 0.610417 0.998437 0.581250 0.756250 0.550000 0.746875 0.531250 0.626563 0.552083 0.606250 0.527083
9 0.517188 0.537500 0.537500 0.539583 0.539062 0.543750 0.562500 0.543750 0.564063 0.525000 0.557813 0.529167 0.556250 0.525000 0.551562 0.522917 0.535937 0.525000 0.532813 0.520833 0.526563 0.520833 0.518750 0.529167
9 0.770312 0.479167 0.760938 0.479167 0.760938 0.516667 0.762500 0.518750 0.764062 0.518750 0.764062 0.512500 0.767188 0.510417 0.771875 0.497917 0.771875 0.481250
10 0.000000 0.000000 0.457813 0.314583 0.446875 0.443750 0.484375 0.341667 0.492188 0.445833 0.615625 0.400000 0.634375 0.216667 0.646875 0.385417 0.743750 0.377083 0.756250 0.450000 0.937500 0.343750 0.998437 0.418750 0.998437 0.000000
13 0.000000 0.352083 0.001563 0.535417 0.012500 0.527083 0.014063 0.518750 0.009375 0.485417 0.014063 0.404167