0 0.000000 0.552083 0.000000 0.652083 0.131250 0.689583 0.000000 0.825000 0.000000 0.997917 0.998437 0.997917 0.998437 0.631250 0.471875 0.547917
1 0.000000 0.822917 0.029687 0.791667 0.067187 0.783333 0.129688 0.689583 0.037500 0.654167 0.000000 0.654167
1 0.000000 0.539583 0.520312 0.550000 0.998437 0.629167 0.034375 0.500000
2 0.993750 0.489583 0.992188 0.493750 0.993750 0.502083 0.992188 0.508333 0.987500 0.510417 0.985938 0.516667 0.987500 0.525000 0.981250 0.541667 0.989062 0.541667 0.998437 0.545833 0.998437 0.489583
2 0.662500 0.258333 0.659375 0.258333 0.659375 0.279167 0.656250 0.281250 0.654687 0.360417 0.657813 0.360417 0.660937 0.300000 0.664062 0.293750 0.676562 0.291667 0.664062 0.291667 0.660937 0.287500
2 0.000000 0.039583 0.018750 0.508333 0.184375 0.502083 0.192188 0.339583 0.189062 0.506250 0.254688 0.512500 0.318750 0.377083 0.381250 0.397917 0.426563 0.491667 0.457813 0.316667
3 0.654687 0.508333 0.646875 0.508333 0.643750 0.510417 0.643750 0.514583 0.642188 0.516667 0.642188 0.527083 0.640625 0.529167 0.640625 0.541667 0.643750 0.539583 0.646875 0.539583 0.648438 0.537500 0.653125 0.537500 0.653125 0.531250 0.654687 0.529167
3 0.710938 0.497917 0.709375 0.535417 0.728125 0.535417 0.728125 0.516667 0.732812 0.508333 0.739062 0.512500 0.743750 0.531250 0.754687 0.527083 0.750000 0.489583 0.718750 0.489583
4 0.998437 0.547917 0.989062 0.543750 0.981250 0.543750 0.976562 0.547917 0.976562 0.554167 0.973437 0.560417 0.959375 0.562500 0.957812 0.566667 0.950000 0.566667 0.950000 0.568750 0.962500 0.570833 0.964063 0.575000 0.979688 0.579167 0.998437 0.579167
4 0.612500 0.489583 0.610938 0.493750 0.607812 0.493750 0.607812 0.529167 0.606250 0.533333 0.614062 0.539583 0.625000 0.539583 0.626563 0.497917 0.621875 0.497917 0.620313 0.493750 0.614062 0.493750
4 0.417187 0.500000 0.423438 0.529167 0.515625 0.537500 0.501563 0.512500 0.498437 0.493750 0.453125 0.487500 0.431250 0.479167 0.428125 0.491667 0.421875 0.493750 0.420312 0.489583
4 0.578125 0.477083 0.578125 0.491667 0.579688 0.495833 0.582812 0.497917 0.584375 0.506250 0.587500 0.512500 0.587500 0.527083 0.587500 0.520833 0.590625 0.516667 0.590625 0.477083
4 0.528125 0.479167 0.521875 0.487500 0.520312 0.497917 0.525000 0.510417 0.523438 0.527083 0.534375 0.525000 0.557813 0.529167 0.564063 0.539583 0.565625 0.508333 0.560937 0.502083 0.559375 0.477083 0.534375 0.475000
4 0.293750 0.458333 0.282813 0.456250 0.279687 0.477083 0.256250 0.477083 0.256250 0.512500 0.264062 0.512500 0.256250 0.508333 0.259375 0.500000 0.264062 0.500000 0.265625 0.506250 0.271875 0.502083 0.273438 0.516667 0.276562 0.506250 0.281250 0.508333 0.284375 0.502083 0.290625 0.500000 0.290625 0.468750
5 0.193750 0.391667 0.190625 0.404167 0.190625 0.437500 0.187500 0.439583 0.189062 0.454167 0.182812 0.527083 0.185938 0.527083
5 0.637500 0.222917 0.631250 0.225000 0.640625 0.247917 0.631250 0.450000 0.645312 0.250000
7 0.612500 0.447917 0.609375 0.452083 0.609375 0.464583 0.614062 0.470833 0.618750 0.470833 0.625000 0.462500 0.628125 0.466667 0.626563 0.481250 0.634375 0.481250 0.635938 0.479167 0.634375 0.468750 0.637500 0.464583 0.637500 0.456250 0.634375 0.452083 0.629687 0.452083 0.625000 0.458333 0.620313 0.447917
7 0.192188 0.341667 0.187500 0.352083 0.187500 0.358333 0.190625 0.360417 0.190625 0.366667 0.187500 0.368750 0.187500 0.387500 0.189062 0.389583 0.201563 0.389583 0.201563 0.385417 0.204687 0.383333 0.201563 0.368750 0.206250 0.360417 0.206250 0.354167 0.201563 0.343750 0.198437 0.341667 0.193750 0.343750
8 0.296875 0.404167 0.292187 0.500000 0.276562 0.516667 0.281250 0.510417 0.282813 0.518750 0.326562 0.529167 0.421875 0.529167 0.410938 0.433333 0.381250 0.400000 0.318750 0.379167 0.303125 0.406250
8 0.998437 0.420833 0.985938 0.375000 0.940625 0.350000 0.876563 0.400000 0.832812 0.385417 0.800000 0.410417 0.796875 0.445833 0.757812 0.456250 0.746875 0.381250 0.648438 0.389583 0.639062 0.364583 0.632812 0.529167 0.654687 0.506250 0.656250 0.539583 0.703125 0.545833 0.718750 0.481250 0.776563 0.483333 0.784375 0.547917 0.948438 0.568750 0.979688 0.543750
8 0.631250 0.331250 0.615625 0.402083 0.598437 0.379167 0.573438 0.385417 0.525000 0.445833 0.517188 0.416667 0.496875 0.433333 0.479687 0.347917 0.465625 0.429167 0.435937 0.439583 0.434375 0.477083 0.498437 0.491667 0.517188 0.537500 0.528125 0.477083 0.560937 0.475000 0.585938 0.527083 0.576562 0.477083 0.590625 0.475000 0.589063 0.529167 0.604688 0.533333 0.615625 0.477083 0.626563 0.495833 0.607812 0.452083 0.629687 0.450000
9 0.578125 0.533333 0.578125 0.550000 0.998437 0.614583 0.998437 0.581250 0.826562 0.562500 0.750000 0.531250 0.628125 0.554167
9 0.518750 0.537500 0.518750 0.539583 0.529687 0.539583 0.531250 0.543750 0.559375 0.543750 0.562500 0.545833 0.560937 0.535417 0.557813 0.531250 0.546875 0.531250 0.545312 0.529167 0.531250 0.527083 0.529687 0.529167 0.523438 0.529167 0.521875 0.535417
10 0.000000 0.000000 0.457813 0.314583 0.448437 0.443750 0.484375 0.343750 0.521875 0.443750 0.615625 0.400000 0.632812 0.220833 0.646875 0.385417 0.743750 0.377083 0.757812 0.454167 0.940625 0.347917 0.998437 0.418750 0.998437 0.000000
13 0.000000 0.337500 0.000000 0.537500 0.012500 0.531250 0.017188 0.518750 0.012500 0.485417 0.017188 0.406250