0 0.998437 0.510417 0.410938 0.497917 0.000000 0.570833 0.000000 0.997917 0.998437 0.997917
1 0.998437 0.483333 0.000000 0.510417 0.000000 0.568750 0.381250 0.497917
2 0.660937 0.389583 0.645312 0.389583 0.628125 0.395833 0.618750 0.410417 0.620313 0.429167 0.617188 0.454167 0.637500 0.450000 0.640625 0.422917 0.646875 0.427083 0.650000 0.445833 0.660937 0.445833
2 0.667188 0.389583 0.668750 0.410417 0.667188 0.445833 0.685937 0.445833 0.687500 0.443750 0.678125 0.433333 0.675000 0.425000 0.675000 0.418750 0.678125 0.412500 0.678125 0.395833 0.676562 0.400000 0.671875 0.393750 0.678125 0.389583 0.676562 0.387500
2 0.865625 0.416667 0.870313 0.422917 0.912500 0.418750 0.906250 0.410417 0.901563 0.414583 0.898438 0.412500 0.893750 0.414583 0.887500 0.404167 0.881250 0.400000 0.879687 0.383333 0.876563 0.383333 0.873437 0.402083 0.867188 0.410417
2 0.000000 0.072917 0.000000 0.508333 0.104688 0.502083 0.106250 0.454167 0.153125 0.452083 0.167187 0.331250 0.260937 0.345833 0.332813 0.429167 0.350000 0.250000
3 0.571875 0.427083 0.565625 0.427083 0.564063 0.425000 0.560937 0.431250 0.556250 0.431250 0.553125 0.439583 0.553125 0.443750 0.554688 0.445833 0.554688 0.466667 0.565625 0.466667 0.570312 0.460417
3 0.518750 0.406250 0.520312 0.420833 0.521875 0.422917 0.521875 0.443750 0.523438 0.447917 0.525000 0.447917 0.526563 0.441667 0.532813 0.445833 0.539062 0.454167 0.539062 0.439583 0.537500 0.437500 0.539062 0.431250 0.534375 0.420833 0.535937 0.418750 0.535937 0.406250
4 0.154688 0.456250 0.148438 0.454167 0.145313 0.445833 0.142187 0.454167 0.106250 0.456250 0.106250 0.502083 0.131250 0.502083 0.132812 0.506250 0.135937 0.502083 0.134375 0.489583 0.137500 0.485417 0.140625 0.487500 0.140625 0.502083 0.145313 0.502083 0.145313 0.487500 0.156250 0.479167
4 0.367188 0.437500 0.367188 0.483333 0.426563 0.481250 0.418750 0.468750 0.412500 0.464583 0.410938 0.441667 0.407813 0.437500
4 0.314063 0.431250 0.314063 0.450000 0.312500 0.452083 0.315625 0.466667 0.323437 0.477083 0.325000 0.487500 0.334375 0.487500 0.335938 0.454167 0.337500 0.452083 0.335938 0.441667 0.337500 0.439583 0.334375 0.431250
4 0.998437 0.481250 0.998437 0.420833 0.895312 0.420833 0.857812 0.433333 0.862500 0.447917 0.882812 0.447917 0.898438 0.464583
4 0.470313 0.410417 0.448437 0.412500 0.437500 0.418750 0.432812 0.431250 0.432812 0.443750 0.437500 0.454167 0.437500 0.466667 0.468750 0.462500 0.471875 0.464583
5 0.542188 0.406250 0.540625 0.412500 0.542188 0.418750 0.540625 0.420833 0.539062 0.437500 0.540625 0.439583 0.540625 0.466667 0.545312 0.477083 0.548438 0.466667 0.546875 0.464583 0.546875 0.445833 0.545312 0.443750 0.545312 0.406250
5 0.471875 0.395833 0.473438 0.466667 0.476562 0.481250 0.479687 0.472917 0.482812 0.483333 0.482812 0.445833 0.479687 0.445833 0.478125 0.450000 0.476562 0.447917 0.473438 0.412500 0.475000 0.395833
5 0.895312 0.185417 0.892188 0.187500 0.892188 0.220833 0.889062 0.231250 0.890625 0.306250 0.892188 0.285417 0.895312 0.283333 0.892188 0.277083 0.895312 0.258333
5 0.532813 0.122917 0.531250 0.133333 0.542188 0.154167 0.543750 0.372917 0.545312 0.147917
8 0.150000 0.366667 0.157812 0.479167 0.146875 0.502083 0.234375 0.506250 0.323437 0.487500 0.310937 0.452083 0.312500 0.414583 0.285938 0.368750 0.260937 0.347917 0.167187 0.333333 0.162500 0.362500
8 0.537500 0.247917 0.525000 0.329167 0.485938 0.310417 0.431250 0.383333 0.421875 0.354167 0.403125 0.400000 0.381250 0.279167 0.362500 0.327083 0.370312 0.377083 0.345313 0.406250 0.332813 0.393750 0.335938 0.487500 0.365625 0.485417 0.367188 0.435417 0.407813 0.435417 0.434375 0.481250 0.435937 0.418750 0.471875 0.393750 0.478125 0.443750 0.523438 0.460417 0.517188 0.406250 0.540625 0.418750
8 0.998437 0.083333 0.943750 0.231250 0.918750 0.181250 0.879687 0.314583 0.814063 0.243750 0.659375 0.362500 0.645312 0.291667 0.565625 0.306250 0.546875 0.250000 0.548438 0.450000 0.564063 0.422917 0.610938 0.462500 0.626563 0.395833 0.664062 0.383333 0.717187 0.454167 0.860938 0.447917 0.876563 0.381250 0.998437 0.418750
9 0.476562 0.477083 0.475000 0.479167 0.473438 0.477083 0.473438 0.468750 0.470313 0.464583 0.467187 0.466667 0.443750 0.466667 0.435937 0.470833 0.435937 0.481250 0.475000 0.481250
9 0.484375 0.472917 0.948438 0.477083 0.882812 0.450000 0.571875 0.458333 0.545312 0.479167 0.523438 0.462500
10 0.000000 0.000000 0.007812 0.077083 0.350000 0.247917 0.354687 0.391667 0.387500 0.277083 0.396875 0.397917 0.525000 0.327083 0.532813 0.120833 0.554688 0.297917 0.645312 0.289583 0.660937 0.360417 0.804688 0.243750 0.887500 0.308333 0.890625 0.187500 0.896875 0.287500 0.998437 0.081250 0.998437 0.000000