0 0.000000 0.560417 0.000000 0.997917 0.998437 0.997917 0.998437 0.533333 0.362500 0.504167
1 0.000000 0.504167 0.000000 0.558333 0.362500 0.502083 0.998437 0.531250 0.954688 0.500000
2 0.454688 0.420833 0.459375 0.431250 0.459375 0.454167 0.460938 0.456250 0.460938 0.460417 0.464062 0.466667 0.467187 0.466667 0.467187 0.420833
2 0.448437 0.418750 0.440625 0.418750 0.437500 0.420833 0.429688 0.433333 0.429688 0.450000 0.435937 0.456250 0.437500 0.466667 0.440625 0.466667 0.443750 0.460417 0.443750 0.441667 0.445312 0.439583 0.445312 0.431250 0.446875 0.429167
2 0.859375 0.404167 0.857812 0.418750 0.854688 0.427083 0.857812 0.435417 0.864062 0.433333 0.868750 0.439583 0.893750 0.439583 0.892188 0.433333 0.889062 0.435417 0.881250 0.435417 0.879687 0.433333 0.878125 0.435417 0.873437 0.427083 0.870313 0.427083 0.864062 0.416667 0.865625 0.408333 0.862500 0.404167
2 0.660937 0.404167 0.660937 0.456250 0.662500 0.460417 0.670312 0.460417 0.671875 0.456250 0.676562 0.456250 0.665625 0.441667 0.665625 0.431250 0.668750 0.429167 0.668750 0.420833 0.670312 0.418750 0.670312 0.404167
2 0.654687 0.404167 0.629687 0.404167 0.620313 0.408333 0.620313 0.414583 0.614062 0.422917 0.615625 0.439583 0.612500 0.443750 0.612500 0.464583 0.631250 0.458333 0.631250 0.452083 0.626563 0.450000 0.626563 0.441667 0.631250 0.435417 0.640625 0.437500 0.645312 0.456250 0.654687 0.456250
2 0.557813 0.191667 0.553125 0.231250 0.554688 0.279167 0.559375 0.291667 0.559375 0.233333 0.564063 0.225000 0.568750 0.222917 0.559375 0.220833
2 0.000000 0.072917 0.000000 0.502083 0.006250 0.297917 0.029687 0.312500 0.020313 0.502083 0.112500 0.497917 0.114062 0.456250 0.160938 0.427083 0.157812 0.364583 0.203125 0.329167 0.293750 0.370833 0.315625 0.462500 0.334375 0.452083 0.354687 0.260417
3 0.560937 0.437500 0.557813 0.437500 0.554688 0.441667 0.553125 0.441667 0.553125 0.443750 0.550000 0.445833 0.548438 0.450000 0.548438 0.466667 0.550000 0.468750 0.550000 0.477083 0.557813 0.477083 0.564063 0.470833 0.564063 0.439583
4 0.335938 0.454167 0.332813 0.454167 0.329688 0.458333 0.328125 0.458333 0.325000 0.466667 0.321875 0.466667 0.320312 0.464583 0.318750 0.466667 0.320312 0.475000 0.321875 0.475000 0.325000 0.481250 0.325000 0.487500 0.326562 0.491667 0.334375 0.491667 0.335938 0.487500
4 0.367188 0.441667 0.367188 0.468750 0.364063 0.479167 0.365625 0.487500 0.423438 0.487500 0.420312 0.472917 0.410938 0.464583 0.403125 0.443750
4 0.843750 0.456250 0.868750 0.466667 0.875000 0.481250 0.998437 0.506250 0.998437 0.437500 0.868750 0.441667 0.862500 0.435417
4 0.162500 0.429167 0.146875 0.427083 0.145313 0.452083 0.115625 0.456250 0.114062 0.497917 0.139063 0.497917 0.142187 0.502083 0.146875 0.487500 0.148438 0.502083 0.153125 0.502083 0.153125 0.483333 0.162500 0.470833
5 0.540625 0.416667 0.537500 0.416667 0.535937 0.466667 0.539062 0.487500 0.543750 0.475000 0.546875 0.481250 0.548438 0.477083 0.546875 0.456250 0.543750 0.466667 0.542188 0.464583
5 0.014063 0.360417 0.010937 0.362500 0.014063 0.416667 0.010937 0.418750 0.014063 0.529167 0.017188 0.529167 0.018750 0.439583 0.015625 0.433333 0.017188 0.375000
5 0.881250 0.212500 0.878125 0.212500 0.875000 0.252083 0.875000 0.318750 0.879687 0.308333
5 0.529687 0.145833 0.539062 0.170833 0.540625 0.383333 0.543750 0.166667
7 0.518750 0.383333 0.515625 0.393750 0.518750 0.404167 0.528125 0.404167 0.532813 0.395833 0.535937 0.402083 0.534375 0.404167 0.534375 0.414583 0.543750 0.414583 0.543750 0.387500 0.537500 0.385417 0.532813 0.389583 0.528125 0.383333
7 0.006250 0.300000 0.001563 0.312500 0.001563 0.318750 0.007812 0.329167 0.006250 0.333333 0.003125 0.333333 0.003125 0.356250 0.010937 0.360417 0.015625 0.358333 0.028125 0.362500 0.028125 0.337500 0.023438 0.333333 0.028125 0.325000 0.028125 0.312500 0.020313 0.300000
8 0.159375 0.364583 0.164062 0.470833 0.154688 0.502083 0.235937 0.506250 0.325000 0.491667 0.314063 0.462500 0.314063 0.416667 0.293750 0.372917 0.204687 0.331250 0.179688 0.337500 0.170313 0.364583
8 0.532813 0.260417 0.521875 0.337500 0.476562 0.322917 0.451562 0.379167 0.428125 0.389583 0.418750 0.362500 0.400000 0.404167 0.376563 0.291667 0.345313 0.435417 0.334375 0.400000 0.337500 0.487500 0.364063 0.487500 0.367188 0.439583 0.403125 0.441667 0.426563 0.487500 0.440625 0.416667 0.442188 0.466667 0.459375 0.468750 0.453125 0.420833 0.470313 0.406250 0.475000 0.462500 0.520312 0.466667
8 0.998437 0.100000 0.923438 0.262500 0.904687 0.208333 0.867188 0.337500 0.800000 0.264583 0.657813 0.370833 0.642188 0.308333 0.553125 0.320833 0.542188 0.275000 0.543750 0.464583 0.560937 0.435417 0.603125 0.472917 0.618750 0.408333 0.656250 0.400000 0.712500 0.468750 0.843750 0.464583 0.859375 0.402083 0.895312 0.439583 0.998437 0.435417
9 0.428125 0.487500 0.470313 0.487500 0.468750 0.485417 0.468750 0.470833 0.467187 0.468750 0.460938 0.468750 0.454688 0.472917 0.446875 0.472917 0.442188 0.468750 0.437500 0.468750
9 0.481250 0.479167 0.937500 0.497917 0.862500 0.464583 0.648438 0.458333 0.539062 0.489583 0.534375 0.466667
10 0.000000 0.000000 0.007812 0.077083 0.354687 0.258333 0.351562 0.397917 0.384375 0.283333 0.398438 0.402083 0.521875 0.335417 0.529687 0.143750 0.553125 0.318750 0.639062 0.304167 0.656250 0.372917 0.809375 0.262500 0.867188 0.335417 0.876563 0.212500 0.884375 0.310417 0.998437 0.097917 0.998437 0.000000