0 0.998437 0.497917 0.456250 0.508333 0.000000 0.600000 0.000000 0.997917 0.998437 0.997917
1 0.998437 0.483333 0.440625 0.493750 0.084375 0.554167 0.078125 0.525000 0.000000 0.535417 0.000000 0.597917 0.435937 0.508333
2 0.725000 0.389583 0.709375 0.389583 0.707812 0.393750 0.700000 0.395833 0.693750 0.408333 0.695312 0.414583 0.692187 0.418750 0.689063 0.416667 0.687500 0.456250 0.704688 0.452083 0.700000 0.443750 0.700000 0.435417 0.706250 0.422917 0.714063 0.418750 0.717187 0.422917 0.721875 0.414583 0.725000 0.418750 0.731250 0.414583 0.732812 0.418750 0.732812 0.404167 0.720313 0.400000
2 0.981250 0.352083 0.985938 0.362500 0.984375 0.387500 0.981250 0.395833 0.981250 0.402083 0.984375 0.406250 0.998437 0.408333 0.998437 0.366667 0.993750 0.360417 0.993750 0.350000
2 0.000000 0.072917 0.000000 0.533333 0.081250 0.522917 0.075000 0.318750 0.087500 0.522917 0.185938 0.516667 0.250000 0.345833 0.351562 0.377083 0.396875 0.456250 0.414062 0.260417
3 0.639062 0.431250 0.631250 0.431250 0.621875 0.437500 0.620313 0.441667 0.620313 0.454167 0.615625 0.458333 0.615625 0.475000 0.628125 0.475000 0.629687 0.472917 0.634375 0.472917 0.639062 0.466667
3 0.557813 0.412500 0.553125 0.416667 0.553125 0.420833 0.556250 0.429167 0.559375 0.429167 0.560937 0.431250 0.562500 0.443750 0.565625 0.447917 0.565625 0.456250 0.568750 0.447917 0.568750 0.435417 0.565625 0.425000 0.567187 0.412500
3 0.581250 0.410417 0.579688 0.414583 0.584375 0.425000 0.584375 0.456250 0.587500 0.456250 0.589063 0.464583 0.606250 0.468750 0.607812 0.431250 0.604688 0.425000 0.600000 0.422917 0.600000 0.410417 0.596875 0.408333 0.596875 0.420833 0.593750 0.425000 0.592187 0.410417
4 0.403125 0.447917 0.398438 0.450000 0.398438 0.456250 0.389062 0.466667 0.385937 0.466667 0.382812 0.470833 0.382812 0.477083 0.384375 0.477083 0.389062 0.485417 0.390625 0.497917 0.400000 0.497917 0.401562 0.495833 0.401562 0.485417 0.403125 0.483333 0.404687 0.468750 0.407813 0.466667 0.407813 0.460417 0.404687 0.456250 0.404687 0.450000
4 0.432812 0.445833 0.429688 0.487500 0.435937 0.495833 0.440625 0.491667 0.489063 0.489583 0.482812 0.479167 0.478125 0.477083 0.470313 0.447917
4 0.231250 0.445833 0.218750 0.445833 0.220312 0.466667 0.215625 0.470833 0.187500 0.472917 0.189062 0.518750 0.206250 0.514583 0.209375 0.518750 0.214062 0.514583 0.225000 0.516667 0.223438 0.504167 0.231250 0.495833 0.231250 0.468750 0.228125 0.466667 0.231250 0.460417
4 0.532813 0.416667 0.526563 0.416667 0.525000 0.420833 0.503125 0.422917 0.495312 0.443750 0.503125 0.468750 0.514062 0.466667 0.517188 0.460417 0.520312 0.466667 0.535937 0.466667 0.529687 0.460417 0.529687 0.447917 0.526563 0.445833 0.523438 0.452083 0.520312 0.445833 0.520312 0.431250 0.525000 0.429167 0.526563 0.433333 0.528125 0.427083 0.532813 0.425000
4 0.971875 0.420833 0.971875 0.433333 0.978125 0.437500 0.982812 0.437500 0.984375 0.439583 0.998437 0.439583 0.998437 0.410417 0.985938 0.408333 0.982812 0.412500 0.976562 0.414583
5 0.607812 0.410417 0.609375 0.427083 0.607812 0.429167 0.609375 0.431250 0.607812 0.437500 0.609375 0.443750 0.607812 0.445833 0.607812 0.470833 0.612500 0.481250 0.614062 0.479167 0.614062 0.431250 0.612500 0.429167 0.612500 0.414583 0.610938 0.410417
5 0.535937 0.400000 0.534375 0.422917 0.537500 0.483333 0.539062 0.477083 0.542188 0.487500 0.543750 0.475000 0.546875 0.491667 0.548438 0.462500 0.546875 0.452083 0.537500 0.454167
5 0.078125 0.385417 0.081250 0.552083 0.087500 0.550000 0.082812 0.385417
5 0.739062 0.383333 0.734375 0.387500 0.734375 0.447917 0.735938 0.450000 0.739062 0.450000 0.740625 0.445833 0.740625 0.400000 0.739062 0.397917
5 0.595313 0.116667 0.607812 0.145833 0.610938 0.372917 0.610938 0.139583 0.601562 0.116667
7 0.589063 0.372917 0.585938 0.379167 0.585938 0.391667 0.589063 0.397917 0.598437 0.397917 0.603125 0.385417 0.607812 0.391667 0.604688 0.395833 0.604688 0.408333 0.614062 0.408333 0.615625 0.406250 0.614062 0.375000 0.607812 0.375000 0.603125 0.385417 0.600000 0.372917
7 0.075000 0.320833 0.068750 0.329167 0.068750 0.345833 0.075000 0.354167 0.073438 0.358333 0.070312 0.358333 0.070312 0.381250 0.093750 0.383333 0.092188 0.360417 0.087500 0.358333 0.093750 0.345833 0.092188 0.333333 0.085938 0.325000
8 0.225000 0.383333 0.232813 0.437500 0.226562 0.516667 0.295312 0.518750 0.389062 0.497917 0.371875 0.412500 0.351562 0.379167 0.321875 0.358333 0.250000 0.347917 0.235937 0.381250
8 0.600000 0.241667 0.589063 0.337500 0.545312 0.316667 0.518750 0.375000 0.492188 0.391667 0.484375 0.362500 0.462500 0.408333 0.445312 0.289583 0.432812 0.391667 0.410938 0.420833 0.398438 0.404167 0.403125 0.495833 0.434375 0.495833 0.432812 0.443750 0.470313 0.445833 0.495312 0.489583 0.496875 0.431250 0.535937 0.397917 0.539062 0.454167 0.587500 0.466667 0.578125 0.412500 0.607812 0.427083 0.606250 0.391667 0.584375 0.391667 0.606250 0.377083
8 0.998437 0.289583 0.903125 0.222917 0.848437 0.283333 0.804688 0.275000 0.771875 0.343750 0.729688 0.362500 0.739062 0.327083 0.712500 0.285417 0.631250 0.308333 0.612500 0.250000 0.615625 0.456250 0.639062 0.429167 0.640625 0.464583 0.684375 0.464583 0.687500 0.412500 0.737500 0.381250 0.768750 0.447917 0.981250 0.443750
9 0.496875 0.489583 0.535937 0.489583 0.539062 0.487500 0.539062 0.479167 0.537500 0.485417 0.535937 0.483333 0.535937 0.468750 0.509375 0.468750 0.503125 0.470833 0.498437 0.479167 0.498437 0.487500
9 0.998437 0.443750 0.871875 0.460417 0.726562 0.447917 0.612500 0.483333 0.562500 0.468750 0.550000 0.487500 0.998437 0.481250
9 0.754687 0.385417 0.742188 0.385417 0.740625 0.387500 0.740625 0.397917 0.742188 0.400000 0.742188 0.429167 0.743750 0.429167 0.745313 0.425000 0.748437 0.425000 0.748437 0.416667 0.753125 0.408333
10 0.000000 0.000000 0.001563 0.075000 0.414062 0.258333 0.420312 0.402083 0.445312 0.287500 0.459375 0.408333 0.589063 0.335417 0.595313 0.114583 0.626563 0.302083 0.712500 0.283333 0.729688 0.360417 0.903125 0.220833 0.998437 0.287500 0.998437 0.000000