0 0.998437 0.558333 0.540625 0.527083 0.004687 0.587500 0.000000 0.997917 0.998437 0.997917
1 0.000000 0.504167 0.000000 0.587500 0.540625 0.525000 0.998437 0.556250 0.642188 0.508333
2 0.981250 0.414583 0.975000 0.408333 0.903125 0.414583 0.896875 0.431250 0.879687 0.443750 0.875000 0.489583 0.907813 0.487500 0.912500 0.454167 0.921875 0.458333 0.929688 0.483333 0.993750 0.487500 0.970313 0.460417
2 0.000000 0.062500 0.000000 0.502083 0.254688 0.506250 0.260937 0.318750 0.262500 0.506250 0.345313 0.506250 0.420312 0.345833 0.501563 0.381250 0.542188 0.466667 0.565625 0.264583 0.029687 0.025000
3 0.795312 0.456250 0.795312 0.470833 0.800000 0.483333 0.800000 0.506250 0.803125 0.506250 0.804688 0.502083 0.814063 0.502083 0.815625 0.497917 0.825000 0.497917 0.825000 0.493750 0.821875 0.491667 0.825000 0.487500 0.825000 0.456250 0.803125 0.456250 0.801562 0.454167
3 0.670312 0.435417 0.670312 0.441667 0.671875 0.443750 0.671875 0.472917 0.673438 0.475000 0.681250 0.477083 0.684375 0.475000 0.684375 0.443750 0.685937 0.441667 0.685937 0.435417
3 0.737500 0.431250 0.742188 0.435417 0.743750 0.447917 0.742188 0.475000 0.754687 0.475000 0.757812 0.483333 0.771875 0.497917 0.782813 0.495833 0.782813 0.441667 0.775000 0.443750 0.770312 0.437500 0.770312 0.431250 0.765625 0.431250 0.764062 0.427083 0.759375 0.427083 0.757812 0.431250 0.754687 0.427083
4 0.543750 0.462500 0.543750 0.466667 0.537500 0.470833 0.534375 0.477083 0.534375 0.481250 0.532813 0.483333 0.529687 0.483333 0.531250 0.495833 0.534375 0.497917 0.535937 0.506250 0.543750 0.506250 0.543750 0.489583 0.545312 0.487500 0.545312 0.483333 0.548438 0.481250 0.548438 0.468750 0.546875 0.468750
4 0.575000 0.458333 0.570312 0.506250 0.639062 0.506250 0.631250 0.489583 0.618750 0.477083 0.618750 0.462500 0.585938 0.456250
4 0.384375 0.441667 0.376563 0.441667 0.378125 0.460417 0.373437 0.466667 0.348438 0.466667 0.346875 0.506250 0.350000 0.487500 0.360938 0.487500 0.364063 0.502083 0.356250 0.506250 0.365625 0.508333 0.365625 0.493750 0.370312 0.487500 0.382812 0.487500 0.385937 0.481250 0.384375 0.460417 0.387500 0.450000
5 0.792188 0.427083 0.784375 0.429167 0.784375 0.502083 0.787500 0.516667 0.793750 0.506250 0.798438 0.506250 0.798438 0.483333 0.793750 0.470833
5 0.262500 0.377083 0.259375 0.377083 0.257812 0.531250 0.260937 0.529167
5 0.787500 0.087500 0.782813 0.095833 0.796875 0.125000 0.790625 0.387500 0.801562 0.239583 0.801562 0.112500
7 0.759375 0.389583 0.757812 0.408333 0.760938 0.412500 0.770312 0.414583 0.776563 0.410417 0.781250 0.402083 0.784375 0.406250 0.782813 0.427083 0.795312 0.425000 0.793750 0.389583 0.785937 0.389583 0.781250 0.400000 0.776563 0.387500 0.771875 0.383333 0.762500 0.385417
7 0.256250 0.322917 0.256250 0.327083 0.253125 0.329167 0.254688 0.331250 0.254688 0.341667 0.257812 0.347917 0.254688 0.354167 0.254688 0.370833 0.256250 0.375000 0.271875 0.377083 0.271875 0.358333 0.270313 0.356250 0.270313 0.350000 0.273438 0.343750 0.271875 0.327083 0.264062 0.320833
8 0.909375 0.462500 0.909375 0.472917 0.912500 0.475000 0.912500 0.481250 0.909375 0.483333 0.909375 0.487500 0.920312 0.489583 0.929688 0.485417 0.942187 0.485417 0.929688 0.485417 0.926562 0.481250 0.923438 0.472917 0.923438 0.466667 0.918750 0.456250 0.912500 0.456250
8 0.664062 0.439583 0.659375 0.452083 0.659375 0.479167 0.656250 0.481250 0.654687 0.487500 0.657813 0.487500 0.659375 0.491667 0.670312 0.491667 0.671875 0.487500 0.676562 0.487500 0.676562 0.485417 0.673438 0.483333 0.670312 0.472917 0.670312 0.443750 0.668750 0.439583
8 0.398438 0.354167 0.393750 0.381250 0.382812 0.383333 0.387500 0.481250 0.370312 0.489583 0.367188 0.506250 0.401562 0.516667 0.534375 0.506250 0.523438 0.477083 0.523438 0.437500 0.501563 0.383333 0.470313 0.360417 0.423438 0.347917
8 0.800000 0.247917 0.795312 0.454167 0.826562 0.456250 0.826562 0.497917 0.870313 0.506250 0.881250 0.437500 0.923438 0.408333 0.978125 0.408333 0.971875 0.460417 0.998437 0.487500 0.996875 0.350000 0.940625 0.381250 0.951562 0.341667 0.914062 0.289583 0.842187 0.310417 0.825000 0.291667 0.807813 0.312500
8 0.789062 0.245833 0.751563 0.347917 0.698438 0.329167 0.642188 0.404167 0.634375 0.372917 0.610938 0.393750 0.589063 0.302083 0.576562 0.402083 0.540625 0.416667 0.545312 0.506250 0.568750 0.506250 0.576562 0.454167 0.618750 0.460417 0.640625 0.506250 0.642188 0.447917 0.687500 0.412500 0.690625 0.491667 0.703125 0.470833 0.756250 0.491667 0.735938 0.431250 0.782813 0.439583 0.782813 0.406250 0.756250 0.393750 0.785937 0.387500
9 0.642188 0.504167 0.643750 0.508333 0.651563 0.510417 0.693750 0.512500 0.693750 0.493750 0.690625 0.493750 0.687500 0.497917 0.684375 0.489583 0.671875 0.489583 0.670312 0.493750 0.659375 0.493750 0.657813 0.489583 0.648438 0.489583 0.643750 0.495833
9 0.714063 0.514583 0.998437 0.539583 0.998437 0.489583 0.901563 0.489583 0.870313 0.508333 0.815625 0.500000 0.787500 0.518750 0.782813 0.497917 0.757812 0.487500 0.720313 0.491667
10 0.000000 0.000000 0.000000 0.060417 0.029687 0.022917 0.565625 0.262500 0.562500 0.414583 0.596875 0.291667 0.609375 0.418750 0.762500 0.331250 0.787500 0.085417 0.807813 0.310417 0.914062 0.287500 0.940625 0.379167 0.998437 0.356250 0.998437 0.000000