0 0.998437 0.516667 0.364063 0.520833 0.000000 0.602083 0.000000 0.997917 0.998437 0.997917
1 0.000000 0.600000 0.364063 0.518750 0.998437 0.497917 0.000000 0.527083
2 0.965625 0.362500 0.960938 0.362500 0.953125 0.366667 0.956250 0.370833 0.951562 0.395833 0.951562 0.404167 0.948438 0.406250 0.953125 0.410417 0.965625 0.408333 0.973437 0.393750 0.973437 0.385417 0.970313 0.383333 0.970313 0.368750
2 0.000000 0.039583 0.000000 0.525000 0.110937 0.518750 0.126562 0.472917 0.112500 0.500000 0.095312 0.464583 0.142187 0.485417 0.134375 0.362500 0.165625 0.318750 0.296875 0.358333 0.346875 0.456250 0.370312 0.239583
3 0.593750 0.431250 0.593750 0.441667 0.592187 0.443750 0.593750 0.477083 0.603125 0.477083 0.615625 0.470833 0.618750 0.466667 0.618750 0.433333 0.601562 0.433333 0.600000 0.431250 0.596875 0.433333
3 0.495312 0.416667 0.489063 0.416667 0.487500 0.420833 0.464062 0.420833 0.456250 0.431250 0.454688 0.450000 0.460938 0.458333 0.462500 0.470833 0.467187 0.470833 0.470313 0.464583 0.470313 0.435417 0.475000 0.420833 0.479687 0.422917 0.482812 0.464583 0.492188 0.470833
3 0.654687 0.425000 0.654687 0.456250 0.660937 0.460417 0.664062 0.456250 0.670312 0.456250 0.673438 0.450000 0.671875 0.435417 0.675000 0.429167 0.681250 0.431250 0.685937 0.452083 0.692187 0.450000 0.696875 0.443750 0.696875 0.427083 0.692187 0.420833 0.685937 0.420833 0.682813 0.416667 0.673438 0.418750 0.668750 0.414583
3 0.510938 0.416667 0.514062 0.433333 0.518750 0.433333 0.520312 0.435417 0.521875 0.445833 0.525000 0.454167 0.526563 0.454167 0.528125 0.450000 0.526563 0.416667 0.525000 0.414583 0.520312 0.414583 0.518750 0.416667
3 0.543750 0.412500 0.542188 0.414583 0.545312 0.416667 0.545312 0.454167 0.554688 0.454167 0.560937 0.466667 0.582812 0.466667 0.584375 0.427083 0.579688 0.416667 0.571875 0.410417
4 0.087500 0.470833 0.087500 0.487500 0.090625 0.470833 0.109375 0.468750 0.112500 0.497917 0.117188 0.495833 0.112500 0.489583 0.120313 0.479167 0.114062 0.475000 0.115625 0.470833 0.128125 0.472917 0.126562 0.491667 0.120313 0.495833 0.131250 0.497917 0.142187 0.487500 0.135937 0.475000 0.139063 0.468750 0.095312 0.466667
4 0.390625 0.445833 0.389062 0.475000 0.393750 0.497917 0.443750 0.495833 0.445312 0.491667 0.450000 0.491667 0.443750 0.479167 0.434375 0.472917 0.429688 0.447917
4 0.354687 0.441667 0.350000 0.443750 0.346875 0.458333 0.339062 0.458333 0.331250 0.454167 0.331250 0.477083 0.337500 0.485417 0.343750 0.502083 0.353125 0.500000 0.353125 0.485417 0.357812 0.475000 0.356250 0.460417 0.357812 0.445833
4 0.998437 0.422917 0.984375 0.420833 0.973437 0.431250 0.956250 0.433333 0.935937 0.458333 0.950000 0.462500 0.982812 0.460417 0.984375 0.464583 0.990625 0.464583 0.998437 0.470833
5 0.584375 0.410417 0.582812 0.416667 0.585938 0.427083 0.584375 0.468750 0.589063 0.487500 0.590625 0.487500 0.592187 0.464583 0.590625 0.462500 0.592187 0.422917 0.590625 0.410417
5 0.576562 0.087500 0.587500 0.137500 0.587500 0.370833 0.590625 0.112500 0.582812 0.087500
7 0.565625 0.368750 0.560937 0.375000 0.562500 0.391667 0.565625 0.395833 0.575000 0.395833 0.579688 0.381250 0.584375 0.385417 0.581250 0.395833 0.582812 0.408333 0.592187 0.410417 0.593750 0.404167 0.592187 0.372917 0.585938 0.372917 0.579688 0.381250 0.575000 0.368750
8 0.475000 0.422917 0.471875 0.435417 0.471875 0.464583 0.468750 0.468750 0.468750 0.472917 0.482812 0.472917 0.485938 0.470833 0.485938 0.468750 0.481250 0.464583 0.479687 0.431250 0.478125 0.429167 0.478125 0.422917
8 0.135937 0.362500 0.146875 0.466667 0.117188 0.518750 0.223438 0.527083 0.342187 0.502083 0.329688 0.477083 0.329688 0.427083 0.296875 0.360417 0.187500 0.318750 0.156250 0.325000 0.150000 0.360417
8 0.584375 0.214583 0.560937 0.331250 0.514062 0.312500 0.423438 0.406250 0.398438 0.281250 0.390625 0.383333 0.364063 0.431250 0.350000 0.404167 0.351562 0.502083 0.392188 0.497917 0.390625 0.443750 0.429688 0.445833 0.454688 0.491667 0.454688 0.431250 0.496875 0.397917 0.501563 0.472917 0.520312 0.412500 0.526563 0.472917 0.559375 0.466667 0.540625 0.414583 0.582812 0.414583 0.559375 0.375000 0.584375 0.372917
8 0.973437 0.181250 0.982812 0.275000 0.951562 0.306250 0.851562 0.241667 0.692187 0.368750 0.673438 0.295833 0.601562 0.302083 0.590625 0.237500 0.593750 0.429167 0.648438 0.477083 0.653125 0.425000 0.701562 0.391667 0.671875 0.456250 0.712500 0.418750 0.771875 0.464583 0.934375 0.458333 0.998437 0.420833
9 0.456250 0.489583 0.457813 0.495833 0.507812 0.495833 0.506250 0.475000 0.498437 0.477083 0.496875 0.472917 0.484375 0.472917 0.482812 0.475000 0.464062 0.472917 0.459375 0.479167
9 0.517188 0.491667 0.989062 0.497917 0.998437 0.472917 0.706250 0.454167 0.590625 0.489583 0.582812 0.468750 0.529687 0.472917
9 0.671875 0.404167 0.670312 0.414583 0.673438 0.416667 0.682813 0.414583 0.685937 0.418750 0.692187 0.418750 0.693750 0.422917 0.696875 0.425000 0.696875 0.395833 0.682813 0.395833 0.681250 0.400000 0.675000 0.400000 0.675000 0.402083
10 0.000000 0.000000 0.370312 0.237500 0.373437 0.402083 0.404687 0.272917 0.420312 0.404167 0.560937 0.329167 0.576562 0.085417 0.596875 0.293750 0.673438 0.293750 0.690625 0.366667 0.851562 0.239583 0.951562 0.304167 0.987500 0.152083 0.998437 0.272917 0.998437 0.000000