0 0.998437 0.560417 0.556250 0.529167 0.000000 0.587500 0.000000 0.997917 0.998437 0.997917
1 0.000000 0.500000 0.000000 0.585417 0.556250 0.527083 0.998437 0.558333
2 0.898438 0.466667 0.898438 0.470833 0.896875 0.472917 0.896875 0.493750 0.910937 0.493750 0.917188 0.489583 0.923438 0.489583 0.926562 0.485417 0.925000 0.483333 0.921875 0.483333 0.915625 0.475000 0.915625 0.470833 0.912500 0.468750 0.912500 0.462500 0.910937 0.460417 0.901563 0.462500 0.901563 0.464583
2 0.979688 0.452083 0.976562 0.456250 0.976562 0.464583 0.975000 0.466667 0.975000 0.487500 0.989062 0.487500 0.990625 0.491667 0.998437 0.491667 0.998437 0.470833 0.992188 0.464583 0.990625 0.454167 0.981250 0.466667 0.979688 0.464583
2 0.923438 0.431250 0.923438 0.443750 0.928125 0.454167 0.939063 0.454167 0.942187 0.458333 0.948438 0.445833 0.954688 0.452083 0.962500 0.445833 0.967187 0.458333 0.967187 0.477083 0.965625 0.431250 0.960938 0.431250 0.959375 0.427083 0.928125 0.427083
2 0.000000 0.118750 0.000000 0.497917 0.271875 0.506250 0.276562 0.320833 0.279687 0.506250 0.360938 0.506250 0.412500 0.352083 0.514062 0.381250 0.545312 0.468750 0.576562 0.266667 0.050000 0.035417
3 0.810937 0.454167 0.810937 0.481250 0.815625 0.487500 0.814063 0.500000 0.815625 0.506250 0.821875 0.506250 0.823438 0.502083 0.832812 0.502083 0.834375 0.497917 0.840625 0.497917 0.839063 0.495833 0.840625 0.458333 0.817187 0.454167 0.812500 0.456250
3 0.962500 0.447917 0.960938 0.447917 0.959375 0.452083 0.956250 0.452083 0.954688 0.454167 0.948438 0.447917 0.945312 0.456250 0.940625 0.460417 0.943750 0.462500 0.945312 0.466667 0.945312 0.477083 0.948438 0.477083 0.950000 0.479167 0.950000 0.483333 0.954688 0.483333 0.957812 0.477083 0.964063 0.477083 0.964063 0.472917 0.965625 0.470833 0.965625 0.458333
3 0.678125 0.437500 0.667188 0.437500 0.657813 0.447917 0.660937 0.477083 0.664062 0.479167 0.664062 0.485417 0.662500 0.487500 0.668750 0.487500 0.670312 0.485417 0.671875 0.456250 0.673438 0.454167 0.673438 0.447917 0.676562 0.443750
3 0.685937 0.435417 0.681250 0.437500 0.684375 0.445833 0.685937 0.483333 0.692187 0.491667 0.695312 0.491667 0.698438 0.485417 0.698438 0.445833 0.700000 0.443750 0.700000 0.437500 0.698438 0.435417
3 0.723437 0.433333 0.720313 0.435417 0.720313 0.439583 0.723437 0.447917 0.729688 0.454167 0.729688 0.462500 0.731250 0.466667 0.734375 0.468750 0.734375 0.475000 0.735938 0.470833 0.735938 0.433333
3 0.920312 0.431250 0.915625 0.437500 0.907813 0.437500 0.901563 0.445833 0.901563 0.460417 0.910937 0.458333 0.914062 0.462500 0.914062 0.468750 0.917188 0.470833 0.917188 0.475000 0.921875 0.481250 0.926562 0.483333 0.928125 0.481250 0.928125 0.458333 0.929688 0.456250 0.925000 0.452083 0.921875 0.443750 0.921875 0.431250
3 0.751563 0.431250 0.756250 0.437500 0.759375 0.452083 0.757812 0.477083 0.767188 0.477083 0.778125 0.495833 0.798438 0.495833 0.798438 0.445833 0.789062 0.445833 0.785937 0.433333 0.782813 0.431250
4 0.587500 0.458333 0.582812 0.497917 0.585938 0.508333 0.648438 0.508333 0.645312 0.489583 0.637500 0.489583 0.631250 0.481250 0.631250 0.464583
4 0.559375 0.454167 0.553125 0.454167 0.551562 0.466667 0.546875 0.470833 0.542188 0.468750 0.539062 0.464583 0.539062 0.460417 0.537500 0.483333 0.542188 0.495833 0.545312 0.497917 0.545312 0.508333 0.556250 0.508333 0.557813 0.506250 0.556250 0.493750 0.557813 0.485417 0.560937 0.481250 0.560937 0.462500 0.562500 0.460417 0.562500 0.456250
4 0.395313 0.443750 0.390625 0.443750 0.389062 0.466667 0.362500 0.466667 0.362500 0.506250 0.364063 0.491667 0.375000 0.491667 0.375000 0.506250 0.379688 0.508333 0.379688 0.493750 0.396875 0.485417 0.400000 0.475000 0.396875 0.472917
5 0.806250 0.429167 0.800000 0.431250 0.800000 0.506250 0.803125 0.508333 0.803125 0.518750 0.809375 0.506250 0.814063 0.506250 0.812500 0.502083 0.814063 0.487500 0.809375 0.481250 0.809375 0.441667
5 0.975000 0.410417 0.971875 0.414583 0.968750 0.414583 0.968750 0.481250 0.970313 0.487500 0.973437 0.487500 0.973437 0.466667 0.976562 0.452083 0.975000 0.443750 0.976562 0.414583
5 0.278125 0.379167 0.273438 0.385417 0.273438 0.531250 0.276562 0.531250
5 0.806250 0.085417 0.798438 0.087500 0.812500 0.139583 0.803125 0.387500 0.820312 0.210417 0.814063 0.202083 0.817187 0.112500
7 0.773438 0.391667 0.771875 0.408333 0.776563 0.414583 0.789062 0.414583 0.795312 0.402083 0.798438 0.408333 0.796875 0.427083 0.809375 0.429167 0.812500 0.422917 0.812500 0.395833 0.809375 0.389583 0.800000 0.389583 0.795312 0.400000 0.792188 0.389583 0.787500 0.385417 0.779687 0.385417
7 0.276562 0.322917 0.273438 0.325000 0.270313 0.333333 0.273438 0.352083 0.271875 0.354167 0.270313 0.377083 0.287500 0.379167 0.287500 0.358333 0.284375 0.356250 0.289062 0.345833 0.289062 0.335417 0.285938 0.327083 0.281250 0.322917
8 0.929688 0.458333 0.929688 0.481250 0.925000 0.489583 0.932813 0.487500 0.934375 0.491667 0.942187 0.491667 0.943750 0.487500 0.968750 0.487500 0.967187 0.479167 0.957812 0.479167 0.954688 0.485417 0.950000 0.485417 0.948438 0.479167 0.943750 0.477083 0.943750 0.466667 0.939063 0.460417 0.939063 0.456250
8 0.978125 0.420833 0.976562 0.437500 0.978125 0.452083 0.976562 0.454167 0.981250 0.443750 0.992188 0.441667 0.993750 0.443750 0.992188 0.460417 0.998437 0.468750 0.998437 0.429167 0.993750 0.435417 0.982812 0.435417 0.981250 0.425000
8 0.412500 0.354167 0.406250 0.381250 0.396875 0.385417 0.401562 0.477083 0.381250 0.493750 0.381250 0.508333 0.445312 0.518750 0.543750 0.508333 0.535937 0.437500 0.514062 0.383333 0.454688 0.354167
8 0.812500 0.258333 0.809375 0.439583 0.812500 0.454167 0.842187 0.458333 0.842187 0.497917 0.892188 0.502083 0.900000 0.445833 0.928125 0.414583 0.998437 0.412500 0.998437 0.352083 0.960938 0.379167 0.975000 0.341667 0.959375 0.339583 0.937500 0.289583 0.857812 0.310417 0.840625 0.291667 0.825000 0.312500
8 0.806250 0.245833 0.767188 0.347917 0.725000 0.322917 0.623437 0.416667 0.609375 0.293750 0.589063 0.402083 0.554688 0.404167 0.557813 0.508333 0.584375 0.508333 0.587500 0.456250 0.631250 0.462500 0.653125 0.508333 0.667188 0.435417 0.690625 0.491667 0.679688 0.437500 0.701562 0.414583 0.709375 0.497917 0.717187 0.470833 0.775000 0.491667 0.750000 0.431250 0.798438 0.443750 0.795312 0.404167 0.770312 0.404167 0.801562 0.387500
9 0.998437 0.493750 0.929688 0.489583 0.887500 0.508333 0.834375 0.500000 0.804688 0.520833 0.798438 0.497917 0.731250 0.495833 0.726562 0.518750 0.998437 0.541667
9 0.654687 0.510417 0.662500 0.512500 0.707812 0.514583 0.709375 0.500000 0.704688 0.493750 0.701562 0.497917 0.698438 0.493750 0.671875 0.493750 0.670312 0.489583 0.665625 0.489583 0.656250 0.500000
9 0.967187 0.416667 0.923438 0.420833 0.921875 0.429167 0.926562 0.429167 0.928125 0.425000 0.946875 0.425000 0.948438 0.427083 0.959375 0.425000 0.960938 0.429167 0.965625 0.429167
9 0.978125 0.414583 0.978125 0.418750 0.979688 0.420833 0.979688 0.422917 0.981250 0.422917 0.982812 0.425000 0.982812 0.433333 0.993750 0.433333 0.993750 0.431250 0.998437 0.427083 0.998437 0.414583 0.996875 0.414583 0.995313 0.412500 0.982812 0.412500 0.981250 0.414583
10 0.000000 0.000000 0.000000 0.116667 0.050000 0.033333 0.579688 0.266667 0.575000 0.414583 0.609375 0.291667 0.623437 0.414583 0.767188 0.345833 0.804688 0.083333 0.823438 0.308333 0.937500 0.287500 0.960938 0.377083 0.998437 0.350000 0.998437 0.000000