0 0.998437 0.554167 0.528125 0.525000 0.000000 0.593750 0.000000 0.997917 0.998437 0.997917
1 0.000000 0.591667 0.528125 0.522917 0.998437 0.539583 0.021875 0.514583
2 0.828125 0.460417 0.828125 0.472917 0.826562 0.475000 0.826562 0.485417 0.828125 0.487500 0.831250 0.487500 0.832812 0.485417 0.839063 0.485417 0.843750 0.481250 0.850000 0.479167 0.850000 0.477083 0.842187 0.477083 0.840625 0.475000 0.840625 0.466667 0.837500 0.464583 0.837500 0.460417 0.834375 0.458333
2 0.898438 0.456250 0.898438 0.470833 0.896875 0.472917 0.896875 0.479167 0.903125 0.479167 0.904687 0.481250 0.926562 0.481250 0.923438 0.475000 0.912500 0.466667 0.912500 0.462500 0.909375 0.456250
2 0.000000 0.000000 0.000000 0.529167 0.190625 0.506250 0.195312 0.300000 0.196875 0.506250 0.295312 0.506250 0.375000 0.337500 0.460938 0.372917 0.504687 0.462500 0.525000 0.258333
3 0.782813 0.456250 0.778125 0.454167 0.762500 0.458333 0.753125 0.456250 0.753125 0.500000 0.770312 0.497917 0.782813 0.489583
3 0.623437 0.433333 0.612500 0.433333 0.609375 0.439583 0.604688 0.441667 0.603125 0.445833 0.603125 0.460417 0.607812 0.468750 0.610938 0.481250 0.614062 0.481250 0.614062 0.479167 0.617188 0.477083 0.618750 0.443750 0.621875 0.439583
3 0.829688 0.447917 0.829688 0.458333 0.837500 0.458333 0.842187 0.466667 0.842187 0.475000 0.853125 0.475000 0.853125 0.456250 0.857812 0.447917 0.865625 0.450000 0.873437 0.475000 0.881250 0.470833 0.884375 0.464583 0.882812 0.445833 0.876563 0.447917 0.871875 0.441667 0.848437 0.431250 0.835938 0.437500
3 0.632812 0.431250 0.628125 0.433333 0.629687 0.437500 0.629687 0.462500 0.632812 0.468750 0.632812 0.477083 0.639062 0.483333 0.642188 0.477083 0.642188 0.462500 0.643750 0.460417 0.642188 0.456250 0.642188 0.443750 0.645312 0.433333 0.643750 0.431250
3 0.700000 0.429167 0.701562 0.466667 0.710938 0.470833 0.725000 0.485417 0.742188 0.485417 0.739062 0.454167 0.740625 0.447917 0.728125 0.441667 0.721875 0.435417 0.721875 0.431250 0.715625 0.427083
4 0.506250 0.464583 0.503125 0.464583 0.496875 0.468750 0.492188 0.468750 0.490625 0.466667 0.487500 0.468750 0.487500 0.481250 0.492188 0.489583 0.492188 0.495833 0.498437 0.504167 0.498437 0.506250 0.504687 0.506250 0.506250 0.472917 0.507812 0.470833
4 0.296875 0.506250 0.298438 0.506250 0.300000 0.487500 0.314063 0.487500 0.317188 0.491667 0.318750 0.487500 0.331250 0.487500 0.337500 0.483333 0.339062 0.479167 0.337500 0.466667 0.331250 0.466667 0.329688 0.462500 0.298438 0.462500 0.296875 0.464583
4 0.542188 0.456250 0.539062 0.464583 0.540625 0.506250 0.582812 0.506250 0.578125 0.458333
5 0.745313 0.425000 0.742188 0.452083 0.742188 0.479167 0.745313 0.491667 0.745313 0.502083 0.748437 0.504167 0.748437 0.508333 0.751563 0.502083 0.751563 0.435417 0.750000 0.425000
5 0.200000 0.366667 0.195312 0.366667 0.192188 0.537500 0.196875 0.514583
5 0.743750 0.083333 0.754687 0.120833 0.745313 0.375000 0.751563 0.383333 0.759375 0.118750 0.754687 0.093750
7 0.718750 0.387500 0.717187 0.400000 0.723437 0.410417 0.732812 0.410417 0.739062 0.404167 0.740625 0.397917 0.745313 0.404167 0.742188 0.408333 0.742188 0.422917 0.754687 0.422917 0.756250 0.389583 0.753125 0.385417 0.745313 0.385417 0.740625 0.393750 0.739062 0.387500 0.729688 0.379167
7 0.195312 0.302083 0.193750 0.306250 0.189062 0.306250 0.185938 0.312500 0.187500 0.327083 0.193750 0.337500 0.192188 0.341667 0.185938 0.341667 0.187500 0.362500 0.209375 0.364583 0.207813 0.343750 0.204687 0.341667 0.209375 0.329167 0.209375 0.318750 0.204687 0.308333
8 0.857812 0.450000 0.854688 0.456250 0.854688 0.475000 0.851562 0.477083 0.851562 0.479167 0.856250 0.479167 0.857812 0.481250 0.868750 0.481250 0.871875 0.477083 0.873437 0.477083 0.871875 0.472917 0.868750 0.470833 0.868750 0.466667 0.864062 0.454167 0.864062 0.450000
8 0.351562 0.345833 0.346875 0.370833 0.335938 0.375000 0.340625 0.479167 0.318750 0.489583 0.312500 0.506250 0.353125 0.518750 0.496875 0.506250 0.482812 0.477083 0.485938 0.435417 0.460938 0.375000 0.396875 0.343750
8 0.756250 0.239583 0.753125 0.454167 0.782813 0.454167 0.785937 0.491667 0.821875 0.502083 0.853125 0.414583 0.895312 0.408333 0.896875 0.431250 0.910937 0.406250 0.928125 0.483333 0.998437 0.497917 0.998437 0.279167 0.943750 0.318750 0.939063 0.362500 0.912500 0.352083 0.881250 0.379167 0.892188 0.343750 0.857812 0.295833 0.765625 0.310417 0.754687 0.264583 0.775000 0.241667
8 0.746875 0.216667 0.720313 0.337500 0.670312 0.320833 0.571875 0.416667 0.553125 0.293750 0.539062 0.395833 0.503125 0.400000 0.506250 0.506250 0.539062 0.506250 0.542188 0.454167 0.578125 0.456250 0.584375 0.506250 0.645312 0.487500 0.646875 0.410417 0.650000 0.487500 0.671875 0.464583 0.678125 0.491667 0.717187 0.487500 0.698438 0.429167 0.742188 0.439583 0.743750 0.404167 0.715625 0.393750 0.743750 0.387500
9 0.604688 0.493750 0.604688 0.506250 0.632812 0.506250 0.634375 0.508333 0.657813 0.506250 0.657813 0.495833 0.654687 0.493750 0.654687 0.489583 0.650000 0.489583 0.648438 0.493750 0.646875 0.489583 0.642188 0.487500 0.631250 0.489583 0.609375 0.487500
9 0.998437 0.537500 0.998437 0.500000 0.881250 0.477083 0.826562 0.489583 0.821875 0.504167 0.781250 0.491667 0.748437 0.510417 0.742188 0.487500 0.720313 0.483333 0.667188 0.504167 0.695312 0.518750
9 0.887500 0.454167 0.889062 0.447917 0.887500 0.410417 0.884375 0.410417 0.882812 0.414583 0.865625 0.412500 0.853125 0.416667 0.853125 0.420833 0.848437 0.429167 0.850000 0.431250 0.857812 0.433333 0.859375 0.429167 0.864062 0.429167 0.865625 0.437500 0.876563 0.443750 0.882812 0.443750
9 0.918750 0.410417 0.912500 0.410417 0.910937 0.408333 0.898438 0.410417 0.896875 0.414583 0.896875 0.420833 0.898438 0.422917 0.898438 0.431250 0.896875 0.433333 0.898438 0.454167 0.909375 0.454167 0.917188 0.435417 0.915625 0.433333 0.915625 0.425000 0.918750 0.418750
10 0.001563 0.000000 0.525000 0.256250 0.523438 0.412500 0.557813 0.287500 0.570312 0.414583 0.720313 0.335417 0.743750 0.081250 0.765625 0.308333 0.857812 0.293750 0.885938 0.377083 0.998437 0.277083 0.998437 0.000000