0 0.998437 0.500000 0.334375 0.510417 0.007812 0.572917 0.000000 0.997917 0.998437 0.997917
1 0.998437 0.477083 0.296875 0.489583 0.042188 0.531250 0.000000 0.575000 0.284375 0.512500
2 0.960938 0.337500 0.940625 0.337500 0.921875 0.352083 0.914062 0.389583 0.929688 0.402083 0.934375 0.402083 0.935937 0.397917 0.956250 0.397917 0.957812 0.393750 0.967187 0.393750 0.968750 0.379167 0.965625 0.368750 0.970313 0.364583 0.970313 0.358333 0.959375 0.345833
2 0.000000 0.085417 0.000000 0.293750 0.110937 0.366667 0.140625 0.416667 0.140625 0.475000 0.168750 0.506250 0.165625 0.391667 0.184375 0.385417 0.187500 0.406250 0.204687 0.387500 0.185938 0.356250 0.181250 0.206250 0.193750 0.197917 0.110937 0.181250 0.104688 0.145833
3 0.460938 0.416667 0.459375 0.420833 0.460938 0.466667 0.473438 0.466667 0.481250 0.456250 0.481250 0.427083 0.482812 0.420833 0.464062 0.420833
3 0.348438 0.408333 0.345313 0.414583 0.334375 0.414583 0.331250 0.425000 0.325000 0.422917 0.325000 0.412500 0.315625 0.414583 0.310937 0.420833 0.309375 0.445833 0.315625 0.464583 0.321875 0.464583 0.326562 0.452083 0.340625 0.464583 0.348438 0.464583 0.351562 0.445833
3 0.362500 0.406250 0.362500 0.408333 0.370312 0.418750 0.375000 0.418750 0.378125 0.422917 0.378125 0.429167 0.381250 0.431250 0.381250 0.435417 0.384375 0.443750 0.385937 0.439583 0.385937 0.427083 0.384375 0.425000 0.384375 0.410417 0.382812 0.408333 0.382812 0.402083
3 0.406250 0.400000 0.404687 0.443750 0.415625 0.443750 0.421875 0.456250 0.429688 0.460417 0.445312 0.456250 0.443750 0.408333 0.435937 0.410417 0.423438 0.406250 0.418750 0.400000
3 0.568750 0.381250 0.560937 0.381250 0.554688 0.389583 0.551562 0.383333 0.528125 0.387500 0.526563 0.395833 0.510938 0.410417 0.510938 0.445833 0.528125 0.443750 0.528125 0.420833 0.532813 0.414583 0.540625 0.439583 0.551562 0.439583 0.554688 0.425000 0.556250 0.439583 0.576562 0.439583 0.567187 0.418750
4 0.221875 0.437500 0.220312 0.481250 0.221875 0.489583 0.229687 0.497917 0.282813 0.489583 0.295312 0.491667 0.298438 0.487500 0.295312 0.472917 0.278125 0.458333 0.275000 0.439583
4 0.998437 0.393750 0.976562 0.395833 0.975000 0.470833 0.998437 0.475000
4 0.970313 0.466667 0.968750 0.393750 0.906250 0.406250 0.756250 0.406250 0.759375 0.437500 0.795312 0.452083
5 0.445312 0.395833 0.445312 0.412500 0.448437 0.414583 0.446875 0.416667 0.446875 0.456250 0.448437 0.466667 0.451562 0.468750 0.451562 0.475000 0.453125 0.475000 0.456250 0.466667 0.459375 0.468750 0.457813 0.416667 0.453125 0.412500 0.451562 0.395833
5 0.975000 0.347917 0.971875 0.350000 0.970313 0.379167 0.971875 0.475000 0.975000 0.464583 0.975000 0.385417 0.978125 0.350000
5 0.429688 0.054167 0.442188 0.095833 0.448437 0.356250 0.445312 0.095833 0.439063 0.062500
7 0.445312 0.358333 0.442188 0.362500 0.442188 0.370833 0.445312 0.375000 0.445312 0.377083 0.442188 0.379167 0.442188 0.387500 0.443750 0.389583 0.443750 0.393750 0.453125 0.393750 0.454688 0.391667 0.454688 0.379167 0.453125 0.377083 0.454688 0.372917 0.454688 0.362500 0.453125 0.362500 0.450000 0.358333
7 0.426563 0.352083 0.421875 0.358333 0.421875 0.360417 0.420312 0.362500 0.420312 0.370833 0.421875 0.372917 0.421875 0.377083 0.425000 0.381250 0.432812 0.381250 0.434375 0.379167 0.435937 0.379167 0.435937 0.377083 0.439063 0.372917 0.439063 0.362500 0.437500 0.360417 0.435937 0.354167 0.432812 0.354167 0.431250 0.352083
7 0.982812 0.297917 0.975000 0.295833 0.971875 0.300000 0.965625 0.302083 0.964063 0.306250 0.964063 0.320833 0.968750 0.325000 0.965625 0.329167 0.962500 0.329167 0.960938 0.345833 0.964063 0.350000 0.975000 0.345833 0.978125 0.347917 0.987500 0.341667 0.985938 0.325000 0.982812 0.322917 0.985938 0.316667 0.987500 0.302083 0.984375 0.302083
8 0.000000 0.295833 0.000000 0.541667 0.156250 0.506250 0.139063 0.475000 0.139063 0.416667 0.110937 0.368750 0.078125 0.333333
8 0.442188 0.200000 0.418750 0.314583 0.360938 0.297917 0.323437 0.364583 0.287500 0.341667 0.256250 0.404167 0.265625 0.331250 0.226562 0.250000 0.221875 0.372917 0.167187 0.391667 0.175000 0.506250 0.228125 0.497917 0.221875 0.435417 0.271875 0.435417 0.306250 0.487500 0.303125 0.422917 0.351562 0.383333 0.359375 0.464583 0.378125 0.400000 0.385937 0.464583 0.418750 0.458333 0.403125 0.404167 0.443750 0.406250
8 0.993750 0.062500 0.960938 0.193750 0.917188 0.052083 0.845313 0.222917 0.821875 0.187500 0.803125 0.252083 0.792188 0.185417 0.785937 0.285417 0.768750 0.204167 0.742188 0.314583 0.670312 0.250000 0.545312 0.358333 0.448437 0.229167 0.454688 0.412500 0.507812 0.460417 0.543750 0.381250 0.673438 0.454167 0.918750 0.402083 0.975000 0.293750 0.996875 0.393750
9 0.307812 0.487500 0.365625 0.487500 0.368750 0.485417 0.368750 0.477083 0.360938 0.466667 0.354687 0.475000 0.353125 0.466667 0.320312 0.464583 0.312500 0.468750
9 0.876563 0.466667 0.762500 0.439583 0.676562 0.456250 0.540625 0.441667 0.453125 0.477083 0.446875 0.458333 0.385937 0.466667 0.382812 0.487500
10 0.998437 0.102083 0.995313 0.114583 0.992188 0.175000 0.989062 0.181250 0.989062 0.202083 0.995313 0.218750 0.998437 0.216667
10 0.000000 0.000000 0.003125 0.087500 0.195312 0.197917 0.206250 0.387500 0.245312 0.243750 0.251563 0.402083 0.420312 0.310417 0.429688 0.052083 0.453125 0.272917 0.545312 0.356250 0.670312 0.247917 0.751563 0.306250 0.778125 0.179167 0.790625 0.281250 0.790625 0.185417 0.845313 0.220833 0.917188 0.050000 0.957812 0.191667 0.998437 0.000000