0 0.998437 0.504167 0.318750 0.514583 0.000000 0.583333 0.000000 0.997917 0.998437 0.997917
1 0.998437 0.479167 0.281250 0.495833 0.000000 0.545833 0.000000 0.581250 0.253125 0.518750
2 0.782813 0.362500 0.781250 0.364583 0.787500 0.368750 0.787500 0.377083 0.782813 0.389583 0.782813 0.402083 0.785937 0.406250 0.801562 0.404167 0.803125 0.397917 0.803125 0.372917 0.801562 0.370833 0.803125 0.368750 0.800000 0.362500
2 0.998437 0.343750 0.993750 0.341667 0.979688 0.347917 0.959375 0.379167 0.956250 0.391667 0.962500 0.393750 0.964063 0.397917 0.970313 0.397917 0.971875 0.402083 0.998437 0.397917
2 0.000000 0.077083 0.000000 0.289583 0.134375 0.339583 0.195312 0.456250 0.206250 0.391667 0.223438 0.395833 0.225000 0.418750 0.218750 0.216667 0.229687 0.206250 0.157812 0.195833 0.150000 0.160417
3 0.484375 0.416667 0.484375 0.437500 0.487500 0.439583 0.487500 0.470833 0.493750 0.470833 0.501563 0.466667 0.506250 0.460417 0.506250 0.435417 0.509375 0.433333 0.510938 0.425000 0.507812 0.422917 0.495312 0.422917 0.493750 0.425000 0.487500 0.416667
3 0.332813 0.427083 0.331250 0.441667 0.342187 0.456250 0.342187 0.466667 0.348438 0.466667 0.353125 0.456250 0.353125 0.425000 0.359375 0.418750 0.362500 0.425000 0.362500 0.458333 0.370312 0.466667 0.379688 0.464583 0.378125 0.410417 0.345313 0.412500
3 0.390625 0.408333 0.390625 0.412500 0.396875 0.420833 0.396875 0.429167 0.401562 0.427083 0.404687 0.431250 0.406250 0.443750 0.409375 0.445833 0.412500 0.454167 0.414062 0.441667 0.412500 0.439583 0.412500 0.414583 0.410938 0.412500 0.410938 0.406250
3 0.421875 0.404167 0.421875 0.414583 0.426563 0.406250 0.429688 0.408333 0.429688 0.452083 0.442188 0.452083 0.445312 0.458333 0.456250 0.464583 0.473438 0.464583 0.473438 0.422917 0.470313 0.408333 0.467187 0.412500 0.457813 0.402083
3 0.593750 0.385417 0.553125 0.389583 0.551562 0.397917 0.535937 0.414583 0.535937 0.452083 0.543750 0.454167 0.556250 0.443750 0.554688 0.425000 0.557813 0.420833 0.565625 0.445833 0.603125 0.443750 0.592187 0.425000 0.596875 0.393750
4 0.253125 0.439583 0.256250 0.460417 0.253125 0.462500 0.251563 0.487500 0.257812 0.495833 0.326562 0.491667 0.325000 0.479167 0.315625 0.472917 0.307812 0.460417 0.304688 0.441667
4 0.217188 0.437500 0.204687 0.437500 0.198437 0.445833 0.200000 0.452083 0.195312 0.458333 0.187500 0.458333 0.182812 0.452083 0.179688 0.458333 0.182812 0.477083 0.193750 0.489583 0.195312 0.502083 0.200000 0.506250 0.201563 0.502083 0.212500 0.502083 0.212500 0.487500 0.215625 0.485417 0.220312 0.468750 0.220312 0.441667
4 0.998437 0.400000 0.839063 0.416667 0.787500 0.408333 0.784375 0.443750 0.831250 0.462500 0.998437 0.477083
5 0.471875 0.400000 0.471875 0.412500 0.475000 0.416667 0.473438 0.458333 0.478125 0.481250 0.481250 0.475000 0.485938 0.475000 0.485938 0.439583 0.482812 0.437500 0.482812 0.410417 0.481250 0.450000 0.478125 0.443750 0.478125 0.400000
5 0.457813 0.064583 0.468750 0.102083 0.475000 0.360417 0.473438 0.097917
7 0.471875 0.362500 0.468750 0.366667 0.468750 0.377083 0.470313 0.379167 0.470313 0.383333 0.468750 0.385417 0.468750 0.393750 0.470313 0.397917 0.479687 0.397917 0.481250 0.391667 0.479687 0.389583 0.479687 0.383333 0.478125 0.379167 0.481250 0.370833 0.478125 0.364583 0.475000 0.362500
7 0.460938 0.358333 0.451562 0.358333 0.448437 0.362500 0.448437 0.366667 0.446875 0.368750 0.446875 0.377083 0.448437 0.379167 0.448437 0.381250 0.454688 0.387500 0.456250 0.387500 0.457813 0.385417 0.460938 0.385417 0.465625 0.377083 0.465625 0.368750
8 0.000000 0.291667 0.000000 0.543750 0.198437 0.506250 0.178125 0.464583 0.179688 0.416667 0.134375 0.341667 0.076563 0.306250
8 0.467187 0.212500 0.446875 0.320833 0.390625 0.302083 0.296875 0.395833 0.264062 0.256250 0.256250 0.375000 0.226562 0.383333 0.225000 0.420833 0.206250 0.393750 0.214062 0.502083 0.259375 0.497917 0.254688 0.435417 0.304688 0.439583 0.335938 0.491667 0.331250 0.427083 0.378125 0.389583 0.385937 0.466667 0.398438 0.404167 0.414062 0.466667 0.443750 0.458333 0.420312 0.404167 0.470313 0.406250
8 0.976562 0.052083 0.921875 0.085417 0.879687 0.222917 0.856250 0.191667 0.834375 0.252083 0.826562 0.183333 0.818750 0.289583 0.809375 0.187500 0.771875 0.318750 0.700000 0.252083 0.568750 0.362500 0.559375 0.300000 0.487500 0.293750 0.475000 0.245833 0.479687 0.410417 0.532813 0.468750 0.570312 0.383333 0.606250 0.445833 0.679688 0.454167 0.782813 0.445833 0.782813 0.360417 0.815625 0.412500 0.970313 0.402083 0.998437 0.341667
9 0.337500 0.491667 0.392188 0.487500 0.392188 0.479167 0.389062 0.468750 0.385937 0.468750 0.382812 0.487500 0.379688 0.466667 0.350000 0.466667 0.342187 0.468750
9 0.403125 0.487500 0.895312 0.470833 0.787500 0.445833 0.575000 0.445833 0.478125 0.483333 0.435937 0.460417
10 0.000000 0.000000 0.000000 0.075000 0.231250 0.206250 0.239063 0.391667 0.271875 0.247917 0.296875 0.393750 0.446875 0.318750 0.457813 0.062500 0.481250 0.279167 0.568750 0.360417 0.700000 0.250000 0.782813 0.310417 0.810937 0.181250 0.825000 0.283333 0.825000 0.183333 0.879687 0.220833 0.959375 0.043750 0.998437 0.175000 0.998437 0.000000