0 0.998437 0.520833 0.471875 0.518750 0.000000 0.604167 0.000000 0.997917 0.998437 0.997917
1 0.998437 0.504167 0.000000 0.541667 0.000000 0.602083 0.471875 0.516667
2 0.000000 0.060417 0.000000 0.539583 0.160938 0.520833 0.156250 0.329167 0.167187 0.518750 0.254688 0.516667 0.329688 0.350000 0.410938 0.383333 0.440625 0.481250 0.459375 0.464583 0.475000 0.268750
3 0.704688 0.437500 0.703125 0.439583 0.695312 0.439583 0.692187 0.443750 0.689063 0.443750 0.678125 0.452083 0.678125 0.485417 0.679688 0.487500 0.700000 0.485417 0.704688 0.479167 0.704688 0.445833 0.707812 0.443750
3 0.557813 0.431250 0.553125 0.441667 0.553125 0.458333 0.557813 0.477083 0.567187 0.477083 0.568750 0.441667 0.573438 0.429167 0.578125 0.433333 0.578125 0.456250 0.582812 0.475000 0.590625 0.477083 0.592187 0.427083 0.562500 0.427083
3 0.756250 0.427083 0.756250 0.458333 0.762500 0.458333 0.765625 0.462500 0.764062 0.466667 0.775000 0.460417 0.778125 0.454167 0.778125 0.437500 0.781250 0.433333 0.790625 0.441667 0.790625 0.447917 0.795312 0.454167 0.803125 0.443750 0.803125 0.429167 0.798438 0.422917 0.787500 0.425000 0.785937 0.420833 0.762500 0.420833
3 0.610938 0.422917 0.609375 0.425000 0.612500 0.431250 0.612500 0.435417 0.615625 0.435417 0.617188 0.437500 0.617188 0.443750 0.623437 0.460417 0.623437 0.466667 0.625000 0.462500 0.625000 0.456250 0.626563 0.454167 0.626563 0.441667 0.625000 0.439583 0.623437 0.420833
3 0.637500 0.420833 0.642188 0.437500 0.640625 0.456250 0.646875 0.462500 0.648438 0.470833 0.653125 0.477083 0.670312 0.481250 0.668750 0.435417 0.664062 0.435417 0.659375 0.429167 0.659375 0.416667 0.648438 0.416667
4 0.460938 0.464583 0.454688 0.468750 0.448437 0.468750 0.443750 0.477083 0.443750 0.485417 0.445312 0.487500 0.445312 0.491667 0.448437 0.493750 0.448437 0.500000 0.451562 0.502083 0.456250 0.502083 0.456250 0.493750 0.457813 0.491667 0.459375 0.477083 0.462500 0.472917 0.462500 0.466667
4 0.490625 0.456250 0.487500 0.491667 0.492188 0.500000 0.540625 0.497917 0.537500 0.497917 0.529687 0.485417 0.528125 0.456250 0.496875 0.452083
4 0.295312 0.447917 0.285938 0.447917 0.285938 0.466667 0.282813 0.472917 0.257812 0.472917 0.257812 0.516667 0.259375 0.500000 0.262500 0.495833 0.271875 0.497917 0.276562 0.504167 0.273438 0.514583 0.278125 0.516667 0.278125 0.502083 0.287500 0.500000 0.296875 0.491667
5 0.670312 0.416667 0.670312 0.468750 0.671875 0.470833 0.671875 0.487500 0.673438 0.491667 0.676562 0.491667 0.676562 0.431250 0.675000 0.429167 0.675000 0.416667
5 0.162500 0.387500 0.162500 0.545833 0.165625 0.545833 0.165625 0.389583
5 0.660937 0.114583 0.673438 0.147917 0.673438 0.381250 0.676562 0.135417
7 0.651563 0.379167 0.646875 0.387500 0.646875 0.400000 0.650000 0.404167 0.657813 0.404167 0.659375 0.402083 0.662500 0.402083 0.662500 0.397917 0.664062 0.395833 0.664062 0.389583 0.662500 0.387500 0.662500 0.383333 0.660937 0.381250 0.660937 0.379167
7 0.156250 0.331250 0.153125 0.341667 0.154688 0.343750 0.154688 0.356250 0.159375 0.362500 0.154688 0.364583 0.154688 0.383333 0.164062 0.387500 0.167187 0.385417 0.175000 0.387500 0.175000 0.372917 0.173437 0.366667 0.170313 0.364583 0.170313 0.360417 0.173437 0.358333 0.173437 0.339583 0.167187 0.331250
8 0.573438 0.431250 0.571875 0.439583 0.570312 0.441667 0.570312 0.468750 0.568750 0.470833 0.568750 0.477083 0.579688 0.477083 0.581250 0.475000 0.581250 0.470833 0.576562 0.456250 0.576562 0.433333
8 0.293750 0.389583 0.298438 0.491667 0.279687 0.502083 0.279687 0.514583 0.321875 0.522917 0.450000 0.502083 0.435937 0.472917 0.426563 0.408333 0.389062 0.368750 0.329688 0.352083 0.309375 0.358333 0.303125 0.387500
8 0.670312 0.252083 0.648438 0.343750 0.604688 0.322917 0.564063 0.393750 0.539062 0.370833 0.523438 0.416667 0.503125 0.295833 0.490625 0.395833 0.456250 0.408333 0.457813 0.502083 0.490625 0.500000 0.493750 0.450000 0.528125 0.454167 0.551562 0.497917 0.556250 0.431250 0.593750 0.418750 0.596875 0.458333 0.645312 0.472917 0.635938 0.420833 0.668750 0.433333
8 0.998437 0.218750 0.937500 0.285417 0.876563 0.285417 0.846875 0.350000 0.803125 0.368750 0.810937 0.333333 0.782813 0.289583 0.692187 0.314583 0.682813 0.239583 0.678125 0.450000 0.704688 0.435417 0.706250 0.475000 0.743750 0.479167 0.773438 0.397917 0.826562 0.393750 0.826562 0.458333 0.998437 0.464583
9 0.598437 0.489583 0.596875 0.485417 0.595313 0.489583 0.590625 0.479167 0.584375 0.479167 0.582812 0.477083 0.579688 0.479167 0.557813 0.479167 0.554688 0.485417 0.553125 0.497917 0.596875 0.497917
9 0.806250 0.397917 0.773438 0.400000 0.768750 0.406250 0.768750 0.414583 0.765625 0.418750 0.770312 0.420833 0.785937 0.418750 0.787500 0.422917 0.798438 0.420833 0.803125 0.427083 0.803125 0.410417 0.806250 0.408333
9 0.998437 0.466667 0.826562 0.460417 0.817187 0.437500 0.829688 0.402083 0.814063 0.395833 0.810937 0.462500 0.676562 0.493750 0.623437 0.475000 0.607812 0.497917 0.998437 0.502083
10 0.000000 0.000000 0.000000 0.058333 0.475000 0.266667 0.478125 0.410417 0.503125 0.293750 0.515625 0.414583 0.648438 0.341667 0.660937 0.112500 0.690625 0.310417 0.782813 0.287500 0.800000 0.366667 0.998437 0.216667 0.998437 0.000000