0 0.998437 0.547917 0.550000 0.525000 0.003125 0.593750 0.000000 0.997917 0.998437 0.997917
1 0.998437 0.535417 0.000000 0.516667 0.000000 0.593750 0.550000 0.522917
2 0.882812 0.437500 0.873437 0.437500 0.867188 0.445833 0.853125 0.445833 0.848437 0.477083 0.850000 0.485417 0.859375 0.483333 0.873437 0.475000 0.873437 0.468750 0.868750 0.462500 0.868750 0.450000 0.870313 0.447917 0.876563 0.450000 0.881250 0.443750 0.884375 0.445833
2 0.000000 0.031250 0.000000 0.514583 0.245312 0.510417 0.250000 0.325000 0.253125 0.510417 0.332813 0.508333 0.406250 0.350000 0.492188 0.393750 0.518750 0.506250 0.546875 0.268750
3 0.773438 0.447917 0.771875 0.450000 0.773438 0.495833 0.784375 0.491667 0.792188 0.491667 0.795312 0.487500 0.795312 0.479167 0.793750 0.477083 0.795312 0.470833 0.795312 0.454167 0.793750 0.452083 0.776563 0.452083
3 0.648438 0.435417 0.651563 0.437500 0.653125 0.443750 0.653125 0.464583 0.656250 0.472917 0.656250 0.483333 0.664062 0.485417 0.665625 0.481250 0.665625 0.435417
3 0.714063 0.429167 0.721875 0.437500 0.723437 0.443750 0.721875 0.466667 0.729688 0.470833 0.737500 0.485417 0.754687 0.485417 0.754687 0.466667 0.737500 0.456250 0.734375 0.450000 0.737500 0.441667 0.750000 0.441667 0.745313 0.431250 0.740625 0.427083
4 0.557813 0.460417 0.560937 0.462500 0.554688 0.506250 0.621875 0.506250 0.614062 0.487500 0.603125 0.481250 0.601562 0.464583 0.598437 0.460417 0.567187 0.456250
4 0.371875 0.445833 0.362500 0.445833 0.360938 0.466667 0.334375 0.470833 0.334375 0.510417 0.339062 0.508333 0.335938 0.502083 0.339062 0.491667 0.346875 0.493750 0.346875 0.506250 0.342187 0.508333 0.353125 0.510417 0.353125 0.495833 0.356250 0.491667 0.367188 0.491667 0.371875 0.487500
5 0.765625 0.427083 0.756250 0.427083 0.757812 0.443750 0.756250 0.491667 0.760938 0.508333 0.765625 0.502083 0.770312 0.502083 0.771875 0.497917 0.770312 0.450000 0.767188 0.447917
5 0.251563 0.385417 0.248438 0.385417 0.248438 0.506250 0.245312 0.533333 0.248438 0.535417 0.251563 0.531250
5 0.753125 0.102083 0.765625 0.147917 0.762500 0.387500 0.764062 0.281250 0.775000 0.256250 0.776563 0.214583 0.775000 0.175000 0.767188 0.210417 0.767188 0.118750
7 0.732812 0.389583 0.731250 0.402083 0.734375 0.412500 0.737500 0.414583 0.746875 0.412500 0.750000 0.402083 0.753125 0.400000 0.756250 0.406250 0.754687 0.425000 0.767188 0.425000 0.765625 0.408333 0.767188 0.393750 0.764062 0.389583 0.757812 0.389583 0.753125 0.397917 0.746875 0.385417 0.737500 0.385417
7 0.250000 0.327083 0.242188 0.333333 0.242188 0.352083 0.246875 0.358333 0.242188 0.362500 0.243750 0.364583 0.242188 0.379167 0.248438 0.383333 0.259375 0.383333 0.259375 0.362500 0.256250 0.358333 0.260937 0.352083 0.260937 0.337500 0.257812 0.331250
8 0.385937 0.358333 0.370312 0.387500 0.373437 0.487500 0.356250 0.493750 0.354687 0.508333 0.432812 0.518750 0.517188 0.506250 0.506250 0.477083 0.506250 0.431250 0.485938 0.387500 0.454688 0.362500 0.407813 0.352083
8 0.767188 0.266667 0.767188 0.437500 0.796875 0.454167 0.800000 0.491667 0.840625 0.497917 0.882812 0.408333 0.909375 0.408333 0.900000 0.466667 0.881250 0.445833 0.870313 0.479167 0.915625 0.481250 0.915625 0.406250 0.918750 0.479167 0.998437 0.491667 0.998437 0.289583 0.962500 0.358333 0.906250 0.379167 0.918750 0.339583 0.884375 0.291667 0.795312 0.295833 0.779687 0.318750
8 0.754687 0.239583 0.728125 0.347917 0.689063 0.322917 0.623437 0.404167 0.615625 0.372917 0.592187 0.397917 0.578125 0.295833 0.560937 0.402083 0.526563 0.414583 0.528125 0.506250 0.553125 0.506250 0.560937 0.454167 0.598437 0.458333 0.623437 0.502083 0.632812 0.435417 0.637500 0.485417 0.657813 0.485417 0.646875 0.435417 0.667188 0.414583 0.671875 0.477083 0.731250 0.485417 0.712500 0.429167 0.754687 0.439583 0.753125 0.402083 0.729688 0.402083 0.756250 0.391667
9 0.623437 0.506250 0.631250 0.506250 0.632812 0.508333 0.671875 0.508333 0.673438 0.497917 0.671875 0.493750 0.667188 0.495833 0.665625 0.489583 0.662500 0.487500 0.654687 0.487500 0.653125 0.489583 0.632812 0.487500 0.628125 0.489583
9 0.998437 0.493750 0.896875 0.479167 0.851562 0.485417 0.840625 0.500000 0.795312 0.489583 0.760938 0.510417 0.754687 0.487500 0.696875 0.489583 0.693750 0.514583 0.998437 0.533333
9 0.862500 0.431250 0.867188 0.435417 0.882812 0.435417 0.892188 0.456250 0.893750 0.445833 0.896875 0.443750 0.907813 0.445833 0.910937 0.414583 0.909375 0.410417 0.882812 0.410417 0.881250 0.414583 0.870313 0.416667 0.870313 0.425000 0.865625 0.431250
9 0.940625 0.408333 0.929688 0.406250 0.928125 0.410417 0.921875 0.410417 0.921875 0.418750 0.923438 0.420833 0.923438 0.443750 0.926562 0.443750 0.932813 0.435417 0.934375 0.435417 0.935937 0.425000 0.940625 0.414583
10 0.000000 0.000000 0.546875 0.266667 0.546875 0.414583 0.578125 0.293750 0.589063 0.418750 0.735938 0.335417 0.753125 0.100000 0.779687 0.316667 0.884375 0.289583 0.907813 0.377083 0.998437 0.287500 0.998437 0.000000
11 0.685937 0.468750 0.684375 0.472917 0.684375 0.506250 0.687500 0.508333 0.687500 0.512500 0.689063 0.514583 0.692187 0.514583 0.693750 0.479167 0.689063 0.472917 0.689063 0.470833