0 0.998437 0.556250 0.546875 0.525000 0.000000 0.591667 0.000000 0.997917 0.998437 0.997917
1 0.000000 0.589583 0.546875 0.522917 0.998437 0.541667 0.000000 0.525000
2 0.914062 0.412500 0.875000 0.414583 0.873437 0.425000 0.851562 0.445833 0.850000 0.489583 0.873437 0.485417 0.878125 0.477083 0.873437 0.462500 0.882812 0.450000 0.890625 0.454167 0.898438 0.481250 0.912500 0.481250
2 0.923438 0.410417 0.920312 0.483333 0.956250 0.485417 0.956250 0.479167 0.940625 0.466667 0.935937 0.458333 0.935937 0.447917 0.943750 0.435417 0.943750 0.414583 0.939063 0.408333
2 0.000000 0.000000 0.000000 0.522917 0.218750 0.506250 0.223438 0.306250 0.225000 0.506250 0.317188 0.506250 0.375000 0.341667 0.478125 0.372917 0.517188 0.464583 0.545312 0.260417
3 0.771875 0.441667 0.773438 0.500000 0.795312 0.502083 0.801562 0.497917 0.803125 0.468750 0.801562 0.454167 0.784375 0.452083 0.782813 0.447917 0.775000 0.447917
3 0.642188 0.433333 0.635938 0.433333 0.628125 0.437500 0.621875 0.447917 0.621875 0.464583 0.626563 0.475000 0.626563 0.485417 0.634375 0.485417 0.637500 0.477083 0.637500 0.445833 0.639062 0.443750 0.639062 0.437500 0.642188 0.435417
3 0.662500 0.431250 0.660937 0.433333 0.645312 0.433333 0.648438 0.441667 0.648438 0.456250 0.646875 0.458333 0.648438 0.485417 0.659375 0.487500 0.660937 0.483333
3 0.720313 0.429167 0.720313 0.456250 0.717187 0.470833 0.725000 0.470833 0.728125 0.466667 0.739062 0.487500 0.754687 0.493750 0.762500 0.491667 0.762500 0.445833 0.759375 0.443750 0.762500 0.439583 0.751563 0.435417 0.746875 0.427083
3 0.693750 0.427083 0.692187 0.431250 0.684375 0.431250 0.684375 0.437500 0.687500 0.443750 0.690625 0.445833 0.690625 0.454167 0.693750 0.456250 0.695312 0.475000 0.696875 0.477083 0.700000 0.470833 0.700000 0.450000 0.698438 0.447917 0.698438 0.437500 0.696875 0.435417 0.696875 0.431250 0.695312 0.431250
4 0.554688 0.456250 0.550000 0.506250 0.618750 0.506250 0.620313 0.502083 0.614062 0.497917 0.610938 0.481250 0.607812 0.483333 0.598437 0.472917 0.595313 0.458333
4 0.353125 0.452083 0.353125 0.458333 0.350000 0.462500 0.318750 0.464583 0.318750 0.506250 0.337500 0.508333 0.337500 0.495833 0.342187 0.487500 0.345313 0.487500 0.346875 0.491667 0.350000 0.487500 0.357812 0.487500 0.359375 0.466667 0.353125 0.458333
4 0.521875 0.450000 0.520312 0.452083 0.520312 0.460417 0.515625 0.468750 0.503125 0.470833 0.503125 0.481250 0.507812 0.485417 0.514062 0.506250 0.523438 0.506250 0.521875 0.491667 0.525000 0.485417 0.526563 0.466667 0.525000 0.464583 0.525000 0.452083
5 0.770312 0.427083 0.764062 0.427083 0.765625 0.510417 0.771875 0.502083 0.775000 0.502083 0.771875 0.500000 0.770312 0.481250
5 0.920312 0.410417 0.915625 0.412500 0.914062 0.470833 0.917188 0.472917 0.917188 0.483333 0.918750 0.483333 0.920312 0.431250 0.921875 0.429167
5 0.223438 0.368750 0.220312 0.533333 0.223438 0.533333 0.226562 0.370833
5 0.765625 0.081250 0.760938 0.091667 0.775000 0.122917 0.765625 0.220833 0.768750 0.383333 0.779687 0.114583
7 0.765625 0.385417 0.765625 0.387500 0.762500 0.389583 0.760938 0.393750 0.760938 0.400000 0.764062 0.406250 0.764062 0.408333 0.760938 0.410417 0.760938 0.422917 0.762500 0.425000 0.770312 0.425000 0.771875 0.422917 0.775000 0.422917 0.775000 0.410417 0.773438 0.408333 0.773438 0.404167 0.775000 0.402083 0.775000 0.391667 0.770312 0.385417
7 0.743750 0.381250 0.740625 0.383333 0.740625 0.385417 0.737500 0.389583 0.737500 0.406250 0.742188 0.412500 0.750000 0.412500 0.750000 0.410417 0.751563 0.408333 0.754687 0.408333 0.756250 0.404167 0.756250 0.385417 0.754687 0.385417 0.751563 0.381250
7 0.223438 0.308333 0.215625 0.314583 0.214062 0.325000 0.217188 0.329167 0.218750 0.337500 0.215625 0.343750 0.215625 0.366667 0.235937 0.368750 0.235937 0.352083 0.231250 0.343750 0.235937 0.335417 0.235937 0.318750 0.229687 0.310417
8 0.882812 0.452083 0.879687 0.456250 0.879687 0.470833 0.881250 0.475000 0.878125 0.481250 0.875000 0.483333 0.875000 0.485417 0.895312 0.485417 0.896875 0.481250 0.895312 0.479167 0.895312 0.475000 0.892188 0.472917 0.892188 0.462500 0.889062 0.460417 0.889062 0.454167
8 0.375000 0.343750 0.365625 0.377083 0.357812 0.375000 0.359375 0.487500 0.342187 0.489583 0.340625 0.506250 0.384375 0.518750 0.512500 0.506250 0.500000 0.472917 0.504687 0.437500 0.478125 0.375000 0.415625 0.343750
8 0.775000 0.277083 0.771875 0.439583 0.803125 0.454167 0.803125 0.493750 0.842187 0.506250 0.850000 0.445833 0.875000 0.412500 0.939063 0.406250 0.940625 0.464583 0.998437 0.495833 0.998437 0.300000 0.971875 0.316667 0.967187 0.358333 0.935937 0.352083 0.907813 0.379167 0.917188 0.341667 0.890625 0.318750 0.895312 0.302083 0.859375 0.289583 0.810937 0.312500 0.798438 0.291667 0.787500 0.310417
8 0.767188 0.233333 0.739062 0.337500 0.682813 0.322917 0.589063 0.416667 0.568750 0.295833 0.557813 0.395833 0.521875 0.397917 0.525000 0.506250 0.548438 0.506250 0.554688 0.454167 0.595313 0.456250 0.620313 0.500000 0.635938 0.431250 0.639062 0.487500 0.664062 0.431250 0.662500 0.487500 0.667188 0.410417 0.668750 0.487500 0.693750 0.425000 0.696875 0.485417 0.735938 0.487500 0.717187 0.441667 0.762500 0.437500
9 0.620313 0.504167 0.631250 0.508333 0.673438 0.510417 0.673438 0.489583 0.668750 0.489583 0.665625 0.504167 0.664062 0.489583 0.660937 0.487500 0.659375 0.489583 0.626563 0.487500
9 0.998437 0.539583 0.998437 0.497917 0.898438 0.483333 0.850000 0.491667 0.842187 0.508333 0.803125 0.495833 0.765625 0.512500 0.762500 0.493750 0.696875 0.487500 0.695312 0.516667
10 0.004687 0.000000 0.545312 0.258333 0.542188 0.412500 0.575000 0.289583 0.589063 0.414583 0.739062 0.335417 0.765625 0.079167 0.787500 0.308333 0.884375 0.291667 0.909375 0.377083 0.998437 0.297917 0.998437 0.000000