0 0.998437 0.466667 0.634375 0.460417 0.000000 0.556250 0.000000 0.997917 0.998437 0.997917
1 0.998437 0.427083 0.114062 0.504167 0.000000 0.554167 0.634375 0.458333 0.998437 0.464583
2 0.785937 0.316667 0.768750 0.318750 0.759375 0.335417 0.754687 0.335417 0.753125 0.329167 0.753125 0.339583 0.748437 0.352083 0.748437 0.366667 0.754687 0.366667 0.756250 0.370833 0.762500 0.370833 0.765625 0.366667 0.773438 0.370833 0.787500 0.366667 0.790625 0.362500 0.790625 0.337500 0.785937 0.331250
3 0.312500 0.400000 0.315625 0.418750 0.315625 0.456250 0.318750 0.460417 0.334375 0.460417 0.335938 0.456250 0.340625 0.456250 0.345313 0.450000 0.345313 0.425000 0.351562 0.410417 0.339062 0.408333 0.326562 0.412500 0.320312 0.410417 0.317188 0.400000
3 0.210938 0.397917 0.209375 0.402083 0.217188 0.422917 0.218750 0.418750 0.225000 0.420833 0.226562 0.433333 0.232813 0.441667 0.232813 0.452083 0.235937 0.456250 0.235937 0.452083 0.239063 0.450000 0.239063 0.435417 0.232813 0.395833
3 0.250000 0.393750 0.256250 0.395833 0.257812 0.433333 0.254688 0.437500 0.257812 0.445833 0.285938 0.452083 0.289062 0.447917 0.301563 0.450000 0.303125 0.410417 0.301563 0.414583 0.290625 0.410417 0.282813 0.416667 0.279687 0.408333 0.281250 0.402083 0.301563 0.404167 0.295312 0.393750 0.285938 0.389583
3 0.440625 0.366667 0.393750 0.372917 0.393750 0.381250 0.378125 0.395833 0.378125 0.435417 0.381250 0.441667 0.401562 0.433333 0.404687 0.416667 0.410938 0.429167 0.446875 0.429167 0.451562 0.425000 0.437500 0.402083
4 0.000000 0.445833 0.000000 0.522917 0.112500 0.506250 0.126562 0.497917 0.118750 0.470833 0.096875 0.460417 0.090625 0.445833
4 0.190625 0.404167 0.146875 0.406250 0.132812 0.416667 0.128125 0.425000 0.126562 0.443750 0.137500 0.458333 0.140625 0.475000 0.195312 0.468750
4 0.793750 0.435417 0.792188 0.364583 0.775000 0.372917 0.748437 0.368750 0.701562 0.379167 0.657813 0.372917 0.615625 0.383333 0.626563 0.408333 0.642188 0.408333 0.660937 0.422917
4 0.998437 0.341667 0.800000 0.366667 0.800000 0.435417 0.998437 0.425000
5 0.210938 0.441667 0.210938 0.454167 0.207813 0.458333 0.209375 0.495833 0.210938 0.497917 0.212500 0.495833 0.214062 0.497917 0.218750 0.497917 0.220312 0.495833 0.218750 0.447917 0.217188 0.441667
5 0.303125 0.383333 0.303125 0.447917 0.304688 0.460417 0.310937 0.466667 0.314063 0.475000 0.314063 0.464583 0.317188 0.462500 0.317188 0.458333 0.314063 0.456250 0.314063 0.418750 0.310937 0.408333 0.310937 0.387500 0.309375 0.383333
5 0.189062 0.379167 0.192188 0.387500 0.195312 0.464583 0.200000 0.475000 0.196875 0.410417 0.193750 0.406250 0.195312 0.379167
5 0.795312 0.327083 0.795312 0.435417 0.798438 0.435417 0.798438 0.327083
5 0.835938 0.141667 0.829688 0.143750 0.826562 0.164583 0.828125 0.166667 0.825000 0.218750 0.826562 0.231250 0.829688 0.229167 0.832812 0.154167
5 0.267188 0.000000 0.285938 0.052083 0.303125 0.339583 0.289062 0.050000 0.276562 0.000000
7 0.300000 0.341667 0.296875 0.350000 0.296875 0.356250 0.300000 0.362500 0.298438 0.366667 0.298438 0.381250 0.301563 0.383333 0.303125 0.381250 0.310937 0.381250 0.310937 0.364583 0.309375 0.362500 0.310937 0.360417 0.310937 0.350000 0.309375 0.347917 0.309375 0.343750 0.306250 0.341667
7 0.276562 0.337500 0.275000 0.341667 0.271875 0.341667 0.271875 0.362500 0.278125 0.368750 0.285938 0.368750 0.287500 0.370833 0.287500 0.368750 0.290625 0.366667 0.293750 0.358333 0.293750 0.347917 0.292187 0.343750 0.290625 0.343750 0.285938 0.337500
7 0.792188 0.281250 0.787500 0.285417 0.787500 0.300000 0.789062 0.302083 0.789062 0.308333 0.787500 0.310417 0.787500 0.325000 0.801562 0.325000 0.803125 0.320833 0.803125 0.310417 0.804688 0.306250 0.801562 0.304167 0.803125 0.297917 0.803125 0.281250
8 0.290625 0.175000 0.257812 0.306250 0.198437 0.279167 0.168750 0.341667 0.125000 0.368750 0.106250 0.327083 0.062500 0.400000 0.068750 0.308333 0.015625 0.208333 0.000000 0.443750 0.090625 0.443750 0.131250 0.495833 0.126562 0.425000 0.195312 0.377083 0.200000 0.437500 0.228125 0.435417 0.207813 0.400000 0.232813 0.393750 0.251563 0.456250 0.248438 0.393750 0.301563 0.387500
8 0.998437 0.000000 0.951562 0.002083 0.967187 0.108333 0.885938 0.125000 0.826562 0.233333 0.809375 0.089583 0.778125 0.189583 0.748437 0.058333 0.600000 0.297917 0.537500 0.235417 0.415625 0.343750 0.298438 0.206250 0.312500 0.397917 0.376563 0.450000 0.439063 0.362500 0.453125 0.425000 0.743750 0.372917 0.792188 0.279167 0.800000 0.364583 0.998437 0.339583
9 0.207813 0.475000 0.201563 0.468750 0.200000 0.477083 0.195312 0.470833 0.140625 0.477083 0.135937 0.493750 0.125000 0.502083 0.207813 0.493750
9 0.712500 0.433333 0.642188 0.410417 0.560937 0.435417 0.448437 0.427083 0.314063 0.477083 0.303125 0.452083 0.265625 0.447917 0.221875 0.491667
10 0.278125 0.000000 0.307812 0.250000 0.390625 0.268750 0.415625 0.341667 0.537500 0.233333 0.587500 0.277083 0.598437 0.231250 0.607812 0.291667 0.629687 0.170833 0.645312 0.268750 0.642188 0.181250 0.653125 0.243750 0.743750 0.058333 0.778125 0.187500 0.782813 0.066667 0.810937 0.089583 0.817187 0.227083 0.831250 0.139583 0.832812 0.212500 0.973437 0.050000 0.951562 0.000000
10 0.000000 0.000000 0.009375 0.287500 0.007812 0.216667 0.032813 0.206250 0.070312 0.308333 0.059375 0.397917 0.106250 0.325000 0.125000 0.366667 0.150000 0.356250 0.198437 0.277083 0.267188 0.293750 0.287500 0.108333 0.265625 0.000000
17 0.218750 0.435417 0.217188 0.439583 0.220312 0.447917 0.220312 0.464583 0.221875 0.466667 0.221875 0.477083 0.225000 0.477083 0.228125 0.470833 0.228125 0.462500 0.231250 0.460417 0.231250 0.456250 0.228125 0.454167 0.228125 0.450000 0.231250 0.447917 0.231250 0.445833 0.229687 0.445833 0.228125 0.441667 0.225000 0.439583 0.225000 0.437500