0 0.998437 0.706250 0.560937 0.604167 0.003125 0.637500 0.000000 0.997917 0.998437 0.997917
1 0.000000 0.464583 0.000000 0.637500 0.560937 0.602083 0.998437 0.704167 0.998437 0.645833 0.939063 0.604167 0.376563 0.558333
2 0.000000 0.000000 0.000000 0.462500 0.231250 0.497917 0.264062 0.429167 0.235937 0.497917 0.276562 0.502083 0.246875 0.375000 0.315625 0.195833 0.535937 0.295833 0.604688 0.456250 0.668750 0.387500 0.693750 0.145833 0.609375 0.154167 0.414062 0.000000
4 0.701562 0.481250 0.687500 0.550000 0.714063 0.564583 0.814063 0.572917 0.804688 0.570833 0.795312 0.543750 0.779687 0.539583 0.775000 0.497917 0.715625 0.479167
4 0.898438 0.472917 0.895312 0.560417 0.951562 0.568750 0.953125 0.541667 0.962500 0.533333 0.976562 0.558333 0.979688 0.543750 0.985938 0.541667 0.998437 0.566667 0.998437 0.477083
4 0.809375 0.483333 0.807813 0.506250 0.823438 0.529167 0.820312 0.543750 0.887500 0.558333 0.892188 0.472917 0.826562 0.472917
4 0.595313 0.447917 0.587500 0.487500 0.592187 0.508333 0.601562 0.522917 0.604688 0.554167 0.631250 0.556250 0.634375 0.531250 0.657813 0.508333 0.657813 0.481250 0.643750 0.460417 0.612500 0.460417
5 0.985938 0.543750 0.981250 0.543750 0.978125 0.560417 0.978125 0.577083 0.973437 0.602083 0.975000 0.614583 0.971875 0.616667 0.975000 0.635417 0.978125 0.635417 0.979688 0.631250 0.979688 0.618750 0.982812 0.612500 0.982812 0.572917 0.985938 0.570833
5 0.901563 0.443750 0.895312 0.443750 0.896875 0.468750 0.893750 0.470833 0.893750 0.508333 0.890625 0.510417 0.889062 0.585417 0.893750 0.560417 0.892188 0.539583 0.895312 0.537500 0.896875 0.462500 0.900000 0.460417 0.896875 0.447917
8 0.632812 0.556250 0.703125 0.562500 0.684375 0.541667 0.707812 0.477083 0.775000 0.495833 0.810937 0.570833 0.812500 0.477083 0.892188 0.470833 0.895312 0.441667 0.898438 0.470833 0.998437 0.475000 0.998437 0.350000 0.907813 0.331250 0.826562 0.425000 0.804688 0.375000 0.745313 0.458333 0.775000 0.356250 0.753125 0.235417 0.707812 0.322917 0.714063 0.425000 0.645312 0.389583 0.660937 0.493750
8 0.289062 0.235417 0.290625 0.285417 0.259375 0.295833 0.273438 0.372917 0.248438 0.381250 0.279687 0.420833 0.278125 0.502083 0.300000 0.539583 0.603125 0.554167 0.585938 0.487500 0.596875 0.425000 0.535937 0.297917 0.395313 0.212500 0.315625 0.197917 0.307812 0.241667
9 0.812500 0.575000 0.940625 0.604167 0.951562 0.583333 0.951562 0.570833 0.893750 0.562500 0.889062 0.587500 0.887500 0.560417 0.831250 0.545833 0.817187 0.550000
10 0.415625 0.000000 0.607812 0.112500 0.609375 0.152083 0.700000 0.150000 0.670312 0.383333 0.703125 0.433333 0.753125 0.233333 0.776563 0.356250 0.745313 0.456250 0.804688 0.372917 0.826562 0.422917 0.907813 0.329167 0.998437 0.347917 0.998437 0.000000
11 0.987500 0.556250 0.987500 0.570833 0.984375 0.572917 0.984375 0.583333 0.985938 0.585417 0.984375 0.610417 0.993750 0.612500 0.995313 0.616667 0.998437 0.616667 0.998437 0.587500 0.996875 0.585417 0.996875 0.572917 0.998437 0.568750 0.996875 0.562500 0.990625 0.556250
11 0.962500 0.535417 0.954688 0.541667 0.953125 0.583333 0.943750 0.606250 0.945312 0.622917 0.953125 0.627083 0.959375 0.627083 0.962500 0.608333 0.971875 0.604167 0.976562 0.577083 0.976562 0.560417 0.970313 0.554167