0 0.000000 0.543750 0.000000 0.997917 0.998437 0.997917 0.995313 0.687500 0.401562 0.545833
1 0.000000 0.472917 0.000000 0.541667 0.401562 0.543750 0.998437 0.687500 0.556250 0.539583
2 0.000000 0.000000 0.000000 0.237500 0.034375 0.175000 0.087500 0.179167 0.268750 0.300000 0.326562 0.433333 0.350000 0.429167 0.398438 0.187500 0.328125 0.166667 0.326562 0.133333 0.170313 0.000000
3 0.662500 0.477083 0.659375 0.554167 0.665625 0.558333 0.689063 0.560417 0.696875 0.545833 0.700000 0.493750 0.678125 0.493750
3 0.784375 0.472917 0.781250 0.475000 0.776563 0.543750 0.778125 0.547917 0.795312 0.550000 0.790625 0.543750 0.798438 0.535417 0.803125 0.535417 0.796875 0.525000 0.796875 0.514583 0.801562 0.508333 0.804688 0.487500 0.801562 0.477083
3 0.775000 0.470833 0.756250 0.468750 0.746875 0.483333 0.726562 0.491667 0.725000 0.539583 0.735938 0.539583 0.742188 0.533333 0.742188 0.512500 0.748437 0.506250 0.756250 0.537500 0.771875 0.543750
3 0.585938 0.456250 0.582812 0.472917 0.590625 0.470833 0.590625 0.491667 0.584375 0.500000 0.584375 0.516667 0.621875 0.525000 0.640625 0.543750 0.651563 0.543750 0.653125 0.468750 0.637500 0.458333
4 0.589063 0.470833 0.584375 0.477083 0.573438 0.456250 0.565625 0.456250 0.565625 0.466667 0.560937 0.466667 0.560937 0.472917 0.556250 0.475000 0.553125 0.462500 0.545312 0.458333 0.545312 0.481250 0.540625 0.493750 0.543750 0.514583 0.551562 0.510417 0.553125 0.481250 0.567187 0.487500 0.565625 0.483333 0.570312 0.481250 0.575000 0.464583 0.576562 0.487500 0.581250 0.477083 0.589063 0.487500
4 0.501563 0.447917 0.493750 0.468750 0.490625 0.468750 0.493750 0.502083 0.520312 0.502083 0.523438 0.506250 0.517188 0.491667 0.520312 0.477083 0.525000 0.468750 0.526563 0.495833 0.532813 0.491667 0.537500 0.466667 0.535937 0.458333 0.539062 0.456250 0.534375 0.450000
4 0.396875 0.445833 0.398438 0.464583 0.389062 0.489583 0.389062 0.510417 0.482812 0.522917 0.475000 0.493750 0.462500 0.485417 0.459375 0.464583
4 0.315625 0.416667 0.310937 0.431250 0.309375 0.456250 0.312500 0.470833 0.318750 0.477083 0.318750 0.502083 0.323437 0.506250 0.345313 0.506250 0.345313 0.489583 0.360938 0.470833 0.364063 0.456250 0.362500 0.439583 0.353125 0.429167 0.335938 0.429167 0.326562 0.435417 0.318750 0.416667
5 0.660937 0.452083 0.654687 0.452083 0.654687 0.512500 0.651563 0.545833 0.654687 0.568750 0.657813 0.560417 0.660937 0.518750
5 0.685937 0.002083 0.690625 0.068750 0.659375 0.402083 0.667188 0.395833 0.693750 0.075000
7 0.657813 0.404167 0.654687 0.410417 0.654687 0.422917 0.657813 0.427083 0.654687 0.429167 0.654687 0.450000 0.668750 0.450000 0.670312 0.408333 0.668750 0.404167
7 0.632812 0.393750 0.625000 0.406250 0.625000 0.416667 0.628125 0.425000 0.635938 0.431250 0.645312 0.429167 0.645312 0.427083 0.650000 0.422917 0.650000 0.402083 0.645312 0.393750
8 0.745313 0.508333 0.743750 0.512500 0.743750 0.533333 0.739062 0.539583 0.737500 0.539583 0.740625 0.543750 0.756250 0.543750 0.756250 0.539583 0.754687 0.537500 0.754687 0.529167 0.751563 0.527083 0.751563 0.516667 0.750000 0.514583 0.750000 0.510417 0.748437 0.508333
8 0.676562 0.283333 0.662500 0.475000 0.701562 0.493750 0.698438 0.545833 0.718750 0.554167 0.726562 0.489583 0.790625 0.470833 0.812500 0.554167 0.998437 0.616667 0.998437 0.358333 0.984375 0.372917 0.959375 0.337500 0.901563 0.379167 0.867188 0.364583 0.817187 0.431250 0.767188 0.443750 0.754687 0.372917 0.728125 0.345833 0.696875 0.358333
8 0.673438 0.222917 0.632812 0.275000 0.621875 0.364583 0.562500 0.343750 0.523438 0.402083 0.495312 0.406250 0.489063 0.370833 0.456250 0.420833 0.439063 0.260417 0.418750 0.397917 0.359375 0.358333 0.346875 0.506250 0.387500 0.510417 0.403125 0.443750 0.459375 0.462500 0.485938 0.518750 0.490625 0.458333 0.540625 0.425000 0.550000 0.460417 0.653125 0.466667
8 0.001563 0.231250 0.003125 0.475000 0.098437 0.497917 0.317188 0.502083 0.314063 0.395833 0.271875 0.306250 0.217188 0.254167 0.045312 0.172917
9 0.554688 0.537500 0.623437 0.575000 0.998437 0.662500 0.996875 0.614583 0.821875 0.556250 0.725000 0.541667 0.654687 0.570833 0.621875 0.527083 0.578125 0.518750
9 0.484375 0.520833 0.484375 0.525000 0.514062 0.529167 0.543750 0.537500 0.542188 0.512500 0.539062 0.516667 0.537500 0.533333 0.535937 0.510417 0.521875 0.508333 0.520312 0.504167 0.490625 0.504167 0.487500 0.518750
10 0.171875 0.000000 0.400000 0.187500 0.378125 0.356250 0.415625 0.397917 0.453125 0.260417 0.453125 0.418750 0.621875 0.362500 0.682813 0.000000 0.678125 0.297917 0.767188 0.441667 0.998437 0.356250 0.998437 0.000000
11 0.564063 0.487500 0.562500 0.489583 0.559375 0.489583 0.557813 0.493750 0.557813 0.525000 0.556250 0.527083 0.560937 0.535417 0.562500 0.543750 0.564063 0.518750 0.568750 0.514583 0.568750 0.497917