0 0.000000 0.445833 0.000000 0.997917 0.998437 0.997917 0.998437 0.697917
1 0.000000 0.414583 0.998437 0.695833 0.860938 0.618750
2 0.000000 0.000000 0.000000 0.214583 0.046875 0.318750 0.084375 0.339583 0.096875 0.254167 0.123438 0.260417 0.139063 0.087500 0.156250 0.079167 0.110937 0.035417 0.057813 0.025000 0.054688 0.000000
3 0.490625 0.439583 0.487500 0.481250 0.532813 0.483333 0.537500 0.491667 0.556250 0.491667 0.546875 0.468750 0.554688 0.443750 0.551562 0.427083 0.539062 0.427083 0.535937 0.458333 0.532813 0.456250 0.535937 0.429167 0.532813 0.425000 0.509375 0.420833 0.506250 0.431250
3 0.428125 0.418750 0.428125 0.435417 0.425000 0.445833 0.421875 0.483333 0.428125 0.487500 0.446875 0.487500 0.451562 0.481250 0.456250 0.437500 0.440625 0.433333 0.431250 0.425000 0.431250 0.418750
4 0.743750 0.516667 0.743750 0.554167 0.775000 0.560417 0.789062 0.583333 0.996875 0.668750 0.992188 0.552083 0.964063 0.572917 0.953125 0.539583 0.939063 0.564583 0.810937 0.539583 0.795312 0.520833
4 0.370312 0.393750 0.378125 0.406250 0.378125 0.422917 0.375000 0.435417 0.370312 0.437500 0.370312 0.445833 0.373437 0.447917 0.370312 0.456250 0.387500 0.458333 0.392188 0.472917 0.412500 0.477083 0.418750 0.412500 0.409375 0.410417 0.403125 0.400000 0.396875 0.400000 0.395313 0.395833
4 0.360938 0.389583 0.339062 0.385417 0.342187 0.410417 0.350000 0.416667 0.351562 0.431250 0.354687 0.433333 0.350000 0.447917 0.343750 0.445833 0.337500 0.452083 0.332813 0.447917 0.331250 0.460417 0.335938 0.464583 0.337500 0.460417 0.339062 0.466667 0.342187 0.460417 0.356250 0.456250 0.354687 0.445833 0.360938 0.418750
4 0.273438 0.375000 0.264062 0.400000 0.265625 0.433333 0.317188 0.443750 0.321875 0.475000 0.329688 0.425000 0.318750 0.416667 0.325000 0.383333
4 0.032813 0.350000 0.056250 0.418750 0.254688 0.450000 0.243750 0.420833 0.228125 0.410417 0.228125 0.387500 0.154688 0.358333 0.121875 0.358333 0.048438 0.320833
5 0.421875 0.397917 0.420312 0.425000 0.417187 0.431250 0.414062 0.460417 0.414062 0.481250 0.417187 0.483333 0.417187 0.497917 0.426563 0.435417 0.426563 0.400000
5 0.792188 0.295833 0.785937 0.325000 0.779687 0.314583 0.784375 0.335417 0.776563 0.475000
5 0.448437 0.012500 0.456250 0.077083 0.429688 0.291667 0.429688 0.356250 0.457813 0.039583
7 0.425000 0.356250 0.421875 0.358333 0.421875 0.362500 0.420312 0.364583 0.420312 0.370833 0.421875 0.372917 0.421875 0.377083 0.420312 0.379167 0.420312 0.395833 0.423438 0.397917 0.431250 0.397917 0.431250 0.375000 0.434375 0.368750 0.434375 0.364583 0.431250 0.360417 0.431250 0.358333
7 0.401562 0.343750 0.395313 0.354167 0.395313 0.366667 0.401562 0.377083 0.410938 0.377083 0.415625 0.370833 0.415625 0.352083 0.410938 0.343750
8 0.000000 0.216667 0.000000 0.412500 0.045312 0.418750 0.050000 0.414583 0.048438 0.395833 0.031250 0.358333 0.045312 0.318750 0.045312 0.300000 0.025000 0.262500 0.009375 0.252083 0.012500 0.227083
8 0.998437 0.585417 0.970313 0.202083 0.840625 0.383333 0.798438 0.395833 0.803125 0.325000 0.776563 0.477083 0.776563 0.406250 0.675000 0.337500 0.529687 0.400000 0.442188 0.239583 0.454688 0.481250 0.551562 0.425000 0.554688 0.495833 0.742188 0.554167 0.776563 0.485417
8 0.096875 0.258333 0.093750 0.339583 0.228125 0.385417 0.256250 0.450000 0.273438 0.372917 0.323437 0.368750 0.345313 0.445833 0.337500 0.385417 0.362500 0.389583 0.367188 0.458333 0.370312 0.391667 0.418750 0.410417 0.439063 0.206250 0.393750 0.318750 0.343750 0.279167 0.293750 0.335417 0.267188 0.291667 0.217188 0.335417 0.217188 0.160417 0.196875 0.225000 0.170313 0.222917 0.178125 0.310417 0.142187 0.250000
9 0.331250 0.462500 0.354687 0.491667 0.926562 0.641667 0.553125 0.493750 0.453125 0.479167 0.417187 0.500000 0.387500 0.460417
9 0.256250 0.452083 0.318750 0.470833 0.320312 0.464583 0.317188 0.456250 0.317188 0.445833 0.290625 0.441667 0.289062 0.437500 0.265625 0.435417 0.260937 0.450000
10 0.054688 0.006250 0.157812 0.079167 0.175000 0.308333 0.218750 0.160417 0.221875 0.337500 0.395313 0.314583 0.448437 0.010417 0.445312 0.270833 0.529687 0.397917 0.675000 0.335417 0.776563 0.404167 0.792188 0.293750 0.795312 0.414583 0.803125 0.322917 0.840625 0.381250 0.962500 0.200000 0.996875 0.345833 0.998437 0.000000