0 0.000000 0.537500 0.000000 0.997917 0.998437 0.997917 0.996875 0.704167 0.403125 0.545833
1 0.000000 0.466667 0.000000 0.535417 0.403125 0.543750 0.998437 0.704167 0.514062 0.531250
2 0.000000 0.000000 0.000000 0.200000 0.042188 0.141667 0.225000 0.235417 0.281250 0.291667 0.323437 0.410417 0.360938 0.427083 0.409375 0.175000 0.342187 0.156250 0.340625 0.120833 0.206250 0.000000
4 0.685937 0.489583 0.682813 0.564583 0.715625 0.572917 0.720313 0.552083 0.732812 0.550000 0.735938 0.502083 0.729688 0.504167 0.726562 0.512500 0.725000 0.502083 0.696875 0.495833 0.690625 0.500000
4 0.745313 0.502083 0.742188 0.547917 0.756250 0.547917 0.764062 0.518750 0.773438 0.550000 0.829688 0.564583 0.814063 0.533333 0.825000 0.489583 0.800000 0.487500 0.793750 0.552083 0.790625 0.479167 0.776563 0.479167
4 0.648438 0.462500 0.646875 0.491667 0.643750 0.493750 0.640625 0.533333 0.643750 0.535417 0.642188 0.554167 0.648438 0.550000 0.671875 0.556250 0.676562 0.475000
4 0.565625 0.456250 0.568750 0.481250 0.584375 0.508333 0.584375 0.525000 0.614062 0.529167 0.614062 0.489583 0.618750 0.477083 0.620313 0.529167 0.629687 0.529167 0.626563 0.512500 0.637500 0.468750 0.625000 0.460417 0.596875 0.458333 0.592187 0.472917 0.590625 0.456250
4 0.510938 0.450000 0.503125 0.462500 0.501563 0.472917 0.503125 0.483333 0.506250 0.485417 0.506250 0.502083 0.509375 0.506250 0.529687 0.506250 0.548438 0.514583 0.553125 0.452083 0.528125 0.447917
4 0.406250 0.441667 0.407813 0.456250 0.401562 0.477083 0.389062 0.493750 0.390625 0.510417 0.492188 0.525000 0.485938 0.497917 0.479687 0.497917 0.473438 0.487500 0.468750 0.462500
4 0.323437 0.412500 0.315625 0.450000 0.328125 0.477083 0.329688 0.502083 0.356250 0.506250 0.357812 0.483333 0.371875 0.475000 0.379688 0.462500 0.379688 0.441667
5 0.684375 0.456250 0.678125 0.456250 0.678125 0.506250 0.675000 0.508333 0.673438 0.564583 0.676562 0.570833 0.681250 0.568750
5 0.720313 0.000000 0.710938 0.000000 0.717187 0.075000 0.682813 0.404167 0.707812 0.222917
7 0.682813 0.406250 0.678125 0.412500 0.679688 0.433333 0.676562 0.443750 0.676562 0.452083 0.678125 0.454167 0.692187 0.456250 0.692187 0.435417 0.689063 0.433333 0.693750 0.429167 0.693750 0.420833 0.695312 0.418750 0.690625 0.406250
7 0.656250 0.393750 0.653125 0.395833 0.646875 0.406250 0.646875 0.422917 0.648438 0.427083 0.654687 0.433333 0.665625 0.433333 0.665625 0.431250 0.670312 0.427083 0.670312 0.422917 0.673438 0.414583 0.673438 0.406250 0.670312 0.404167 0.670312 0.400000 0.664062 0.393750
8 0.700000 0.302083 0.685937 0.487500 0.735938 0.500000 0.735938 0.554167 0.745313 0.500000 0.818750 0.481250 0.831250 0.564583 0.998437 0.629167 0.995313 0.352083 0.923438 0.387500 0.887500 0.372917 0.846875 0.400000 0.834375 0.443750 0.781250 0.452083 0.754687 0.352083 0.717187 0.362500
8 0.700000 0.218750 0.646875 0.275000 0.640625 0.366667 0.582812 0.343750 0.467187 0.420833 0.459375 0.252083 0.428125 0.397917 0.368750 0.356250 0.357812 0.506250 0.387500 0.508333 0.410938 0.439583 0.468750 0.460417 0.496875 0.527083 0.504687 0.456250 0.556250 0.425000 0.557813 0.506250 0.565625 0.454167 0.625000 0.458333 0.635938 0.533333 0.646875 0.462500 0.676562 0.472917
8 0.029687 0.150000 0.000000 0.202083 0.001563 0.466667 0.328125 0.502083 0.314063 0.450000 0.325000 0.393750 0.279687 0.291667 0.134375 0.181250
9 0.576562 0.556250 0.998437 0.677083 0.996875 0.629167 0.837500 0.566667 0.826562 0.581250 0.821875 0.564583 0.742188 0.550000 0.715625 0.575000 0.642188 0.556250 0.639062 0.531250 0.598437 0.525000
9 0.498437 0.525000 0.501563 0.529167 0.556250 0.539583 0.556250 0.516667 0.553125 0.516667 0.553125 0.531250 0.550000 0.533333 0.548438 0.516667 0.529687 0.508333 0.509375 0.508333 0.506250 0.504167
10 0.721875 0.000000 0.701562 0.304167 0.720313 0.316667 0.717187 0.360417 0.756250 0.352083 0.781250 0.450000 0.823438 0.425000 0.834375 0.441667 0.843750 0.402083 0.887500 0.370833 0.923438 0.385417 0.998437 0.356250 0.998437 0.000000
10 0.207813 0.000000 0.342187 0.154167 0.417187 0.183333 0.389062 0.354167 0.421875 0.393750 0.426563 0.308333 0.467187 0.254167 0.462500 0.418750 0.582812 0.341667 0.640625 0.364583 0.645312 0.275000 0.701562 0.212500 0.709375 0.000000
11 0.568750 0.508333 0.567187 0.510417 0.562500 0.510417 0.562500 0.512500 0.559375 0.514583 0.557813 0.518750 0.557813 0.550000 0.559375 0.552083 0.564063 0.552083 0.564063 0.545833 0.565625 0.543750 0.565625 0.531250 0.567187 0.529167 0.567187 0.520833 0.568750 0.518750
11 0.573438 0.493750 0.573438 0.529167 0.571875 0.531250 0.571875 0.537500 0.573438 0.539583 0.573438 0.554167 0.578125 0.554167 0.579688 0.552083 0.579688 0.537500 0.582812 0.529167 0.582812 0.518750 0.584375 0.514583 0.579688 0.502083 0.579688 0.497917 0.578125 0.497917 0.576562 0.493750