0 0.000000 0.466667 0.000000 0.997917 0.998437 0.997917 0.996875 0.760417 0.537500 0.556250
1 0.000000 0.385417 0.000000 0.464583 0.537500 0.554167 0.998437 0.762500 0.723437 0.572917 0.256250 0.414583
1 0.000000 0.377083 0.015625 0.383333 0.040625 0.383333 0.026562 0.383333 0.025000 0.377083 0.029687 0.372917 0.045312 0.377083 0.050000 0.372917 0.048438 0.364583 0.059375 0.356250 0.043750 0.350000 0.031250 0.350000 0.023438 0.343750 0.000000 0.343750
2 0.000000 0.000000 0.000000 0.341667 0.060937 0.356250 0.000000 0.383333 0.278125 0.422917 0.257812 0.302083 0.328125 0.154167 0.514062 0.283333 0.581250 0.450000 0.623437 0.381250 0.667188 0.177083 0.590625 0.160417 0.450000 0.000000
4 0.745313 0.497917 0.743750 0.560417 0.793750 0.575000 0.804688 0.600000 0.810937 0.585417 0.832812 0.589583 0.834375 0.606250 0.856250 0.591667 0.860938 0.608333 0.981250 0.647917 0.998437 0.675000 0.998437 0.543750 0.823438 0.504167 0.812500 0.556250 0.815625 0.500000
4 0.554688 0.427083 0.545312 0.456250 0.554688 0.518750 0.731250 0.575000 0.707812 0.497917 0.612500 0.466667 0.593750 0.441667 0.581250 0.452083
8 0.601562 0.383333 0.601562 0.454167 0.707812 0.495833 0.732812 0.575000 0.762500 0.487500 0.998437 0.541667 0.998437 0.379167 0.987500 0.404167 0.976562 0.366667 0.950000 0.425000 0.851562 0.377083 0.760938 0.447917 0.750000 0.400000 0.700000 0.458333 0.725000 0.375000 0.714063 0.260417 0.667188 0.333333 0.665625 0.431250 0.639062 0.379167
8 0.273438 0.231250 0.279687 0.293750 0.259375 0.302083 0.284375 0.345833 0.278125 0.418750 0.292187 0.454167 0.553125 0.518750 0.543750 0.456250 0.557813 0.404167 0.521875 0.295833 0.473438 0.241667 0.329688 0.156250 0.298438 0.225000
9 0.850000 0.639583 0.889062 0.670833 0.998437 0.725000 0.998437 0.677083 0.987500 0.670833 0.981250 0.650000 0.895312 0.614583 0.882812 0.614583 0.871875 0.635417 0.857812 0.629167
9 0.734375 0.572917 0.734375 0.579167 0.821875 0.612500 0.832812 0.622917 0.832812 0.591667 0.826562 0.587500 0.810937 0.587500 0.804688 0.602083 0.801562 0.583333 0.775000 0.566667 0.743750 0.562500 0.739062 0.572917
10 0.451562 0.000000 0.590625 0.158333 0.668750 0.177083 0.625000 0.375000 0.654687 0.422917 0.714063 0.258333 0.700000 0.456250 0.851562 0.375000 0.950000 0.422917 0.976562 0.364583 0.992188 0.402083 0.998437 0.000000
18 0.857812 0.600000 0.856250 0.604167 0.857812 0.610417 0.854688 0.612500 0.854688 0.620833 0.851562 0.622917 0.853125 0.637500 0.854688 0.637500 0.854688 0.631250 0.857812 0.627083 0.862500 0.633333 0.864062 0.633333 0.865625 0.627083 0.871875 0.633333 0.879687 0.616667 0.875000 0.616667 0.870313 0.608333 0.860938 0.610417