0 0.000000 0.458333 0.000000 0.997917 0.998437 0.997917 0.995313 0.760417 0.537500 0.552083
1 0.000000 0.381250 0.003125 0.458333 0.537500 0.550000 0.998437 0.762500 0.717187 0.572917 0.096875 0.379167 0.135937 0.412500
1 0.000000 0.343750 0.000000 0.366667 0.009375 0.364583 0.014063 0.360417 0.026562 0.360417 0.028125 0.358333 0.031250 0.358333 0.029687 0.354167 0.026562 0.354167 0.025000 0.352083 0.014063 0.352083 0.012500 0.350000 0.007812 0.350000 0.006250 0.347917 0.003125 0.347917
2 0.000000 0.000000 0.000000 0.341667 0.032813 0.356250 0.003125 0.381250 0.248438 0.420833 0.228125 0.289583 0.296875 0.143750 0.490625 0.283333 0.534375 0.418750 0.595313 0.362500 0.634375 0.177083 0.559375 0.154167 0.435937 0.004167
4 0.710938 0.487500 0.706250 0.558333 0.720313 0.550000 0.765625 0.585417 0.782813 0.575000 0.793750 0.610417 0.809375 0.572917 0.814063 0.610417 0.835938 0.595833 0.887500 0.610417 0.987500 0.668750 0.990625 0.550000 0.781250 0.491667 0.776563 0.514583 0.771875 0.489583
4 0.515625 0.435417 0.526563 0.510417 0.700000 0.564583 0.678125 0.525000 0.676562 0.489583 0.618750 0.462500 0.576562 0.456250 0.562500 0.431250 0.528125 0.414583
5 0.998437 0.587500 0.998437 0.620833 0.995313 0.622917 0.995313 0.633333 0.992188 0.635417 0.990625 0.660417 0.987500 0.662500 0.987500 0.683333 0.993750 0.687500 0.998437 0.687500
7 0.975000 0.435417 0.956250 0.437500 0.945312 0.452083 0.943750 0.468750 0.950000 0.485417 0.957812 0.487500 0.959375 0.491667 0.975000 0.491667 0.989062 0.477083 0.990625 0.454167 0.985938 0.443750 0.984375 0.445833 0.981250 0.439583
8 0.998437 0.231250 0.981250 0.291667 0.951562 0.279167 0.943750 0.320833 0.934375 0.285417 0.904687 0.412500 0.809375 0.372917 0.759375 0.431250 0.720313 0.435417 0.714063 0.393750 0.664062 0.443750 0.679688 0.258333 0.635938 0.325000 0.634375 0.422917 0.575000 0.368750 0.565625 0.443750 0.676562 0.487500 0.701562 0.564583 0.710938 0.485417 0.781250 0.475000 0.990625 0.547917
8 0.296875 0.145833 0.268750 0.212500 0.245312 0.218750 0.248438 0.287500 0.229687 0.289583 0.254688 0.335417 0.257812 0.439583 0.523438 0.508333 0.512500 0.445833 0.528125 0.393750 0.490625 0.285417 0.371875 0.179167
9 0.804688 0.614583 0.812500 0.633333 0.998437 0.727083 0.998437 0.689583 0.985938 0.675000 0.928125 0.650000 0.918750 0.627083 0.842187 0.597917
9 0.701562 0.566667 0.784375 0.600000 0.792188 0.616667 0.800000 0.610417 0.798438 0.602083 0.793750 0.614583 0.787500 0.606250 0.782813 0.577083 0.771875 0.575000 0.765625 0.587500 0.757812 0.570833 0.726562 0.562500 0.720313 0.552083 0.710938 0.552083 0.710938 0.558333
10 0.945312 0.327083 0.939063 0.327083 0.935937 0.333333 0.935937 0.341667 0.932813 0.343750 0.932813 0.352083 0.929688 0.356250 0.929688 0.362500 0.932813 0.364583 0.932813 0.372917 0.934375 0.370833 0.935937 0.372917 0.945312 0.368750 0.946875 0.366667 0.946875 0.358333 0.950000 0.356250 0.950000 0.343750 0.948438 0.341667 0.948438 0.333333 0.950000 0.331250
10 0.429688 0.000000 0.559375 0.152083 0.635938 0.177083 0.576562 0.356250 0.632812 0.422917 0.634375 0.325000 0.685937 0.260417 0.667188 0.443750 0.809375 0.370833 0.904687 0.410417 0.932813 0.285417 0.943750 0.318750 0.990625 0.264583 0.998437 0.000000