0 0.000000 0.352083 0.000000 0.997917 0.998437 0.997917 0.995313 0.760417 0.490625 0.493750
1 0.000000 0.256250 0.001563 0.352083 0.453125 0.477083 0.771875 0.631250 0.596875 0.512500
2 0.209375 0.291667 0.207813 0.295833 0.209375 0.302083 0.206250 0.304167 0.206250 0.312500 0.210938 0.316667 0.218750 0.316667 0.220312 0.318750 0.228125 0.318750 0.231250 0.320833 0.229687 0.320833 0.225000 0.312500 0.229687 0.310417 0.232813 0.314583 0.232813 0.306250 0.234375 0.304167 0.231250 0.300000 0.226562 0.300000 0.218750 0.293750
2 0.000000 0.000000 0.001563 0.256250 0.226562 0.350000 0.190625 0.285417 0.243750 0.295833 0.239063 0.197917 0.290625 0.137500 0.448437 0.266667 0.459375 0.337500 0.525000 0.318750 0.556250 0.175000 0.496875 0.150000 0.390625 0.000000
4 0.460938 0.339583 0.460938 0.454167 0.632812 0.506250 0.664062 0.552083 0.725000 0.550000 0.815625 0.616667 0.990625 0.662500 0.968750 0.614583 0.987500 0.562500 0.817187 0.539583 0.776563 0.489583 0.631250 0.443750 0.609375 0.493750 0.576562 0.441667 0.501563 0.412500 0.501563 0.327083
4 0.193750 0.281250 0.193750 0.289583 0.196875 0.283333 0.201563 0.283333 0.204687 0.289583 0.201563 0.320833 0.207813 0.318750 0.232813 0.333333 0.239063 0.331250 0.239063 0.322917 0.243750 0.314583 0.240625 0.312500 0.240625 0.300000 0.206250 0.285417 0.200000 0.279167
5 0.885938 0.025000 0.881250 0.102083 0.809375 0.441667 0.887500 0.093750
7 0.803125 0.441667 0.798438 0.447917 0.796875 0.454167 0.798438 0.464583 0.795312 0.466667 0.795312 0.475000 0.792188 0.477083 0.792188 0.487500 0.807813 0.493750 0.810937 0.481250 0.810937 0.468750 0.815625 0.460417 0.815625 0.452083 0.814063 0.445833 0.807813 0.441667
7 0.773438 0.425000 0.768750 0.429167 0.765625 0.437500 0.765625 0.456250 0.773438 0.464583 0.784375 0.464583 0.785937 0.460417 0.789062 0.460417 0.790625 0.452083 0.793750 0.450000 0.793750 0.437500 0.785937 0.425000
8 0.840625 0.316667 0.800000 0.508333 0.817187 0.537500 0.873437 0.554167 0.920312 0.537500 0.990625 0.562500 0.970313 0.614583 0.998437 0.664583 0.998437 0.504167 0.943750 0.514583 0.951562 0.479167 0.929688 0.445833 0.935937 0.429167 0.903125 0.397917 0.857812 0.400000 0.865625 0.356250 0.845313 0.360417
8 0.842187 0.256250 0.825000 0.243750 0.767188 0.389583 0.703125 0.354167 0.660937 0.404167 0.631250 0.406250 0.628125 0.364583 0.584375 0.404167 0.595313 0.245833 0.576562 0.304167 0.557813 0.300000 0.554688 0.377083 0.543750 0.337500 0.503125 0.327083 0.493750 0.391667 0.609375 0.491667 0.631250 0.441667 0.790625 0.497917
8 0.281250 0.143750 0.240625 0.197917 0.242188 0.245833 0.229687 0.256250 0.248438 0.327083 0.226562 0.360417 0.315625 0.412500 0.459375 0.454167 0.454688 0.393750 0.467187 0.362500 0.442188 0.270833 0.345313 0.170833
9 0.600000 0.512500 0.776563 0.641667 0.998437 0.762500 0.998437 0.666667 0.884375 0.618750 0.815625 0.618750 0.725000 0.552083 0.664062 0.554167 0.657813 0.520833
10 0.392188 0.000000 0.557813 0.175000 0.523438 0.325000 0.553125 0.377083 0.601562 0.247917 0.584375 0.402083 0.779687 0.372917 0.885938 0.022917 0.842187 0.341667 0.937500 0.429167 0.943750 0.512500 0.998437 0.502083 0.998437 0.000000