0 0.998437 0.747917 0.668750 0.700000 0.406250 0.718750 0.001563 0.883333 0.000000 0.997917 0.998437 0.997917
1 0.998437 0.643750 0.635938 0.535417 0.301563 0.570833 0.003125 0.654167 0.000000 0.883333 0.459375 0.706250 0.998437 0.745833
2 0.646875 0.164583 0.643750 0.177083 0.643750 0.204167 0.640625 0.210417 0.643750 0.222917 0.640625 0.241667 0.640625 0.285417 0.643750 0.295833 0.646875 0.291667 0.650000 0.247917 0.646875 0.227083 0.650000 0.220833
2 0.015625 0.000000 0.034375 0.033333 0.003125 0.041667 0.046875 0.100000 0.032813 0.122917 0.131250 0.131250 0.153125 0.172917 0.139063 0.239583 0.235937 0.341667 0.229687 0.383333 0.326562 0.406250 0.329688 0.354167 0.359375 0.352083 0.364063 0.391667 0.370312 0.000000
3 0.776563 0.466667 0.776563 0.485417 0.781250 0.493750 0.795312 0.493750 0.800000 0.489583 0.807813 0.489583 0.809375 0.491667 0.815625 0.481250 0.815625 0.466667 0.810937 0.458333 0.807813 0.458333 0.806250 0.462500 0.795312 0.462500 0.793750 0.456250 0.784375 0.456250
3 0.856250 0.441667 0.854688 0.441667 0.853125 0.445833 0.848437 0.445833 0.846875 0.447917 0.846875 0.460417 0.845313 0.462500 0.845313 0.487500 0.846875 0.489583 0.856250 0.489583 0.856250 0.454167 0.857812 0.452083
3 0.512500 0.435417 0.510938 0.443750 0.520312 0.450000 0.525000 0.431250 0.529687 0.425000 0.534375 0.427083 0.537500 0.437500 0.537500 0.454167 0.534375 0.458333 0.539062 0.491667 0.551562 0.491667 0.554688 0.470833 0.553125 0.431250 0.556250 0.425000 0.523438 0.425000
3 0.567187 0.422917 0.567187 0.425000 0.568750 0.425000 0.570312 0.429167 0.573438 0.431250 0.573438 0.439583 0.575000 0.441667 0.575000 0.452083 0.576562 0.454167 0.582812 0.454167 0.582812 0.420833 0.570312 0.420833
3 0.590625 0.418750 0.589063 0.420833 0.589063 0.445833 0.587500 0.450000 0.589063 0.452083 0.589063 0.462500 0.592187 0.468750 0.592187 0.481250 0.596875 0.481250 0.598437 0.477083 0.598437 0.435417 0.596875 0.433333 0.596875 0.420833 0.593750 0.418750 0.592187 0.420833
3 0.612500 0.418750 0.612500 0.427083 0.617188 0.425000 0.620313 0.429167 0.620313 0.464583 0.614062 0.477083 0.618750 0.481250 0.621875 0.479167 0.628125 0.487500 0.637500 0.487500 0.640625 0.495833 0.645312 0.495833 0.646875 0.466667 0.653125 0.450000 0.653125 0.435417 0.646875 0.431250 0.642188 0.418750
3 0.757812 0.410417 0.700000 0.414583 0.698438 0.425000 0.696875 0.414583 0.682813 0.414583 0.685937 0.439583 0.675000 0.452083 0.670312 0.491667 0.681250 0.495833 0.703125 0.475000 0.704688 0.460417 0.715625 0.456250 0.721875 0.422917 0.731250 0.422917 0.737500 0.447917 0.742188 0.450000 0.754687 0.433333
3 0.910937 0.406250 0.907813 0.416667 0.893750 0.437500 0.878125 0.437500 0.875000 0.491667 0.912500 0.491667 0.910937 0.468750 0.906250 0.466667 0.903125 0.458333 0.903125 0.447917 0.907813 0.445833 0.912500 0.435417
4 0.412500 0.433333 0.409375 0.487500 0.396875 0.500000 0.404687 0.529167 0.421875 0.531250 0.434375 0.543750 0.528125 0.531250 0.517188 0.514583 0.514062 0.491667 0.496875 0.485417 0.493750 0.450000
4 0.220312 0.389583 0.221875 0.422917 0.245312 0.416667 0.217188 0.454167 0.235937 0.502083 0.265625 0.531250 0.257812 0.568750 0.271875 0.579167 0.321875 0.568750 0.321875 0.525000 0.354687 0.506250 0.345313 0.416667 0.257812 0.389583
4 0.134375 0.158333 0.129688 0.137500 0.131250 0.133333 0.120313 0.133333 0.107813 0.137500 0.101562 0.135417 0.100000 0.139583 0.098437 0.137500 0.092188 0.139583 0.098437 0.150000 0.106250 0.156250 0.106250 0.160417 0.109375 0.164583 0.117188 0.164583 0.125000 0.158333 0.129688 0.160417
5 0.728125 0.468750 0.725000 0.493750 0.725000 0.585417 0.728125 0.585417
7 0.998437 0.387500 0.971875 0.393750 0.971875 0.443750 0.975000 0.445833 0.976562 0.470833 0.982812 0.470833 0.987500 0.454167 0.998437 0.458333
7 0.964063 0.218750 0.945312 0.235417 0.939063 0.258333 0.940625 0.279167 0.951562 0.297917 0.964063 0.302083 0.981250 0.300000 0.998437 0.283333 0.998437 0.233333 0.984375 0.218750
8 0.946875 0.025000 0.843750 0.052083 0.790625 0.306250 0.582812 0.291667 0.517188 0.379167 0.453125 0.150000 0.432812 0.383333 0.331250 0.354167 0.323437 0.568750 0.434375 0.545833 0.412500 0.431250 0.529687 0.529167 0.554688 0.420833 0.581250 0.497917 0.584375 0.387500 0.587500 0.497917 0.757812 0.408333 0.721875 0.502083 0.840625 0.543750 0.856250 0.439583 0.867188 0.568750 0.909375 0.404167 0.914062 0.495833 0.998437 0.495833
8 0.000000 0.000000 0.000000 0.658333 0.270313 0.579167 0.215625 0.454167 0.243750 0.418750 0.215625 0.400000 0.234375 0.341667 0.137500 0.239583 0.148438 0.166667 0.031250 0.122917 0.045312 0.100000 0.001563 0.041667 0.031250 0.025000
9 0.723437 0.504167 0.721875 0.504167 0.720313 0.510417 0.721875 0.533333 0.714063 0.543750 0.714063 0.562500 0.710938 0.564583 0.710938 0.568750 0.717187 0.570833 0.718750 0.575000 0.723437 0.575000
9 0.531250 0.527083 0.676562 0.537500 0.700000 0.500000 0.650000 0.508333 0.645312 0.500000 0.590625 0.497917 0.584375 0.525000 0.579688 0.497917 0.537500 0.493750 0.531250 0.500000
9 0.729688 0.508333 0.734375 0.583333 0.998437 0.641667 0.993750 0.493750 0.875000 0.495833 0.867188 0.570833 0.856250 0.491667 0.842187 0.500000 0.840625 0.545833 0.834375 0.495833
10 0.926562 0.000000 0.921875 0.022917 0.943750 0.016667 0.948438 0.025000 0.937500 0.060417 0.950000 0.060417 0.971875 0.093750 0.971875 0.112500 0.953125 0.133333 0.942187 0.200000 0.975000 0.183333 0.998437 0.231250 0.998437 0.000000
10 0.367188 0.345833 0.434375 0.387500 0.407813 0.256250 0.453125 0.147917 0.471875 0.360417 0.501563 0.327083 0.525000 0.372917 0.582812 0.289583 0.620313 0.325000 0.790625 0.304167 0.876563 0.008333 0.371875 0.000000
11 0.679688 0.527083 0.678125 0.537500 0.676562 0.539583 0.676562 0.556250 0.675000 0.558333 0.676562 0.560417 0.676562 0.564583 0.678125 0.568750 0.693750 0.568750 0.692187 0.564583 0.693750 0.552083 0.692187 0.550000 0.692187 0.543750 0.689063 0.537500 0.689063 0.531250 0.684375 0.527083
18 0.704688 0.477083 0.709375 0.479167 0.712500 0.491667 0.701562 0.495833 0.701562 0.506250 0.695312 0.518750 0.689063 0.525000 0.682813 0.525000 0.690625 0.531250 0.693750 0.550000 0.703125 0.545833 0.709375 0.552083 0.712500 0.562500 0.712500 0.543750 0.720313 0.533333 0.720313 0.497917 0.715625 0.493750 0.709375 0.477083