0 0.998437 0.672917 0.590625 0.627083 0.310937 0.670833 0.000000 0.806250 0.000000 0.997917 0.998437 0.997917
1 0.998437 0.604167 0.682813 0.522917 0.001563 0.627083 0.000000 0.804167 0.410938 0.641667 0.998437 0.670833
2 0.000000 0.000000 0.004687 0.068750 0.215625 0.158333 0.209375 0.208333 0.281250 0.250000 0.281250 0.306250 0.334375 0.402083 0.389062 0.412500 0.392188 0.370833 0.396875 0.412500 0.417187 0.352083 0.426563 0.389583 0.429688 0.066667 0.450000 0.043750 0.418750 0.012500
3 0.987500 0.450000 0.981250 0.450000 0.979688 0.452083 0.976562 0.445833 0.971875 0.445833 0.968750 0.447917 0.967187 0.452083 0.956250 0.452083 0.954688 0.450000 0.951562 0.470833 0.953125 0.470833 0.954688 0.466667 0.959375 0.466667 0.960938 0.470833 0.979688 0.470833 0.982812 0.458333 0.987500 0.454167
3 0.834375 0.447917 0.832812 0.452083 0.832812 0.477083 0.835938 0.485417 0.856250 0.483333 0.859375 0.479167 0.867188 0.479167 0.868750 0.477083 0.868750 0.458333 0.859375 0.458333 0.856250 0.454167 0.857812 0.452083 0.856250 0.445833 0.845313 0.445833 0.843750 0.441667 0.840625 0.445833
3 0.885938 0.425000 0.885938 0.437500 0.890625 0.450000 0.890625 0.456250 0.893750 0.458333 0.893750 0.464583 0.896875 0.466667 0.896875 0.472917 0.898438 0.475000 0.903125 0.475000 0.904687 0.472917 0.904687 0.431250 0.903125 0.429167 0.896875 0.429167 0.890625 0.422917
3 0.587500 0.416667 0.582812 0.418750 0.587500 0.431250 0.584375 0.477083 0.587500 0.483333 0.601562 0.485417 0.604688 0.416667
3 0.635938 0.412500 0.634375 0.414583 0.634375 0.435417 0.639062 0.437500 0.639062 0.441667 0.635938 0.443750 0.639062 0.445833 0.639062 0.454167 0.643750 0.462500 0.643750 0.477083 0.645312 0.477083 0.648438 0.464583 0.648438 0.445833 0.650000 0.443750 0.650000 0.437500 0.646875 0.435417 0.646875 0.412500
3 0.662500 0.410417 0.662500 0.414583 0.668750 0.414583 0.671875 0.420833 0.670312 0.464583 0.682813 0.472917 0.685937 0.464583 0.690625 0.477083 0.695312 0.477083 0.698438 0.456250 0.703125 0.445833 0.701562 0.427083 0.696875 0.414583 0.692187 0.408333
3 0.806250 0.397917 0.732812 0.404167 0.737500 0.429167 0.728125 0.437500 0.725000 0.460417 0.737500 0.470833 0.740625 0.456250 0.746875 0.470833 0.760938 0.445833 0.770312 0.443750 0.770312 0.422917 0.779687 0.410417 0.787500 0.416667 0.795312 0.443750 0.809375 0.418750
4 0.456250 0.445833 0.459375 0.477083 0.453125 0.502083 0.460938 0.518750 0.478125 0.518750 0.482812 0.529167 0.570312 0.518750 0.560937 0.485417 0.543750 0.477083 0.540625 0.445833 0.495312 0.435417 0.467187 0.435417 0.462500 0.454167
4 0.940625 0.414583 0.935937 0.431250 0.935937 0.450000 0.932813 0.452083 0.932813 0.470833 0.934375 0.458333 0.937500 0.464583 0.939063 0.479167 0.950000 0.470833 0.953125 0.454167 0.953125 0.445833 0.946875 0.437500 0.946875 0.427083 0.940625 0.418750
4 0.328125 0.408333 0.320312 0.439583 0.331250 0.441667 0.321875 0.460417 0.357812 0.522917 0.354687 0.547917 0.395313 0.547917 0.396875 0.510417 0.418750 0.495833 0.425000 0.481250 0.421875 0.437500 0.398438 0.414583 0.345313 0.404167
5 0.740625 0.458333 0.737500 0.489583 0.737500 0.554167 0.740625 0.560417 0.743750 0.556250 0.743750 0.468750
5 0.993750 0.450000 0.989062 0.450000 0.981250 0.468750 0.984375 0.483333 0.984375 0.522917 0.987500 0.531250 0.981250 0.547917 0.982812 0.572917 0.998437 0.568750 0.998437 0.539583 0.993750 0.535417 0.998437 0.502083 0.998437 0.458333
5 0.990625 0.322917 0.990625 0.360417 0.989062 0.362500 0.989062 0.377083 0.998437 0.377083 0.998437 0.337500 0.995313 0.337500 0.990625 0.333333
5 0.998437 0.072917 0.992188 0.239583 0.995313 0.247917 0.998437 0.245833
7 0.998437 0.379167 0.950000 0.387500 0.940625 0.412500 0.948438 0.427083 0.948438 0.437500 0.953125 0.443750 0.964063 0.435417 0.967187 0.443750 0.976562 0.443750 0.979688 0.450000 0.998437 0.447917
7 0.954688 0.235417 0.951562 0.237500 0.950000 0.233333 0.929688 0.239583 0.915625 0.262500 0.914062 0.279167 0.917188 0.281250 0.917188 0.289583 0.932813 0.308333 0.957812 0.302083 0.968750 0.287500 0.973437 0.258333 0.970313 0.258333 0.970313 0.250000
8 0.000000 0.066667 0.000000 0.627083 0.356250 0.554167 0.320312 0.460417 0.334375 0.372917 0.282813 0.314583 0.279687 0.250000 0.207813 0.208333 0.221875 0.168750 0.110937 0.093750
8 0.934375 0.000000 0.884375 0.000000 0.790625 0.279167 0.634375 0.285417 0.568750 0.375000 0.520312 0.362500 0.501563 0.175000 0.479687 0.381250 0.400000 0.360417 0.398438 0.543750 0.485938 0.531250 0.467187 0.433333 0.573438 0.518750 0.604688 0.414583 0.626563 0.487500 0.629687 0.381250 0.632812 0.487500 0.806250 0.395833 0.745313 0.491667 0.856250 0.443750 0.876563 0.537500 0.890625 0.420833 0.907813 0.516667 0.989062 0.360417
9 0.578125 0.516667 0.701562 0.525000 0.706250 0.510417 0.717187 0.506250 0.718750 0.493750 0.632812 0.489583 0.629687 0.514583 0.626563 0.489583 0.582812 0.485417 0.578125 0.489583
9 0.998437 0.602083 0.998437 0.570833 0.979688 0.568750 0.979688 0.472917 0.937500 0.481250 0.934375 0.560417 0.932813 0.479167 0.914062 0.477083 0.907813 0.518750 0.903125 0.477083 0.882812 0.485417 0.876563 0.539583 0.865625 0.483333 0.745313 0.493750 0.743750 0.552083 0.760938 0.564583
10 0.935937 0.000000 0.921875 0.039583 0.928125 0.050000 0.945312 0.041667 0.942187 0.077083 0.962500 0.093750 0.971875 0.120833 0.953125 0.143750 0.951562 0.181250 0.942187 0.195833 0.951562 0.208333 0.978125 0.193750 0.990625 0.239583 0.998437 0.000000
10 0.429688 0.352083 0.478125 0.381250 0.464062 0.268750 0.501563 0.172917 0.531250 0.289583 0.506250 0.414583 0.550000 0.329167 0.568750 0.372917 0.621875 0.289583 0.690625 0.310417 0.701562 0.179167 0.706250 0.306250 0.790625 0.277083 0.854688 0.193750 0.845313 0.087500 0.879687 0.072917 0.882812 0.000000 0.406250 0.000000 0.451562 0.043750
12 0.725000 0.462500 0.725000 0.466667 0.723437 0.468750 0.721875 0.468750 0.721875 0.477083 0.720313 0.479167 0.720313 0.487500 0.737500 0.487500 0.737500 0.472917 0.735938 0.470833 0.735938 0.468750 0.734375 0.468750 0.732812 0.466667 0.732812 0.464583 0.731250 0.464583 0.729688 0.462500
17 0.735938 0.489583 0.732812 0.491667 0.720313 0.489583 0.718750 0.506250 0.715625 0.510417 0.706250 0.512500 0.701562 0.533333 0.703125 0.545833 0.715625 0.547917 0.721875 0.527083 0.732812 0.527083 0.734375 0.522917 0.732812 0.500000 0.735938 0.495833