0 0.998437 0.983333 0.873437 0.952083 0.646875 0.947917 0.467187 0.997917
1 0.998437 0.706250 0.732812 0.612500 0.721875 0.564583 0.535937 0.533333 0.003125 0.650000 0.000000 0.997917 0.742188 0.943750 0.998437 0.981250
2 0.928125 0.466667 0.921875 0.464583 0.914062 0.466667 0.912500 0.495833 0.909375 0.497917 0.909375 0.508333 0.912500 0.510417 0.914062 0.516667 0.909375 0.518750 0.923438 0.518750 0.925000 0.516667 0.928125 0.518750 0.931250 0.512500 0.929688 0.489583 0.926562 0.485417
2 0.650000 0.166667 0.643750 0.220833 0.646875 0.227083 0.643750 0.245833 0.640625 0.247917 0.642188 0.289583 0.646875 0.287500 0.646875 0.264583 0.650000 0.258333
2 0.000000 0.000000 0.000000 0.120833 0.029687 0.120833 0.054688 0.193750 0.037500 0.235417 0.051562 0.256250 0.107813 0.233333 0.085938 0.304167 0.278125 0.366667 0.303125 0.193750 0.339062 0.216667 0.340625 0.277083 0.351562 0.000000
3 0.842187 0.466667 0.843750 0.487500 0.850000 0.497917 0.850000 0.506250 0.854688 0.510417 0.868750 0.512500 0.871875 0.497917 0.871875 0.479167 0.870313 0.477083 0.846875 0.479167 0.843750 0.475000
3 0.793750 0.420833 0.789062 0.433333 0.787500 0.460417 0.790625 0.466667 0.784375 0.479167 0.784375 0.508333 0.787500 0.512500 0.792188 0.508333 0.801562 0.510417 0.807813 0.485417 0.814063 0.487500 0.814063 0.506250 0.821875 0.508333 0.829688 0.493750 0.828125 0.468750 0.820312 0.464583 0.814063 0.452083 0.823438 0.441667 0.812500 0.420833
3 0.675000 0.502083 0.696875 0.493750 0.714063 0.466667 0.720313 0.466667 0.729688 0.433333 0.739062 0.435417 0.748437 0.470833 0.770312 0.437500 0.771875 0.422917 0.689063 0.420833 0.693750 0.445833 0.678125 0.462500
3 0.620313 0.422917 0.623437 0.427083 0.620313 0.477083 0.632812 0.483333 0.635938 0.468750 0.643750 0.500000 0.650000 0.502083 0.648438 0.481250 0.657813 0.450000 0.654687 0.425000 0.640625 0.420833 0.639062 0.458333 0.635938 0.460417 0.637500 0.420833
3 0.571875 0.422917 0.570312 0.425000 0.575000 0.427083 0.575000 0.454167 0.579688 0.454167 0.582812 0.450000 0.585938 0.454167 0.584375 0.458333 0.587500 0.464583 0.587500 0.427083 0.589063 0.420833
3 0.535937 0.420833 0.529687 0.422917 0.531250 0.433333 0.534375 0.435417 0.534375 0.447917 0.531250 0.450000 0.531250 0.464583 0.537500 0.468750 0.540625 0.495833 0.545312 0.495833 0.550000 0.470833 0.550000 0.439583 0.553125 0.422917
4 0.006250 0.608333 0.014063 0.616667 0.045312 0.612500 0.046875 0.616667 0.084375 0.612500 0.098437 0.602083 0.065625 0.583333 0.050000 0.591667 0.040625 0.562500 0.026562 0.566667 0.029687 0.579167 0.026562 0.585417 0.010937 0.597917
4 0.365625 0.502083 0.368750 0.533333 0.384375 0.554167 0.525000 0.539583 0.515625 0.500000 0.495312 0.487500 0.493750 0.443750 0.420312 0.416667 0.400000 0.416667 0.382812 0.477083
4 0.034375 0.345833 0.054688 0.368750 0.092188 0.341667 0.128125 0.352083 0.076563 0.402083 0.106250 0.427083 0.123438 0.495833 0.170313 0.543750 0.156250 0.585417 0.178125 0.606250 0.278125 0.585417 0.282813 0.531250 0.329688 0.510417 0.325000 0.404167 0.290625 0.372917 0.079687 0.302083 0.046875 0.314583
5 0.812500 0.487500 0.807813 0.487500 0.803125 0.516667 0.804688 0.587500 0.800000 0.629167 0.804688 0.641667 0.807813 0.641667
5 0.339062 0.275000 0.335938 0.281250 0.334375 0.345833 0.332813 0.347917 0.334375 0.366667 0.337500 0.366667 0.339062 0.356250 0.337500 0.345833 0.340625 0.314583
8 0.000000 0.122917 0.000000 0.652083 0.173437 0.608333 0.154688 0.585417 0.168750 0.543750 0.075000 0.402083 0.126562 0.352083 0.054688 0.370833 0.032813 0.345833 0.095312 0.297917 0.084375 0.270833 0.106250 0.233333 0.048438 0.258333 0.032813 0.129167
8 0.998437 0.000000 0.803125 0.385417 0.743750 0.295833 0.468750 0.347917 0.453125 0.102083 0.431250 0.381250 0.281250 0.352083 0.331250 0.510417 0.279687 0.585417 0.418750 0.558333 0.365625 0.527083 0.403125 0.412500 0.529687 0.539583 0.595313 0.383333 0.592187 0.502083 0.754687 0.522917 0.812500 0.418750 0.893750 0.585417 0.928125 0.464583 0.985938 0.620833
9 0.801562 0.520833 0.793750 0.533333 0.785937 0.529167 0.781250 0.533333 0.787500 0.560417 0.776563 0.585417 0.778125 0.600000 0.775000 0.604167 0.771875 0.600000 0.756250 0.600000 0.757812 0.608333 0.781250 0.620833 0.790625 0.620833 0.795312 0.627083 0.801562 0.622917
9 0.814063 0.512500 0.809375 0.633333 0.998437 0.704167 0.998437 0.539583 0.987500 0.620833 0.971875 0.625000 0.973437 0.527083 0.909375 0.520833 0.893750 0.587500 0.887500 0.518750
9 0.534375 0.504167 0.537500 0.533333 0.723437 0.562500 0.754687 0.527083 0.592187 0.504167 0.587500 0.533333 0.585938 0.504167
10 0.303125 0.195833 0.295312 0.347917 0.309375 0.345833 0.320312 0.335417 0.332813 0.335417 0.334375 0.218750 0.337500 0.216667 0.332813 0.208333
10 0.340625 0.335417 0.429688 0.381250 0.403125 0.210417 0.459375 0.100000 0.468750 0.345833 0.743750 0.293750 0.803125 0.383333 0.807813 0.300000 0.873437 0.293750 0.875000 0.195833 0.971875 0.045833 0.957812 0.000000 0.353125 0.000000
11 0.746875 0.541667 0.725000 0.556250 0.720313 0.585417 0.720313 0.600000 0.732812 0.610417 0.748437 0.610417 0.746875 0.558333 0.750000 0.552083 0.746875 0.547917
12 0.760938 0.487500 0.753125 0.495833 0.756250 0.527083 0.748437 0.537500 0.748437 0.547917 0.751563 0.550000 0.759375 0.543750 0.760938 0.564583 0.767188 0.564583 0.771875 0.520833 0.779687 0.518750 0.779687 0.508333 0.767188 0.487500
18 0.782813 0.525000 0.776563 0.529167 0.776563 0.550000 0.770312 0.570833 0.759375 0.568750 0.759375 0.545833 0.750000 0.554167 0.748437 0.600000 0.751563 0.583333 0.754687 0.585417 0.754687 0.597917 0.776563 0.600000 0.775000 0.585417 0.785937 0.560417 0.785937 0.550000 0.779687 0.535417