0 0.998437 0.564583 0.534375 0.570833 0.289062 0.637500 0.000000 0.770833 0.000000 0.997917 0.998437 0.997917
1 0.998437 0.516667 0.609375 0.489583 0.381250 0.531250 0.001563 0.660417 0.000000 0.768750 0.393750 0.595833 0.985938 0.564583
2 0.679688 0.118750 0.676562 0.143750 0.678125 0.189583 0.675000 0.206250 0.678125 0.208333 0.678125 0.237500 0.682813 0.225000 0.684375 0.156250 0.679688 0.145833
2 0.000000 0.000000 0.007812 0.150000 0.234375 0.229167 0.250000 0.277083 0.298438 0.302083 0.300000 0.352083 0.342187 0.412500 0.392188 0.418750 0.409375 0.337500 0.415625 0.377083 0.423438 0.081250 0.359375 0.045833 0.323437 0.077083 0.318750 0.031250 0.271875 0.000000
3 0.546875 0.412500 0.545312 0.418750 0.548438 0.429167 0.562500 0.445833 0.564063 0.431250 0.568750 0.429167 0.570312 0.452083 0.576562 0.458333 0.590625 0.458333 0.592187 0.393750 0.559375 0.400000
3 0.673438 0.379167 0.659375 0.377083 0.640625 0.383333 0.637500 0.406250 0.634375 0.385417 0.612500 0.389583 0.614062 0.414583 0.618750 0.408333 0.623437 0.410417 0.631250 0.450000 0.639062 0.431250 0.653125 0.452083 0.676562 0.441667 0.681250 0.425000
3 0.782813 0.370833 0.765625 0.379167 0.757812 0.360417 0.707812 0.370833 0.714063 0.393750 0.704688 0.410417 0.703125 0.447917 0.720313 0.445833 0.726562 0.416667 0.732812 0.422917 0.732812 0.416667 0.746875 0.404167 0.751563 0.372917 0.759375 0.372917 0.765625 0.383333 0.778125 0.381250
3 0.901563 0.360417 0.901563 0.402083 0.909375 0.435417 0.946875 0.416667 0.942187 0.404167 0.940625 0.362500 0.935937 0.362500 0.934375 0.358333
3 0.831250 0.354167 0.821875 0.397917 0.825000 0.433333 0.828125 0.414583 0.832812 0.435417 0.860938 0.429167 0.864062 0.433333 0.873437 0.414583 0.882812 0.418750 0.887500 0.404167 0.884375 0.395833 0.887500 0.377083 0.881250 0.368750 0.867188 0.366667 0.857812 0.352083
4 0.456250 0.431250 0.453125 0.491667 0.457813 0.497917 0.482812 0.508333 0.556250 0.495833 0.543750 0.466667 0.531250 0.464583 0.525000 0.456250 0.525000 0.431250 0.470313 0.425000
4 0.340625 0.416667 0.337500 0.439583 0.343750 0.445833 0.339062 0.454167 0.343750 0.485417 0.360938 0.504167 0.365625 0.529167 0.395313 0.529167 0.396875 0.497917 0.412500 0.481250 0.415625 0.437500 0.387500 0.418750
5 0.896875 0.337500 0.882812 0.420833 0.873437 0.416667 0.865625 0.431250 0.871875 0.497917 0.878125 0.493750 0.875000 0.458333 0.884375 0.435417 0.890625 0.445833 0.896875 0.497917 0.903125 0.416667
5 0.878125 0.310417 0.868750 0.310417 0.868750 0.314583 0.867188 0.316667 0.867188 0.339583 0.868750 0.341667 0.868750 0.343750 0.873437 0.343750 0.878125 0.339583 0.878125 0.322917 0.879687 0.320833 0.879687 0.312500
5 0.876563 0.000000 0.867188 0.000000 0.867188 0.235417 0.876563 0.231250 0.879687 0.212500
7 0.889062 0.375000 0.889062 0.358333 0.892188 0.350000 0.892188 0.341667 0.859375 0.347917 0.859375 0.352083 0.862500 0.354167 0.867188 0.364583 0.873437 0.368750 0.875000 0.366667 0.881250 0.366667 0.882812 0.370833
7 0.873437 0.233333 0.867188 0.237500 0.865625 0.243750 0.867188 0.266667 0.873437 0.275000 0.867188 0.279167 0.867188 0.308333 0.889062 0.306250 0.889062 0.275000 0.882812 0.272917 0.887500 0.266667 0.889062 0.243750 0.881250 0.233333
7 0.821875 0.231250 0.814063 0.239583 0.809375 0.254167 0.810937 0.277083 0.818750 0.287500 0.839063 0.287500 0.850000 0.270833 0.853125 0.247917 0.850000 0.245833 0.845313 0.233333 0.839063 0.229167
8 0.612500 0.418750 0.615625 0.460417 0.626563 0.458333 0.631250 0.454167 0.651563 0.452083 0.639062 0.433333 0.635938 0.435417 0.635938 0.443750 0.631250 0.452083 0.626563 0.445833 0.626563 0.433333 0.620313 0.416667 0.621875 0.410417 0.618750 0.410417
8 0.998437 0.166667 0.932813 0.218750 0.914062 0.275000 0.889062 0.272917 0.904687 0.245833 0.879687 0.218750 0.892188 0.300000 0.879687 0.310417 0.878125 0.341667 0.896875 0.335417 0.900000 0.360417 0.940625 0.360417 0.948438 0.414583 0.998437 0.418750
8 0.000000 0.133333 0.000000 0.660417 0.379688 0.533333 0.342187 0.485417 0.342187 0.389583 0.298438 0.352083 0.295312 0.300000 0.246875 0.275000 0.254688 0.247917
8 0.832812 0.000000 0.731250 0.256250 0.603125 0.268750 0.496875 0.404167 0.479687 0.181250 0.462500 0.377083 0.393750 0.354167 0.396875 0.529167 0.478125 0.510417 0.459375 0.425000 0.557813 0.491667 0.543750 0.416667 0.592187 0.391667 0.609375 0.460417 0.609375 0.360417 0.695312 0.454167 0.707812 0.368750 0.782813 0.368750 0.717187 0.450000 0.801562 0.487500 0.867188 0.343750
9 0.668750 0.452083 0.615625 0.462500 0.612500 0.483333 0.609375 0.462500 0.565625 0.460417 0.560937 0.466667 0.559375 0.491667 0.660937 0.487500 0.660937 0.477083 0.668750 0.466667
9 0.998437 0.420833 0.904687 0.425000 0.896875 0.500000 0.885938 0.439583 0.867188 0.495833 0.860938 0.431250 0.831250 0.437500 0.828125 0.497917 0.825000 0.439583 0.807813 0.443750 0.801562 0.489583 0.793750 0.447917 0.703125 0.450000 0.696875 0.506250 0.996875 0.516667
10 0.998437 0.000000 0.878125 0.000000 0.879687 0.216667 0.890625 0.216667 0.906250 0.245833 0.890625 0.272917 0.903125 0.262500 0.917188 0.270833 0.932813 0.216667 0.996875 0.168750
10 0.834375 0.000000 0.835938 0.027083 0.826562 0.054167 0.845313 0.060417 0.843750 0.087500 0.865625 0.114583 0.850000 0.160417 0.851562 0.179167 0.864062 0.183333 0.865625 0.000000
10 0.273438 0.000000 0.323437 0.075000 0.359375 0.043750 0.426563 0.083333 0.418750 0.343750 0.453125 0.387500 0.446875 0.270833 0.484375 0.181250 0.510938 0.285417 0.492188 0.402083 0.603125 0.266667 0.731250 0.254167 0.796875 0.006250
11 0.682813 0.427083 0.678125 0.431250 0.678125 0.441667 0.673438 0.447917 0.668750 0.447917 0.670312 0.466667 0.662500 0.477083 0.664062 0.506250 0.673438 0.506250 0.673438 0.495833 0.676562 0.493750 0.679688 0.497917 0.679688 0.489583 0.685937 0.483333 0.685937 0.431250