0 0.542188 0.997917 0.998437 0.987500 0.725000 0.962500
1 0.998437 0.708333 0.737500 0.614583 0.725000 0.566667 0.537500 0.533333 0.023438 0.645833 0.000000 0.997917 0.998437 0.985417
2 0.654687 0.166667 0.650000 0.177083 0.646875 0.237500 0.643750 0.247917 0.643750 0.279167 0.651563 0.287500 0.654687 0.247917
2 0.000000 0.000000 0.000000 0.114583 0.029687 0.122917 0.039062 0.247917 0.104688 0.229167 0.075000 0.297917 0.293750 0.358333 0.307812 0.191667 0.339062 0.208333 0.342187 0.289583 0.354687 0.000000
3 0.920312 0.468750 0.920312 0.481250 0.917188 0.483333 0.917188 0.518750 0.925000 0.518750 0.926562 0.522917 0.931250 0.522917 0.932813 0.518750 0.932813 0.495833 0.929688 0.487500 0.931250 0.470833 0.928125 0.468750
3 0.846875 0.468750 0.848437 0.489583 0.851562 0.497917 0.854688 0.500000 0.854688 0.508333 0.864062 0.512500 0.873437 0.512500 0.873437 0.489583 0.876563 0.487500 0.876563 0.479167 0.875000 0.477083 0.867188 0.477083 0.860938 0.481250 0.854688 0.481250 0.848437 0.475000 0.848437 0.468750
3 0.796875 0.422917 0.792188 0.439583 0.795312 0.472917 0.789062 0.477083 0.789062 0.489583 0.796875 0.487500 0.806250 0.495833 0.793750 0.506250 0.810937 0.506250 0.809375 0.493750 0.814063 0.485417 0.820312 0.487500 0.823438 0.508333 0.831250 0.506250 0.832812 0.470833 0.820312 0.456250 0.821875 0.447917 0.829688 0.441667 0.818750 0.422917
3 0.678125 0.502083 0.687500 0.506250 0.692187 0.491667 0.700000 0.493750 0.717187 0.466667 0.725000 0.466667 0.734375 0.433333 0.742188 0.435417 0.751563 0.470833 0.771875 0.443750 0.775000 0.425000 0.709375 0.422917 0.704688 0.483333 0.706250 0.422917 0.692187 0.422917 0.695312 0.447917 0.679688 0.462500
3 0.643750 0.420833 0.646875 0.437500 0.648438 0.433333 0.654687 0.437500 0.648438 0.452083 0.646875 0.443750 0.642188 0.458333 0.642188 0.477083 0.648438 0.479167 0.651563 0.491667 0.654687 0.462500 0.657813 0.460417 0.659375 0.435417 0.657813 0.425000 0.654687 0.420833
3 0.573438 0.422917 0.578125 0.431250 0.578125 0.452083 0.587500 0.447917 0.589063 0.450000 0.589063 0.464583 0.590625 0.462500 0.592187 0.420833
3 0.537500 0.420833 0.532813 0.422917 0.535937 0.435417 0.534375 0.462500 0.539062 0.468750 0.542188 0.491667 0.548438 0.491667 0.548438 0.485417 0.551562 0.483333 0.551562 0.439583 0.554688 0.422917
4 0.006250 0.612500 0.068750 0.612500 0.093750 0.602083 0.067187 0.585417 0.060937 0.585417 0.051562 0.602083 0.045312 0.602083 0.039062 0.593750 0.039062 0.568750 0.021875 0.564583 0.023438 0.583333 0.009375 0.597917
4 0.814063 0.487500 0.810937 0.493750 0.812500 0.504167 0.810937 0.508333 0.793750 0.508333 0.792188 0.506250 0.793750 0.502083 0.801562 0.500000 0.804688 0.495833 0.796875 0.489583 0.789062 0.491667 0.787500 0.504167 0.789062 0.516667 0.792188 0.520833 0.809375 0.518750 0.812500 0.510417 0.812500 0.489583
4 0.626563 0.425000 0.626563 0.475000 0.632812 0.472917 0.631250 0.460417 0.637500 0.450000 0.637500 0.477083 0.621875 0.475000 0.615625 0.485417 0.634375 0.495833 0.639062 0.479167 0.643750 0.497917 0.651563 0.502083 0.646875 0.479167 0.640625 0.477083 0.643750 0.445833 0.646875 0.441667 0.648438 0.450000 0.653125 0.437500 0.645312 0.437500 0.642188 0.420833 0.637500 0.437500 0.634375 0.427083
4 0.370312 0.504167 0.375000 0.539583 0.387500 0.558333 0.525000 0.539583 0.517188 0.493750 0.496875 0.483333 0.496875 0.443750 0.420312 0.414583 0.409375 0.416667 0.398438 0.477083
4 0.039062 0.306250 0.029687 0.341667 0.051562 0.366667 0.121875 0.347917 0.068750 0.404167 0.104688 0.425000 0.120313 0.493750 0.171875 0.545833 0.156250 0.577083 0.170313 0.600000 0.278125 0.585417 0.287500 0.520833 0.325000 0.510417 0.325000 0.408333 0.301563 0.372917 0.154688 0.316667
5 0.818750 0.487500 0.814063 0.489583 0.809375 0.529167 0.810937 0.606250 0.807813 0.608333 0.807813 0.641667 0.814063 0.645833 0.817187 0.610417
5 0.595313 0.397917 0.589063 0.531250 0.593750 0.495833
5 0.340625 0.289583 0.335938 0.295833 0.335938 0.329167 0.334375 0.331250 0.335938 0.337500 0.335938 0.366667 0.339062 0.366667 0.340625 0.360417 0.340625 0.329167 0.342187 0.327083 0.342187 0.314583 0.340625 0.312500 0.342187 0.291667
8 0.017188 0.114583 0.000000 0.116667 0.000000 0.652083 0.178125 0.606250 0.154688 0.585417 0.170313 0.545833 0.067187 0.404167 0.120313 0.347917 0.051562 0.368750 0.028125 0.341667 0.042188 0.300000 0.090625 0.289583 0.103125 0.229167 0.039062 0.250000 0.045312 0.183333
8 0.998437 0.000000 0.807813 0.385417 0.746875 0.295833 0.471875 0.347917 0.456250 0.100000 0.432812 0.381250 0.284375 0.352083 0.279687 0.585417 0.400000 0.560417 0.410938 0.412500 0.532813 0.539583 0.595313 0.395833 0.593750 0.502083 0.818750 0.420833 0.900000 0.589583 0.928125 0.466667 0.990625 0.627083
9 0.809375 0.520833 0.792188 0.522917 0.792188 0.558333 0.787500 0.577083 0.781250 0.585417 0.782813 0.595833 0.776563 0.604167 0.765625 0.600000 0.765625 0.612500 0.790625 0.620833 0.803125 0.631250 0.807813 0.629167 0.806250 0.608333 0.809375 0.606250
9 0.820312 0.514583 0.815625 0.637500 0.998437 0.706250 0.998437 0.618750 0.982812 0.629167 0.973437 0.616667 0.985938 0.581250 0.982812 0.531250 0.914062 0.522917 0.900000 0.591667 0.895312 0.522917
9 0.535937 0.527083 0.726562 0.566667 0.759375 0.529167 0.593750 0.504167 0.589063 0.533333 0.587500 0.504167 0.539062 0.497917
10 0.312500 0.193750 0.303125 0.195833 0.296875 0.345833 0.304688 0.341667 0.309375 0.345833 0.321875 0.335417 0.331250 0.337500 0.334375 0.329167 0.337500 0.208333
10 0.342187 0.335417 0.431250 0.381250 0.404687 0.210417 0.459375 0.095833 0.471875 0.345833 0.642188 0.316667 0.654687 0.164583 0.651563 0.320833 0.770312 0.300000 0.807813 0.383333 0.812500 0.300000 0.879687 0.293750 0.884375 0.187500 0.982812 0.041667 0.968750 0.000000 0.356250 0.000000
11 0.775000 0.489583 0.760938 0.495833 0.762500 0.516667 0.756250 0.537500 0.729688 0.556250 0.726562 0.606250 0.754687 0.612500 0.753125 0.581250 0.760938 0.558333 0.771875 0.581250 0.768750 0.597917 0.779687 0.600000 0.778125 0.581250 0.785937 0.577083 0.790625 0.558333 0.790625 0.518750
18 0.760938 0.560417 0.760938 0.564583 0.756250 0.568750 0.756250 0.579167 0.754687 0.583333 0.756250 0.585417 0.756250 0.593750 0.757812 0.597917 0.764062 0.600000 0.767188 0.597917 0.767188 0.591667 0.770312 0.585417 0.770312 0.581250 0.768750 0.581250 0.762500 0.570833 0.762500 0.560417