0 0.998437 0.945833 0.857812 0.914583 0.629687 0.914583 0.346875 0.997917 0.998437 0.997917
1 0.998437 0.700000 0.532813 0.533333 0.006250 0.650000 0.000000 0.997917 0.345313 0.997917 0.629687 0.912500 0.998437 0.943750
2 0.642188 0.166667 0.639062 0.202083 0.635938 0.206250 0.635938 0.237500 0.632812 0.247917 0.634375 0.277083 0.640625 0.277083 0.643750 0.218750
2 0.000000 0.000000 0.000000 0.114583 0.057813 0.208333 0.050000 0.256250 0.110937 0.245833 0.085938 0.312500 0.287500 0.366667 0.301563 0.202083 0.331250 0.218750 0.332813 0.335417 0.345313 0.000000
3 0.832812 0.475000 0.835938 0.493750 0.839063 0.495833 0.840625 0.506250 0.860938 0.506250 0.867188 0.508333 0.868750 0.512500 0.873437 0.512500 0.873437 0.504167 0.870313 0.497917 0.867188 0.504167 0.862500 0.502083 0.859375 0.472917 0.843750 0.472917 0.840625 0.477083
3 0.901563 0.460417 0.901563 0.464583 0.898438 0.466667 0.896875 0.472917 0.896875 0.516667 0.915625 0.516667 0.915625 0.483333 0.912500 0.481250 0.912500 0.468750 0.917188 0.462500 0.915625 0.460417
3 0.617188 0.420833 0.617188 0.447917 0.612500 0.475000 0.625000 0.487500 0.629687 0.477083 0.632812 0.481250 0.632812 0.495833 0.642188 0.502083 0.642188 0.475000 0.645312 0.472917 0.646875 0.452083 0.650000 0.445833 0.645312 0.420833
3 0.562500 0.422917 0.562500 0.425000 0.568750 0.431250 0.568750 0.454167 0.576562 0.454167 0.579688 0.462500 0.579688 0.431250 0.581250 0.429167 0.581250 0.420833 0.565625 0.420833
3 0.526563 0.420833 0.521875 0.422917 0.526563 0.431250 0.525000 0.462500 0.529687 0.468750 0.531250 0.489583 0.535937 0.495833 0.539062 0.495833 0.543750 0.477083 0.545312 0.420833
3 0.784375 0.416667 0.779687 0.431250 0.778125 0.458333 0.781250 0.468750 0.776563 0.475000 0.776563 0.508333 0.781250 0.512500 0.787500 0.508333 0.789062 0.481250 0.796875 0.483333 0.796875 0.508333 0.814063 0.506250 0.818750 0.497917 0.818750 0.464583 0.803125 0.456250 0.803125 0.445833 0.810937 0.435417 0.803125 0.427083 0.803125 0.418750
3 0.762500 0.418750 0.681250 0.418750 0.684375 0.443750 0.668750 0.466667 0.667188 0.502083 0.690625 0.491667 0.693750 0.477083 0.698438 0.483333 0.706250 0.464583 0.714063 0.464583 0.717187 0.437500 0.723437 0.431250 0.732812 0.439583 0.739062 0.470833 0.762500 0.433333
4 0.014063 0.616667 0.084375 0.612500 0.098437 0.602083 0.095312 0.595833 0.084375 0.593750 0.076563 0.585417 0.065625 0.583333 0.056250 0.591667 0.050000 0.585417 0.045312 0.566667 0.031250 0.566667 0.029687 0.572917 0.034375 0.583333 0.014063 0.604167
4 0.045312 0.329167 0.057813 0.377083 0.120313 0.362500 0.081250 0.408333 0.181250 0.604167 0.278125 0.585417 0.282813 0.527083 0.337500 0.508333 0.375000 0.560417 0.525000 0.539583 0.487500 0.443750 0.398438 0.416667 0.379688 0.477083 0.343750 0.493750 0.326562 0.414583 0.282813 0.375000 0.090625 0.314583
5 0.795312 0.483333 0.789062 0.483333 0.789062 0.508333 0.784375 0.518750 0.784375 0.566667 0.787500 0.568750 0.784375 0.627083 0.787500 0.633333 0.790625 0.633333
5 0.590625 0.383333 0.578125 0.385417 0.584375 0.400000 0.579688 0.529167 0.582812 0.527083 0.584375 0.414583
8 0.373437 0.560417 0.360938 0.541667 0.353125 0.510417 0.337500 0.510417 0.317188 0.527083 0.292187 0.520833 0.281250 0.533333 0.276562 0.583333 0.290625 0.585417
8 0.000000 0.116667 0.000000 0.652083 0.181250 0.606250 0.079687 0.408333 0.118750 0.362500 0.057813 0.379167 0.040625 0.356250 0.046875 0.325000 0.100000 0.306250 0.109375 0.245833 0.053125 0.264583 0.056250 0.208333
8 0.998437 0.000000 0.937500 0.000000 0.790625 0.385417 0.735938 0.293750 0.460938 0.352083 0.451562 0.106250 0.425000 0.383333 0.278125 0.370833 0.343750 0.491667 0.414062 0.416667 0.525000 0.535417 0.579688 0.381250 0.584375 0.502083 0.775000 0.516667 0.798438 0.414583 0.876563 0.579167 0.915625 0.458333 0.954688 0.616667
9 0.776563 0.516667 0.771875 0.525000 0.771875 0.564583 0.762500 0.579167 0.750000 0.581250 0.750000 0.591667 0.742188 0.595833 0.750000 0.604167 0.782813 0.620833 0.785937 0.568750 0.782813 0.566667 0.782813 0.520833
9 0.796875 0.510417 0.795312 0.627083 0.998437 0.697917 0.998437 0.533333 0.970313 0.531250 0.954688 0.618750 0.942187 0.610417 0.953125 0.520833 0.893750 0.518750 0.876563 0.581250 0.873437 0.514583
9 0.526563 0.531250 0.701562 0.558333 0.740625 0.522917 0.584375 0.504167 0.579688 0.531250 0.578125 0.504167 0.529687 0.497917
10 0.459375 0.360417 0.456250 0.362500 0.450000 0.362500 0.448437 0.364583 0.448437 0.372917 0.445312 0.379167 0.445312 0.391667 0.446875 0.387500 0.450000 0.387500 0.451562 0.385417 0.457813 0.385417 0.459375 0.387500 0.460938 0.385417 0.460938 0.379167 0.459375 0.377083 0.460938 0.372917 0.460938 0.364583
10 0.301563 0.204167 0.295312 0.212500 0.290625 0.350000 0.326562 0.337500 0.329688 0.218750
10 0.334375 0.335417 0.423438 0.383333 0.395313 0.216667 0.451562 0.104167 0.460938 0.350000 0.495312 0.316667 0.515625 0.368750 0.576562 0.287500 0.629687 0.318750 0.642188 0.164583 0.640625 0.320833 0.757812 0.297917 0.790625 0.383333 0.793750 0.300000 0.859375 0.293750 0.859375 0.197917 0.934375 0.122917 0.935937 0.000000 0.346875 0.000000
11 0.751563 0.475000 0.740625 0.489583 0.740625 0.527083 0.710938 0.556250 0.709375 0.595833 0.715625 0.602083 0.734375 0.606250 0.740625 0.564583 0.756250 0.575000 0.762500 0.560417 0.764062 0.533333 0.770312 0.529167 0.771875 0.518750
18 0.770312 0.531250 0.765625 0.533333 0.764062 0.560417 0.760938 0.562500 0.760938 0.568750 0.756250 0.577083 0.748437 0.572917 0.742188 0.564583 0.740625 0.575000 0.743750 0.591667 0.748437 0.591667 0.750000 0.579167 0.762500 0.577083 0.762500 0.572917 0.770312 0.564583 0.771875 0.552083 0.768750 0.547917 0.771875 0.539583