0 0.998437 0.733333 0.660937 0.687500 0.317188 0.729167 0.000000 0.875000 0.000000 0.997917 0.998437 0.997917
1 0.998437 0.637500 0.670312 0.535417 0.275000 0.577083 0.000000 0.670833 0.000000 0.872917 0.460938 0.693750 0.998437 0.731250
2 0.650000 0.162500 0.646875 0.162500 0.642188 0.206250 0.643750 0.233333 0.640625 0.243750 0.645312 0.297917 0.650000 0.270833 0.650000 0.241667 0.653125 0.239583 0.650000 0.229167
2 0.021875 0.000000 0.053125 0.050000 0.021875 0.060417 0.065625 0.116667 0.053125 0.143750 0.121875 0.143750 0.162500 0.179167 0.150000 0.247917 0.242188 0.345833 0.235937 0.385417 0.321875 0.406250 0.325000 0.370833 0.331250 0.408333 0.332813 0.358333 0.357812 0.352083 0.365625 0.397917 0.375000 0.000000
3 0.781250 0.456250 0.778125 0.466667 0.778125 0.481250 0.781250 0.487500 0.810937 0.485417 0.815625 0.477083 0.814063 0.458333 0.809375 0.456250 0.795312 0.458333 0.790625 0.452083 0.784375 0.452083
3 0.854688 0.441667 0.850000 0.441667 0.850000 0.443750 0.846875 0.445833 0.845313 0.450000 0.845313 0.458333 0.843750 0.460417 0.843750 0.481250 0.846875 0.485417 0.853125 0.485417 0.853125 0.483333 0.856250 0.481250 0.856250 0.460417 0.853125 0.458333 0.854688 0.454167
3 0.534375 0.422917 0.537500 0.431250 0.535937 0.464583 0.539062 0.491667 0.553125 0.491667 0.556250 0.475000 0.559375 0.470833 0.564063 0.470833 0.554688 0.464583 0.553125 0.439583 0.556250 0.422917
3 0.589063 0.418750 0.589063 0.458333 0.593750 0.468750 0.593750 0.481250 0.596875 0.481250 0.598437 0.477083 0.598437 0.429167 0.596875 0.427083 0.598437 0.418750
3 0.612500 0.416667 0.614062 0.422917 0.618750 0.418750 0.623437 0.425000 0.620313 0.450000 0.621875 0.460417 0.615625 0.477083 0.634375 0.487500 0.635938 0.481250 0.640625 0.491667 0.646875 0.491667 0.646875 0.466667 0.653125 0.445833 0.653125 0.435417 0.642188 0.416667
3 0.696875 0.410417 0.682813 0.412500 0.687500 0.435417 0.675000 0.454167 0.671875 0.491667 0.684375 0.493750 0.689063 0.485417 0.693750 0.483333
3 0.910937 0.406250 0.907813 0.406250 0.901563 0.422917 0.890625 0.435417 0.871875 0.437500 0.870313 0.489583 0.910937 0.489583 0.910937 0.468750 0.900000 0.450000 0.909375 0.435417
3 0.759375 0.410417 0.756250 0.406250 0.701562 0.410417 0.701562 0.470833 0.703125 0.460417 0.715625 0.452083 0.717187 0.431250 0.723437 0.418750 0.732812 0.420833 0.739062 0.445833 0.742188 0.445833 0.759375 0.420833
4 0.414062 0.431250 0.412500 0.483333 0.398438 0.500000 0.406250 0.529167 0.429688 0.539583 0.529687 0.529167 0.517188 0.508333 0.515625 0.489583 0.496875 0.483333 0.493750 0.447917
4 0.231250 0.387500 0.226562 0.425000 0.245312 0.429167 0.225000 0.456250 0.245312 0.506250 0.273438 0.533333 0.265625 0.568750 0.325000 0.568750 0.326562 0.522917 0.357812 0.506250 0.353125 0.427083 0.326562 0.408333
4 0.103125 0.152083 0.112500 0.158333 0.114062 0.162500 0.123438 0.172917 0.131250 0.172917 0.132812 0.170833 0.137500 0.172917 0.131250 0.156250 0.128125 0.154167 0.129688 0.150000 0.120313 0.145833 0.118750 0.150000 0.115625 0.147917 0.114062 0.150000 0.107813 0.150000 0.106250 0.154167
5 0.953125 0.487500 0.950000 0.500000 0.946875 0.554167 0.948438 0.589583 0.953125 0.558333
5 0.723437 0.464583 0.718750 0.497917 0.720313 0.581250 0.723437 0.581250 0.725000 0.535417
5 0.592187 0.385417 0.581250 0.385417 0.585938 0.391667 0.584375 0.518750 0.587500 0.497917 0.587500 0.391667
7 0.964063 0.389583 0.959375 0.410417 0.960938 0.454167 0.956250 0.487500 0.964063 0.495833 0.973437 0.487500 0.981250 0.487500 0.998437 0.502083 0.998437 0.385417
7 0.970313 0.218750 0.948438 0.220833 0.937500 0.231250 0.929688 0.245833 0.928125 0.272917 0.931250 0.283333 0.946875 0.300000 0.971875 0.297917 0.981250 0.289583 0.990625 0.264583 0.989062 0.241667 0.981250 0.227083
8 0.937500 0.025000 0.865625 0.000000 0.787500 0.306250 0.471875 0.364583 0.453125 0.154167 0.432812 0.383333 0.334375 0.358333 0.328125 0.564583 0.440625 0.543750 0.414062 0.429167 0.529687 0.525000 0.554688 0.418750 0.582812 0.495833 0.581250 0.383333 0.589063 0.495833 0.751563 0.404167 0.717187 0.493750 0.837500 0.539583 0.854688 0.439583 0.857812 0.566667 0.907813 0.404167 0.954688 0.487500 0.998437 0.237500 0.929688 0.283333 0.979688 0.216667
8 0.000000 0.004167 0.000000 0.668750 0.054688 0.627083 0.273438 0.579167 0.223438 0.456250 0.240625 0.345833 0.148438 0.247917 0.162500 0.181250 0.053125 0.145833 0.064062 0.116667 0.020313 0.060417 0.051562 0.054167 0.039062 0.014583
9 0.717187 0.504167 0.714063 0.518750 0.717187 0.531250 0.710938 0.539583 0.710938 0.558333 0.707812 0.558333 0.703125 0.543750 0.695312 0.545833 0.695312 0.550000 0.698438 0.547917 0.701562 0.552083 0.700000 0.556250 0.693750 0.556250 0.693750 0.564583 0.698438 0.568750 0.717187 0.570833
9 0.531250 0.525000 0.673438 0.537500 0.673438 0.527083 0.690625 0.518750 0.695312 0.493750 0.665625 0.504167 0.589063 0.497917 0.584375 0.520833 0.582812 0.497917 0.535937 0.493750
9 0.726562 0.504167 0.726562 0.579167 0.998437 0.635417 0.998437 0.504167 0.954688 0.489583 0.950000 0.591667 0.950000 0.489583 0.870313 0.491667 0.864062 0.568750 0.853125 0.487500 0.837500 0.541667 0.832812 0.493750
10 0.920312 0.000000 0.912500 0.022917 0.939063 0.025000 0.929688 0.064583 0.942187 0.064583 0.962500 0.108333 0.943750 0.135417 0.934375 0.197917 0.942187 0.204167 0.965625 0.183333 0.981250 0.208333 0.978125 0.225000 0.993750 0.241667 0.998437 0.000000
10 0.370312 0.345833 0.431250 0.383333 0.409375 0.262500 0.453125 0.152083 0.471875 0.362500 0.501563 0.327083 0.526563 0.370833 0.581250 0.289583 0.639062 0.316667 0.646875 0.160417 0.651563 0.316667 0.787500 0.304167 0.868750 0.010417 0.376563 0.000000
17 0.706250 0.472917 0.696875 0.472917 0.695312 0.477083 0.698438 0.502083 0.692187 0.518750 0.679688 0.520833 0.675000 0.527083 0.675000 0.564583 0.692187 0.564583 0.693750 0.545833 0.704688 0.533333 0.712500 0.535417 0.715625 0.531250 0.712500 0.518750 0.717187 0.495833