0 0.998437 0.737500 0.751563 0.583333 0.546875 0.545833 0.000000 0.716667 0.000000 0.914583 0.431250 0.862500 0.550000 0.918750 0.578125 0.847917 0.573438 0.997917 0.998437 0.997917
1 0.315625 0.612500 0.137500 0.660417 0.012500 0.710417
2 0.917188 0.510417 0.925000 0.522917 0.934375 0.522917 0.935937 0.504167 0.948438 0.502083 0.950000 0.527083 0.956250 0.529167 0.954688 0.489583 0.943750 0.489583 0.943750 0.493750 0.937500 0.500000 0.934375 0.497917 0.926562 0.508333
2 0.657813 0.164583 0.648438 0.243750 0.648438 0.293750 0.653125 0.291667 0.654687 0.254167 0.657813 0.245833
2 0.000000 0.000000 0.004687 0.247917 0.245312 0.331250 0.275000 0.122917 0.314063 0.145833 0.312500 0.229167 0.328125 0.000000
3 0.573438 0.850000 0.550000 0.920833 0.493750 0.885417 0.448437 0.912500 0.431250 0.864583 0.396875 0.906250 0.329688 0.864583 0.150000 0.916667 0.025000 0.904167 0.000000 0.916667 0.000000 0.997917 0.571875 0.997917
3 0.059375 0.685417 0.035937 0.693750 0.000000 0.697917 0.000000 0.714583 0.021875 0.706250 0.026562 0.700000 0.040625 0.700000 0.042188 0.695833 0.048438 0.695833 0.057813 0.689583
3 0.942187 0.489583 0.935937 0.489583 0.934375 0.487500 0.923438 0.493750 0.914062 0.491667 0.912500 0.495833 0.912500 0.508333 0.923438 0.508333 0.926562 0.506250 0.928125 0.502083 0.931250 0.502083 0.931250 0.500000 0.934375 0.495833 0.937500 0.497917 0.940625 0.493750 0.942187 0.493750
3 0.828125 0.429167 0.812500 0.462500 0.826562 0.512500 0.832812 0.514583 0.845313 0.497917 0.853125 0.497917 0.853125 0.479167 0.859375 0.475000 0.875000 0.512500 0.896875 0.516667 0.900000 0.487500 0.873437 0.464583 0.878125 0.450000 0.889062 0.447917 0.871875 0.427083
4 0.853125 0.425000 0.809375 0.427083 0.810937 0.481250 0.804688 0.497917 0.804688 0.518750 0.809375 0.525000 0.834375 0.520833 0.834375 0.514583 0.825000 0.512500 0.818750 0.479167 0.810937 0.464583 0.828125 0.427083 0.857812 0.427083
4 0.690625 0.506250 0.712500 0.500000 0.725000 0.477083 0.737500 0.475000 0.746875 0.439583 0.756250 0.441667 0.762500 0.479167 0.767188 0.479167 0.773438 0.464583 0.789062 0.454167 0.793750 0.425000 0.704688 0.425000 0.706250 0.454167 0.695312 0.458333 0.689063 0.475000
4 0.573438 0.425000 0.581250 0.435417 0.581250 0.456250 0.587500 0.456250 0.590625 0.452083 0.592187 0.454167 0.592187 0.462500 0.596875 0.470833 0.600000 0.491667 0.603125 0.427083 0.595313 0.422917
4 0.514062 0.431250 0.518750 0.441667 0.528125 0.429167 0.535937 0.431250 0.537500 0.464583 0.545312 0.470833 0.546875 0.481250 0.550000 0.483333 0.550000 0.495833 0.553125 0.495833 0.556250 0.481250 0.556250 0.435417 0.560937 0.425000 0.526563 0.422917
4 0.621875 0.422917 0.620313 0.441667 0.628125 0.443750 0.628125 0.466667 0.612500 0.464583 0.612500 0.475000 0.618750 0.479167 0.621875 0.500000 0.626563 0.506250 0.628125 0.502083 0.660937 0.506250 0.660937 0.481250 0.670312 0.454167 0.668750 0.422917
4 0.351562 0.525000 0.364063 0.575000 0.543750 0.550000 0.534375 0.512500 0.540625 0.489583 0.509375 0.489583 0.504687 0.443750 0.418750 0.408333 0.396875 0.410417 0.385937 0.483333
4 0.000000 0.243750 0.000000 0.689583 0.254688 0.629167 0.234375 0.625000 0.248438 0.543750 0.293750 0.581250 0.323437 0.468750 0.301563 0.360417
5 0.948438 0.504167 0.937500 0.504167 0.937500 0.539583 0.929688 0.564583 0.932813 0.643750 0.926562 0.706250 0.935937 0.716667
5 0.909375 0.435417 0.904687 0.437500 0.904687 0.472917 0.901563 0.475000 0.901563 0.508333 0.898438 0.510417 0.898438 0.518750 0.901563 0.520833 0.901563 0.525000 0.910937 0.518750 0.910937 0.504167 0.907813 0.502083 0.907813 0.456250 0.910937 0.443750
5 0.607812 0.381250 0.604688 0.381250 0.600000 0.539583 0.603125 0.539583
5 0.318750 0.214583 0.314063 0.222917 0.310937 0.243750 0.307812 0.339583 0.314063 0.339583
8 0.253125 0.295833 0.251563 0.297917 0.248438 0.297917 0.248438 0.304167 0.245312 0.312500 0.245312 0.327083 0.246875 0.329167 0.246875 0.335417 0.254688 0.339583 0.254688 0.308333 0.256250 0.306250 0.256250 0.302083 0.254688 0.300000 0.254688 0.295833
8 0.264062 0.291667 0.325000 0.468750 0.237500 0.627083 0.412500 0.585417 0.350000 0.527083 0.398438 0.406250 0.543750 0.525000 0.604688 0.379167 0.606250 0.506250 0.909375 0.433333 0.967187 0.616667 0.998437 0.091667 0.850000 0.389583 0.754687 0.295833 0.471875 0.347917 0.465625 0.060417 0.401562 0.200000 0.432812 0.385417
9 0.948438 0.529167 0.940625 0.706250 0.998437 0.735417 0.998437 0.537500 0.976562 0.539583 0.967187 0.618750 0.956250 0.606250 0.957812 0.535417
9 0.873437 0.508333 0.881250 0.572917 0.870313 0.645833 0.860938 0.622917 0.839063 0.616667 0.831250 0.647917 0.926562 0.697917 0.934375 0.525000 0.901563 0.527083
9 0.545312 0.543750 0.751563 0.581250 0.787500 0.606250 0.796875 0.579167 0.840625 0.539583 0.832812 0.525000 0.776563 0.533333 0.606250 0.508333 0.600000 0.541667 0.598437 0.508333 0.554688 0.502083
10 0.275000 0.125000 0.265625 0.289583 0.282813 0.293750 0.284375 0.329167 0.306250 0.339583 0.312500 0.145833
10 0.315625 0.337500 0.432812 0.383333 0.400000 0.200000 0.465625 0.058333 0.495312 0.247917 0.453125 0.406250 0.506250 0.308333 0.526563 0.368750 0.590625 0.285417 0.778125 0.300000 0.850000 0.387500 0.865625 0.281250 0.950000 0.258333 0.998437 0.000000 0.329688 0.000000
11 0.859375 0.477083 0.854688 0.497917 0.835938 0.510417 0.839063 0.545833 0.820312 0.556250 0.817187 0.575000 0.792188 0.587500 0.790625 0.643750 0.810937 0.658333 0.832812 0.658333 0.829688 0.633333 0.839063 0.614583 0.860938 0.620833 0.868750 0.645833 0.879687 0.556250 0.857812 0.493750