0 0.000000 0.764583 0.000000 0.997917 0.998437 0.997917 0.996875 0.812500 0.609375 0.560417 0.362500 0.535417
1 0.956250 0.797917 0.973437 0.797917 0.973437 0.793750 0.978125 0.791667 0.984375 0.797917 0.984375 0.804167 0.996875 0.810417 0.998437 0.814583 0.998437 0.766667 0.992188 0.764583 0.990625 0.760417 0.982812 0.760417 0.982812 0.772917 0.987500 0.779167 0.987500 0.787500 0.982812 0.791667 0.967187 0.789583 0.962500 0.795833
3 0.401562 0.385417 0.401562 0.391667 0.404687 0.393750 0.404687 0.397917 0.407813 0.397917 0.407813 0.395833 0.412500 0.391667 0.414062 0.393750 0.414062 0.406250 0.418750 0.408333 0.420312 0.412500 0.425000 0.410417 0.428125 0.400000 0.426563 0.393750 0.423438 0.391667 0.426563 0.389583 0.428125 0.385417
3 0.342187 0.385417 0.350000 0.397917 0.350000 0.429167 0.350000 0.408333 0.354687 0.402083 0.357812 0.406250 0.357812 0.435417 0.362500 0.441667 0.362500 0.454167 0.367188 0.466667 0.370312 0.404167 0.375000 0.387500
3 0.498437 0.383333 0.479687 0.383333 0.481250 0.420833 0.484375 0.429167 0.487500 0.431250 0.487500 0.437500 0.489063 0.439583 0.489063 0.435417 0.496875 0.414583 0.498437 0.393750 0.500000 0.391667
3 0.548438 0.381250 0.550000 0.414583 0.557813 0.425000 0.568750 0.395833 0.573438 0.391667 0.579688 0.393750 0.581250 0.402083 0.585938 0.404167 0.590625 0.425000 0.609375 0.397917 0.606250 0.385417 0.571875 0.381250 0.554688 0.385417
3 0.804688 0.477083 0.771875 0.437500 0.782813 0.427083 0.771875 0.375000 0.765625 0.420833 0.762500 0.372917 0.720313 0.375000 0.714063 0.414583 0.710938 0.375000 0.632812 0.379167 0.637500 0.477083 0.673438 0.470833 0.673438 0.429167 0.690625 0.472917
4 0.764062 0.587500 0.785937 0.604167 0.784375 0.633333 0.790625 0.608333 0.821875 0.616667 0.832812 0.654167 0.832812 0.620833 0.870313 0.627083 0.832812 0.600000 0.837500 0.581250 0.926562 0.591667 0.926562 0.560417 0.815625 0.539583 0.803125 0.564583 0.828125 0.577083 0.829688 0.600000
4 0.395313 0.385417 0.393750 0.389583 0.398438 0.395833 0.398438 0.422917 0.412500 0.427083 0.420312 0.447917 0.421875 0.470833 0.428125 0.470833 0.431250 0.460417 0.431250 0.410417 0.429688 0.414583 0.428125 0.404167 0.426563 0.410417 0.420312 0.414583 0.412500 0.406250 0.412500 0.393750 0.404687 0.400000 0.400000 0.385417
4 0.440625 0.385417 0.445312 0.402083 0.437500 0.406250 0.437500 0.468750 0.442188 0.475000 0.473438 0.470833 0.490625 0.477083 0.492188 0.431250 0.489063 0.441667 0.479687 0.420833 0.478125 0.383333 0.471875 0.385417 0.468750 0.397917 0.459375 0.393750 0.459375 0.383333 0.465625 0.381250
4 0.526563 0.420833 0.526563 0.470833 0.535937 0.477083 0.579688 0.397917 0.570312 0.395833 0.557813 0.427083 0.546875 0.381250 0.606250 0.383333 0.609375 0.402083 0.592187 0.427083 0.585938 0.414583 0.590625 0.443750 0.625000 0.393750 0.626563 0.470833 0.645312 0.479167 0.631250 0.468750 0.631250 0.379167 0.545312 0.379167
4 0.000000 0.285417 0.000000 0.718750 0.346875 0.564583 0.329688 0.477083 0.281250 0.475000 0.279687 0.389583
5 0.439063 0.320833 0.429688 0.322917 0.434375 0.343750 0.431250 0.520833 0.435937 0.518750 0.435937 0.362500 0.443750 0.331250
5 0.467187 0.118750 0.460938 0.204167 0.460938 0.266667 0.468750 0.270833 0.470313 0.160417
8 0.146875 0.329167 0.137500 0.320833 0.142187 0.289583 0.118750 0.279167 0.084375 0.283333 0.042188 0.279167 0.023438 0.291667 0.135937 0.335417
8 0.993750 0.020833 0.931250 0.104167 0.931250 0.000000 0.867188 0.000000 0.865625 0.162500 0.760938 0.181250 0.737500 0.320833 0.607812 0.354167 0.585938 0.268750 0.406250 0.231250 0.320312 0.331250 0.300000 0.233333 0.229687 0.337500 0.350000 0.560417 0.429688 0.477083 0.432812 0.318750 0.489063 0.481250 0.639062 0.481250 0.625000 0.395833 0.529687 0.479167 0.545312 0.377083 0.762500 0.370833 0.812500 0.527083 0.887500 0.541667 0.998437 0.450000
8 0.081250 0.000000 0.081250 0.087500 0.115625 0.139583 0.120313 0.235417 0.148438 0.254167 0.151562 0.341667 0.217188 0.366667 0.184375 0.310417 0.196875 0.245833 0.218750 0.239583 0.246875 0.152083 0.254688 0.052083 0.235937 0.000000
9 0.993750 0.693750 0.985938 0.708333 0.981250 0.727083 0.982812 0.735417 0.979688 0.737500 0.982812 0.758333 0.990625 0.758333 0.992188 0.762500 0.998437 0.764583 0.998437 0.693750
9 0.790625 0.610417 0.789062 0.643750 0.873437 0.693750 0.875000 0.639583 0.870313 0.629167 0.865625 0.633333 0.832812 0.622917 0.831250 0.656250 0.821875 0.618750
9 0.279687 0.593750 0.196875 0.620833 0.000000 0.720833 0.000000 0.756250
9 0.893750 0.610417 0.900000 0.610417 0.901563 0.608333 0.910937 0.606250 0.920312 0.600000 0.923438 0.600000 0.923438 0.593750 0.914062 0.593750 0.912500 0.591667 0.903125 0.591667 0.901563 0.589583 0.898438 0.589583 0.893750 0.597917
9 0.834375 0.591667 0.834375 0.600000 0.843750 0.606250 0.850000 0.606250 0.851562 0.610417 0.865625 0.614583 0.879687 0.595833 0.878125 0.591667 0.873437 0.591667 0.871875 0.587500 0.859375 0.587500 0.848437 0.583333 0.837500 0.583333
9 0.962500 0.497917 0.893750 0.495833 0.887500 0.543750 0.873437 0.493750 0.820312 0.487500 0.812500 0.529167 0.807813 0.479167 0.437500 0.479167 0.434375 0.522917 0.429688 0.479167 0.367188 0.479167 0.359375 0.510417 0.634375 0.564583 0.782813 0.641667 0.762500 0.587500 0.829688 0.597917 0.812500 0.539583 0.928125 0.560417
10 0.984375 0.237500 0.979688 0.243750 0.979688 0.247917 0.981250 0.250000 0.985938 0.247917 0.998437 0.256250 0.987500 0.270833 0.989062 0.275000 0.987500 0.281250 0.992188 0.285417 0.996875 0.283333 0.998437 0.287500 0.998437 0.235417
10 0.998437 0.087500 0.990625 0.097917 0.982812 0.102083 0.976562 0.112500 0.968750 0.116667 0.968750 0.122917 0.964063 0.129167 0.962500 0.147917 0.956250 0.162500 0.973437 0.164583 0.979688 0.141667 0.984375 0.137500 0.998437 0.135417
10 0.925000 0.012500 0.932813 0.043750 0.918750 0.087500 0.932813 0.102083 0.942187 0.089583 0.945312 0.060417 0.954688 0.060417 0.967187 0.018750 0.989062 0.016667 0.995313 0.025000 0.990625 0.045833 0.992188 0.064583 0.998437 0.068750 0.998437 0.000000 0.932813 0.000000
10 0.185938 0.314583 0.256250 0.370833 0.228125 0.333333 0.300000 0.231250 0.320312 0.329167 0.384375 0.235417 0.451562 0.283333 0.467187 0.116667 0.476562 0.283333 0.585938 0.266667 0.607812 0.352083 0.737500 0.318750 0.760938 0.179167 0.834375 0.116667 0.864062 0.162500 0.865625 0.000000 0.237500 0.000000 0.248438 0.152083
10 0.000000 0.000000 0.000000 0.283333 0.118750 0.277083 0.143750 0.289583 0.139063 0.320833 0.150000 0.339583 0.146875 0.254167 0.118750 0.235417 0.114062 0.139583 0.079687 0.087500 0.082812 0.002083
11 0.998437 0.452083 0.976562 0.466667 0.931250 0.556250 0.923438 0.602083 0.893750 0.612500 0.882812 0.583333 0.867188 0.612500 0.876563 0.681250 0.862500 0.741667 0.951562 0.797917 0.985938 0.787500 0.978125 0.737500 0.998437 0.691667