0 0.000000 0.741667 0.000000 0.997917 0.998437 0.997917 0.996875 0.777083 0.564063 0.556250 0.312500 0.539583
3 0.270313 0.379167 0.268750 0.383333 0.287500 0.408333 0.298438 0.381250 0.307812 0.385417 0.312500 0.397917 0.309375 0.425000 0.312500 0.443750 0.318750 0.450000 0.320312 0.468750 0.332813 0.470833 0.332813 0.400000 0.337500 0.379167
3 0.470313 0.375000 0.448437 0.375000 0.446875 0.435417 0.453125 0.443750 0.457813 0.443750 0.462500 0.429167 0.465625 0.404167 0.470313 0.391667
3 0.429688 0.375000 0.428125 0.377083 0.428125 0.395833 0.425000 0.397917 0.426563 0.404167 0.426563 0.416667 0.425000 0.418750 0.426563 0.429167 0.425000 0.433333 0.426563 0.439583 0.439063 0.439583 0.439063 0.375000
3 0.354687 0.379167 0.362500 0.381250 0.365625 0.387500 0.365625 0.416667 0.368750 0.418750 0.378125 0.408333 0.384375 0.435417 0.393750 0.441667 0.396875 0.422917 0.396875 0.400000 0.392188 0.383333 0.393750 0.379167 0.375000 0.375000 0.370312 0.379167
3 0.587500 0.372917 0.518750 0.375000 0.517188 0.402083 0.515625 0.375000 0.510938 0.375000 0.509375 0.404167 0.500000 0.414583 0.500000 0.447917 0.509375 0.447917 0.515625 0.433333 0.521875 0.443750 0.529687 0.425000 0.534375 0.429167 0.545312 0.387500 0.554688 0.389583 0.565625 0.425000 0.587500 0.393750
3 0.607812 0.372917 0.604688 0.475000 0.648438 0.466667 0.648438 0.425000 0.665625 0.466667 0.779687 0.472917 0.746875 0.435417 0.759375 0.418750 0.750000 0.368750
4 0.893750 0.666667 0.895312 0.668750 0.895312 0.689583 0.896875 0.691667 0.896875 0.706250 0.893750 0.712500 0.893750 0.716667 0.896875 0.718750 0.904687 0.718750 0.904687 0.704167 0.903125 0.702083 0.903125 0.691667 0.901563 0.689583 0.901563 0.668750
4 0.806250 0.612500 0.842187 0.633333 0.842187 0.720833 0.850000 0.641667 0.998437 0.691667 0.998437 0.654167 0.903125 0.627083 0.915625 0.604167 0.998437 0.629167 0.998437 0.564583 0.868750 0.550000 0.856250 0.581250 0.895312 0.600000 0.896875 0.629167
4 0.515625 0.435417 0.514062 0.443750 0.509375 0.450000 0.506250 0.452083 0.500000 0.450000 0.500000 0.477083 0.506250 0.477083 0.509375 0.468750 0.517188 0.462500 0.520312 0.445833 0.517188 0.441667 0.517188 0.437500
4 0.407813 0.383333 0.403125 0.464583 0.414062 0.470833 0.443750 0.466667 0.460938 0.475000 0.459375 0.441667 0.453125 0.445833 0.445312 0.435417 0.446875 0.375000 0.440625 0.375000 0.439063 0.441667 0.426563 0.441667 0.423438 0.433333 0.428125 0.375000 0.418750 0.375000 0.415625 0.385417
4 0.000000 0.293750 0.000000 0.706250 0.290625 0.575000 0.268750 0.477083 0.201563 0.472917 0.195312 0.366667
5 0.407813 0.302083 0.396875 0.302083 0.396875 0.527083 0.403125 0.427083 0.401562 0.329167 0.410938 0.312500
5 0.435937 0.110417 0.432812 0.112500 0.432812 0.183333 0.429688 0.189583 0.429688 0.256250 0.435937 0.258333 0.437500 0.222917
8 0.648438 0.427083 0.646875 0.433333 0.648438 0.435417 0.648438 0.456250 0.650000 0.458333 0.650000 0.468750 0.651563 0.470833 0.654687 0.470833 0.659375 0.466667 0.662500 0.466667 0.660937 0.464583 0.660937 0.460417 0.657813 0.458333 0.657813 0.452083 0.656250 0.450000 0.656250 0.439583 0.653125 0.433333 0.653125 0.429167 0.651563 0.427083
8 0.117188 0.337500 0.121875 0.341667 0.143750 0.345833 0.145313 0.350000 0.170313 0.358333 0.170313 0.354167 0.165625 0.347917 0.165625 0.341667 0.162500 0.339583 0.162500 0.333333 0.157812 0.327083 0.142187 0.316667 0.134375 0.316667 0.129688 0.325000 0.123438 0.327083 0.120313 0.335417
8 0.998437 0.000000 0.865625 0.000000 0.881250 0.112500 0.803125 0.093750 0.628125 0.343750 0.376563 0.218750 0.281250 0.318750 0.250000 0.210417 0.171875 0.316667 0.201563 0.468750 0.304688 0.568750 0.268750 0.379167 0.395313 0.475000 0.407813 0.300000 0.404687 0.393750 0.471875 0.391667 0.403125 0.477083 0.587500 0.370833 0.507812 0.477083 0.600000 0.487500 0.607812 0.370833 0.750000 0.366667 0.803125 0.533333 0.998437 0.502083
8 0.179688 0.000000 0.000000 0.000000 0.001563 0.175000 0.039062 0.202083 0.040625 0.266667 0.000000 0.264583 0.000000 0.291667 0.092188 0.318750 0.082812 0.293750 0.103125 0.195833 0.131250 0.193750 0.150000 0.104167 0.168750 0.085417 0.160938 0.035417
9 0.901563 0.658333 0.906250 0.720833 0.998437 0.777083 0.998437 0.693750
9 0.850000 0.643750 0.848437 0.683333 0.856250 0.691667 0.867188 0.695833 0.868750 0.700000 0.885938 0.706250 0.892188 0.716667 0.895312 0.706250 0.892188 0.658333 0.887500 0.652083 0.864062 0.643750
9 0.192188 0.627083 0.143750 0.635417 0.000000 0.708333 0.000000 0.739583
9 0.904687 0.606250 0.904687 0.627083 0.909375 0.635417 0.984375 0.660417 0.998437 0.652083 0.998437 0.631250
9 0.998437 0.562500 0.998437 0.504167 0.912500 0.493750 0.901563 0.547917 0.895312 0.493750 0.810937 0.487500 0.803125 0.535417 0.779687 0.475000 0.403125 0.479167 0.400000 0.529167 0.395313 0.477083 0.310937 0.504167 0.312500 0.537500 0.626563 0.570833 0.839063 0.679167 0.840625 0.633333 0.804688 0.612500 0.896875 0.627083 0.854688 0.581250 0.868750 0.547917
10 0.998437 0.204167 0.987500 0.208333 0.979688 0.220833 0.979688 0.227083 0.985938 0.229167 0.987500 0.233333 0.982812 0.243750 0.971875 0.250000 0.971875 0.277083 0.981250 0.272917 0.985938 0.275000 0.990625 0.283333 0.996875 0.277083
10 0.000000 0.164583 0.000000 0.262500 0.014063 0.266667 0.043750 0.262500 0.042188 0.231250 0.035937 0.222917 0.037500 0.202083 0.021875 0.185417 0.006250 0.185417 0.000000 0.175000
10 0.998437 0.064583 0.995313 0.066667 0.995313 0.070833 0.992188 0.075000 0.990625 0.097917 0.987500 0.102083 0.987500 0.108333 0.981250 0.118750 0.984375 0.125000 0.989062 0.122917 0.990625 0.127083 0.998437 0.122917
10 0.981250 0.000000 0.956250 0.000000 0.953125 0.004167 0.951562 0.012500 0.948438 0.014583 0.948438 0.018750 0.945312 0.020833 0.946875 0.035417 0.950000 0.039583 0.953125 0.039583 0.954688 0.041667 0.953125 0.043750 0.960938 0.039583 0.962500 0.043750 0.968750 0.043750 0.975000 0.035417 0.975000 0.031250 0.978125 0.029167 0.978125 0.025000 0.981250 0.020833 0.978125 0.016667
10 0.087500 0.325000 0.200000 0.364583 0.170313 0.316667 0.250000 0.208333 0.281250 0.316667 0.356250 0.218750 0.420312 0.272917 0.435937 0.108333 0.442188 0.270833 0.556250 0.258333 0.578125 0.345833 0.779687 0.218750 0.760938 0.143750 0.803125 0.091667 0.876563 0.114583 0.895312 0.062500 0.864062 0.000000 0.181250 0.000000