0 0.000000 0.806250 0.000000 0.997917 0.998437 0.997917 0.993750 0.731250 0.846875 0.687500 0.712500 0.572917 0.492188 0.552083
1 0.896875 0.685417 0.914062 0.695833 0.943750 0.700000 0.950000 0.706250 0.948438 0.712500 0.979688 0.716667 0.998437 0.737500 0.998437 0.718750 0.951562 0.697917
2 0.123438 0.000000 0.134375 0.010417 0.137500 0.020833 0.137500 0.120833 0.139063 0.045833 0.143750 0.035417 0.150000 0.043750 0.150000 0.000000
2 0.076563 0.000000 0.000000 0.000000 0.001563 0.287500 0.043750 0.283333 0.053125 0.070833 0.060937 0.272917 0.071875 0.277083
3 0.473438 0.422917 0.471875 0.429167 0.475000 0.435417 0.476562 0.447917 0.481250 0.439583 0.484375 0.466667 0.495312 0.481250 0.495312 0.441667 0.498437 0.422917 0.496875 0.420833
3 0.512500 0.420833 0.521875 0.435417 0.520312 0.454167 0.532813 0.447917 0.534375 0.462500 0.539062 0.470833 0.539062 0.485417 0.545312 0.487500 0.548438 0.460417 0.548438 0.422917 0.545312 0.416667
3 0.557813 0.416667 0.562500 0.429167 0.570312 0.431250 0.571875 0.475000 0.582812 0.477083 0.584375 0.491667 0.589063 0.477083 0.593750 0.495833 0.603125 0.495833 0.603125 0.475000 0.612500 0.431250 0.610938 0.414583 0.593750 0.414583 0.590625 0.445833 0.587500 0.443750 0.587500 0.414583
3 0.731250 0.404167 0.650000 0.410417 0.648438 0.441667 0.635938 0.452083 0.637500 0.491667 0.653125 0.487500 0.673438 0.456250 0.678125 0.460417 0.681250 0.431250 0.687500 0.422917 0.698438 0.427083 0.706250 0.460417 0.731250 0.422917
3 0.893750 0.439583 0.848437 0.437500 0.853125 0.420833 0.873437 0.414583 0.860938 0.400000 0.846875 0.397917 0.840625 0.425000 0.835938 0.395833 0.750000 0.402083 0.745313 0.497917 0.795312 0.493750 0.795312 0.450000 0.812500 0.491667 0.873437 0.495833 0.896875 0.470833
4 0.126562 0.443750 0.118750 0.447917 0.118750 0.468750 0.109375 0.479167 0.098437 0.479167 0.089063 0.493750 0.090625 0.508333 0.100000 0.522917 0.115625 0.516667 0.121875 0.508333 0.137500 0.506250 0.137500 0.487500 0.128125 0.470833 0.128125 0.456250 0.131250 0.450000
4 0.556250 0.416667 0.554688 0.477083 0.564063 0.485417 0.570312 0.483333 0.582812 0.487500 0.582812 0.479167 0.573438 0.479167 0.570312 0.475000 0.571875 0.460417 0.568750 0.431250 0.562500 0.431250
4 0.489063 0.556250 0.443750 0.502083 0.442188 0.441667 0.162500 0.379167 0.182812 0.466667 0.154688 0.585417 0.092188 0.556250 0.076563 0.635417 0.000000 0.547917 0.000000 0.804167 0.192188 0.681250 0.126562 0.668750 0.145313 0.600000 0.212500 0.672917
4 0.000000 0.322917 0.000000 0.520833 0.007812 0.518750 0.015625 0.535417 0.028125 0.537500 0.028125 0.510417 0.014063 0.502083 0.014063 0.489583 0.025000 0.481250 0.014063 0.450000 0.035937 0.443750 0.026562 0.425000 0.032813 0.397917 0.028125 0.387500 0.040625 0.366667
5 0.551562 0.385417 0.550000 0.543750 0.553125 0.506250
5 0.578125 0.241667 0.578125 0.293750 0.582812 0.306250 0.585938 0.293750 0.585938 0.264583 0.584375 0.262500 0.584375 0.247917
5 0.146875 0.037500 0.140625 0.045833 0.135937 0.304167 0.146875 0.300000 0.148438 0.262500
8 0.128125 0.660417 0.139063 0.683333 0.157812 0.666667 0.193750 0.681250 0.184375 0.708333 0.154688 0.722917 0.154688 0.731250 0.267188 0.666667 0.210938 0.675000 0.190625 0.645833 0.159375 0.643750 0.145313 0.602083 0.131250 0.639583 0.137500 0.652083
8 0.795312 0.452083 0.795312 0.456250 0.792188 0.458333 0.792188 0.460417 0.795312 0.462500 0.795312 0.481250 0.798438 0.487500 0.796875 0.493750 0.798438 0.495833 0.803125 0.495833 0.809375 0.491667 0.809375 0.483333 0.806250 0.481250 0.803125 0.472917 0.801562 0.456250 0.798438 0.452083
8 0.984375 0.014583 0.803125 0.358333 0.526563 0.279167 0.462500 0.368750 0.437500 0.304167 0.385937 0.425000 0.485938 0.558333 0.546875 0.502083 0.510938 0.420833 0.551562 0.383333 0.614062 0.418750 0.554688 0.506250 0.746875 0.512500 0.750000 0.400000 0.860938 0.397917 0.959375 0.560417 0.998437 0.508333
8 0.382812 0.002083 0.348438 0.160417 0.323437 0.091667 0.309375 0.164583 0.354687 0.385417 0.181250 0.297917 0.000000 0.287500 0.042188 0.366667 0.029687 0.537500 0.000000 0.522917 0.032813 0.616667 0.076563 0.633333 0.092188 0.554167 0.170313 0.560417 0.162500 0.377083 0.368750 0.418750 0.420312 0.220833
9 0.876563 0.635417 0.873437 0.643750 0.875000 0.668750 0.884375 0.683333 0.926562 0.689583 0.914062 0.687500 0.909375 0.677083 0.914062 0.666667 0.909375 0.639583 0.900000 0.629167 0.885938 0.627083
9 0.807813 0.597917 0.807813 0.602083 0.806250 0.604167 0.804688 0.604167 0.804688 0.606250 0.803125 0.608333 0.803125 0.616667 0.804688 0.616667 0.806250 0.618750 0.812500 0.618750 0.814063 0.620833 0.817187 0.620833 0.818750 0.622917 0.820312 0.620833 0.821875 0.620833 0.821875 0.602083 0.817187 0.597917
9 0.434375 0.585417 0.407813 0.589583 0.323437 0.629167 0.296875 0.629167 0.257812 0.664583 0.317188 0.652083 0.375000 0.612500
9 0.973437 0.504167 0.964063 0.510417 0.951562 0.595833 0.921875 0.604167 0.935937 0.625000 0.921875 0.629167 0.920312 0.645833 0.932813 0.670833 0.931250 0.693750 0.998437 0.716667 0.998437 0.510417
9 0.914062 0.497917 0.914062 0.502083 0.917188 0.504167 0.917188 0.512500 0.920312 0.514583 0.921875 0.522917 0.926562 0.529167 0.928125 0.545833 0.935937 0.552083 0.951562 0.554167 0.950000 0.500000
9 0.878125 0.504167 0.553125 0.508333 0.551562 0.545833 0.546875 0.504167 0.500000 0.504167 0.490625 0.547917 0.712500 0.570833 0.795312 0.612500 0.784375 0.575000 0.832812 0.579167 0.821875 0.541667 0.868750 0.543750
10 0.054688 0.072917 0.048438 0.085417 0.045312 0.283333 0.060937 0.277083
10 0.370312 0.418750 0.437500 0.302083 0.459375 0.366667 0.509375 0.283333 0.568750 0.320833 0.584375 0.156250 0.589063 0.314583 0.682813 0.279167 0.729688 0.368750 0.803125 0.356250 0.978125 0.008333 0.985938 0.147917 0.998437 0.000000 0.381250 0.000000 0.421875 0.220833
10 0.151562 0.000000 0.148438 0.297917 0.189062 0.300000 0.221875 0.350000 0.309375 0.347917 0.315625 0.391667 0.354687 0.383333 0.307812 0.164583 0.317188 0.137500 0.326562 0.172917 0.323437 0.089583 0.346875 0.160417 0.350000 0.037500 0.371875 0.000000
10 0.078125 0.000000 0.073438 0.277083 0.134375 0.304167 0.135937 0.020833 0.121875 0.000000
11 0.885938 0.477083 0.868750 0.545833 0.823438 0.541667 0.820312 0.558333 0.835938 0.577083 0.821875 0.583333 0.817187 0.664583 0.851562 0.687500 0.881250 0.685417 0.871875 0.643750 0.881250 0.627083 0.900000 0.627083 0.912500 0.645833 0.912500 0.683333 0.928125 0.689583 0.918750 0.633333 0.934375 0.622917 0.920312 0.604167 0.950000 0.595833 0.959375 0.562500 0.931250 0.552083 0.907813 0.485417
18 0.784375 0.577083 0.790625 0.579167 0.796875 0.585417 0.800000 0.602083 0.800000 0.612500 0.801562 0.612500 0.801562 0.608333 0.806250 0.602083 0.807813 0.595833 0.817187 0.595833 0.818750 0.597917 0.820312 0.595833 0.820312 0.583333 0.801562 0.581250 0.800000 0.577083