0 0.000000 0.627083 0.000000 0.997917 0.959375 0.997917 0.451562 0.489583 0.367188 0.470833
2 0.435937 0.393750 0.440625 0.402083 0.445312 0.404167 0.454688 0.404167 0.456250 0.402083 0.467187 0.404167 0.481250 0.393750
2 0.378125 0.375000 0.381250 0.395833 0.390625 0.404167 0.390625 0.425000 0.401562 0.425000 0.403125 0.404167 0.410938 0.397917 0.414062 0.389583 0.429688 0.393750 0.428125 0.385417 0.409375 0.383333 0.401562 0.377083 0.398438 0.381250 0.390625 0.372917 0.387500 0.377083
3 0.493750 0.393750 0.493750 0.404167 0.501563 0.404167 0.506250 0.400000 0.514062 0.402083 0.521875 0.412500 0.526563 0.427083 0.526563 0.443750 0.529687 0.450000 0.529687 0.439583 0.532813 0.437500 0.535937 0.389583 0.523438 0.393750
3 0.000000 0.000000 0.000000 0.083333 0.159375 0.237500 0.156250 0.431250 0.181250 0.400000 0.231250 0.406250 0.245312 0.466667 0.359375 0.450000 0.356250 0.375000 0.046875 0.020833
4 0.801562 0.406250 0.773438 0.408333 0.754687 0.472917 0.746875 0.470833 0.746875 0.447917 0.726562 0.456250 0.718750 0.508333 0.798438 0.529167 0.793750 0.514583 0.807813 0.495833 0.801562 0.475000
4 0.998437 0.387500 0.867188 0.397917 0.834375 0.412500 0.823438 0.537500 0.904687 0.550000 0.926562 0.529167 0.950000 0.527083 0.960938 0.554167 0.998437 0.575000
5 0.540625 0.387500 0.537500 0.387500 0.534375 0.437500 0.531250 0.439583 0.531250 0.477083 0.534375 0.477083 0.535937 0.466667 0.537500 0.412500 0.540625 0.410417
5 0.496875 0.341667 0.489063 0.341667 0.492188 0.370833 0.481250 0.500000 0.482812 0.487500 0.489063 0.487500 0.493750 0.431250 0.501563 0.427083 0.490625 0.420833 0.493750 0.352083 0.501563 0.347917
8 0.982812 0.572917 0.978125 0.564583 0.960938 0.556250 0.954688 0.543750 0.954688 0.531250 0.950000 0.529167 0.939063 0.531250 0.937500 0.535417 0.926562 0.531250 0.909375 0.550000 0.901563 0.552083 0.943750 0.564583 0.945312 0.568750
8 0.514062 0.404167 0.506250 0.402083 0.501563 0.406250 0.492188 0.406250 0.492188 0.420833 0.503125 0.427083 0.495312 0.431250 0.490625 0.485417 0.529687 0.475000 0.529687 0.452083 0.525000 0.443750 0.525000 0.427083
8 0.404687 0.404167 0.403125 0.427083 0.410938 0.437500 0.409375 0.450000 0.414062 0.458333 0.448437 0.481250 0.479687 0.489583 0.487500 0.406250 0.445312 0.406250 0.434375 0.393750 0.418750 0.391667
8 0.490625 0.354167 0.484375 0.360417 0.476562 0.360417 0.471875 0.368750 0.465625 0.375000 0.460938 0.387500 0.460938 0.391667 0.489063 0.391667
8 0.371875 0.354167 0.367188 0.360417 0.364063 0.368750 0.364063 0.377083 0.360938 0.383333 0.365625 0.389583 0.365625 0.397917 0.364063 0.400000 0.367188 0.402083 0.376563 0.402083 0.381250 0.397917 0.378125 0.391667 0.378125 0.385417 0.376563 0.383333 0.376563 0.362500 0.373437 0.360417 0.373437 0.356250
8 0.000000 0.085417 0.000000 0.625000 0.143750 0.575000 0.201563 0.483333 0.176563 0.450000 0.185938 0.404167 0.154688 0.431250 0.157812 0.237500 0.131250 0.229167 0.034375 0.097917
8 0.998437 0.000000 0.735938 0.000000 0.750000 0.097917 0.671875 0.116667 0.737500 0.156250 0.728125 0.335417 0.671875 0.391667 0.684375 0.318750 0.604688 0.316667 0.493750 0.391667 0.542188 0.387500 0.535937 0.475000 0.709375 0.510417 0.801562 0.404167 0.817187 0.541667 0.834375 0.410417 0.998437 0.385417 0.998437 0.250000 0.912500 0.293750 0.998437 0.172917 0.896875 0.147917
8 0.085938 0.045833 0.112500 0.100000 0.318750 0.331250 0.353125 0.287500 0.317188 0.122917 0.296875 0.133333 0.290625 0.093750 0.262500 0.100000 0.285938 0.014583 0.265625 0.033333 0.242188 0.000000 0.239063 0.025000 0.217188 0.012500 0.206250 0.031250 0.150000 0.000000 0.115625 0.066667
9 0.398438 0.427083 0.398438 0.470833 0.457813 0.491667 0.953125 0.991667 0.998437 0.997917 0.998437 0.577083 0.571875 0.479167 0.481250 0.502083
9 0.389062 0.404167 0.364063 0.402083 0.359375 0.452083 0.325000 0.439583 0.250000 0.468750 0.231250 0.408333 0.187500 0.404167 0.178125 0.450000 0.203125 0.497917 0.146875 0.570833 0.318750 0.487500 0.381250 0.472917
10 0.826562 0.320833 0.817187 0.327083 0.798438 0.327083 0.779687 0.375000 0.760938 0.364583 0.759375 0.354167 0.748437 0.360417 0.743750 0.368750 0.746875 0.402083 0.768750 0.404167 0.775000 0.402083 0.778125 0.387500 0.792188 0.391667 0.806250 0.381250 0.821875 0.379167
10 0.998437 0.222917 0.967187 0.231250 0.945312 0.252083 0.934375 0.256250 0.932813 0.279167 0.914062 0.293750 0.923438 0.302083 0.931250 0.300000 0.939063 0.287500 0.946875 0.287500 0.953125 0.270833 0.973437 0.266667 0.990625 0.245833 0.998437 0.247917
10 0.998437 0.039583 0.982812 0.050000 0.976562 0.079167 0.968750 0.087500 0.946875 0.083333 0.929688 0.091667 0.928125 0.106250 0.904687 0.129167 0.898438 0.147917 0.918750 0.131250 0.946875 0.135417 0.959375 0.154167 0.985938 0.158333 0.998437 0.170833
10 0.256250 0.000000 0.290625 0.027083 0.265625 0.106250 0.317188 0.120833 0.356250 0.283333 0.318750 0.327083 0.359375 0.381250 0.371875 0.352083 0.459375 0.391667 0.489063 0.339583 0.520312 0.370833 0.685937 0.318750 0.671875 0.389583 0.726562 0.335417 0.735938 0.156250 0.670312 0.116667 0.748437 0.097917 0.734375 0.000000
10 0.171875 0.000000 0.184375 0.002083 0.192188 0.008333 0.193750 0.014583 0.206250 0.029167 0.212500 0.018750 0.210938 0.014583 0.217188 0.010417 0.223438 0.012500 0.231250 0.025000 0.239063 0.022917 0.240625 0.000000
10 0.029687 0.000000 0.103125 0.083333 0.084375 0.045833 0.096875 0.041667 0.115625 0.064583 0.115625 0.050000 0.137500 0.035417 0.129688 0.014583 0.135937 0.006250 0.150000 0.016667 0.148438 0.000000