0 0.000000 0.614583 0.000000 0.997917 0.785937 0.997917 0.437500 0.508333 0.335938 0.489583
2 0.454688 0.393750 0.445312 0.393750 0.426563 0.400000 0.404687 0.400000 0.407813 0.408333 0.412500 0.410417 0.428125 0.404167 0.454688 0.402083
2 0.343750 0.393750 0.350000 0.418750 0.353125 0.418750 0.354687 0.422917 0.359375 0.425000 0.359375 0.435417 0.360938 0.435417 0.359375 0.420833 0.364063 0.410417 0.367188 0.408333 0.368750 0.393750 0.367188 0.395833 0.364063 0.393750 0.362500 0.395833 0.357812 0.389583 0.356250 0.393750
3 0.475000 0.389583 0.473438 0.395833 0.476562 0.391667 0.489063 0.391667 0.492188 0.402083 0.500000 0.406250 0.503125 0.422917 0.506250 0.425000 0.507812 0.441667 0.512500 0.445833 0.514062 0.379167 0.500000 0.379167 0.498437 0.383333
3 0.000000 0.166667 0.000000 0.518750 0.084375 0.522917 0.159375 0.475000 0.217188 0.468750 0.246875 0.489583 0.310937 0.470833 0.306250 0.418750 0.289062 0.418750 0.304688 0.397917
4 0.834375 0.347917 0.803125 0.354167 0.796875 0.393750 0.789062 0.406250 0.787500 0.429167 0.792188 0.452083 0.800000 0.462500 0.800000 0.493750 0.834375 0.495833 0.837500 0.458333
4 0.998437 0.306250 0.914062 0.327083 0.901563 0.343750 0.889062 0.427083 0.890625 0.464583 0.901563 0.452083 0.898438 0.502083 0.998437 0.502083
5 0.451562 0.300000 0.459375 0.308333 0.453125 0.518750 0.459375 0.427083 0.465625 0.420833 0.459375 0.418750 0.462500 0.312500 0.473438 0.304167
8 0.489063 0.393750 0.476562 0.393750 0.462500 0.400000 0.460938 0.418750 0.478125 0.422917 0.468750 0.427083 0.468750 0.495833 0.514062 0.477083 0.512500 0.447917 0.506250 0.441667 0.498437 0.406250 0.492188 0.404167
8 0.331250 0.372917 0.318750 0.420833 0.353125 0.429167 0.359375 0.470833 0.451562 0.502083 0.454688 0.404167 0.410938 0.412500 0.379688 0.385417 0.370312 0.393750 0.359375 0.437500 0.340625 0.377083
8 0.457813 0.358333 0.453125 0.362500 0.450000 0.360417 0.445312 0.362500 0.440625 0.372917 0.437500 0.375000 0.432812 0.385417 0.432812 0.395833 0.443750 0.393750 0.445312 0.391667 0.454688 0.391667 0.456250 0.387500
8 0.259375 0.358333 0.273438 0.370833 0.285938 0.377083 0.293750 0.391667 0.298438 0.391667 0.306250 0.397917 0.304688 0.387500 0.300000 0.385417 0.295312 0.379167 0.292187 0.364583 0.276562 0.358333
8 0.998437 0.202083 0.765625 0.362500 0.710938 0.300000 0.660937 0.372917 0.667188 0.287500 0.515625 0.364583 0.467187 0.347917 0.462500 0.391667 0.520312 0.375000 0.517188 0.475000 0.676562 0.483333 0.681250 0.447917 0.682813 0.485417 0.792188 0.493750 0.801562 0.354167 0.835938 0.345833 0.835938 0.497917 0.896875 0.502083 0.900000 0.343750 0.998437 0.304167
8 0.195312 0.072917 0.198437 0.131250 0.170313 0.175000 0.170313 0.200000 0.150000 0.197917 0.151562 0.233333 0.137500 0.231250 0.131250 0.258333 0.156250 0.293750 0.217188 0.325000 0.246875 0.295833 0.271875 0.239583 0.256250 0.220833 0.262500 0.195833 0.243750 0.129167 0.234375 0.139583 0.231250 0.106250
8 0.000000 0.000000 0.000000 0.164583 0.035937 0.185417 0.034375 0.168750 0.042188 0.158333 0.062500 0.158333 0.053125 0.120833 0.079687 0.118750 0.089063 0.102083 0.103125 0.102083 0.103125 0.091667 0.079687 0.068750 0.090625 0.058333 0.090625 0.045833 0.073438 0.031250 0.064062 0.000000
9 0.312500 0.479167 0.240625 0.491667 0.217188 0.470833 0.204687 0.487500 0.159375 0.477083 0.121875 0.485417 0.084375 0.525000 0.000000 0.520833 0.000000 0.612500 0.310937 0.500000
9 0.307812 0.420833 0.340625 0.491667 0.437500 0.506250 0.784375 0.995833 0.998437 0.997917 0.998437 0.508333 0.525000 0.475000 0.453125 0.520833
10 0.035937 0.168750 0.129688 0.258333 0.200000 0.070833 0.273438 0.239583 0.218750 0.327083 0.309375 0.418750 0.431250 0.395833 0.451562 0.297917 0.490625 0.366667 0.635938 0.281250 0.660937 0.370833 0.710938 0.297917 0.754687 0.362500 0.990625 0.216667 0.998437 0.000000 0.065625 0.000000 0.104688 0.102083
11 0.326562 0.431250 0.323437 0.431250 0.312500 0.456250 0.310937 0.475000 0.314063 0.479167 0.314063 0.514583 0.325000 0.514583 0.325000 0.504167 0.334375 0.500000 0.332813 0.447917 0.328125 0.441667