0 0.000000 0.337500 0.000000 0.997917 0.895312 0.997917 0.212500 0.295833 0.142187 0.258333
2 0.143750 0.139583 0.145313 0.150000 0.151562 0.158333 0.160938 0.162500 0.162500 0.168750 0.182812 0.177083 0.187500 0.183333 0.201563 0.183333 0.209375 0.189583 0.207813 0.179167 0.192188 0.166667 0.176563 0.160417 0.175000 0.156250 0.167187 0.154167 0.153125 0.141667
3 0.050000 0.000000 0.065625 0.016667 0.073438 0.037500 0.093750 0.062500 0.100000 0.079167 0.106250 0.081250 0.098437 0.068750 0.081250 0.020833 0.071875 0.006250 0.071875 0.000000
4 0.500000 0.379167 0.498437 0.420833 0.639062 0.506250 0.717187 0.466667 0.731250 0.537500 0.756250 0.485417 0.764062 0.577083 0.812500 0.610417 0.831250 0.550000 0.851562 0.631250 0.892188 0.514583 0.925000 0.512500 0.889062 0.654167 0.993750 0.720833 0.996875 0.500000 0.873437 0.454167 0.851562 0.495833 0.851562 0.445833 0.551562 0.347917
4 0.221875 0.197917 0.242188 0.225000 0.284375 0.241667 0.303125 0.241667 0.317188 0.252083 0.323437 0.264583 0.326562 0.302083 0.337500 0.243750
4 0.192188 0.185417 0.187500 0.185417 0.185938 0.181250 0.178125 0.177083 0.170313 0.187500 0.164062 0.189583 0.162500 0.185417 0.162500 0.195833 0.157812 0.206250 0.159375 0.208333 0.156250 0.210417 0.159375 0.225000 0.168750 0.227083 0.176563 0.216667 0.178125 0.218750 0.181250 0.214583 0.179688 0.204167 0.185938 0.193750 0.189062 0.195833 0.192188 0.191667
5 0.831250 0.552083 0.789062 0.702083 0.779687 0.752083 0.784375 0.775000 0.798438 0.756250 0.829688 0.622917
5 0.293750 0.250000 0.287500 0.260417 0.281250 0.260417 0.287500 0.268750 0.287500 0.277083 0.281250 0.295833 0.278125 0.333333 0.282813 0.320833 0.284375 0.304167 0.287500 0.300000 0.285938 0.293750 0.290625 0.272917 0.293750 0.268750 0.300000 0.268750 0.293750 0.262500
5 0.998437 0.035417 0.940625 0.056250 0.951562 0.075000 0.851562 0.493750 0.887500 0.400000 0.962500 0.070833
5 0.932813 0.000000 0.935937 0.002083 0.934375 0.006250 0.935937 0.004167 0.945312 0.014583 0.946875 0.012500 0.950000 0.018750 0.951562 0.016667 0.960938 0.025000 0.964063 0.022917 0.964063 0.027083 0.984375 0.018750 0.987500 0.022917 0.998437 0.018750 0.998437 0.000000
8 0.907813 0.504167 0.893750 0.514583 0.885938 0.547917 0.878125 0.545833 0.850000 0.591667 0.854688 0.633333 0.884375 0.654167 0.907813 0.614583 0.910937 0.591667 0.923438 0.562500 0.926562 0.518750
8 0.654687 0.489583 0.648438 0.510417 0.753125 0.575000 0.762500 0.577083 0.770312 0.564583 0.762500 0.537500 0.775000 0.525000 0.756250 0.514583 0.756250 0.487500 0.731250 0.539583 0.720313 0.529167 0.725000 0.508333 0.717187 0.468750 0.695312 0.466667 0.673438 0.493750
8 0.904687 0.325000 0.875000 0.454167 0.998437 0.502083 0.998437 0.354167 0.957812 0.341667 0.925000 0.350000
8 0.171875 0.227083 0.178125 0.241667 0.193750 0.237500 0.196875 0.258333 0.229687 0.297917 0.265625 0.320833 0.278125 0.318750 0.285938 0.277083 0.279687 0.260417 0.293750 0.247917 0.301563 0.268750 0.292187 0.272917 0.284375 0.320833 0.326562 0.322917 0.321875 0.264583 0.303125 0.243750 0.242188 0.227083 0.223438 0.195833 0.201563 0.185417
8 0.246875 0.206250 0.339062 0.243750 0.331250 0.329167 0.490625 0.418750 0.540625 0.343750 0.854688 0.445833 0.879687 0.352083 0.857812 0.212500 0.823438 0.293750 0.746875 0.202083 0.554688 0.333333 0.546875 0.287500 0.609375 0.272917 0.551562 0.225000 0.615625 0.195833 0.573438 0.170833 0.598437 0.000000 0.495312 0.043750 0.487500 0.152083 0.445312 0.135417 0.473438 0.227083
8 0.143750 0.000000 0.073438 0.000000 0.106250 0.083333 0.048438 0.000000 0.000000 0.000000 0.000000 0.335417 0.048438 0.339583 0.140625 0.258333 0.123438 0.237500 0.156250 0.220833 0.162500 0.172917 0.109375 0.077083 0.148438 0.058333
9 0.195312 0.260417 0.885938 0.989583 0.998437 0.997917 0.993750 0.722917 0.829688 0.625000 0.784375 0.777083 0.806250 0.608333
9 0.126562 0.233333 0.125000 0.241667 0.128125 0.243750 0.129688 0.252083 0.139063 0.252083 0.140625 0.256250 0.157812 0.260417 0.173437 0.272917 0.178125 0.243750 0.170313 0.227083 0.164062 0.229167 0.157812 0.222917 0.146875 0.222917 0.145313 0.218750 0.140625 0.218750 0.134375 0.229167
10 0.998437 0.041667 0.964063 0.070833 0.904687 0.322917 0.925000 0.347917 0.957812 0.339583 0.998437 0.352083
10 0.545312 0.310417 0.571875 0.335417 0.682813 0.287500 0.737500 0.200000 0.803125 0.220833 0.825000 0.291667 0.857812 0.210417 0.873437 0.352083 0.939063 0.056250 0.998437 0.020833 0.600000 0.000000 0.573438 0.085417 0.601562 0.083333 0.606250 0.133333 0.575000 0.170833 0.617188 0.195833 0.553125 0.225000 0.610938 0.272917
10 0.110937 0.079167 0.143750 0.137500 0.242188 0.204167 0.301563 0.175000 0.320312 0.210417 0.414062 0.195833 0.473438 0.225000 0.475000 0.179167 0.443750 0.135417 0.485938 0.152083 0.498437 0.035417 0.523438 0.004167 0.548438 0.050000 0.573438 0.000000 0.145313 0.000000 0.151562 0.052083
11 0.190625 0.237500 0.184375 0.237500 0.179688 0.241667 0.178125 0.260417 0.175000 0.262500 0.176563 0.264583 0.175000 0.268750 0.175000 0.277083 0.178125 0.283333 0.182812 0.287500 0.182812 0.285417 0.190625 0.277083 0.192188 0.272917 0.192188 0.264583 0.195312 0.258333 0.193750 0.239583