0 0.000000 0.645833 0.000000 0.997917 0.962500 0.997917 0.442188 0.489583 0.367188 0.470833
2 0.373437 0.375000 0.378125 0.400000 0.385937 0.400000 0.389062 0.404167 0.389062 0.422917 0.393750 0.427083 0.396875 0.422917 0.395313 0.410417 0.406250 0.393750 0.428125 0.393750 0.423438 0.385417 0.401562 0.385417 0.398438 0.379167 0.396875 0.383333 0.389062 0.381250 0.387500 0.375000 0.384375 0.379167 0.375000 0.379167
3 0.000000 0.000000 0.000000 0.083333 0.135937 0.237500 0.132812 0.437500 0.145313 0.450000 0.170313 0.404167 0.193750 0.435417 0.220312 0.418750 0.239063 0.472917 0.357812 0.450000 0.343750 0.368750
4 0.771875 0.404167 0.767188 0.437500 0.759375 0.456250 0.764062 0.502083 0.760938 0.518750 0.796875 0.527083 0.793750 0.514583 0.806250 0.506250 0.809375 0.487500 0.796875 0.477083 0.796875 0.458333 0.801562 0.452083 0.796875 0.439583 0.800000 0.404167
4 0.482812 0.393750 0.467187 0.393750 0.465625 0.395833 0.451562 0.397917 0.446875 0.402083 0.440625 0.402083 0.445312 0.406250 0.470313 0.406250 0.471875 0.404167 0.482812 0.404167
4 0.490625 0.393750 0.492188 0.406250 0.504687 0.400000 0.518750 0.412500 0.523438 0.441667 0.528125 0.450000 0.529687 0.427083 0.528125 0.422917 0.526563 0.427083 0.525000 0.425000 0.526563 0.416667 0.523438 0.404167 0.531250 0.395833 0.531250 0.389583
4 0.998437 0.383333 0.848437 0.397917 0.826562 0.537500 0.904687 0.537500 0.920312 0.516667 0.931250 0.458333 0.935937 0.472917 0.951562 0.464583 0.946875 0.483333 0.931250 0.485417 0.943750 0.493750 0.937500 0.516667 0.954688 0.518750 0.960938 0.547917 0.998437 0.568750
5 0.485938 0.339583 0.490625 0.358333 0.478125 0.502083 0.482812 0.470833 0.484375 0.489583 0.487500 0.487500 0.490625 0.431250 0.498437 0.429167 0.485938 0.420833 0.490625 0.350000 0.498437 0.343750
8 0.890625 0.543750 0.932813 0.560417 0.992188 0.566667 0.979688 0.554167 0.960938 0.550000 0.954688 0.520833 0.935937 0.516667 0.942187 0.493750 0.932813 0.493750 0.929688 0.485417 0.946875 0.481250 0.950000 0.464583 0.935937 0.475000 0.929688 0.460417 0.921875 0.516667 0.904687 0.539583
8 0.504687 0.402083 0.489063 0.408333 0.487500 0.420833 0.500000 0.427083 0.498437 0.431250 0.492188 0.431250 0.489063 0.485417 0.528125 0.475000 0.528125 0.452083 0.521875 0.441667 0.520312 0.420833 0.515625 0.410417
8 0.398438 0.406250 0.396875 0.429167 0.404687 0.437500 0.406250 0.454167 0.443750 0.481250 0.478125 0.487500 0.482812 0.406250 0.445312 0.408333 0.431250 0.393750 0.409375 0.393750
8 0.367188 0.358333 0.359375 0.370833 0.357812 0.387500 0.359375 0.412500 0.371875 0.429167 0.382812 0.429167 0.387500 0.422917 0.387500 0.404167 0.385937 0.402083 0.379688 0.404167 0.376563 0.400000 0.371875 0.381250 0.371875 0.362500
8 0.489063 0.352083 0.478125 0.364583 0.475000 0.360417 0.471875 0.362500 0.462500 0.375000 0.456250 0.393750 0.484375 0.391667
8 0.000000 0.085417 0.001563 0.643750 0.129688 0.583333 0.187500 0.479167 0.173437 0.408333 0.156250 0.406250 0.145313 0.452083 0.131250 0.437500 0.131250 0.229167 0.107813 0.229167 0.079687 0.164583
8 0.998437 0.000000 0.732812 0.000000 0.748437 0.089583 0.670312 0.108333 0.735938 0.150000 0.728125 0.329167 0.670312 0.385417 0.657813 0.310417 0.492188 0.350000 0.490625 0.391667 0.537500 0.387500 0.531250 0.475000 0.759375 0.518750 0.798438 0.400000 0.818750 0.539583 0.848437 0.395833 0.998437 0.381250 0.998437 0.241667 0.934375 0.277083 0.998437 0.156250 0.901563 0.133333
8 0.073438 0.041667 0.095312 0.095833 0.310937 0.335417 0.348438 0.287500 0.307812 0.118750 0.290625 0.133333 0.282813 0.093750 0.254688 0.102083 0.278125 0.012500 0.257812 0.029167 0.232813 0.000000 0.228125 0.025000 0.203125 0.010417 0.195312 0.029167 0.170313 0.000000 0.135937 0.000000 0.101562 0.062500
9 0.393750 0.429167 0.398438 0.477083 0.451562 0.491667 0.787500 0.839583 0.998437 0.997917 0.996875 0.568750 0.543750 0.475000 0.478125 0.504167
9 0.129688 0.568750 0.373437 0.470833 0.382812 0.431250 0.359375 0.414583 0.353125 0.456250 0.320312 0.445833 0.239063 0.475000 0.220312 0.420833 0.193750 0.437500 0.193750 0.416667 0.182812 0.414583 0.185938 0.502083 0.168750 0.539583
10 0.829688 0.312500 0.817187 0.320833 0.796875 0.322917 0.781250 0.368750 0.760938 0.360417 0.759375 0.350000 0.750000 0.354167 0.742188 0.366667 0.745313 0.400000 0.771875 0.397917 0.776563 0.383333 0.790625 0.387500 0.804688 0.377083 0.820312 0.377083 0.825000 0.366667
10 0.998437 0.212500 0.976562 0.218750 0.975000 0.222917 0.960938 0.229167 0.950000 0.245833 0.940625 0.252083 0.943750 0.260417 0.942187 0.268750 0.935937 0.277083 0.940625 0.277083 0.946875 0.262500 0.967187 0.258333 0.985938 0.237500 0.998437 0.239583
10 0.998437 0.029167 0.984375 0.041667 0.976562 0.070833 0.932813 0.077083 0.903125 0.133333 0.912500 0.131250 0.921875 0.116667 0.951562 0.120833 0.962500 0.139583 0.990625 0.143750 0.998437 0.154167
10 0.248438 0.000000 0.281250 0.014583 0.257812 0.106250 0.307812 0.116667 0.350000 0.287500 0.315625 0.337500 0.353125 0.383333 0.368750 0.356250 0.454688 0.393750 0.484375 0.337500 0.517188 0.370833 0.650000 0.308333 0.682813 0.318750 0.670312 0.383333 0.726562 0.329167 0.734375 0.150000 0.668750 0.108333 0.746875 0.089583 0.731250 0.000000
10 0.171875 0.000000 0.182812 0.008333 0.195312 0.027083 0.198437 0.027083 0.203125 0.008333 0.209375 0.008333 0.217188 0.016667 0.220312 0.025000 0.228125 0.022917 0.231250 0.012500 0.231250 0.000000
10 0.014063 0.000000 0.085938 0.081250 0.087500 0.072917 0.071875 0.052083 0.073438 0.039583 0.089063 0.043750 0.101562 0.060417 0.103125 0.045833 0.123438 0.037500 0.117188 0.016667 0.121875 0.006250 0.137500 0.014583 0.134375 0.000000
11 0.385937 0.425000 0.382812 0.433333 0.381250 0.450000 0.375000 0.468750 0.375000 0.475000 0.381250 0.479167 0.382812 0.487500 0.387500 0.485417 0.389062 0.477083 0.395313 0.477083 0.393750 0.472917 0.395313 0.437500 0.392188 0.427083