0 0.000000 0.566667 0.000000 0.997917 0.704688 0.997917 0.420312 0.520833 0.445312 0.508333 0.323437 0.479167
2 0.465625 0.387500 0.440625 0.389583 0.439063 0.393750 0.420312 0.391667 0.412500 0.393750 0.414062 0.402083 0.435937 0.402083 0.437500 0.400000 0.450000 0.402083 0.456250 0.397917 0.464062 0.400000
2 0.368750 0.379167 0.367188 0.379167 0.364063 0.385417 0.360938 0.383333 0.353125 0.383333 0.357812 0.408333 0.364063 0.408333 0.364063 0.406250 0.367188 0.404167 0.368750 0.400000 0.376563 0.391667 0.376563 0.387500 0.375000 0.385417 0.370312 0.385417 0.368750 0.383333
2 0.528125 0.375000 0.510938 0.375000 0.509375 0.379167 0.496875 0.379167 0.495312 0.383333 0.475000 0.383333 0.471875 0.389583 0.471875 0.397917 0.473438 0.400000 0.481250 0.397917 0.482812 0.391667 0.490625 0.383333 0.506250 0.387500 0.518750 0.381250 0.520312 0.377083 0.528125 0.377083
3 0.484375 0.391667 0.496875 0.391667 0.503125 0.402083 0.510938 0.406250 0.515625 0.416667 0.518750 0.443750 0.523438 0.450000 0.528125 0.379167 0.520312 0.379167 0.518750 0.383333 0.506250 0.389583 0.490625 0.385417
3 0.884375 0.366667 0.843750 0.372917 0.835938 0.410417 0.840625 0.402083 0.848437 0.402083 0.851562 0.406250 0.853125 0.431250 0.854688 0.400000 0.859375 0.393750 0.865625 0.402083 0.871875 0.377083 0.878125 0.383333 0.879687 0.397917
3 0.000000 0.125000 0.000000 0.439583 0.031250 0.454167 0.087500 0.433333 0.139063 0.466667 0.181250 0.418750 0.217188 0.470833 0.293750 0.460417 0.303125 0.420833 0.285938 0.391667 0.301563 0.397917 0.301563 0.375000
4 0.290625 0.385417 0.287500 0.391667 0.287500 0.410417 0.285938 0.412500 0.293750 0.414583 0.298438 0.410417 0.303125 0.418750 0.306250 0.393750 0.301563 0.400000 0.295312 0.391667 0.296875 0.385417 0.295312 0.385417 0.295312 0.391667 0.293750 0.393750 0.290625 0.391667
4 0.873437 0.379167 0.865625 0.404167 0.859375 0.395833 0.853125 0.433333 0.848437 0.404167 0.840625 0.404167 0.828125 0.425000 0.823438 0.456250 0.829688 0.481250 0.840625 0.487500 0.835938 0.504167 0.839063 0.522917 0.876563 0.527083 0.873437 0.504167 0.881250 0.485417 0.882812 0.447917 0.875000 0.433333 0.879687 0.400000
4 0.998437 0.343750 0.979688 0.347917 0.964063 0.364583 0.965625 0.391667 0.953125 0.429167 0.960938 0.435417 0.956250 0.475000 0.951562 0.466667 0.945312 0.479167 0.953125 0.487500 0.957812 0.462500 0.964063 0.462500 0.960938 0.506250 0.948438 0.535417 0.959375 0.543750 0.998437 0.547917
5 0.529687 0.370833 0.525000 0.445833 0.526563 0.481250 0.529687 0.427083 0.532813 0.414583 0.532813 0.372917
5 0.481250 0.268750 0.462500 0.270833 0.473438 0.281250 0.460938 0.527083 0.475000 0.295833 0.479687 0.281250 0.489063 0.279167
8 0.470313 0.420833 0.468750 0.431250 0.468750 0.466667 0.467187 0.468750 0.465625 0.500000 0.470313 0.497917 0.470313 0.479167 0.473438 0.456250 0.473438 0.422917
8 0.496875 0.393750 0.471875 0.400000 0.471875 0.414583 0.485938 0.414583 0.489063 0.420833 0.479687 0.422917 0.475000 0.495833 0.525000 0.481250 0.523438 0.452083 0.517188 0.443750 0.514062 0.416667
8 0.337500 0.364583 0.329688 0.402083 0.318750 0.408333 0.356250 0.433333 0.362500 0.460417 0.459375 0.502083 0.464062 0.402083 0.414062 0.404167 0.396875 0.375000 0.390625 0.387500 0.385937 0.372917 0.357812 0.410417 0.348438 0.364583
8 0.467187 0.356250 0.456250 0.356250 0.453125 0.364583 0.445312 0.375000 0.440625 0.387500 0.459375 0.387500 0.460938 0.385417 0.465625 0.385417
8 0.265625 0.339583 0.278125 0.350000 0.284375 0.362500 0.293750 0.366667 0.307812 0.381250 0.306250 0.408333 0.314063 0.408333 0.314063 0.375000 0.303125 0.364583 0.303125 0.354167 0.292187 0.343750
8 0.998437 0.260417 0.778125 0.379167 0.737500 0.310417 0.676562 0.385417 0.687500 0.295833 0.528125 0.366667 0.481250 0.343750 0.473438 0.383333 0.534375 0.372917 0.529687 0.481250 0.700000 0.500000 0.703125 0.464583 0.704688 0.502083 0.831250 0.522917 0.840625 0.375000 0.884375 0.364583 0.876563 0.529167 0.948438 0.539583
8 0.068750 0.172917 0.073438 0.177083 0.076563 0.187500 0.081250 0.191667 0.084375 0.200000 0.087500 0.200000 0.096875 0.208333 0.103125 0.204167 0.103125 0.202083 0.096875 0.197917 0.089063 0.185417 0.085938 0.185417 0.084375 0.181250 0.081250 0.181250 0.075000 0.175000 0.070312 0.175000
8 0.184375 0.000000 0.182812 0.054167 0.148438 0.139583 0.125000 0.135417 0.131250 0.189583 0.107813 0.172917 0.121875 0.225000 0.201563 0.287500 0.264062 0.212500 0.264062 0.185417 0.246875 0.168750 0.256250 0.150000 0.243750 0.141667 0.248438 0.106250 0.235937 0.066667 0.225000 0.075000 0.221875 0.035417
9 0.296875 0.470833 0.240625 0.460417 0.217188 0.472917 0.181250 0.420833 0.159375 0.462500 0.139063 0.468750 0.087500 0.435417 0.031250 0.456250 0.001563 0.439583 0.000000 0.564583 0.296875 0.491667
9 0.317188 0.410417 0.323437 0.477083 0.448437 0.510417 0.421875 0.520833 0.703125 0.995833 0.998437 0.997917 0.998437 0.550000 0.564063 0.479167 0.460938 0.529167
10 0.189062 0.000000 0.265625 0.185417 0.203125 0.289583 0.318750 0.404167 0.342187 0.356250 0.439063 0.391667 0.464062 0.266667 0.503125 0.366667 0.687500 0.293750 0.676562 0.383333 0.737500 0.308333 0.820312 0.370833 0.998437 0.258333 0.998437 0.000000
10 0.000000 0.000000 0.000000 0.102083 0.009375 0.127083 0.114062 0.212500 0.106250 0.170833 0.129688 0.189583 0.123438 0.135417 0.135937 0.127083 0.146875 0.139583 0.181250 0.054167 0.182812 0.000000
11 0.314063 0.410417 0.306250 0.410417 0.304688 0.422917 0.300000 0.429167 0.300000 0.443750 0.295312 0.454167 0.295312 0.464583 0.298438 0.470833 0.296875 0.506250 0.312500 0.506250 0.312500 0.495833 0.315625 0.491667 0.321875 0.491667 0.323437 0.487500 0.321875 0.470833 0.318750 0.468750 0.318750 0.431250 0.314063 0.420833