0 0.000000 0.566667 0.000000 0.997917 0.684375 0.997917 0.423438 0.525000 0.442188 0.508333 0.323437 0.479167
2 0.468750 0.389583 0.443750 0.389583 0.442188 0.393750 0.428125 0.393750 0.426563 0.391667 0.420312 0.393750 0.415625 0.391667 0.414062 0.395833 0.418750 0.402083 0.423438 0.402083 0.425000 0.397917 0.454688 0.400000 0.456250 0.397917 0.467187 0.397917
2 0.371875 0.379167 0.370312 0.379167 0.370312 0.381250 0.365625 0.385417 0.364063 0.383333 0.357812 0.383333 0.357812 0.391667 0.359375 0.393750 0.359375 0.404167 0.360938 0.404167 0.362500 0.408333 0.365625 0.408333 0.367188 0.404167 0.368750 0.404167 0.375000 0.395833 0.378125 0.393750 0.378125 0.385417 0.373437 0.385417 0.371875 0.383333
3 0.476562 0.389583 0.479687 0.397917 0.498437 0.391667 0.507812 0.402083 0.512500 0.402083 0.518750 0.412500 0.521875 0.443750 0.528125 0.450000 0.532813 0.375000 0.482812 0.383333 0.478125 0.391667
3 0.000000 0.129167 0.000000 0.433333 0.075000 0.427083 0.150000 0.466667 0.179688 0.414583 0.214062 0.472917 0.292187 0.458333 0.303125 0.416667 0.282813 0.397917 0.296875 0.368750
4 0.287500 0.372917 0.287500 0.385417 0.284375 0.397917 0.285938 0.410417 0.284375 0.412500 0.285938 0.414583 0.296875 0.414583 0.298438 0.416667 0.301563 0.412500 0.303125 0.414583 0.303125 0.410417 0.307812 0.408333 0.306250 0.395833 0.309375 0.393750 0.307812 0.381250 0.301563 0.372917 0.300000 0.375000 0.298438 0.372917
4 0.889062 0.368750 0.878125 0.379167 0.859375 0.379167 0.846875 0.414583 0.837500 0.425000 0.832812 0.454167 0.835938 0.472917 0.851562 0.485417 0.848437 0.525000 0.889062 0.531250 0.887500 0.500000 0.895312 0.477083 0.895312 0.379167
4 0.998437 0.343750 0.979688 0.360417 0.960938 0.464583 0.960938 0.497917 0.971875 0.485417 0.976562 0.493750 0.967187 0.539583 0.998437 0.552083
5 0.535937 0.370833 0.529687 0.425000 0.529687 0.481250 0.532813 0.481250 0.537500 0.391667
5 0.481250 0.264583 0.467187 0.264583 0.476562 0.279167 0.462500 0.529167 0.481250 0.279167 0.493750 0.272917
8 0.478125 0.420833 0.473438 0.422917 0.471875 0.431250 0.471875 0.466667 0.470313 0.468750 0.468750 0.502083 0.473438 0.500000 0.473438 0.479167 0.478125 0.443750
8 0.498437 0.393750 0.485938 0.400000 0.475000 0.397917 0.475000 0.414583 0.490625 0.416667 0.489063 0.422917 0.482812 0.422917 0.479687 0.497917 0.528125 0.481250 0.528125 0.452083 0.520312 0.443750 0.517188 0.412500
8 0.343750 0.358333 0.334375 0.402083 0.320312 0.408333 0.335938 0.412500 0.370312 0.464583 0.462500 0.500000 0.467187 0.400000 0.418750 0.404167 0.410938 0.385417 0.398438 0.375000 0.393750 0.387500 0.387500 0.372917 0.362500 0.410417 0.351562 0.362500
8 0.470313 0.356250 0.468750 0.358333 0.464062 0.354167 0.460938 0.356250 0.445312 0.381250 0.445312 0.387500 0.468750 0.387500 0.470313 0.383333
8 0.267188 0.337500 0.282813 0.352083 0.287500 0.362500 0.306250 0.375000 0.310937 0.387500 0.307812 0.402083 0.310937 0.408333 0.317188 0.408333 0.317188 0.372917 0.309375 0.366667 0.307812 0.354167 0.300000 0.345833 0.281250 0.343750 0.275000 0.337500
8 0.998437 0.264583 0.784375 0.375000 0.748437 0.308333 0.681250 0.383333 0.693750 0.295833 0.568750 0.312500 0.532813 0.366667 0.484375 0.343750 0.475000 0.381250 0.539062 0.372917 0.534375 0.481250 0.706250 0.502083 0.710938 0.466667 0.717187 0.506250 0.846875 0.525000 0.835938 0.425000 0.890625 0.362500 0.890625 0.531250 0.968750 0.545833
8 0.182812 0.000000 0.179688 0.054167 0.148438 0.106250 0.146875 0.133333 0.123438 0.129167 0.129688 0.185417 0.106250 0.166667 0.128125 0.231250 0.201563 0.287500 0.206250 0.266667 0.235937 0.254167 0.265625 0.191667 0.246875 0.164583 0.256250 0.137500 0.243750 0.137500 0.237500 0.062500 0.223438 0.066667 0.223438 0.033333
9 0.295312 0.470833 0.240625 0.456250 0.209375 0.472917 0.179688 0.416667 0.150000 0.468750 0.075000 0.429167 0.000000 0.435417 0.000000 0.564583 0.293750 0.493750
9 0.314063 0.410417 0.323437 0.477083 0.448437 0.510417 0.423438 0.520833 0.668750 0.985417 0.998437 0.997917 0.998437 0.554167 0.556250 0.479167 0.462500 0.531250
10 0.192188 0.000000 0.267188 0.191667 0.203125 0.287500 0.321875 0.404167 0.343750 0.356250 0.442188 0.391667 0.467187 0.262500 0.507812 0.366667 0.692187 0.291667 0.681250 0.381250 0.740625 0.308333 0.801562 0.375000 0.998437 0.262500 0.998437 0.000000
10 0.000000 0.000000 0.000000 0.100000 0.009375 0.102083 0.010937 0.127083 0.068750 0.164583 0.120313 0.220833 0.104688 0.166667 0.128125 0.185417 0.121875 0.129167 0.145313 0.133333 0.146875 0.106250 0.178125 0.054167 0.182812 0.002083
11 0.309375 0.406250 0.304688 0.410417 0.304688 0.420833 0.300000 0.427083 0.292187 0.460417 0.296875 0.475000 0.292187 0.477083 0.292187 0.485417 0.296875 0.485417 0.296875 0.506250 0.309375 0.508333 0.310937 0.495833 0.314063 0.491667 0.323437 0.491667 0.325000 0.487500 0.318750 0.472917 0.318750 0.427083 0.314063 0.422917