0 0.000000 0.650000 0.000000 0.997917 0.860938 0.997917 0.456250 0.514583 0.337500 0.508333
2 0.412500 0.404167 0.404687 0.406250 0.401562 0.400000 0.400000 0.404167 0.390625 0.402083 0.387500 0.406250 0.382812 0.406250 0.378125 0.400000 0.376563 0.406250 0.365625 0.404167 0.365625 0.414583 0.371875 0.429167 0.381250 0.431250 0.381250 0.450000 0.381250 0.433333 0.389062 0.416667 0.398438 0.406250 0.407813 0.408333
3 0.493750 0.393750 0.482812 0.410417 0.490625 0.410417 0.493750 0.404167 0.506250 0.404167 0.510938 0.412500 0.517188 0.414583 0.521875 0.439583 0.529687 0.456250 0.532813 0.385417 0.506250 0.393750
3 0.000000 0.158333 0.000000 0.541667 0.048438 0.512500 0.059375 0.558333 0.085938 0.512500 0.165625 0.522917 0.195312 0.485417 0.246875 0.495833 0.257812 0.466667 0.284375 0.495833 0.335938 0.483333 0.315625 0.395833
4 0.850000 0.347917 0.818750 0.354167 0.812500 0.362500 0.796875 0.441667 0.798438 0.454167 0.810937 0.470833 0.810937 0.491667 0.853125 0.495833 0.848437 0.481250
4 0.998437 0.306250 0.915625 0.333333 0.898438 0.433333 0.898438 0.464583 0.910937 0.454167 0.914062 0.466667 0.896875 0.497917 0.996875 0.502083
5 0.471875 0.316667 0.479687 0.339583 0.475000 0.527083 0.478125 0.437500 0.484375 0.435417 0.485938 0.502083 0.492188 0.433333 0.479687 0.429167 0.481250 0.329167 0.490625 0.320833
8 0.506250 0.406250 0.493750 0.406250 0.490625 0.412500 0.481250 0.414583 0.481250 0.429167 0.496875 0.431250 0.489063 0.435417 0.487500 0.500000 0.504687 0.495833 0.529687 0.481250 0.529687 0.458333 0.520312 0.439583 0.518750 0.420833
8 0.375000 0.431250 0.382812 0.481250 0.453125 0.506250 0.473438 0.506250 0.475000 0.412500 0.431250 0.420833 0.418750 0.406250 0.398438 0.408333 0.385937 0.425000 0.381250 0.452083 0.379688 0.431250
8 0.356250 0.383333 0.351562 0.389583 0.350000 0.408333 0.342187 0.433333 0.367188 0.435417 0.370312 0.433333 0.370312 0.429167 0.364063 0.414583 0.362500 0.393750 0.357812 0.383333
8 0.292187 0.377083 0.301563 0.383333 0.312500 0.393750 0.315625 0.393750 0.320312 0.402083 0.326562 0.406250 0.326562 0.400000 0.323437 0.400000 0.321875 0.395833 0.318750 0.393750 0.315625 0.379167 0.312500 0.379167 0.310937 0.375000 0.303125 0.375000 0.301563 0.372917 0.293750 0.372917
8 0.475000 0.366667 0.473438 0.368750 0.465625 0.368750 0.464062 0.372917 0.460938 0.375000 0.459375 0.381250 0.456250 0.383333 0.456250 0.387500 0.453125 0.389583 0.451562 0.404167 0.457813 0.404167 0.459375 0.402083 0.462500 0.404167 0.468750 0.400000 0.475000 0.400000 0.476562 0.395833 0.476562 0.391667 0.475000 0.389583
8 0.234375 0.118750 0.235937 0.170833 0.210938 0.210417 0.209375 0.231250 0.193750 0.235417 0.193750 0.258333 0.171875 0.283333 0.214062 0.329167 0.256250 0.350000 0.303125 0.281250 0.303125 0.264583 0.289062 0.247917 0.295312 0.229167 0.278125 0.166667 0.268750 0.172917 0.265625 0.145833
8 0.998437 0.081250 0.967187 0.160417 0.987500 0.193750 0.875000 0.322917 0.765625 0.364583 0.725000 0.302083 0.676562 0.375000 0.684375 0.289583 0.534375 0.368750 0.487500 0.354167 0.481250 0.393750 0.537500 0.383333 0.535937 0.477083 0.692187 0.485417 0.695312 0.450000 0.696875 0.485417 0.807813 0.489583 0.810937 0.362500 0.850000 0.345833 0.851562 0.493750 0.895312 0.497917 0.914062 0.333333 0.998437 0.304167
8 0.000000 0.000000 0.000000 0.156250 0.115625 0.241667 0.137500 0.218750 0.135937 0.187500 0.173437 0.162500 0.154688 0.143750 0.164062 0.125000 0.145313 0.087500 0.115625 0.060417 0.171875 0.039583 0.175000 0.025000 0.146875 0.029167 0.137500 0.000000
9 0.000000 0.543750 0.003125 0.647917 0.340625 0.506250 0.356250 0.443750 0.859375 0.995833 0.998437 0.997917 0.998437 0.504167 0.545312 0.477083 0.475000 0.529167 0.371875 0.431250 0.334375 0.487500
10 0.117188 0.241667 0.179688 0.277083 0.245312 0.122917 0.304688 0.264583 0.257812 0.350000 0.335938 0.429167 0.450000 0.404167 0.471875 0.314583 0.512500 0.372917 0.653125 0.283333 0.676562 0.372917 0.725000 0.300000 0.779687 0.360417 0.965625 0.231250 0.998437 0.014583 0.139063 0.000000 0.175000 0.037500 0.117188 0.068750 0.175000 0.162500
11 0.356250 0.445833 0.345313 0.462500 0.346875 0.468750 0.343750 0.470833 0.342187 0.508333 0.350000 0.512500 0.350000 0.520833 0.353125 0.520833 0.357812 0.510417 0.365625 0.508333 0.365625 0.500000 0.362500 0.491667 0.360938 0.456250