0 0.000000 0.658333 0.000000 0.997917 0.965625 0.997917 0.434375 0.489583 0.350000 0.479167
2 0.364063 0.381250 0.370312 0.385417 0.376563 0.404167 0.384375 0.406250 0.385937 0.425000 0.389062 0.429167 0.393750 0.425000 0.392188 0.410417 0.404687 0.393750 0.423438 0.395833 0.420312 0.389583 0.414062 0.389583 0.412500 0.385417 0.396875 0.385417 0.395313 0.381250 0.385937 0.383333 0.382812 0.377083 0.381250 0.383333 0.376563 0.379167
3 0.103125 0.452083 0.103125 0.454167 0.100000 0.456250 0.101562 0.472917 0.096875 0.481250 0.096875 0.495833 0.100000 0.502083 0.103125 0.502083 0.104688 0.506250 0.109375 0.506250 0.114062 0.487500 0.114062 0.458333 0.104688 0.456250
3 0.525000 0.439583 0.528125 0.414583 0.528125 0.389583 0.509375 0.391667 0.501563 0.397917 0.493750 0.397917 0.489063 0.404167 0.501563 0.400000 0.507812 0.404167 0.509375 0.408333 0.512500 0.408333 0.518750 0.416667 0.520312 0.433333
3 0.000000 0.018750 0.001563 0.106250 0.082812 0.220833 0.115625 0.233333 0.101562 0.262500 0.126562 0.464583 0.146875 0.406250 0.184375 0.437500 0.209375 0.416667 0.228125 0.477083 0.353125 0.456250 0.340625 0.372917
4 0.771875 0.400000 0.764062 0.435417 0.756250 0.443750 0.757812 0.497917 0.748437 0.502083 0.756250 0.516667 0.804688 0.527083 0.812500 0.483333 0.793750 0.477083 0.793750 0.456250 0.803125 0.452083 0.810937 0.462500 0.817187 0.454167 0.818750 0.431250 0.815625 0.427083 0.807813 0.437500 0.798438 0.431250 0.798438 0.400000
4 0.998437 0.375000 0.845313 0.393750 0.828125 0.533333 0.900000 0.537500 0.929688 0.497917 0.934375 0.516667 0.953125 0.520833 0.960938 0.547917 0.998437 0.560417
5 0.482812 0.339583 0.475000 0.502083 0.479687 0.458333 0.482812 0.489583 0.487500 0.431250 0.495312 0.429167 0.482812 0.422917 0.485938 0.356250 0.495312 0.343750
8 0.893750 0.539583 0.931250 0.554167 0.943750 0.554167 0.945312 0.558333 0.951562 0.554167 0.981250 0.556250 0.960938 0.550000 0.953125 0.537500 0.951562 0.520833 0.934375 0.518750 0.929688 0.512500 0.929688 0.500000 0.921875 0.504167 0.921875 0.512500 0.904687 0.537500
8 0.501563 0.402083 0.484375 0.408333 0.484375 0.422917 0.496875 0.429167 0.489063 0.431250 0.484375 0.485417 0.525000 0.477083 0.525000 0.452083 0.520312 0.445833 0.517188 0.416667
8 0.393750 0.410417 0.392188 0.429167 0.404687 0.445833 0.406250 0.458333 0.437500 0.481250 0.473438 0.491667 0.479687 0.406250 0.437500 0.408333 0.428125 0.395833 0.404687 0.395833
8 0.362500 0.358333 0.364063 0.360417 0.354687 0.375000 0.356250 0.406250 0.360938 0.412500 0.362500 0.422917 0.373437 0.431250 0.379688 0.431250 0.379688 0.425000 0.384375 0.422917 0.382812 0.406250 0.376563 0.406250 0.368750 0.385417 0.362500 0.383333 0.365625 0.377083 0.368750 0.377083 0.368750 0.368750
8 0.482812 0.354167 0.479687 0.360417 0.467187 0.364583 0.467187 0.366667 0.459375 0.375000 0.453125 0.389583 0.454688 0.395833 0.464062 0.395833 0.465625 0.393750 0.481250 0.391667
8 0.000000 0.104167 0.000000 0.656250 0.115625 0.593750 0.171875 0.495833 0.146875 0.452083 0.162500 0.410417 0.140625 0.414583 0.129688 0.466667 0.109375 0.439583 0.107813 0.218750 0.082812 0.222917
8 0.998437 0.000000 0.732812 0.000000 0.745313 0.083333 0.667188 0.102083 0.734375 0.139583 0.725000 0.329167 0.667188 0.383333 0.676562 0.314583 0.596875 0.314583 0.485938 0.391667 0.534375 0.387500 0.529687 0.475000 0.748437 0.514583 0.795312 0.395833 0.818750 0.543750 0.845313 0.391667 0.998437 0.372917 0.998437 0.233333 0.946875 0.243750 0.998437 0.206250 0.998437 0.135417 0.906250 0.120833
8 0.059375 0.039583 0.076563 0.091667 0.306250 0.339583 0.345313 0.285417 0.300000 0.120833 0.281250 0.131250 0.271875 0.091667 0.253125 0.110417 0.243750 0.093750 0.265625 0.070833 0.254688 0.050000 0.268750 0.010417 0.250000 0.031250 0.235937 0.000000 0.215625 0.025000 0.123438 0.000000 0.087500 0.062500
9 0.390625 0.431250 0.390625 0.477083 0.454688 0.495833 0.807813 0.860417 0.998437 0.997917 0.998437 0.562500 0.570312 0.479167 0.475000 0.504167
9 0.379688 0.433333 0.356250 0.408333 0.353125 0.458333 0.315625 0.450000 0.228125 0.479167 0.209375 0.418750 0.184375 0.439583 0.184375 0.418750 0.160938 0.414583 0.148438 0.452083 0.173437 0.495833 0.156250 0.543750 0.117188 0.583333 0.371875 0.475000
10 0.831250 0.306250 0.798438 0.316667 0.796875 0.327083 0.789062 0.333333 0.782813 0.362500 0.768750 0.362500 0.757812 0.343750 0.745313 0.354167 0.740625 0.366667 0.740625 0.397917 0.768750 0.393750 0.773438 0.377083 0.785937 0.383333 0.820312 0.366667 0.825000 0.370833
10 0.998437 0.208333 0.984375 0.210417 0.962500 0.222917 0.957812 0.231250 0.948438 0.239583 0.951562 0.252083 0.962500 0.252083 0.967187 0.245833 0.970313 0.245833 0.981250 0.229167 0.990625 0.227083 0.992188 0.231250 0.993750 0.229167 0.998437 0.231250
10 0.998437 0.014583 0.985938 0.027083 0.985938 0.047917 0.978125 0.058333 0.935937 0.062500 0.929688 0.085417 0.909375 0.106250 0.907813 0.120833 0.914062 0.120833 0.920312 0.106250 0.954688 0.106250 0.964063 0.112500 0.964063 0.122917 0.998437 0.133333
10 0.237500 0.000000 0.273438 0.016667 0.250000 0.106250 0.295312 0.112500 0.346875 0.285417 0.307812 0.331250 0.350000 0.387500 0.364063 0.356250 0.451562 0.393750 0.481250 0.337500 0.514062 0.370833 0.678125 0.314583 0.664062 0.387500 0.728125 0.320833 0.732812 0.139583 0.665625 0.102083 0.743750 0.083333 0.731250 0.000000
10 0.162500 0.000000 0.167187 0.002083 0.182812 0.022917 0.187500 0.022917 0.189062 0.012500 0.192188 0.012500 0.193750 0.006250 0.201563 0.008333 0.210938 0.022917 0.215625 0.022917 0.220312 0.016667 0.221875 0.002083
10 0.000000 0.000000 0.073438 0.083333 0.056250 0.045833 0.059375 0.037500 0.087500 0.060417 0.093750 0.041667 0.110937 0.037500 0.104688 0.016667 0.109375 0.002083 0.126562 0.014583 0.121875 0.000000
11 0.384375 0.425000 0.375000 0.447917 0.373437 0.477083 0.378125 0.487500 0.381250 0.487500 0.385937 0.479167 0.389062 0.479167 0.389062 0.431250