0 0.000000 0.639583 0.000000 0.997917 0.915625 0.997917 0.450000 0.504167 0.350000 0.489583
2 0.362500 0.393750 0.365625 0.412500 0.378125 0.425000 0.378125 0.445833 0.382812 0.439583 0.384375 0.414583 0.398438 0.397917 0.420312 0.402083 0.428125 0.414583 0.442188 0.414583 0.448437 0.404167 0.459375 0.402083 0.421875 0.404167 0.410938 0.395833 0.406250 0.400000 0.403125 0.391667 0.400000 0.395833 0.387500 0.391667 0.378125 0.395833 0.376563 0.389583
3 0.525000 0.387500 0.510938 0.391667 0.515625 0.395833 0.509375 0.400000 0.501563 0.400000 0.498437 0.404167 0.503125 0.410417 0.509375 0.412500 0.510938 0.418750 0.515625 0.422917 0.517188 0.443750 0.521875 0.454167 0.525000 0.443750
3 0.000000 0.097917 0.000000 0.564583 0.073438 0.422917 0.103125 0.435417 0.137500 0.508333 0.285938 0.454167 0.340625 0.470833 0.314063 0.375000
4 0.810937 0.375000 0.784375 0.381250 0.779687 0.412500 0.771875 0.425000 0.768750 0.450000 0.773438 0.479167 0.778125 0.483333 0.776563 0.500000 0.781250 0.506250 0.807813 0.506250
4 0.985938 0.343750 0.885938 0.358333 0.865625 0.370833 0.851562 0.481250 0.859375 0.475000 0.860938 0.516667 0.925000 0.518750 0.953125 0.495833 0.964063 0.383333 0.981250 0.366667
5 0.489063 0.333333 0.471875 0.333333 0.476562 0.339583 0.471875 0.516667 0.478125 0.433333 0.481250 0.495833 0.485938 0.433333 0.476562 0.425000 0.481250 0.341667
8 0.500000 0.406250 0.490625 0.406250 0.485938 0.412500 0.479687 0.412500 0.478125 0.425000 0.487500 0.431250 0.482812 0.445833 0.482812 0.495833 0.484375 0.491667 0.521875 0.481250 0.523438 0.456250 0.517188 0.450000 0.514062 0.422917
8 0.350000 0.377083 0.342187 0.418750 0.376563 0.445833 0.381250 0.464583 0.431250 0.491667 0.468750 0.500000 0.473438 0.412500 0.428125 0.416667 0.420312 0.404167 0.398438 0.400000 0.385937 0.414583 0.378125 0.447917 0.357812 0.375000
8 0.475000 0.360417 0.473438 0.364583 0.468750 0.366667 0.464062 0.364583 0.459375 0.372917 0.456250 0.375000 0.456250 0.379167 0.453125 0.381250 0.451562 0.387500 0.448437 0.389583 0.448437 0.397917 0.450000 0.400000 0.460938 0.400000 0.462500 0.397917 0.470313 0.397917 0.473438 0.395833 0.473438 0.389583 0.475000 0.387500
8 0.481250 0.356250 0.531250 0.385417 0.528125 0.477083 0.740625 0.502083 0.810937 0.372917 0.807813 0.508333 0.859375 0.516667 0.864062 0.370833 0.982812 0.339583 0.926562 0.522917 0.992188 0.620833 0.998437 0.000000 0.789062 0.025000 0.851562 0.075000 0.773438 0.341667 0.856250 0.260417 0.843750 0.350000 0.748437 0.383333 0.712500 0.320833 0.664062 0.385417 0.646875 0.297917
8 0.000000 0.000000 0.000000 0.095833 0.178125 0.256250 0.203125 0.252083 0.279687 0.343750 0.318750 0.287500 0.300000 0.181250 0.264062 0.135417 0.260937 0.187500 0.209375 0.256250 0.235937 0.202083 0.204687 0.139583 0.248438 0.106250 0.228125 0.104167 0.240625 0.064583 0.210938 0.052083 0.196875 0.002083
9 0.373437 0.447917 0.375000 0.487500 0.454688 0.506250 0.917188 0.997917 0.998437 0.997917 0.998437 0.616667 0.975000 0.616667 0.973437 0.539583 0.575000 0.479167 0.471875 0.518750
9 0.364063 0.437500 0.340625 0.420833 0.337500 0.475000 0.285938 0.456250 0.231250 0.491667 0.164062 0.485417 0.137500 0.510417 0.103125 0.437500 0.073438 0.425000 0.045312 0.512500 0.000000 0.566667 0.000000 0.637500 0.353125 0.491667
10 0.957812 0.212500 0.951562 0.212500 0.939063 0.220833 0.935937 0.227083 0.928125 0.229167 0.909375 0.250000 0.896875 0.247917 0.898438 0.279167 0.904687 0.283333 0.915625 0.277083 0.932813 0.254167 0.943750 0.256250 0.960938 0.227083
10 0.195312 0.000000 0.250000 0.106250 0.206250 0.139583 0.210938 0.256250 0.262500 0.133333 0.321875 0.283333 0.281250 0.345833 0.342187 0.412500 0.646875 0.295833 0.664062 0.383333 0.712500 0.318750 0.778125 0.377083 0.875000 0.297917 0.854688 0.262500 0.771875 0.341667 0.825000 0.216667 0.785937 0.172917 0.850000 0.075000 0.793750 0.070833 0.817187 0.000000
11 0.368750 0.439583 0.364063 0.439583 0.362500 0.445833 0.357812 0.452083 0.354687 0.493750 0.359375 0.497917 0.360938 0.506250 0.362500 0.502083 0.368750 0.502083 0.368750 0.497917 0.373437 0.495833 0.373437 0.481250 0.371875 0.479167 0.373437 0.456250 0.371875 0.445833 0.368750 0.443750