0 0.000000 0.468750 0.000000 0.997917 0.889062 0.997917 0.354687 0.389583
2 0.326562 0.277083 0.328125 0.287500 0.340625 0.289583 0.342187 0.297917 0.350000 0.300000 0.351562 0.304167 0.364063 0.304167 0.370312 0.308333 0.375000 0.306250 0.371875 0.300000 0.350000 0.289583 0.348438 0.285417 0.346875 0.287500 0.335938 0.279167 0.334375 0.281250
3 0.151562 0.008333 0.142187 0.047917 0.151562 0.087500 0.185938 0.102083 0.260937 0.218750 0.245312 0.343750 0.307812 0.347917 0.310937 0.275000 0.176563 0.025000
4 0.654687 0.425000 0.648438 0.425000 0.642188 0.441667 0.640625 0.454167 0.635938 0.460417 0.631250 0.497917 0.639062 0.506250 0.645312 0.502083 0.646875 0.479167 0.651563 0.466667
4 0.665625 0.441667 0.650000 0.510417 0.831250 0.606250 0.875000 0.579167 0.867188 0.556250 0.893750 0.535417 0.928125 0.554167 0.964063 0.537500 0.950000 0.575000 0.957812 0.643750 0.989062 0.622917 0.996875 0.489583 0.898438 0.470833 0.901563 0.491667 0.879687 0.462500 0.685937 0.420833
4 0.442188 0.331250 0.442188 0.345833 0.454688 0.345833 0.459375 0.356250 0.465625 0.360417 0.467187 0.372917 0.464062 0.383333 0.467187 0.400000 0.471875 0.404167 0.475000 0.370833 0.478125 0.368750 0.482812 0.343750 0.473438 0.337500 0.459375 0.337500 0.457813 0.333333
4 0.393750 0.322917 0.395313 0.331250 0.401562 0.335417 0.407813 0.335417 0.421875 0.341667 0.431250 0.341667 0.432812 0.345833 0.435937 0.345833 0.439063 0.337500 0.439063 0.331250 0.435937 0.331250 0.431250 0.327083 0.409375 0.327083 0.407813 0.322917 0.403125 0.320833 0.395313 0.320833
4 0.356250 0.306250 0.351562 0.306250 0.350000 0.302083 0.345313 0.300000 0.340625 0.302083 0.343750 0.300000 0.348438 0.308333 0.345313 0.312500 0.340625 0.312500 0.339062 0.306250 0.339062 0.314583 0.334375 0.325000 0.334375 0.341667 0.335938 0.343750 0.340625 0.341667 0.343750 0.335417 0.348438 0.335417 0.348438 0.322917 0.357812 0.310417
5 0.442188 0.325000 0.437500 0.354167 0.432812 0.362500 0.423438 0.429167 0.429688 0.416667 0.431250 0.404167 0.434375 0.402083 0.437500 0.375000 0.440625 0.368750 0.445312 0.368750 0.437500 0.360417
8 0.842187 0.593750 0.839063 0.608333 0.871875 0.633333 0.998437 0.693750 0.998437 0.591667 0.973437 0.645833 0.962500 0.652083 0.954688 0.637500 0.948438 0.575000 0.964063 0.539583 0.943750 0.539583 0.928125 0.556250 0.893750 0.537500 0.868750 0.556250 0.879687 0.566667 0.875000 0.581250
8 0.440625 0.347917 0.439063 0.360417 0.446875 0.368750 0.440625 0.370833 0.435937 0.402083 0.432812 0.404167 0.431250 0.416667 0.470313 0.418750 0.470313 0.406250 0.465625 0.400000 0.462500 0.383333 0.465625 0.372917 0.464062 0.360417 0.459375 0.358333 0.454688 0.347917
8 0.359375 0.306250 0.350000 0.322917 0.350000 0.335417 0.362500 0.372917 0.401562 0.412500 0.420312 0.418750 0.435937 0.347917 0.395313 0.333333 0.392188 0.320833 0.401562 0.318750 0.376563 0.306250 0.373437 0.310417
8 0.318750 0.254167 0.317188 0.258333 0.314063 0.258333 0.309375 0.268750 0.312500 0.281250 0.315625 0.283333 0.314063 0.320833 0.321875 0.318750 0.332813 0.322917 0.337500 0.314583 0.339062 0.291667 0.325000 0.287500 0.325000 0.275000 0.321875 0.272917 0.321875 0.256250
8 0.404687 0.320833 0.621875 0.495833 0.654687 0.422917 0.646875 0.510417 0.682813 0.418750 0.998437 0.491667 0.998437 0.227083 0.725000 0.408333 0.720313 0.345833 0.809375 0.314583 0.723437 0.268750 0.817187 0.220833 0.759375 0.195833 0.801562 0.141667 0.751563 0.097917 0.781250 0.000000 0.657813 0.066667 0.643750 0.204167 0.592187 0.197917 0.629687 0.291667
8 0.000000 0.000000 0.000000 0.466667 0.221875 0.422917 0.246875 0.391667 0.259375 0.218750 0.150000 0.087500 0.142187 0.031250 0.178125 0.025000 0.284375 0.222917 0.321875 0.177083 0.314063 0.066667 0.270313 0.033333 0.282813 0.000000
9 0.253125 0.347917 0.248438 0.391667 0.348438 0.339583 0.348438 0.387500 0.890625 0.997917 0.998437 0.997917 0.998437 0.695833 0.510938 0.435417 0.423438 0.431250 0.334375 0.322917
10 0.998437 0.000000 0.781250 0.002083 0.753125 0.097917 0.787500 0.091667 0.775000 0.131250 0.803125 0.141667 0.760938 0.195833 0.818750 0.220833 0.725000 0.268750 0.810937 0.314583 0.720313 0.347917 0.726562 0.408333 0.876563 0.341667 0.881250 0.295833 0.946875 0.227083 0.998437 0.225000
10 0.285938 0.225000 0.393750 0.316667 0.448437 0.285417 0.489063 0.318750 0.610938 0.304167 0.629687 0.250000 0.590625 0.197917 0.642188 0.204167 0.656250 0.066667 0.685937 0.018750 0.717187 0.070833 0.754687 0.000000 0.284375 0.000000 0.271875 0.033333 0.315625 0.066667 0.323437 0.177083
18 0.348438 0.341667 0.343750 0.341667 0.342187 0.343750 0.342187 0.352083 0.335938 0.364583 0.335938 0.375000 0.334375 0.377083 0.334375 0.387500 0.339062 0.389583 0.342187 0.393750 0.343750 0.389583 0.346875 0.387500 0.350000 0.379167 0.350000 0.372917 0.353125 0.366667 0.353125 0.350000