0 0.000000 0.639583 0.000000 0.997917 0.965625 0.997917 0.442188 0.497917 0.343750 0.481250
2 0.357812 0.383333 0.359375 0.402083 0.362500 0.408333 0.370312 0.408333 0.373437 0.412500 0.375000 0.435417 0.379688 0.431250 0.381250 0.410417 0.387500 0.406250 0.390625 0.397917 0.395313 0.397917 0.396875 0.393750 0.398438 0.397917 0.410938 0.397917 0.407813 0.389583 0.385937 0.389583 0.382812 0.385417 0.373437 0.387500 0.371875 0.383333
3 0.498437 0.391667 0.498437 0.395833 0.492188 0.400000 0.490625 0.404167 0.495312 0.404167 0.498437 0.410417 0.500000 0.408333 0.506250 0.416667 0.507812 0.433333 0.510938 0.445833 0.514062 0.450000 0.514062 0.435417 0.517188 0.418750 0.517188 0.389583
3 0.000000 0.052083 0.000000 0.191667 0.029687 0.206250 0.023438 0.335417 0.050000 0.404167 0.021875 0.575000 0.084375 0.495833 0.098437 0.425000 0.126562 0.458333 0.123438 0.533333 0.165625 0.422917 0.198437 0.487500 0.340625 0.460417 0.329688 0.383333
4 0.467187 0.393750 0.456250 0.397917 0.446875 0.397917 0.445312 0.400000 0.421875 0.400000 0.421875 0.404167 0.426563 0.410417 0.451562 0.410417 0.457813 0.406250 0.467187 0.406250
4 0.829688 0.389583 0.821875 0.383333 0.800000 0.389583 0.795312 0.408333 0.785937 0.389583 0.712500 0.400000 0.706250 0.502083 0.818750 0.520833
4 0.998437 0.356250 0.848437 0.377083 0.839063 0.527083 0.889062 0.525000 0.907813 0.506250 0.914062 0.479167 0.925000 0.479167 0.929688 0.495833 0.950000 0.485417 0.951562 0.518750 0.998437 0.547917
5 0.467187 0.339583 0.473438 0.360417 0.464062 0.506250 0.468750 0.452083 0.471875 0.491667 0.475000 0.435417 0.481250 0.429167 0.470313 0.422917 0.475000 0.408333 0.473438 0.354167 0.482812 0.343750
8 0.125000 0.485417 0.107813 0.485417 0.100000 0.495833 0.084375 0.500000 0.082812 0.527083 0.093750 0.543750 0.109375 0.550000 0.118750 0.539583 0.126562 0.508333
8 0.885938 0.527083 0.928125 0.541667 0.989062 0.545833 0.964063 0.520833 0.948438 0.516667 0.950000 0.487500 0.942187 0.495833 0.929688 0.497917 0.925000 0.481250 0.914062 0.481250 0.909375 0.506250
8 0.495312 0.406250 0.484375 0.404167 0.473438 0.408333 0.471875 0.422917 0.482812 0.427083 0.476562 0.435417 0.475000 0.487500 0.501563 0.481250 0.503125 0.477083 0.514062 0.477083 0.514062 0.452083 0.509375 0.445833 0.506250 0.420833
8 0.382812 0.410417 0.376563 0.445833 0.384375 0.460417 0.429688 0.485417 0.462500 0.491667 0.467187 0.408333 0.426563 0.412500 0.420312 0.400000 0.396875 0.395833
8 0.348438 0.364583 0.340625 0.379167 0.342187 0.397917 0.340625 0.414583 0.348438 0.418750 0.351562 0.429167 0.356250 0.433333 0.359375 0.431250 0.367188 0.433333 0.371875 0.429167 0.371875 0.412500 0.362500 0.410417 0.360938 0.404167 0.357812 0.402083 0.356250 0.370833 0.351562 0.364583
8 0.471875 0.356250 0.462500 0.364583 0.456250 0.364583 0.453125 0.370833 0.448437 0.375000 0.445312 0.383333 0.442188 0.385417 0.440625 0.397917 0.468750 0.391667 0.470313 0.387500 0.470313 0.362500
8 0.012500 0.185417 0.000000 0.193750 0.000000 0.637500 0.043750 0.620833 0.029687 0.597917 0.053125 0.575000 0.062500 0.497917 0.042188 0.566667 0.021875 0.577083 0.020313 0.477083 0.040625 0.466667 0.032813 0.410417 0.048438 0.404167 0.021875 0.335417 0.035937 0.283333
8 0.998437 0.000000 0.740625 0.000000 0.740625 0.056250 0.660937 0.075000 0.734375 0.114583 0.728125 0.310417 0.656250 0.375000 0.662500 0.310417 0.581250 0.312500 0.475000 0.391667 0.523438 0.387500 0.518750 0.475000 0.704688 0.502083 0.725000 0.364583 0.837500 0.283333 0.821875 0.358333 0.740625 0.391667 0.831250 0.389583 0.828125 0.537500 0.848437 0.375000 0.998437 0.354167 0.998437 0.083333 0.921875 0.064583
8 0.007812 0.025000 0.032813 0.085417 0.281250 0.341667 0.325000 0.291667 0.309375 0.191667 0.267188 0.143750 0.275000 0.112500 0.257812 0.116667 0.240625 0.079167 0.217188 0.097917 0.242188 0.000000 0.220312 0.018750 0.210938 0.000000 0.062500 0.000000 0.068750 0.022917 0.040625 0.045833
9 0.378125 0.452083 0.859375 0.914583 0.998437 0.997917 0.998437 0.550000 0.568750 0.479167 0.464062 0.508333
9 0.365625 0.433333 0.340625 0.416667 0.334375 0.466667 0.296875 0.452083 0.198437 0.489583 0.165625 0.425000 0.140625 0.468750 0.146875 0.508333 0.106250 0.552083 0.081250 0.504167 0.129688 0.479167 0.098437 0.427083 0.032813 0.612500 0.357812 0.481250
10 0.837500 0.285417 0.800000 0.300000 0.789062 0.320833 0.784375 0.347917 0.764062 0.341667 0.757812 0.327083 0.739062 0.358333 0.726562 0.364583 0.729688 0.389583 0.759375 0.387500 0.756250 0.372917 0.760938 0.368750 0.775000 0.372917 0.821875 0.356250 0.835938 0.329167
10 0.998437 0.006250 0.989062 0.014583 0.945312 0.022917 0.939063 0.043750 0.923438 0.064583 0.928125 0.079167 0.934375 0.064583 0.948438 0.068750 0.978125 0.064583 0.982812 0.083333 0.998437 0.081250
10 0.218750 0.097917 0.270313 0.104167 0.328125 0.287500 0.290625 0.341667 0.339062 0.393750 0.351562 0.362500 0.439063 0.397917 0.467187 0.337500 0.521875 0.366667 0.635938 0.302083 0.665625 0.312500 0.654687 0.377083 0.726562 0.310417 0.732812 0.114583 0.659375 0.075000 0.740625 0.054167 0.739062 0.000000 0.243750 0.000000
10 0.000000 0.050000 0.025000 0.072917 0.028125 0.068750 0.025000 0.058333 0.010937 0.041667 0.006250 0.025000 0.020313 0.022917 0.040625 0.043750 0.040625 0.035417 0.048438 0.025000 0.067187 0.022917 0.067187 0.014583 0.060937 0.000000 0.000000 0.000000
11 0.371875 0.431250 0.367188 0.435417 0.362500 0.445833 0.362500 0.456250 0.360938 0.458333 0.360938 0.479167 0.359375 0.483333 0.360938 0.491667 0.365625 0.491667 0.367188 0.495833 0.368750 0.487500 0.376563 0.481250 0.375000 0.479167 0.376563 0.447917