0 0.504687 0.531250 0.343750 0.479167 0.239063 0.541667 0.203125 0.512500 0.000000 0.550000 0.000000 0.997917 0.607812 0.997917 0.464062 0.550000
2 0.553125 0.375000 0.553125 0.387500 0.559375 0.387500 0.565625 0.400000 0.575000 0.400000 0.581250 0.408333 0.585938 0.447917 0.593750 0.460417 0.600000 0.366667 0.568750 0.368750 0.560937 0.375000
3 0.000000 0.072917 0.001563 0.502083 0.218750 0.466667 0.253125 0.352083 0.273438 0.470833 0.329688 0.464583 0.326562 0.412500 0.275000 0.397917 0.278125 0.310417
4 0.281250 0.320833 0.279687 0.358333 0.276562 0.358333 0.276562 0.397917 0.306250 0.402083 0.326562 0.410417 0.329688 0.358333 0.320312 0.354167 0.317188 0.345833 0.307812 0.341667 0.290625 0.322917
5 0.606250 0.364583 0.601562 0.366667 0.596875 0.427083 0.596875 0.500000 0.606250 0.408333
5 0.578125 0.093750 0.543750 0.102083 0.562500 0.131250 0.529687 0.589583 0.568750 0.139583 0.595313 0.112500
8 0.559375 0.389583 0.553125 0.389583 0.546875 0.435417 0.542188 0.510417 0.545312 0.516667 0.595313 0.502083 0.595313 0.468750 0.584375 0.447917 0.579688 0.408333 0.575000 0.402083 0.565625 0.402083
8 0.543750 0.345833 0.470313 0.397917 0.445312 0.362500 0.437500 0.381250 0.432812 0.358333 0.407813 0.400000 0.395313 0.356250 0.376563 0.410417 0.353125 0.347917 0.350000 0.406250 0.384375 0.412500 0.404687 0.468750 0.529687 0.516667 0.537500 0.416667 0.528125 0.406250 0.540625 0.393750 0.500000 0.391667 0.542188 0.377083
8 0.315625 0.339583 0.314063 0.341667 0.320312 0.347917 0.318750 0.350000 0.320312 0.352083 0.325000 0.352083 0.331250 0.358333 0.329688 0.402083 0.343750 0.404167 0.346875 0.377083 0.345313 0.345833
8 0.593750 0.354167 0.598437 0.500000 0.834375 0.529167 0.843750 0.470833 0.839063 0.529167 0.998437 0.560417 0.998437 0.362500 0.921875 0.381250 0.907813 0.310417 0.881250 0.291667 0.781250 0.379167 0.781250 0.281250 0.675000 0.285417
8 0.000000 0.000000 0.018750 0.089583 0.209375 0.250000 0.206250 0.193750 0.189062 0.193750 0.189062 0.166667 0.209375 0.152083 0.201563 0.118750 0.240625 0.079167 0.239063 0.041667 0.223438 0.033333 0.226562 0.000000 0.026562 0.000000 0.029687 0.029167
9 0.228125 0.472917 0.201563 0.466667 0.176563 0.487500 0.132812 0.479167 0.100000 0.500000 0.065625 0.483333 0.014063 0.508333 0.000000 0.500000 0.000000 0.547917 0.210938 0.510417 0.212500 0.477083
9 0.273438 0.472917 0.510938 0.529167 0.465625 0.550000 0.609375 0.997917 0.998437 0.997917 0.998437 0.562500 0.609375 0.497917 0.542188 0.516667 0.529687 0.591667 0.529687 0.518750 0.398438 0.466667 0.384375 0.414583 0.350000 0.408333 0.343750 0.462500 0.328125 0.404167 0.329688 0.466667
10 0.000000 0.039583 0.000000 0.070833 0.004687 0.079167 0.010937 0.081250 0.012500 0.085417 0.017188 0.089583 0.015625 0.075000 0.012500 0.070833 0.012500 0.060417 0.006250 0.054167 0.006250 0.052083 0.000000 0.043750
10 0.190625 0.166667 0.214062 0.256250 0.375000 0.408333 0.395313 0.354167 0.473438 0.391667 0.545312 0.343750 0.554688 0.091667 0.596875 0.112500 0.562500 0.370833 0.784375 0.285417 0.768750 0.375000 0.867188 0.287500 0.921875 0.379167 0.998437 0.360417 0.998437 0.000000 0.228125 0.000000
10 0.006250 0.000000 0.006250 0.006250 0.007812 0.010417 0.010937 0.012500 0.010937 0.016667 0.015625 0.018750 0.017188 0.022917 0.029687 0.027083 0.028125 0.014583 0.025000 0.010417 0.025000 0.000000
11 0.254688 0.354167 0.229687 0.395833 0.221875 0.470833 0.229687 0.475000 0.214062 0.477083 0.212500 0.512500 0.231250 0.510417 0.234375 0.539583 0.251563 0.535417 0.253125 0.510417 0.279687 0.506250 0.270313 0.464583 0.270313 0.412500