0 0.000000 0.606250 0.000000 0.997917 0.740625 0.997917 0.560937 0.622917 0.567187 0.575000 0.643750 0.554167 0.367188 0.493750
3 0.653125 0.333333 0.623437 0.345833 0.614062 0.354167 0.607812 0.354167 0.606250 0.358333 0.601562 0.358333 0.607812 0.360417 0.609375 0.358333 0.623437 0.358333 0.631250 0.362500 0.635938 0.358333 0.645312 0.356250 0.646875 0.360417 0.653125 0.360417
3 0.718750 0.306250 0.659375 0.331250 0.659375 0.358333 0.685937 0.364583 0.681250 0.383333 0.682813 0.408333 0.703125 0.431250 0.704688 0.443750 0.707812 0.443750 0.715625 0.322917 0.720313 0.320833
3 0.000000 0.039583 0.014063 0.550000 0.112500 0.491667 0.251563 0.506250 0.260937 0.481250 0.342187 0.475000 0.335938 0.320833
5 0.660937 0.375000 0.656250 0.375000 0.648438 0.560417 0.653125 0.554167
5 0.370312 0.316667 0.376563 0.335417 0.373437 0.485417 0.379688 0.335417 0.387500 0.320833
5 0.720313 0.306250 0.709375 0.416667 0.710938 0.535417 0.720313 0.402083
7 0.637500 0.360417 0.637500 0.370833 0.639062 0.372917 0.660937 0.372917 0.681250 0.379167 0.684375 0.377083 0.684375 0.364583 0.675000 0.364583 0.662500 0.360417 0.646875 0.362500 0.645312 0.358333 0.643750 0.360417
8 0.662500 0.377083 0.662500 0.387500 0.670312 0.389583 0.660937 0.404167 0.654687 0.533333 0.660937 0.533333 0.668750 0.493750 0.678125 0.485417 0.684375 0.497917 0.685937 0.539583 0.709375 0.535417 0.707812 0.445833 0.682813 0.412500 0.681250 0.381250
8 0.339062 0.337500 0.335938 0.404167 0.343750 0.414583 0.350000 0.410417 0.354687 0.414583 0.373437 0.412500 0.371875 0.347917 0.359375 0.354167 0.350000 0.341667
8 0.648438 0.529167 0.654687 0.375000 0.600000 0.358333 0.623437 0.343750 0.618750 0.322917 0.534375 0.372917 0.501563 0.333333 0.490625 0.360417 0.482812 0.333333 0.457813 0.383333 0.440625 0.362500 0.428125 0.414583 0.406250 0.358333 0.379688 0.354167 0.378125 0.412500 0.432812 0.416667 0.451562 0.472917 0.582812 0.525000
8 0.998437 0.260417 0.909375 0.318750 0.920312 0.200000 0.740625 0.237500 0.671875 0.322917 0.725000 0.308333 0.712500 0.535417 0.756250 0.522917 0.760938 0.437500 0.760938 0.522917 0.998437 0.502083
8 0.003125 0.016667 0.003125 0.041667 0.146875 0.156250 0.153125 0.141667 0.146875 0.093750 0.131250 0.095833 0.129688 0.062500 0.106250 0.081250 0.110937 0.020833 0.095312 0.000000 0.014063 0.000000
9 0.998437 0.504167 0.654687 0.535417 0.650000 0.562500 0.560937 0.583333 0.571875 0.652083 0.742188 0.997917 0.998437 0.997917
9 0.646875 0.531250 0.451562 0.475000 0.418750 0.414583 0.378125 0.414583 0.373437 0.487500 0.362500 0.414583 0.340625 0.479167 0.251563 0.508333 0.112500 0.493750 0.035937 0.552083 0.000000 0.525000 0.000000 0.604167 0.367188 0.491667
10 0.096875 0.000000 0.151562 0.162500 0.359375 0.352083 0.387500 0.318750 0.428125 0.412500 0.482812 0.331250 0.626563 0.343750 0.779687 0.216667 0.920312 0.197917 0.909375 0.316667 0.998437 0.258333 0.998437 0.000000
11 0.678125 0.487500 0.671875 0.489583 0.667188 0.516667 0.662500 0.525000 0.660937 0.539583 0.664062 0.550000 0.684375 0.543750 0.684375 0.533333 0.679688 0.514583 0.682813 0.497917