0 0.709375 0.993750 0.545312 0.614583 0.546875 0.570833 0.617188 0.556250 0.373437 0.493750 0.000000 0.587500 0.000000 0.997917
3 0.645312 0.362500 0.643750 0.358333 0.635938 0.358333 0.623437 0.364583 0.615625 0.364583 0.614062 0.368750 0.607812 0.368750 0.606250 0.372917 0.589063 0.377083 0.610938 0.383333 0.625000 0.381250 0.626563 0.377083 0.635938 0.377083 0.640625 0.370833 0.643750 0.383333
3 0.696875 0.337500 0.662500 0.350000 0.648438 0.362500 0.648438 0.387500 0.660937 0.387500 0.662500 0.395833 0.670312 0.400000 0.671875 0.433333 0.685937 0.450000 0.685937 0.464583 0.692187 0.460417
3 0.000000 0.029167 0.000000 0.562500 0.029687 0.525000 0.053125 0.550000 0.203125 0.481250 0.357812 0.485417 0.354687 0.408333 0.253125 0.387500 0.254688 0.245833
4 0.257812 0.260417 0.254688 0.387500 0.303125 0.387500 0.356250 0.408333 0.357812 0.341667
5 0.637500 0.400000 0.626563 0.556250 0.631250 0.547917 0.634375 0.462500 0.637500 0.460417
5 0.706250 0.337500 0.700000 0.337500 0.690625 0.533333 0.700000 0.460417
5 0.384375 0.331250 0.389062 0.347917 0.382812 0.479167 0.390625 0.354167 0.398438 0.339583 0.398438 0.333333
5 0.998437 0.000000 0.920312 0.997917 0.978125 0.997917
7 0.620313 0.389583 0.620313 0.397917 0.623437 0.395833 0.625000 0.397917 0.634375 0.397917 0.635938 0.400000 0.637500 0.397917 0.646875 0.402083 0.656250 0.402083 0.660937 0.397917 0.660937 0.389583 0.646875 0.389583 0.645312 0.387500 0.621875 0.387500
8 0.665625 0.397917 0.640625 0.402083 0.632812 0.535417 0.660937 0.537500 0.665625 0.495833 0.678125 0.504167 0.679688 0.527083 0.689063 0.533333 0.690625 0.472917 0.684375 0.464583 0.684375 0.450000 0.670312 0.433333
8 0.387500 0.354167 0.376563 0.352083 0.375000 0.347917 0.365625 0.356250 0.359375 0.352083 0.356250 0.400000 0.357812 0.414583 0.384375 0.412500
8 0.626563 0.533333 0.635938 0.402083 0.618750 0.389583 0.635938 0.379167 0.587500 0.377083 0.623437 0.362500 0.617188 0.337500 0.532813 0.387500 0.504687 0.352083 0.492188 0.372917 0.485938 0.350000 0.465625 0.389583 0.448437 0.362500 0.434375 0.416667 0.392188 0.354167 0.389062 0.414583 0.435937 0.420833 0.454688 0.475000
8 0.965625 0.302083 0.895312 0.341667 0.904687 0.239583 0.853125 0.235417 0.812500 0.268750 0.770312 0.250000 0.740625 0.281250 0.729688 0.264583 0.667188 0.343750 0.709375 0.339583 0.695312 0.533333 0.731250 0.527083 0.739062 0.458333 0.737500 0.522917 0.948438 0.527083
8 0.057813 0.072917 0.196875 0.195833 0.198437 0.135417 0.178125 0.143750 0.181250 0.106250 0.165625 0.118750 0.168750 0.077083 0.145313 0.008333 0.137500 0.020833 0.115625 0.020833 0.118750 0.056250 0.093750 0.029167 0.082812 0.062500
9 0.998437 0.593750 0.979688 0.997917 0.998437 0.997917
9 0.000000 0.564583 0.373437 0.491667 0.615625 0.552083 0.546875 0.614583 0.710938 0.997917 0.918750 0.997917 0.943750 0.525000 0.626563 0.558333 0.428125 0.418750 0.382812 0.481250 0.365625 0.414583 0.356250 0.489583
10 0.000000 0.000000 0.056250 0.075000 0.145313 0.006250 0.198437 0.195833 0.362500 0.354167 0.398438 0.331250 0.428125 0.414583 0.485938 0.347917 0.665625 0.347917 0.770312 0.247917 0.904687 0.237500 0.895312 0.339583 0.967187 0.293750 0.989062 0.000000
11 0.665625 0.497917 0.664062 0.500000 0.664062 0.512500 0.662500 0.514583 0.664062 0.516667 0.664062 0.529167 0.660937 0.539583 0.662500 0.541667 0.665625 0.541667 0.667188 0.539583 0.676562 0.539583 0.678125 0.537500 0.681250 0.537500 0.681250 0.529167 0.678125 0.527083 0.678125 0.520833 0.676562 0.518750 0.676562 0.512500 0.678125 0.510417 0.676562 0.504167 0.671875 0.500000