0 0.000000 0.614583 0.000000 0.997917 0.754687 0.997917 0.568750 0.622917 0.645312 0.554167 0.359375 0.493750
3 0.717187 0.422917 0.723437 0.300000 0.709375 0.304167 0.700000 0.320833 0.648438 0.327083 0.628125 0.352083 0.659375 0.345833 0.660937 0.335417 0.665625 0.347917 0.700000 0.347917 0.701562 0.366667 0.692187 0.375000 0.693750 0.408333
3 0.000000 0.035417 0.000000 0.527083 0.076563 0.497917 0.210938 0.518750 0.237500 0.481250 0.329688 0.479167 0.325000 0.400000 0.143750 0.358333 0.140625 0.150000
4 0.145313 0.172917 0.146875 0.360417 0.267188 0.372917 0.325000 0.397917 0.326562 0.312500
5 0.673438 0.364583 0.668750 0.366667 0.662500 0.564583
5 0.376563 0.310417 0.365625 0.310417 0.370312 0.331250 0.367188 0.483333 0.371875 0.339583 0.381250 0.314583
5 0.732812 0.295833 0.725000 0.295833 0.718750 0.387500 0.720313 0.535417
7 0.646875 0.347917 0.648438 0.362500 0.665625 0.362500 0.667188 0.364583 0.678125 0.362500 0.679688 0.366667 0.695312 0.368750 0.700000 0.366667 0.701562 0.360417 0.700000 0.350000 0.682813 0.352083 0.681250 0.347917 0.673438 0.350000
8 0.685937 0.372917 0.685937 0.381250 0.675000 0.389583 0.670312 0.491667 0.675000 0.477083 0.682813 0.479167 0.685937 0.537500 0.715625 0.537500 0.717187 0.441667 0.692187 0.408333
8 0.331250 0.335417 0.326562 0.341667 0.326562 0.404167 0.335938 0.414583 0.340625 0.414583 0.343750 0.408333 0.348438 0.412500 0.365625 0.410417 0.368750 0.347917 0.356250 0.354167 0.345313 0.337500
8 0.668750 0.368750 0.615625 0.352083 0.617188 0.316667 0.535937 0.366667 0.500000 0.327083 0.489063 0.352083 0.482812 0.325000 0.456250 0.379167 0.440625 0.356250 0.426563 0.412500 0.404687 0.358333 0.373437 0.352083 0.371875 0.410417 0.432812 0.416667 0.456250 0.475000 0.589063 0.525000 0.657813 0.527083
8 0.745313 0.225000 0.675000 0.310417 0.734375 0.295833 0.721875 0.535417 0.767188 0.527083 0.776563 0.433333 0.785937 0.531250 0.742188 0.560417 0.735938 0.645833 0.875000 0.891667 0.998437 0.997917 0.998437 0.243750 0.912500 0.320833 0.929688 0.187500
8 0.000000 0.000000 0.003125 0.037500 0.118750 0.131250 0.126562 0.116667 0.118750 0.066667 0.104688 0.062500 0.098437 0.031250 0.087500 0.050000 0.073438 0.047917 0.078125 0.000000
9 0.885938 0.858333 0.885938 0.862500 0.882812 0.864583 0.882812 0.872917 0.889062 0.872917 0.898438 0.885417 0.900000 0.891667 0.921875 0.895833 0.923438 0.883333 0.931250 0.877083 0.926562 0.866667 0.914062 0.862500 0.910937 0.858333 0.901563 0.854167 0.898438 0.858333 0.896875 0.856250
9 0.570312 0.589583 0.592187 0.685417 0.756250 0.997917 0.957812 0.997917 0.734375 0.645833 0.740625 0.560417 0.784375 0.529167
9 0.659375 0.531250 0.456250 0.477083 0.420312 0.414583 0.371875 0.412500 0.367188 0.485417 0.357812 0.412500 0.329688 0.481250 0.237500 0.483333 0.220312 0.518750 0.076563 0.500000 0.001563 0.527083 0.000000 0.612500 0.359375 0.491667
10 0.079687 0.000000 0.151562 0.170833 0.326562 0.339583 0.381250 0.310417 0.423438 0.410417 0.482812 0.322917 0.626563 0.337500 0.789062 0.204167 0.929688 0.185417 0.912500 0.318750 0.998437 0.241667 0.998437 0.000000
11 0.681250 0.479167 0.675000 0.479167 0.668750 0.497917 0.667188 0.560417 0.685937 0.552083 0.682813 0.510417 0.684375 0.487500
11 0.343750 0.410417 0.339062 0.422917 0.339062 0.429167 0.342187 0.431250 0.342187 0.437500 0.339062 0.439583 0.339062 0.441667 0.351562 0.445833 0.353125 0.443750 0.353125 0.431250 0.354687 0.427083 0.353125 0.425000 0.353125 0.420833 0.350000 0.418750 0.346875 0.410417