0 0.748437 0.585417 0.773438 0.579167 0.784375 0.570833 0.840625 0.560417 0.848437 0.550000 0.845313 0.543750 0.750000 0.541667
0 0.000000 0.629167 0.000000 0.997917 0.737500 0.997917 0.621875 0.693750 0.646875 0.616667 0.737500 0.591667 0.734375 0.541667 0.171875 0.518750 0.148438 0.572917
1 0.806250 0.493750 0.857812 0.525000 0.856250 0.539583 0.826562 0.541667 0.845313 0.541667 0.850000 0.550000 0.842187 0.558333 0.998437 0.514583
2 0.228125 0.395833 0.225000 0.391667 0.220312 0.395833 0.204687 0.395833 0.200000 0.410417 0.193750 0.406250 0.193750 0.433333 0.184375 0.439583 0.171875 0.435417 0.175000 0.450000 0.187500 0.450000 0.189062 0.445833 0.192188 0.447917 0.214062 0.439583 0.218750 0.416667 0.229687 0.404167
2 0.696875 0.212500 0.660937 0.225000 0.648438 0.218750 0.648438 0.233333 0.637500 0.245833 0.573438 0.283333 0.565625 0.295833 0.585938 0.293750 0.626563 0.270833 0.632812 0.252083 0.651563 0.295833 0.662500 0.281250 0.665625 0.300000 0.670312 0.291667 0.662500 0.254167
3 0.000000 0.595833 0.082812 0.572917 0.118750 0.520833 0.118750 0.458333 0.171875 0.454167 0.170313 0.431250 0.117188 0.429167 0.112500 0.389583 0.000000 0.343750
3 0.692187 0.216667 0.664062 0.254167 0.668750 0.297917 0.675000 0.300000 0.679688 0.339583 0.710938 0.362500 0.710938 0.387500 0.728125 0.393750 0.731250 0.320833 0.725000 0.285417 0.731250 0.270833 0.735938 0.287500 0.731250 0.256250 0.735938 0.212500 0.728125 0.225000 0.725000 0.212500
4 0.000000 0.145833 0.000000 0.341667 0.056250 0.362500 0.085938 0.360417 0.078125 0.197917
5 0.806250 0.389583 0.801562 0.395833 0.800000 0.502083 0.803125 0.504167 0.803125 0.514583 0.800000 0.516667 0.803125 0.522917 0.800000 0.525000 0.803125 0.529167
5 0.220312 0.243750 0.223438 0.266667 0.234375 0.279167 0.237500 0.470833 0.243750 0.506250 0.235937 0.279167 0.246875 0.266667 0.248438 0.250000
5 0.746875 0.208333 0.740625 0.287500 0.731250 0.272917 0.732812 0.414583 0.737500 0.297917 0.740625 0.595833
7 0.803125 0.225000 0.803125 0.197917 0.795312 0.195833 0.793750 0.179167 0.707812 0.181250 0.698438 0.187500 0.695312 0.208333 0.698438 0.214583 0.779687 0.208333 0.748437 0.237500 0.748437 0.262500
8 0.234375 0.372917 0.229687 0.375000 0.228125 0.379167 0.225000 0.379167 0.225000 0.389583 0.229687 0.395833 0.231250 0.404167 0.223438 0.416667 0.220312 0.416667 0.215625 0.431250 0.215625 0.439583 0.220312 0.439583 0.221875 0.435417 0.235937 0.433333
8 0.207813 0.389583 0.192188 0.360417 0.185938 0.377083 0.179688 0.375000 0.168750 0.391667 0.154688 0.381250 0.145313 0.364583 0.139063 0.395833 0.117188 0.395833 0.117188 0.427083 0.168750 0.427083 0.184375 0.437500 0.192188 0.433333 0.192188 0.406250 0.200000 0.408333
8 0.739062 0.489583 0.728125 0.395833 0.634375 0.264583 0.481250 0.314583 0.429688 0.266667 0.414062 0.310417 0.404687 0.268750 0.356250 0.408333 0.326562 0.352083 0.240625 0.350000 0.242188 0.429167 0.354687 0.412500 0.362500 0.472917 0.595313 0.512500 0.610938 0.412500 0.621875 0.510417 0.639062 0.431250 0.651563 0.510417
8 0.779687 0.210417 0.770312 0.212500 0.768750 0.208333 0.767188 0.210417 0.750000 0.212500 0.750000 0.235417 0.751563 0.231250 0.764062 0.222917 0.767188 0.222917 0.773438 0.214583 0.776563 0.214583
8 0.676562 0.177083 0.682813 0.212500 0.707812 0.179167 0.804688 0.197917 0.748437 0.270833 0.773438 0.481250 0.798438 0.491667 0.806250 0.337500 0.806250 0.491667 0.998437 0.508333 0.998437 0.129167 0.917188 0.225000 0.890625 0.214583 0.889062 0.091667 0.796875 0.141667 0.779687 0.112500 0.710938 0.135417
9 0.998437 0.516667 0.632812 0.633333 0.631250 0.735417 0.739062 0.997917 0.998437 0.997917
9 0.621875 0.512500 0.625000 0.520833 0.625000 0.533333 0.620313 0.539583 0.635938 0.539583 0.637500 0.537500 0.637500 0.525000 0.635938 0.522917 0.635938 0.516667 0.634375 0.512500 0.631250 0.512500 0.629687 0.514583 0.626563 0.512500
9 0.739062 0.491667 0.731250 0.504167 0.709375 0.512500 0.651563 0.512500 0.650000 0.533333 0.653125 0.539583 0.737500 0.541667
9 0.748437 0.431250 0.748437 0.543750 0.856250 0.537500 0.856250 0.525000 0.807813 0.502083 0.803125 0.531250 0.798438 0.497917 0.773438 0.483333
9 0.595313 0.514583 0.362500 0.475000 0.354687 0.414583 0.267188 0.422917 0.254688 0.456250 0.242188 0.431250 0.243750 0.508333 0.235937 0.435417 0.120313 0.458333 0.120313 0.520833 0.089063 0.566667 0.000000 0.597917 0.000000 0.627083 0.148438 0.570833 0.171875 0.516667 0.593750 0.537500
10 0.000000 0.000000 0.000000 0.143750 0.079687 0.197917 0.120313 0.397917 0.223438 0.389583 0.220312 0.241667 0.240625 0.347917 0.356250 0.406250 0.404687 0.266667 0.567187 0.289583 0.710938 0.133333 0.889062 0.089583 0.917188 0.222917 0.998437 0.127083 0.998437 0.000000
11 0.645312 0.433333 0.635938 0.437500 0.625000 0.497917 0.629687 0.512500 0.629687 0.493750 0.634375 0.489583 0.639062 0.562500 0.651563 0.556250 0.648438 0.516667 0.653125 0.454167
11 0.603125 0.414583 0.604688 0.472917 0.600000 0.483333 0.595313 0.543750 0.601562 0.560417 0.615625 0.562500 0.618750 0.539583 0.623437 0.533333 0.618750 0.508333 0.621875 0.502083 0.620313 0.452083 0.610938 0.414583