0 0.729688 0.579167 0.735938 0.579167 0.737500 0.575000 0.746875 0.575000 0.756250 0.566667 0.757812 0.568750 0.759375 0.564583 0.770312 0.564583 0.771875 0.560417 0.778125 0.562500 0.789062 0.558333 0.731250 0.554167
0 0.000000 0.639583 0.000000 0.997917 0.770312 0.997917 0.614062 0.654167 0.720313 0.552083 0.279687 0.504167
1 0.818750 0.512500 0.818750 0.516667 0.839063 0.529167 0.846875 0.529167 0.848437 0.533333 0.854688 0.535417 0.900000 0.531250 0.884375 0.522917
2 0.287500 0.393750 0.276562 0.389583 0.260937 0.391667 0.257812 0.400000 0.248438 0.406250 0.248438 0.433333 0.264062 0.433333 0.265625 0.429167 0.270313 0.431250 0.271875 0.416667 0.276562 0.410417 0.282813 0.414583 0.284375 0.412500 0.279687 0.412500 0.278125 0.406250 0.281250 0.402083 0.285938 0.402083
2 0.751563 0.341667 0.746875 0.345833 0.743750 0.358333 0.740625 0.354167 0.735938 0.360417 0.734375 0.412500 0.740625 0.414583 0.748437 0.425000 0.754687 0.454167 0.756250 0.362500
2 0.660937 0.279167 0.653125 0.281250 0.651563 0.285417 0.646875 0.285417 0.639062 0.291667 0.632812 0.291667 0.631250 0.295833 0.626563 0.295833 0.625000 0.300000 0.617188 0.302083 0.615625 0.306250 0.609375 0.306250 0.609375 0.308333 0.620313 0.314583 0.623437 0.310417 0.631250 0.308333 0.637500 0.310417 0.646875 0.302083 0.653125 0.293750 0.654687 0.285417
3 0.754687 0.318750 0.748437 0.320833 0.735938 0.329167 0.737500 0.333333 0.737500 0.356250 0.739062 0.356250 0.740625 0.352083 0.742188 0.356250 0.743750 0.356250 0.745313 0.345833 0.753125 0.337500
3 0.664062 0.275000 0.650000 0.300000 0.662500 0.291667 0.675000 0.304167 0.681250 0.320833 0.690625 0.310417 0.695312 0.325000 0.703125 0.325000 0.706250 0.366667 0.723437 0.366667 0.729688 0.287500 0.696875 0.287500 0.692187 0.283333 0.692187 0.262500 0.675000 0.281250
3 0.226562 0.258333 0.214062 0.287500 0.178125 0.304167 0.162500 0.347917 0.000000 0.312500 0.003125 0.531250 0.053125 0.533333 0.070312 0.581250 0.165625 0.554167 0.246875 0.502083 0.248438 0.404167 0.223438 0.383333
3 0.753125 0.229167 0.746875 0.229167 0.745313 0.233333 0.742188 0.233333 0.732812 0.252083 0.723437 0.254167 0.718750 0.250000 0.712500 0.250000 0.709375 0.254167 0.698438 0.258333 0.734375 0.256250 0.753125 0.258333 0.748437 0.252083
4 0.000000 0.083333 0.000000 0.310417 0.162500 0.345833 0.182812 0.295833 0.215625 0.283333 0.210938 0.243750
5 0.818750 0.416667 0.815625 0.418750 0.814063 0.545833 0.817187 0.522917
5 0.732812 0.325000 0.726562 0.364583 0.725000 0.583333 0.735938 0.358333
5 0.306250 0.272917 0.307812 0.289583 0.315625 0.300000 0.318750 0.487500 0.317188 0.318750 0.326562 0.275000
7 0.771875 0.260417 0.695312 0.260417 0.693750 0.283333 0.754687 0.285417 0.734375 0.304167 0.731250 0.320833 0.729688 0.308333 0.726562 0.312500 0.728125 0.327083 0.737500 0.327083 0.767188 0.308333
8 0.734375 0.414583 0.731250 0.518750 0.742188 0.518750 0.759375 0.506250 0.762500 0.475000 0.756250 0.437500 0.756250 0.454167 0.753125 0.456250 0.746875 0.425000
8 0.245312 0.356250 0.245312 0.360417 0.242188 0.362500 0.243750 0.364583 0.240625 0.368750 0.239063 0.366667 0.235937 0.368750 0.234375 0.377083 0.229687 0.385417 0.232813 0.391667 0.240625 0.393750 0.248438 0.402083 0.251563 0.402083 0.257812 0.397917 0.257812 0.393750 0.262500 0.389583 0.262500 0.383333 0.259375 0.381250 0.259375 0.375000 0.256250 0.372917 0.251563 0.356250
8 0.309375 0.337500 0.296875 0.339583 0.289062 0.366667 0.273438 0.387500 0.285938 0.389583 0.289062 0.397917 0.279687 0.406250 0.285938 0.412500 0.282813 0.416667 0.276562 0.412500 0.273438 0.416667 0.271875 0.431250 0.295312 0.425000 0.300000 0.408333 0.309375 0.422917 0.314063 0.416667 0.314063 0.341667
8 0.320312 0.350000 0.320312 0.418750 0.407813 0.412500 0.425000 0.472917 0.626563 0.518750 0.660937 0.433333 0.667188 0.464583 0.682813 0.454167 0.685937 0.522917 0.723437 0.522917 0.725000 0.389583 0.662500 0.293750 0.515625 0.333333 0.478125 0.289583 0.465625 0.327083 0.457813 0.291667 0.403125 0.410417 0.379688 0.356250
8 0.707812 0.229167 0.706250 0.227083 0.693750 0.237500 0.692187 0.235417 0.687500 0.237500 0.689063 0.245833 0.684375 0.254167 0.679688 0.256250 0.681250 0.262500 0.693750 0.260417 0.704688 0.252083 0.715625 0.247917 0.712500 0.245833 0.712500 0.241667 0.707812 0.235417
8 0.750000 0.164583 0.714063 0.216667 0.773438 0.260417 0.781250 0.491667 0.812500 0.508333 0.821875 0.387500 0.818750 0.510417 0.909375 0.533333 0.787500 0.591667 0.895312 0.714583 0.843750 0.754167 0.990625 0.839583 0.998437 0.195833 0.932813 0.252083 0.937500 0.116667
9 0.685937 0.525000 0.685937 0.533333 0.689063 0.547917 0.696875 0.547917 0.698438 0.550000 0.723437 0.550000 0.723437 0.525000
9 0.757812 0.420833 0.764062 0.495833 0.729688 0.547917 0.790625 0.558333 0.617188 0.627083 0.656250 0.772917 0.771875 0.997917 0.998437 0.997917 0.998437 0.827083 0.862500 0.802083 0.845313 0.739583 0.893750 0.714583 0.785937 0.591667 0.907813 0.533333 0.818750 0.518750 0.814063 0.547917
9 0.639062 0.543750 0.420312 0.472917 0.407813 0.414583 0.328125 0.416667 0.318750 0.489583 0.295312 0.427083 0.248438 0.435417 0.246875 0.504167 0.070312 0.583333 0.053125 0.535417 0.000000 0.525000 0.000000 0.637500 0.267188 0.539583 0.279687 0.502083
10 0.000000 0.000000 0.003125 0.085417 0.229687 0.258333 0.231250 0.381250 0.326562 0.272917 0.320312 0.347917 0.403125 0.408333 0.457813 0.289583 0.615625 0.304167 0.873437 0.122917 0.940625 0.118750 0.940625 0.256250 0.998437 0.193750 0.998437 0.000000
11 0.654687 0.435417 0.654687 0.477083 0.632812 0.508333 0.626563 0.533333 0.640625 0.543750 0.635938 0.556250 0.665625 0.564583 0.670312 0.531250 0.676562 0.522917 0.678125 0.560417 0.689063 0.560417 0.681250 0.454167 0.673438 0.450000 0.667188 0.466667 0.662500 0.437500
11 0.300000 0.410417 0.296875 0.422917 0.300000 0.435417 0.300000 0.447917 0.304688 0.445833 0.304688 0.439583 0.307812 0.435417 0.310937 0.439583 0.310937 0.447917 0.314063 0.447917 0.314063 0.418750 0.309375 0.425000 0.303125 0.410417