0 0.714063 0.504167 0.548438 0.533333 0.400000 0.616667 0.295312 0.579167 0.000000 0.622917 0.000000 0.997917 0.603125 0.997917 0.592187 0.712500 0.650000 0.593750 0.712500 0.566667
1 0.728125 0.487500 0.503125 0.531250 0.485938 0.589583 0.471875 0.539583 0.457813 0.593750 0.421875 0.545833 0.403125 0.612500 0.367188 0.554167 0.000000 0.620833 0.295312 0.577083 0.400000 0.614583 0.714063 0.502083 0.714063 0.566667 0.650000 0.618750 0.729688 0.575000
1 0.970313 0.447917 0.967187 0.481250 0.964063 0.483333 0.964063 0.491667 0.960938 0.493750 0.960938 0.497917 0.968750 0.495833 0.970313 0.491667 0.978125 0.491667 0.979688 0.487500 0.996875 0.485417 0.998437 0.468750 0.996875 0.477083 0.990625 0.479167 0.984375 0.477083 0.976562 0.447917
1 0.695312 0.439583 0.695312 0.450000 0.704688 0.452083 0.706250 0.454167 0.710938 0.454167 0.712500 0.456250 0.717187 0.456250 0.718750 0.454167 0.720313 0.456250 0.725000 0.456250 0.725000 0.437500 0.704688 0.437500 0.703125 0.439583
1 0.934375 0.439583 0.918750 0.422917 0.742188 0.435417 0.746875 0.568750 0.846875 0.529167 0.948438 0.506250 0.935937 0.479167
3 0.437500 0.227083 0.465625 0.216667 0.484375 0.191667 0.510938 0.231250 0.518750 0.218750 0.526563 0.235417 0.535937 0.231250 0.542188 0.272917 0.582812 0.300000 0.584375 0.325000 0.610938 0.335417 0.592187 0.085417
5 0.685937 0.320833 0.690625 0.475000 0.693750 0.477083 0.689063 0.320833
5 0.706250 0.000000 0.745313 0.641667 0.723437 0.047917
8 0.707812 0.050000 0.523438 0.118750 0.600000 0.091667 0.610938 0.337500 0.484375 0.193750 0.287500 0.260417 0.209375 0.202083 0.121875 0.366667 0.010937 0.358333 0.000000 0.475000 0.389062 0.518750 0.417187 0.356250 0.443750 0.506250 0.475000 0.368750 0.506250 0.491667 0.687500 0.437500 0.679688 0.287500 0.723437 0.435417
8 0.998437 0.000000 0.884375 0.000000 0.870313 0.075000 0.828125 0.041667 0.748437 0.150000 0.726562 0.104167 0.740625 0.431250 0.920312 0.412500 0.950000 0.320833 0.971875 0.362500 0.979688 0.335417 0.998437 0.356250
9 0.443750 0.508333 0.445312 0.527083 0.448437 0.533333 0.451562 0.535417 0.451562 0.539583 0.471875 0.537500 0.471875 0.518750 0.470313 0.516667 0.470313 0.510417 0.467187 0.508333
9 0.998437 0.483333 0.750000 0.568750 0.745313 0.643750 0.731250 0.577083 0.632812 0.633333 0.584375 0.772917 0.604688 0.997917 0.998437 0.997917
9 0.000000 0.612500 0.378125 0.552083 0.389062 0.520833 0.120313 0.504167 0.100000 0.447917 0.076563 0.445833 0.001563 0.479167
9 0.725000 0.458333 0.695312 0.452083 0.692187 0.479167 0.687500 0.447917 0.634375 0.420833 0.617188 0.464583 0.579688 0.483333 0.503125 0.493750 0.498437 0.525000 0.728125 0.483333
9 0.923438 0.410417 0.740625 0.433333 0.918750 0.420833
10 0.737500 0.147917 0.748437 0.147917 0.790625 0.085417 0.801562 0.091667 0.828125 0.039583 0.856250 0.047917 0.865625 0.060417 0.860938 0.072917 0.870313 0.072917 0.867188 0.031250 0.882812 0.000000 0.732812 0.000000 0.721875 0.014583
10 0.000000 0.370833 0.121875 0.364583 0.178125 0.208333 0.196875 0.252083 0.209375 0.200000 0.276562 0.258333 0.292187 0.225000 0.420312 0.235417 0.556250 0.070833 0.614062 0.058333 0.629687 0.095833 0.707812 0.047917 0.704688 0.000000 0.000000 0.000000
11 0.475000 0.370833 0.467187 0.383333 0.464062 0.497917 0.473438 0.518750 0.471875 0.587500 0.485938 0.587500 0.492188 0.554167 0.503125 0.577083 0.512500 0.572917 0.512500 0.562500 0.496875 0.525000 0.496875 0.502083 0.504687 0.491667 0.487500 0.385417
11 0.417187 0.358333 0.406250 0.362500 0.401562 0.502083 0.375000 0.566667 0.375000 0.595833 0.392188 0.591667 0.392188 0.610417 0.414062 0.604167 0.420312 0.508333 0.445312 0.591667 0.462500 0.581250 0.443750 0.527083 0.434375 0.416667
11 0.950000 0.322917 0.929688 0.370833 0.920312 0.429167 0.935937 0.439583 0.943750 0.502083 0.957812 0.502083 0.970313 0.445833 0.978125 0.447917 0.984375 0.475000 0.996875 0.475000 0.998437 0.358333 0.989062 0.337500 0.979688 0.337500 0.971875 0.364583