0 0.000000 0.454167 0.000000 0.525000 0.168750 0.595833 0.217188 0.700000 0.057813 0.997917 0.998437 0.997917 0.998437 0.666667 0.873437 0.587500 0.839063 0.620833 0.801562 0.545833
2 0.737500 0.302083 0.715625 0.381250 0.671875 0.416667 0.656250 0.491667 0.701562 0.502083 0.704688 0.527083 0.746875 0.539583 0.756250 0.454167 0.765625 0.475000 0.760938 0.539583 0.810937 0.550000 0.821875 0.456250 0.784375 0.431250 0.760938 0.387500 0.770312 0.306250
3 0.129688 0.452083 0.198437 0.485417 0.648438 0.533333 0.470313 0.489583 0.235937 0.479167
3 0.070312 0.447917 0.075000 0.452083 0.076563 0.456250 0.085938 0.456250 0.087500 0.458333 0.101562 0.458333 0.106250 0.450000 0.109375 0.450000 0.107813 0.445833 0.071875 0.445833
5 0.764062 0.204167 0.764062 0.212500 0.760938 0.214583 0.756250 0.283333 0.753125 0.291667 0.754687 0.297917 0.751563 0.302083 0.771875 0.304167 0.775000 0.239583 0.771875 0.227083 0.764062 0.220833
8 0.834375 0.527083 0.831250 0.531250 0.823438 0.531250 0.823438 0.537500 0.821875 0.539583 0.817187 0.535417 0.817187 0.539583 0.812500 0.547917 0.814063 0.554167 0.815625 0.554167 0.817187 0.558333 0.821875 0.560417 0.826562 0.568750 0.831250 0.568750 0.834375 0.570833 0.837500 0.564583 0.837500 0.531250 0.835938 0.531250
8 0.998437 0.000000 0.904687 0.072917 0.760938 0.333333 0.784375 0.429167 0.834375 0.477083 0.868750 0.441667 0.889062 0.500000 0.875000 0.589583 0.998437 0.602083
8 0.000000 0.000000 0.000000 0.268750 0.193750 0.279167 0.210938 0.372917 0.310937 0.460417 0.653125 0.529167 0.670312 0.416667 0.728125 0.356250 0.712500 0.160417 0.643750 0.087500 0.681250 0.000000 0.309375 0.033333
9 0.878125 0.591667 0.951562 0.641667 0.998437 0.664583 0.996875 0.602083
9 0.000000 0.527083 0.000000 0.997917 0.056250 0.997917 0.190625 0.808333 0.212500 0.754167 0.212500 0.670833 0.168750 0.597917
9 0.648438 0.535417 0.648438 0.539583 0.654687 0.541667 0.732812 0.539583 0.704688 0.529167 0.701562 0.525000 0.706250 0.512500 0.701562 0.504167 0.665625 0.500000 0.660937 0.502083 0.659375 0.522917
9 0.000000 0.270833 0.000000 0.452083 0.415625 0.483333 0.310937 0.462500 0.201563 0.356250 0.220312 0.314583 0.193750 0.281250 0.028125 0.243750
10 0.645312 0.087500 0.693750 0.104167 0.729688 0.297917 0.753125 0.297917 0.767188 0.204167 0.776563 0.297917 0.800000 0.287500 0.832812 0.177083 0.970313 0.000000 0.787500 0.000000 0.776563 0.068750 0.778125 0.000000 0.682813 0.000000 0.676562 0.062500
11 0.751563 0.456250 0.748437 0.477083 0.750000 0.518750 0.748437 0.539583 0.759375 0.539583 0.759375 0.525000 0.756250 0.522917 0.756250 0.516667 0.759375 0.514583 0.759375 0.504167 0.764062 0.495833 0.764062 0.475000 0.759375 0.468750 0.757812 0.458333
11 0.856250 0.437500 0.834375 0.479167 0.823438 0.460417 0.810937 0.525000 0.820312 0.537500 0.834375 0.525000 0.839063 0.531250 0.835938 0.614583 0.864062 0.620833 0.871875 0.518750 0.884375 0.512500 0.887500 0.500000 0.868750 0.464583 0.867188 0.441667
18 0.876563 0.535417 0.873437 0.537500 0.873437 0.558333 0.871875 0.560417 0.871875 0.577083 0.876563 0.577083 0.879687 0.575000 0.882812 0.570833 0.884375 0.562500 0.885938 0.560417 0.885938 0.550000 0.884375 0.545833 0.882812 0.545833