0 0.090625 0.520833 0.092188 0.527083 0.118750 0.539583 0.132812 0.539583 0.134375 0.543750 0.145313 0.543750 0.142187 0.539583 0.142187 0.518750 0.093750 0.518750
0 0.998437 0.731250 0.957812 0.720833 0.929688 0.525000 0.909375 0.570833 0.864062 0.485417 0.843750 0.608333 0.793750 0.447917 0.159375 0.514583 0.335938 0.656250 0.000000 0.997917 0.998437 0.997917
2 0.743750 0.220833 0.698438 0.229167 0.690625 0.270833 0.703125 0.283333 0.646875 0.389583 0.656250 0.445833 0.737500 0.443750 0.745313 0.366667 0.757812 0.385417 0.757812 0.441667 0.771875 0.441667 0.764062 0.375000 0.784375 0.345833 0.803125 0.372917 0.787500 0.343750 0.753125 0.335417 0.732812 0.308333
3 0.642188 0.456250 0.473438 0.462500 0.432812 0.477083 0.465625 0.483333 0.579688 0.472917
5 0.753125 0.025000 0.745313 0.225000 0.753125 0.125000 0.764062 0.129167 0.767188 0.156250
5 0.990625 0.022917 0.932813 0.047917 0.951562 0.062500 0.959375 0.095833 0.954688 0.258333 0.962500 0.266667 0.967187 0.077083
5 0.100000 0.000000 0.168750 0.712500 0.120313 0.006250
8 0.821875 0.008333 0.734375 0.308333 0.807813 0.381250 0.864062 0.268750 0.904687 0.408333 0.954688 0.247917 0.957812 0.095833 0.931250 0.047917 0.990625 0.020833 0.965625 0.270833 0.998437 0.377083 0.998437 0.000000
8 0.120313 0.000000 0.142187 0.329167 0.223438 0.345833 0.201563 0.393750 0.414062 0.454167 0.654687 0.450000 0.701562 0.239583 0.657813 0.077083 0.607812 0.064583 0.628125 0.000000 0.456250 0.000000 0.462500 0.054167 0.343750 0.002083 0.309375 0.056250 0.254688 0.000000
8 0.087500 0.000000 0.000000 0.000000 0.007812 0.431250 0.100000 0.370833 0.096875 0.331250 0.128125 0.337500 0.106250 0.081250
9 0.873437 0.452083 0.868750 0.470833 0.865625 0.472917 0.864062 0.483333 0.876563 0.489583 0.882812 0.495833 0.895312 0.497917 0.896875 0.502083 0.895312 0.489583 0.896875 0.456250 0.895312 0.452083 0.892188 0.454167
9 0.731250 0.445833 0.656250 0.447917 0.631250 0.464583 0.668750 0.464583 0.670312 0.460417 0.715625 0.456250
9 0.143750 0.333333 0.159375 0.512500 0.435937 0.485417 0.471875 0.462500 0.387500 0.437500 0.312500 0.441667 0.248438 0.383333 0.201563 0.395833 0.196875 0.375000 0.223438 0.347917
9 0.123438 0.333333 0.000000 0.425000 0.000000 0.956250 0.262500 0.745833 0.337500 0.641667 0.303125 0.583333 0.162500 0.547917 0.157812 0.708333 0.145313 0.545833 0.089063 0.522917 0.142187 0.516667
10 0.759375 0.125000 0.754687 0.129167 0.753125 0.127083 0.753125 0.131250 0.756250 0.131250 0.754687 0.145833 0.751563 0.145833 0.750000 0.216667 0.759375 0.212500 0.759375 0.206250 0.753125 0.195833 0.760938 0.179167 0.760938 0.166667 0.764062 0.162500 0.762500 0.129167
10 0.306250 0.070833 0.303125 0.066667 0.301563 0.070833 0.295312 0.070833 0.293750 0.072917 0.279687 0.072917 0.279687 0.077083 0.284375 0.083333 0.284375 0.085417 0.287500 0.087500 0.292187 0.087500 0.296875 0.091667 0.301563 0.091667 0.306250 0.079167
10 0.609375 0.064583 0.654687 0.070833 0.657813 0.120833 0.673438 0.108333 0.695312 0.225000 0.746875 0.214583 0.750000 0.027083 0.778125 0.162500 0.773438 0.108333 0.790625 0.104167 0.820312 0.008333 0.837500 0.022917 0.837500 0.000000 0.629687 0.000000 0.628125 0.043750
10 0.407813 0.000000 0.425000 0.006250 0.429688 0.025000 0.434375 0.027083 0.448437 0.050000 0.462500 0.052083 0.464062 0.043750 0.456250 0.039583 0.451562 0.027083 0.451562 0.020833 0.457813 0.008333 0.454688 0.000000
10 0.256250 0.000000 0.270313 0.012500 0.281250 0.037500 0.309375 0.054167 0.310937 0.037500 0.326562 0.043750 0.328125 0.008333 0.348438 0.002083 0.365625 0.037500 0.376563 0.029167 0.373437 0.012500 0.379688 0.000000
11 0.750000 0.368750 0.743750 0.370833 0.745313 0.379167 0.742188 0.395833 0.742188 0.435417 0.739062 0.443750 0.746875 0.441667 0.748437 0.425000 0.751563 0.427083 0.754687 0.439583 0.757812 0.439583 0.754687 0.429167 0.756250 0.385417
11 0.850000 0.270833 0.807813 0.383333 0.784375 0.347917 0.765625 0.375000 0.773438 0.485417 0.796875 0.414583 0.800000 0.533333 0.828125 0.510417 0.854688 0.606250 0.885938 0.414583 0.906250 0.564583 0.929688 0.522917 0.959375 0.720833 0.993750 0.735417 0.993750 0.329167 0.945312 0.264583 0.904687 0.410417