0 0.998437 0.593750 0.923438 0.556250 0.912500 0.691667 0.843750 0.504167 0.785937 0.529167 0.779687 0.472917 0.057813 0.508333 0.304688 0.664583 0.000000 0.997917 0.998437 0.997917
2 0.750000 0.247917 0.706250 0.254167 0.717187 0.279167 0.692187 0.285417 0.701562 0.308333 0.656250 0.368750 0.640625 0.418750 0.651563 0.468750 0.664062 0.452083 0.670312 0.468750 0.732812 0.475000 0.740625 0.393750 0.751563 0.470833 0.779687 0.470833 0.767188 0.425000 0.787500 0.379167 0.750000 0.364583 0.732812 0.331250
3 0.278125 0.493750 0.576562 0.495833 0.639062 0.479167 0.289062 0.477083
5 0.998437 0.052083 0.968750 0.070833 0.985938 0.087500 0.992188 0.120833 0.982812 0.410417 0.995313 0.356250 0.998437 0.104167 0.990625 0.091667
5 0.756250 0.000000 0.748437 0.002083 0.740625 0.252083 0.754687 0.245833 0.746875 0.241667 0.756250 0.233333 0.759375 0.243750 0.762500 0.216667
5 0.006250 0.000000 0.056250 0.777083 0.035937 0.000000
8 0.998437 0.000000 0.870313 0.000000 0.781250 0.131250 0.732812 0.318750 0.814063 0.408333 0.820312 0.489583 0.831250 0.435417 0.850000 0.485417 0.868750 0.360417 0.914062 0.277083 0.937500 0.285417 0.932813 0.335417 0.975000 0.433333 0.990625 0.120833 0.967187 0.070833 0.998437 0.050000
8 0.037500 0.000000 0.048438 0.339583 0.090625 0.375000 0.093750 0.331250 0.207813 0.318750 0.253125 0.454167 0.645312 0.477083 0.645312 0.393750 0.715625 0.279167 0.660937 0.091667 0.607812 0.075000 0.635938 0.000000 0.460938 0.000000 0.453125 0.047917 0.425000 0.000000
8 0.000000 0.000000 0.000000 0.350000 0.020313 0.360417 0.020313 0.218750
9 0.940625 0.489583 0.925000 0.554167 0.956250 0.575000 0.998437 0.591667 0.996875 0.545833 0.990625 0.539583 0.985938 0.550000 0.975000 0.556250 0.960938 0.550000 0.957812 0.525000 0.962500 0.516667 0.962500 0.500000 0.956250 0.489583
9 0.637500 0.487500 0.703125 0.487500 0.723437 0.483333 0.725000 0.477083 0.720313 0.472917 0.676562 0.472917 0.668750 0.468750 0.667188 0.456250 0.656250 0.454167 0.653125 0.468750 0.645312 0.479167 0.640625 0.479167
9 0.026562 0.350000 0.000000 0.352083 0.000000 0.981250 0.228125 0.787500 0.303125 0.664583 0.262500 0.593750 0.057813 0.535417 0.068750 0.770833 0.050000 0.779167
9 0.365625 0.472917 0.314063 0.439583 0.287500 0.460417 0.232813 0.445833 0.215625 0.381250 0.226562 0.341667 0.207813 0.320833 0.184375 0.339583 0.093750 0.333333 0.090625 0.377083 0.048438 0.341667 0.057813 0.506250 0.287500 0.502083 0.275000 0.479167
10 0.298438 0.041667 0.295312 0.041667 0.290625 0.045833 0.287500 0.045833 0.281250 0.050000 0.282813 0.052083 0.285938 0.068750 0.287500 0.068750 0.296875 0.079167 0.295312 0.066667 0.298438 0.062500 0.300000 0.058333 0.298438 0.054167 0.301563 0.052083 0.300000 0.050000 0.303125 0.045833
10 0.868750 0.000000 0.757812 0.000000 0.760938 0.241667 0.764062 0.197917 0.779687 0.187500 0.779687 0.131250 0.796875 0.131250 0.798438 0.106250 0.818750 0.091667 0.834375 0.031250 0.848437 0.047917 0.850000 0.018750
10 0.637500 0.000000 0.635938 0.047917 0.609375 0.075000 0.623437 0.083333 0.640625 0.066667 0.642188 0.089583 0.660937 0.089583 0.659375 0.147917 0.678125 0.131250 0.689063 0.214583 0.701562 0.218750 0.698438 0.247917 0.739062 0.247917 0.748437 0.000000
10 0.426563 0.000000 0.429688 0.016667 0.451562 0.045833 0.464062 0.043750 0.464062 0.039583 0.456250 0.033333 0.453125 0.018750 0.459375 0.000000
10 0.267188 0.000000 0.273438 0.012500 0.287500 0.018750 0.296875 0.029167 0.301563 0.029167 0.303125 0.012500 0.312500 0.016667 0.317188 0.022917 0.317188 0.027083 0.321875 0.018750 0.321875 0.008333 0.318750 0.006250 0.318750 0.000000
11 0.740625 0.395833 0.737500 0.395833 0.734375 0.475000 0.740625 0.475000 0.742188 0.460417 0.746875 0.466667 0.745313 0.472917 0.750000 0.472917 0.746875 0.456250 0.750000 0.420833 0.748437 0.410417 0.743750 0.406250 0.743750 0.397917 0.742188 0.400000
11 0.793750 0.379167 0.773438 0.408333 0.768750 0.425000 0.779687 0.445833 0.785937 0.527083 0.795312 0.522917 0.793750 0.500000 0.801562 0.481250 0.803125 0.445833 0.814063 0.433333 0.814063 0.412500 0.800000 0.395833 0.801562 0.389583
11 0.929688 0.279167 0.901563 0.287500 0.896875 0.333333 0.870313 0.360417 0.840625 0.522917 0.853125 0.602083 0.875000 0.604167 0.912500 0.689583 0.914062 0.583333 0.939063 0.489583 0.964063 0.500000 0.960938 0.547917 0.998437 0.550000 0.998437 0.354167 0.968750 0.445833
18 0.809375 0.443750 0.809375 0.454167 0.803125 0.466667 0.803125 0.485417 0.817187 0.487500 0.818750 0.485417 0.818750 0.479167 0.821875 0.477083 0.821875 0.464583 0.818750 0.462500 0.820312 0.460417 0.818750 0.447917 0.815625 0.443750
18 0.831250 0.437500 0.831250 0.450000 0.826562 0.458333 0.826562 0.485417 0.828125 0.491667 0.832812 0.497917 0.839063 0.497917 0.840625 0.502083 0.845313 0.502083 0.848437 0.493750 0.845313 0.460417 0.842187 0.452083 0.839063 0.452083