0 0.957812 0.997917 0.745313 0.777083 0.710938 0.668750 0.793750 0.633333 0.528125 0.535417 0.000000 0.962500 0.000000 0.997917
2 0.828125 0.510417 0.832812 0.518750 0.851562 0.529167 0.873437 0.529167 0.879687 0.520833 0.887500 0.520833 0.890625 0.537500 0.906250 0.543750 0.912500 0.541667 0.920312 0.527083 0.920312 0.514583 0.892188 0.500000 0.845313 0.495833 0.842187 0.508333
2 0.998437 0.306250 0.734375 0.285417 0.520312 0.529167 0.596875 0.527083 0.585938 0.470833 0.632812 0.512500 0.642188 0.472917 0.653125 0.512500 0.687500 0.429167 0.704688 0.510417 0.693750 0.456250 0.803125 0.412500 0.807813 0.318750 0.812500 0.406250 0.929688 0.341667 0.956250 0.352083 0.960938 0.431250
3 0.375000 0.279167 0.375000 0.297917 0.373437 0.300000 0.375000 0.314583 0.373437 0.316667 0.375000 0.318750 0.375000 0.327083 0.381250 0.333333 0.385937 0.325000 0.392188 0.318750 0.395313 0.318750 0.395313 0.308333 0.390625 0.304167 0.389062 0.297917 0.379688 0.281250
3 0.000000 0.000000 0.010937 0.120833 0.084375 0.152083 0.134375 0.112500 0.160938 0.204167 0.221875 0.235417 0.270313 0.304167 0.301563 0.304167 0.350000 0.370833 0.357812 0.239583 0.215625 0.004167
4 0.373437 0.318750 0.364063 0.491667 0.450000 0.512500 0.451562 0.445833 0.448437 0.458333 0.445312 0.437500 0.453125 0.439583 0.454688 0.416667 0.396875 0.312500 0.381250 0.335417
4 0.139063 0.237500 0.154688 0.272917 0.126562 0.318750 0.173437 0.347917 0.207813 0.435417 0.348438 0.487500 0.360938 0.243750 0.350000 0.372917 0.301563 0.306250 0.270313 0.306250 0.240625 0.266667 0.246875 0.285417 0.210938 0.277083 0.214062 0.252083 0.237500 0.260417 0.209375 0.229167
4 0.000000 0.110417 0.000000 0.285417 0.021875 0.318750 0.060937 0.320833 0.076563 0.297917 0.079687 0.247917 0.096875 0.225000 0.068750 0.195833 0.062500 0.158333 0.087500 0.152083 0.070312 0.154167 0.031250 0.118750 0.010937 0.122917
5 0.985938 0.364583 0.981250 0.375000 0.979688 0.404167 0.981250 0.529167 0.989062 0.410417 0.985938 0.408333 0.989062 0.400000 0.985938 0.397917 0.989062 0.395833
5 0.812500 0.318750 0.804688 0.358333 0.801562 0.641667
5 0.384375 0.000000 0.356250 0.012500 0.379688 0.085417 0.351562 0.385417 0.351562 0.591667 0.384375 0.089583 0.412500 0.039583
8 0.604688 0.479167 0.604688 0.516667 0.614062 0.518750 0.617188 0.522917 0.618750 0.502083 0.620313 0.520833 0.625000 0.514583 0.631250 0.512500 0.631250 0.483333 0.628125 0.487500 0.626563 0.504167 0.623437 0.483333 0.620313 0.489583 0.615625 0.479167
8 0.585938 0.472917 0.581250 0.479167 0.581250 0.495833 0.579688 0.497917 0.575000 0.497917 0.575000 0.506250 0.581250 0.514583 0.585938 0.514583 0.592187 0.520833 0.598437 0.520833 0.600000 0.477083 0.590625 0.477083
8 0.682813 0.481250 0.673438 0.470833 0.664062 0.487500 0.664062 0.495833 0.660937 0.500000 0.657813 0.495833 0.657813 0.485417 0.651563 0.483333 0.656250 0.489583 0.654687 0.508333 0.665625 0.510417 0.667188 0.514583 0.679688 0.514583 0.682813 0.510417 0.684375 0.500000
8 0.803125 0.414583 0.737500 0.433333 0.698438 0.462500 0.693750 0.458333 0.690625 0.472917 0.696875 0.466667 0.707812 0.506250 0.734375 0.518750 0.748437 0.543750 0.753125 0.518750 0.792188 0.514583 0.792188 0.533333 0.798438 0.537500
8 0.495312 0.391667 0.485938 0.414583 0.454688 0.435417 0.451562 0.512500 0.509375 0.529167 0.514062 0.439583 0.514062 0.529167 0.518750 0.529167 0.520312 0.502083 0.532813 0.483333 0.532813 0.456250 0.509375 0.427083 0.504687 0.400000
8 0.998437 0.331250 0.967187 0.356250 0.960938 0.433333 0.954688 0.352083 0.929688 0.343750 0.814063 0.406250 0.810937 0.489583 0.915625 0.508333 0.917188 0.562500 0.712500 0.668750 0.804688 0.868750 0.959375 0.997917 0.998437 0.997917
8 0.642188 0.256250 0.632812 0.260417 0.593750 0.333333 0.581250 0.416667 0.593750 0.441667 0.582812 0.458333 0.598437 0.454167 0.632812 0.404167 0.654687 0.387500 0.679688 0.345833
8 0.207813 0.258333 0.209375 0.272917 0.217188 0.279167 0.221875 0.279167 0.223438 0.283333 0.225000 0.279167 0.240625 0.279167 0.246875 0.283333 0.243750 0.279167 0.243750 0.275000 0.240625 0.272917 0.239063 0.264583 0.235937 0.264583 0.234375 0.260417 0.228125 0.258333 0.221875 0.252083 0.220312 0.254167 0.214062 0.254167 0.212500 0.258333
8 0.134375 0.114583 0.064062 0.158333 0.098437 0.222917 0.067187 0.318750 0.021875 0.320833 0.000000 0.287500 0.000000 0.529167 0.123438 0.506250 0.204687 0.433333 0.171875 0.347917 0.125000 0.318750 0.153125 0.272917 0.137500 0.237500 0.184375 0.231250 0.146875 0.185417
8 0.784375 0.000000 0.796875 0.052083 0.781250 0.072917 0.796875 0.087500 0.778125 0.162500 0.745313 0.156250 0.760938 0.256250 0.709375 0.279167 0.687500 0.329167 0.734375 0.283333 0.998437 0.304167 0.998437 0.000000
9 0.520312 0.531250 0.362500 0.493750 0.351562 0.593750 0.348438 0.489583 0.206250 0.435417 0.123438 0.508333 0.001563 0.529167 0.000000 0.960417
10 0.800000 0.258333 0.798438 0.258333 0.796875 0.254167 0.793750 0.254167 0.792188 0.256250 0.790625 0.254167 0.784375 0.254167 0.779687 0.258333 0.771875 0.258333 0.768750 0.256250 0.765625 0.258333 0.765625 0.260417 0.773438 0.272917 0.776563 0.272917 0.778125 0.270833 0.779687 0.272917 0.789062 0.272917 0.790625 0.268750 0.798438 0.264583
10 0.385937 0.000000 0.414062 0.039583 0.385937 0.089583 0.375000 0.272917 0.454688 0.433333 0.496875 0.389583 0.546875 0.502083 0.590625 0.447917 0.592187 0.333333 0.634375 0.256250 0.678125 0.341667 0.709375 0.277083 0.759375 0.256250 0.743750 0.156250 0.776563 0.162500 0.795312 0.006250
10 0.212500 0.000000 0.289062 0.102083 0.365625 0.245833 0.376563 0.056250 0.354687 0.018750 0.365625 0.000000
18 0.932813 0.597917 0.929688 0.597917 0.928125 0.593750 0.920312 0.591667 0.918750 0.587500 0.907813 0.587500 0.906250 0.591667 0.889062 0.604167 0.885938 0.608333 0.885938 0.612500 0.882812 0.614583 0.882812 0.620833 0.900000 0.622917 0.917188 0.614583 0.921875 0.606250 0.935937 0.604167
18 0.612500 0.535417 0.615625 0.556250 0.735938 0.627083 0.776563 0.641667 0.798438 0.627083 0.801562 0.539583 0.790625 0.533333 0.790625 0.514583 0.753125 0.520833 0.748437 0.545833 0.714063 0.508333 0.629687 0.514583
18 0.807813 0.614583 0.843750 0.575000 0.851562 0.581250 0.915625 0.562500 0.921875 0.543750 0.893750 0.541667 0.887500 0.522917 0.873437 0.531250 0.842187 0.527083 0.826562 0.510417 0.842187 0.506250 0.843750 0.495833 0.810937 0.491667