0 0.935937 0.997917 0.704688 0.741667 0.684375 0.654167 0.739062 0.633333 0.518750 0.533333 0.000000 0.937500 0.000000 0.997917
2 0.957812 0.331250 0.717187 0.302083 0.567187 0.458333 0.556250 0.502083 0.526563 0.485417 0.515625 0.529167 0.590625 0.537500 0.565625 0.510417 0.581250 0.468750 0.629687 0.510417 0.634375 0.475000 0.653125 0.510417 0.675000 0.441667 0.681250 0.506250 0.704688 0.510417 0.695312 0.458333 0.776563 0.422917 0.782813 0.337500 0.784375 0.418750
3 0.432812 0.395833 0.428125 0.404167 0.428125 0.425000 0.432812 0.433333 0.437500 0.433333 0.442188 0.439583 0.442188 0.447917 0.445312 0.454167 0.446875 0.452083 0.446875 0.431250 0.451562 0.416667 0.442188 0.400000 0.437500 0.404167 0.434375 0.400000 0.434375 0.395833
3 0.382812 0.289583 0.379688 0.327083 0.382812 0.360417 0.387500 0.366667 0.395313 0.345833 0.395313 0.333333 0.400000 0.329167 0.403125 0.333333 0.404687 0.358333 0.409375 0.364583 0.415625 0.352083
3 0.000000 0.000000 0.000000 0.081250 0.095312 0.164583 0.135937 0.164583 0.157812 0.137500 0.195312 0.237500 0.235937 0.243750 0.275000 0.304167 0.309375 0.310417 0.351562 0.360417 0.371875 0.268750 0.292187 0.108333 0.212500 0.000000
4 0.379688 0.335417 0.370312 0.491667 0.443750 0.510417 0.446875 0.454167 0.426563 0.425000 0.428125 0.400000 0.442188 0.397917 0.418750 0.354167 0.404687 0.362500 0.400000 0.331250 0.387500 0.368750
4 0.185938 0.306250 0.184375 0.302083 0.181250 0.300000 0.167187 0.302083 0.157812 0.312500 0.154688 0.312500 0.154688 0.314583 0.151562 0.316667 0.150000 0.322917 0.156250 0.329167 0.162500 0.329167 0.164062 0.331250 0.171875 0.329167 0.178125 0.322917 0.179688 0.325000 0.179688 0.322917 0.182812 0.320833 0.185938 0.314583 0.184375 0.312500
4 0.221875 0.289583 0.218750 0.312500 0.196875 0.331250 0.195312 0.364583 0.223438 0.395833 0.237500 0.437500 0.357812 0.485417 0.368750 0.304167 0.350000 0.362500 0.309375 0.312500 0.275000 0.306250 0.253125 0.275000 0.264062 0.310417 0.240625 0.287500
4 0.164062 0.241667 0.162500 0.247917 0.165625 0.245833 0.178125 0.260417 0.176563 0.266667 0.184375 0.268750 0.187500 0.277083 0.196875 0.272917 0.198437 0.277083 0.201563 0.272917 0.204687 0.275000 0.204687 0.268750 0.207813 0.266667 0.206250 0.264583 0.212500 0.256250 0.207813 0.247917 0.195312 0.239583 0.189062 0.229167 0.184375 0.237500 0.175000 0.233333 0.173437 0.237500 0.170313 0.235417
4 0.000000 0.083333 0.000000 0.283333 0.037500 0.287500 0.087500 0.327083 0.098437 0.289583 0.095312 0.254167 0.107813 0.231250 0.100000 0.216667 0.079687 0.225000 0.089063 0.208333 0.081250 0.170833 0.093750 0.164583 0.042188 0.133333
5 0.923438 0.362500 0.920312 0.362500 0.917188 0.393750 0.917188 0.487500 0.920312 0.472917 0.920312 0.416667 0.923438 0.414583 0.923438 0.404167 0.920312 0.402083
5 0.784375 0.339583 0.773438 0.487500 0.775000 0.564583
5 0.384375 0.033333 0.365625 0.041667 0.385937 0.114583 0.354687 0.579167 0.396875 0.083333 0.418750 0.068750
8 0.600000 0.479167 0.598437 0.516667 0.615625 0.516667 0.620313 0.512500 0.629687 0.512500 0.620313 0.506250 0.618750 0.483333 0.614062 0.483333 0.612500 0.514583 0.610938 0.481250 0.604688 0.483333 0.603125 0.479167
8 0.581250 0.470833 0.570312 0.493750 0.570312 0.497917 0.567187 0.504167 0.567187 0.510417 0.570312 0.514583 0.573438 0.512500 0.582812 0.512500 0.592187 0.516667 0.595313 0.475000 0.584375 0.475000
8 0.775000 0.425000 0.757812 0.431250 0.750000 0.441667 0.746875 0.435417 0.725000 0.437500 0.696875 0.458333 0.701562 0.506250 0.721875 0.527083 0.731250 0.527083 0.740625 0.514583 0.762500 0.512500 0.768750 0.516667 0.771875 0.535417
8 0.492188 0.389583 0.478125 0.416667 0.448437 0.441667 0.445312 0.510417 0.504687 0.527083 0.509375 0.439583 0.507812 0.527083 0.514062 0.527083 0.514062 0.504167 0.528125 0.483333 0.528125 0.454167 0.501563 0.418750 0.500000 0.397917
8 0.637500 0.260417 0.628125 0.262500 0.590625 0.331250 0.575000 0.406250 0.587500 0.441667 0.581250 0.460417 0.593750 0.454167 0.625000 0.404167 0.645312 0.391667 0.670312 0.350000 0.667188 0.327083 0.650000 0.300000
8 0.157812 0.139583 0.082812 0.170833 0.081250 0.225000 0.109375 0.229167 0.090625 0.327083 0.000000 0.285417 0.000000 0.531250 0.148438 0.495833 0.235937 0.435417 0.195312 0.331250 0.221875 0.287500 0.262500 0.297917 0.239063 0.252083 0.200000 0.279167 0.162500 0.262500 0.185938 0.225000
8 0.762500 0.000000 0.779687 0.110417 0.684375 0.329167 0.959375 0.335417 0.918750 0.489583 0.915625 0.358333 0.785937 0.416667 0.781250 0.493750 0.885938 0.495833 0.870313 0.585417 0.814063 0.552083 0.685937 0.654167 0.703125 0.735417 0.937500 0.997917 0.998437 0.997917 0.998437 0.000000
9 0.515625 0.531250 0.370312 0.493750 0.354687 0.581250 0.357812 0.487500 0.218750 0.435417 0.153125 0.495833 0.000000 0.533333 0.000000 0.935417
10 0.214062 0.000000 0.370312 0.266667 0.364063 0.041667 0.412500 0.045833 0.382812 0.287500 0.451562 0.433333 0.493750 0.387500 0.545312 0.502083 0.585938 0.447917 0.600000 0.306250 0.637500 0.258333 0.671875 0.345833 0.778125 0.110417 0.760938 0.000000
13 0.817187 0.520833 0.831250 0.527083 0.839063 0.518750 0.845313 0.525000 0.845313 0.537500 0.859375 0.539583 0.878125 0.516667 0.873437 0.504167 0.884375 0.495833 0.864062 0.487500 0.831250 0.483333 0.823438 0.491667 0.826562 0.495833 0.820312 0.504167 0.823438 0.508333
18 0.870313 0.552083 0.839063 0.520833 0.809375 0.522917 0.825000 0.493750 0.781250 0.495833 0.775000 0.566667 0.762500 0.514583 0.721875 0.529167 0.706250 0.512500 0.637500 0.510417 0.604688 0.535417 0.612500 0.558333 0.740625 0.633333 0.762500 0.627083 0.814063 0.550000 0.829688 0.552083 0.843750 0.587500 0.868750 0.585417