0 0.943750 0.997917 0.760938 0.725000 0.817187 0.662500 0.506250 0.531250 0.029687 0.997917
1 0.870313 0.643750 0.871875 0.679167 0.881250 0.677083 0.887500 0.679167 0.889062 0.675000 0.895312 0.677083 0.918750 0.668750 0.906250 0.664583 0.904687 0.660417 0.892188 0.650000
1 0.581250 0.541667 0.820312 0.664583 0.767188 0.706250 0.857812 0.687500 0.857812 0.643750 0.840625 0.622917 0.790625 0.645833 0.701562 0.604167 0.692187 0.583333 0.678125 0.593750
2 0.868750 0.454167 0.870313 0.497917 0.918750 0.506250 0.928125 0.529167 0.939063 0.516667 0.967187 0.516667 0.979688 0.502083 0.979688 0.491667 0.998437 0.487500 0.998437 0.458333
2 0.998437 0.191667 0.756250 0.197917 0.534375 0.497917 0.503125 0.479167 0.495312 0.529167 0.570312 0.529167 0.534375 0.502083 0.559375 0.462500 0.626563 0.506250 0.681250 0.402083 0.687500 0.433333 0.770312 0.408333 0.856250 0.335417 0.860938 0.227083 0.867188 0.325000 0.998437 0.268750
3 0.279687 0.185417 0.270313 0.495833 0.415625 0.516667 0.420312 0.410417
3 0.000000 0.000000 0.000000 0.402083 0.029687 0.433333 0.251563 0.491667 0.264062 0.156250 0.160938 0.000000
5 0.860938 0.229167 0.857812 0.670833 0.865625 0.689583
5 0.282813 0.000000 0.248438 0.643750 0.265625 0.620833
8 0.998437 0.645833 0.951562 0.675000 0.914062 0.670833 0.878125 0.687500 0.859375 0.710417 0.871875 0.735417 0.862500 0.850000 0.945312 0.997917 0.998437 0.997917
8 0.982812 0.527083 0.968750 0.531250 0.967187 0.550000 0.970313 0.558333 0.967187 0.579167 0.968750 0.597917 0.975000 0.595833 0.989062 0.579167 0.985938 0.533333
8 0.998437 0.489583 0.993750 0.487500 0.989062 0.493750 0.985938 0.493750 0.984375 0.489583 0.982812 0.493750 0.979688 0.493750 0.981250 0.502083 0.976562 0.504167 0.975000 0.508333 0.968750 0.510417 0.968750 0.516667 0.971875 0.518750 0.989062 0.518750 0.992188 0.510417 0.987500 0.510417 0.985938 0.504167 0.990625 0.497917 0.998437 0.497917
8 0.581250 0.466667 0.581250 0.506250 0.582812 0.468750 0.584375 0.506250 0.593750 0.510417 0.596875 0.500000 0.595313 0.495833 0.596875 0.468750
8 0.576562 0.464583 0.567187 0.466667 0.559375 0.464583 0.554688 0.470833 0.554688 0.483333 0.557813 0.487500 0.548438 0.489583 0.545312 0.497917 0.542188 0.500000 0.539062 0.497917 0.535937 0.502083 0.545312 0.502083 0.546875 0.506250 0.554688 0.506250 0.556250 0.502083 0.559375 0.502083 0.560937 0.506250 0.576562 0.506250
8 0.678125 0.435417 0.671875 0.435417 0.668750 0.441667 0.645312 0.454167 0.642188 0.462500 0.635938 0.456250 0.634375 0.464583 0.632812 0.456250 0.631250 0.495833 0.642188 0.500000 0.653125 0.500000 0.667188 0.493750 0.673438 0.495833 0.676562 0.491667
8 0.464062 0.385417 0.454688 0.414583 0.421875 0.441667 0.417187 0.516667 0.481250 0.529167 0.485938 0.439583 0.487500 0.529167 0.493750 0.529167 0.506250 0.452083 0.478125 0.418750 0.473438 0.393750
8 0.856250 0.337500 0.770312 0.410417 0.753125 0.393750 0.682813 0.431250 0.682813 0.475000 0.692187 0.491667 0.731250 0.497917 0.735938 0.487500 0.740625 0.502083 0.821875 0.487500 0.823438 0.506250 0.837500 0.514583 0.837500 0.472917 0.857812 0.452083
8 0.998437 0.270833 0.965625 0.272917 0.867188 0.327083 0.870313 0.454167 0.998437 0.456250
8 0.723437 0.233333 0.682813 0.252083 0.659375 0.283333 0.654687 0.318750 0.606250 0.233333 0.568750 0.302083 0.554688 0.404167 0.570312 0.427083 0.562500 0.443750 0.637500 0.362500
8 0.737500 0.087500 0.760938 0.160417 0.742188 0.175000 0.759375 0.195833 0.998437 0.189583 0.998437 0.000000 0.795312 0.000000 0.773438 0.039583 0.781250 0.085417
9 0.906250 0.675000 0.873437 0.681250 0.865625 0.691667 0.796875 0.691667 0.759375 0.714583 0.860938 0.841667 0.868750 0.825000 0.860938 0.760417 0.870313 0.735417 0.857812 0.710417 0.875000 0.687500
9 0.589063 0.539583 0.589063 0.527083 0.584375 0.527083 0.582812 0.531250 0.507812 0.531250 0.543750 0.531250 0.551562 0.533333 0.554688 0.539583
9 0.000000 0.997917 0.134375 0.902083 0.493750 0.531250 0.270313 0.497917 0.248438 0.645833 0.251563 0.493750 0.000000 0.404167
10 0.279687 0.181250 0.421875 0.439583 0.465625 0.383333 0.534375 0.495833 0.568750 0.431250 0.575000 0.285417 0.610938 0.229167 0.654687 0.316667 0.753125 0.202083 0.735938 0.087500 0.779687 0.085417 0.793750 0.000000 0.284375 0.000000
10 0.162500 0.000000 0.201563 0.041667 0.203125 0.060417 0.267188 0.158333 0.271875 0.000000
18 0.868750 0.500000 0.870313 0.641667 0.928125 0.672917 0.951562 0.672917 0.998437 0.643750 0.998437 0.504167 0.989062 0.520833 0.939063 0.518750 0.928125 0.531250 0.918750 0.508333
18 0.857812 0.641667 0.853125 0.456250 0.831250 0.520833 0.821875 0.489583 0.764062 0.502083 0.759375 0.520833 0.735938 0.489583 0.706250 0.489583 0.701562 0.512500 0.682813 0.497917 0.679688 0.581250 0.676562 0.497917 0.604688 0.504167 0.590625 0.527083 0.595313 0.547917 0.692187 0.581250 0.757812 0.631250 0.810937 0.645833 0.840625 0.620833