0 0.798438 0.995833 0.598437 0.641667 0.621875 0.583333 0.501563 0.520833 0.000000 0.795833 0.000000 0.997917
2 0.782813 0.412500 0.632812 0.375000 0.568750 0.456250 0.546875 0.456250 0.534375 0.497917 0.509375 0.475000 0.492188 0.514583 0.564063 0.520833 0.545312 0.506250 0.556250 0.472917 0.589063 0.489583 0.592187 0.512500 0.570312 0.520833 0.632812 0.512500 0.667188 0.460417
3 0.029687 0.000000 0.046875 0.077083 0.139063 0.139583 0.175000 0.193750 0.215625 0.200000 0.254688 0.239583 0.264062 0.225000 0.273438 0.268750 0.306250 0.275000 0.317188 0.252083 0.334375 0.297917 0.373437 0.256250 0.331250 0.160417 0.317188 0.235417 0.325000 0.145833 0.239063 0.002083
4 0.410938 0.341667 0.396875 0.477083 0.428125 0.487500 0.437500 0.400000
4 0.246875 0.233333 0.260937 0.252083 0.242188 0.252083 0.235937 0.268750 0.257812 0.302083 0.235937 0.304167 0.225000 0.331250 0.253125 0.329167 0.279687 0.362500 0.300000 0.422917 0.387500 0.472917 0.403125 0.322917 0.376563 0.258333 0.328125 0.300000 0.317188 0.254167 0.306250 0.277083 0.273438 0.270833 0.264062 0.227083 0.256250 0.241667
4 0.326562 0.145833 0.326562 0.168750 0.323437 0.172917 0.323437 0.181250 0.320312 0.181250 0.321875 0.185417 0.317188 0.210417 0.320312 0.237500 0.326562 0.208333 0.328125 0.164583 0.331250 0.158333 0.332813 0.162500 0.331250 0.150000 0.328125 0.150000
4 0.100000 0.120833 0.146875 0.154167 0.148438 0.164583 0.139063 0.166667 0.126562 0.189583 0.132812 0.200000 0.151562 0.204167 0.153125 0.235417 0.162500 0.243750 0.185938 0.237500 0.175000 0.195833 0.160938 0.168750 0.125000 0.129167 0.115625 0.131250
5 0.421875 0.154167 0.406250 0.156250 0.420312 0.206250 0.382812 0.529167 0.392188 0.516667 0.428125 0.185417 0.443750 0.177083
8 0.571875 0.483333 0.571875 0.487500 0.570312 0.489583 0.570312 0.512500 0.590625 0.512500 0.590625 0.508333 0.587500 0.506250 0.587500 0.489583 0.584375 0.489583 0.582812 0.487500 0.581250 0.489583 0.576562 0.483333
8 0.556250 0.475000 0.553125 0.479167 0.553125 0.481250 0.550000 0.483333 0.550000 0.487500 0.546875 0.493750 0.546875 0.506250 0.556250 0.506250 0.557813 0.508333 0.564063 0.510417 0.567187 0.479167 0.560937 0.475000
8 0.475000 0.383333 0.464062 0.406250 0.451562 0.404167 0.437500 0.414583 0.431250 0.481250 0.482812 0.510417 0.490625 0.443750 0.490625 0.512500 0.498437 0.483333 0.509375 0.472917 0.509375 0.445833 0.501563 0.443750 0.496875 0.420833 0.482812 0.404167 0.481250 0.383333
8 0.740625 0.000000 0.714063 0.252083 0.648438 0.372917 0.607812 0.289583 0.557813 0.456250 0.642188 0.370833 0.784375 0.412500 0.656250 0.470833 0.703125 0.550000 0.600000 0.641667 0.800000 0.997917 0.998437 0.997917 0.998437 0.000000
8 0.000000 0.000000 0.000000 0.450000 0.214062 0.477083 0.278125 0.454167 0.298438 0.422917 0.289062 0.385417 0.221875 0.320833 0.256250 0.302083 0.234375 0.264583 0.259375 0.241667 0.187500 0.187500 0.189062 0.235417 0.156250 0.241667 0.125000 0.189583 0.145313 0.154167 0.046875 0.079167 0.028125 0.000000
9 0.495312 0.518750 0.395313 0.479167 0.382812 0.531250 0.387500 0.475000 0.301563 0.425000 0.231250 0.479167 0.000000 0.452083 0.000000 0.793750
10 0.237500 0.000000 0.403125 0.320833 0.404687 0.156250 0.443750 0.166667 0.410938 0.339583 0.439063 0.412500 0.482812 0.383333 0.521875 0.495833 0.607812 0.287500 0.648438 0.370833 0.678125 0.252083 0.712500 0.252083 0.704688 0.114583 0.756250 0.054167 0.739062 0.000000
18 0.570312 0.531250 0.573438 0.545833 0.621875 0.581250 0.646875 0.570833 0.657813 0.575000 0.685937 0.568750 0.701562 0.550000 0.679688 0.539583 0.676562 0.520833 0.667188 0.525000 0.642188 0.510417 0.596875 0.510417 0.590625 0.518750 0.578125 0.518750