0 0.957812 0.995833 0.728125 0.762500 0.701562 0.660417 0.781250 0.635417 0.535937 0.535417 0.000000 0.952083 0.000000 0.997917
2 0.814063 0.497917 0.820312 0.520833 0.851562 0.531250 0.868750 0.520833 0.873437 0.527083 0.873437 0.539583 0.892188 0.539583 0.900000 0.518750 0.900000 0.510417 0.881250 0.500000
2 0.982812 0.316667 0.726562 0.291667 0.518750 0.529167 0.595313 0.537500 0.584375 0.466667 0.623437 0.485417 0.603125 0.535417 0.639062 0.460417 0.653125 0.510417 0.682813 0.429167 0.689063 0.508333 0.734375 0.431250 0.760938 0.481250 0.798438 0.356250 0.803125 0.408333 0.939063 0.343750 0.943750 0.485417 0.951562 0.352083
3 0.378125 0.279167 0.370312 0.391667 0.398438 0.422917 0.420312 0.420833 0.429688 0.439583 0.442188 0.437500 0.450000 0.450000 0.451562 0.412500 0.429688 0.379167 0.420312 0.387500 0.407813 0.337500 0.401562 0.341667 0.401562 0.387500 0.395313 0.397917 0.392188 0.364583 0.400000 0.318750
3 0.000000 0.000000 0.014063 0.120833 0.085938 0.156250 0.142187 0.122917 0.170313 0.214583 0.229687 0.237500 0.350000 0.370833 0.364063 0.247917 0.212500 0.000000
4 0.370312 0.393750 0.365625 0.491667 0.445312 0.512500 0.450000 0.452083 0.445312 0.452083 0.443750 0.441667 0.429688 0.441667 0.420312 0.422917 0.412500 0.429167 0.401562 0.427083 0.395313 0.414583
4 0.401562 0.320833 0.401562 0.329167 0.396875 0.341667 0.396875 0.356250 0.393750 0.364583 0.393750 0.387500 0.396875 0.391667 0.396875 0.397917 0.400000 0.387500 0.400000 0.341667 0.404687 0.335417 0.409375 0.337500
4 0.365625 0.258333 0.350000 0.372917 0.303125 0.306250 0.271875 0.304167 0.254688 0.283333 0.254688 0.308333 0.210938 0.291667 0.214062 0.318750 0.190625 0.316667 0.185938 0.362500 0.209375 0.393750 0.214062 0.427083 0.351562 0.485417
4 0.165625 0.233333 0.168750 0.237500 0.167187 0.243750 0.168750 0.254167 0.164062 0.262500 0.179688 0.272917 0.185938 0.272917 0.187500 0.262500 0.185938 0.252083 0.181250 0.245833 0.181250 0.241667 0.185938 0.237500 0.192188 0.237500 0.179688 0.227083 0.178125 0.237500 0.175000 0.237500 0.173437 0.233333
4 0.000000 0.100000 0.000000 0.283333 0.032813 0.314583 0.075000 0.325000 0.081250 0.254167 0.075000 0.270833 0.071875 0.245833 0.082812 0.247917 0.092188 0.218750 0.087500 0.210417 0.064062 0.216667 0.071875 0.204167 0.064062 0.179167 0.068750 0.150000 0.056250 0.150000 0.037500 0.127083 0.026562 0.135417
5 0.967187 0.372917 0.967187 0.408333 0.964063 0.410417 0.964063 0.502083 0.967187 0.506250 0.971875 0.429167 0.970313 0.391667 0.973437 0.389583 0.973437 0.377083
5 0.800000 0.358333 0.792188 0.439583 0.792188 0.629167
5 0.384375 0.010417 0.359375 0.020833 0.381250 0.093750 0.350000 0.585417 0.393750 0.066667 0.414062 0.052083
8 0.603125 0.475000 0.601562 0.516667 0.614062 0.516667 0.615625 0.508333 0.618750 0.514583 0.620313 0.510417 0.625000 0.510417 0.623437 0.504167 0.620313 0.502083 0.621875 0.485417 0.618750 0.485417 0.618750 0.502083 0.615625 0.508333 0.614062 0.479167 0.607812 0.479167
8 0.678125 0.468750 0.675000 0.470833 0.671875 0.477083 0.671875 0.481250 0.668750 0.485417 0.665625 0.495833 0.656250 0.497917 0.654687 0.495833 0.653125 0.506250 0.656250 0.512500 0.660937 0.512500 0.662500 0.514583 0.676562 0.514583 0.678125 0.512500
8 0.584375 0.468750 0.581250 0.472917 0.581250 0.477083 0.578125 0.483333 0.578125 0.495833 0.573438 0.497917 0.571875 0.510417 0.573438 0.512500 0.584375 0.512500 0.595313 0.516667 0.596875 0.514583 0.598437 0.475000
8 0.792188 0.420833 0.767188 0.435417 0.760938 0.483333 0.759375 0.441667 0.753125 0.431250 0.734375 0.433333 0.698438 0.458333 0.698438 0.506250 0.734375 0.527083 0.753125 0.514583 0.779687 0.512500 0.784375 0.533333 0.790625 0.533333
8 0.495312 0.389583 0.481250 0.416667 0.453125 0.435417 0.446875 0.512500 0.506250 0.529167 0.512500 0.433333 0.510938 0.529167 0.517188 0.529167 0.514062 0.508333 0.529687 0.483333 0.532813 0.458333 0.501563 0.414583
8 0.639062 0.256250 0.593750 0.327083 0.578125 0.404167 0.592187 0.441667 0.584375 0.460417 0.598437 0.454167 0.603125 0.437500 0.650000 0.387500 0.676562 0.345833
8 0.142187 0.125000 0.065625 0.158333 0.065625 0.216667 0.095312 0.227083 0.075000 0.327083 0.000000 0.285417 0.000000 0.525000 0.128125 0.506250 0.228125 0.439583 0.184375 0.327083 0.212500 0.322917 0.214062 0.287500 0.257812 0.295833 0.220312 0.235417 0.182812 0.241667 0.185938 0.275000 0.153125 0.256250 0.178125 0.225000
8 0.776563 0.000000 0.753125 0.258333 0.687500 0.329167 0.735938 0.287500 0.984375 0.331250 0.943750 0.487500 0.939063 0.345833 0.804688 0.406250 0.800000 0.493750 0.900000 0.508333 0.889062 0.570833 0.701562 0.668750 0.796875 0.864583 0.998437 0.997917 0.998437 0.000000
9 0.520312 0.533333 0.365625 0.493750 0.350000 0.587500 0.351562 0.487500 0.220312 0.437500 0.128125 0.508333 0.001563 0.525000 0.000000 0.950000
10 0.764062 0.266667 0.767188 0.270833 0.767188 0.272917 0.770312 0.272917 0.775000 0.277083 0.784375 0.277083 0.785937 0.272917 0.789062 0.272917 0.790625 0.268750 0.790625 0.260417 0.773438 0.260417 0.771875 0.264583 0.765625 0.264583
10 0.214062 0.000000 0.367188 0.258333 0.357812 0.020833 0.410938 0.029167 0.378125 0.277083 0.453125 0.433333 0.495312 0.387500 0.545312 0.502083 0.632812 0.256250 0.676562 0.343750 0.751563 0.258333 0.739062 0.160417 0.770312 0.166667 0.790625 0.060417 0.775000 0.000000
18 0.875000 0.612500 0.884375 0.612500 0.898438 0.606250 0.910937 0.606250 0.912500 0.604167 0.923438 0.606250 0.923438 0.604167 0.918750 0.597917 0.915625 0.597917 0.914062 0.593750 0.906250 0.591667 0.901563 0.581250 0.896875 0.579167 0.885938 0.593750 0.882812 0.593750 0.881250 0.600000 0.875000 0.606250
18 0.612500 0.535417 0.617188 0.558333 0.729688 0.625000 0.775000 0.637500 0.787500 0.620833 0.790625 0.535417 0.782813 0.533333 0.779687 0.514583 0.734375 0.529167 0.709375 0.512500 0.685937 0.510417 0.679688 0.520833 0.643750 0.512500 0.635938 0.529167 0.628125 0.516667
18 0.800000 0.502083 0.796875 0.610417 0.801562 0.593750 0.817187 0.585417 0.829688 0.560417 0.848437 0.564583 0.865625 0.556250 0.887500 0.570833 0.892188 0.552083 0.887500 0.543750 0.873437 0.541667 0.868750 0.522917 0.856250 0.533333 0.818750 0.520833 0.814063 0.495833