0 0.000000 0.252083 0.000000 0.997917 0.795312 0.997917 0.368750 0.418750 0.271875 0.208333
4 0.123438 0.000000 0.128125 0.012500 0.131250 0.014583 0.132812 0.029167 0.140625 0.043750 0.145313 0.041667 0.146875 0.043750 0.146875 0.039583 0.148438 0.037500 0.150000 0.039583 0.153125 0.020833 0.157812 0.012500 0.156250 0.000000
5 0.209375 0.000000 0.203125 0.002083 0.167187 0.133333 0.167187 0.152083 0.173437 0.141667
8 0.203125 0.027083 0.196875 0.062500 0.207813 0.072917 0.214062 0.095833 0.217188 0.097917 0.218750 0.120833 0.231250 0.133333 0.232813 0.118750 0.235937 0.116667 0.235937 0.102083 0.232813 0.097917 0.234375 0.087500 0.226562 0.077083 0.221875 0.058333 0.212500 0.041667 0.212500 0.033333
8 0.254688 0.181250 0.490625 0.468750 0.696875 0.564583 0.743750 0.679167 0.714063 0.454167 0.764062 0.445833 0.879687 0.681250 0.979688 0.716667 0.931250 0.835417 0.998437 0.835417 0.998437 0.000000 0.437500 0.000000 0.395313 0.162500 0.365625 0.041667
8 0.034375 0.000000 0.068750 0.035417 0.101562 0.039583 0.125000 0.068750 0.148438 0.064583 0.178125 0.075000 0.195312 0.027083 0.168750 0.000000 0.157812 0.000000 0.151562 0.039583 0.140625 0.045833 0.121875 0.000000
9 0.315625 0.302083 0.793750 0.995833 0.998437 0.997917 0.998437 0.837500 0.918750 0.810417 0.978125 0.716667 0.879687 0.683333 0.764062 0.447917 0.715625 0.454167 0.743750 0.681250 0.650000 0.520833 0.490625 0.470833 0.396875 0.306250
9 0.000000 0.000000 0.000000 0.250000 0.220312 0.185417 0.207813 0.160417 0.228125 0.133333 0.200000 0.064583 0.167187 0.154167 0.181250 0.072917 0.125000 0.070833 0.032813 0.000000
10 0.204687 0.025000 0.235937 0.087500 0.240625 0.164583 0.259375 0.181250 0.282813 0.152083 0.298438 0.158333 0.307812 0.093750 0.365625 0.039583 0.379688 0.052083 0.395313 0.160417 0.412500 0.091667 0.432812 0.102083 0.428125 0.039583 0.442188 0.008333 0.210938 0.000000
10 0.170313 0.002083 0.171875 0.002083 0.175000 0.008333 0.181250 0.012500 0.182812 0.016667 0.189062 0.018750 0.190625 0.022917 0.196875 0.022917 0.196875 0.018750 0.201563 0.008333 0.200000 0.006250 0.203125 0.000000 0.170313 0.000000
11 0.218750 0.133333 0.210938 0.150000 0.209375 0.170833 0.221875 0.185417 0.234375 0.189583 0.237500 0.195833 0.246875 0.185417 0.256250 0.200000 0.265625 0.204167 0.264062 0.191667 0.250000 0.185417 0.242188 0.172917 0.235937 0.141667 0.231250 0.135417