0 0.000000 0.370833 0.000000 0.997917 0.767188 0.997917 0.454688 0.535417 0.379688 0.347917 0.312500 0.308333
4 0.379688 0.279167 0.373437 0.285417 0.362500 0.306250 0.351562 0.302083 0.351562 0.308333 0.348438 0.310417 0.351562 0.314583 0.351562 0.320833 0.375000 0.345833 0.378125 0.343750 0.375000 0.339583 0.376563 0.333333 0.371875 0.322917 0.371875 0.302083 0.379688 0.285417
4 0.192188 0.000000 0.217188 0.060417 0.198437 0.085417 0.201563 0.152083 0.234375 0.214583 0.262500 0.231250 0.279687 0.156250 0.251563 0.004167
5 0.321875 0.020833 0.317188 0.022917 0.326562 0.047917 0.265625 0.272917 0.331250 0.045833 0.342187 0.050000
8 0.290625 0.160417 0.281250 0.160417 0.281250 0.168750 0.279687 0.170833 0.279687 0.177083 0.276562 0.185417 0.276562 0.195833 0.275000 0.197917 0.275000 0.202083 0.278125 0.204167 0.278125 0.202083 0.281250 0.200000 0.279687 0.197917 0.282813 0.195833 0.287500 0.175000 0.290625 0.172917 0.289062 0.168750 0.290625 0.166667
8 0.321875 0.156250 0.306250 0.172917 0.296875 0.170833 0.295312 0.183333 0.307812 0.187500 0.323437 0.212500 0.329688 0.256250 0.337500 0.272917 0.337500 0.260417 0.343750 0.243750 0.337500 0.233333 0.337500 0.216667 0.326562 0.195833 0.326562 0.168750
8 0.507812 0.008333 0.518750 0.204167 0.481250 0.268750 0.464062 0.156250 0.373437 0.302083 0.432812 0.495833 0.781250 0.979167 0.851562 0.983333 0.876563 0.883333 0.998437 0.968750 0.998437 0.000000
8 0.000000 0.000000 0.000000 0.068750 0.215625 0.187500 0.195312 0.106250 0.200000 0.077083 0.215625 0.060417 0.196875 0.004167
9 0.645312 0.808333 0.768750 0.997917 0.998437 0.997917 0.993750 0.964583 0.901563 0.885417 0.851562 0.900000 0.851562 0.985417 0.781250 0.981250
9 0.557813 0.677083 0.623437 0.777083 0.623437 0.764583 0.615625 0.747917 0.614062 0.731250 0.603125 0.706250 0.582812 0.685417 0.578125 0.687500 0.571875 0.677083
9 0.425000 0.439583 0.426563 0.464583 0.443750 0.506250 0.457813 0.516667 0.475000 0.545833 0.473438 0.558333 0.478125 0.562500 0.473438 0.554167 0.476562 0.550000 0.495312 0.564583 0.506250 0.564583 0.517188 0.545833 0.487500 0.502083 0.479687 0.475000 0.445312 0.433333
9 0.000000 0.070833 0.000000 0.368750 0.312500 0.306250 0.356250 0.327083 0.307812 0.189583 0.265625 0.275000 0.281250 0.202083 0.251563 0.233333 0.190625 0.170833
10 0.251563 0.000000 0.281250 0.158333 0.325000 0.047917 0.315625 0.020833 0.342187 0.039583 0.298438 0.168750 0.326562 0.162500 0.351562 0.300000 0.396875 0.275000 0.403125 0.212500 0.459375 0.154167 0.481250 0.266667 0.500000 0.191667 0.517188 0.204167 0.526563 0.087500 0.500000 0.020833 0.525000 0.000000