0 0.807813 0.997917 0.614062 0.670833 0.626563 0.585417 0.542188 0.531250 0.468750 0.533333 0.000000 0.804167 0.000000 0.997917
2 0.792188 0.410417 0.643750 0.370833 0.568750 0.456250 0.548438 0.458333 0.535937 0.497917 0.510938 0.477083 0.493750 0.514583 0.565625 0.522917 0.546875 0.506250 0.556250 0.477083 0.589063 0.489583 0.595313 0.512500 0.571875 0.518750 0.654687 0.514583 0.673438 0.460417 0.685937 0.479167 0.690625 0.460417
3 0.332813 0.164583 0.331250 0.216667 0.323437 0.245833 0.323437 0.270833 0.326562 0.272917 0.348438 0.252083 0.348438 0.239583 0.364063 0.258333 0.373437 0.256250
3 0.015625 0.000000 0.035937 0.068750 0.134375 0.137500 0.168750 0.187500 0.250000 0.235417 0.262500 0.216667 0.271875 0.266667 0.309375 0.268750 0.321875 0.143750 0.235937 0.000000
4 0.409375 0.341667 0.396875 0.477083 0.409375 0.485417 0.431250 0.487500 0.439063 0.400000
4 0.120313 0.179167 0.123438 0.202083 0.139063 0.214583 0.140625 0.225000 0.146875 0.235417 0.165625 0.241667 0.170313 0.235417 0.168750 0.189583 0.156250 0.179167 0.153125 0.166667 0.148438 0.164583 0.146875 0.158333 0.146875 0.164583 0.140625 0.172917 0.131250 0.168750
4 0.323437 0.143750 0.310937 0.268750 0.271875 0.268750 0.265625 0.235417 0.264062 0.272917 0.287500 0.272917 0.300000 0.295833 0.260937 0.281250 0.248438 0.322917 0.300000 0.427083 0.387500 0.475000 0.403125 0.318750 0.378125 0.260417 0.350000 0.241667 0.321875 0.270833
5 0.418750 0.150000 0.406250 0.154167 0.420312 0.204167 0.384375 0.533333 0.428125 0.181250 0.443750 0.175000
8 0.573438 0.483333 0.573438 0.502083 0.571875 0.504167 0.571875 0.512500 0.573438 0.514583 0.584375 0.514583 0.585938 0.512500 0.590625 0.512500 0.592187 0.510417 0.593750 0.512500 0.593750 0.510417 0.590625 0.508333 0.590625 0.504167 0.589063 0.502083 0.589063 0.493750 0.587500 0.489583 0.582812 0.489583 0.579688 0.485417
8 0.556250 0.479167 0.553125 0.485417 0.553125 0.491667 0.550000 0.493750 0.548438 0.506250 0.557813 0.508333 0.567187 0.514583 0.567187 0.510417 0.568750 0.508333 0.568750 0.483333 0.570312 0.479167
8 0.681250 0.462500 0.673438 0.462500 0.671875 0.466667 0.667188 0.468750 0.664062 0.472917 0.662500 0.481250 0.654687 0.493750 0.656250 0.514583 0.660937 0.514583 0.668750 0.522917 0.678125 0.522917
8 0.479687 0.383333 0.467187 0.406250 0.456250 0.404167 0.439063 0.418750 0.434375 0.481250 0.464062 0.506250 0.485938 0.512500 0.493750 0.443750 0.490625 0.514583 0.501563 0.483333 0.510938 0.475000 0.512500 0.450000 0.485938 0.406250 0.487500 0.393750
8 0.742188 0.000000 0.718750 0.247917 0.653125 0.368750 0.610938 0.285417 0.556250 0.418750 0.643750 0.368750 0.793750 0.414583 0.690625 0.462500 0.709375 0.554167 0.603125 0.637500 0.806250 0.995833 0.998437 0.997917 0.998437 0.000000
8 0.000000 0.000000 0.000000 0.468750 0.271875 0.462500 0.298438 0.425000 0.246875 0.320833 0.260937 0.279167 0.298438 0.293750 0.262500 0.272917 0.264062 0.220833 0.246875 0.237500 0.173437 0.187500 0.171875 0.235417 0.146875 0.237500 0.118750 0.193750 0.142187 0.150000 0.035937 0.070833
9 0.498437 0.520833 0.396875 0.479167 0.384375 0.535417 0.387500 0.477083 0.303125 0.429167 0.225000 0.483333 0.001563 0.468750 0.000000 0.802083
10 0.237500 0.000000 0.401562 0.316667 0.404687 0.154167 0.443750 0.162500 0.412500 0.341667 0.440625 0.414583 0.481250 0.381250 0.529687 0.497917 0.609375 0.285417 0.653125 0.366667 0.681250 0.252083 0.717187 0.247917 0.709375 0.108333 0.762500 0.035417 0.740625 0.000000
18 0.575000 0.531250 0.581250 0.552083 0.628125 0.585417 0.645312 0.575000 0.693750 0.568750 0.707812 0.554167 0.700000 0.527083 0.690625 0.539583 0.678125 0.525000 0.650000 0.514583 0.623437 0.520833 0.603125 0.512500 0.585938 0.518750