0 0.851562 0.997917 0.639062 0.700000 0.621875 0.633333 0.650000 0.597917 0.539062 0.531250 0.000000 0.829167 0.000000 0.997917
2 0.832812 0.393750 0.659375 0.354167 0.576562 0.456250 0.554688 0.456250 0.540625 0.500000 0.510938 0.479167 0.500000 0.516667 0.573438 0.529167 0.553125 0.508333 0.565625 0.475000 0.603125 0.483333 0.604688 0.518750 0.634375 0.514583 0.639062 0.470833 0.639062 0.514583 0.709375 0.425000 0.709375 0.458333 0.798438 0.408333 0.814063 0.433333
3 0.432812 0.395833 0.432812 0.408333 0.429688 0.410417 0.425000 0.404167 0.421875 0.404167 0.421875 0.414583 0.425000 0.425000 0.428125 0.422917 0.429688 0.425000 0.432812 0.439583 0.437500 0.445833 0.439063 0.443750 0.439063 0.422917 0.442188 0.420833 0.442188 0.402083 0.437500 0.395833
3 0.406250 0.329167 0.404687 0.329167 0.404687 0.343750 0.403125 0.345833 0.406250 0.372917 0.403125 0.381250 0.404687 0.391667 0.401562 0.393750 0.401562 0.397917 0.406250 0.397917 0.407813 0.393750 0.410938 0.393750 0.410938 0.377083 0.407813 0.370833 0.407813 0.362500 0.415625 0.360417 0.415625 0.347917
3 0.000000 0.000000 0.000000 0.052083 0.110937 0.131250 0.157812 0.231250 0.168750 0.191667 0.187500 0.193750 0.248438 0.264583 0.325000 0.304167 0.354687 0.375000 0.389062 0.383333 0.393750 0.302083 0.229687 0.000000
4 0.401562 0.358333 0.390625 0.483333 0.435937 0.495833 0.439063 0.445833 0.423438 0.425000 0.420312 0.404167 0.431250 0.408333 0.431250 0.395833 0.437500 0.393750 0.417187 0.354167 0.409375 0.362500 0.412500 0.393750 0.401562 0.400000
4 0.039062 0.087500 0.039062 0.162500 0.093750 0.235417 0.101562 0.287500 0.168750 0.312500 0.192188 0.264583 0.192188 0.335417 0.243750 0.350000 0.276562 0.422917 0.381250 0.475000 0.389062 0.385417 0.354687 0.377083 0.325000 0.306250 0.218750 0.229167 0.182812 0.239583 0.165625 0.212500 0.157812 0.233333 0.110937 0.133333
5 0.415625 0.122917 0.396875 0.129167 0.412500 0.156250 0.378125 0.543750 0.415625 0.183333 0.439063 0.147917
8 0.581250 0.479167 0.581250 0.500000 0.579688 0.502083 0.578125 0.516667 0.600000 0.516667 0.603125 0.520833 0.606250 0.489583 0.603125 0.485417 0.601562 0.487500 0.600000 0.485417 0.584375 0.483333
8 0.565625 0.477083 0.562500 0.479167 0.557813 0.489583 0.557813 0.495833 0.554688 0.497917 0.554688 0.508333 0.565625 0.510417 0.573438 0.514583 0.575000 0.512500 0.575000 0.502083 0.576562 0.500000 0.576562 0.477083 0.575000 0.479167 0.571875 0.477083
8 0.689063 0.452083 0.678125 0.458333 0.667188 0.470833 0.667188 0.495833 0.662500 0.502083 0.656250 0.500000 0.656250 0.506250 0.667188 0.508333 0.685937 0.522917 0.700000 0.522917 0.704688 0.456250
8 0.482812 0.385417 0.473438 0.406250 0.443750 0.420833 0.437500 0.495833 0.442188 0.491667 0.490625 0.516667 0.498437 0.443750 0.496875 0.516667 0.501563 0.493750 0.517188 0.477083 0.517188 0.450000 0.507812 0.443750
8 0.620313 0.279167 0.578125 0.339583 0.562500 0.406250 0.573438 0.454167 0.650000 0.360417 0.646875 0.339583
8 0.167187 0.195833 0.167187 0.220833 0.182812 0.237500 0.187500 0.235417 0.187500 0.229167 0.198437 0.229167 0.201563 0.222917 0.206250 0.227083 0.218750 0.227083 0.228125 0.235417 0.228125 0.229167 0.220312 0.218750 0.209375 0.222917 0.204687 0.212500 0.195312 0.210417 0.187500 0.195833 0.181250 0.200000 0.170313 0.193750
8 0.000000 0.054167 0.000000 0.475000 0.175000 0.493750 0.250000 0.466667 0.273438 0.418750 0.259375 0.372917 0.190625 0.335417 0.192188 0.266667 0.168750 0.314583 0.101562 0.289583 0.093750 0.233333 0.037500 0.162500 0.037500 0.085417
8 0.754687 0.000000 0.728125 0.220833 0.662500 0.352083 0.834375 0.397917 0.710938 0.458333 0.729688 0.564583 0.659375 0.583333 0.623437 0.658333 0.853125 0.997917 0.998437 0.997917 0.998437 0.004167
9 0.504687 0.525000 0.390625 0.485417 0.378125 0.545833 0.378125 0.477083 0.275000 0.420833 0.250000 0.468750 0.175000 0.495833 0.000000 0.477083 0.000000 0.827083
10 0.231250 0.000000 0.396875 0.308333 0.395313 0.129167 0.435937 0.133333 0.406250 0.327083 0.443750 0.418750 0.484375 0.383333 0.537500 0.500000 0.584375 0.322917 0.620313 0.277083 0.653125 0.360417 0.693750 0.231250 0.726562 0.220833 0.721875 0.077083 0.753125 0.000000
18 0.584375 0.531250 0.585938 0.550000 0.650000 0.595833 0.662500 0.579167 0.720313 0.575000 0.735938 0.537500 0.732812 0.525000 0.721875 0.520833 0.701562 0.541667 0.700000 0.525000 0.685937 0.525000 0.662500 0.508333 0.590625 0.520833