0 0.751563 0.995833 0.553125 0.662500 0.529687 0.508333 0.479687 0.456250 0.000000 0.535417 0.000000 0.997917
4 0.534375 0.420833 0.539062 0.435417 0.546875 0.439583 0.554688 0.439583 0.556250 0.443750 0.559375 0.443750 0.564063 0.435417 0.570312 0.435417 0.576562 0.439583 0.587500 0.439583 0.579688 0.431250 0.576562 0.431250 0.575000 0.427083 0.567187 0.425000 0.564063 0.420833 0.556250 0.425000
4 0.468750 0.406250 0.464062 0.418750 0.475000 0.454167 0.500000 0.470833 0.515625 0.472917 0.523438 0.466667 0.514062 0.460417 0.512500 0.447917 0.506250 0.456250 0.485938 0.439583 0.490625 0.427083 0.496875 0.427083 0.506250 0.404167 0.485938 0.435417 0.471875 0.433333
4 0.207813 0.000000 0.212500 0.027083 0.262500 0.052083 0.281250 0.081250 0.292187 0.225000 0.323437 0.318750 0.390625 0.375000 0.407813 0.308333 0.356250 0.077083 0.325000 0.000000
5 0.431250 0.139583 0.426563 0.145833 0.435937 0.164583 0.406250 0.272917 0.404687 0.300000 0.435937 0.170833 0.442188 0.162500 0.451562 0.162500 0.450000 0.154167
8 0.406250 0.318750 0.404687 0.339583 0.415625 0.350000 0.432812 0.329167 0.443750 0.333333 0.453125 0.368750 0.453125 0.391667 0.464062 0.404167 0.460938 0.414583 0.465625 0.414583 0.467187 0.375000 0.457813 0.341667 0.450000 0.331250 0.448437 0.304167 0.445312 0.302083 0.434375 0.316667 0.418750 0.310417
8 0.653125 0.000000 0.651563 0.297917 0.603125 0.381250 0.582812 0.270833 0.492188 0.439583 0.579688 0.489583 0.518750 0.533333 0.554688 0.662500 0.753125 0.997917 0.998437 0.997917 0.998437 0.000000
8 0.000000 0.000000 0.003125 0.168750 0.285938 0.329167 0.321875 0.318750 0.290625 0.225000 0.279687 0.081250 0.262500 0.054167 0.212500 0.029167 0.206250 0.000000
9 0.000000 0.166667 0.000000 0.533333 0.414062 0.439583 0.470313 0.450000 0.440625 0.331250 0.403125 0.337500 0.378125 0.406250 0.379688 0.377083 0.323437 0.320833 0.285938 0.331250
10 0.326562 0.000000 0.401562 0.283333 0.425000 0.141667 0.453125 0.158333 0.406250 0.304167 0.450000 0.304167 0.475000 0.429167 0.517188 0.400000 0.521875 0.333333 0.576562 0.268750 0.603125 0.379167 0.623437 0.285417 0.650000 0.297917 0.662500 0.135417 0.629687 0.095833 0.651563 0.000000
18 0.520312 0.470833 0.520312 0.489583 0.528125 0.502083 0.532813 0.502083 0.539062 0.495833 0.548438 0.495833 0.559375 0.502083 0.560937 0.506250 0.562500 0.502083 0.573438 0.502083 0.578125 0.495833 0.578125 0.489583 0.568750 0.475000 0.559375 0.475000 0.553125 0.468750 0.539062 0.468750 0.535937 0.472917 0.532813 0.468750