0 0.034375 0.995833 0.992188 0.997917 0.793750 0.754167 0.831250 0.679167 0.509375 0.533333
1 0.914062 0.643750 0.914062 0.700000 0.917188 0.706250 0.931250 0.695833 0.950000 0.695833 0.978125 0.685417 0.978125 0.681250 0.971875 0.677083 0.937500 0.668750 0.931250 0.645833 0.920312 0.641667
1 0.564063 0.541667 0.831250 0.677083 0.789062 0.737500 0.904687 0.710417 0.896875 0.643750 0.859375 0.627083 0.837500 0.656250 0.714063 0.612500 0.692187 0.581250 0.679688 0.597917
2 0.775000 0.477083 0.771875 0.479167 0.770312 0.487500 0.753125 0.487500 0.739062 0.491667 0.718750 0.487500 0.734375 0.497917 0.750000 0.502083 0.751563 0.506250 0.762500 0.506250 0.764062 0.497917 0.768750 0.491667 0.775000 0.491667
2 0.682813 0.454167 0.682813 0.485417 0.681250 0.487500 0.682813 0.497917 0.693750 0.495833 0.695312 0.510417 0.698438 0.510417 0.704688 0.518750 0.707812 0.489583 0.704688 0.485417 0.692187 0.483333 0.689063 0.479167 0.685937 0.454167
2 0.998437 0.362500 0.971875 0.377083 0.967187 0.389583 0.940625 0.395833 0.918750 0.422917 0.917188 0.435417 0.909375 0.435417 0.909375 0.495833 0.950000 0.497917 0.967187 0.537500 0.973437 0.537500 0.981250 0.512500 0.990625 0.514583 0.987500 0.527083 0.998437 0.529167
2 0.998437 0.135417 0.781250 0.150000 0.484375 0.518750 0.554688 0.529167 0.532813 0.502083 0.551562 0.456250 0.621875 0.497917 0.618750 0.452083 0.678125 0.397917 0.685937 0.447917 0.754687 0.383333 0.773438 0.420833 0.892188 0.300000 0.895312 0.189583 0.904687 0.285417 0.996875 0.241667
3 0.218750 0.129167 0.212500 0.495833 0.264062 0.506250 0.275000 0.481250 0.295312 0.483333 0.315625 0.447917 0.328125 0.456250 0.343750 0.437500 0.365625 0.435417 0.403125 0.472917 0.403125 0.408333
3 0.000000 0.000000 0.000000 0.447917 0.187500 0.493750 0.204687 0.100000 0.143750 0.000000
4 0.407813 0.483333 0.395313 0.460417 0.378125 0.456250 0.365625 0.437500 0.359375 0.443750 0.343750 0.439583 0.328125 0.458333 0.315625 0.450000 0.310937 0.470833 0.295312 0.485417 0.275000 0.483333 0.265625 0.506250 0.404687 0.520833
5 0.895312 0.191667 0.901563 0.706250 0.912500 0.710417
5 0.223438 0.000000 0.209375 0.000000 0.184375 0.685417 0.201563 0.685417
8 0.571875 0.466667 0.570312 0.506250 0.578125 0.506250 0.579688 0.508333 0.587500 0.506250 0.587500 0.466667
8 0.565625 0.462500 0.556250 0.462500 0.551562 0.458333 0.546875 0.464583 0.543750 0.475000 0.545312 0.485417 0.537500 0.489583 0.537500 0.495833 0.534375 0.500000 0.537500 0.506250 0.565625 0.506250 0.567187 0.500000 0.567187 0.466667
8 0.676562 0.431250 0.662500 0.431250 0.645312 0.447917 0.625000 0.447917 0.620313 0.452083 0.620313 0.491667 0.623437 0.495833 0.657813 0.493750 0.670312 0.475000 0.670312 0.466667 0.664062 0.466667 0.662500 0.458333 0.670312 0.452083 0.671875 0.445833 0.676562 0.452083
8 0.453125 0.385417 0.443750 0.414583 0.407813 0.450000 0.406250 0.520833 0.470313 0.529167 0.473438 0.439583 0.475000 0.529167 0.489063 0.531250 0.481250 0.508333 0.493750 0.477083 0.493750 0.450000 0.465625 0.418750
8 0.892188 0.302083 0.801562 0.368750 0.773438 0.422917 0.767188 0.383333 0.709375 0.406250 0.685937 0.450000 0.682813 0.437500 0.690625 0.479167 0.751563 0.487500 0.775000 0.475000 0.778125 0.493750 0.843750 0.479167 0.853125 0.493750 0.854688 0.456250 0.895312 0.443750
8 0.998437 0.241667 0.904687 0.287500 0.909375 0.433333 0.917188 0.433333 0.917188 0.422917 0.940625 0.393750 0.967187 0.387500 0.971875 0.375000 0.998437 0.360417
8 0.709375 0.225000 0.667188 0.250000 0.648438 0.277083 0.645312 0.310417 0.603125 0.229167 0.592187 0.229167 0.560937 0.289583 0.542188 0.391667 0.557813 0.425000 0.548438 0.447917 0.645312 0.337500
8 0.735938 0.056250 0.768750 0.127083 0.742188 0.147917 0.760938 0.168750 0.815625 0.131250 0.998437 0.133333 0.998437 0.000000 0.776563 0.000000 0.784375 0.052083
9 0.790625 0.739583 0.998437 0.997917 0.998437 0.685417
9 0.579688 0.539583 0.579688 0.527083 0.571875 0.531250 0.570312 0.529167 0.510938 0.533333 0.540625 0.533333 0.545312 0.539583
9 0.000000 0.997917 0.032813 0.997917 0.485938 0.533333 0.212500 0.497917 0.206250 0.679167 0.184375 0.687500 0.185938 0.493750 0.000000 0.450000
10 0.218750 0.110417 0.407813 0.447917 0.453125 0.383333 0.523438 0.495833 0.590625 0.229167 0.645312 0.308333 0.759375 0.170833 0.735938 0.050000 0.785937 0.045833 0.775000 0.000000 0.225000 0.000000
10 0.145313 0.000000 0.156250 0.010417 0.162500 0.035417 0.203125 0.095833 0.207813 0.000000
18 0.909375 0.497917 0.914062 0.639583 0.931250 0.643750 0.937500 0.666667 0.998437 0.683333 0.998437 0.531250 0.987500 0.529167 0.989062 0.514583 0.981250 0.514583 0.975000 0.537500 0.967187 0.539583 0.950000 0.500000
18 0.898438 0.641667 0.895312 0.445833 0.851562 0.462500 0.850000 0.514583 0.843750 0.481250 0.762500 0.508333 0.706250 0.481250 0.704688 0.520833 0.664062 0.485417 0.593750 0.500000 0.581250 0.529167 0.776563 0.641667 0.837500 0.654167 0.859375 0.625000