0 0.000000 0.733333 0.000000 0.997917 0.998437 0.997917 0.971875 0.816667 0.860938 0.743750 0.789062 0.772917 0.746875 0.677083 0.695312 0.687500 0.664062 0.620833 0.648438 0.652083 0.595313 0.572917 0.442188 0.504167
1 0.509375 0.560417 0.515625 0.568750 0.526563 0.572917 0.551562 0.570833 0.567187 0.577083 0.593750 0.579167 0.593750 0.572917 0.560937 0.570833 0.557813 0.566667
2 0.504687 0.414583 0.487500 0.412500 0.479687 0.427083 0.478125 0.460417 0.471875 0.460417 0.470313 0.466667 0.459375 0.460417 0.454688 0.441667 0.437500 0.441667 0.428125 0.466667 0.420312 0.470833 0.421875 0.495833 0.443750 0.502083 0.467187 0.491667 0.470313 0.483333 0.490625 0.481250 0.485938 0.468750 0.490625 0.447917 0.504687 0.425000
2 0.998437 0.000000 0.773438 0.006250 0.546875 0.354167 0.537500 0.402083 0.600000 0.414583 0.568750 0.481250 0.598437 0.485417 0.610938 0.418750 0.656250 0.422917 0.664062 0.341667 0.665625 0.408333 0.998437 0.258333
3 0.717187 0.504167 0.717187 0.506250 0.740625 0.516667 0.768750 0.518750 0.759375 0.508333 0.743750 0.508333 0.742188 0.504167 0.729688 0.504167 0.728125 0.502083
3 0.000000 0.000000 0.000000 0.441667 0.181250 0.464583 0.212500 0.372917 0.240625 0.433333 0.220312 0.472917 0.265625 0.475000 0.281250 0.289583 0.064062 0.000000
4 0.692187 0.504167 0.693750 0.508333 0.707812 0.510417 0.710938 0.514583 0.709375 0.522917 0.706250 0.525000 0.709375 0.529167 0.717187 0.529167 0.718750 0.527083 0.717187 0.520833 0.720313 0.516667 0.725000 0.518750 0.739062 0.516667 0.717187 0.508333 0.715625 0.504167 0.718750 0.502083 0.715625 0.500000 0.695312 0.497917 0.695312 0.502083
4 0.550000 0.531250 0.562500 0.535417 0.565625 0.560417 0.576562 0.535417 0.584375 0.545833 0.592187 0.531250 0.596875 0.543750 0.607812 0.522917 0.626563 0.522917 0.626563 0.506250 0.653125 0.502083 0.653125 0.493750 0.571875 0.483333 0.553125 0.487500
4 0.451562 0.502083 0.501563 0.512500 0.506250 0.516667 0.503125 0.529167 0.507812 0.539583 0.512500 0.531250 0.545312 0.531250 0.548438 0.487500 0.475000 0.483333
5 0.382812 0.322917 0.389062 0.335417 0.378125 0.506250 0.389062 0.337500 0.396875 0.329167
8 0.812500 0.552083 0.812500 0.554167 0.814063 0.554167 0.817187 0.560417 0.817187 0.564583 0.815625 0.566667 0.815625 0.575000 0.818750 0.577083 0.823438 0.577083 0.825000 0.579167 0.831250 0.579167 0.832812 0.577083 0.832812 0.566667 0.831250 0.562500 0.829688 0.562500 0.820312 0.552083
8 0.610938 0.431250 0.600000 0.485417 0.617188 0.487500 0.618750 0.491667 0.651563 0.491667 0.654687 0.425000 0.648438 0.425000 0.645312 0.431250 0.642188 0.425000 0.625000 0.425000 0.618750 0.433333
8 0.559375 0.406250 0.554688 0.485417 0.567187 0.481250 0.570312 0.450000 0.571875 0.466667 0.575000 0.460417 0.571875 0.454167 0.573438 0.427083 0.579688 0.422917 0.576562 0.412500 0.571875 0.418750 0.570312 0.410417
8 0.212500 0.375000 0.203125 0.383333 0.198437 0.402083 0.201563 0.410417 0.196875 0.420833 0.200000 0.445833 0.179688 0.466667 0.215625 0.475000 0.231250 0.458333 0.239063 0.437500 0.237500 0.431250 0.229687 0.433333 0.221875 0.422917 0.223438 0.389583
8 0.525000 0.341667 0.518750 0.345833 0.517188 0.366667 0.510938 0.356250 0.514062 0.383333 0.503125 0.383333 0.506250 0.425000 0.492188 0.447917 0.487500 0.472917 0.492188 0.481250 0.548438 0.485417 0.553125 0.404167 0.532813 0.397917 0.534375 0.347917
8 0.398438 0.329167 0.390625 0.337500 0.382812 0.495833 0.415625 0.502083 0.420312 0.495833 0.418750 0.470833 0.426563 0.466667 0.442188 0.435417 0.443750 0.404167 0.435937 0.404167 0.428125 0.377083 0.400000 0.345833
8 0.393750 0.306250 0.382812 0.302083 0.373437 0.350000 0.362500 0.335417 0.367188 0.360417 0.345313 0.362500 0.326562 0.410417 0.295312 0.331250 0.279687 0.322917 0.275000 0.412500 0.326562 0.418750 0.289062 0.437500 0.281250 0.475000 0.376563 0.495833 0.381250 0.322917 0.396875 0.325000
8 0.998437 0.260417 0.817187 0.364583 0.748437 0.360417 0.664062 0.410417 0.664062 0.439583 0.698438 0.435417 0.662500 0.447917 0.659375 0.491667 0.759375 0.506250 0.845313 0.560417 0.918750 0.529167 0.998437 0.575000
8 0.650000 0.000000 0.607812 0.002083 0.546875 0.102083 0.543750 0.164583 0.526563 0.181250 0.514062 0.256250 0.518750 0.295833 0.545312 0.335417 0.614062 0.270833 0.709375 0.106250 0.703125 0.081250 0.682813 0.083333
9 0.934375 0.743750 0.935937 0.750000 0.939063 0.752083 0.940625 0.756250 0.945312 0.758333 0.953125 0.766667 0.965625 0.768750 0.967187 0.770833 0.971875 0.768750 0.973437 0.752083 0.970313 0.747917 0.970313 0.743750 0.964063 0.743750 0.959375 0.739583 0.951562 0.739583 0.950000 0.741667 0.939063 0.739583
9 0.903125 0.558333 0.893750 0.562500 0.892188 0.566667 0.889062 0.566667 0.887500 0.577083 0.882812 0.579167 0.879687 0.583333 0.878125 0.591667 0.881250 0.593750 0.881250 0.600000 0.887500 0.600000 0.889062 0.602083 0.901563 0.575000 0.901563 0.570833 0.904687 0.564583
9 0.565625 0.562500 0.567187 0.568750 0.595313 0.570833 0.595313 0.564583 0.593750 0.562500 0.595313 0.560417 0.595313 0.556250 0.590625 0.552083 0.584375 0.552083 0.582812 0.550000 0.578125 0.554167 0.573438 0.547917 0.571875 0.547917 0.567187 0.556250 0.567187 0.560417
9 0.500000 0.547917 0.501563 0.554167 0.504687 0.554167 0.506250 0.558333 0.557813 0.564583 0.560937 0.568750 0.562500 0.564583 0.562500 0.541667 0.557813 0.533333 0.521875 0.533333 0.503125 0.541667
9 0.737500 0.518750 0.739062 0.527083 0.751563 0.529167 0.753125 0.531250 0.753125 0.539583 0.760938 0.539583 0.762500 0.543750 0.779687 0.543750 0.778125 0.537500 0.779687 0.529167 0.773438 0.520833
9 0.443750 0.504167 0.453125 0.514583 0.468750 0.522917 0.489063 0.529167 0.504687 0.527083 0.504687 0.516667 0.501563 0.514583 0.493750 0.514583 0.481250 0.508333 0.468750 0.508333 0.467187 0.504167 0.450000 0.502083
9 0.412500 0.504167 0.281250 0.477083 0.289062 0.435417 0.325000 0.422917 0.273438 0.416667 0.265625 0.477083 0.000000 0.443750 0.000000 0.731250
10 0.696875 0.427083 0.693750 0.425000 0.687500 0.425000 0.684375 0.431250 0.684375 0.435417 0.681250 0.439583 0.671875 0.437500 0.670312 0.435417 0.664062 0.441667 0.664062 0.445833 0.671875 0.452083 0.676562 0.452083 0.679688 0.443750 0.692187 0.443750 0.693750 0.437500 0.696875 0.435417
10 0.578125 0.408333 0.576562 0.410417 0.581250 0.418750 0.581250 0.422917 0.584375 0.422917 0.585938 0.429167 0.589063 0.429167 0.593750 0.435417 0.595313 0.443750 0.590625 0.445833 0.585938 0.437500 0.585938 0.447917 0.589063 0.447917 0.592187 0.452083 0.592187 0.458333 0.595313 0.458333 0.598437 0.443750 0.598437 0.414583
10 0.651563 0.000000 0.671875 0.058333 0.678125 0.054167 0.682813 0.060417 0.684375 0.083333 0.689063 0.089583 0.703125 0.079167 0.710938 0.102083 0.778125 0.002083
10 0.065625 0.000000 0.282813 0.289583 0.323437 0.408333 0.387500 0.297917 0.470313 0.464583 0.509375 0.356250 0.534375 0.345833 0.534375 0.385417 0.556250 0.337500 0.514062 0.287500 0.521875 0.191667 0.614062 0.000000
18 0.653125 0.504167 0.626563 0.508333 0.626563 0.525000 0.610938 0.522917 0.598437 0.541667 0.596875 0.575000 0.617188 0.616667 0.634375 0.620833 0.645312 0.612500
18 0.659375 0.502083 0.654687 0.610417 0.687500 0.679167 0.743750 0.668750 0.773438 0.756250 0.834375 0.772917 0.868750 0.729167 0.998437 0.845833 0.996875 0.575000 0.918750 0.531250 0.845313 0.562500 0.806250 0.531250 0.762500 0.545833 0.735938 0.518750 0.706250 0.529167 0.689063 0.493750