0 0.000000 0.816667 0.000000 0.997917 0.831250 0.997917 0.728125 0.835417 0.909375 0.827083 0.818750 0.702083 0.765625 0.731250 0.584375 0.616667 0.554688 0.650000 0.407813 0.512500
1 0.729688 0.835417 0.740625 0.860417 0.759375 0.877083 0.771875 0.897917 0.779687 0.897917 0.792188 0.914583 0.801562 0.918750 0.809375 0.904167 0.803125 0.895833 0.807813 0.887500 0.803125 0.879167 0.806250 0.877083 0.803125 0.837500 0.768750 0.841667 0.742188 0.827083
1 0.464062 0.537500 0.554688 0.647917 0.584375 0.614583 0.765625 0.729167 0.818750 0.700000 0.890625 0.760417 0.910937 0.825000 0.942187 0.835417 0.887500 0.712500 0.821875 0.677083 0.746875 0.697917 0.728125 0.643750 0.685937 0.666667 0.517188 0.539583
2 0.532813 0.479167 0.510938 0.479167 0.510938 0.481250 0.507812 0.483333 0.507812 0.487500 0.504687 0.491667 0.501563 0.491667 0.501563 0.508333 0.503125 0.510417 0.510938 0.508333 0.520312 0.512500 0.520312 0.508333 0.523438 0.506250 0.525000 0.502083 0.532813 0.497917
2 0.490625 0.485417 0.445312 0.481250 0.446875 0.460417 0.462500 0.425000 0.450000 0.416667 0.437500 0.439583 0.435937 0.468750 0.423438 0.472917 0.414062 0.452083 0.398438 0.452083 0.382812 0.483333 0.390625 0.500000 0.403125 0.506250 0.415625 0.502083 0.412500 0.493750 0.420312 0.487500 0.426563 0.508333 0.490625 0.512500
2 0.998437 0.000000 0.737500 0.002083 0.473438 0.418750 0.535937 0.429167 0.551562 0.483333 0.556250 0.425000 0.615625 0.393750 0.618750 0.339583 0.623437 0.393750 0.695312 0.339583 0.756250 0.341667 0.993750 0.183333
3 0.000000 0.025000 0.000000 0.497917 0.209375 0.506250 0.235937 0.431250 0.245312 0.502083 0.267188 0.502083 0.271875 0.354167
8 0.803125 0.527083 0.803125 0.535417 0.817187 0.543750 0.823438 0.552083 0.823438 0.554167 0.826562 0.552083 0.834375 0.552083 0.834375 0.545833 0.837500 0.543750 0.837500 0.539583 0.835938 0.539583 0.834375 0.535417 0.828125 0.535417 0.826562 0.531250 0.820312 0.531250 0.817187 0.527083
8 0.234375 0.433333 0.229687 0.439583 0.229687 0.460417 0.226562 0.466667 0.225000 0.495833 0.220312 0.502083 0.231250 0.502083 0.232813 0.506250 0.242188 0.506250 0.243750 0.500000 0.246875 0.497917 0.246875 0.485417 0.240625 0.477083 0.242188 0.439583
8 0.532813 0.431250 0.503125 0.429167 0.500000 0.489583 0.496875 0.429167 0.493750 0.483333 0.500000 0.493750 0.500000 0.510417 0.500000 0.491667 0.510938 0.477083 0.532813 0.477083
8 0.615625 0.395833 0.562500 0.416667 0.557813 0.425000 0.557813 0.450000 0.548438 0.466667 0.554688 0.481250 0.598437 0.487500 0.600000 0.491667 0.612500 0.485417
8 0.271875 0.420833 0.271875 0.443750 0.300000 0.441667 0.284375 0.466667 0.284375 0.506250 0.359375 0.512500 0.364063 0.387500 0.364063 0.512500 0.425000 0.508333 0.420312 0.489583 0.403125 0.508333 0.381250 0.487500 0.403125 0.418750 0.365625 0.381250 0.350000 0.333333 0.339062 0.375000 0.307812 0.393750 0.298438 0.433333
8 0.998437 0.181250 0.756250 0.343750 0.643750 0.375000 0.621875 0.483333 0.709375 0.487500 0.723437 0.447917 0.775000 0.479167 0.787500 0.527083 0.865625 0.487500 0.846875 0.533333 0.887500 0.631250 0.904687 0.593750 0.871875 0.560417 0.998437 0.497917 0.981250 0.420833
8 0.631250 0.164583 0.593750 0.212500 0.540625 0.104167 0.526563 0.108333 0.476562 0.202083 0.457813 0.320833 0.470313 0.381250 0.446875 0.481250 0.490625 0.483333 0.490625 0.427083 0.471875 0.418750 0.482812 0.375000 0.567187 0.285417
9 0.773438 0.900000 0.832812 0.997917 0.998437 0.997917 0.998437 0.870833 0.967187 0.862500 0.939063 0.833333 0.910937 0.827083 0.879687 0.852083 0.810937 0.837500 0.803125 0.918750
9 0.401562 0.510417 0.457813 0.522917 0.460938 0.535417 0.517188 0.537500 0.518750 0.512500 0.510938 0.510417 0.492188 0.516667 0.471875 0.510417
9 0.382812 0.514583 0.284375 0.508333 0.298438 0.452083 0.285938 0.445833 0.254688 0.508333 0.000000 0.500000 0.000000 0.814583
10 0.000000 0.012500 0.273438 0.354167 0.279687 0.427083 0.350000 0.331250 0.429688 0.470833 0.468750 0.381250 0.475000 0.202083 0.525000 0.108333 0.595313 0.210417 0.739062 0.000000
18 0.539062 0.485417 0.535937 0.545833 0.531250 0.500000 0.518750 0.518750 0.521875 0.550000 0.534375 0.550000 0.564063 0.581250 0.587500 0.583333 0.596875 0.602083 0.614062 0.612500 0.614062 0.485417 0.603125 0.493750 0.553125 0.479167
18 0.621875 0.485417 0.621875 0.618750 0.685937 0.664583 0.728125 0.641667 0.746875 0.695833 0.829688 0.670833 0.903125 0.722917 0.943750 0.835417 0.998437 0.868750 0.998437 0.500000 0.873437 0.560417 0.906250 0.593750 0.882812 0.652083 0.845313 0.533333 0.865625 0.489583 0.787500 0.529167 0.775000 0.481250 0.723437 0.450000 0.710938 0.489583