0 0.000000 0.852083 0.000000 0.997917 0.871875 0.997917 0.720313 0.804167 0.803125 0.756250 0.756250 0.687500 0.420312 0.516667
1 0.956250 0.733333 0.956250 0.741667 0.954688 0.743750 0.953125 0.741667 0.956250 0.766667 0.978125 0.768750 0.998437 0.777083 0.998437 0.754167 0.989062 0.747917 0.982812 0.747917 0.981250 0.743750 0.971875 0.743750 0.970313 0.739583 0.964063 0.739583
1 0.475000 0.537500 0.717187 0.683333 0.743750 0.675000 0.806250 0.756250 0.934375 0.766667 0.931250 0.733333 0.903125 0.722917 0.860938 0.760417 0.828125 0.754167 0.782813 0.645833 0.707812 0.664583 0.693750 0.627083 0.659375 0.639583 0.525000 0.539583
2 0.951562 0.581250 0.954688 0.731250 0.976562 0.741667 0.998437 0.741667 0.998437 0.660417 0.992188 0.664583 0.979688 0.656250 0.964063 0.675000 0.954688 0.672917 0.959375 0.625000 0.954688 0.622917
2 0.929688 0.504167 0.921875 0.525000 0.917188 0.583333 0.910937 0.579167 0.910937 0.566667 0.896875 0.570833 0.882812 0.545833 0.889062 0.575000 0.904687 0.612500 0.910937 0.612500 0.918750 0.600000 0.918750 0.579167 0.931250 0.575000
2 0.512500 0.493750 0.512500 0.514583 0.514062 0.512500 0.528125 0.512500 0.529687 0.516667 0.529687 0.514583 0.531250 0.512500 0.534375 0.512500 0.537500 0.506250 0.537500 0.489583 0.535937 0.491667 0.521875 0.491667 0.520312 0.489583 0.517188 0.497917
2 0.476562 0.427083 0.456250 0.427083 0.451562 0.466667 0.443750 0.477083 0.432812 0.475000 0.426563 0.456250 0.414062 0.456250 0.398438 0.487500 0.403125 0.514583 0.471875 0.512500 0.473438 0.502083 0.476562 0.514583 0.500000 0.516667 0.500000 0.493750 0.464062 0.489583 0.454688 0.481250 0.467187 0.462500 0.467187 0.445833
2 0.293750 0.420833 0.290625 0.437500 0.292187 0.466667 0.292187 0.454167 0.293750 0.452083 0.307812 0.452083 0.317188 0.447917 0.314063 0.443750 0.314063 0.439583 0.301563 0.437500 0.300000 0.435417 0.295312 0.437500 0.293750 0.435417
2 0.998437 0.000000 0.787500 0.000000 0.487500 0.429167 0.595313 0.491667 0.557813 0.466667 0.589063 0.414583 0.604688 0.439583 0.614062 0.362500 0.614062 0.439583 0.700000 0.362500 0.712500 0.454167 0.717187 0.375000 0.929688 0.231250 0.932813 0.108333 0.946875 0.220833 0.998437 0.197917
3 0.000000 0.000000 0.000000 0.487500 0.243750 0.506250 0.262500 0.439583 0.268750 0.506250 0.285938 0.506250 0.293750 0.362500
5 0.615625 0.360417 0.609375 0.381250 0.607812 0.608333
5 0.939063 0.108333 0.935937 0.820833 0.953125 0.839583
8 0.262500 0.441667 0.257812 0.443750 0.254688 0.452083 0.256250 0.466667 0.253125 0.468750 0.251563 0.487500 0.253125 0.491667 0.251563 0.497917 0.245312 0.506250 0.267188 0.508333 0.270313 0.500000 0.264062 0.462500 0.265625 0.447917
8 0.512500 0.435417 0.512500 0.491667 0.517188 0.495833 0.517188 0.491667 0.520312 0.487500 0.521875 0.489583 0.535937 0.489583 0.537500 0.487500 0.537500 0.437500
8 0.607812 0.414583 0.604688 0.441667 0.601562 0.414583 0.600000 0.418750 0.589063 0.416667 0.575000 0.431250 0.571875 0.439583 0.578125 0.452083 0.576562 0.462500 0.571875 0.464583 0.568750 0.445833 0.564063 0.466667 0.560937 0.456250 0.559375 0.477083 0.573438 0.485417 0.584375 0.481250 0.603125 0.491667 0.607812 0.472917
8 0.384375 0.385417 0.381250 0.516667 0.400000 0.516667 0.403125 0.504167 0.396875 0.495833 0.396875 0.487500 0.403125 0.481250 0.415625 0.450000 0.415625 0.425000 0.407813 0.422917 0.403125 0.404167
8 0.367188 0.343750 0.360938 0.345833 0.353125 0.381250 0.345313 0.377083 0.339062 0.397917 0.326562 0.400000 0.315625 0.420833 0.318750 0.447917 0.309375 0.452083 0.300000 0.485417 0.292187 0.472917 0.292187 0.506250 0.376563 0.516667 0.378125 0.379167
8 0.929688 0.233333 0.717187 0.377083 0.712500 0.456250 0.704688 0.366667 0.653125 0.379167 0.615625 0.414583 0.614062 0.477083 0.660937 0.460417 0.667188 0.487500 0.696875 0.483333 0.685937 0.462500 0.712500 0.456250 0.740625 0.485417 0.740625 0.527083 0.800000 0.489583 0.817187 0.516667 0.873437 0.495833 0.917188 0.581250
8 0.998437 0.200000 0.945312 0.231250 0.950000 0.502083 0.981250 0.504167 0.971875 0.520833 0.981250 0.552083 0.998437 0.541667
8 0.654687 0.168750 0.596875 0.222917 0.548438 0.125000 0.487500 0.227083 0.471875 0.331250 0.482812 0.391667 0.475000 0.383333 0.478125 0.429167 0.456250 0.481250 0.501563 0.491667 0.490625 0.391667 0.571875 0.304167
9 0.725000 0.785417 0.726562 0.816667 0.870313 0.995833 0.998437 0.997917 0.996875 0.777083 0.956250 0.768750 0.953125 0.841667 0.937500 0.833333 0.932813 0.768750 0.807813 0.754167 0.745313 0.762500
9 0.931250 0.687500 0.925000 0.685417 0.907813 0.708333 0.900000 0.714583 0.896875 0.720833 0.903125 0.720833 0.906250 0.725000 0.923438 0.727083 0.925000 0.731250 0.934375 0.729167 0.931250 0.710417
9 0.421875 0.516667 0.442188 0.522917 0.467187 0.522917 0.471875 0.527083 0.471875 0.535417 0.525000 0.537500 0.528125 0.514583 0.514062 0.514583 0.510938 0.527083 0.509375 0.518750 0.475000 0.514583
9 0.000000 0.850000 0.395313 0.518750 0.000000 0.489583
10 0.014063 0.000000 0.295312 0.362500 0.295312 0.435417 0.367188 0.341667 0.435937 0.475000 0.535937 0.129167 0.603125 0.220833 0.785937 0.002083
18 0.967187 0.500000 0.950000 0.504167 0.950000 0.568750 0.964063 0.606250 0.956250 0.662500 0.959375 0.675000 0.979688 0.654167 0.992188 0.662500 0.998437 0.658333 0.995313 0.577083 0.973437 0.537500 0.970313 0.520833 0.981250 0.512500 0.979688 0.504167
18 0.546875 0.487500 0.542188 0.533333 0.537500 0.508333 0.528125 0.522917 0.526563 0.543750 0.570312 0.579167 0.587500 0.581250 0.606250 0.602083 0.606250 0.497917 0.590625 0.489583 0.560937 0.497917
18 0.612500 0.487500 0.612500 0.606250 0.667188 0.639583 0.693750 0.625000 0.707812 0.662500 0.782813 0.643750 0.831250 0.754167 0.864062 0.756250 0.931250 0.679167 0.931250 0.577083 0.900000 0.608333 0.878125 0.500000 0.817187 0.518750 0.800000 0.491667 0.740625 0.529167 0.739062 0.485417 0.712500 0.458333 0.687500 0.462500 0.698438 0.483333 0.684375 0.495833 0.660937 0.462500