0 0.000000 0.741667 0.000000 0.997917 0.998437 0.997917 0.998437 0.829167 0.890625 0.860417 0.829688 0.735417 0.740625 0.725000 0.446875 0.504167
1 0.526563 0.570833 0.545312 0.591667 0.607812 0.585417 0.632812 0.635417 0.740625 0.722917 0.821875 0.727083 0.865625 0.827083 0.843750 0.739583 0.806250 0.702083 0.740625 0.720833 0.707812 0.635417 0.690625 0.633333 0.681250 0.679167 0.681250 0.622917 0.654687 0.639583 0.615625 0.583333
2 0.512500 0.416667 0.492188 0.416667 0.478125 0.466667 0.467187 0.464583 0.462500 0.445833 0.446875 0.441667 0.423438 0.479167 0.428125 0.485417 0.426563 0.502083 0.473438 0.502083 0.476562 0.485417 0.514062 0.485417 0.493750 0.477083 0.496875 0.450000
2 0.998437 0.000000 0.787500 0.000000 0.546875 0.395833 0.587500 0.404167 0.582812 0.481250 0.609375 0.487500 0.592187 0.402083 0.614062 0.472917 0.625000 0.414583 0.659375 0.414583 0.662500 0.475000 0.698438 0.314583 0.700000 0.397917 0.793750 0.345833 0.848437 0.383333 0.998437 0.277083
3 0.000000 0.000000 0.000000 0.452083 0.170313 0.466667 0.207813 0.366667 0.223438 0.422917 0.245312 0.427083 0.225000 0.472917 0.267188 0.475000 0.281250 0.285417 0.064062 0.000000
4 0.476562 0.508333 0.514062 0.508333 0.515625 0.550000 0.557813 0.539583 0.560937 0.512500 0.562500 0.537500 0.578125 0.541667 0.578125 0.564583 0.600000 0.525000 0.620313 0.525000 0.617188 0.552083 0.628125 0.529167 0.654687 0.529167 0.646875 0.510417 0.671875 0.516667 0.679688 0.506250 0.684375 0.516667 0.689063 0.506250 0.582812 0.483333 0.482812 0.485417
5 0.387500 0.320833 0.390625 0.375000 0.382812 0.508333 0.395313 0.329167 0.400000 0.325000
5 0.700000 0.316667 0.681250 0.677083 0.687500 0.668750
8 0.692187 0.406250 0.667188 0.429167 0.662500 0.477083 0.662500 0.420833 0.642188 0.414583 0.623437 0.418750 0.625000 0.441667 0.628125 0.431250 0.631250 0.439583 0.614062 0.475000 0.612500 0.414583 0.600000 0.429167 0.610938 0.456250 0.610938 0.487500 0.687500 0.500000
8 0.571875 0.404167 0.565625 0.487500 0.579688 0.487500 0.585938 0.410417 0.579688 0.404167
8 0.207813 0.368750 0.193750 0.383333 0.187500 0.450000 0.167187 0.468750 0.173437 0.472917 0.226562 0.475000 0.223438 0.472917 0.231250 0.466667 0.234375 0.445833 0.243750 0.429167 0.226562 0.429167 0.221875 0.422917 0.223438 0.391667
8 0.532813 0.339583 0.526563 0.345833 0.525000 0.364583 0.518750 0.354167 0.521875 0.381250 0.510938 0.383333 0.514062 0.422917 0.498437 0.450000 0.495312 0.477083 0.560937 0.485417 0.567187 0.402083 0.545312 0.395833 0.545312 0.381250 0.537500 0.377083 0.542188 0.347917
8 0.392188 0.297917 0.379688 0.350000 0.368750 0.333333 0.373437 0.358333 0.350000 0.362500 0.332813 0.410417 0.281250 0.312500 0.276562 0.412500 0.335938 0.422917 0.304688 0.439583 0.309375 0.483333 0.379688 0.497917 0.395313 0.318750 0.385937 0.500000 0.425000 0.500000 0.450000 0.404167
8 0.998437 0.279167 0.848437 0.385417 0.817187 0.345833 0.712500 0.385417 0.695312 0.500000 0.832812 0.529167 0.839063 0.552083 0.859375 0.531250 0.904687 0.550000 0.868750 0.564583 0.882812 0.581250 0.948438 0.550000 0.975000 0.556250 0.962500 0.591667 0.998437 0.579167
8 0.673438 0.000000 0.614062 0.000000 0.557813 0.081250 0.554688 0.147917 0.535937 0.166667 0.523438 0.262500 0.559375 0.331250 0.643750 0.245833 0.734375 0.085417 0.723437 0.054167 0.701562 0.060417 0.700000 0.031250
9 0.904687 0.597917 0.904687 0.600000 0.915625 0.602083 0.918750 0.606250 0.925000 0.606250 0.926562 0.610417 0.937500 0.610417 0.942187 0.606250 0.942187 0.593750 0.939063 0.589583 0.921875 0.589583 0.918750 0.587500 0.920312 0.591667 0.918750 0.593750 0.915625 0.591667 0.909375 0.597917
9 0.576562 0.575000 0.575000 0.539583 0.528125 0.541667 0.517188 0.552083 0.514062 0.545833 0.510938 0.547917 0.509375 0.558333 0.521875 0.568750 0.548438 0.568750
9 0.600000 0.529167 0.596875 0.533333 0.596875 0.539583 0.593750 0.541667 0.592187 0.547917 0.587500 0.552083 0.582812 0.562500 0.581250 0.577083 0.615625 0.581250 0.615625 0.562500 0.612500 0.558333 0.612500 0.554167 0.606250 0.554167 0.603125 0.550000 0.604688 0.547917 0.603125 0.541667 0.606250 0.539583 0.604688 0.531250
9 0.750000 0.518750 0.750000 0.535417 0.767188 0.539583 0.771875 0.531250 0.787500 0.529167 0.810937 0.539583 0.814063 0.554167 0.832812 0.554167 0.832812 0.531250
9 0.448437 0.504167 0.459375 0.516667 0.476562 0.527083 0.514062 0.531250 0.514062 0.510417 0.503125 0.510417 0.501563 0.518750 0.500000 0.510417 0.476562 0.510417 0.473438 0.504167
9 0.425000 0.502083 0.309375 0.485417 0.303125 0.439583 0.334375 0.427083 0.276562 0.414583 0.267188 0.477083 0.000000 0.454167 0.000000 0.739583
10 0.592187 0.404167 0.589063 0.418750 0.593750 0.425000 0.593750 0.450000 0.598437 0.450000 0.600000 0.454167 0.606250 0.454167 0.598437 0.429167 0.601562 0.425000 0.606250 0.427083 0.610938 0.418750 0.612500 0.410417 0.604688 0.406250
10 0.675000 0.000000 0.690625 0.029167 0.701562 0.031250 0.706250 0.043750 0.703125 0.060417 0.712500 0.064583 0.723437 0.052083 0.734375 0.083333 0.785937 0.002083
10 0.065625 0.000000 0.282813 0.285417 0.328125 0.406250 0.392188 0.295833 0.478125 0.464583 0.517188 0.354167 0.542188 0.345833 0.542188 0.381250 0.565625 0.337500 0.523438 0.277083 0.529687 0.185417 0.612500 0.000000
18 0.679688 0.508333 0.673438 0.508333 0.671875 0.518750 0.643750 0.514583 0.656250 0.529167 0.628125 0.531250 0.617188 0.554167 0.617188 0.589583 0.643750 0.633333 0.656250 0.637500 0.681250 0.620833 0.687500 0.516667 0.682813 0.518750
18 0.695312 0.510417 0.690625 0.631250 0.717187 0.643750 0.737500 0.716667 0.800000 0.693750 0.837500 0.727083 0.896875 0.860417 0.943750 0.862500 0.993750 0.820833 0.998437 0.581250 0.962500 0.593750 0.973437 0.556250 0.948438 0.552083 0.870313 0.597917 0.867188 0.564583 0.904687 0.552083 0.859375 0.533333 0.823438 0.558333 0.753125 0.539583 0.731250 0.497917