0 0.000000 0.870833 0.000000 0.997917 0.885938 0.997917 0.670312 0.741667 0.751563 0.695833 0.729688 0.650000 0.423438 0.516667
1 0.853125 0.697917 0.851562 0.695833 0.843750 0.695833 0.842187 0.691667 0.834375 0.689583 0.834375 0.693750 0.831250 0.695833 0.831250 0.700000 0.825000 0.708333 0.820312 0.710417 0.818750 0.714583 0.812500 0.716667 0.821875 0.716667 0.829688 0.712500 0.831250 0.714583 0.845313 0.714583 0.851562 0.718750 0.853125 0.716667
1 0.479687 0.537500 0.523438 0.587500 0.532813 0.560417 0.631250 0.631250 0.682813 0.652083 0.729688 0.647917 0.751563 0.693750 0.770312 0.702083 0.745313 0.643750 0.685937 0.645833 0.675000 0.620833 0.632812 0.618750 0.526563 0.537500
2 0.515625 0.493750 0.514062 0.497917 0.514062 0.512500 0.517188 0.510417 0.525000 0.510417 0.526563 0.512500 0.529687 0.512500 0.532813 0.510417 0.537500 0.502083 0.537500 0.493750 0.535937 0.491667 0.521875 0.491667 0.518750 0.497917 0.517188 0.497917
2 0.504687 0.500000 0.501563 0.493750 0.465625 0.489583 0.459375 0.481250 0.464062 0.458333 0.478125 0.433333 0.475000 0.425000 0.459375 0.427083 0.446875 0.477083 0.437500 0.477083 0.428125 0.456250 0.420312 0.456250 0.404687 0.487500 0.409375 0.514583 0.453125 0.510417 0.498437 0.516667
2 0.998437 0.000000 0.820312 0.000000 0.487500 0.427083 0.545312 0.439583 0.564063 0.495833 0.573438 0.422917 0.695312 0.377083 0.700000 0.454167 0.710938 0.375000 0.853125 0.277083 0.857812 0.183333 0.867188 0.266667 0.993750 0.210417
3 0.000000 0.000000 0.000000 0.491667 0.251563 0.506250 0.270313 0.441667 0.292187 0.506250 0.301563 0.364583 0.025000 0.004167
5 0.857812 0.185417 0.853125 0.695833 0.868750 0.775000
8 0.270313 0.443750 0.265625 0.447917 0.265625 0.470833 0.262500 0.472917 0.262500 0.491667 0.260937 0.500000 0.256250 0.506250 0.278125 0.506250 0.279687 0.493750 0.275000 0.487500 0.273438 0.472917 0.270313 0.466667 0.270313 0.462500 0.273438 0.458333 0.273438 0.447917
8 0.539062 0.439583 0.507812 0.437500 0.507812 0.491667 0.512500 0.497917 0.512500 0.506250 0.512500 0.497917 0.515625 0.491667 0.517188 0.495833 0.521875 0.489583 0.537500 0.491667
8 0.600000 0.416667 0.582812 0.418750 0.573438 0.425000 0.565625 0.441667 0.564063 0.466667 0.560937 0.462500 0.560937 0.445833 0.560937 0.464583 0.557813 0.468750 0.556250 0.464583 0.554688 0.481250 0.557813 0.477083 0.575000 0.491667 0.587500 0.491667 0.589063 0.495833 0.600000 0.491667
8 0.390625 0.385417 0.387500 0.391667 0.385937 0.516667 0.404687 0.514583 0.403125 0.487500 0.412500 0.462500 0.418750 0.456250 0.418750 0.422917 0.412500 0.422917 0.403125 0.400000
8 0.371875 0.343750 0.362500 0.354167 0.357812 0.379167 0.350000 0.377083 0.340625 0.400000 0.329688 0.400000 0.318750 0.437500 0.300000 0.437500 0.307812 0.468750 0.300000 0.466667 0.293750 0.506250 0.381250 0.516667 0.384375 0.383333
8 0.853125 0.279167 0.710938 0.377083 0.700000 0.456250 0.695312 0.379167 0.634375 0.395833 0.607812 0.420833 0.607812 0.477083 0.660937 0.487500 0.698438 0.462500 0.725000 0.527083 0.765625 0.493750 0.781250 0.514583 0.818750 0.493750 0.820312 0.518750 0.845313 0.527083 0.851562 0.593750
8 0.995313 0.208333 0.867188 0.268750 0.865625 0.329167 0.867188 0.437500 0.882812 0.437500 0.868750 0.485417 0.915625 0.502083 0.920312 0.554167 0.960938 0.577083 0.948438 0.652083 0.967187 0.700000 0.998437 0.697917 0.998437 0.720833
8 0.660937 0.175000 0.623437 0.189583 0.596875 0.227083 0.550000 0.137500 0.537500 0.141667 0.495312 0.218750 0.476562 0.295833 0.487500 0.389583 0.476562 0.385417 0.465625 0.487500 0.504687 0.489583 0.504687 0.435417 0.485938 0.427083 0.493750 0.393750 0.564063 0.322917
9 0.670312 0.733333 0.887500 0.997917 0.998437 0.997917 0.996875 0.760417 0.873437 0.693750 0.892188 0.714583 0.873437 0.718750 0.868750 0.777083 0.845313 0.716667 0.706250 0.702083
9 0.425000 0.516667 0.445312 0.522917 0.473438 0.522917 0.476562 0.535417 0.514062 0.537500 0.526563 0.533333 0.529687 0.514583 0.517188 0.512500 0.512500 0.533333 0.509375 0.518750 0.453125 0.512500
9 0.000000 0.868750 0.396875 0.518750 0.000000 0.493750
10 0.026562 0.000000 0.303125 0.364583 0.301563 0.433333 0.371875 0.341667 0.437500 0.475000 0.540625 0.135417 0.603125 0.225000 0.818750 0.002083
18 0.995313 0.577083 0.993750 0.581250 0.989062 0.579167 0.989062 0.593750 0.992188 0.602083 0.989062 0.643750 0.993750 0.656250 0.998437 0.658333 0.998437 0.577083
18 0.870313 0.485417 0.870313 0.689583 0.998437 0.762500 0.998437 0.722917 0.989062 0.714583 0.996875 0.697917 0.967187 0.702083 0.946875 0.652083 0.959375 0.577083 0.935937 0.575000 0.907813 0.529167 0.915625 0.504167
18 0.531250 0.512500 0.531250 0.547917 0.632812 0.616667 0.745313 0.641667 0.781250 0.714583 0.853125 0.685417 0.843750 0.527083 0.820312 0.520833 0.818750 0.495833 0.782813 0.516667 0.765625 0.495833 0.725000 0.529167 0.718750 0.489583 0.679688 0.462500 0.681250 0.485417 0.607812 0.485417 0.603125 0.518750 0.601562 0.493750 0.548438 0.487500 0.540625 0.541667