0 0.000000 0.997917 0.884375 0.997917 0.893750 0.918750 0.971875 0.931250 0.998437 0.885417 0.926562 0.727083 0.767188 0.716667 0.745313 0.660417 0.692187 0.675000 0.384375 0.510417 0.000000 0.806250
1 0.465625 0.537500 0.481250 0.550000 0.482812 0.558333 0.492188 0.568750 0.500000 0.568750 0.503125 0.550000 0.523438 0.554167 0.532813 0.562500 0.529687 0.556250 0.525000 0.556250 0.520312 0.550000 0.517188 0.539583
2 0.503125 0.506250 0.525000 0.506250 0.525000 0.504167 0.531250 0.495833 0.532813 0.495833 0.532813 0.493750 0.528125 0.493750 0.526563 0.497917 0.521875 0.489583 0.521875 0.485417 0.518750 0.483333 0.509375 0.483333 0.507812 0.487500 0.503125 0.491667
2 0.489063 0.483333 0.448437 0.483333 0.442188 0.475000 0.451562 0.460417 0.459375 0.416667 0.445312 0.416667 0.435937 0.439583 0.434375 0.468750 0.418750 0.468750 0.414062 0.452083 0.398438 0.450000 0.389062 0.477083 0.382812 0.479167 0.389062 0.497917 0.385937 0.508333 0.489063 0.510417
2 0.998437 0.000000 0.735938 0.000000 0.475000 0.418750 0.537500 0.425000 0.553125 0.481250 0.565625 0.412500 0.621875 0.391667 0.625000 0.329167 0.629687 0.387500 0.703125 0.335417 0.746875 0.366667 0.996875 0.183333
3 0.000000 0.022917 0.000000 0.491667 0.204687 0.502083 0.231250 0.427083 0.239063 0.502083 0.262500 0.500000 0.268750 0.347917
5 0.625000 0.331250 0.620313 0.627083 0.626563 0.627083
8 0.823438 0.531250 0.823438 0.537500 0.826562 0.539583 0.842187 0.564583 0.851562 0.564583 0.857812 0.560417 0.859375 0.554167 0.857812 0.541667 0.851562 0.541667 0.850000 0.535417 0.846875 0.535417 0.845313 0.531250
8 0.757812 0.493750 0.757812 0.497917 0.760938 0.497917 0.762500 0.500000 0.762500 0.506250 0.764062 0.506250 0.768750 0.510417 0.776563 0.510417 0.778125 0.508333 0.778125 0.504167 0.776563 0.502083 0.776563 0.489583 0.775000 0.487500 0.765625 0.487500 0.759375 0.493750
8 0.231250 0.429167 0.226562 0.431250 0.223438 0.437500 0.225000 0.460417 0.220312 0.462500 0.220312 0.489583 0.212500 0.500000 0.217188 0.502083 0.237500 0.502083 0.239063 0.485417 0.231250 0.468750 0.232813 0.464583 0.235937 0.464583 0.235937 0.433333
8 0.503125 0.425000 0.503125 0.489583 0.509375 0.481250 0.532813 0.483333 0.532813 0.427083 0.521875 0.429167
8 0.621875 0.393750 0.603125 0.395833 0.565625 0.414583 0.557813 0.431250 0.557813 0.450000 0.550000 0.462500 0.546875 0.460417 0.550000 0.477083 0.585938 0.487500 0.614062 0.485417 0.620313 0.477083
8 0.348438 0.329167 0.295312 0.431250 0.268750 0.400000 0.268750 0.437500 0.298438 0.437500 0.281250 0.464583 0.281250 0.502083 0.357812 0.508333 0.360938 0.379167 0.362500 0.510417 0.387500 0.506250 0.381250 0.479167 0.401562 0.414583 0.359375 0.372917
8 0.998437 0.183333 0.746875 0.368750 0.703125 0.337500 0.643750 0.375000 0.628125 0.477083 0.725000 0.487500 0.720313 0.454167 0.762500 0.452083 0.753125 0.475000 0.796875 0.479167 0.800000 0.537500 0.887500 0.493750 0.873437 0.539583 0.904687 0.689583 0.968750 0.725000 0.982812 0.593750 0.943750 0.535417 0.998437 0.522917
8 0.540625 0.093750 0.476562 0.197917 0.457813 0.316667 0.471875 0.381250 0.456250 0.397917 0.448437 0.481250 0.490625 0.481250 0.490625 0.422917 0.471875 0.414583 0.481250 0.375000 0.501563 0.368750 0.582812 0.256250 0.629687 0.166667 0.595313 0.210417
9 0.998437 0.889583 0.971875 0.933333 0.943750 0.931250 0.928125 0.920833 0.893750 0.920833 0.881250 0.958333 0.885938 0.997917 0.998437 0.997917
9 0.401562 0.508333 0.417187 0.516667 0.456250 0.520833 0.460938 0.535417 0.517188 0.537500 0.521875 0.510417 0.501563 0.508333 0.500000 0.537500 0.498437 0.508333 0.492188 0.518750 0.476562 0.510417
9 0.381250 0.512500 0.281250 0.504167 0.295312 0.445833 0.270313 0.439583 0.256250 0.504167 0.000000 0.493750 0.000000 0.804167
10 0.000000 0.010417 0.270313 0.347917 0.279687 0.422917 0.348438 0.327083 0.434375 0.466667 0.475000 0.197917 0.528125 0.097917 0.595313 0.208333 0.734375 0.000000
18 0.537500 0.485417 0.537500 0.502083 0.531250 0.497917 0.518750 0.525000 0.521875 0.550000 0.532813 0.558333 0.535937 0.508333 0.537500 0.560417 0.573438 0.589583 0.590625 0.589583 0.618750 0.622917 0.620313 0.479167 0.610938 0.489583 0.556250 0.479167
18 0.628125 0.481250 0.628125 0.627083 0.698438 0.675000 0.745313 0.658333 0.773438 0.716667 0.853125 0.689583 0.975000 0.770833 0.998437 0.864583 0.998437 0.525000 0.945312 0.535417 0.984375 0.593750 0.960938 0.729167 0.903125 0.689583 0.871875 0.539583 0.887500 0.495833 0.800000 0.539583 0.795312 0.479167 0.753125 0.477083 0.762500 0.454167 0.720313 0.456250 0.725000 0.489583