0 0.000000 0.737500 0.000000 0.997917 0.998437 0.997917 0.996875 0.829167 0.903125 0.772917 0.831250 0.806250 0.762500 0.675000 0.712500 0.697917 0.685937 0.629167 0.660937 0.660417 0.604688 0.577083 0.445312 0.504167
2 0.581250 0.422917 0.581250 0.429167 0.578125 0.435417 0.578125 0.464583 0.575000 0.483333 0.598437 0.485417 0.596875 0.468750 0.592187 0.462500 0.593750 0.452083 0.589063 0.450000 0.587500 0.435417 0.589063 0.427083 0.585938 0.422917
2 0.507812 0.414583 0.492188 0.412500 0.489063 0.427083 0.482812 0.431250 0.481250 0.460417 0.473438 0.466667 0.462500 0.460417 0.459375 0.441667 0.443750 0.441667 0.435937 0.460417 0.421875 0.472917 0.426563 0.487500 0.421875 0.500000 0.450000 0.502083 0.457813 0.491667 0.470313 0.495833 0.479687 0.483333 0.500000 0.483333 0.487500 0.468750 0.504687 0.433333
2 0.998437 0.000000 0.782813 0.000000 0.542188 0.397917 0.603125 0.408333 0.606250 0.477083 0.617188 0.431250 0.673438 0.414583 0.678125 0.341667 0.678125 0.406250 0.798438 0.352083 0.812500 0.410417 0.851562 0.350000 0.996875 0.264583
3 0.000000 0.000000 0.000000 0.443750 0.175000 0.466667 0.212500 0.370833 0.240625 0.435417 0.221875 0.472917 0.267188 0.475000 0.282813 0.287500 0.062500 0.000000
4 0.556250 0.535417 0.568750 0.535417 0.573438 0.554167 0.582812 0.531250 0.595313 0.533333 0.606250 0.547917 0.617188 0.527083 0.635938 0.525000 0.634375 0.510417 0.639062 0.506250 0.660937 0.508333 0.670312 0.518750 0.673438 0.504167 0.682813 0.502083 0.668750 0.489583 0.628125 0.493750 0.559375 0.485417
4 0.451562 0.500000 0.496875 0.508333 0.498437 0.514583 0.509375 0.512500 0.510938 0.543750 0.526563 0.535417 0.553125 0.535417 0.554688 0.487500 0.479687 0.485417 0.470313 0.497917 0.457813 0.493750
5 0.678125 0.343750 0.670312 0.493750 0.676562 0.456250
5 0.395313 0.322917 0.385937 0.322917 0.390625 0.329167 0.381250 0.506250 0.393750 0.333333 0.400000 0.329167
8 0.954688 0.560417 0.935937 0.568750 0.918750 0.583333 0.914062 0.583333 0.912500 0.587500 0.900000 0.595833 0.898438 0.606250 0.912500 0.612500 0.935937 0.614583 0.942187 0.606250 0.946875 0.587500 0.950000 0.585417
8 0.671875 0.416667 0.667188 0.416667 0.654687 0.431250 0.651563 0.425000 0.628125 0.425000 0.621875 0.435417 0.617188 0.433333 0.612500 0.470833 0.603125 0.479167 0.603125 0.485417 0.626563 0.487500 0.628125 0.491667 0.660937 0.491667 0.662500 0.487500 0.667188 0.491667
8 0.565625 0.404167 0.562500 0.466667 0.559375 0.483333 0.571875 0.485417 0.575000 0.481250 0.578125 0.408333 0.571875 0.404167
8 0.212500 0.372917 0.203125 0.379167 0.198437 0.412500 0.192188 0.416667 0.196875 0.431250 0.193750 0.452083 0.178125 0.468750 0.217188 0.475000 0.231250 0.460417 0.239063 0.441667 0.237500 0.433333 0.225000 0.427083 0.221875 0.418750 0.223438 0.391667
8 0.529687 0.341667 0.523438 0.345833 0.521875 0.366667 0.515625 0.354167 0.518750 0.383333 0.507812 0.383333 0.509375 0.422917 0.489063 0.470833 0.496875 0.481250 0.554688 0.485417 0.559375 0.404167 0.543750 0.402083 0.537500 0.391667 0.539062 0.347917
8 0.393750 0.302083 0.332813 0.408333 0.282813 0.318750 0.276562 0.410417 0.335938 0.422917 0.309375 0.431250 0.293750 0.477083 0.379688 0.495833 0.395313 0.320833 0.385937 0.495833 0.423438 0.495833 0.446875 0.404167
8 0.998437 0.264583 0.851562 0.352083 0.812500 0.412500 0.798438 0.354167 0.678125 0.408333 0.678125 0.435417 0.706250 0.427083 0.678125 0.454167 0.673438 0.493750 0.709375 0.495833 0.725000 0.531250 0.773438 0.518750 0.871875 0.543750 0.887500 0.568750 0.965625 0.533333 0.998437 0.550000
8 0.660937 0.000000 0.614062 0.000000 0.553125 0.093750 0.550000 0.158333 0.531250 0.175000 0.531250 0.229167 0.518750 0.252083 0.523438 0.291667 0.550000 0.331250 0.567187 0.329167 0.629687 0.256250 0.720313 0.100000 0.712500 0.070833 0.693750 0.079167 0.692187 0.052083
9 0.506250 0.547917 0.507812 0.558333 0.518750 0.564583 0.545312 0.564583 0.546875 0.568750 0.568750 0.570833 0.568750 0.537500 0.526563 0.537500
9 0.582812 0.533333 0.576562 0.552083 0.573438 0.556250 0.573438 0.572917 0.604688 0.575000 0.604688 0.554167 0.606250 0.550000 0.603125 0.550000 0.595313 0.535417
9 0.753125 0.520833 0.753125 0.527083 0.759375 0.527083 0.764062 0.531250 0.775000 0.533333 0.776563 0.543750 0.779687 0.543750 0.781250 0.547917 0.800000 0.547917 0.798438 0.545833 0.801562 0.543750 0.801562 0.535417 0.793750 0.527083 0.776563 0.525000 0.773438 0.520833
9 0.446875 0.504167 0.456250 0.514583 0.475000 0.525000 0.490625 0.529167 0.509375 0.529167 0.509375 0.514583 0.504687 0.512500 0.498437 0.516667 0.496875 0.510417 0.470313 0.508333 0.468750 0.504167
9 0.421875 0.502083 0.293750 0.479167 0.287500 0.458333 0.334375 0.422917 0.276562 0.412500 0.267188 0.477083 0.000000 0.445833 0.000000 0.735417
10 0.584375 0.406250 0.582812 0.416667 0.590625 0.427083 0.590625 0.450000 0.595313 0.452083 0.593750 0.462500 0.598437 0.468750 0.601562 0.485417 0.603125 0.452083 0.598437 0.447917 0.592187 0.431250 0.598437 0.431250 0.603125 0.439583 0.604688 0.412500
10 0.662500 0.002083 0.679688 0.045833 0.689063 0.043750 0.693750 0.052083 0.695312 0.079167 0.712500 0.068750 0.723437 0.093750 0.781250 0.000000
10 0.065625 0.000000 0.284375 0.287500 0.328125 0.406250 0.390625 0.297917 0.473438 0.464583 0.514062 0.354167 0.539062 0.345833 0.537500 0.383333 0.559375 0.341667 0.517188 0.252083 0.553125 0.089583 0.612500 0.000000
18 0.607812 0.541667 0.625000 0.618750 0.665625 0.595833 0.667188 0.641667 0.685937 0.627083 0.717187 0.697917 0.762500 0.672917 0.831250 0.804167 0.921875 0.762500 0.998437 0.829167 0.998437 0.552083 0.965625 0.535417 0.887500 0.570833 0.826562 0.535417 0.729688 0.535417 0.690625 0.493750