0 0.000000 0.754167 0.000000 0.997917 0.998437 0.997917 0.962500 0.793750 0.835938 0.810417 0.526563 0.547917 0.403125 0.504167
1 0.571875 0.597917 0.595313 0.622917 0.626563 0.625000 0.643750 0.660417 0.684375 0.700000 0.718750 0.693750 0.746875 0.733333 0.728125 0.670833 0.685937 0.700000 0.665625 0.664583 0.642188 0.652083 0.629687 0.614583 0.601562 0.622917 0.584375 0.597917
1 0.470313 0.541667 0.479687 0.558333 0.495312 0.558333 0.498437 0.550000 0.509375 0.550000 0.510938 0.547917 0.517188 0.550000 0.520312 0.547917 0.514062 0.545833 0.482812 0.545833 0.481250 0.541667
2 0.664062 0.522917 0.662500 0.525000 0.662500 0.550000 0.668750 0.550000 0.670312 0.552083 0.676562 0.552083 0.678125 0.554167 0.679688 0.552083 0.682813 0.552083 0.684375 0.550000 0.684375 0.520833 0.682813 0.518750 0.679688 0.518750 0.678125 0.520833 0.671875 0.518750
2 0.460938 0.414583 0.448437 0.412500 0.443750 0.429167 0.437500 0.431250 0.434375 0.466667 0.432812 0.462500 0.421875 0.466667 0.414062 0.445833 0.398438 0.445833 0.381250 0.477083 0.384375 0.495833 0.390625 0.502083 0.426563 0.502083 0.431250 0.483333 0.450000 0.481250 0.443750 0.468750 0.451562 0.460417
2 0.998437 0.000000 0.742188 0.000000 0.479687 0.408333 0.525000 0.420833 0.526563 0.481250 0.540625 0.458333 0.548438 0.487500 0.593750 0.404167 0.690625 0.362500 0.696875 0.277083 0.701562 0.356250 0.998437 0.235417
3 0.000000 0.000000 0.000000 0.475000 0.181250 0.485417 0.201563 0.441667 0.217188 0.485417 0.250000 0.485417 0.257812 0.322917
4 0.507812 0.483333 0.507812 0.516667 0.520312 0.512500 0.528125 0.518750 0.529687 0.512500 0.534375 0.506250 0.539062 0.506250 0.543750 0.497917 0.542188 0.495833 0.543750 0.487500 0.540625 0.485417 0.520312 0.483333 0.518750 0.479167 0.512500 0.479167 0.510938 0.483333
4 0.495312 0.483333 0.470313 0.483333 0.468750 0.479167 0.465625 0.483333 0.435937 0.483333 0.429688 0.487500 0.429688 0.500000 0.426563 0.504167 0.418750 0.502083 0.421875 0.506250 0.446875 0.506250 0.457813 0.510417 0.460938 0.518750 0.464062 0.512500 0.492188 0.518750
5 0.364063 0.352083 0.354687 0.352083 0.350000 0.506250 0.353125 0.506250 0.357812 0.358333
8 0.196875 0.443750 0.200000 0.456250 0.200000 0.466667 0.192188 0.479167 0.193750 0.485417 0.215625 0.485417 0.215625 0.477083 0.214062 0.477083 0.206250 0.464583 0.204687 0.456250 0.201563 0.450000 0.201563 0.443750
8 0.501563 0.420833 0.500000 0.481250 0.504687 0.481250 0.507812 0.422917 0.510938 0.425000 0.509375 0.481250 0.512500 0.477083 0.525000 0.481250 0.526563 0.425000
8 0.690625 0.364583 0.654687 0.389583 0.620313 0.391667 0.593750 0.406250 0.568750 0.433333 0.567187 0.481250 0.628125 0.487500 0.635938 0.502083 0.665625 0.491667 0.671875 0.516667 0.685937 0.518750
8 0.359375 0.362500 0.354687 0.502083 0.379688 0.506250 0.382812 0.495833 0.379688 0.477083 0.401562 0.441667 0.403125 0.408333 0.392188 0.406250 0.387500 0.383333 0.375000 0.368750
8 0.354687 0.320833 0.343750 0.316667 0.332813 0.352083 0.325000 0.352083 0.323437 0.377083 0.306250 0.375000 0.289062 0.416667 0.257812 0.362500 0.254688 0.422917 0.289062 0.433333 0.260937 0.458333 0.253125 0.452083 0.251563 0.485417 0.348438 0.502083
8 0.998437 0.237500 0.703125 0.354167 0.695312 0.500000 0.778125 0.485417 0.781250 0.516667 0.829688 0.537500 0.871875 0.495833 0.857812 0.458333 0.923438 0.458333 0.885938 0.481250 0.893750 0.502083 0.984375 0.506250 0.906250 0.520833 0.998437 0.600000
8 0.559375 0.060417 0.487500 0.166667 0.460938 0.300000 0.484375 0.356250 0.471875 0.379167 0.465625 0.364583 0.451562 0.481250 0.495312 0.481250 0.484375 0.364583 0.514062 0.350000 0.562500 0.260417 0.657813 0.147917 0.617188 0.187500
9 0.909375 0.750000 0.910937 0.756250 0.907813 0.760417 0.906250 0.758333 0.907813 0.760417 0.907813 0.768750 0.921875 0.768750 0.928125 0.772917 0.934375 0.772917 0.935937 0.777083 0.939063 0.777083 0.943750 0.783333 0.946875 0.783333 0.943750 0.775000 0.939063 0.770833 0.935937 0.758333 0.923438 0.747917 0.912500 0.747917
9 0.509375 0.516667 0.507812 0.518750 0.507812 0.543750 0.514062 0.543750 0.515625 0.545833 0.525000 0.545833 0.526563 0.543750 0.526563 0.520833 0.525000 0.516667 0.521875 0.516667 0.520312 0.514583
9 0.404687 0.504167 0.421875 0.516667 0.459375 0.520833 0.456250 0.535417 0.460938 0.539583 0.504687 0.543750 0.504687 0.518750 0.495312 0.522917 0.493750 0.518750 0.464062 0.514583 0.460938 0.520833 0.457813 0.512500
9 0.000000 0.752083 0.375000 0.508333 0.000000 0.477083
9 0.254688 0.454167 0.256250 0.456250 0.264062 0.454167 0.267188 0.445833 0.271875 0.445833 0.275000 0.443750 0.276562 0.439583 0.281250 0.439583 0.279687 0.437500 0.281250 0.435417 0.285938 0.435417 0.287500 0.431250 0.273438 0.431250 0.271875 0.429167 0.265625 0.429167 0.264062 0.431250 0.259375 0.427083 0.256250 0.427083 0.254688 0.431250
10 0.601562 0.429167 0.601562 0.435417 0.604688 0.437500 0.604688 0.445833 0.607812 0.450000 0.610938 0.439583 0.615625 0.439583 0.620313 0.447917 0.621875 0.447917 0.623437 0.441667 0.626563 0.439583 0.623437 0.431250 0.623437 0.422917 0.620313 0.422917 0.618750 0.420833 0.609375 0.420833
10 0.007812 0.000000 0.253125 0.312500 0.278125 0.406250 0.348438 0.312500 0.421875 0.464583 0.482812 0.356250 0.459375 0.300000 0.485938 0.166667 0.545312 0.064583 0.620313 0.185417 0.740625 0.002083
18 0.543750 0.489583 0.528125 0.520833 0.531250 0.564583 0.546875 0.568750 0.551562 0.520833 0.551562 0.577083 0.584375 0.595833 0.596875 0.618750 0.629687 0.612500 0.643750 0.652083 0.681250 0.685417 0.685937 0.560417 0.660937 0.550000 0.665625 0.493750 0.635938 0.504167 0.575000 0.483333
18 0.695312 0.502083 0.692187 0.689583 0.728125 0.668750 0.759375 0.750000 0.806250 0.756250 0.840625 0.810417 0.926562 0.747917 0.982812 0.820833 0.998437 0.912500 0.998437 0.602083 0.904687 0.520833 0.985938 0.510417 0.893750 0.504167 0.890625 0.472917 0.931250 0.464583 0.864062 0.458333 0.873437 0.495833 0.829688 0.539583 0.778125 0.487500