0 0.000000 0.816667 0.000000 0.997917 0.998437 0.997917 0.998437 0.858333 0.935937 0.858333 0.771875 0.672917 0.659375 0.685417 0.476562 0.512500
1 0.596875 0.625000 0.659375 0.683333 0.675000 0.662500 0.771875 0.670833 0.795312 0.716667 0.845313 0.747917 0.935937 0.856250 0.998437 0.856250 0.931250 0.839583 0.867188 0.762500 0.853125 0.712500 0.810937 0.716667 0.789062 0.670833
1 0.546875 0.552083 0.546875 0.554167 0.551562 0.554167 0.553125 0.558333 0.556250 0.558333 0.562500 0.568750 0.565625 0.570833 0.570312 0.568750 0.576562 0.570833 0.585938 0.581250 0.587500 0.560417 0.584375 0.560417 0.582812 0.556250 0.553125 0.556250 0.551562 0.552083
2 0.554688 0.420833 0.532813 0.416667 0.523438 0.435417 0.521875 0.468750 0.503125 0.470833 0.498437 0.452083 0.482812 0.450000 0.457813 0.483333 0.462500 0.500000 0.479687 0.510417 0.482812 0.502083 0.496875 0.502083 0.498437 0.487500 0.503125 0.502083 0.554688 0.495833 0.532813 0.485417 0.534375 0.458333
2 0.998437 0.000000 0.878125 0.004167 0.703125 0.233333 0.639062 0.358333 0.825000 0.393750 0.828125 0.468750 0.846875 0.389583 0.998437 0.302083
3 0.000000 0.000000 0.000000 0.464583 0.145313 0.466667 0.178125 0.337500 0.221875 0.441667 0.203125 0.485417 0.271875 0.485417 0.290625 0.262500 0.079687 0.000000
4 0.648438 0.504167 0.646875 0.564583 0.651563 0.547917 0.693750 0.558333 0.693750 0.637500 0.712500 0.522917 0.728125 0.518750 0.756250 0.547917 0.845313 0.545833 0.846875 0.504167 0.840625 0.535417 0.703125 0.504167 0.695312 0.583333 0.696875 0.504167
4 0.481250 0.508333 0.514062 0.516667 0.520312 0.537500 0.587500 0.539583 0.587500 0.604167 0.596875 0.577083 0.640625 0.564583 0.645312 0.502083 0.512500 0.497917
5 0.704688 0.375000 0.695312 0.581250 0.707812 0.400000
5 0.657813 0.366667 0.651563 0.393750 0.642188 0.575000
5 0.412500 0.293750 0.409375 0.297917 0.418750 0.308333 0.404687 0.525000 0.418750 0.312500 0.431250 0.300000
8 0.754687 0.587500 0.750000 0.587500 0.750000 0.591667 0.745313 0.593750 0.743750 0.597917 0.734375 0.597917 0.732812 0.593750 0.732812 0.595833 0.729688 0.597917 0.731250 0.600000 0.731250 0.612500 0.739062 0.612500 0.740625 0.616667 0.751563 0.616667 0.753125 0.618750 0.757812 0.614583 0.757812 0.602083 0.756250 0.600000 0.757812 0.597917 0.754687 0.591667
8 0.712500 0.525000 0.707812 0.545833 0.710938 0.554167 0.717187 0.550000 0.718750 0.554167 0.734375 0.554167 0.735938 0.558333 0.742188 0.556250 0.745313 0.560417 0.742188 0.570833 0.750000 0.577083 0.754687 0.575000 0.754687 0.562500 0.762500 0.560417 0.764062 0.550000 0.756250 0.550000 0.750000 0.541667 0.742188 0.539583 0.728125 0.520833
8 0.679688 0.370833 0.682813 0.397917 0.678125 0.400000 0.678125 0.418750 0.673438 0.422917 0.670312 0.416667 0.665625 0.422917 0.667188 0.464583 0.659375 0.466667 0.654687 0.502083 0.695312 0.506250 0.701562 0.375000
8 0.178125 0.339583 0.159375 0.368750 0.159375 0.450000 0.135937 0.472917 0.164062 0.489583 0.201563 0.485417 0.200000 0.479167 0.215625 0.464583 0.220312 0.441667 0.203125 0.425000 0.196875 0.397917 0.200000 0.379167
8 0.575000 0.331250 0.571875 0.362500 0.562500 0.347917 0.568750 0.379167 0.554688 0.379167 0.559375 0.408333 0.535937 0.458333 0.534375 0.485417 0.556250 0.495833 0.645312 0.500000 0.631250 0.491667 0.643750 0.418750 0.623437 0.358333 0.589063 0.375000 0.592187 0.341667
8 0.289062 0.306250 0.281250 0.418750 0.362500 0.425000 0.309375 0.452083 0.304688 0.491667 0.403125 0.508333 0.415625 0.318750 0.409375 0.350000 0.398438 0.333333 0.404687 0.362500 0.381250 0.364583 0.362500 0.414583 0.334375 0.339583
8 0.998437 0.304167 0.846875 0.391667 0.828125 0.470833 0.825000 0.395833 0.709375 0.377083 0.703125 0.502083 0.840625 0.533333 0.848437 0.416667 0.846875 0.545833 0.881250 0.550000 0.881250 0.575000 0.929688 0.572917 0.923438 0.535417 0.981250 0.550000 0.964063 0.562500 0.981250 0.604167 0.998437 0.585417
8 0.429688 0.302083 0.420312 0.312500 0.410938 0.508333 0.450000 0.514583 0.460938 0.508333 0.456250 0.483333 0.485938 0.441667 0.485938 0.410417 0.478125 0.410417 0.470313 0.383333 0.457813 0.377083 0.454688 0.356250 0.439063 0.345833 0.435937 0.308333
8 0.609375 0.266667 0.662500 0.295833 0.881250 0.000000 0.626563 0.000000 0.631250 0.031250 0.607812 0.056250 0.603125 0.152083 0.585938 0.181250
9 0.701562 0.552083 0.696875 0.639583 0.790625 0.670833 0.796875 0.558333 0.765625 0.550000 0.750000 0.579167 0.740625 0.570833 0.742188 0.558333
9 0.692187 0.558333 0.651563 0.550000 0.654687 0.560417 0.646875 0.570833 0.667188 0.568750 0.675000 0.593750 0.668750 0.602083 0.660937 0.583333 0.640625 0.585417 0.639062 0.570833 0.596875 0.579167 0.587500 0.606250 0.585938 0.587500 0.578125 0.591667 0.578125 0.604167 0.592187 0.622917 0.690625 0.637500
9 0.478125 0.512500 0.489063 0.516667 0.514062 0.543750 0.587500 0.558333 0.587500 0.541667 0.585938 0.545833 0.582812 0.541667 0.565625 0.545833 0.543750 0.537500 0.525000 0.535417 0.520312 0.539583 0.514062 0.518750
9 0.460938 0.510417 0.404687 0.527083 0.304688 0.493750 0.309375 0.450000 0.360938 0.429167 0.281250 0.420833 0.271875 0.487500 0.000000 0.466667 0.000000 0.814583
10 0.787500 0.404167 0.778125 0.404167 0.776563 0.400000 0.764062 0.391667 0.759375 0.395833 0.757812 0.402083 0.751563 0.406250 0.750000 0.414583 0.745313 0.418750 0.745313 0.433333 0.742188 0.437500 0.742188 0.445833 0.746875 0.445833 0.746875 0.435417 0.753125 0.433333 0.759375 0.425000 0.773438 0.425000 0.785937 0.414583
10 0.678125 0.368750 0.670312 0.368750 0.667188 0.375000 0.659375 0.370833 0.651563 0.497917 0.654687 0.495833 0.657813 0.466667 0.665625 0.464583 0.664062 0.422917 0.670312 0.414583 0.673438 0.420833 0.676562 0.418750 0.676562 0.400000 0.681250 0.397917 0.676562 0.381250
10 0.085938 0.000000 0.362500 0.412500 0.426563 0.293750 0.515625 0.470833 0.582812 0.329167 0.643750 0.406250 0.645312 0.493750 0.659375 0.297917 0.584375 0.181250 0.625000 0.000000
18 0.800000 0.539583 0.790625 0.664583 0.801562 0.704167 0.826562 0.720833 0.853125 0.710417 0.868750 0.762500 0.931250 0.837500 0.996875 0.841667 0.998437 0.587500 0.973437 0.604167 0.962500 0.570833 0.981250 0.552083 0.923438 0.537500 0.929688 0.575000 0.881250 0.577083 0.881250 0.552083