0 0.240625 0.991667 0.998437 0.997917 0.998437 0.806250 0.487500 0.510417
1 0.770312 0.670833 0.848437 0.706250 0.998437 0.804167 0.998437 0.691667
2 0.651563 0.477083 0.646875 0.477083 0.642188 0.481250 0.639062 0.481250 0.634375 0.487500 0.634375 0.497917 0.635938 0.500000 0.635938 0.502083 0.640625 0.502083 0.643750 0.497917 0.648438 0.497917 0.650000 0.500000 0.651563 0.500000 0.653125 0.497917 0.653125 0.479167
2 0.628125 0.389583 0.551562 0.389583 0.539062 0.462500 0.517188 0.462500 0.498437 0.439583 0.468750 0.483333 0.490625 0.506250 0.628125 0.508333 0.628125 0.483333 0.604688 0.504167 0.587500 0.477083 0.540625 0.466667 0.550000 0.433333 0.559375 0.456250 0.573438 0.404167 0.584375 0.431250 0.604688 0.393750 0.617188 0.412500
4 0.998437 0.477083 0.643750 0.500000 0.643750 0.608333 0.648438 0.566667 0.773438 0.575000 0.776563 0.637500 0.784375 0.575000 0.998437 0.579167
4 0.229687 0.420833 0.207813 0.420833 0.189062 0.427083 0.179688 0.425000 0.178125 0.429167 0.184375 0.431250 0.184375 0.443750 0.189062 0.441667 0.190625 0.429167 0.196875 0.431250 0.196875 0.435417 0.193750 0.437500 0.201563 0.433333 0.209375 0.435417 0.215625 0.431250 0.223438 0.431250 0.225000 0.425000
5 0.323437 0.000000 0.310937 0.004167 0.312500 0.695833
8 0.304688 0.333333 0.285938 0.300000 0.246875 0.293750 0.195312 0.379167 0.162500 0.370833 0.118750 0.425000 0.087500 0.370833 0.043750 0.393750 0.028125 0.364583 0.000000 0.364583 0.000000 0.479167 0.035937 0.491667 0.229687 0.418750 0.248438 0.427083 0.237500 0.479167 0.301563 0.485417
8 0.410938 0.218750 0.389062 0.270833 0.396875 0.310417 0.376563 0.285417 0.389062 0.327083 0.360938 0.343750 0.337500 0.397917 0.320312 0.368750 0.323437 0.479167 0.335938 0.477083 0.359375 0.537500 0.471875 0.529167 0.481250 0.510417 0.467187 0.483333 0.496875 0.429167 0.496875 0.393750 0.451562 0.339583 0.457813 0.302083 0.428125 0.293750 0.428125 0.241667
8 0.998437 0.281250 0.900000 0.354167 0.865625 0.135417 0.801562 0.243750 0.826562 0.387500 0.800000 0.331250 0.754687 0.416667 0.739062 0.291667 0.681250 0.285417 0.662500 0.202083 0.628125 0.356250 0.609375 0.322917 0.625000 0.408333 0.542188 0.466667 0.631250 0.510417 0.998437 0.475000
9 0.481250 0.512500 0.664062 0.635417 0.998437 0.689583 0.998437 0.581250 0.784375 0.577083 0.776563 0.639583 0.773438 0.577083 0.648438 0.568750 0.643750 0.610417 0.639062 0.510417
9 0.467187 0.533333 0.359375 0.539583 0.326562 0.475000 0.312500 0.697917 0.303125 0.479167 0.237500 0.481250 0.246875 0.427083 0.000000 0.481250 0.000000 0.997917 0.239063 0.997917
10 0.325000 0.000000 0.334375 0.395833 0.410938 0.216667 0.539062 0.460417 0.551562 0.387500 0.629687 0.383333 0.662500 0.200000 0.754687 0.414583 0.800000 0.329167 0.825000 0.387500 0.800000 0.243750 0.865625 0.133333 0.900000 0.352083 0.998437 0.279167 0.998437 0.000000
10 0.000000 0.000000 0.000000 0.362500 0.043750 0.391667 0.087500 0.368750 0.118750 0.422917 0.162500 0.368750 0.195312 0.377083 0.246875 0.291667 0.285938 0.297917 0.304688 0.331250 0.310937 0.000000