0 0.000000 0.835417 0.000000 0.997917 0.998437 0.997917 0.998437 0.891667 0.796875 0.737500 0.775000 0.827083 0.593750 0.587500 0.481250 0.514583
1 0.615625 0.641667 0.775000 0.825000 0.789062 0.812500 0.768750 0.754167 0.821875 0.735417 0.998437 0.889583 0.998437 0.850000 0.962500 0.825000 0.932813 0.750000 0.878125 0.756250 0.848437 0.697917 0.778125 0.666667
1 0.557813 0.556250 0.565625 0.568750 0.568750 0.568750 0.584375 0.587500 0.593750 0.585417 0.598437 0.591667 0.603125 0.591667 0.606250 0.564583 0.590625 0.560417 0.562500 0.560417 0.560937 0.556250
2 0.560937 0.420833 0.539062 0.416667 0.529687 0.435417 0.529687 0.466667 0.521875 0.475000 0.510938 0.472917 0.504687 0.452083 0.487500 0.452083 0.475000 0.477083 0.464062 0.483333 0.468750 0.502083 0.560937 0.495833 0.537500 0.485417 0.540625 0.456250 0.553125 0.433333 0.559375 0.433333
2 0.998437 0.000000 0.898438 0.000000 0.662500 0.347917 0.739062 0.362500 0.746875 0.445833 0.753125 0.370833 0.868750 0.379167 0.873437 0.470833 0.884375 0.402083 0.898438 0.433333 0.893750 0.377083 0.998437 0.314583
3 0.000000 0.000000 0.000000 0.466667 0.137500 0.466667 0.148438 0.366667 0.173437 0.345833 0.218750 0.441667 0.195312 0.485417 0.271875 0.489583 0.289062 0.254167 0.082812 0.000000
4 0.734375 0.504167 0.734375 0.539583 0.740625 0.518750 0.787500 0.547917 0.840625 0.552083 0.856250 0.537500 0.856250 0.529167 0.845313 0.522917
4 0.670312 0.504167 0.667188 0.556250 0.670312 0.550000 0.725000 0.550000 0.728125 0.508333 0.685937 0.508333 0.684375 0.504167
4 0.468750 0.504167 0.518750 0.516667 0.528125 0.539583 0.534375 0.531250 0.560937 0.547917 0.604688 0.543750 0.607812 0.618750 0.614062 0.570833 0.629687 0.581250 0.654687 0.568750 0.635938 0.556250 0.660937 0.556250 0.662500 0.504167
4 0.898438 0.435417 0.893750 0.445833 0.893750 0.497917 0.890625 0.500000 0.889062 0.514583 0.890625 0.539583 0.895312 0.535417 0.895312 0.472917
5 0.676562 0.354167 0.667188 0.445833 0.662500 0.583333
5 0.412500 0.289583 0.421875 0.300000 0.409375 0.529167 0.423438 0.304167 0.434375 0.297917 0.434375 0.291667
8 0.690625 0.358333 0.687500 0.381250 0.692187 0.393750 0.687500 0.395833 0.687500 0.412500 0.675000 0.427083 0.676562 0.475000 0.671875 0.477083 0.670312 0.502083 0.728125 0.506250 0.734375 0.364583
8 0.167187 0.347917 0.150000 0.366667 0.156250 0.414583 0.150000 0.427083 0.151562 0.447917 0.137500 0.468750 0.120313 0.475000 0.148438 0.491667 0.181250 0.493750 0.200000 0.487500 0.193750 0.479167 0.210938 0.472917 0.217188 0.441667 0.209375 0.441667 0.193750 0.420833 0.192188 0.364583
8 0.589063 0.327083 0.579688 0.358333 0.570312 0.343750 0.576562 0.377083 0.564063 0.375000 0.562500 0.418750 0.553125 0.395833 0.562500 0.429167 0.542188 0.456250 0.539062 0.485417 0.646875 0.502083 0.651563 0.406250 0.632812 0.354167 0.621875 0.368750 0.607812 0.360417 0.596875 0.372917 0.600000 0.335417
8 0.998437 0.316667 0.890625 0.383333 0.892188 0.541667 0.892188 0.410417 0.873437 0.472917 0.868750 0.381250 0.753125 0.372917 0.746875 0.447917 0.742188 0.381250 0.734375 0.502083 0.998437 0.589583
8 0.292187 0.306250 0.281250 0.418750 0.364063 0.425000 0.310937 0.450000 0.298438 0.472917 0.304688 0.491667 0.407813 0.510417 0.420312 0.314583 0.414062 0.350000 0.403125 0.333333 0.409375 0.362500 0.385937 0.364583 0.365625 0.416667 0.340625 0.341667 0.321875 0.314583
8 0.435937 0.295833 0.425000 0.304167 0.414062 0.510417 0.454688 0.516667 0.468750 0.508333 0.462500 0.483333 0.489063 0.450000 0.490625 0.410417 0.481250 0.408333 0.478125 0.387500 0.443750 0.341667
8 0.620313 0.247917 0.681250 0.293750 0.896875 0.000000 0.648438 0.000000 0.623437 0.029167 0.617188 0.131250 0.600000 0.160417
9 0.943750 0.581250 0.945312 0.604167 0.950000 0.610417 0.968750 0.612500 0.982812 0.604167 0.982812 0.600000 0.975000 0.597917 0.964063 0.600000 0.960938 0.597917 0.957812 0.587500 0.964063 0.585417 0.964063 0.581250 0.959375 0.581250 0.957812 0.577083 0.946875 0.575000
9 0.592187 0.602083 0.596875 0.622917 0.614062 0.639583 0.721875 0.654167 0.725000 0.552083 0.670312 0.552083 0.662500 0.585417 0.659375 0.554167 0.635938 0.558333 0.656250 0.568750 0.612500 0.587500 0.607812 0.620833 0.603125 0.593750
9 0.739062 0.535417 0.729688 0.656250 0.778125 0.664583 0.848437 0.695833 0.848437 0.656250 0.862500 0.597917 0.840625 0.591667 0.856250 0.583333 0.853125 0.556250
9 0.490625 0.516667 0.526563 0.547917 0.545312 0.550000 0.554688 0.558333 0.560937 0.554167 0.606250 0.562500 0.604688 0.545833 0.590625 0.550000 0.576562 0.541667 0.562500 0.541667 0.560937 0.550000 0.556250 0.539583 0.534375 0.533333 0.528125 0.541667 0.521875 0.520833
9 0.482812 0.514583 0.409375 0.531250 0.304688 0.493750 0.310937 0.447917 0.362500 0.429167 0.281250 0.420833 0.271875 0.491667 0.000000 0.468750 0.000000 0.833333
10 0.768750 0.435417 0.770312 0.439583 0.787500 0.418750 0.795312 0.416667 0.814063 0.425000 0.815625 0.429167 0.821875 0.429167 0.831250 0.439583 0.831250 0.433333 0.825000 0.431250 0.814063 0.418750 0.814063 0.397917 0.804688 0.395833 0.796875 0.400000 0.793750 0.393750 0.782813 0.395833 0.771875 0.414583 0.771875 0.433333
10 0.679688 0.362500 0.676562 0.418750 0.679688 0.414583 0.684375 0.414583 0.687500 0.408333 0.685937 0.395833 0.690625 0.393750 0.689063 0.383333 0.685937 0.381250 0.687500 0.370833 0.682813 0.368750
10 0.089063 0.000000 0.365625 0.414583 0.434375 0.289583 0.521875 0.472917 0.590625 0.325000 0.596875 0.370833 0.634375 0.354167 0.664062 0.495833 0.676562 0.281250 0.598437 0.170833 0.646875 0.000000
18 0.850000 0.541667 0.857812 0.583333 0.842187 0.591667 0.864062 0.597917 0.850000 0.656250 0.859375 0.735417 0.892188 0.758333 0.935937 0.750000 0.953125 0.808333 0.998437 0.847917 0.998437 0.591667 0.965625 0.583333 0.960938 0.595833 0.984375 0.604167 0.950000 0.612500 0.942187 0.581250 0.957812 0.566667