0 0.240625 0.997917 0.998437 0.997917 0.998437 0.810417 0.484375 0.510417
1 0.764062 0.666667 0.998437 0.808333 0.998437 0.683333
2 0.628125 0.483333 0.626563 0.485417 0.621875 0.483333 0.615625 0.493750 0.614062 0.493750 0.609375 0.485417 0.607812 0.491667 0.604688 0.493750 0.604688 0.508333 0.628125 0.508333
2 0.650000 0.477083 0.646875 0.477083 0.645312 0.479167 0.637500 0.481250 0.634375 0.485417 0.634375 0.487500 0.632812 0.489583 0.632812 0.495833 0.634375 0.497917 0.634375 0.502083 0.635938 0.502083 0.640625 0.497917 0.653125 0.497917 0.653125 0.485417 0.651563 0.483333 0.651563 0.479167
2 0.626563 0.387500 0.551562 0.389583 0.537500 0.462500 0.517188 0.462500 0.496875 0.439583 0.468750 0.483333 0.492188 0.506250 0.601562 0.508333 0.587500 0.477083 0.553125 0.468750 0.548438 0.483333 0.540625 0.458333 0.551562 0.435417 0.559375 0.456250 0.575000 0.402083 0.585938 0.431250 0.604688 0.391667 0.615625 0.414583
4 0.998437 0.472917 0.640625 0.500000 0.639062 0.602083 0.643750 0.562500 0.765625 0.572917 0.771875 0.633333 0.775000 0.572917 0.998437 0.579167
4 0.231250 0.420833 0.212500 0.420833 0.178125 0.429167 0.185938 0.431250 0.185938 0.445833 0.189062 0.445833 0.190625 0.429167 0.201563 0.431250 0.200000 0.435417 0.193750 0.437500 0.196875 0.439583 0.218750 0.431250 0.223438 0.433333 0.225000 0.425000
5 0.328125 0.000000 0.315625 0.014583 0.312500 0.685417 0.326562 0.643750
8 0.017188 0.556250 0.006250 0.558333 0.000000 0.568750 0.000000 0.614583 0.012500 0.612500 0.017188 0.606250 0.017188 0.572917 0.020313 0.570833 0.021875 0.560417
8 0.310937 0.337500 0.285938 0.300000 0.245312 0.295833 0.196875 0.379167 0.164062 0.370833 0.118750 0.425000 0.087500 0.370833 0.043750 0.395833 0.028125 0.364583 0.000000 0.364583 0.000000 0.477083 0.028125 0.502083 0.231250 0.418750 0.250000 0.427083 0.239063 0.485417 0.309375 0.495833
8 0.410938 0.222917 0.389062 0.272917 0.396875 0.312500 0.378125 0.283333 0.389062 0.327083 0.360938 0.343750 0.337500 0.400000 0.328125 0.383333 0.331250 0.539583 0.470313 0.529167 0.479687 0.510417 0.467187 0.483333 0.493750 0.439583 0.496875 0.393750 0.456250 0.350000 0.457813 0.302083 0.428125 0.293750 0.428125 0.243750
8 0.998437 0.279167 0.898438 0.356250 0.862500 0.135417 0.800000 0.243750 0.826562 0.381250 0.798438 0.331250 0.753125 0.416667 0.715625 0.254167 0.678125 0.285417 0.654687 0.206250 0.628125 0.356250 0.607812 0.325000 0.625000 0.408333 0.542188 0.464583 0.631250 0.510417 0.993750 0.475000
9 0.487500 0.508333 0.656250 0.631250 0.998437 0.681250 0.989062 0.577083 0.775000 0.575000 0.770312 0.635417 0.765625 0.575000 0.643750 0.564583 0.639062 0.604167 0.635938 0.510417
9 0.468750 0.531250 0.331250 0.541667 0.328125 0.472917 0.312500 0.687500 0.309375 0.497917 0.239063 0.487500 0.248438 0.427083 0.028125 0.504167 0.000000 0.479167 0.000000 0.566667 0.023438 0.560417 0.000000 0.997917 0.239063 0.997917
10 0.329688 0.000000 0.334375 0.397917 0.410938 0.220833 0.537500 0.460417 0.551562 0.387500 0.628125 0.383333 0.662500 0.202083 0.753125 0.414583 0.798438 0.329167 0.821875 0.387500 0.798438 0.243750 0.862500 0.133333 0.898438 0.354167 0.998437 0.277083 0.998437 0.000000
10 0.000000 0.000000 0.000000 0.362500 0.043750 0.393750 0.087500 0.368750 0.118750 0.422917 0.164062 0.368750 0.196875 0.377083 0.245312 0.293750 0.285938 0.297917 0.310937 0.335417 0.315625 0.000000