0 0.240625 0.997917 0.998437 0.997917 0.998437 0.795833 0.629687 0.622917 0.481250 0.510417
1 0.792188 0.681250 0.893750 0.720833 0.998437 0.793750 0.998437 0.697917
2 0.629687 0.483333 0.625000 0.483333 0.623437 0.481250 0.617188 0.489583 0.609375 0.487500 0.606250 0.493750 0.606250 0.506250 0.607812 0.508333 0.610938 0.506250 0.612500 0.508333 0.614062 0.506250 0.625000 0.506250 0.628125 0.508333 0.629687 0.506250 0.629687 0.493750 0.631250 0.491667
2 0.650000 0.475000 0.634375 0.485417 0.634375 0.497917 0.635938 0.500000 0.635938 0.506250 0.639062 0.506250 0.639062 0.504167 0.643750 0.500000 0.653125 0.500000 0.653125 0.479167
2 0.628125 0.389583 0.589063 0.389583 0.585938 0.379167 0.576562 0.393750 0.553125 0.389583 0.539062 0.460417 0.515625 0.460417 0.507812 0.439583 0.492188 0.439583 0.470313 0.483333 0.489063 0.506250 0.492188 0.495833 0.493750 0.506250 0.603125 0.506250 0.600000 0.485417 0.556250 0.464583 0.575000 0.404167 0.582812 0.437500 0.609375 0.391667 0.623437 0.408333
4 0.998437 0.477083 0.643750 0.502083 0.646875 0.608333 0.651563 0.566667 0.781250 0.577083 0.787500 0.639583 0.790625 0.579167 0.998437 0.585417
4 0.228125 0.416667 0.221875 0.416667 0.220312 0.420833 0.210938 0.418750 0.189062 0.425000 0.175000 0.425000 0.175000 0.431250 0.179688 0.431250 0.181250 0.439583 0.184375 0.443750 0.187500 0.437500 0.193750 0.433333 0.221875 0.431250 0.225000 0.425000 0.228125 0.425000
5 0.317188 0.000000 0.303125 0.035417 0.296875 0.704167 0.314063 0.683333
8 0.298438 0.322917 0.245312 0.295833 0.195312 0.379167 0.159375 0.372917 0.115625 0.425000 0.087500 0.372917 0.053125 0.395833 0.000000 0.364583 0.000000 0.452083 0.071875 0.477083 0.228125 0.414583 0.245312 0.425000 0.232813 0.475000 0.285938 0.495833 0.279687 0.527083 0.295312 0.537500
8 0.410938 0.218750 0.387500 0.272917 0.392188 0.310417 0.375000 0.283333 0.387500 0.327083 0.360938 0.343750 0.334375 0.397917 0.315625 0.362500 0.315625 0.545833 0.465625 0.533333 0.479687 0.508333 0.468750 0.479167 0.496875 0.425000 0.495312 0.393750 0.456250 0.350000 0.457813 0.302083 0.428125 0.293750 0.428125 0.241667
8 0.998437 0.281250 0.904687 0.354167 0.868750 0.133333 0.804688 0.243750 0.829688 0.381250 0.803125 0.333333 0.754687 0.414583 0.718750 0.254167 0.682813 0.281250 0.656250 0.202083 0.629687 0.354167 0.612500 0.320833 0.626563 0.404167 0.575000 0.406250 0.557813 0.466667 0.603125 0.508333 0.998437 0.475000
9 0.498437 0.508333 0.668750 0.639583 0.790625 0.679167 0.998437 0.695833 0.995313 0.585417 0.790625 0.581250 0.787500 0.641667 0.781250 0.579167 0.651563 0.568750 0.646875 0.610417 0.642188 0.510417
9 0.467187 0.533333 0.315625 0.547917 0.296875 0.706250 0.295312 0.539583 0.231250 0.475000 0.243750 0.425000 0.071875 0.479167 0.000000 0.454167 0.000000 0.997917 0.239063 0.997917
10 0.318750 0.000000 0.334375 0.395833 0.410938 0.216667 0.535937 0.460417 0.553125 0.387500 0.629687 0.385417 0.665625 0.197917 0.765625 0.414583 0.803125 0.331250 0.828125 0.381250 0.803125 0.243750 0.868750 0.131250 0.904687 0.352083 0.998437 0.279167 0.998437 0.000000
10 0.000000 0.000000 0.000000 0.362500 0.053125 0.393750 0.087500 0.370833 0.115625 0.422917 0.159375 0.370833 0.195312 0.377083 0.245312 0.293750 0.298438 0.320833 0.303125 0.000000