0 0.240625 0.997917 0.998437 0.997917 0.998437 0.810417 0.654687 0.643750 0.479687 0.508333
1 0.840625 0.716667 0.998437 0.808333 0.998437 0.737500
2 0.628125 0.483333 0.621875 0.481250 0.615625 0.493750 0.612500 0.493750 0.609375 0.485417 0.607812 0.489583 0.604688 0.489583 0.604688 0.508333 0.628125 0.508333
2 0.665625 0.475000 0.662500 0.472917 0.656250 0.477083 0.654687 0.493750 0.653125 0.479167 0.650000 0.475000 0.635938 0.481250 0.632812 0.487500 0.634375 0.508333 0.651563 0.508333 0.653125 0.506250 0.662500 0.508333 0.667188 0.502083 0.665625 0.500000
2 0.631250 0.387500 0.584375 0.375000 0.546875 0.389583 0.535937 0.458333 0.510938 0.458333 0.495312 0.435417 0.464062 0.481250 0.482812 0.502083 0.490625 0.491667 0.492188 0.506250 0.600000 0.508333 0.601562 0.489583 0.551562 0.466667 0.570312 0.402083 0.581250 0.406250 0.581250 0.429167 0.607812 0.387500 0.615625 0.408333
3 0.000000 0.462500 0.000000 0.491667 0.001563 0.487500 0.020313 0.485417 0.021875 0.481250 0.031250 0.481250 0.028125 0.472917 0.026562 0.472917 0.025000 0.468750 0.018750 0.466667 0.017188 0.462500
4 0.998437 0.483333 0.665625 0.504167 0.665625 0.616667 0.671875 0.577083 0.839063 0.595833 0.845313 0.675000 0.850000 0.597917 0.998437 0.602083
4 0.217188 0.414583 0.201563 0.414583 0.189062 0.418750 0.181250 0.416667 0.179688 0.420833 0.164062 0.420833 0.162500 0.425000 0.168750 0.427083 0.167187 0.439583 0.171875 0.439583 0.176563 0.433333 0.173437 0.431250 0.173437 0.427083 0.178125 0.422917 0.184375 0.427083 0.179688 0.431250 0.198437 0.429167 0.200000 0.425000 0.203125 0.427083 0.215625 0.420833 0.217188 0.422917
5 0.260937 0.000000 0.242188 0.006250 0.235937 0.779167 0.256250 0.743750
8 0.235937 0.287500 0.184375 0.368750 0.154688 0.364583 0.106250 0.420833 0.068750 0.362500 0.042188 0.389583 0.000000 0.358333 0.000000 0.460417 0.040625 0.481250 0.157812 0.443750 0.164062 0.418750 0.217188 0.412500 0.218750 0.466667 0.231250 0.477083
8 0.404687 0.206250 0.381250 0.260417 0.389062 0.297917 0.367188 0.275000 0.381250 0.318750 0.326562 0.385417 0.259375 0.287500 0.257812 0.477083 0.267188 0.414583 0.300000 0.537500 0.460938 0.533333 0.475000 0.510417 0.462500 0.479167 0.492188 0.393750 0.450000 0.339583 0.454688 0.291667 0.423438 0.281250
8 0.998437 0.275000 0.915625 0.350000 0.885938 0.114583 0.815625 0.229167 0.840625 0.370833 0.815625 0.322917 0.762500 0.416667 0.728125 0.239583 0.692187 0.270833 0.664062 0.185417 0.635938 0.343750 0.615625 0.308333 0.631250 0.393750 0.543750 0.462500 0.603125 0.510417 0.998437 0.481250
9 0.493750 0.508333 0.654687 0.641667 0.839063 0.714583 0.998437 0.735417 0.998437 0.604167 0.850000 0.600000 0.842187 0.677083 0.839063 0.597917 0.671875 0.579167 0.667188 0.625000 0.664062 0.508333
9 0.462500 0.533333 0.300000 0.539583 0.264062 0.416667 0.235937 0.781250 0.225000 0.425000 0.001563 0.489583 0.000000 0.997917 0.239063 0.997917
10 0.260937 0.002083 0.259375 0.285417 0.326562 0.383333 0.404687 0.204167 0.510938 0.456250 0.631250 0.383333 0.664062 0.183333 0.751563 0.281250 0.762500 0.414583 0.815625 0.320833 0.839063 0.370833 0.814063 0.229167 0.885938 0.112500 0.917188 0.350000 0.998437 0.272917 0.998437 0.000000
10 0.242188 0.000000 0.000000 0.000000 0.000000 0.356250 0.042188 0.387500 0.068750 0.360417 0.106250 0.418750 0.209375 0.331250 0.235937 0.285417