0 0.692187 0.995833 0.567187 0.789583 0.442188 0.483333 0.000000 0.764583 0.000000 0.997917
2 0.835938 0.508333 0.831250 0.531250 0.832812 0.543750 0.843750 0.545833 0.850000 0.533333 0.854688 0.547917 0.893750 0.554167 0.895312 0.558333 0.895312 0.533333 0.889062 0.541667 0.873437 0.525000 0.856250 0.516667 0.850000 0.522917 0.846875 0.508333
2 0.632812 0.472917 0.632812 0.475000 0.628125 0.481250 0.628125 0.485417 0.631250 0.493750 0.631250 0.502083 0.629687 0.506250 0.632812 0.506250 0.634375 0.508333 0.639062 0.508333 0.639062 0.497917 0.640625 0.495833 0.640625 0.477083 0.639062 0.472917
2 0.546875 0.456250 0.543750 0.487500 0.545312 0.495833 0.560937 0.495833 0.582812 0.502083 0.584375 0.479167 0.581250 0.483333 0.576562 0.475000 0.571875 0.477083 0.564063 0.456250 0.560937 0.454167
2 0.634375 0.354167 0.656250 0.389583 0.664062 0.445833 0.660937 0.464583 0.648438 0.477083 0.646875 0.510417 0.670312 0.514583 0.662500 0.502083 0.668750 0.477083 0.665625 0.462500 0.670312 0.456250 0.670312 0.358333
2 0.584375 0.350000 0.523438 0.339583 0.496875 0.435417 0.437500 0.404167 0.385937 0.447917 0.390625 0.475000 0.417187 0.439583 0.418750 0.462500 0.464062 0.481250 0.468750 0.450000 0.467187 0.481250 0.507812 0.485417 0.514062 0.454167 0.515625 0.487500 0.537500 0.491667 0.542188 0.456250 0.506250 0.427083 0.517188 0.372917 0.534375 0.391667 0.559375 0.350000 0.560937 0.402083
4 0.795312 0.531250 0.795312 0.537500 0.796875 0.539583 0.818750 0.539583 0.820312 0.541667 0.829688 0.541667 0.829688 0.531250 0.831250 0.529167 0.828125 0.529167 0.826562 0.527083 0.804688 0.527083 0.803125 0.525000 0.800000 0.525000 0.798438 0.527083 0.796875 0.525000 0.796875 0.529167
8 0.520312 0.368750 0.507812 0.427083 0.543750 0.456250 0.539062 0.495833 0.545312 0.456250 0.560937 0.452083 0.585938 0.479167 0.585938 0.506250 0.596875 0.475000 0.621875 0.510417 0.639062 0.470833 0.645312 0.510417 0.662500 0.445833 0.654687 0.389583 0.632812 0.354167 0.610938 0.372917 0.606250 0.329167 0.585938 0.335417 0.560937 0.404167 0.559375 0.352083 0.534375 0.393750
8 0.865625 0.000000 0.881250 0.100000 0.823438 0.143750 0.865625 0.195833 0.835938 0.216667 0.851562 0.245833 0.789062 0.252083 0.810937 0.306250 0.767188 0.318750 0.748437 0.412500 0.715625 0.460417 0.679688 0.445833 0.664062 0.502083 0.781250 0.535417 0.846875 0.506250 0.926562 0.568750 0.935937 0.633333 0.943750 0.570833 0.998437 0.581250 0.998437 0.000000
8 0.000000 0.000000 0.000000 0.529167 0.234375 0.572917 0.376563 0.512500 0.382812 0.443750 0.428125 0.425000 0.450000 0.343750 0.400000 0.272917 0.334375 0.262500 0.356250 0.252083 0.334375 0.204167 0.353125 0.012500 0.321875 0.050000 0.290625 0.000000
9 0.000000 0.762500 0.298438 0.560417 0.196875 0.572917 0.031250 0.520833 0.000000 0.531250
9 0.434375 0.477083 0.693750 0.997917 0.998437 0.997917 0.998437 0.583333 0.943750 0.572917 0.926562 0.635417 0.918750 0.562500
9 0.381250 0.506250 0.382812 0.506250 0.384375 0.502083 0.387500 0.502083 0.395313 0.495833 0.396875 0.491667 0.401562 0.491667 0.403125 0.487500 0.409375 0.487500 0.418750 0.481250 0.418750 0.479167 0.409375 0.479167 0.407813 0.477083 0.398438 0.477083 0.396875 0.479167 0.395313 0.477083 0.389062 0.477083 0.385937 0.479167 0.385937 0.483333 0.381250 0.493750
10 0.787500 0.320833 0.781250 0.329167 0.779687 0.366667 0.782813 0.370833 0.787500 0.360417 0.792188 0.368750 0.789062 0.393750 0.795312 0.406250 0.796875 0.439583 0.803125 0.447917 0.810937 0.443750 0.812500 0.433333 0.820312 0.433333 0.839063 0.389583 0.826562 0.389583 0.825000 0.379167 0.812500 0.389583 0.800000 0.389583 0.798438 0.364583 0.806250 0.358333 0.785937 0.345833 0.789062 0.335417 0.800000 0.329167
10 0.292187 0.000000 0.321875 0.047917 0.354687 0.012500 0.335938 0.262500 0.417187 0.287500 0.478125 0.433333 0.523438 0.337500 0.671875 0.358333 0.671875 0.456250 0.715625 0.458333 0.765625 0.318750 0.809375 0.306250 0.787500 0.252083 0.850000 0.245833 0.829688 0.114583 0.879687 0.100000 0.864062 0.000000