0 0.121875 0.997917 0.998437 0.997917 0.998437 0.954167 0.425000 0.493750
2 0.581250 0.460417 0.573438 0.458333 0.570312 0.466667 0.565625 0.470833 0.564063 0.466667 0.560937 0.464583 0.560937 0.466667 0.556250 0.470833 0.556250 0.487500 0.579688 0.487500 0.579688 0.479167 0.581250 0.477083
2 0.603125 0.452083 0.600000 0.450000 0.596875 0.452083 0.595313 0.456250 0.590625 0.456250 0.589063 0.460417 0.585938 0.462500 0.585938 0.477083 0.587500 0.479167 0.585938 0.487500 0.603125 0.485417
2 0.617188 0.368750 0.559375 0.347917 0.492188 0.364583 0.481250 0.441667 0.429688 0.418750 0.404687 0.477083 0.553125 0.487500 0.535937 0.454167 0.487500 0.437500 0.496875 0.404167 0.504687 0.435417 0.521875 0.372917 0.532813 0.406250 0.557813 0.358333 0.567187 0.381250 0.600000 0.381250 0.623437 0.437500 0.607812 0.485417 0.629687 0.485417
4 0.967187 0.514583 0.964063 0.514583 0.962500 0.510417 0.957812 0.508333 0.943750 0.508333 0.942187 0.510417 0.928125 0.510417 0.926562 0.514583 0.917188 0.514583 0.917188 0.516667 0.921875 0.522917 0.926562 0.522917 0.928125 0.518750 0.934375 0.518750 0.935937 0.522917 0.943750 0.522917 0.945312 0.527083 0.950000 0.527083 0.951562 0.522917 0.957812 0.522917 0.959375 0.518750 0.965625 0.518750
4 0.998437 0.468750 0.823438 0.487500 0.831250 0.779167 0.837500 0.660417 0.998437 0.697917 0.998437 0.610417 0.873437 0.560417 0.832812 0.497917 0.860938 0.491667 0.857812 0.514583 0.878125 0.522917 0.870313 0.491667 0.998437 0.491667
8 0.496875 0.406250 0.490625 0.443750 0.535937 0.452083 0.554688 0.468750 0.554688 0.487500 0.554688 0.470833 0.573438 0.456250 0.582812 0.460417 0.584375 0.487500 0.584375 0.462500 0.600000 0.447917 0.606250 0.487500 0.606250 0.452083 0.621875 0.439583 0.598437 0.381250 0.576562 0.368750 0.567187 0.383333 0.557813 0.360417 0.539062 0.375000 0.532813 0.408333 0.526563 0.379167 0.518750 0.379167 0.501563 0.441667
8 0.432812 0.364583 0.384375 0.318750 0.381250 0.233333 0.342187 0.227083 0.315625 0.129167 0.287500 0.197917 0.301563 0.250000 0.273438 0.208333 0.290625 0.266667 0.239063 0.302083 0.240625 0.341667 0.156250 0.247917 0.107813 0.258333 0.089063 0.318750 0.070312 0.291667 0.000000 0.339583 0.000000 0.568750 0.390625 0.533333
8 0.896875 0.008333 0.806250 0.154167 0.807813 0.345833 0.751563 0.379167 0.762500 0.268750 0.715625 0.145833 0.678125 0.175000 0.682813 0.077083 0.660937 0.154167 0.643750 0.068750 0.643750 0.195833 0.615625 0.114583 0.612500 0.275000 0.587500 0.235417 0.654687 0.525000 0.998437 0.466667 0.998437 0.239583 0.925000 0.191667 0.907813 0.256250
9 0.396875 0.529167 0.153125 0.581250 0.000000 0.570833 0.000000 0.997917 0.120313 0.997917
9 0.834375 0.497917 0.845313 0.529167 0.868750 0.533333 0.873437 0.558333 0.912500 0.579167 0.935937 0.575000 0.953125 0.595833 0.959375 0.589583 0.998437 0.608333 0.998437 0.493750 0.870313 0.493750 0.878125 0.525000 0.856250 0.514583 0.860938 0.493750
9 0.439063 0.493750 0.768750 0.797917 0.998437 0.952083 0.998437 0.700000 0.837500 0.662500 0.826562 0.772917 0.821875 0.487500 0.700000 0.485417 0.684375 0.520833 0.660937 0.487500 0.657813 0.527083 0.650000 0.487500
10 0.000000 0.000000 0.014063 0.350000 0.121875 0.245833 0.240625 0.339583 0.317188 0.127083 0.481250 0.439583 0.610938 0.350000 0.646875 0.064583 0.751563 0.377083 0.893750 0.004167 0.909375 0.256250 0.998437 0.237500 0.998437 0.000000