0 0.704688 0.995833 0.471875 0.489583 0.401562 0.500000 0.000000 0.764583 0.000000 0.997917
2 0.923438 0.552083 0.923438 0.558333 0.951562 0.564583 0.953125 0.568750 0.992188 0.568750 0.987500 0.556250 0.981250 0.558333 0.978125 0.554167 0.973437 0.525000 0.965625 0.518750 0.954688 0.518750 0.953125 0.514583 0.937500 0.514583 0.937500 0.539583
2 0.701562 0.481250 0.698438 0.481250 0.692187 0.489583 0.690625 0.489583 0.690625 0.506250 0.692187 0.508333 0.692187 0.518750 0.696875 0.518750 0.698438 0.522917 0.700000 0.522917 0.700000 0.504167 0.701562 0.502083
2 0.725000 0.472917 0.723437 0.477083 0.718750 0.477083 0.710938 0.489583 0.707812 0.500000 0.706250 0.522917 0.720313 0.522917 0.721875 0.527083 0.737500 0.527083 0.728125 0.512500 0.728125 0.500000 0.732812 0.489583 0.732812 0.477083 0.731250 0.472917
2 0.593750 0.460417 0.592187 0.506250 0.607812 0.506250 0.609375 0.502083 0.610938 0.508333 0.642188 0.512500 0.642188 0.489583 0.639062 0.493750 0.631250 0.481250 0.626563 0.483333 0.621875 0.475000 0.623437 0.466667 0.612500 0.456250
2 0.404687 0.427083 0.401562 0.481250 0.409375 0.481250 0.410938 0.475000 0.415625 0.470833 0.414062 0.464583 0.415625 0.460417 0.418750 0.464583 0.418750 0.481250 0.420312 0.481250 0.420312 0.445833 0.415625 0.443750 0.414062 0.439583 0.415625 0.431250 0.412500 0.427083
2 0.704688 0.350000 0.721875 0.364583 0.721875 0.375000 0.729688 0.389583 0.731250 0.408333 0.726562 0.416667 0.729688 0.427083 0.728125 0.450000 0.734375 0.462500 0.735938 0.408333 0.732812 0.347917
2 0.634375 0.343750 0.609375 0.341667 0.607812 0.322917 0.576562 0.337500 0.575000 0.300000 0.537500 0.441667 0.501563 0.439583 0.492188 0.408333 0.464062 0.406250 0.428125 0.450000 0.425000 0.481250 0.443750 0.447917 0.445312 0.468750 0.539062 0.460417 0.585938 0.506250 0.589063 0.460417 0.560937 0.466667 0.551562 0.395833 0.562500 0.414583 0.568750 0.358333 0.585938 0.372917 0.606250 0.339583 0.614062 0.408333
4 0.467187 0.483333 0.476562 0.489583 0.509375 0.491667 0.510938 0.495833 0.534375 0.502083 0.553125 0.502083 0.557813 0.497917 0.556250 0.483333 0.535937 0.477083 0.475000 0.477083 0.471875 0.485417 0.470313 0.479167
5 0.362500 0.218750 0.348438 0.222917 0.359375 0.235417 0.351562 0.433333 0.365625 0.237500 0.378125 0.231250
8 0.998437 0.572917 0.993750 0.375000 0.945312 0.364583 0.900000 0.437500 0.887500 0.287500 0.768750 0.477083 0.729688 0.460417 0.720313 0.364583 0.667188 0.304167 0.614062 0.410417 0.606250 0.341667 0.553125 0.395833 0.587500 0.506250 0.595313 0.456250 0.684375 0.525000 0.731250 0.470833 0.748437 0.533333 0.925000 0.560417 0.953125 0.512500
8 0.000000 0.000000 0.000000 0.677083 0.075000 0.643750 0.062500 0.716667 0.365625 0.547917 0.401562 0.410417 0.423438 0.483333 0.479687 0.331250 0.387500 0.258333 0.350000 0.433333 0.356250 0.268750 0.279687 0.237500 0.293750 0.135417 0.328125 0.147917 0.279687 0.114583 0.323437 0.087500 0.284375 0.000000
9 0.079687 0.650000 0.037500 0.656250 0.029687 0.666667 0.000000 0.679167 0.000000 0.762500 0.085938 0.712500 0.062500 0.718750 0.043750 0.693750 0.079687 0.668750
9 0.467187 0.485417 0.706250 0.997917 0.998437 0.997917 0.998437 0.575000
9 0.401562 0.483333 0.401562 0.497917 0.409375 0.497917 0.410938 0.500000 0.428125 0.500000 0.432812 0.495833 0.439063 0.495833 0.440625 0.491667 0.446875 0.491667 0.443750 0.487500 0.435937 0.487500 0.432812 0.483333 0.425000 0.483333 0.423438 0.485417 0.414062 0.483333 0.412500 0.479167 0.409375 0.483333
9 0.396875 0.479167 0.389062 0.485417 0.389062 0.502083 0.385937 0.508333 0.382812 0.508333 0.381250 0.518750 0.376563 0.527083 0.376563 0.535417 0.384375 0.533333 0.385937 0.529167 0.389062 0.529167 0.403125 0.516667 0.404687 0.506250 0.409375 0.506250 0.409375 0.504167 0.395313 0.500000
10 0.285938 0.000000 0.325000 0.087500 0.281250 0.114583 0.329688 0.147917 0.295312 0.135417 0.282813 0.241667 0.426563 0.260417 0.501563 0.437500 0.575000 0.297917 0.732812 0.345833 0.765625 0.475000 0.867188 0.287500 0.900000 0.435417 0.945312 0.362500 0.998437 0.387500 0.998437 0.000000
13 0.434375 0.483333 0.435937 0.485417 0.443750 0.485417 0.445312 0.487500 0.462500 0.487500 0.462500 0.479167 0.460938 0.479167 0.459375 0.475000 0.456250 0.472917 0.451562 0.472917 0.450000 0.470833 0.445312 0.470833 0.443750 0.472917 0.440625 0.472917 0.437500 0.475000