0 0.732812 0.993750 0.487500 0.493750 0.417187 0.504167 0.000000 0.795833 0.000000 0.997917
2 0.729688 0.483333 0.723437 0.489583 0.720313 0.489583 0.718750 0.493750 0.718750 0.518750 0.717187 0.522917 0.723437 0.522917 0.725000 0.527083 0.728125 0.527083
2 0.706250 0.477083 0.704688 0.479167 0.704688 0.487500 0.703125 0.489583 0.700000 0.489583 0.696875 0.495833 0.704688 0.510417 0.703125 0.522917 0.709375 0.522917 0.709375 0.510417 0.710938 0.508333 0.710938 0.497917 0.712500 0.495833 0.712500 0.487500 0.709375 0.479167
2 0.734375 0.489583 0.734375 0.527083 0.770312 0.533333 0.759375 0.518750 0.759375 0.504167 0.764062 0.497917 0.764062 0.485417 0.767188 0.483333 0.762500 0.475000 0.751563 0.475000 0.742188 0.481250 0.737500 0.489583
2 0.596875 0.450000 0.592187 0.452083 0.587500 0.468750 0.587500 0.481250 0.584375 0.489583 0.584375 0.506250 0.607812 0.508333 0.610938 0.491667 0.610938 0.452083
2 0.645312 0.406250 0.643750 0.443750 0.637500 0.452083 0.615625 0.458333 0.612500 0.508333 0.670312 0.518750 0.670312 0.489583 0.662500 0.493750 0.657813 0.481250 0.650000 0.485417 0.646875 0.479167 0.650000 0.468750 0.642188 0.460417 0.651563 0.433333
2 0.742188 0.343750 0.745313 0.350000 0.748437 0.350000 0.750000 0.352083 0.753125 0.370833 0.754687 0.370833 0.757812 0.375000 0.757812 0.379167 0.762500 0.383333 0.762500 0.352083 0.760938 0.350000 0.760938 0.343750
2 0.625000 0.320833 0.623437 0.335417 0.629687 0.335417 0.635938 0.347917 0.631250 0.360417 0.632812 0.372917 0.635938 0.377083 0.640625 0.377083 0.642188 0.372917 0.643750 0.377083 0.648438 0.377083 0.650000 0.362500 0.660937 0.347917 0.659375 0.337500 0.632812 0.337500 0.628125 0.329167 0.629687 0.322917
2 0.600000 0.283333 0.592187 0.333333 0.570312 0.343750 0.554688 0.445833 0.517188 0.441667 0.509375 0.410417 0.479687 0.408333 0.437500 0.456250 0.421875 0.427083 0.412500 0.483333 0.435937 0.470833 0.446875 0.485417 0.459375 0.445833 0.460938 0.472917 0.564063 0.466667 0.579688 0.502083 0.571875 0.397917 0.579688 0.387500 0.587500 0.412500 0.592187 0.341667 0.606250 0.370833 0.615625 0.339583 0.600000 0.333333
4 0.490625 0.483333 0.490625 0.491667 0.498437 0.491667 0.500000 0.495833 0.523438 0.495833 0.531250 0.502083 0.540625 0.502083 0.542188 0.506250 0.575000 0.506250 0.576562 0.487500 0.565625 0.483333 0.564063 0.479167 0.503125 0.479167 0.496875 0.485417
5 0.357812 0.183333 0.348438 0.187500 0.362500 0.216667 0.351562 0.429167 0.356250 0.425000 0.368750 0.206250 0.382812 0.200000 0.375000 0.187500
8 0.998437 0.362500 0.953125 0.406250 0.915625 0.275000 0.887500 0.406250 0.756250 0.452083 0.762500 0.385417 0.693750 0.295833 0.648438 0.379167 0.593750 0.341667 0.581250 0.506250 0.646875 0.404167 0.673438 0.525000 0.706250 0.475000 0.732812 0.527083 0.762500 0.472917 0.776563 0.535417 0.900000 0.556250 0.904687 0.522917 0.998437 0.570833
8 0.000000 0.000000 0.000000 0.704167 0.162500 0.689583 0.396875 0.535417 0.414062 0.408333 0.437500 0.454167 0.490625 0.397917 0.495312 0.331250 0.401562 0.256250 0.367188 0.270833 0.350000 0.429167 0.357812 0.281250 0.265625 0.204167 0.282813 0.083333 0.321875 0.087500 0.259375 0.031250 0.307812 0.000000
9 0.000000 0.793750 0.150000 0.691667 0.087500 0.697917 0.037500 0.681250 0.000000 0.706250 0.000000 0.741667 0.006250 0.747917 0.003125 0.766667 0.014063 0.768750 0.000000 0.770833
9 0.053125 0.675000 0.064062 0.675000 0.073438 0.668750 0.081250 0.668750 0.087500 0.662500 0.085938 0.660417 0.076563 0.660417 0.073438 0.662500 0.071875 0.658333 0.067187 0.656250 0.067187 0.650000 0.059375 0.647917 0.057813 0.652083 0.054688 0.654167 0.053125 0.660417 0.054688 0.666667
9 0.482812 0.489583 0.734375 0.997917 0.998437 0.997917 0.998437 0.572917
9 0.396875 0.529167 0.401562 0.533333 0.415625 0.520833 0.415625 0.514583 0.420312 0.510417 0.415625 0.506250 0.417187 0.502083 0.445312 0.502083 0.460938 0.495833 0.460938 0.489583 0.412500 0.485417 0.412500 0.506250 0.409375 0.508333 0.407813 0.485417 0.401562 0.485417 0.398438 0.489583
10 0.260937 0.031250 0.323437 0.087500 0.284375 0.083333 0.267188 0.204167 0.357812 0.279167 0.375000 0.185417 0.364063 0.277083 0.442188 0.258333 0.517188 0.439583 0.554688 0.443750 0.600000 0.281250 0.601562 0.333333 0.696875 0.293750 0.760938 0.341667 0.795312 0.454167 0.887500 0.404167 0.915625 0.272917 0.953125 0.404167 0.998437 0.360417 0.998437 0.000000
13 0.448437 0.479167 0.448437 0.487500 0.460938 0.487500 0.462500 0.491667 0.476562 0.491667 0.478125 0.489583 0.478125 0.483333 0.476562 0.479167 0.470313 0.475000 0.456250 0.475000 0.451562 0.479167