0 0.760938 0.997917 0.492188 0.493750 0.410938 0.504167 0.353125 0.587500 0.000000 0.820833 0.000000 0.997917
2 0.765625 0.468750 0.757812 0.475000 0.756250 0.489583 0.753125 0.493750 0.753125 0.522917 0.760938 0.522917 0.762500 0.527083 0.787500 0.529167 0.779687 0.520833 0.775000 0.510417 0.778125 0.483333 0.782813 0.472917 0.775000 0.466667
2 0.687500 0.489583 0.678125 0.489583 0.671875 0.479167 0.664062 0.481250 0.660937 0.477083 0.664062 0.466667 0.654687 0.456250 0.653125 0.445833 0.628125 0.447917 0.625000 0.508333 0.665625 0.508333 0.685937 0.500000
2 0.617188 0.443750 0.607812 0.445833 0.600000 0.462500 0.596875 0.506250 0.618750 0.506250 0.621875 0.447917
2 0.428125 0.427083 0.421875 0.435417 0.421875 0.443750 0.418750 0.447917 0.412500 0.447917 0.412500 0.462500 0.417187 0.466667 0.426563 0.468750 0.428125 0.462500 0.432812 0.462500 0.435937 0.466667 0.434375 0.483333 0.435937 0.487500 0.435937 0.454167 0.432812 0.456250 0.429688 0.450000 0.429688 0.441667 0.432812 0.435417
2 0.603125 0.327083 0.578125 0.327083 0.559375 0.441667 0.520312 0.441667 0.510938 0.408333 0.482812 0.408333 0.475000 0.431250 0.443750 0.447917 0.440625 0.487500 0.450000 0.487500 0.462500 0.443750 0.464062 0.466667 0.507812 0.477083 0.512500 0.458333 0.526563 0.477083 0.568750 0.462500 0.592187 0.502083 0.582812 0.385417 0.590625 0.379167 0.598437 0.404167
2 0.671875 0.316667 0.670312 0.316667 0.668750 0.329167 0.645312 0.331250 0.646875 0.341667 0.643750 0.343750 0.642188 0.358333 0.648438 0.372917 0.654687 0.372917 0.660937 0.360417 0.660937 0.352083 0.670312 0.341667 0.670312 0.331250 0.673438 0.329167
4 0.960938 0.550000 0.960938 0.554167 0.964063 0.554167 0.965625 0.558333 0.998437 0.558333 0.998437 0.539583 0.964063 0.539583 0.964063 0.547917
4 0.489063 0.485417 0.495312 0.495833 0.520312 0.495833 0.545312 0.502083 0.546875 0.506250 0.582812 0.506250 0.584375 0.502083 0.582812 0.483333 0.575000 0.483333 0.573438 0.479167 0.506250 0.479167 0.504687 0.483333 0.495312 0.479167 0.492188 0.487500
5 0.342187 0.131250 0.326562 0.133333 0.343750 0.181250 0.334375 0.414583 0.346875 0.191667 0.353125 0.160417 0.368750 0.154167 0.364063 0.141667
8 0.464062 0.468750 0.464062 0.475000 0.476562 0.475000 0.481250 0.485417 0.485938 0.485417 0.487500 0.487500 0.490625 0.481250 0.490625 0.475000 0.493750 0.470833 0.498437 0.481250 0.504687 0.481250 0.506250 0.477083 0.498437 0.475000 0.490625 0.468750
8 0.970313 0.250000 0.903125 0.429167 0.862500 0.385417 0.776563 0.454167 0.781250 0.362500 0.715625 0.281250 0.654687 0.375000 0.607812 0.306250 0.593750 0.522917 0.617188 0.441667 0.620313 0.514583 0.653125 0.443750 0.689063 0.522917 0.700000 0.485417 0.731250 0.529167 0.743750 0.483333 0.746875 0.527083 0.775000 0.464583 0.795312 0.531250 0.998437 0.537500
8 0.256250 0.000000 0.262500 0.000000 0.265625 0.004167 0.270313 0.006250 0.276562 0.022917 0.281250 0.027083 0.287500 0.027083 0.289062 0.029167 0.290625 0.027083 0.290625 0.014583 0.285938 0.004167 0.278125 0.000000 0.276562 0.004167 0.273438 0.004167 0.268750 0.000000
8 0.246875 0.000000 0.000000 0.000000 0.000000 0.818750 0.403125 0.535417 0.410938 0.404167 0.439063 0.487500 0.493750 0.395833 0.496875 0.322917 0.414062 0.250000 0.345313 0.272917 0.332813 0.414583 0.335938 0.247917 0.215625 0.120833
9 0.493750 0.493750 0.762500 0.997917 0.998437 0.997917 0.998437 0.560417
9 0.410938 0.489583 0.410938 0.502083 0.415625 0.502083 0.417187 0.506250 0.445312 0.506250 0.446875 0.502083 0.465625 0.495833 0.465625 0.493750 0.457813 0.493750 0.456250 0.489583 0.435937 0.489583 0.425000 0.485417 0.412500 0.485417
9 0.404687 0.483333 0.398438 0.485417 0.396875 0.489583 0.396875 0.500000 0.398438 0.502083 0.395313 0.504167 0.393750 0.514583 0.403125 0.520833 0.404687 0.525000 0.401562 0.529167 0.404687 0.533333 0.407813 0.533333 0.409375 0.529167 0.415625 0.527083 0.421875 0.516667 0.417187 0.510417 0.412500 0.508333 0.406250 0.510417 0.403125 0.506250 0.404687 0.500000 0.407813 0.497917 0.407813 0.485417
10 0.217188 0.112500 0.337500 0.254167 0.325000 0.133333 0.364063 0.139583 0.345313 0.270833 0.442188 0.254167 0.520312 0.439583 0.612500 0.245833 0.614062 0.325000 0.712500 0.277083 0.771875 0.329167 0.787500 0.445833 0.885938 0.379167 0.903125 0.427083 0.945312 0.250000 0.998437 0.350000 0.998437 0.000000 0.248438 0.000000
13 0.451562 0.483333 0.451562 0.487500 0.456250 0.487500 0.457813 0.491667 0.479687 0.491667 0.479687 0.483333 0.476562 0.477083 0.464062 0.477083 0.462500 0.475000 0.460938 0.477083 0.453125 0.479167