0 0.771875 0.995833 0.478125 0.493750 0.320312 0.535417 0.368750 0.550000 0.000000 0.864583 0.000000 0.997917
2 0.871875 0.468750 0.862500 0.468750 0.860938 0.472917 0.857812 0.472917 0.857812 0.491667 0.854688 0.493750 0.854688 0.506250 0.868750 0.506250 0.868750 0.500000 0.870313 0.497917 0.870313 0.491667 0.873437 0.481250 0.873437 0.472917
2 0.759375 0.456250 0.753125 0.456250 0.753125 0.464583 0.746875 0.468750 0.740625 0.491667 0.735938 0.489583 0.732812 0.464583 0.726562 0.464583 0.721875 0.472917 0.721875 0.485417 0.725000 0.487500 0.721875 0.506250 0.728125 0.506250 0.729688 0.502083 0.732812 0.506250 0.745313 0.508333 0.759375 0.506250
2 0.781250 0.454167 0.778125 0.464583 0.773438 0.468750 0.773438 0.508333 0.817187 0.512500 0.801562 0.495833 0.804688 0.458333 0.809375 0.454167 0.807813 0.447917 0.792188 0.445833 0.789062 0.452083
2 0.629687 0.433333 0.626563 0.433333 0.620313 0.441667 0.617188 0.500000 0.626563 0.500000 0.628125 0.458333 0.629687 0.456250 0.628125 0.435417
2 0.395313 0.427083 0.393750 0.439583 0.390625 0.441667 0.389062 0.445833 0.385937 0.445833 0.384375 0.450000 0.385937 0.454167 0.389062 0.456250 0.392188 0.464583 0.403125 0.464583 0.404687 0.462500 0.404687 0.456250 0.401562 0.447917 0.404687 0.439583 0.404687 0.427083
2 0.615625 0.300000 0.567187 0.300000 0.554688 0.445833 0.500000 0.435417 0.490625 0.402083 0.460938 0.402083 0.407813 0.458333 0.414062 0.487500 0.432812 0.477083 0.440625 0.437500 0.443750 0.466667 0.501563 0.475000 0.559375 0.454167 0.582812 0.495833 0.595313 0.483333 0.610938 0.497917 0.595313 0.362500
2 0.670312 0.279167 0.650000 0.316667 0.668750 0.412500 0.635938 0.433333 0.632812 0.500000 0.715625 0.506250 0.715625 0.472917 0.701562 0.472917 0.698438 0.458333 0.681250 0.464583 0.685937 0.443750 0.671875 0.416667 0.689063 0.385417 0.682813 0.364583 0.665625 0.362500 0.665625 0.341667 0.681250 0.322917 0.678125 0.308333 0.696875 0.295833 0.678125 0.297917
3 0.382812 0.472917 0.382812 0.485417 0.387500 0.485417 0.389062 0.487500 0.404687 0.487500 0.403125 0.485417 0.404687 0.481250 0.403125 0.477083 0.404687 0.475000 0.404687 0.468750 0.403125 0.466667 0.390625 0.466667 0.390625 0.468750 0.387500 0.472917
4 0.610938 0.502083 0.598437 0.497917 0.595313 0.485417 0.592187 0.497917 0.590625 0.493750 0.582812 0.497917 0.576562 0.472917 0.556250 0.468750 0.487500 0.477083 0.487500 0.491667 0.509375 0.491667 0.537500 0.502083 0.581250 0.497917
5 0.365625 0.381250 0.362500 0.420833 0.362500 0.522917 0.365625 0.487500
5 0.095312 0.000000 0.076563 0.000000 0.068750 0.350000 0.090625 0.347917
8 0.693750 0.254167 0.667188 0.362500 0.717187 0.516667 0.726562 0.462500 0.740625 0.489583 0.760938 0.456250 0.764062 0.518750 0.803125 0.443750 0.818750 0.512500 0.998437 0.522917 0.998437 0.222917 0.960938 0.370833 0.898438 0.404167 0.881250 0.350000 0.812500 0.383333 0.810937 0.289583 0.759375 0.268750 0.739062 0.212500
8 0.632812 0.202083 0.612500 0.343750 0.601562 0.333333 0.596875 0.362500 0.607812 0.391667 0.596875 0.416667 0.615625 0.443750 0.612500 0.529167 0.618750 0.441667 0.631250 0.433333 0.631250 0.506250 0.631250 0.441667 0.662500 0.418750 0.668750 0.393750 0.648438 0.320833 0.650000 0.270833 0.634375 0.277083
8 0.115625 0.000000 0.082812 0.356250 0.076563 0.008333 0.000000 0.000000 0.000000 0.862500 0.278125 0.627083 0.365625 0.379167 0.407813 0.487500 0.478125 0.362500 0.410938 0.227083 0.270313 0.320833 0.203125 0.075000
9 0.367188 0.545833 0.334375 0.539583 0.293750 0.543750 0.284375 0.587500 0.276562 0.597917 0.270313 0.620833 0.278125 0.625000 0.290625 0.618750 0.365625 0.554167
9 0.320312 0.525000 0.320312 0.533333 0.381250 0.533333 0.381250 0.529167 0.375000 0.522917 0.364063 0.520833 0.362500 0.525000 0.357812 0.518750 0.332813 0.510417 0.326562 0.512500 0.326562 0.518750
9 0.365625 0.510417 0.382812 0.516667 0.410938 0.516667 0.443750 0.493750 0.431250 0.493750 0.429688 0.489583 0.367188 0.487500
9 0.326562 0.487500 0.326562 0.491667 0.331250 0.500000 0.331250 0.506250 0.348438 0.506250 0.359375 0.510417 0.360938 0.508333 0.360938 0.487500 0.359375 0.487500 0.359375 0.491667 0.356250 0.495833 0.353125 0.493750 0.353125 0.487500 0.351562 0.485417 0.339062 0.485417 0.337500 0.489583 0.334375 0.485417
9 0.478125 0.472917 0.773438 0.997917 0.998437 0.997917 0.998437 0.527083 0.617188 0.504167 0.612500 0.531250 0.606250 0.502083
10 0.117188 0.000000 0.204687 0.075000 0.270313 0.318750 0.410938 0.225000 0.500000 0.433333 0.554688 0.443750 0.628125 0.200000 0.654687 0.295833 0.739062 0.210417 0.812500 0.289583 0.812500 0.381250 0.881250 0.347917 0.896875 0.402083 0.959375 0.370833 0.998437 0.000000
13 0.428125 0.483333 0.428125 0.487500 0.429688 0.487500 0.431250 0.491667 0.459375 0.491667 0.459375 0.479167 0.456250 0.475000 0.440625 0.475000 0.439063 0.477083 0.437500 0.475000 0.434375 0.479167 0.429688 0.479167