0 0.692187 0.997917 0.440625 0.483333 0.000000 0.764583 0.000000 0.997917
2 0.881250 0.520833 0.879687 0.518750 0.859375 0.520833 0.856250 0.529167 0.850000 0.529167 0.848437 0.531250 0.848437 0.539583 0.850000 0.543750 0.856250 0.543750 0.856250 0.541667 0.865625 0.531250 0.870313 0.531250 0.875000 0.535417 0.881250 0.529167
2 0.642188 0.470833 0.634375 0.483333 0.634375 0.491667 0.635938 0.493750 0.635938 0.502083 0.634375 0.506250 0.635938 0.508333 0.645312 0.508333 0.646875 0.510417 0.648438 0.506250 0.648438 0.493750 0.650000 0.491667 0.650000 0.472917 0.648438 0.470833 0.645312 0.472917
2 0.628125 0.475000 0.623437 0.468750 0.620313 0.472917 0.620313 0.477083 0.615625 0.479167 0.615625 0.487500 0.614062 0.489583 0.607812 0.483333 0.607812 0.479167 0.604688 0.475000 0.603125 0.481250 0.598437 0.485417 0.598437 0.502083 0.606250 0.502083 0.607812 0.506250 0.623437 0.506250 0.628125 0.491667
2 0.659375 0.470833 0.659375 0.481250 0.656250 0.483333 0.654687 0.510417 0.668750 0.512500 0.670312 0.514583 0.681250 0.514583 0.671875 0.502083 0.673438 0.485417 0.676562 0.483333 0.676562 0.466667 0.664062 0.466667
2 0.553125 0.456250 0.553125 0.481250 0.550000 0.483333 0.550000 0.495833 0.592187 0.502083 0.593750 0.479167 0.589063 0.483333 0.582812 0.472917 0.578125 0.475000 0.571875 0.454167
2 0.521875 0.443750 0.521875 0.491667 0.535937 0.491667 0.537500 0.495833 0.545312 0.495833 0.545312 0.487500 0.548438 0.477083 0.548438 0.452083 0.537500 0.445833 0.529687 0.445833 0.528125 0.441667 0.526563 0.445833
2 0.640625 0.352083 0.660937 0.372917 0.667188 0.393750 0.671875 0.454167 0.678125 0.456250 0.678125 0.354167
2 0.585938 0.347917 0.529687 0.333333 0.504687 0.435417 0.475000 0.435417 0.467187 0.406250 0.440625 0.404167 0.403125 0.450000 0.382812 0.443750 0.382812 0.466667 0.400000 0.477083 0.401562 0.456250 0.409375 0.477083 0.420312 0.452083 0.440625 0.481250 0.473438 0.466667 0.514062 0.489583 0.510938 0.408333 0.521875 0.420833 0.526563 0.347917 0.532813 0.387500 0.567187 0.350000 0.568750 0.402083
4 0.807813 0.535417 0.848437 0.541667 0.846875 0.531250 0.850000 0.527083 0.856250 0.527083 0.856250 0.525000 0.850000 0.522917 0.846875 0.527083 0.831250 0.527083 0.829688 0.525000 0.817187 0.525000 0.815625 0.522917 0.812500 0.525000 0.810937 0.522917 0.810937 0.529167
4 0.448437 0.479167 0.496875 0.491667 0.517188 0.491667 0.517188 0.487500 0.512500 0.491667 0.507812 0.479167 0.501563 0.477083 0.504687 0.475000 0.481250 0.479167 0.481250 0.475000 0.478125 0.472917 0.460938 0.472917 0.456250 0.479167
8 0.998437 0.000000 0.875000 0.089583 0.920312 0.162500 0.907813 0.222917 0.842187 0.214583 0.862500 0.379167 0.823438 0.441667 0.795312 0.310417 0.725000 0.468750 0.612500 0.322917 0.568750 0.404167 0.528125 0.347917 0.546875 0.495833 0.676562 0.464583 0.682813 0.516667 0.998437 0.572917
8 0.000000 0.000000 0.000000 0.558333 0.170313 0.620833 0.379688 0.514583 0.381250 0.443750 0.434375 0.425000 0.453125 0.337500 0.404687 0.272917 0.326562 0.283333 0.351562 0.235417 0.326562 0.185417 0.353125 0.108333 0.325000 0.066667 0.353125 0.058333 0.334375 0.000000
9 0.000000 0.762500 0.217188 0.614583 0.082812 0.614583 0.000000 0.560417
9 0.442188 0.483333 0.690625 0.995833 0.998437 0.997917 0.998437 0.575000
9 0.387500 0.506250 0.389062 0.500000 0.392188 0.497917 0.395313 0.491667 0.409375 0.491667 0.410938 0.487500 0.415625 0.487500 0.423438 0.483333 0.418750 0.483333 0.417187 0.479167 0.387500 0.479167
10 0.328125 0.283333 0.404687 0.270833 0.475000 0.433333 0.529687 0.331250 0.678125 0.352083 0.679688 0.456250 0.725000 0.466667 0.795312 0.308333 0.815625 0.443750 0.860938 0.379167 0.840625 0.214583 0.907813 0.220833 0.884375 0.183333 0.918750 0.162500 0.871875 0.093750 0.946875 0.037500 0.335938 0.000000