0 0.707812 0.997917 0.475000 0.493750 0.260937 0.529167 0.259375 0.597917 0.031250 0.629167 0.150000 0.672917 0.000000 0.783333 0.000000 0.997917
1 0.000000 0.643750 0.026562 0.647917 0.035937 0.616667 0.109375 0.618750 0.123438 0.602083 0.000000 0.591667
1 0.225000 0.495833 0.225000 0.522917 0.240625 0.539583 0.243750 0.539583 0.248438 0.547917 0.254688 0.543750 0.254688 0.533333 0.260937 0.527083 0.282813 0.527083
1 0.187500 0.483333 0.187500 0.485417 0.193750 0.489583 0.196875 0.495833 0.204687 0.502083 0.206250 0.506250 0.209375 0.506250 0.214062 0.512500 0.215625 0.512500 0.215625 0.489583 0.212500 0.487500 0.196875 0.487500 0.195312 0.483333
2 0.759375 0.420833 0.756250 0.456250 0.753125 0.458333 0.753125 0.491667 0.770312 0.491667 0.773438 0.479167 0.798438 0.477083 0.795312 0.468750 0.796875 0.458333 0.785937 0.458333 0.779687 0.466667 0.771875 0.464583 0.775000 0.439583
2 0.379688 0.422917 0.373437 0.416667 0.368750 0.418750 0.365625 0.425000 0.360938 0.427083 0.354687 0.435417 0.351562 0.435417 0.351562 0.445833 0.353125 0.450000 0.368750 0.450000 0.370312 0.454167 0.375000 0.458333 0.379688 0.458333
2 0.387500 0.479167 0.403125 0.487500 0.403125 0.475000 0.415625 0.466667 0.418750 0.425000 0.420312 0.466667 0.460938 0.475000 0.473438 0.452083 0.475000 0.468750 0.523438 0.470833 0.531250 0.447917 0.548438 0.445833 0.529687 0.431250 0.526563 0.439583 0.509375 0.427083 0.489063 0.431250 0.479687 0.393750 0.439063 0.393750 0.432812 0.416667 0.414062 0.412500 0.398438 0.427083
2 0.739062 0.375000 0.734375 0.375000 0.740625 0.387500 0.735938 0.400000 0.717187 0.406250 0.718750 0.412500 0.714063 0.418750 0.687500 0.422917 0.685937 0.466667 0.739062 0.466667 0.745313 0.470833 0.746875 0.425000
2 0.228125 0.370833 0.226562 0.418750 0.232813 0.418750 0.240625 0.427083 0.242188 0.450000 0.245312 0.454167 0.259375 0.456250 0.270313 0.454167 0.282813 0.443750 0.278125 0.433333 0.270313 0.427083 0.270313 0.420833 0.251563 0.414583 0.245312 0.406250 0.234375 0.406250 0.231250 0.402083
2 0.054688 0.333333 0.065625 0.437500 0.109375 0.443750 0.126562 0.422917 0.154688 0.435417 0.154688 0.447917 0.201563 0.452083 0.203125 0.429167 0.218750 0.414583 0.220312 0.360417 0.207813 0.352083 0.220312 0.322917 0.162500 0.314583 0.151562 0.295833 0.132812 0.310417 0.123438 0.295833
2 0.653125 0.237500 0.643750 0.264583 0.575000 0.266667 0.554688 0.412500 0.573438 0.466667 0.648438 0.458333 0.678125 0.475000 0.681250 0.422917 0.653125 0.425000 0.631250 0.404167 0.631250 0.379167 0.646875 0.377083 0.639062 0.337500 0.648438 0.300000 0.673438 0.266667 0.653125 0.262500
4 0.882812 0.500000 0.882812 0.533333 0.978125 0.543750 0.978125 0.504167 0.968750 0.500000 0.956250 0.504167 0.946875 0.531250 0.925000 0.533333 0.914062 0.529167 0.912500 0.522917 0.893750 0.518750 0.887500 0.495833
4 0.854688 0.491667 0.854688 0.495833 0.851562 0.497917 0.851562 0.514583 0.848437 0.529167 0.851562 0.531250 0.875000 0.533333 0.873437 0.514583 0.876563 0.512500 0.876563 0.497917 0.873437 0.493750
4 0.753125 0.493750 0.751563 0.522917 0.831250 0.529167 0.832812 0.493750 0.828125 0.497917 0.826562 0.518750 0.825000 0.497917 0.798438 0.489583 0.803125 0.479167 0.773438 0.481250 0.770312 0.493750
4 0.685937 0.468750 0.684375 0.516667 0.735938 0.518750 0.739062 0.522917 0.743750 0.472917 0.739062 0.468750
4 0.678125 0.508333 0.678125 0.477083 0.648438 0.460417 0.475000 0.479167 0.476562 0.495833 0.553125 0.514583
4 0.351562 0.466667 0.357812 0.466667 0.364063 0.470833 0.364063 0.481250 0.367188 0.483333 0.367188 0.485417 0.364063 0.487500 0.379688 0.487500 0.379688 0.460417 0.356250 0.462500 0.354687 0.466667
4 0.320312 0.450000 0.318750 0.452083 0.318750 0.468750 0.315625 0.470833 0.318750 0.475000 0.318750 0.481250 0.335938 0.481250 0.331250 0.470833 0.340625 0.466667 0.337500 0.466667 0.335938 0.462500 0.328125 0.462500 0.323437 0.456250 0.326562 0.452083 0.332813 0.452083
4 0.303125 0.447917 0.289062 0.450000 0.279687 0.445833 0.270313 0.456250 0.259375 0.458333 0.245312 0.456250 0.240625 0.450000 0.235937 0.456250 0.225000 0.458333 0.225000 0.481250 0.301563 0.481250
4 0.000000 0.427083 0.000000 0.456250 0.014063 0.475000 0.217188 0.481250 0.217188 0.454167 0.139063 0.454167 0.098437 0.437500
5 0.225000 0.312500 0.217188 0.570833 0.223438 0.545833
7 0.232813 0.264583 0.228125 0.264583 0.225000 0.272917 0.225000 0.310417 0.228125 0.316667 0.232813 0.314583 0.232813 0.310417 0.235937 0.308333 0.234375 0.306250 0.235937 0.279167 0.232813 0.277083
8 0.000000 0.458333 0.000000 0.481250 0.045312 0.481250 0.046875 0.477083 0.075000 0.477083 0.051562 0.472917 0.020313 0.472917 0.018750 0.477083 0.014063 0.477083 0.003125 0.466667
8 0.109375 0.439583 0.110937 0.445833 0.118750 0.445833 0.120313 0.447917 0.128125 0.447917 0.139063 0.452083 0.145313 0.452083 0.150000 0.447917 0.153125 0.447917 0.154688 0.443750 0.154688 0.437500 0.142187 0.435417 0.140625 0.431250 0.132812 0.431250 0.126562 0.425000 0.112500 0.431250
8 0.226562 0.420833 0.226562 0.445833 0.225000 0.447917 0.225000 0.452083 0.226562 0.454167 0.235937 0.454167 0.239063 0.452083 0.240625 0.447917 0.240625 0.431250 0.239063 0.427083 0.234375 0.425000 0.232813 0.420833
8 0.218750 0.416667 0.217188 0.420833 0.212500 0.420833 0.204687 0.429167 0.203125 0.433333 0.203125 0.452083 0.204687 0.454167 0.217188 0.452083 0.218750 0.450000 0.217188 0.445833 0.217188 0.425000 0.220312 0.422917
8 0.000000 0.252083 0.000000 0.425000 0.060937 0.433333 0.064062 0.406250 0.053125 0.333333 0.100000 0.306250 0.098437 0.289583 0.081250 0.270833 0.054688 0.316667 0.040625 0.285417
8 0.242188 0.197917 0.221875 0.279167 0.196875 0.270833 0.178125 0.314583 0.220312 0.320833 0.232813 0.262500 0.232813 0.402083 0.303125 0.445833 0.303125 0.495833 0.320312 0.447917 0.343750 0.485417 0.373437 0.458333 0.350000 0.445833 0.373437 0.414583 0.382812 0.491667 0.396875 0.427083 0.460938 0.364583 0.462500 0.268750 0.443750 0.281250 0.385937 0.170833
8 0.771875 0.000000 0.757812 0.200000 0.725000 0.108333 0.631250 0.385417 0.682813 0.422917 0.678125 0.527083 0.739062 0.372917 0.739062 0.591667 0.759375 0.418750 0.834375 0.477083 0.834375 0.552083 0.842187 0.477083 0.876563 0.550000 0.885938 0.493750 0.998437 0.547917 0.998437 0.372917 0.951562 0.395833 0.967187 0.212500 0.821875 0.041667 0.792188 0.135417
9 0.000000 0.781250 0.100000 0.714583 0.148438 0.672917 0.146875 0.666667 0.000000 0.645833
9 0.464062 0.502083 0.706250 0.995833 0.998437 0.997917 0.998437 0.550000 0.751563 0.525000 0.739062 0.593750 0.735938 0.520833
9 0.225000 0.483333 0.234375 0.500000 0.315625 0.539583 0.357812 0.537500 0.426563 0.495833 0.309375 0.483333 0.303125 0.497917 0.301563 0.483333
9 0.000000 0.483333 0.003125 0.591667 0.259375 0.595833 0.267188 0.579167 0.226562 0.525000 0.217188 0.572917 0.215625 0.514583 0.185938 0.483333
10 0.803125 0.000000 0.792188 0.133333 0.818750 0.110417 0.821875 0.039583 0.835938 0.110417 0.868750 0.085417 0.881250 0.133333 0.904687 0.091667 0.900000 0.170833 0.931250 0.214583 0.968750 0.212500 0.979688 0.291667 0.957812 0.362500 0.981250 0.345833 0.954688 0.387500 0.965625 0.402083 0.979688 0.360417 0.998437 0.370833 0.998437 0.000000
10 0.000000 0.000000 0.000000 0.250000 0.054688 0.314583 0.081250 0.268750 0.176563 0.314583 0.242188 0.195833 0.385937 0.168750 0.464062 0.268750 0.440625 0.391667 0.553125 0.447917 0.576562 0.262500 0.673438 0.262500 0.725000 0.106250 0.756250 0.200000 0.770312 0.000000
13 0.420312 0.472917 0.420312 0.491667 0.434375 0.491667 0.435937 0.495833 0.437500 0.491667 0.443750 0.491667 0.445312 0.485417 0.443750 0.483333 0.443750 0.477083 0.442188 0.472917 0.434375 0.472917 0.432812 0.470833 0.421875 0.470833
13 0.529687 0.456250 0.529687 0.468750 0.540625 0.468750 0.542188 0.466667 0.571875 0.466667 0.571875 0.456250 0.564063 0.450000 0.534375 0.447917 0.531250 0.450000