0 0.745313 0.997917 0.473438 0.493750 0.303125 0.516667 0.315625 0.570833 0.179688 0.558333 0.287500 0.595833 0.000000 0.822917 0.000000 0.997917
1 0.214062 0.487500 0.265625 0.514583 0.281250 0.518750 0.282813 0.522917 0.290625 0.522917 0.296875 0.514583 0.293750 0.510417 0.279687 0.508333 0.278125 0.504167 0.268750 0.504167 0.242188 0.493750 0.237500 0.487500
2 0.851562 0.452083 0.842187 0.452083 0.840625 0.456250 0.831250 0.456250 0.826562 0.460417 0.826562 0.487500 0.828125 0.489583 0.840625 0.489583 0.842187 0.491667 0.843750 0.485417 0.843750 0.472917 0.850000 0.460417
2 0.376563 0.425000 0.375000 0.431250 0.364063 0.441667 0.364063 0.456250 0.373437 0.460417 0.390625 0.460417 0.390625 0.456250 0.387500 0.454167 0.389062 0.427083 0.387500 0.425000
2 0.664062 0.422917 0.659375 0.425000 0.659375 0.443750 0.657813 0.445833 0.656250 0.477083 0.665625 0.475000 0.665625 0.456250 0.667188 0.454167 0.667188 0.441667 0.668750 0.435417 0.665625 0.433333
2 0.137500 0.347917 0.146875 0.360417 0.154688 0.364583 0.160938 0.387500 0.168750 0.381250 0.173437 0.385417 0.175000 0.391667 0.178125 0.391667 0.168750 0.368750 0.153125 0.347917 0.143750 0.347917 0.142187 0.345833
2 0.718750 0.335417 0.715625 0.350000 0.701562 0.362500 0.693750 0.408333 0.682813 0.416667 0.673438 0.466667 0.725000 0.466667 0.729688 0.487500 0.767188 0.487500 0.767188 0.472917 0.750000 0.475000 0.743750 0.466667 0.748437 0.456250 0.725000 0.462500 0.731250 0.437500 0.717187 0.408333 0.715625 0.385417 0.731250 0.377083 0.732812 0.354167
2 0.159375 0.316667 0.171875 0.360417 0.193750 0.375000 0.189062 0.391667 0.195312 0.402083 0.181250 0.402083 0.175000 0.431250 0.185938 0.456250 0.225000 0.460417 0.226562 0.437500 0.248438 0.425000 0.260937 0.437500 0.262500 0.462500 0.287500 0.460417 0.293750 0.433333 0.257812 0.410417 0.246875 0.377083 0.228125 0.370833 0.229687 0.339583 0.182812 0.331250 0.173437 0.312500
2 0.723437 0.275000 0.706250 0.277083 0.703125 0.287500 0.698438 0.291667 0.695312 0.337500 0.700000 0.350000 0.704688 0.347917 0.704688 0.331250 0.709375 0.316667 0.706250 0.314583 0.706250 0.308333 0.712500 0.300000 0.712500 0.285417 0.717187 0.281250 0.725000 0.283333
2 0.640625 0.258333 0.631250 0.279167 0.568750 0.281250 0.556250 0.445833 0.446875 0.397917 0.403125 0.441667 0.396875 0.487500 0.420312 0.477083 0.426563 0.431250 0.428125 0.466667 0.525000 0.470833 0.543750 0.445833 0.587500 0.491667 0.620313 0.460417 0.653125 0.477083 0.651563 0.420833 0.610938 0.406250
4 0.826562 0.489583 0.826562 0.502083 0.823438 0.504167 0.823438 0.518750 0.839063 0.518750 0.843750 0.506250 0.843750 0.497917 0.840625 0.491667 0.828125 0.491667
4 0.798438 0.487500 0.796875 0.489583 0.796875 0.493750 0.795312 0.495833 0.795312 0.512500 0.796875 0.514583 0.796875 0.518750 0.804688 0.518750 0.804688 0.516667 0.806250 0.514583 0.806250 0.508333 0.807813 0.506250 0.809375 0.487500
4 0.779687 0.487500 0.778125 0.489583 0.778125 0.516667 0.790625 0.516667 0.790625 0.504167 0.792188 0.502083 0.792188 0.489583 0.785937 0.489583 0.784375 0.487500
4 0.673438 0.468750 0.671875 0.510417 0.768750 0.516667 0.768750 0.487500 0.729688 0.489583 0.725000 0.485417 0.728125 0.481250 0.725000 0.468750
4 0.653125 0.479167 0.645312 0.462500 0.620313 0.462500 0.614062 0.479167 0.596875 0.479167 0.590625 0.493750 0.582812 0.472917 0.553125 0.468750 0.479687 0.475000 0.476562 0.491667 0.546875 0.508333 0.651563 0.506250
4 0.362500 0.468750 0.362500 0.487500 0.389062 0.487500 0.389062 0.477083 0.390625 0.475000 0.390625 0.464583 0.389062 0.462500 0.365625 0.462500
4 0.332813 0.458333 0.331250 0.462500 0.331250 0.483333 0.335938 0.483333 0.337500 0.485417 0.353125 0.485417 0.353125 0.462500 0.343750 0.462500 0.342187 0.466667 0.339062 0.458333
4 0.185938 0.458333 0.187500 0.477083 0.193750 0.485417 0.296875 0.485417 0.296875 0.464583 0.242188 0.466667 0.220312 0.458333 0.217188 0.462500 0.215625 0.458333
4 0.312500 0.456250 0.312500 0.462500 0.310937 0.464583 0.310937 0.483333 0.321875 0.483333 0.323437 0.481250 0.323437 0.456250
5 0.303125 0.366667 0.298438 0.543750 0.301563 0.541667
8 0.226562 0.441667 0.226562 0.458333 0.228125 0.460417 0.239063 0.460417 0.242188 0.464583 0.250000 0.460417 0.259375 0.460417 0.260937 0.441667 0.256250 0.431250 0.250000 0.431250 0.248438 0.427083 0.237500 0.427083 0.234375 0.429167
8 0.260937 0.225000 0.242188 0.304167 0.221875 0.291667 0.207813 0.329167 0.295312 0.433333 0.290625 0.462500 0.307812 0.331250 0.304688 0.462500 0.323437 0.452083 0.325000 0.497917 0.332813 0.456250 0.360938 0.487500 0.362500 0.441667 0.387500 0.422917 0.395313 0.491667 0.401562 0.441667 0.464062 0.372917 0.465625 0.285417 0.448437 0.297917 0.395313 0.197917
8 0.001563 0.039583 0.000000 0.616667 0.146875 0.608333 0.176563 0.577083 0.157812 0.518750 0.209375 0.525000 0.173437 0.435417 0.192188 0.375000 0.148438 0.302083 0.151562 0.264583 0.114062 0.241667 0.150000 0.222917 0.026562 0.133333 0.032813 0.087500
8 0.698438 0.006250 0.612500 0.391667 0.653125 0.518750 0.670312 0.435417 0.662500 0.554167 0.718750 0.333333 0.773438 0.535417 0.784375 0.456250 0.821875 0.533333 0.842187 0.450000 0.859375 0.522917 0.989062 0.533333 0.998437 0.368750 0.901563 0.389583 0.825000 0.160417 0.764062 0.160417 0.696875 0.347917
9 0.284375 0.585417 0.178125 0.575000 0.140625 0.612500 0.000000 0.618750 0.000000 0.820833 0.265625 0.616667
9 0.468750 0.497917 0.746875 0.997917 0.998437 0.997917 0.998437 0.537500 0.671875 0.512500 0.665625 0.558333 0.662500 0.510417
9 0.239063 0.487500 0.242188 0.491667 0.262500 0.500000 0.278125 0.502083 0.279687 0.506250 0.296875 0.510417 0.296875 0.487500
9 0.157812 0.522917 0.157812 0.543750 0.178125 0.556250 0.329688 0.560417 0.318750 0.539583 0.303125 0.533333 0.298438 0.545833 0.293750 0.527083 0.212500 0.487500 0.193750 0.489583 0.209375 0.516667 0.207813 0.531250 0.187500 0.535417 0.175000 0.512500
9 0.303125 0.514583 0.350000 0.529167 0.376563 0.529167 0.431250 0.493750 0.331250 0.485417 0.325000 0.500000 0.321875 0.485417 0.310937 0.485417 0.307812 0.493750 0.303125 0.485417
10 0.000000 0.000000 0.182812 0.329167 0.395313 0.195833 0.467187 0.285417 0.448437 0.395833 0.556250 0.443750 0.700000 0.004167 0.706250 0.275000 0.798438 0.145833 0.901563 0.387500 0.998437 0.366667 0.998437 0.000000
13 0.450000 0.485417 0.446875 0.483333 0.446875 0.477083 0.431250 0.472917 0.426563 0.477083 0.426563 0.487500 0.425000 0.489583 0.423438 0.487500 0.423438 0.475000 0.420312 0.479167 0.412500 0.479167 0.410938 0.487500 0.412500 0.491667 0.437500 0.491667 0.439063 0.495833 0.443750 0.495833 0.445312 0.491667 0.450000 0.491667
13 0.528125 0.460417 0.528125 0.468750 0.543750 0.468750 0.545312 0.466667 0.567187 0.468750 0.565625 0.456250 0.562500 0.452083 0.554688 0.452083 0.553125 0.450000 0.545312 0.450000 0.543750 0.447917 0.542188 0.450000 0.537500 0.447917 0.535937 0.450000 0.531250 0.450000