0 0.717187 0.995833 0.470313 0.493750 0.187500 0.606250 0.245312 0.616667 0.000000 0.804167 0.000000 0.997917
1 0.057813 0.589583 0.185938 0.606250 0.228125 0.589583 0.273438 0.589583 0.298438 0.575000 0.062500 0.566667
1 0.273438 0.510417 0.273438 0.533333 0.281250 0.539583 0.287500 0.539583 0.289062 0.543750 0.298438 0.550000 0.301563 0.550000 0.315625 0.533333 0.326562 0.533333
1 0.198437 0.487500 0.220312 0.502083 0.225000 0.502083 0.226562 0.506250 0.231250 0.506250 0.245312 0.518750 0.251563 0.518750 0.253125 0.522917 0.267188 0.529167 0.267188 0.508333 0.260937 0.508333 0.259375 0.504167 0.251563 0.504167 0.220312 0.487500
2 0.667188 0.425000 0.664062 0.508333 0.684375 0.512500 0.689063 0.472917 0.689063 0.431250 0.687500 0.427083
2 0.275000 0.425000 0.275000 0.460417 0.276562 0.462500 0.279687 0.462500 0.281250 0.460417 0.282813 0.450000 0.287500 0.445833 0.287500 0.441667 0.290625 0.439583 0.290625 0.437500 0.289062 0.437500 0.285938 0.431250 0.279687 0.427083 0.276562 0.427083
2 0.357812 0.433333 0.356250 0.439583 0.356250 0.450000 0.357812 0.452083 0.362500 0.450000 0.365625 0.454167 0.368750 0.450000 0.373437 0.458333 0.379688 0.460417 0.385937 0.458333 0.381250 0.450000 0.381250 0.443750 0.385937 0.433333 0.379688 0.422917 0.370312 0.425000 0.367188 0.429167 0.362500 0.429167
2 0.715625 0.322917 0.714063 0.341667 0.723437 0.331250 0.735938 0.339583 0.707812 0.377083 0.695312 0.512500 0.743750 0.514583 0.734375 0.491667 0.787500 0.491667 0.790625 0.477083 0.765625 0.477083 0.759375 0.466667 0.765625 0.450000 0.739062 0.462500 0.745313 0.435417 0.731250 0.414583 0.725000 0.372917 0.751563 0.370833 0.742188 0.331250
2 0.093750 0.327083 0.112500 0.354167 0.089063 0.360417 0.096875 0.381250 0.089063 0.425000 0.103125 0.450000 0.212500 0.456250 0.217188 0.431250 0.235937 0.422917 0.250000 0.437500 0.250000 0.458333 0.267188 0.460417 0.268750 0.420833 0.220312 0.366667 0.226562 0.333333 0.170313 0.325000 0.162500 0.308333 0.142187 0.322917 0.131250 0.291667 0.121875 0.318750
2 0.659375 0.272917 0.640625 0.247917 0.629687 0.272917 0.568750 0.277083 0.554688 0.445833 0.440625 0.395833 0.396875 0.433333 0.389062 0.487500 0.415625 0.477083 0.420312 0.431250 0.421875 0.466667 0.470313 0.470833 0.471875 0.447917 0.473438 0.468750 0.520312 0.470833 0.556250 0.447917 0.585938 0.502083 0.657813 0.508333 0.660937 0.425000 0.634375 0.425000 0.615625 0.391667 0.634375 0.285417
3 0.320312 0.466667 0.318750 0.483333 0.329688 0.483333 0.331250 0.485417 0.345313 0.485417 0.346875 0.481250 0.346875 0.470833 0.345313 0.468750 0.342187 0.468750 0.340625 0.466667
3 0.275000 0.462500 0.273438 0.466667 0.273438 0.483333 0.295312 0.483333 0.295312 0.464583 0.282813 0.464583 0.281250 0.462500 0.279687 0.464583 0.276562 0.464583
3 0.267188 0.462500 0.262500 0.464583 0.264062 0.477083 0.253125 0.472917 0.246875 0.481250 0.229687 0.472917 0.220312 0.479167 0.160938 0.472917 0.121875 0.477083 0.168750 0.485417 0.264062 0.485417
4 0.845313 0.491667 0.843750 0.495833 0.843750 0.520833 0.862500 0.520833 0.865625 0.522917 0.862500 0.520833 0.860938 0.512500 0.856250 0.506250 0.856250 0.497917 0.854688 0.497917 0.853125 0.493750 0.846875 0.493750
4 0.584375 0.506250 0.582812 0.472917 0.567187 0.468750 0.478125 0.475000 0.473438 0.485417 0.478125 0.495833 0.500000 0.495833 0.521875 0.506250 0.545312 0.510417
4 0.356250 0.468750 0.362500 0.468750 0.365625 0.470833 0.370312 0.479167 0.370312 0.487500 0.384375 0.487500 0.384375 0.479167 0.385937 0.477083 0.384375 0.462500 0.362500 0.462500 0.362500 0.466667 0.360938 0.468750
4 0.106250 0.452083 0.121875 0.472917 0.264062 0.475000 0.264062 0.462500 0.248438 0.458333 0.232813 0.468750 0.220312 0.458333
5 0.271875 0.341667 0.267188 0.552083 0.271875 0.550000 0.275000 0.410417
8 0.214062 0.441667 0.214062 0.456250 0.220312 0.456250 0.221875 0.460417 0.228125 0.460417 0.232813 0.466667 0.246875 0.458333 0.248438 0.454167 0.248438 0.437500 0.245312 0.431250 0.242188 0.431250 0.240625 0.427083 0.235937 0.425000 0.226562 0.425000 0.218750 0.431250
8 0.387500 0.187500 0.250000 0.216667 0.232813 0.293750 0.190625 0.316667 0.226562 0.331250 0.221875 0.366667 0.270313 0.418750 0.279687 0.310417 0.284375 0.456250 0.312500 0.456250 0.312500 0.497917 0.320312 0.464583 0.353125 0.487500 0.378125 0.460417 0.354687 0.450000 0.375000 0.420833 0.387500 0.487500 0.395313 0.433333 0.459375 0.368750 0.460938 0.279167 0.443750 0.291667
8 0.000000 0.170833 0.001563 0.643750 0.051562 0.616667 0.050000 0.529167 0.135937 0.531250 0.107813 0.502083 0.120313 0.472917 0.087500 0.425000 0.087500 0.360417 0.110937 0.356250 0.092188 0.331250 0.106250 0.308333 0.092188 0.283333 0.068750 0.302083 0.076563 0.281250 0.040625 0.220833 0.056250 0.206250
8 0.000000 0.118750 0.000000 0.143750 0.003125 0.141667 0.015625 0.154167 0.018750 0.154167 0.025000 0.147917 0.032813 0.150000 0.039062 0.143750 0.040625 0.147917 0.043750 0.143750 0.032813 0.129167 0.028125 0.127083 0.021875 0.129167 0.020313 0.125000 0.003125 0.122917
8 0.725000 0.000000 0.617188 0.391667 0.659375 0.520833 0.687500 0.425000 0.689063 0.568750 0.731250 0.320833 0.740625 0.462500 0.792188 0.477083 0.745313 0.514583 0.795312 0.543750 0.834375 0.456250 0.835938 0.537500 0.846875 0.483333 0.998437 0.537500 0.998437 0.368750 0.912500 0.400000 0.921875 0.272917 0.850000 0.135417 0.784375 0.137500 0.762500 0.250000 0.720313 0.204167
9 0.000000 0.802083 0.243750 0.614583 0.057813 0.591667 0.056250 0.577083 0.046875 0.625000 0.000000 0.645833
9 0.464062 0.500000 0.718750 0.997917 0.998437 0.997917 0.998437 0.539583 0.695312 0.514583 0.687500 0.570833 0.682813 0.512500
9 0.273438 0.508333 0.328125 0.533333 0.365625 0.533333 0.426563 0.493750 0.318750 0.485417 0.318750 0.497917 0.312500 0.500000 0.310937 0.485417 0.300000 0.483333 0.296875 0.495833 0.295312 0.485417 0.273438 0.485417
9 0.221875 0.487500 0.251563 0.502083 0.259375 0.502083 0.260937 0.506250 0.267188 0.506250 0.267188 0.485417 0.264062 0.487500 0.248438 0.487500 0.246875 0.485417 0.229687 0.483333 0.228125 0.487500
9 0.050000 0.531250 0.057813 0.568750 0.282813 0.575000 0.306250 0.560417 0.275000 0.535417 0.267188 0.554167 0.267188 0.531250 0.196875 0.487500 0.123438 0.481250 0.109375 0.502083 0.137500 0.537500 0.106250 0.547917 0.089063 0.518750
10 0.731250 0.000000 0.721875 0.204167 0.745313 0.183333 0.762500 0.247917 0.756250 0.185417 0.785937 0.185417 0.784375 0.135417 0.818750 0.122917 0.829688 0.175000 0.850000 0.133333 0.846875 0.183333 0.910937 0.229167 0.923438 0.272917 0.914062 0.400000 0.998437 0.366667 0.998437 0.000000
10 0.000000 0.168750 0.057813 0.206250 0.068750 0.300000 0.170313 0.322917 0.250000 0.214583 0.387500 0.185417 0.462500 0.279167 0.440625 0.393750 0.554688 0.443750 0.567187 0.277083 0.659375 0.270833 0.670312 0.185417 0.693750 0.229167 0.723437 0.000000 0.000000 0.000000 0.000000 0.116667 0.045312 0.143750
13 0.406250 0.479167 0.406250 0.491667 0.434375 0.491667 0.435937 0.495833 0.439063 0.495833 0.445312 0.487500 0.442188 0.475000 0.435937 0.475000 0.434375 0.472917 0.423438 0.472917 0.420312 0.483333 0.418750 0.477083 0.414062 0.479167 0.412500 0.475000 0.410938 0.479167
13 0.526563 0.456250 0.526563 0.468750 0.539062 0.468750 0.540625 0.466667 0.564063 0.466667 0.565625 0.468750 0.567187 0.466667 0.568750 0.468750 0.564063 0.452083 0.531250 0.447917