0 0.759375 0.997917 0.467187 0.489583 0.339062 0.516667 0.362500 0.543750 0.000000 0.845833 0.000000 0.997917
1 0.254688 0.554167 0.309375 0.562500 0.329688 0.560417 0.334375 0.568750 0.356250 0.550000 0.256250 0.545833
2 0.890625 0.466667 0.889062 0.506250 0.895312 0.508333 0.896875 0.512500 0.903125 0.512500 0.903125 0.481250 0.904687 0.475000 0.907813 0.472917 0.907813 0.466667
2 0.757812 0.460417 0.756250 0.489583 0.768750 0.485417 0.782813 0.489583 0.784375 0.506250 0.790625 0.510417 0.785937 0.506250 0.785937 0.500000 0.789062 0.495833 0.792188 0.500000 0.793750 0.458333 0.779687 0.466667 0.781250 0.475000 0.771875 0.481250 0.764062 0.477083 0.764062 0.460417
2 0.834375 0.447917 0.821875 0.447917 0.820312 0.452083 0.803125 0.458333 0.800000 0.510417 0.840625 0.514583 0.829688 0.502083 0.825000 0.487500 0.825000 0.475000 0.837500 0.454167
2 0.387500 0.427083 0.375000 0.447917 0.376563 0.458333 0.381250 0.460417 0.395313 0.460417 0.403125 0.464583 0.403125 0.458333 0.400000 0.460417 0.396875 0.454167 0.396875 0.441667 0.400000 0.435417 0.396875 0.427083
2 0.256250 0.383333 0.256250 0.391667 0.264062 0.397917 0.270313 0.416667 0.268750 0.422917 0.260937 0.427083 0.279687 0.441667 0.278125 0.466667 0.301563 0.468750 0.303125 0.450000 0.306250 0.443750 0.312500 0.443750 0.312500 0.437500 0.307812 0.431250 0.296875 0.431250 0.281250 0.420833 0.273438 0.410417 0.275000 0.400000 0.267188 0.385417
2 0.626563 0.285417 0.570312 0.289583 0.553125 0.445833 0.498437 0.435417 0.489063 0.400000 0.456250 0.400000 0.412500 0.441667 0.409375 0.487500 0.428125 0.477083 0.434375 0.437500 0.435937 0.466667 0.528125 0.470833 0.556250 0.447917 0.584375 0.472917 0.587500 0.500000 0.639062 0.502083 0.642188 0.437500 0.607812 0.412500
2 0.685937 0.268750 0.673438 0.316667 0.685937 0.352083 0.687500 0.406250 0.648438 0.439583 0.648438 0.502083 0.729688 0.508333 0.746875 0.472917 0.729688 0.472917 0.725000 0.456250 0.706250 0.460417 0.712500 0.437500 0.700000 0.433333 0.696875 0.406250 0.715625 0.368750 0.707812 0.350000 0.689063 0.343750 0.693750 0.300000 0.706250 0.291667 0.687500 0.285417
4 0.754687 0.491667 0.754687 0.510417 0.790625 0.512500 0.785937 0.508333 0.790625 0.506250 0.790625 0.497917 0.787500 0.500000 0.785937 0.508333 0.779687 0.506250 0.782813 0.502083 0.782813 0.491667 0.776563 0.491667 0.771875 0.487500 0.762500 0.491667
4 0.585938 0.502083 0.582812 0.472917 0.565625 0.468750 0.475000 0.479167 0.475000 0.491667 0.517188 0.495833 0.546875 0.506250
4 0.321875 0.468750 0.307812 0.468750 0.306250 0.466667 0.301563 0.470833 0.276562 0.468750 0.273438 0.477083 0.273438 0.487500 0.321875 0.485417
4 0.375000 0.466667 0.375000 0.472917 0.373437 0.475000 0.375000 0.477083 0.373437 0.479167 0.373437 0.487500 0.401562 0.487500 0.403125 0.483333 0.403125 0.466667 0.401562 0.464583 0.396875 0.464583 0.395313 0.462500 0.381250 0.462500
5 0.337500 0.360417 0.334375 0.533333 0.337500 0.516667
8 0.740625 0.187500 0.690625 0.343750 0.717187 0.368750 0.707812 0.460417 0.748437 0.472917 0.748437 0.522917 0.757812 0.458333 0.795312 0.458333 0.798438 0.525000 0.801562 0.458333 0.831250 0.443750 0.845313 0.516667 0.998437 0.527083 0.989062 0.352083 0.931250 0.400000 0.892188 0.345833 0.853125 0.358333 0.854688 0.264583 0.793750 0.241667 0.793750 0.189583
8 0.667188 0.102083 0.646875 0.252083 0.637500 0.233333 0.609375 0.412500 0.643750 0.437500 0.640625 0.541667 0.646875 0.439583 0.685937 0.406250 0.671875 0.316667 0.684375 0.264583 0.668750 0.260417
8 0.009375 0.000000 0.000000 0.833333 0.192188 0.683333 0.193750 0.593750 0.279687 0.514583 0.256250 0.381250 0.325000 0.491667 0.340625 0.356250 0.342187 0.497917 0.387500 0.425000 0.404687 0.491667 0.475000 0.354167 0.404687 0.212500 0.281250 0.237500 0.248438 0.316667 0.114062 0.162500 0.139063 0.118750 0.040625 0.114583 0.059375 0.043750
9 0.332813 0.566667 0.256250 0.558333 0.235937 0.581250 0.203125 0.585417 0.189062 0.614583 0.201563 0.658333 0.187500 0.689583 0.326562 0.581250
9 0.257812 0.531250 0.260937 0.543750 0.359375 0.547917 0.360938 0.543750 0.350000 0.531250 0.337500 0.529167 0.334375 0.535417 0.329688 0.525000 0.281250 0.508333 0.278125 0.520833 0.270313 0.520833
9 0.475000 0.497917 0.760938 0.997917 0.998437 0.997917 0.998437 0.529167 0.648438 0.504167 0.640625 0.543750 0.639062 0.504167
9 0.273438 0.489583 0.275000 0.495833 0.281250 0.500000 0.301563 0.502083 0.303125 0.506250 0.314063 0.506250 0.332813 0.512500 0.332813 0.487500 0.326562 0.487500 0.325000 0.493750 0.321875 0.491667 0.321875 0.487500
9 0.337500 0.512500 0.370312 0.522917 0.395313 0.522917 0.442188 0.493750 0.346875 0.485417 0.346875 0.495833 0.342187 0.500000 0.339062 0.485417
10 0.010937 0.000000 0.040625 0.112500 0.139063 0.116667 0.115625 0.162500 0.248438 0.314583 0.281250 0.235417 0.404687 0.210417 0.498437 0.433333 0.553125 0.443750 0.667188 0.100000 0.687500 0.283333 0.773438 0.175000 0.853125 0.356250 0.998437 0.362500 0.998437 0.000000
13 0.457813 0.487500 0.453125 0.475000 0.443750 0.475000 0.442188 0.472917 0.434375 0.477083 0.432812 0.475000 0.428125 0.479167 0.421875 0.479167 0.420312 0.485417 0.421875 0.491667 0.446875 0.491667 0.448437 0.495833 0.450000 0.495833 0.451562 0.491667 0.456250 0.491667
13 0.531250 0.460417 0.531250 0.468750 0.543750 0.468750 0.545312 0.466667 0.564063 0.466667 0.564063 0.456250 0.560937 0.452083 0.557813 0.452083 0.556250 0.450000 0.554688 0.452083 0.551562 0.450000 0.539062 0.450000 0.534375 0.454167 0.534375 0.458333