0 0.751563 0.995833 0.462500 0.489583 0.318750 0.518750 0.343750 0.552083 0.279687 0.560417 0.298438 0.597917 0.000000 0.827083 0.000000 0.997917
1 0.285938 0.568750 0.282813 0.562500 0.270313 0.558333 0.231250 0.564583 0.212500 0.560417 0.203125 0.562500 0.204687 0.566667 0.235937 0.564583 0.237500 0.568750 0.257812 0.572917
1 0.229687 0.489583 0.235937 0.495833 0.254688 0.502083 0.256250 0.506250 0.264062 0.506250 0.287500 0.518750 0.310937 0.516667 0.309375 0.512500 0.289062 0.508333 0.287500 0.504167 0.276562 0.504167 0.253125 0.495833 0.246875 0.489583
2 0.904687 0.468750 0.901563 0.472917 0.904687 0.475000 0.906250 0.491667 0.909375 0.493750 0.909375 0.497917 0.906250 0.500000 0.904687 0.508333 0.906250 0.520833 0.915625 0.522917 0.915625 0.485417 0.912500 0.483333 0.918750 0.479167 0.920312 0.470833
2 0.843750 0.447917 0.817187 0.458333 0.815625 0.489583 0.818750 0.487500 0.828125 0.497917 0.825000 0.510417 0.814063 0.510417 0.814063 0.514583 0.853125 0.518750 0.837500 0.502083 0.837500 0.475000 0.846875 0.456250
2 0.381250 0.425000 0.381250 0.427083 0.368750 0.441667 0.367188 0.445833 0.367188 0.454167 0.378125 0.460417 0.387500 0.460417 0.390625 0.462500 0.392188 0.458333 0.389062 0.450000 0.389062 0.443750 0.392188 0.439583 0.393750 0.433333 0.392188 0.431250 0.392188 0.427083 0.389062 0.425000
2 0.184375 0.364583 0.185938 0.375000 0.187500 0.375000 0.193750 0.385417 0.195312 0.400000 0.204687 0.393750 0.207813 0.395833 0.212500 0.404167 0.212500 0.400000 0.201563 0.375000 0.196875 0.372917 0.192188 0.364583
2 0.704688 0.337500 0.693750 0.368750 0.693750 0.406250 0.664062 0.437500 0.662500 0.475000 0.685937 0.464583 0.718750 0.470833 0.717187 0.485417 0.760938 0.485417 0.759375 0.472917 0.740625 0.477083 0.739062 0.456250 0.717187 0.462500 0.723437 0.437500 0.709375 0.429167 0.710938 0.393750 0.725000 0.379167 0.726562 0.362500 0.717187 0.339583
2 0.206250 0.335417 0.204687 0.366667 0.226562 0.391667 0.226562 0.412500 0.214062 0.414583 0.210938 0.437500 0.218750 0.460417 0.231250 0.464583 0.231250 0.447917 0.242188 0.429167 0.259375 0.429167 0.268750 0.445833 0.267188 0.464583 0.293750 0.464583 0.303125 0.435417 0.262500 0.410417 0.254688 0.379167 0.239063 0.375000 0.242188 0.343750
2 0.717187 0.281250 0.696875 0.281250 0.690625 0.291667 0.690625 0.297917 0.685937 0.302083 0.684375 0.329167 0.687500 0.325000 0.690625 0.327083 0.687500 0.337500 0.689063 0.339583 0.695312 0.339583 0.704688 0.325000 0.700000 0.318750 0.700000 0.310417 0.707812 0.302083 0.704688 0.295833 0.709375 0.287500 0.717187 0.289583
2 0.639062 0.258333 0.629687 0.281250 0.568750 0.283333 0.559375 0.447917 0.493750 0.435417 0.489063 0.402083 0.450000 0.397917 0.406250 0.441667 0.401562 0.487500 0.421875 0.477083 0.428125 0.433333 0.429688 0.466667 0.475000 0.470833 0.478125 0.450000 0.481250 0.472917 0.526563 0.470833 0.531250 0.450000 0.559375 0.447917 0.589063 0.483333 0.618750 0.460417 0.648438 0.472917 0.650000 0.420833 0.609375 0.408333
3 0.335938 0.468750 0.335938 0.485417 0.357812 0.485417 0.357812 0.468750 0.348438 0.468750 0.346875 0.466667 0.337500 0.466667
3 0.310937 0.464583 0.293750 0.468750 0.248438 0.466667 0.239063 0.485417 0.226562 0.485417 0.306250 0.485417 0.310937 0.483333
4 0.768750 0.487500 0.768750 0.514583 0.782813 0.514583 0.785937 0.516667 0.787500 0.487500
4 0.662500 0.477083 0.659375 0.502083 0.662500 0.508333 0.759375 0.514583 0.760938 0.487500 0.717187 0.487500 0.714063 0.483333 0.718750 0.472917 0.685937 0.466667 0.671875 0.468750
4 0.648438 0.477083 0.642188 0.462500 0.618750 0.462500 0.612500 0.479167 0.601562 0.466667 0.589063 0.485417 0.582812 0.472917 0.548438 0.468750 0.482812 0.475000 0.479687 0.491667 0.534375 0.506250 0.646875 0.506250
4 0.246875 0.464583 0.232813 0.464583 0.229687 0.466667 0.228125 0.462500 0.226562 0.466667 0.220312 0.466667 0.220312 0.472917 0.218750 0.475000 0.210938 0.475000 0.210938 0.477083 0.220312 0.477083 0.221875 0.481250 0.235937 0.481250 0.239063 0.483333 0.243750 0.468750 0.246875 0.466667
5 0.317188 0.343750 0.312500 0.537500 0.317188 0.531250
8 0.242188 0.431250 0.232813 0.447917 0.232813 0.458333 0.234375 0.462500 0.246875 0.462500 0.250000 0.466667 0.264062 0.466667 0.267188 0.456250 0.267188 0.445833 0.264062 0.435417 0.260937 0.435417 0.259375 0.431250
8 0.268750 0.231250 0.250000 0.306250 0.231250 0.295833 0.214062 0.329167 0.304688 0.435417 0.295312 0.464583 0.312500 0.460417 0.320312 0.341667 0.331250 0.497917 0.337500 0.464583 0.364063 0.487500 0.381250 0.422917 0.400000 0.491667 0.404687 0.441667 0.465625 0.377083 0.467187 0.289583 0.451562 0.300000 0.396875 0.202083
8 0.000000 0.056250 0.000000 0.716667 0.081250 0.695833 0.081250 0.602083 0.190625 0.591667 0.217188 0.556250 0.204687 0.514583 0.239063 0.514583 0.209375 0.477083 0.225000 0.391667 0.204687 0.327083 0.159375 0.270833 0.190625 0.254167 0.093750 0.177083 0.084375 0.112500 0.029687 0.108333
8 0.685937 0.039583 0.610938 0.395833 0.651563 0.420833 0.648438 0.516667 0.659375 0.439583 0.653125 0.547917 0.704688 0.335417 0.764062 0.527083 0.773438 0.458333 0.810937 0.529167 0.839063 0.445833 0.857812 0.520833 0.904687 0.520833 0.904687 0.466667 0.918750 0.527083 0.998437 0.518750 0.998437 0.366667 0.920312 0.402083 0.870313 0.358333 0.873437 0.254167 0.812500 0.172917 0.754687 0.172917 0.685937 0.337500
8 0.035937 0.012500 0.029687 0.008333 0.018750 0.006250 0.015625 0.010417 0.012500 0.010417 0.010937 0.014583 0.007812 0.012500 0.006250 0.016667 0.001563 0.018750 0.000000 0.014583 0.000000 0.035417 0.003125 0.039583 0.010937 0.039583 0.020313 0.043750 0.028125 0.031250 0.032813 0.033333 0.034375 0.029167 0.037500 0.031250 0.039062 0.029167
9 0.306250 0.577083 0.201563 0.564583 0.182812 0.597917 0.081250 0.604167 0.081250 0.700000 0.000000 0.718750 0.000000 0.825000
9 0.200000 0.535417 0.203125 0.545833 0.218750 0.556250 0.246875 0.552083 0.314063 0.560417 0.342187 0.552083 0.328125 0.535417 0.315625 0.533333 0.312500 0.539583 0.307812 0.527083 0.234375 0.495833 0.239063 0.525000 0.220312 0.529167 0.207813 0.512500
9 0.471875 0.497917 0.753125 0.997917 0.998437 0.997917 0.998437 0.533333 0.660937 0.508333 0.654687 0.552083 0.653125 0.508333
9 0.317188 0.512500 0.351562 0.525000 0.381250 0.527083 0.434375 0.493750 0.335938 0.487500 0.331250 0.500000 0.329688 0.487500 0.320312 0.485417
9 0.310937 0.512500 0.310937 0.485417 0.248438 0.487500 0.253125 0.493750 0.276562 0.502083 0.287500 0.502083 0.289062 0.506250 0.298438 0.506250
10 0.000000 0.000000 0.193750 0.329167 0.396875 0.200000 0.468750 0.289583 0.450000 0.395833 0.559375 0.445833 0.685937 0.037500 0.698438 0.279167 0.790625 0.158333 0.901563 0.387500 0.998437 0.364583 0.998437 0.000000
13 0.414062 0.483333 0.414062 0.491667 0.442188 0.491667 0.443750 0.495833 0.445312 0.495833 0.446875 0.491667 0.450000 0.491667 0.451562 0.487500 0.450000 0.477083 0.446875 0.475000 0.429688 0.475000 0.423438 0.479167 0.417187 0.479167 0.417187 0.481250
13 0.528125 0.468750 0.546875 0.468750 0.548438 0.466667 0.565625 0.468750 0.567187 0.464583 0.565625 0.462500 0.565625 0.456250 0.559375 0.450000 0.534375 0.450000 0.531250 0.452083 0.529687 0.456250 0.529687 0.466667