0 0.000000 0.606250 0.000000 0.997917 0.668750 0.997917 0.482812 0.497917 0.243750 0.600000 0.184375 0.591667 0.154688 0.481250
2 0.981250 0.531250 0.979688 0.531250 0.978125 0.535417 0.975000 0.535417 0.973437 0.539583 0.968750 0.541667 0.968750 0.545833 0.964063 0.552083 0.964063 0.568750 0.965625 0.570833 0.979688 0.570833 0.979688 0.562500 0.981250 0.560417 0.981250 0.552083 0.982812 0.550000 0.982812 0.535417
2 0.350000 0.416667 0.348438 0.445833 0.367188 0.443750 0.373437 0.445833 0.375000 0.450000 0.378125 0.450000 0.376563 0.441667 0.379688 0.439583 0.379688 0.422917 0.376563 0.418750 0.370312 0.416667 0.364063 0.425000 0.356250 0.425000
2 0.559375 0.452083 0.545312 0.435417 0.503125 0.435417 0.498437 0.397917 0.446875 0.393750 0.437500 0.412500 0.412500 0.404167 0.384375 0.425000 0.384375 0.450000 0.404687 0.466667 0.404687 0.491667 0.420312 0.475000 0.425000 0.422917 0.426563 0.472917 0.460938 0.483333 0.468750 0.468750 0.473438 0.481250 0.482812 0.475000 0.484375 0.462500 0.489063 0.477083 0.553125 0.477083
2 0.006250 0.295833 0.014063 0.350000 0.000000 0.362500 0.000000 0.418750 0.070312 0.427083 0.085938 0.408333 0.121875 0.418750 0.120313 0.433333 0.176563 0.439583 0.176563 0.416667 0.204687 0.402083 0.221875 0.420833 0.217188 0.443750 0.264062 0.441667 0.260937 0.420833 0.234375 0.422917 0.201563 0.372917 0.200000 0.297917 0.137500 0.283333 0.125000 0.260417 0.115625 0.277083 0.060937 0.268750
2 0.862500 0.233333 0.904687 0.268750 0.885938 0.308333 0.892188 0.358333 0.871875 0.418750 0.806250 0.425000 0.804688 0.541667 0.867188 0.558333 0.829688 0.539583 0.882812 0.508333 0.973437 0.522917 0.970313 0.435417 0.935937 0.397917 0.951562 0.354167 0.934375 0.331250 0.975000 0.314583 0.951562 0.237500
2 0.614062 0.233333 0.578125 0.418750 0.585938 0.452083 0.610938 0.475000 0.625000 0.454167 0.723437 0.470833 0.743750 0.539583 0.767188 0.479167 0.771875 0.537500 0.790625 0.545833 0.795312 0.416667 0.742188 0.416667 0.718750 0.379167 0.723437 0.343750 0.743750 0.345833 0.728125 0.295833 0.754687 0.277083 0.753125 0.233333 0.710938 0.233333 0.704688 0.202083 0.696875 0.233333
3 0.376563 0.462500 0.375000 0.460417 0.367188 0.460417 0.364063 0.466667 0.346875 0.466667 0.346875 0.485417 0.354687 0.485417 0.356250 0.487500 0.375000 0.487500 0.375000 0.470833 0.376563 0.468750
3 0.310937 0.458333 0.309375 0.462500 0.309375 0.468750 0.307812 0.470833 0.307812 0.479167 0.332813 0.481250 0.334375 0.477083 0.334375 0.462500 0.329688 0.462500 0.328125 0.458333
3 0.384375 0.452083 0.382812 0.487500 0.396875 0.487500 0.398438 0.491667 0.400000 0.491667 0.401562 0.487500 0.403125 0.491667 0.403125 0.466667 0.393750 0.456250 0.387500 0.456250 0.385937 0.452083
4 0.765625 0.481250 0.765625 0.491667 0.760938 0.497917 0.760938 0.518750 0.757812 0.520833 0.757812 0.537500 0.756250 0.539583 0.767188 0.539583 0.768750 0.543750 0.778125 0.543750 0.770312 0.537500 0.770312 0.497917 0.767188 0.491667 0.767188 0.481250
4 0.743750 0.504167 0.728125 0.502083 0.723437 0.472917 0.628125 0.456250 0.620313 0.477083 0.487500 0.487500 0.487500 0.506250 0.604688 0.539583 0.675000 0.527083 0.742188 0.539583 0.734375 0.508333
4 0.000000 0.420833 0.000000 0.452083 0.023438 0.460417 0.264062 0.475000 0.264062 0.443750 0.198437 0.447917
8 0.071875 0.420833 0.073438 0.429167 0.084375 0.429167 0.085938 0.433333 0.118750 0.433333 0.121875 0.427083 0.121875 0.420833 0.117188 0.420833 0.115625 0.416667 0.110937 0.414583 0.101562 0.416667 0.085938 0.410417 0.076563 0.410417
8 0.178125 0.416667 0.178125 0.425000 0.175000 0.427083 0.175000 0.433333 0.178125 0.435417 0.178125 0.441667 0.182812 0.443750 0.212500 0.445833 0.215625 0.443750 0.217188 0.429167 0.220312 0.427083 0.217188 0.412500 0.204687 0.404167 0.200000 0.406250 0.190625 0.404167
8 0.998437 0.285417 0.965625 0.329167 0.935937 0.331250 0.953125 0.354167 0.937500 0.397917 0.971875 0.435417 0.975000 0.522917 0.882812 0.510417 0.832812 0.543750 0.960938 0.570833 0.981250 0.529167 0.987500 0.572917
8 0.068750 0.260417 0.070312 0.264583 0.068750 0.266667 0.068750 0.270833 0.076563 0.270833 0.078125 0.272917 0.096875 0.272917 0.092188 0.256250 0.090625 0.256250 0.085938 0.250000 0.076563 0.252083 0.076563 0.258333 0.071875 0.262500
8 0.000000 0.225000 0.000000 0.360417 0.007812 0.360417 0.012500 0.347917 0.004687 0.295833 0.031250 0.285417 0.034375 0.268750 0.023438 0.247917
8 0.392188 0.122917 0.301563 0.114583 0.268750 0.179167 0.223438 0.143750 0.195312 0.241667 0.167187 0.222917 0.146875 0.264583 0.201563 0.297917 0.203125 0.372917 0.265625 0.425000 0.270313 0.500000 0.282813 0.443750 0.335938 0.485417 0.375000 0.458333 0.378125 0.497917 0.382812 0.425000 0.437500 0.410417 0.473438 0.354167 0.478125 0.241667 0.454688 0.252083
8 0.998437 0.102083 0.979688 0.108333 0.976562 0.120833 0.984375 0.125000 0.982812 0.133333 0.962500 0.125000 0.954688 0.131250 0.968750 0.158333 0.951562 0.185417 0.967187 0.202083 0.948438 0.218750 0.945312 0.233333 0.965625 0.225000 0.976562 0.231250 0.998437 0.229167
8 0.848437 0.060417 0.814063 0.116667 0.796875 0.104167 0.787500 0.181250 0.750000 0.222917 0.756250 0.277083 0.729688 0.295833 0.745313 0.345833 0.720313 0.356250 0.742188 0.414583 0.798438 0.420833 0.790625 0.575000 0.803125 0.429167 0.873437 0.414583 0.903125 0.268750 0.857812 0.239583 0.876563 0.185417 0.853125 0.179167 0.868750 0.106250
9 0.475000 0.510417 0.670312 0.997917 0.998437 0.997917 0.998437 0.575000 0.798438 0.552083 0.790625 0.577083 0.767188 0.541667
9 0.000000 0.604167 0.154688 0.479167 0.178125 0.487500 0.181250 0.585417 0.243750 0.597917 0.429688 0.497917 0.279687 0.479167 0.270313 0.502083 0.262500 0.479167 0.000000 0.466667
10 0.954688 0.231250 0.953125 0.245833 0.959375 0.254167 0.957812 0.258333 0.978125 0.310417 0.982812 0.295833 0.998437 0.283333 0.998437 0.256250 0.993750 0.245833 0.998437 0.231250 0.976562 0.233333 0.970313 0.227083
10 0.000000 0.222917 0.143750 0.281250 0.220312 0.143750 0.379688 0.114583 0.479687 0.241667 0.448437 0.391667 0.584375 0.450000 0.614062 0.231250 0.751563 0.231250 0.843750 0.058333 0.859375 0.233333 0.943750 0.231250 0.998437 0.000000 0.000000 0.000000
13 0.425000 0.475000 0.423438 0.495833 0.437500 0.495833 0.439063 0.497917 0.450000 0.497917 0.451562 0.495833 0.454688 0.495833 0.454688 0.483333 0.453125 0.479167 0.450000 0.477083 0.450000 0.475000 0.440625 0.475000 0.439063 0.472917 0.429688 0.472917 0.428125 0.475000
13 0.554688 0.462500 0.554688 0.477083 0.609375 0.475000 0.606250 0.456250 0.600000 0.456250 0.598437 0.452083 0.590625 0.454167 0.560937 0.452083 0.557813 0.454167