0 0.795312 0.995833 0.532813 0.508333 0.456250 0.504167 0.000000 0.868750 0.000000 0.997917
1 0.000000 0.537500 0.145313 0.489583 0.060937 0.485417 0.081250 0.487500 0.082812 0.493750 0.000000 0.510417
2 0.242188 0.433333 0.243750 0.443750 0.251563 0.443750 0.253125 0.445833 0.278125 0.445833 0.281250 0.441667 0.278125 0.431250 0.268750 0.422917 0.264062 0.422917 0.256250 0.418750 0.248438 0.418750 0.245312 0.420833 0.245312 0.431250
2 0.364063 0.406250 0.362500 0.416667 0.364063 0.418750 0.367188 0.418750 0.375000 0.431250 0.375000 0.441667 0.376563 0.445833 0.384375 0.445833 0.385937 0.443750 0.387500 0.429167 0.381250 0.416667 0.378125 0.414583 0.376563 0.410417 0.373437 0.410417 0.371875 0.406250
2 0.215625 0.402083 0.214062 0.408333 0.214062 0.447917 0.228125 0.450000 0.231250 0.447917 0.232813 0.443750 0.235937 0.443750 0.235937 0.429167 0.237500 0.422917 0.232813 0.420833 0.221875 0.402083
2 0.607812 0.460417 0.564063 0.427083 0.543750 0.431250 0.535937 0.389583 0.520312 0.383333 0.448437 0.393750 0.432812 0.418750 0.409375 0.404167 0.404687 0.445833 0.435937 0.433333 0.435937 0.475000 0.451562 0.475000 0.456250 0.418750 0.456250 0.464583 0.528125 0.472917 0.537500 0.429167 0.554688 0.481250 0.593750 0.481250
2 0.110937 0.243750 0.000000 0.258333 0.000000 0.425000 0.037500 0.395833 0.081250 0.414583 0.079687 0.433333 0.146875 0.439583 0.146875 0.404167 0.128125 0.352083 0.142187 0.314583 0.104688 0.306250 0.100000 0.262500
2 0.990625 0.062500 0.957812 0.102083 0.875000 0.108333 0.867188 0.062500 0.851562 0.110417 0.721875 0.125000 0.707812 0.327083 0.656250 0.327083 0.654687 0.437500 0.723437 0.439583 0.739062 0.475000 0.821875 0.470833 0.862500 0.433333 0.998437 0.437500
3 0.640625 0.541667 0.804688 0.602083 0.826562 0.595833 0.823438 0.583333 0.796875 0.581250 0.735938 0.556250 0.657813 0.535417
3 0.542188 0.479167 0.542188 0.485417 0.540625 0.487500 0.540625 0.500000 0.539062 0.502083 0.540625 0.516667 0.551562 0.516667 0.551562 0.497917 0.548438 0.495833 0.548438 0.483333 0.551562 0.481250 0.551562 0.479167
3 0.354687 0.466667 0.354687 0.491667 0.365625 0.493750 0.367188 0.495833 0.381250 0.495833 0.382812 0.491667 0.382812 0.477083 0.384375 0.475000 0.384375 0.468750 0.381250 0.466667
3 0.404687 0.447917 0.404687 0.502083 0.434375 0.502083 0.440625 0.485417 0.445312 0.481250 0.451562 0.481250 0.451562 0.477083 0.434375 0.475000 0.432812 0.445833
3 0.314063 0.445833 0.312500 0.487500 0.334375 0.487500 0.335938 0.450000 0.340625 0.447917
3 0.243750 0.445833 0.242188 0.483333 0.301563 0.485417 0.301563 0.450000 0.298438 0.447917 0.290625 0.456250 0.265625 0.458333 0.259375 0.447917
4 0.214062 0.450000 0.214062 0.456250 0.210938 0.458333 0.210938 0.470833 0.212500 0.472917 0.212500 0.477083 0.226562 0.477083 0.226562 0.470833 0.228125 0.468750 0.228125 0.462500 0.226562 0.460417 0.228125 0.458333 0.226562 0.456250 0.226562 0.452083 0.221875 0.452083 0.220312 0.450000
4 0.998437 0.591667 0.990625 0.437500 0.862500 0.435417 0.821875 0.472917 0.550000 0.483333 0.557813 0.518750 0.823438 0.581250 0.818750 0.602083
4 0.000000 0.427083 0.000000 0.475000 0.148438 0.485417 0.157812 0.470833 0.193750 0.485417 0.201563 0.466667 0.198437 0.447917 0.115625 0.435417 0.046875 0.441667
8 0.456250 0.466667 0.456250 0.477083 0.489063 0.477083 0.495312 0.497917 0.498437 0.483333 0.501563 0.487500 0.501563 0.502083 0.504687 0.502083 0.504687 0.485417 0.510938 0.481250 0.510938 0.475000 0.506250 0.470833 0.476562 0.468750 0.470313 0.464583
8 0.639062 0.443750 0.634375 0.454167 0.623437 0.464583 0.607812 0.462500 0.603125 0.468750 0.600000 0.468750 0.600000 0.477083 0.634375 0.477083 0.634375 0.466667 0.637500 0.464583
8 0.010937 0.414583 0.014063 0.427083 0.018750 0.431250 0.045312 0.435417 0.046875 0.439583 0.078125 0.433333 0.084375 0.422917 0.073438 0.410417 0.050000 0.410417 0.037500 0.397917
8 0.000000 0.220833 0.000000 0.256250 0.001563 0.254167 0.004687 0.256250 0.006250 0.252083 0.010937 0.254167 0.018750 0.247917 0.028125 0.245833 0.025000 0.237500 0.020313 0.237500 0.017188 0.233333 0.017188 0.229167 0.014063 0.222917 0.010937 0.222917 0.009375 0.218750
8 0.409375 0.008333 0.284375 0.000000 0.253125 0.079167 0.185938 0.018750 0.167187 0.118750 0.107813 0.164583 0.106250 0.306250 0.143750 0.314583 0.148438 0.439583 0.203125 0.437500 0.195312 0.527083 0.215625 0.400000 0.235937 0.506250 0.256250 0.416667 0.303125 0.487500 0.314063 0.443750 0.343750 0.493750 0.384375 0.466667 0.387500 0.520833 0.392188 0.414583 0.475000 0.391667 0.518750 0.318750 0.523438 0.170833 0.451562 0.139583
9 0.526563 0.520833 0.796875 0.997917 0.998437 0.997917 0.998437 0.593750 0.804688 0.604167
9 0.000000 0.866667 0.462500 0.508333 0.210938 0.487500 0.195312 0.529167 0.196875 0.487500 0.000000 0.477083 0.000000 0.508333 0.146875 0.489583 0.000000 0.539583
10 0.450000 0.383333 0.445312 0.383333 0.439063 0.375000 0.435937 0.375000 0.432812 0.379167 0.432812 0.383333 0.429688 0.389583 0.420312 0.391667 0.414062 0.395833 0.412500 0.404167 0.425000 0.416667 0.432812 0.416667 0.439063 0.404167 0.448437 0.391667
10 0.396875 0.000000 0.459375 0.081250 0.453125 0.139583 0.468750 0.112500 0.495312 0.183333 0.525000 0.170833 0.531250 0.270833 0.476562 0.383333 0.614062 0.462500 0.653125 0.437500 0.654687 0.327083 0.706250 0.327083 0.721875 0.122917 0.851562 0.108333 0.867188 0.060417 0.875000 0.106250 0.957812 0.100000 0.975000 0.058333 0.998437 0.093750 0.998437 0.000000
10 0.339062 0.000000 0.343750 0.006250 0.357812 0.008333 0.362500 0.018750 0.364063 0.018750 0.364063 0.012500 0.367188 0.008333 0.373437 0.006250 0.375000 0.008333 0.384375 0.008333 0.387500 0.000000
10 0.000000 0.218750 0.092188 0.252083 0.106250 0.164583 0.135937 0.139583 0.135937 0.108333 0.165625 0.118750 0.171875 0.027083 0.200000 0.016667 0.253125 0.077083 0.256250 0.056250 0.284375 0.056250 0.282813 0.000000 0.000000 0.000000
13 0.456250 0.479167 0.456250 0.495833 0.454688 0.497917 0.456250 0.502083 0.478125 0.502083 0.479687 0.506250 0.485938 0.506250 0.487500 0.502083 0.492188 0.500000 0.492188 0.491667 0.489063 0.479167 0.478125 0.479167 0.476562 0.477083 0.460938 0.477083
13 0.635938 0.466667 0.635938 0.477083 0.712500 0.475000 0.714063 0.470833 0.737500 0.475000 0.732812 0.452083 0.726562 0.443750 0.687500 0.435417 0.643750 0.441667