0 0.840625 0.997917 0.537500 0.504167 0.453125 0.504167 0.000000 0.908333 0.000000 0.997917
1 0.000000 0.522917 0.082812 0.497917 0.135937 0.493750 0.032813 0.489583 0.026562 0.493750 0.031250 0.500000 0.003125 0.504167
2 0.543750 0.422917 0.543750 0.454167 0.554688 0.458333 0.557813 0.477083 0.604688 0.475000 0.604688 0.466667 0.612500 0.458333 0.606250 0.456250 0.603125 0.447917 0.596875 0.447917 0.593750 0.441667 0.585938 0.441667 0.581250 0.431250 0.567187 0.431250 0.564063 0.425000 0.560937 0.431250 0.556250 0.431250 0.554688 0.427083 0.545312 0.427083
2 0.303125 0.397917 0.300000 0.406250 0.300000 0.427083 0.301563 0.429167 0.303125 0.427083 0.307812 0.427083 0.309375 0.429167 0.317188 0.429167 0.317188 0.422917 0.318750 0.420833 0.315625 0.416667 0.309375 0.412500 0.310937 0.397917 0.309375 0.395833
2 0.396875 0.391667 0.395313 0.395833 0.389062 0.395833 0.387500 0.400000 0.384375 0.397917 0.382812 0.402083 0.382812 0.429167 0.381250 0.431250 0.381250 0.443750 0.382812 0.445833 0.384375 0.443750 0.389062 0.443750 0.390625 0.445833 0.395313 0.443750
2 0.167187 0.391667 0.184375 0.418750 0.184375 0.437500 0.179688 0.445833 0.182812 0.445833 0.184375 0.450000 0.204687 0.450000 0.207813 0.414583 0.198437 0.414583 0.196875 0.406250 0.185938 0.389583 0.171875 0.389583 0.170313 0.393750
2 0.278125 0.387500 0.271875 0.402083 0.253125 0.425000 0.239063 0.418750 0.232813 0.400000 0.221875 0.404167 0.215625 0.425000 0.215625 0.447917 0.218750 0.443750 0.264062 0.445833 0.270313 0.443750 0.271875 0.431250 0.285938 0.431250 0.287500 0.414583
2 0.535937 0.383333 0.476562 0.379167 0.467187 0.389583 0.453125 0.381250 0.429688 0.418750 0.401562 0.385417 0.398438 0.450000 0.425000 0.458333 0.435937 0.497917 0.450000 0.481250 0.454688 0.408333 0.456250 0.466667 0.514062 0.460417 0.532813 0.470833
2 0.000000 0.233333 0.000000 0.395833 0.048438 0.414583 0.045312 0.435417 0.118750 0.439583 0.115625 0.410417 0.145313 0.387500 0.145313 0.368750 0.134375 0.383333 0.101562 0.368750 0.071875 0.389583 0.040625 0.318750 0.068750 0.279167 0.017188 0.275000 0.021875 0.243750
2 0.998437 0.039583 0.928125 0.050000 0.928125 0.000000 0.910937 0.000000 0.895312 0.056250 0.750000 0.077083 0.732812 0.300000 0.665625 0.312500 0.664062 0.433333 0.753125 0.425000 0.781250 0.464583 0.998437 0.460417
3 0.596875 0.522917 0.957812 0.641667 0.964063 0.627083 0.953125 0.608333 0.603125 0.510417
3 0.343750 0.466667 0.342187 0.470833 0.342187 0.491667 0.343750 0.493750 0.348438 0.493750 0.350000 0.495833 0.371875 0.495833 0.371875 0.468750 0.368750 0.466667
3 0.300000 0.460417 0.300000 0.487500 0.310937 0.487500 0.312500 0.491667 0.325000 0.491667 0.325000 0.462500 0.304688 0.462500 0.303125 0.458333
3 0.398438 0.452083 0.396875 0.502083 0.428125 0.502083 0.432812 0.497917 0.429688 0.495833 0.426563 0.462500 0.421875 0.458333 0.406250 0.456250 0.404687 0.452083
3 0.215625 0.450000 0.214062 0.485417 0.285938 0.485417 0.284375 0.456250 0.273438 0.456250 0.270313 0.445833 0.218750 0.445833
4 0.998437 0.645833 0.998437 0.462500 0.546875 0.479167 0.546875 0.516667 0.603125 0.508333 0.953125 0.606250 0.960938 0.639583
4 0.139063 0.450000 0.132812 0.450000 0.126562 0.462500 0.126562 0.468750 0.125000 0.470833 0.125000 0.475000 0.128125 0.483333 0.134375 0.483333 0.135937 0.485417 0.139063 0.479167
4 0.154688 0.481250 0.160938 0.479167 0.200000 0.481250 0.201563 0.477083 0.204687 0.477083 0.204687 0.452083 0.195312 0.450000 0.184375 0.452083 0.182812 0.447917 0.173437 0.447917 0.168750 0.460417 0.156250 0.468750
4 0.121875 0.445833 0.084375 0.435417 0.000000 0.437500 0.000000 0.479167 0.118750 0.489583
5 0.542188 0.383333 0.542188 0.393750 0.539062 0.395833 0.537500 0.456250 0.539062 0.518750 0.542188 0.502083
8 0.521875 0.472917 0.521875 0.477083 0.523438 0.479167 0.523438 0.495833 0.526563 0.497917 0.529687 0.497917 0.535937 0.502083 0.535937 0.468750 0.532813 0.472917
8 0.454688 0.466667 0.454688 0.477083 0.460938 0.472917 0.485938 0.475000 0.490625 0.479167 0.493750 0.491667 0.498437 0.491667 0.500000 0.481250 0.510938 0.483333 0.512500 0.468750 0.475000 0.466667 0.465625 0.470833
8 0.656250 0.452083 0.653125 0.447917 0.648438 0.447917 0.646875 0.441667 0.640625 0.437500 0.639062 0.445833 0.631250 0.458333 0.628125 0.460417 0.614062 0.458333 0.606250 0.466667 0.606250 0.475000 0.653125 0.472917
8 0.000000 0.397917 0.000000 0.435417 0.012500 0.437500 0.043750 0.435417 0.050000 0.425000 0.048438 0.416667 0.042188 0.416667 0.035937 0.408333 0.015625 0.410417 0.014063 0.406250 0.007812 0.406250 0.004687 0.400000
8 0.017188 0.091667 0.050000 0.350000 0.146875 0.368750 0.135937 0.543750 0.167187 0.389583 0.209375 0.414583 0.203125 0.508333 0.217188 0.408333 0.278125 0.385417 0.284375 0.487500 0.329688 0.443750 0.373437 0.529167 0.382812 0.397917 0.470313 0.387500 0.521875 0.304167 0.526563 0.141667 0.448437 0.114583 0.415625 0.000000 0.084375 0.000000
9 0.531250 0.520833 0.839063 0.995833 0.998437 0.997917 0.998437 0.647917
9 0.462500 0.510417 0.378125 0.500000 0.370312 0.531250 0.371875 0.497917 0.214062 0.487500 0.207813 0.510417 0.154688 0.493750 0.146875 0.545833 0.135937 0.495833 0.000000 0.525000 0.000000 0.906250
9 0.000000 0.506250 0.031250 0.497917 0.025000 0.493750 0.032813 0.487500 0.129688 0.491667 0.000000 0.481250
10 0.434375 0.362500 0.429688 0.362500 0.428125 0.368750 0.420312 0.379167 0.412500 0.379167 0.404687 0.383333 0.406250 0.397917 0.425000 0.416667 0.432812 0.414583 0.431250 0.412500 0.434375 0.410417 0.439063 0.397917 0.448437 0.383333 0.445312 0.375000 0.440625 0.372917
10 0.929688 0.000000 0.928125 0.047917 0.998437 0.037500 0.998437 0.000000
10 0.476562 0.377083 0.657813 0.450000 0.664062 0.312500 0.731250 0.300000 0.748437 0.077083 0.895312 0.054167 0.909375 0.000000 0.417187 0.000000 0.429688 0.047917 0.454688 0.041667 0.448437 0.112500 0.467187 0.083333 0.495312 0.154167 0.528125 0.141667 0.523438 0.304167
10 0.214062 0.000000 0.215625 0.027083 0.229687 0.012500 0.237500 0.016667 0.245312 0.004167 0.250000 0.008333 0.251563 0.018750 0.270313 0.018750 0.259375 0.006250 0.259375 0.000000
10 0.082812 0.000000 0.000000 0.000000 0.000000 0.231250 0.006250 0.233333 0.007812 0.200000 0.035937 0.183333 0.009375 0.143750 0.034375 0.131250 0.015625 0.095833 0.020313 0.072917 0.037500 0.054167 0.053125 0.064583 0.059375 0.022917 0.084375 0.047917
13 0.453125 0.483333 0.453125 0.502083 0.479687 0.502083 0.481250 0.506250 0.485938 0.506250 0.487500 0.502083 0.492188 0.500000 0.492188 0.487500 0.489063 0.479167 0.485938 0.477083 0.460938 0.475000 0.456250 0.477083
13 0.654687 0.472917 0.739062 0.470833 0.779687 0.464583 0.770312 0.435417 0.753125 0.427083 0.690625 0.425000 0.660937 0.435417