0 0.834375 0.997917 0.537500 0.504167 0.453125 0.504167 0.000000 0.908333 0.000000 0.997917
1 0.000000 0.525000 0.087500 0.497917 0.142187 0.493750 0.018750 0.489583 0.037500 0.497917 0.000000 0.508333
2 0.543750 0.422917 0.543750 0.454167 0.550000 0.454167 0.557813 0.462500 0.557813 0.477083 0.604688 0.475000 0.604688 0.466667 0.614062 0.458333 0.606250 0.456250 0.603125 0.447917 0.596875 0.447917 0.593750 0.441667 0.585938 0.441667 0.581250 0.431250 0.568750 0.431250 0.564063 0.422917 0.560937 0.431250 0.554688 0.431250 0.553125 0.427083 0.546875 0.427083 0.545312 0.431250
2 0.356250 0.406250 0.353125 0.414583 0.359375 0.414583 0.362500 0.418750 0.364063 0.418750 0.370312 0.427083 0.370312 0.431250 0.373437 0.439583 0.375000 0.439583 0.375000 0.431250 0.376563 0.429167 0.376563 0.414583 0.375000 0.414583 0.373437 0.410417 0.371875 0.410417 0.370312 0.406250 0.367188 0.404167
2 0.306250 0.397917 0.301563 0.406250 0.301563 0.425000 0.303125 0.427083 0.309375 0.427083 0.310937 0.429167 0.315625 0.429167 0.315625 0.427083 0.318750 0.425000 0.318750 0.418750 0.310937 0.412500 0.309375 0.408333 0.310937 0.404167 0.310937 0.400000 0.309375 0.397917
2 0.396875 0.391667 0.395313 0.395833 0.390625 0.395833 0.389062 0.400000 0.384375 0.402083 0.384375 0.408333 0.382812 0.410417 0.382812 0.443750 0.389062 0.443750 0.390625 0.445833 0.395313 0.443750
2 0.284375 0.395833 0.278125 0.389583 0.271875 0.406250 0.256250 0.425000 0.242188 0.418750 0.235937 0.400000 0.225000 0.404167 0.218750 0.414583 0.218750 0.450000 0.226562 0.445833 0.232813 0.450000 0.254688 0.450000 0.256250 0.445833 0.270313 0.443750 0.271875 0.429167 0.287500 0.429167
2 0.164062 0.383333 0.164062 0.393750 0.175000 0.400000 0.185938 0.416667 0.187500 0.435417 0.181250 0.445833 0.185938 0.450000 0.207813 0.450000 0.210938 0.416667 0.201563 0.414583 0.192188 0.391667 0.179688 0.389583 0.178125 0.393750 0.170313 0.393750
2 0.535937 0.383333 0.468750 0.389583 0.453125 0.381250 0.429688 0.418750 0.401562 0.385417 0.398438 0.443750 0.429688 0.456250 0.431250 0.495833 0.450000 0.481250 0.454688 0.410417 0.456250 0.462500 0.514062 0.460417 0.529687 0.470833 0.537500 0.456250
2 0.000000 0.237500 0.000000 0.395833 0.051562 0.414583 0.048438 0.435417 0.087500 0.435417 0.090625 0.418750 0.093750 0.439583 0.121875 0.439583 0.118750 0.410417 0.150000 0.391667 0.151562 0.370833 0.139063 0.385417 0.109375 0.370833 0.081250 0.393750 0.048438 0.322917 0.076563 0.281250 0.029687 0.281250 0.026562 0.243750
2 0.998437 0.041667 0.921875 0.052083 0.920312 0.000000 0.895312 0.058333 0.748437 0.081250 0.729688 0.312500 0.665625 0.312500 0.662500 0.433333 0.751563 0.425000 0.778125 0.464583 0.985938 0.458333
3 0.595313 0.522917 0.920312 0.633333 0.948438 0.620833 0.923438 0.597917 0.601562 0.512500
3 0.343750 0.466667 0.343750 0.493750 0.351562 0.493750 0.353125 0.495833 0.365625 0.493750 0.367188 0.495833 0.371875 0.495833 0.373437 0.491667 0.373437 0.468750 0.368750 0.466667
3 0.300000 0.460417 0.301563 0.487500 0.312500 0.487500 0.314063 0.491667 0.325000 0.491667 0.325000 0.470833 0.326562 0.468750 0.326562 0.462500 0.310937 0.462500 0.309375 0.458333 0.303125 0.458333
3 0.381250 0.468750 0.381250 0.495833 0.396875 0.495833 0.398438 0.502083 0.428125 0.502083 0.434375 0.497917 0.429688 0.495833 0.428125 0.456250 0.425000 0.452083 0.398438 0.450000 0.396875 0.493750 0.395313 0.460417 0.389062 0.460417
3 0.218750 0.452083 0.217188 0.485417 0.285938 0.487500 0.287500 0.460417 0.271875 0.456250 0.270313 0.445833 0.256250 0.447917 0.254688 0.452083 0.232813 0.452083 0.228125 0.447917 0.229687 0.445833
4 0.160938 0.468750 0.160938 0.487500 0.167187 0.481250 0.200000 0.481250 0.201563 0.477083 0.204687 0.477083 0.206250 0.481250 0.209375 0.454167 0.198437 0.450000 0.185938 0.452083 0.184375 0.447917 0.176563 0.447917 0.175000 0.452083 0.170313 0.452083 0.170313 0.458333 0.164062 0.462500
4 0.145313 0.452083 0.082812 0.435417 0.037500 0.441667 0.000000 0.437500 0.000000 0.479167 0.142187 0.489583
4 0.998437 0.637500 0.996875 0.406250 0.982812 0.462500 0.546875 0.479167 0.550000 0.516667 0.601562 0.510417 0.950000 0.610417 0.943750 0.633333
5 0.542188 0.383333 0.542188 0.393750 0.539062 0.395833 0.537500 0.458333 0.539062 0.518750 0.542188 0.502083
8 0.535937 0.464583 0.535937 0.466667 0.529687 0.472917 0.521875 0.472917 0.521875 0.477083 0.523438 0.479167 0.523438 0.495833 0.521875 0.497917 0.523438 0.500000 0.532813 0.500000 0.535937 0.502083 0.535937 0.483333 0.537500 0.481250 0.537500 0.470833 0.535937 0.468750
8 0.454688 0.466667 0.454688 0.477083 0.460938 0.472917 0.478125 0.472917 0.489063 0.477083 0.495312 0.495833 0.500000 0.481250 0.503125 0.483333 0.504687 0.495833 0.504687 0.483333 0.510938 0.483333 0.512500 0.466667 0.492188 0.468750 0.460938 0.462500
8 0.654687 0.452083 0.648438 0.447917 0.643750 0.437500 0.640625 0.437500 0.639062 0.445833 0.635938 0.447917 0.632812 0.456250 0.628125 0.460417 0.615625 0.458333 0.606250 0.466667 0.606250 0.475000 0.653125 0.472917
8 0.000000 0.397917 0.000000 0.435417 0.037500 0.439583 0.039062 0.435417 0.046875 0.435417 0.053125 0.425000 0.051562 0.416667 0.045312 0.416667 0.042188 0.410417 0.017188 0.410417 0.014063 0.406250 0.009375 0.406250 0.006250 0.400000
8 0.092188 0.000000 0.031250 0.079167 0.014063 0.235417 0.078125 0.281250 0.081250 0.391667 0.153125 0.370833 0.117188 0.429167 0.140625 0.543750 0.164062 0.381250 0.212500 0.416667 0.207813 0.508333 0.221875 0.406250 0.279687 0.387500 0.287500 0.487500 0.329688 0.443750 0.375000 0.529167 0.382812 0.402083 0.482812 0.381250 0.521875 0.304167 0.526563 0.143750 0.448437 0.116667 0.417187 0.000000
9 0.531250 0.520833 0.835938 0.997917 0.998437 0.997917 0.998437 0.639583
9 0.464062 0.512500 0.381250 0.500000 0.373437 0.531250 0.371875 0.497917 0.217188 0.487500 0.210938 0.510417 0.160938 0.493750 0.150000 0.545833 0.142187 0.495833 0.000000 0.527083 0.000000 0.906250
9 0.000000 0.506250 0.035937 0.497917 0.018750 0.493750 0.018750 0.487500 0.142187 0.491667 0.000000 0.481250
10 0.432812 0.362500 0.429688 0.364583 0.428125 0.372917 0.420312 0.381250 0.414062 0.379167 0.404687 0.385417 0.406250 0.397917 0.425000 0.416667 0.429688 0.416667 0.434375 0.412500 0.435937 0.404167 0.448437 0.383333 0.445312 0.379167 0.448437 0.375000 0.442188 0.375000
10 0.921875 0.000000 0.926562 0.004167 0.921875 0.050000 0.967187 0.047917 0.998437 0.039583 0.998437 0.000000
10 0.476562 0.377083 0.656250 0.450000 0.664062 0.312500 0.728125 0.312500 0.746875 0.081250 0.895312 0.056250 0.918750 0.000000 0.418750 0.000000 0.456250 0.050000 0.448437 0.114583 0.467187 0.085417 0.495312 0.158333 0.528125 0.143750 0.523438 0.304167
10 0.201563 0.000000 0.212500 0.002083 0.218750 0.010417 0.218750 0.031250 0.228125 0.027083 0.231250 0.016667 0.239063 0.020833 0.248438 0.006250 0.254688 0.025000 0.257812 0.020833 0.271875 0.022917 0.262500 0.010417 0.260937 0.000000
10 0.090625 0.000000 0.000000 0.000000 0.000000 0.235417 0.012500 0.233333 0.023438 0.197917 0.043750 0.187500 0.020313 0.152083 0.043750 0.135417 0.025000 0.104167 0.039062 0.064583 0.060937 0.072917 0.068750 0.029167 0.092188 0.054167
11 0.515625 0.466667 0.515625 0.475000 0.512500 0.485417 0.512500 0.502083 0.515625 0.508333 0.515625 0.516667 0.518750 0.516667 0.518750 0.508333 0.521875 0.500000 0.520312 0.497917 0.521875 0.495833 0.521875 0.479167 0.520312 0.477083 0.520312 0.468750
13 0.453125 0.483333 0.453125 0.502083 0.481250 0.502083 0.482812 0.506250 0.484375 0.502083 0.490625 0.502083 0.493750 0.497917 0.492188 0.485417 0.485938 0.477083 0.460938 0.475000 0.454688 0.479167
13 0.654687 0.472917 0.729688 0.470833 0.776563 0.462500 0.770312 0.441667 0.751563 0.427083 0.690625 0.425000 0.659375 0.435417