0 0.142187 0.997917 0.998437 0.997917 0.998437 0.939583 0.612500 0.591667 0.587500 0.504167 0.523438 0.541667 0.442188 0.508333 0.460938 0.537500
1 0.348438 0.504167 0.320312 0.502083 0.256250 0.506250 0.317188 0.510417 0.346875 0.508333
2 0.601562 0.435417 0.600000 0.464583 0.623437 0.464583 0.634375 0.454167 0.634375 0.441667 0.632812 0.441667 0.632812 0.450000 0.629687 0.452083 0.628125 0.447917 0.610938 0.445833 0.609375 0.437500
2 0.551562 0.414583 0.550000 0.437500 0.554688 0.443750 0.564063 0.445833 0.570312 0.456250 0.570312 0.464583 0.564063 0.472917 0.567187 0.475000 0.570312 0.470833 0.581250 0.468750 0.587500 0.477083 0.587500 0.420833 0.571875 0.418750 0.568750 0.412500 0.567187 0.416667
2 0.353125 0.375000 0.353125 0.445833 0.378125 0.462500 0.403125 0.464583 0.404687 0.454167 0.412500 0.454167 0.417187 0.468750 0.435937 0.468750 0.437500 0.375000 0.415625 0.412500 0.389062 0.385417 0.389062 0.375000 0.381250 0.383333 0.371875 0.379167 0.370312 0.368750
2 0.348438 0.370833 0.337500 0.364583 0.332813 0.375000 0.312500 0.368750 0.292187 0.389583 0.267188 0.379167 0.253125 0.381250 0.250000 0.416667 0.278125 0.422917 0.279687 0.410417 0.285938 0.408333 0.309375 0.427083 0.321875 0.410417 0.335938 0.408333 0.348438 0.422917
2 0.540625 0.362500 0.446875 0.362500 0.442188 0.468750 0.446875 0.452083 0.534375 0.462500 0.545312 0.439583
2 0.204687 0.350000 0.201563 0.354167 0.201563 0.433333 0.223438 0.433333 0.225000 0.368750 0.217188 0.352083
2 0.012500 0.306250 0.000000 0.352083 0.000000 0.445833 0.165625 0.456250 0.165625 0.391667 0.129688 0.300000 0.089063 0.302083 0.056250 0.270833 0.054688 0.297917 0.042188 0.312500 0.045312 0.339583 0.029687 0.337500 0.028125 0.316667
2 0.998437 0.000000 0.943750 0.214583 0.871875 0.225000 0.867188 0.204167 0.851562 0.227083 0.734375 0.233333 0.692187 0.425000 0.748437 0.454167 0.890625 0.439583 0.906250 0.352083 0.998437 0.316667
3 0.695312 0.525000 0.695312 0.539583 0.998437 0.633333 0.998437 0.587500
3 0.350000 0.518750 0.403125 0.516667 0.403125 0.500000 0.423438 0.500000 0.426563 0.487500 0.435937 0.481250 0.435937 0.470833 0.417187 0.470833 0.406250 0.477083 0.403125 0.466667 0.367188 0.460417 0.359375 0.447917 0.351562 0.445833
4 0.257812 0.464583 0.256250 0.502083 0.348438 0.497917 0.348438 0.466667
4 0.203125 0.462500 0.200000 0.472917 0.200000 0.506250 0.218750 0.506250 0.221875 0.497917 0.220312 0.487500 0.223438 0.485417 0.223438 0.462500 0.217188 0.462500 0.215625 0.466667 0.209375 0.466667 0.207813 0.462500
4 0.000000 0.447917 0.000000 0.516667 0.162500 0.502083 0.162500 0.460417
4 0.998437 0.433333 0.600000 0.466667 0.601562 0.518750 0.617188 0.537500 0.693750 0.539583 0.710938 0.522917 0.998437 0.585417
5 0.551562 0.356250 0.546875 0.397917 0.546875 0.500000 0.556250 0.495833 0.554688 0.483333 0.548438 0.485417
5 0.440625 0.343750 0.437500 0.529167 0.442188 0.445833
8 0.445312 0.456250 0.446875 0.477083 0.456250 0.468750 0.489063 0.470833 0.501563 0.487500 0.498437 0.491667 0.504687 0.491667 0.507812 0.477083 0.518750 0.472917 0.518750 0.464583 0.515625 0.466667 0.506250 0.458333
8 0.550000 0.441667 0.550000 0.477083 0.556250 0.483333 0.557813 0.495833 0.565625 0.495833 0.568750 0.481250 0.571875 0.495833 0.576562 0.495833 0.579688 0.491667 0.579688 0.472917 0.570312 0.472917 0.565625 0.477083 0.562500 0.472917 0.568750 0.464583 0.568750 0.456250 0.564063 0.447917
8 0.628125 0.462500 0.746875 0.454167 0.743750 0.439583 0.710938 0.437500 0.690625 0.427083 0.651563 0.447917 0.646875 0.427083 0.640625 0.425000 0.639062 0.445833
8 0.000000 0.350000 0.056250 0.268750 0.142187 0.312500 0.189062 0.639583 0.203125 0.460417 0.221875 0.518750 0.257812 0.425000 0.348438 0.464583 0.248438 0.385417 0.348438 0.356250 0.343750 0.277083 0.490625 0.316667 0.465625 0.281250 0.575000 0.056250 0.545312 0.070833 0.556250 0.000000 0.000000 0.000000
9 0.584375 0.541667 0.640625 0.616667 0.998437 0.937500 0.998437 0.635417 0.700000 0.541667
9 0.459375 0.529167 0.198437 0.508333 0.193750 0.637500 0.175000 0.641667 0.176563 0.508333 0.000000 0.518750 0.000000 0.997917 0.140625 0.997917
10 0.343750 0.279167 0.337500 0.285417 0.332813 0.285417 0.332813 0.293750 0.339062 0.300000 0.342187 0.308333 0.342187 0.325000 0.348438 0.331250 0.350000 0.329167 0.350000 0.287500 0.348438 0.283333
10 0.354687 0.370833 0.415625 0.410417 0.435937 0.341667 0.546875 0.395833 0.551562 0.354167 0.551562 0.412500 0.667188 0.441667 0.734375 0.231250 0.942187 0.214583 0.992188 0.000000 0.557813 0.000000 0.550000 0.183333 0.467187 0.281250 0.492188 0.316667 0.356250 0.279167
11 0.539062 0.468750 0.534375 0.479167 0.534375 0.483333 0.535937 0.485417 0.535937 0.495833 0.537500 0.497917 0.537500 0.518750 0.539062 0.520833 0.542188 0.520833 0.543750 0.518750 0.543750 0.502083 0.545312 0.500000 0.545312 0.470833 0.543750 0.468750
13 0.442188 0.483333 0.442188 0.506250 0.451562 0.506250 0.453125 0.502083 0.487500 0.506250 0.489063 0.502083 0.496875 0.500000 0.496875 0.483333 0.489063 0.472917 0.456250 0.470833
13 0.998437 0.318750 0.906250 0.354167 0.892188 0.437500 0.998437 0.431250