0 0.620313 0.677083 0.620313 0.737500 0.625000 0.737500 0.628125 0.735417 0.629687 0.731250 0.629687 0.720833 0.631250 0.718750 0.631250 0.708333 0.634375 0.700000 0.634375 0.693750 0.631250 0.687500 0.626563 0.685417 0.621875 0.677083
0 0.740625 0.997917 0.590625 0.766667 0.606250 0.637500 0.528125 0.483333 0.320312 0.518750 0.314063 0.758333 0.301563 0.520833 0.000000 0.543750 0.000000 0.683333 0.040625 0.710417 0.000000 0.750000 0.000000 0.997917
1 0.223438 0.520833 0.196875 0.508333 0.003125 0.525000 0.000000 0.541667
1 0.396875 0.504167 0.378125 0.502083 0.375000 0.508333 0.373437 0.504167 0.368750 0.508333 0.365625 0.504167 0.360938 0.508333 0.326562 0.508333 0.320312 0.510417 0.320312 0.516667 0.396875 0.512500
1 0.485938 0.489583 0.465625 0.489583 0.464062 0.493750 0.462500 0.489583 0.448437 0.489583 0.442188 0.497917 0.410938 0.502083 0.409375 0.510417 0.478125 0.495833 0.479687 0.491667
2 0.465625 0.427083 0.465625 0.468750 0.468750 0.468750 0.470313 0.466667 0.478125 0.466667 0.478125 0.450000 0.479687 0.447917 0.479687 0.437500 0.475000 0.437500 0.471875 0.433333 0.471875 0.427083
2 0.410938 0.400000 0.409375 0.425000 0.426563 0.431250 0.434375 0.445833 0.434375 0.454167 0.426563 0.466667 0.437500 0.464583 0.462500 0.470833 0.462500 0.420833 0.456250 0.420833 0.450000 0.404167 0.432812 0.404167 0.428125 0.397917 0.426563 0.404167
2 0.610938 0.333333 0.585938 0.337500 0.584375 0.379167 0.573438 0.381250 0.573438 0.397917 0.565625 0.400000 0.565625 0.412500 0.557813 0.416667 0.554688 0.435417 0.550000 0.437500 0.554688 0.447917 0.553125 0.460417 0.562500 0.452083 0.560937 0.427083 0.579688 0.404167 0.590625 0.402083 0.593750 0.393750 0.609375 0.397917
2 0.000000 0.358333 0.018750 0.391667 0.087500 0.372917 0.115625 0.420833 0.189062 0.433333 0.206250 0.491667 0.210938 0.435417 0.214062 0.485417 0.246875 0.466667 0.250000 0.433333 0.367188 0.443750 0.370312 0.362500 0.370312 0.443750 0.404687 0.422917 0.395313 0.327083 0.265625 0.325000 0.225000 0.383333 0.192188 0.337500 0.070312 0.304167
2 0.998437 0.104167 0.882812 0.104167 0.882812 0.062500 0.850000 0.106250 0.689063 0.102083 0.664062 0.275000 0.621875 0.277083 0.620313 0.397917 0.728125 0.397917 0.767188 0.425000 0.998437 0.383333
3 0.204687 0.468750 0.200000 0.468750 0.193750 0.460417 0.192188 0.468750 0.187500 0.472917 0.168750 0.477083 0.162500 0.472917 0.160938 0.477083 0.168750 0.477083 0.178125 0.489583 0.176563 0.506250 0.167187 0.508333 0.201563 0.508333 0.204687 0.502083 0.201563 0.470833
3 0.021875 0.456250 0.023438 0.460417 0.023438 0.518750 0.035937 0.518750 0.032813 0.516667 0.032813 0.456250
3 0.578125 0.441667 0.570312 0.441667 0.567187 0.452083 0.556250 0.456250 0.553125 0.462500 0.557813 0.468750 0.559375 0.506250 0.557813 0.520833 0.550000 0.518750 0.550000 0.533333 0.568750 0.566667 0.571875 0.560417 0.571875 0.497917 0.565625 0.477083 0.579688 0.454167
3 0.110937 0.439583 0.115625 0.445833 0.114062 0.502083 0.115625 0.512500 0.121875 0.512500 0.123438 0.487500 0.120313 0.479167 0.121875 0.439583
3 0.640625 0.412500 0.629687 0.431250 0.621875 0.425000 0.620313 0.595833 0.635938 0.637500 0.632812 0.687500 0.648438 0.702083 0.729688 0.697917 0.729688 0.437500 0.750000 0.414583
4 0.620313 0.597917 0.621875 0.616667 0.620313 0.675000 0.631250 0.685417 0.629687 0.670833 0.631250 0.664583 0.634375 0.662500 0.635938 0.650000 0.634375 0.637500 0.625000 0.625000 0.623437 0.604167
4 0.412500 0.475000 0.414062 0.481250 0.412500 0.483333 0.410938 0.500000 0.417187 0.500000 0.426563 0.495833 0.442188 0.495833 0.443750 0.491667 0.446875 0.491667 0.446875 0.477083 0.443750 0.479167 0.435937 0.475000 0.431250 0.475000 0.429688 0.477083
4 0.365625 0.472917 0.360938 0.470833 0.354687 0.477083 0.348438 0.479167 0.343750 0.477083 0.343750 0.481250 0.339062 0.489583 0.329688 0.489583 0.329688 0.506250 0.360938 0.506250 0.362500 0.502083 0.365625 0.502083
4 0.553125 0.466667 0.548438 0.472917 0.548438 0.483333 0.546875 0.485417 0.545312 0.483333 0.545312 0.475000 0.542188 0.477083 0.540625 0.485417 0.542188 0.506250 0.539062 0.508333 0.545312 0.518750 0.546875 0.529167 0.548438 0.529167 0.550000 0.516667 0.556250 0.520833 0.557813 0.506250 0.556250 0.468750
4 0.020313 0.456250 0.000000 0.458333 0.000000 0.525000 0.020313 0.522917 0.021875 0.518750 0.021875 0.460417
4 0.604688 0.445833 0.590625 0.454167 0.579688 0.450000 0.567187 0.485417 0.573438 0.497917 0.570312 0.568750 0.593750 0.572917 0.589063 0.595833 0.606250 0.635417
4 0.042188 0.431250 0.046875 0.439583 0.042188 0.454167 0.034375 0.456250 0.034375 0.516667 0.068750 0.518750 0.114062 0.512500 0.112500 0.441667
4 0.998437 0.385417 0.767188 0.427083 0.751563 0.414583 0.734375 0.433333 0.726562 0.693750 0.998437 0.700000
5 0.304688 0.489583 0.301563 0.737500 0.293750 0.754167 0.314063 0.756250 0.321875 0.747917 0.317188 0.737500 0.318750 0.493750
5 0.409375 0.310417 0.406250 0.312500 0.406250 0.458333
7 0.625000 0.106250 0.625000 0.150000 0.623437 0.152083 0.625000 0.156250 0.625000 0.177083 0.631250 0.164583 0.631250 0.131250
7 0.598437 0.087500 0.592187 0.102083 0.590625 0.129167 0.593750 0.139583 0.592187 0.145833 0.596875 0.156250 0.596875 0.162500 0.606250 0.172917 0.609375 0.135417 0.607812 0.093750 0.606250 0.087500
8 0.492188 0.445833 0.489063 0.452083 0.482812 0.454167 0.481250 0.456250 0.481250 0.485417 0.482812 0.487500 0.485938 0.487500 0.489063 0.475000 0.492188 0.470833 0.493750 0.470833 0.493750 0.447917
8 0.245312 0.443750 0.248438 0.470833 0.271875 0.460417 0.317188 0.464583 0.328125 0.491667 0.339062 0.487500 0.343750 0.475000 0.367188 0.466667 0.367188 0.445833 0.356250 0.439583 0.250000 0.435417
8 0.409375 0.427083 0.409375 0.464583 0.412500 0.472917 0.446875 0.475000 0.448437 0.487500 0.462500 0.487500 0.462500 0.472917 0.437500 0.466667 0.428125 0.470833 0.425000 0.466667 0.432812 0.454167 0.429688 0.437500 0.423438 0.431250 0.414062 0.431250
8 0.404687 0.425000 0.400000 0.427083 0.396875 0.439583 0.392188 0.443750 0.390625 0.450000 0.387500 0.452083 0.385937 0.456250 0.382812 0.456250 0.382812 0.462500 0.381250 0.464583 0.382812 0.466667 0.382812 0.472917 0.392188 0.475000 0.395313 0.462500 0.398438 0.458333 0.404687 0.456250
8 0.501563 0.416667 0.496875 0.441667 0.498437 0.470833 0.525000 0.475000 0.537500 0.497917 0.537500 0.506250 0.540625 0.506250 0.539062 0.485417 0.545312 0.472917 0.545312 0.441667 0.528125 0.437500 0.518750 0.460417 0.517188 0.447917 0.509375 0.443750 0.506250 0.416667
8 0.607812 0.395833 0.603125 0.395833 0.601562 0.400000 0.598437 0.395833 0.593750 0.395833 0.590625 0.404167 0.579688 0.406250 0.570312 0.420833 0.562500 0.427083 0.562500 0.450000 0.567187 0.450000 0.570312 0.439583 0.592187 0.439583 0.593750 0.443750 0.607812 0.441667
8 0.620313 0.400000 0.621875 0.422917 0.646875 0.408333 0.734375 0.410417 0.728125 0.400000 0.717187 0.404167 0.673438 0.393750 0.631250 0.391667
8 0.000000 0.370833 0.000000 0.456250 0.037500 0.456250 0.042188 0.429167 0.121875 0.437500 0.125000 0.497917 0.137500 0.512500 0.175000 0.506250 0.176563 0.489583 0.160938 0.472917 0.192188 0.464583 0.189062 0.435417 0.115625 0.422917 0.087500 0.375000 0.018750 0.393750
9 0.593750 0.754167 0.639062 0.795833 0.742188 0.997917 0.998437 0.997917 0.998437 0.702083 0.634375 0.691667 0.629687 0.735417
9 0.039062 0.710417 0.028125 0.697917 0.020313 0.695833 0.018750 0.691667 0.015625 0.693750 0.014063 0.689583 0.000000 0.685417 0.000000 0.747917 0.014063 0.737500 0.017188 0.731250 0.039062 0.716667
10 0.000000 0.356250 0.071875 0.302083 0.225000 0.381250 0.395313 0.325000 0.404687 0.375000 0.409375 0.308333 0.409375 0.397917 0.520312 0.458333 0.610938 0.331250 0.598437 0.085417 0.621875 0.272917 0.662500 0.275000 0.689063 0.100000 0.995313 0.104167 0.998437 0.000000 0.000000 0.000000
11 0.401562 0.458333 0.396875 0.462500 0.393750 0.485417 0.390625 0.489583 0.390625 0.500000 0.395313 0.500000 0.398438 0.504167 0.396875 0.529167 0.398438 0.533333 0.404687 0.535417 0.412500 0.479167 0.407813 0.460417
13 0.498437 0.472917 0.498437 0.502083 0.504687 0.502083 0.506250 0.506250 0.512500 0.506250 0.520312 0.491667 0.518750 0.483333 0.520312 0.481250 0.525000 0.481250 0.525000 0.477083 0.520312 0.479167 0.515625 0.475000 0.514062 0.477083 0.507812 0.472917
13 0.328125 0.493750 0.317188 0.466667 0.271875 0.462500 0.231250 0.483333 0.217188 0.483333 0.206250 0.493750 0.203125 0.508333 0.225000 0.520833 0.270313 0.512500 0.301563 0.518750 0.304688 0.487500 0.318750 0.491667 0.320312 0.508333 0.328125 0.506250