0 0.615625 0.656250 0.615625 0.720833 0.620313 0.714583 0.618750 0.712500 0.621875 0.710417 0.623437 0.695833 0.626563 0.689583 0.626563 0.677083 0.621875 0.668750 0.621875 0.664583 0.620313 0.664583
0 0.743750 0.997917 0.576562 0.756250 0.600000 0.629167 0.529687 0.483333 0.328125 0.518750 0.310937 0.747917 0.310937 0.520833 0.000000 0.545833 0.000000 0.664583 0.056250 0.704167 0.000000 0.758333 0.000000 0.997917
1 0.565625 0.564583 0.565625 0.568750 0.568750 0.568750 0.570312 0.570833 0.570312 0.572917 0.573438 0.577083 0.573438 0.581250 0.575000 0.581250 0.578125 0.585417 0.578125 0.587500 0.581250 0.591667 0.582812 0.591667 0.584375 0.595833 0.585938 0.595833 0.587500 0.587500 0.590625 0.581250 0.589063 0.570833 0.578125 0.570833 0.576562 0.568750 0.570312 0.568750
1 0.228125 0.520833 0.206250 0.510417 0.003125 0.527083 0.000000 0.543750
1 0.396875 0.502083 0.379688 0.502083 0.376563 0.508333 0.373437 0.504167 0.371875 0.508333 0.368750 0.508333 0.367188 0.504167 0.362500 0.504167 0.360938 0.508333 0.357812 0.508333 0.356250 0.504167 0.342187 0.504167 0.340625 0.508333 0.328125 0.508333 0.328125 0.516667 0.395313 0.514583
1 0.487500 0.489583 0.467187 0.489583 0.465625 0.493750 0.462500 0.489583 0.448437 0.489583 0.446875 0.493750 0.435937 0.493750 0.434375 0.497917 0.412500 0.502083 0.409375 0.510417 0.478125 0.495833 0.479687 0.491667
2 0.467187 0.427083 0.467187 0.468750 0.478125 0.468750 0.478125 0.462500 0.479687 0.460417 0.479687 0.437500 0.475000 0.437500 0.471875 0.433333 0.471875 0.427083
2 0.410938 0.400000 0.410938 0.425000 0.426563 0.431250 0.435937 0.447917 0.434375 0.458333 0.426563 0.468750 0.451562 0.464583 0.462500 0.470833 0.462500 0.420833 0.456250 0.420833 0.450000 0.404167 0.432812 0.404167 0.431250 0.400000 0.418750 0.404167 0.417187 0.400000
2 0.604688 0.337500 0.585938 0.337500 0.584375 0.379167 0.573438 0.381250 0.573438 0.397917 0.565625 0.400000 0.565625 0.412500 0.557813 0.416667 0.554688 0.435417 0.550000 0.439583 0.554688 0.452083 0.560937 0.450000 0.560937 0.427083 0.578125 0.406250 0.587500 0.406250 0.595313 0.391667 0.603125 0.397917
2 0.000000 0.364583 0.021875 0.393750 0.089063 0.375000 0.123438 0.422917 0.192188 0.435417 0.198437 0.506250 0.210938 0.439583 0.217188 0.485417 0.253125 0.433333 0.368750 0.443750 0.382812 0.350000 0.371875 0.443750 0.389062 0.454167 0.404687 0.422917 0.396875 0.331250 0.265625 0.327083 0.226562 0.385417 0.192188 0.337500 0.070312 0.308333
2 0.998437 0.104167 0.879687 0.106250 0.882812 0.064583 0.843750 0.108333 0.687500 0.104167 0.664062 0.270833 0.618750 0.277083 0.615625 0.402083 0.735938 0.397917 0.757812 0.433333 0.998437 0.381250
3 0.981250 0.618750 0.979688 0.664583 0.973437 0.689583 0.987500 0.695833 0.998437 0.695833 0.998437 0.618750
3 0.195312 0.466667 0.184375 0.477083 0.164062 0.477083 0.164062 0.481250 0.181250 0.485417 0.185938 0.493750 0.182812 0.497917 0.185938 0.500000 0.184375 0.508333 0.170313 0.510417 0.204687 0.508333 0.196875 0.506250 0.198437 0.497917 0.201563 0.502083 0.203125 0.495833 0.206250 0.497917 0.206250 0.502083 0.201563 0.483333 0.195312 0.481250
3 0.025000 0.458333 0.026562 0.464583 0.029687 0.466667 0.029687 0.516667 0.028125 0.518750 0.029687 0.522917 0.040625 0.522917 0.040625 0.458333
3 0.603125 0.441667 0.568750 0.441667 0.565625 0.452083 0.553125 0.456250 0.557813 0.470833 0.557813 0.512500 0.554688 0.516667 0.550000 0.512500 0.546875 0.527083 0.565625 0.562500 0.571875 0.564583 0.573438 0.543750 0.571875 0.483333 0.567187 0.485417 0.567187 0.472917 0.578125 0.456250 0.603125 0.456250
3 0.125000 0.441667 0.114062 0.441667 0.118750 0.447917 0.120313 0.470833 0.115625 0.510417 0.117188 0.516667 0.120313 0.512500 0.132812 0.512500 0.132812 0.508333 0.129688 0.506250 0.125000 0.475000
3 0.617188 0.425000 0.615625 0.652083 0.646875 0.691667 0.720313 0.689583 0.721875 0.441667 0.740625 0.437500 0.746875 0.414583 0.639062 0.412500
4 0.414062 0.475000 0.412500 0.500000 0.418750 0.500000 0.425000 0.495833 0.434375 0.495833 0.435937 0.491667 0.443750 0.491667 0.443750 0.489583 0.440625 0.489583 0.439063 0.487500 0.439063 0.479167 0.434375 0.475000 0.432812 0.477083
4 0.378125 0.475000 0.378125 0.502083 0.379688 0.500000 0.395313 0.500000 0.395313 0.497917 0.392188 0.495833 0.393750 0.477083 0.382812 0.477083 0.381250 0.475000
4 0.367188 0.475000 0.362500 0.479167 0.360938 0.477083 0.357812 0.479167 0.346875 0.479167 0.346875 0.487500 0.342187 0.493750 0.331250 0.493750 0.329688 0.495833 0.329688 0.506250 0.340625 0.506250 0.342187 0.502083 0.356250 0.502083 0.357812 0.506250 0.360938 0.506250 0.364063 0.502083
4 0.550000 0.468750 0.548438 0.472917 0.548438 0.514583 0.550000 0.510417 0.551562 0.510417 0.554688 0.514583 0.556250 0.512500 0.556250 0.470833 0.554688 0.468750
4 0.023438 0.458333 0.000000 0.460417 0.000000 0.527083 0.028125 0.522917 0.026562 0.518750 0.028125 0.466667 0.025000 0.464583
4 0.584375 0.456250 0.567187 0.479167 0.568750 0.485417 0.573438 0.483333 0.575000 0.531250 0.573438 0.564583 0.567187 0.564583 0.590625 0.570833 0.585938 0.604167 0.600000 0.627083 0.603125 0.458333
4 0.046875 0.437500 0.046875 0.445833 0.048438 0.435417 0.053125 0.437500 0.053125 0.445833 0.042188 0.458333 0.042188 0.522917 0.115625 0.516667 0.117188 0.447917 0.112500 0.441667
4 0.998437 0.383333 0.757812 0.435417 0.748437 0.416667 0.723437 0.441667 0.721875 0.689583 0.971875 0.689583 0.978125 0.622917 0.998437 0.616667
5 0.314063 0.489583 0.309375 0.725000 0.303125 0.745833 0.325000 0.743750 0.329688 0.733333 0.325000 0.725000 0.328125 0.504167
5 0.409375 0.310417 0.406250 0.314583 0.406250 0.456250 0.409375 0.458333
5 0.604688 0.097917 0.610938 0.737500 0.617188 0.118750
7 0.593750 0.104167 0.585938 0.118750 0.585938 0.154167 0.589063 0.156250 0.587500 0.160417 0.593750 0.177083 0.598437 0.183333 0.601562 0.175000 0.603125 0.120833 0.598437 0.104167
8 0.248438 0.443750 0.250000 0.470833 0.268750 0.462500 0.314063 0.464583 0.326562 0.477083 0.329688 0.493750 0.342187 0.491667 0.346875 0.477083 0.368750 0.470833 0.368750 0.445833 0.364063 0.443750 0.329688 0.445833 0.253125 0.435417
8 0.410938 0.427083 0.410938 0.464583 0.414062 0.472917 0.434375 0.472917 0.445312 0.491667 0.446875 0.487500 0.462500 0.487500 0.462500 0.472917 0.451562 0.466667 0.435937 0.466667 0.428125 0.472917 0.425000 0.466667 0.432812 0.458333 0.432812 0.441667 0.426563 0.433333 0.414062 0.431250
8 0.404687 0.425000 0.401562 0.427083 0.389062 0.456250 0.382812 0.456250 0.382812 0.475000 0.393750 0.475000 0.396875 0.462500 0.404687 0.454167
8 0.501563 0.416667 0.498437 0.470833 0.512500 0.472917 0.514062 0.458333 0.515625 0.472917 0.525000 0.472917 0.535937 0.489583 0.535937 0.483333 0.545312 0.472917 0.545312 0.441667 0.526563 0.439583 0.520312 0.460417 0.517188 0.447917 0.509375 0.443750 0.506250 0.416667
8 0.603125 0.400000 0.598437 0.400000 0.595313 0.393750 0.587500 0.408333 0.585938 0.406250 0.578125 0.408333 0.570312 0.420833 0.562500 0.427083 0.560937 0.447917 0.565625 0.450000 0.568750 0.439583 0.603125 0.439583
8 0.615625 0.425000 0.639062 0.410417 0.740625 0.412500 0.740625 0.406250 0.735938 0.400000 0.718750 0.404167 0.696875 0.395833 0.631250 0.391667 0.615625 0.404167
8 0.000000 0.370833 0.000000 0.458333 0.045312 0.456250 0.048438 0.433333 0.125000 0.439583 0.134375 0.512500 0.184375 0.506250 0.181250 0.487500 0.162500 0.477083 0.192188 0.470833 0.192188 0.437500 0.123438 0.425000 0.089063 0.377083 0.062500 0.375000 0.045312 0.393750 0.021875 0.395833
9 0.575000 0.739583 0.634375 0.785417 0.745313 0.997917 0.998437 0.997917 0.998437 0.697917 0.628125 0.681250 0.610938 0.739583
9 0.051562 0.695833 0.039062 0.685417 0.031250 0.685417 0.012500 0.670833 0.000000 0.666667 0.000000 0.756250 0.053125 0.712500 0.054688 0.704167
10 0.000000 0.362500 0.070312 0.306250 0.406250 0.370833 0.409375 0.308333 0.412500 0.397917 0.520312 0.458333 0.604688 0.333333 0.593750 0.102083 0.615625 0.308333 0.687500 0.102083 0.995313 0.104167 0.998437 0.000000 0.000000 0.000000
11 0.404687 0.456250 0.396875 0.466667 0.393750 0.495833 0.398438 0.502083 0.398438 0.529167 0.407813 0.535417 0.407813 0.510417 0.410938 0.506250 0.412500 0.472917 0.409375 0.460417
13 0.487500 0.502083 0.504687 0.502083 0.506250 0.506250 0.512500 0.506250 0.520312 0.495833 0.520312 0.483333 0.526563 0.481250 0.526563 0.477083 0.498437 0.472917 0.496875 0.493750 0.495312 0.472917 0.492188 0.472917
13 0.328125 0.487500 0.314063 0.466667 0.268750 0.464583 0.237500 0.483333 0.214062 0.487500 0.206250 0.508333 0.209375 0.514583 0.246875 0.522917 0.253125 0.514583 0.310937 0.518750 0.310937 0.489583 0.325000 0.491667 0.328125 0.502083