0 0.167187 0.556250 0.157812 0.552083 0.084375 0.566667 0.000000 0.562500 0.000000 0.568750 0.162500 0.568750
0 0.325000 0.525000 0.276562 0.533333 0.278125 0.560417 0.281250 0.562500 0.293750 0.558333 0.325000 0.558333
0 0.998437 0.937500 0.585938 0.581250 0.598437 0.489583 0.487500 0.508333 0.485938 0.583333 0.478125 0.508333 0.332813 0.522917 0.375000 0.589583 0.093750 0.997917 0.998437 0.997917
0 0.610938 0.470833 0.604688 0.472917 0.607812 0.514583 0.610938 0.516667 0.607812 0.518750 0.607812 0.547917 0.610938 0.547917 0.614062 0.539583 0.615625 0.522917 0.614062 0.500000 0.612500 0.504167 0.610938 0.502083
1 0.165625 0.539583 0.157812 0.535417 0.148438 0.541667 0.062500 0.552083 0.062500 0.564583 0.131250 0.558333 0.132812 0.554167 0.165625 0.550000
1 0.325000 0.516667 0.318750 0.518750 0.296875 0.518750 0.295312 0.520833 0.276562 0.520833 0.275000 0.527083 0.276562 0.531250 0.287500 0.531250 0.289062 0.529167 0.298438 0.529167 0.309375 0.525000 0.318750 0.525000 0.325000 0.522917
1 0.567187 0.479167 0.564063 0.483333 0.550000 0.483333 0.548438 0.487500 0.545312 0.483333 0.539062 0.483333 0.532813 0.489583 0.514062 0.489583 0.506250 0.493750 0.503125 0.502083 0.537500 0.495833 0.539062 0.491667 0.548438 0.491667 0.550000 0.487500 0.567187 0.485417
2 0.548438 0.422917 0.550000 0.464583 0.551562 0.466667 0.553125 0.464583 0.557813 0.468750 0.557813 0.481250 0.560937 0.481250 0.560937 0.468750 0.562500 0.466667 0.560937 0.460417 0.560937 0.441667 0.562500 0.439583 0.562500 0.431250 0.556250 0.431250 0.553125 0.422917
2 0.498437 0.402083 0.498437 0.429167 0.512500 0.433333 0.518750 0.441667 0.518750 0.458333 0.514062 0.464583 0.528125 0.464583 0.532813 0.456250 0.539062 0.466667 0.545312 0.466667 0.545312 0.416667 0.535937 0.416667 0.532813 0.404167 0.517188 0.406250 0.514062 0.397917 0.509375 0.406250
2 0.000000 0.354167 0.000000 0.491667 0.021875 0.491667 0.026562 0.454167 0.084375 0.429167 0.323437 0.454167 0.321875 0.391667 0.287500 0.364583 0.226562 0.358333 0.146875 0.404167 0.128125 0.358333 0.140625 0.383333 0.114062 0.391667 0.056250 0.343750 0.029687 0.383333
2 0.482812 0.343750 0.375000 0.352083 0.343750 0.408333 0.328125 0.400000 0.331250 0.425000 0.354687 0.427083 0.331250 0.435417 0.337500 0.472917 0.348438 0.475000 0.354687 0.456250 0.357812 0.475000 0.373437 0.475000 0.376563 0.450000 0.465625 0.454167 0.467187 0.443750 0.481250 0.454167 0.493750 0.429167
2 0.998437 0.097917 0.896875 0.116667 0.889062 0.087500 0.871875 0.122917 0.725000 0.141667 0.712500 0.268750 0.682813 0.277083 0.681250 0.325000 0.659375 0.329167 0.639062 0.410417 0.667188 0.389583 0.781250 0.406250 0.998437 0.362500
3 0.784375 0.525000 0.792188 0.554167 0.998437 0.591667 0.996875 0.543750
3 0.117188 0.510417 0.117188 0.516667 0.115625 0.518750 0.115625 0.535417 0.118750 0.539583 0.118750 0.541667 0.129688 0.539583 0.132812 0.535417 0.132812 0.533333 0.131250 0.531250 0.131250 0.520833 0.129688 0.518750 0.128125 0.510417 0.128125 0.512500 0.125000 0.514583 0.123438 0.518750 0.121875 0.518750 0.118750 0.510417
3 0.292187 0.466667 0.257812 0.456250 0.248438 0.441667 0.218750 0.452083 0.167187 0.447917 0.168750 0.568750 0.275000 0.562500 0.275000 0.477083
4 0.000000 0.493750 0.000000 0.560417 0.050000 0.554167 0.051562 0.550000 0.056250 0.550000 0.056250 0.493750
4 0.062500 0.493750 0.062500 0.550000 0.117188 0.541667 0.117188 0.508333 0.121875 0.516667 0.129688 0.510417 0.131250 0.539583 0.162500 0.533333 0.162500 0.487500 0.118750 0.489583 0.118750 0.504167 0.114062 0.487500
4 0.335938 0.512500 0.342187 0.510417 0.348438 0.512500 0.348438 0.500000 0.354687 0.491667 0.360938 0.491667 0.362500 0.487500 0.371875 0.487500 0.375000 0.481250 0.373437 0.477083 0.357812 0.477083 0.356250 0.479167 0.337500 0.477083 0.335938 0.483333 0.335938 0.506250 0.337500 0.510417
4 0.437500 0.483333 0.440625 0.502083 0.462500 0.502083 0.468750 0.497917 0.478125 0.497917 0.479687 0.477083 0.484375 0.479167 0.484375 0.495833 0.492188 0.495833 0.492188 0.485417 0.489063 0.479167 0.479687 0.477083 0.476562 0.472917 0.467187 0.477083 0.465625 0.472917 0.460938 0.472917 0.457813 0.477083
4 0.529687 0.470833 0.526563 0.468750 0.525000 0.470833 0.507812 0.470833 0.507812 0.477083 0.506250 0.479167 0.506250 0.491667 0.509375 0.489583 0.512500 0.489583 0.514062 0.487500 0.521875 0.487500 0.523438 0.485417 0.529687 0.485417
4 0.282813 0.468750 0.276562 0.477083 0.276562 0.518750 0.295312 0.518750 0.296875 0.516667 0.295312 0.514583 0.293750 0.468750 0.292187 0.472917 0.289062 0.472917 0.287500 0.468750
4 0.998437 0.364583 0.625000 0.435417 0.612500 0.554167 0.785937 0.552083 0.787500 0.518750 0.998437 0.543750
5 0.479687 0.479167 0.479687 0.581250 0.485938 0.581250 0.485938 0.504167 0.482812 0.502083 0.485938 0.497917 0.482812 0.495833 0.482812 0.479167
5 0.060937 0.437500 0.057813 0.437500 0.057813 0.554167 0.054688 0.556250 0.054688 0.564583 0.062500 0.560417 0.059375 0.547917
5 0.596875 0.304167 0.603125 0.577083 0.606250 0.512500 0.601562 0.310417
5 0.323437 0.258333 0.320312 0.360417 0.331250 0.583333 0.331250 0.331250
7 0.329688 0.304167 0.329688 0.322917 0.332813 0.331250 0.331250 0.333333 0.331250 0.354167 0.332813 0.354167 0.340625 0.345833 0.340625 0.341667 0.342187 0.339583 0.342187 0.316667 0.340625 0.312500 0.337500 0.310417 0.337500 0.308333 0.332813 0.304167
7 0.295312 0.235417 0.295312 0.256250 0.320312 0.287500 0.323437 0.256250 0.326562 0.260417 0.326562 0.272917 0.339062 0.283333 0.343750 0.279167 0.348438 0.281250 0.348438 0.262500 0.325000 0.237500 0.320312 0.237500 0.317188 0.250000 0.310937 0.250000
8 0.375000 0.479167 0.396875 0.468750 0.428125 0.468750 0.437500 0.481250 0.465625 0.470833 0.465625 0.456250 0.459375 0.454167 0.420312 0.456250 0.415625 0.452083 0.376563 0.452083
8 0.023438 0.460417 0.021875 0.468750 0.023438 0.491667 0.056250 0.491667 0.056250 0.452083 0.053125 0.454167 0.035937 0.452083 0.034375 0.456250 0.026562 0.456250
8 0.273438 0.452083 0.273438 0.462500 0.290625 0.462500 0.295312 0.468750 0.298438 0.516667 0.325000 0.514583 0.321875 0.454167 0.290625 0.447917 0.282813 0.454167
8 0.498437 0.431250 0.498437 0.452083 0.503125 0.458333 0.506250 0.472917 0.507812 0.468750 0.525000 0.468750 0.526563 0.466667 0.529687 0.468750 0.529687 0.462500 0.528125 0.466667 0.518750 0.464583 0.515625 0.468750 0.512500 0.464583 0.517188 0.458333 0.517188 0.441667 0.512500 0.435417 0.506250 0.435417 0.504687 0.431250
8 0.493750 0.431250 0.490625 0.431250 0.490625 0.437500 0.484375 0.443750 0.481250 0.456250 0.473438 0.456250 0.471875 0.458333 0.468750 0.456250 0.468750 0.472917 0.473438 0.470833 0.475000 0.466667 0.479687 0.475000 0.489063 0.477083 0.489063 0.464583 0.493750 0.458333
8 0.062500 0.491667 0.162500 0.485417 0.160938 0.437500 0.084375 0.431250 0.064062 0.450000
8 0.587500 0.406250 0.581250 0.414583 0.578125 0.439583 0.571875 0.445833 0.565625 0.441667 0.565625 0.477083 0.570312 0.454167 0.571875 0.462500 0.598437 0.466667 0.598437 0.437500 0.593750 0.435417 0.592187 0.418750
8 0.764062 0.395833 0.759375 0.389583 0.745313 0.395833 0.667188 0.391667 0.629687 0.422917 0.614062 0.425000 0.614062 0.464583 0.617188 0.433333 0.687500 0.433333 0.762500 0.412500
8 0.142187 0.364583 0.145313 0.366667 0.143750 0.377083 0.150000 0.383333 0.159375 0.379167 0.160938 0.381250 0.164062 0.368750 0.167187 0.364583 0.178125 0.368750 0.178125 0.358333 0.171875 0.358333 0.146875 0.347917 0.145313 0.360417
8 0.000000 0.352083 0.126562 0.389583 0.154688 0.335417 0.187500 0.385417 0.189062 0.318750 0.221875 0.320833 0.181250 0.235417 0.200000 0.181250 0.228125 0.218750 0.321875 0.175000 0.310937 0.247917 0.354687 0.193750 0.371875 0.237500 0.420312 0.187500 0.365625 0.139583 0.426563 0.120833 0.407813 0.081250 0.462500 0.010417 0.000000 0.000000
9 0.373437 0.572917 0.000000 0.570833 0.000000 0.997917 0.095312 0.995833
9 0.585938 0.575000 0.998437 0.935417 0.998437 0.593750 0.790625 0.554167 0.607812 0.550000 0.603125 0.579167
10 0.176563 0.368750 0.168750 0.368750 0.167187 0.366667 0.160938 0.383333 0.159375 0.381250 0.157812 0.383333 0.146875 0.385417 0.143750 0.389583 0.146875 0.393750 0.146875 0.402083 0.156250 0.402083 0.160938 0.393750 0.167187 0.389583 0.171875 0.391667 0.173437 0.387500 0.178125 0.387500
10 0.128125 0.350000 0.129688 0.352083 0.132812 0.347917 0.137500 0.347917 0.139063 0.350000 0.137500 0.360417 0.140625 0.362500 0.143750 0.360417 0.143750 0.352083 0.146875 0.345833 0.176563 0.356250 0.175000 0.347917 0.167187 0.347917 0.154688 0.337500 0.146875 0.339583 0.132812 0.335417 0.129688 0.339583 0.131250 0.343750
10 0.321875 0.177083 0.303125 0.202083 0.282813 0.177083 0.278125 0.200000 0.257812 0.183333 0.253125 0.208333 0.228125 0.220833 0.212500 0.179167 0.201563 0.181250 0.203125 0.208333 0.182812 0.235417 0.201563 0.277083 0.217188 0.272917 0.209375 0.312500 0.223438 0.320833 0.190625 0.318750 0.190625 0.383333 0.231250 0.356250 0.310937 0.370833 0.321875 0.389583 0.309375 0.341667 0.320312 0.289583 0.293750 0.256250 0.293750 0.235417 0.309375 0.245833 0.307812 0.220833 0.325000 0.204167
10 0.328125 0.393750 0.459375 0.339583 0.493750 0.389583 0.496875 0.329167 0.500000 0.402083 0.595313 0.435417 0.598437 0.302083 0.604688 0.443750 0.710938 0.268750 0.725000 0.139583 0.998437 0.095833 0.998437 0.000000 0.454688 0.000000 0.428125 0.120833 0.367188 0.139583 0.421875 0.200000 0.370312 0.239583 0.354687 0.195833
11 0.498437 0.454167 0.498437 0.460417 0.496875 0.462500 0.493750 0.460417 0.490625 0.464583 0.490625 0.481250 0.493750 0.485417 0.493750 0.495833 0.496875 0.502083 0.495312 0.516667 0.498437 0.522917 0.501563 0.522917 0.501563 0.500000 0.504687 0.497917 0.504687 0.479167 0.506250 0.475000 0.504687 0.466667 0.501563 0.464583 0.501563 0.458333
13 0.439063 0.493750 0.435937 0.479167 0.428125 0.470833 0.396875 0.470833 0.378125 0.479167 0.371875 0.489583 0.354687 0.493750 0.350000 0.500000 0.350000 0.516667 0.426563 0.514583 0.431250 0.506250 0.437500 0.506250
13 0.568750 0.472917 0.568750 0.491667 0.570312 0.495833 0.575000 0.495833 0.576562 0.491667 0.584375 0.491667 0.585938 0.495833 0.590625 0.495833 0.592187 0.491667 0.595313 0.491667 0.595313 0.489583 0.598437 0.487500 0.598437 0.468750 0.596875 0.466667 0.595313 0.468750 0.592187 0.468750 0.587500 0.464583 0.571875 0.464583