0 0.389062 0.508333 0.389062 0.522917 0.390625 0.525000 0.395313 0.525000 0.396875 0.522917 0.418750 0.522917 0.420312 0.525000 0.423438 0.525000 0.423438 0.520833 0.425000 0.518750 0.425000 0.508333
0 0.998437 0.927083 0.590625 0.560417 0.595313 0.504167 0.525000 0.510417 0.521875 0.550000 0.517188 0.510417 0.429688 0.508333 0.453125 0.543750 0.148438 0.997917 0.998437 0.997917
0 0.606250 0.497917 0.604688 0.500000 0.600000 0.500000 0.600000 0.539583 0.604688 0.539583 0.609375 0.533333 0.609375 0.508333 0.607812 0.506250 0.607812 0.500000
1 0.325000 0.504167 0.210938 0.510417 0.290625 0.514583 0.325000 0.512500
2 0.601562 0.437500 0.600000 0.441667 0.600000 0.477083 0.604688 0.483333 0.604688 0.495833 0.606250 0.495833 0.607812 0.466667 0.610938 0.462500 0.626563 0.462500 0.623437 0.452083 0.612500 0.445833 0.607812 0.447917
2 0.546875 0.414583 0.546875 0.439583 0.550000 0.443750 0.559375 0.443750 0.565625 0.456250 0.565625 0.466667 0.560937 0.475000 0.578125 0.470833 0.590625 0.477083 0.592187 0.470833 0.595313 0.477083 0.593750 0.431250 0.584375 0.427083 0.581250 0.416667 0.568750 0.418750 0.564063 0.412500 0.560937 0.416667
2 0.334375 0.364583 0.332813 0.416667 0.339062 0.433333 0.387500 0.466667 0.390625 0.487500 0.392188 0.450000 0.404687 0.456250 0.406250 0.477083 0.425000 0.472917 0.426563 0.366667 0.406250 0.410417 0.381250 0.385417 0.379688 0.372917 0.362500 0.379167 0.357812 0.364583 0.353125 0.372917
2 0.328125 0.364583 0.315625 0.358333 0.303125 0.364583 0.267188 0.400000 0.232813 0.366667 0.228125 0.375000 0.214062 0.375000 0.210938 0.408333 0.262500 0.422917 0.264062 0.410417 0.270313 0.406250 0.295312 0.427083 0.307812 0.408333 0.326562 0.408333
2 0.535937 0.360417 0.434375 0.362500 0.429688 0.472917 0.443750 0.450000 0.514062 0.460417 0.517188 0.402083 0.518750 0.464583 0.529687 0.462500 0.542188 0.439583
2 0.176563 0.331250 0.146875 0.343750 0.143750 0.360417 0.143750 0.456250 0.173437 0.456250 0.181250 0.414583 0.182812 0.358333 0.181250 0.335417
2 0.054688 0.268750 0.050000 0.450000 0.117188 0.456250 0.117188 0.379167 0.095312 0.306250 0.084375 0.289583
2 0.000000 0.268750 0.000000 0.447917 0.018750 0.447917 0.026562 0.285417 0.023438 0.275000
2 0.998437 0.197917 0.892188 0.212500 0.884375 0.187500 0.871875 0.212500 0.742188 0.220833 0.734375 0.314583 0.720313 0.316667 0.687500 0.425000 0.756250 0.435417 0.760938 0.452083 0.981250 0.433333 0.998437 0.347917
3 0.717187 0.535417 0.717187 0.550000 0.998437 0.637500 0.998437 0.587500
3 0.425000 0.475000 0.409375 0.475000 0.407813 0.479167 0.404687 0.477083 0.401562 0.479167 0.401562 0.483333 0.404687 0.489583 0.401562 0.500000 0.415625 0.500000 0.415625 0.489583 0.425000 0.483333
3 0.331250 0.416667 0.326562 0.452083 0.326562 0.518750 0.331250 0.522917 0.387500 0.522917 0.387500 0.468750 0.378125 0.466667 0.371875 0.456250 0.354687 0.452083 0.337500 0.433333 0.337500 0.420833
4 0.209375 0.466667 0.209375 0.506250 0.325000 0.502083 0.325000 0.468750 0.243750 0.460417 0.229687 0.466667 0.228125 0.500000 0.226562 0.466667
4 0.143750 0.458333 0.143750 0.495833 0.140625 0.497917 0.140625 0.502083 0.143750 0.506250 0.176563 0.506250 0.178125 0.460417
4 0.050000 0.454167 0.050000 0.512500 0.056250 0.512500 0.057813 0.508333 0.114062 0.506250 0.118750 0.458333
4 0.000000 0.450000 0.000000 0.516667 0.014063 0.516667 0.017188 0.512500 0.017188 0.493750 0.018750 0.491667 0.018750 0.450000
4 0.998437 0.433333 0.610938 0.464583 0.610938 0.539583 0.715625 0.550000 0.728125 0.531250 0.998437 0.585417
5 0.517188 0.404167 0.515625 0.502083 0.518750 0.504167 0.518750 0.547917 0.521875 0.547917 0.523438 0.479167 0.515625 0.475000
5 0.600000 0.381250 0.596875 0.381250 0.598437 0.412500 0.595313 0.414583 0.596875 0.477083 0.593750 0.479167 0.592187 0.472917 0.592187 0.495833 0.596875 0.497917 0.596875 0.547917
5 0.332813 0.254167 0.329688 0.270833 0.328125 0.414583 0.331250 0.414583
8 0.435937 0.458333 0.437500 0.477083 0.451562 0.468750 0.485938 0.472917 0.492188 0.495833 0.504687 0.495833 0.504687 0.487500 0.500000 0.483333 0.514062 0.477083 0.514062 0.462500 0.451562 0.452083 0.443750 0.452083
8 0.392188 0.452083 0.390625 0.456250 0.390625 0.477083 0.395313 0.481250 0.395313 0.485417 0.390625 0.489583 0.390625 0.497917 0.400000 0.500000 0.403125 0.491667 0.400000 0.479167 0.403125 0.477083 0.404687 0.472917 0.404687 0.462500 0.403125 0.456250 0.396875 0.456250 0.395313 0.452083
8 0.546875 0.441667 0.545312 0.477083 0.546875 0.481250 0.550000 0.477083 0.553125 0.479167 0.553125 0.495833 0.576562 0.495833 0.578125 0.491667 0.579688 0.495833 0.590625 0.495833 0.590625 0.479167 0.578125 0.472917 0.560937 0.477083 0.559375 0.472917 0.564063 0.466667 0.560937 0.447917 0.550000 0.445833
8 0.626563 0.460417 0.657813 0.464583 0.757812 0.454167 0.759375 0.441667 0.693750 0.425000 0.646875 0.454167 0.635938 0.425000
8 0.006250 0.727083 0.054688 0.266667 0.117188 0.512500 0.170313 0.329167 0.175000 0.525000 0.229687 0.422917 0.325000 0.466667 0.212500 0.375000 0.328125 0.350000 0.331250 0.252083 0.484375 0.297917 0.454688 0.258333 0.582812 0.000000 0.000000 0.000000
9 0.592187 0.545833 0.721875 0.693750 0.998437 0.925000 0.996875 0.637500 0.725000 0.552083
9 0.451562 0.537500 0.057813 0.510417 0.042188 0.712500 0.006250 0.729167 0.000000 0.518750 0.000000 0.997917 0.150000 0.995833
10 0.268750 0.377083 0.275000 0.377083 0.278125 0.385417 0.285938 0.381250 0.287500 0.375000 0.292187 0.370833 0.295312 0.370833 0.298438 0.364583 0.296875 0.364583 0.293750 0.358333 0.289062 0.358333 0.285938 0.360417 0.284375 0.358333 0.276562 0.356250 0.275000 0.360417 0.271875 0.362500 0.268750 0.370833
10 0.325000 0.264583 0.323437 0.268750 0.314063 0.270833 0.315625 0.277083 0.320312 0.281250 0.320312 0.287500 0.323437 0.291667 0.323437 0.310417 0.328125 0.316667 0.328125 0.304167 0.329688 0.302083 0.329688 0.277083 0.328125 0.270833 0.329688 0.268750
10 0.332813 0.360417 0.407813 0.408333 0.425000 0.325000 0.543750 0.400000 0.545312 0.350000 0.546875 0.412500 0.593750 0.429167 0.600000 0.379167 0.604688 0.441667 0.653125 0.450000 0.742188 0.218750 0.996875 0.197917 0.998437 0.000000 0.584375 0.000000 0.537500 0.075000 0.550000 0.154167 0.456250 0.258333 0.490625 0.291667 0.431250 0.318750 0.335938 0.258333
11 0.542188 0.468750 0.535937 0.468750 0.534375 0.470833 0.534375 0.477083 0.531250 0.479167 0.531250 0.500000 0.535937 0.504167 0.535937 0.520833 0.539062 0.525000 0.540625 0.522917 0.540625 0.512500 0.543750 0.502083 0.543750 0.487500 0.545312 0.485417 0.545312 0.479167
13 0.429688 0.483333 0.429688 0.506250 0.442188 0.508333 0.445312 0.502083 0.462500 0.502083 0.464062 0.506250 0.481250 0.508333 0.484375 0.502083 0.490625 0.502083 0.489063 0.483333 0.485938 0.475000 0.451562 0.470833 0.445312 0.472917 0.435937 0.483333
13 0.998437 0.350000 0.996875 0.366667 0.992188 0.383333 0.987500 0.429167 0.984375 0.431250 0.998437 0.431250