0 0.420312 0.508333 0.384375 0.510417 0.382812 0.512500 0.382812 0.525000 0.385937 0.527083 0.420312 0.527083
0 0.998437 0.929167 0.612500 0.587500 0.601562 0.502083 0.526563 0.510417 0.525000 0.556250 0.520312 0.510417 0.443750 0.508333 0.451562 0.550000 0.162500 0.997917 0.998437 0.997917
0 0.609375 0.500000 0.607812 0.502083 0.607812 0.547917 0.609375 0.543750 0.615625 0.543750 0.617188 0.539583 0.617188 0.508333 0.610938 0.508333 0.609375 0.506250
1 0.318750 0.504167 0.195312 0.508333 0.195312 0.512500 0.303125 0.514583 0.318750 0.512500
1 0.601562 0.493750 0.598437 0.493750 0.595313 0.500000 0.590625 0.493750 0.585938 0.493750 0.584375 0.497917 0.554688 0.497917 0.551562 0.502083 0.545312 0.504167 0.545312 0.508333 0.578125 0.506250 0.579688 0.502083 0.598437 0.502083 0.601562 0.500000
2 0.621875 0.450000 0.607812 0.447917 0.607812 0.495833 0.609375 0.495833 0.610938 0.491667 0.610938 0.481250 0.615625 0.477083 0.615625 0.466667 0.618750 0.462500 0.626563 0.462500
2 0.546875 0.414583 0.546875 0.439583 0.550000 0.443750 0.559375 0.443750 0.565625 0.452083 0.565625 0.466667 0.559375 0.475000 0.564063 0.477083 0.565625 0.472917 0.578125 0.468750 0.582812 0.477083 0.590625 0.481250 0.593750 0.431250 0.589063 0.431250 0.582812 0.422917 0.582812 0.416667 0.565625 0.416667 0.564063 0.410417 0.560937 0.416667
2 0.195312 0.372917 0.195312 0.425000 0.203125 0.412500 0.221875 0.412500 0.250000 0.420833 0.260937 0.418750 0.257812 0.404167 0.259375 0.391667 0.250000 0.381250 0.237500 0.379167 0.234375 0.368750 0.223438 0.362500 0.215625 0.372917 0.207813 0.370833 0.204687 0.379167
2 0.535937 0.358333 0.429688 0.362500 0.428125 0.472917 0.437500 0.452083 0.504687 0.458333 0.514062 0.477083 0.517188 0.420833 0.518750 0.468750 0.532813 0.460417 0.543750 0.435417
2 0.264062 0.395833 0.289062 0.427083 0.318750 0.408333 0.320312 0.425000 0.326562 0.418750 0.345313 0.450000 0.384375 0.475000 0.387500 0.450000 0.403125 0.456250 0.401562 0.477083 0.421875 0.470833 0.423438 0.362500 0.406250 0.408333 0.378125 0.370833 0.365625 0.379167 0.357812 0.364583 0.326562 0.362500 0.323437 0.410417 0.321875 0.360417 0.310937 0.354167
2 0.164062 0.322917 0.135937 0.331250 0.128125 0.345833 0.126562 0.454167 0.162500 0.454167
2 0.000000 0.264583 0.000000 0.445833 0.100000 0.454167 0.100000 0.377083 0.075000 0.295833 0.040625 0.258333
2 0.998437 0.191667 0.901563 0.202083 0.900000 0.179167 0.879687 0.206250 0.750000 0.214583 0.740625 0.310417 0.704688 0.358333 0.692187 0.425000 0.765625 0.433333 0.768750 0.450000 0.998437 0.431250
3 0.739062 0.547917 0.742188 0.558333 0.998437 0.635417 0.996875 0.591667 0.767188 0.541667
3 0.514062 0.479167 0.506250 0.479167 0.504687 0.483333 0.490625 0.483333 0.490625 0.487500 0.492188 0.489583 0.492188 0.500000 0.495312 0.502083 0.514062 0.502083
3 0.421875 0.472917 0.409375 0.472917 0.403125 0.479167 0.401562 0.479167 0.401562 0.500000 0.412500 0.500000 0.415625 0.497917 0.415625 0.489583 0.421875 0.485417
3 0.325000 0.420833 0.320312 0.427083 0.318750 0.456250 0.320312 0.522917 0.381250 0.525000 0.384375 0.500000 0.381250 0.470833 0.370312 0.468750 0.362500 0.456250 0.345313 0.452083 0.329688 0.435417
4 0.221875 0.462500 0.220312 0.506250 0.318750 0.502083 0.318750 0.466667 0.245312 0.462500 0.240625 0.458333
4 0.195312 0.458333 0.193750 0.460417 0.193750 0.506250 0.215625 0.506250 0.215625 0.487500 0.217188 0.485417 0.218750 0.462500 0.201563 0.462500 0.200000 0.458333
4 0.126562 0.456250 0.123438 0.508333 0.131250 0.506250 0.157812 0.508333 0.160938 0.491667 0.162500 0.458333
4 0.000000 0.447917 0.000000 0.514583 0.095312 0.508333 0.100000 0.456250
4 0.998437 0.433333 0.618750 0.464583 0.617188 0.543750 0.737500 0.556250 0.767188 0.539583 0.998437 0.591667
5 0.606250 0.372917 0.603125 0.375000 0.601562 0.554167 0.606250 0.547917
5 0.426563 0.316667 0.421875 0.539583 0.426563 0.533333 0.429688 0.387500
5 0.326562 0.247917 0.323437 0.258333 0.323437 0.408333
8 0.435937 0.456250 0.437500 0.477083 0.448437 0.468750 0.482812 0.470833 0.490625 0.481250 0.504687 0.481250 0.509375 0.477083 0.509375 0.468750 0.504687 0.460417 0.475000 0.458333 0.453125 0.452083 0.440625 0.452083
8 0.387500 0.452083 0.385937 0.456250 0.385937 0.475000 0.384375 0.477083 0.385937 0.479167 0.385937 0.500000 0.400000 0.500000 0.400000 0.485417 0.396875 0.483333 0.400000 0.481250 0.400000 0.477083 0.403125 0.470833 0.403125 0.460417 0.401562 0.456250 0.396875 0.456250 0.395313 0.452083
8 0.546875 0.441667 0.546875 0.477083 0.553125 0.479167 0.557813 0.487500 0.556250 0.491667 0.562500 0.491667 0.564063 0.481250 0.568750 0.483333 0.567187 0.491667 0.576562 0.491667 0.576562 0.472917 0.565625 0.475000 0.564063 0.479167 0.557813 0.475000 0.564063 0.466667 0.564063 0.452083 0.559375 0.445833 0.550000 0.445833
8 0.626563 0.458333 0.681250 0.464583 0.718750 0.454167 0.767188 0.450000 0.767188 0.437500 0.726562 0.435417 0.709375 0.425000 0.682813 0.427083 0.675000 0.441667 0.660937 0.443750 0.654687 0.458333 0.639062 0.441667 0.642188 0.433333 0.637500 0.425000
8 0.098437 0.512500 0.135937 0.329167 0.167187 0.325000 0.175000 0.529167 0.221875 0.422917 0.317188 0.466667 0.259375 0.366667 0.321875 0.341667 0.326562 0.245833 0.487500 0.287500 0.453125 0.247917 0.553125 0.137500 0.571875 0.000000 0.000000 0.000000 0.000000 0.262500 0.076563 0.295833
9 0.600000 0.554167 0.714063 0.683333 0.998437 0.927083 0.998437 0.637500 0.735938 0.556250
9 0.450000 0.539583 0.000000 0.516667 0.000000 0.997917 0.160938 0.997917
10 0.260937 0.372917 0.264062 0.372917 0.265625 0.377083 0.270313 0.377083 0.273438 0.383333 0.276562 0.383333 0.285938 0.375000 0.285938 0.372917 0.279687 0.370833 0.279687 0.366667 0.282813 0.362500 0.290625 0.370833 0.298438 0.360417 0.292187 0.360417 0.287500 0.354167 0.279687 0.356250 0.271875 0.350000 0.264062 0.358333
10 0.318750 0.258333 0.315625 0.262500 0.309375 0.262500 0.309375 0.268750 0.312500 0.270833 0.312500 0.279167 0.314063 0.279167 0.317188 0.285417 0.318750 0.308333 0.321875 0.310417 0.321875 0.285417 0.323437 0.281250 0.321875 0.279167 0.321875 0.258333
10 0.326562 0.360417 0.406250 0.406250 0.428125 0.314583 0.429688 0.360417 0.543750 0.397917 0.548438 0.350000 0.546875 0.412500 0.600000 0.435417 0.606250 0.370833 0.607812 0.445833 0.656250 0.456250 0.750000 0.212500 0.996875 0.191667 0.998437 0.000000 0.573438 0.000000 0.554688 0.137500 0.454688 0.247917 0.489063 0.287500 0.428125 0.312500 0.329688 0.247917
11 0.543750 0.466667 0.537500 0.468750 0.534375 0.475000 0.534375 0.500000 0.537500 0.504167 0.537500 0.525000 0.542188 0.525000 0.543750 0.522917 0.543750 0.504167 0.545312 0.502083 0.545312 0.485417 0.546875 0.483333 0.545312 0.468750
13 0.428125 0.483333 0.428125 0.508333 0.462500 0.506250 0.478125 0.510417 0.484375 0.502083 0.490625 0.502083 0.489063 0.479167 0.482812 0.472917 0.448437 0.470833 0.439063 0.477083 0.435937 0.483333