0 0.000000 0.477083 0.000000 0.997917 0.931250 0.997917 0.537500 0.485417 0.398438 0.529167
1 0.409375 0.500000 0.475000 0.495833 0.476562 0.491667 0.500000 0.487500 0.475000 0.489583 0.473438 0.485417 0.462500 0.483333 0.459375 0.487500 0.454688 0.483333 0.428125 0.483333 0.425000 0.489583 0.410938 0.487500
1 0.307812 0.487500 0.307812 0.491667 0.396875 0.502083 0.395313 0.485417 0.381250 0.483333 0.379688 0.493750 0.375000 0.485417 0.370312 0.493750 0.368750 0.487500 0.329688 0.481250
1 0.000000 0.454167 0.000000 0.475000 0.201563 0.481250 0.182812 0.475000 0.178125 0.464583
2 0.482812 0.420833 0.479687 0.435417 0.479687 0.464583 0.490625 0.466667 0.492188 0.458333 0.500000 0.450000 0.507812 0.447917 0.509375 0.441667 0.503125 0.447917 0.501563 0.439583 0.496875 0.435417 0.487500 0.435417 0.485938 0.433333 0.485938 0.422917
2 0.421875 0.385417 0.421875 0.410417 0.437500 0.416667 0.445312 0.427083 0.445312 0.445833 0.437500 0.458333 0.459375 0.454167 0.460938 0.460417 0.473438 0.466667 0.476562 0.414583 0.465625 0.408333 0.464062 0.395833 0.446875 0.393750 0.443750 0.383333 0.440625 0.393750 0.431250 0.385417
2 0.000000 0.283333 0.023438 0.312500 0.071875 0.300000 0.112500 0.358333 0.178125 0.383333 0.179688 0.410417 0.198437 0.385417 0.201563 0.414583 0.234375 0.420833 0.240625 0.391667 0.373437 0.418750 0.379688 0.333333 0.407813 0.314583 0.382812 0.337500 0.378125 0.425000 0.398438 0.435417 0.417187 0.404167 0.407813 0.302083 0.278125 0.285417 0.229687 0.335417 0.200000 0.285417 0.076563 0.233333
2 0.998437 0.035417 0.978125 0.089583 0.771875 0.060417 0.721875 0.277083 0.659375 0.275000 0.582812 0.454167 0.628125 0.402083 0.698438 0.391667 0.885938 0.452083 0.998437 0.414583
3 0.196875 0.439583 0.201563 0.439583 0.203125 0.437500 0.215625 0.439583 0.217188 0.435417 0.228125 0.433333 0.231250 0.429167 0.235937 0.429167 0.237500 0.425000 0.232813 0.420833 0.217188 0.420833 0.215625 0.416667 0.201563 0.416667 0.196875 0.418750
3 0.185938 0.412500 0.176563 0.410417 0.171875 0.416667 0.171875 0.422917 0.167187 0.425000 0.168750 0.437500 0.171875 0.441667 0.173437 0.462500 0.178125 0.462500 0.178125 0.458333 0.181250 0.456250 0.179688 0.452083 0.189062 0.441667 0.189062 0.420833 0.190625 0.418750
3 0.073438 0.368750 0.076563 0.372917 0.082812 0.372917 0.085938 0.383333 0.075000 0.437500 0.081250 0.447917 0.068750 0.454167 0.090625 0.456250 0.085938 0.418750 0.087500 0.372917
4 0.371875 0.452083 0.368750 0.447917 0.362500 0.447917 0.359375 0.454167 0.346875 0.454167 0.343750 0.464583 0.337500 0.466667 0.340625 0.468750 0.340625 0.472917 0.335938 0.479167 0.343750 0.483333 0.368750 0.485417 0.368750 0.464583 0.371875 0.462500
4 0.998437 0.997917 0.998437 0.416667 0.954688 0.450000 0.628125 0.441667 0.565625 0.483333 0.562500 0.527083 0.620313 0.616667 0.690625 0.637500 0.746875 0.787500 0.929688 0.995833
4 0.000000 0.352083 0.000000 0.452083 0.067187 0.454167 0.079687 0.447917 0.073438 0.437500 0.082812 0.375000 0.068750 0.366667 0.035937 0.366667 0.017188 0.354167
5 0.407813 0.316667 0.381250 0.333333 0.370312 0.491667 0.381250 0.337500
5 0.428125 0.287500 0.417187 0.389583 0.414062 0.487500 0.418750 0.487500 0.418750 0.412500
8 0.478125 0.468750 0.478125 0.485417 0.500000 0.485417 0.506250 0.468750 0.514062 0.468750 0.518750 0.429167 0.518750 0.470833 0.532813 0.470833 0.560937 0.522917 0.562500 0.487500 0.578125 0.470833 0.579688 0.452083 0.545312 0.439583 0.531250 0.462500 0.518750 0.416667 0.507812 0.450000 0.490625 0.468750
8 0.420312 0.412500 0.420312 0.458333 0.428125 0.462500 0.428125 0.481250 0.442188 0.481250 0.443750 0.464583 0.445312 0.481250 0.456250 0.481250 0.456250 0.458333 0.443750 0.458333 0.442188 0.462500 0.435937 0.458333 0.443750 0.445833 0.442188 0.422917
8 0.415625 0.410417 0.412500 0.412500 0.410938 0.418750 0.406250 0.420833 0.398438 0.437500 0.396875 0.435417 0.392188 0.437500 0.389062 0.433333 0.389062 0.456250 0.395313 0.456250 0.396875 0.447917 0.404687 0.439583 0.410938 0.439583 0.414062 0.445833
8 0.581250 0.468750 0.596875 0.454167 0.623437 0.458333 0.628125 0.439583 0.757812 0.460417 0.760938 0.445833 0.842187 0.431250 0.832812 0.416667 0.815625 0.425000 0.698438 0.393750 0.665625 0.414583 0.628125 0.404167 0.598437 0.427083
8 0.235937 0.410417 0.239063 0.425000 0.270313 0.422917 0.310937 0.433333 0.331250 0.464583 0.342187 0.464583 0.346875 0.452083 0.359375 0.452083 0.362500 0.445833 0.371875 0.450000 0.373437 0.420833 0.357812 0.412500 0.321875 0.412500 0.260937 0.393750 0.240625 0.393750
8 0.000000 0.291667 0.000000 0.350000 0.087500 0.370833 0.089063 0.410417 0.170313 0.422917 0.171875 0.385417 0.140625 0.393750 0.126562 0.372917 0.131250 0.364583 0.112500 0.360417 0.082812 0.310417 0.053125 0.300000 0.023438 0.314583
9 0.087500 0.414583 0.092188 0.456250 0.171875 0.462500 0.170313 0.441667 0.162500 0.418750 0.132812 0.412500 0.128125 0.416667 0.118750 0.410417
9 0.128125 0.368750 0.131250 0.377083 0.140625 0.383333 0.140625 0.391667 0.156250 0.393750 0.160938 0.385417 0.167187 0.381250 0.171875 0.383333 0.176563 0.389583 0.178125 0.408333 0.178125 0.385417 0.170313 0.379167 0.165625 0.379167 0.164062 0.375000 0.159375 0.377083 0.145313 0.368750
10 0.000000 0.281250 0.076563 0.231250 0.229687 0.333333 0.278125 0.283333 0.407813 0.300000 0.420312 0.360417 0.428125 0.285417 0.423438 0.383333 0.532813 0.460417 0.659375 0.272917 0.720313 0.277083 0.771875 0.058333 0.978125 0.087500 0.998437 0.000000 0.000000 0.000000
11 0.410938 0.441667 0.404687 0.441667 0.396875 0.452083 0.395313 0.464583 0.398438 0.527083 0.404687 0.525000 0.404687 0.510417 0.407813 0.508333 0.407813 0.489583 0.410938 0.485417 0.412500 0.472917 0.415625 0.470833 0.415625 0.456250
13 0.518750 0.472917 0.518750 0.506250 0.520312 0.508333 0.526563 0.508333 0.529687 0.502083 0.529687 0.497917 0.532813 0.495833 0.532813 0.477083 0.526563 0.477083 0.525000 0.475000 0.521875 0.475000
13 0.514062 0.470833 0.506250 0.470833 0.506250 0.475000 0.503125 0.477083 0.501563 0.489583 0.500000 0.491667 0.500000 0.506250 0.506250 0.506250 0.507812 0.502083 0.514062 0.502083
13 0.179688 0.458333 0.182812 0.472917 0.198437 0.475000 0.207813 0.485417 0.251563 0.481250 0.303125 0.493750 0.325000 0.477083 0.314063 0.437500 0.270313 0.425000 0.239063 0.427083 0.215625 0.441667 0.190625 0.441667