0 0.998437 0.956250 0.523438 0.541667 0.514062 0.489583 0.000000 0.654167 0.000000 0.997917 0.998437 0.997917
1 0.579688 0.525000 0.612500 0.589583 0.998437 0.954167 0.998437 0.729167 0.639062 0.554167 0.618750 0.579167 0.620313 0.545833
1 0.000000 0.652083 0.493750 0.487500 0.314063 0.510417 0.078125 0.470833 0.067187 0.531250 0.000000 0.535417
2 0.464062 0.412500 0.462500 0.416667 0.462500 0.439583 0.460938 0.441667 0.460938 0.458333 0.459375 0.462500 0.467187 0.464583 0.468750 0.462500 0.464062 0.454167 0.464062 0.450000 0.471875 0.439583 0.473438 0.443750 0.476562 0.443750 0.478125 0.435417 0.475000 0.435417 0.471875 0.427083 0.465625 0.425000 0.465625 0.412500
2 0.340625 0.168750 0.328125 0.360417 0.331250 0.339583 0.353125 0.325000 0.404687 0.383333 0.385937 0.445833 0.429688 0.445833 0.434375 0.402083 0.434375 0.445833 0.454688 0.462500 0.459375 0.410417 0.439063 0.370833 0.373437 0.350000
2 0.000000 0.172917 0.000000 0.335417 0.073438 0.370833 0.079687 0.412500 0.173437 0.362500 0.178125 0.335417 0.132812 0.308333 0.143750 0.291667 0.248438 0.318750 0.229687 0.331250 0.237500 0.360417 0.293750 0.370833 0.306250 0.427083 0.329688 0.164583 0.101562 0.127083
2 0.998437 0.041667 0.910937 0.254167 0.851562 0.247917 0.837500 0.216667 0.814063 0.239583 0.721875 0.225000 0.693750 0.345833 0.643750 0.341667 0.635938 0.383333 0.607812 0.381250 0.550000 0.466667 0.609375 0.487500 0.637500 0.429167 0.701562 0.452083 0.998437 0.391667
3 0.348438 0.502083 0.428125 0.495833 0.428125 0.489583 0.359375 0.493750 0.357812 0.462500 0.354687 0.458333 0.354687 0.477083
4 0.834375 0.529167 0.828125 0.522917 0.826562 0.522917 0.818750 0.531250 0.812500 0.531250 0.810937 0.535417 0.810937 0.541667 0.815625 0.550000 0.825000 0.550000 0.826562 0.543750 0.831250 0.537500 0.832812 0.537500 0.834375 0.533333
4 0.626563 0.489583 0.629687 0.550000 0.804688 0.610417 0.998437 0.727083 0.998437 0.493750 0.964063 0.493750 0.954688 0.602083 0.932813 0.614583 0.850000 0.593750 0.825000 0.610417 0.784375 0.522917
4 0.579688 0.489583 0.581250 0.525000 0.612500 0.529167 0.614062 0.533333 0.620313 0.533333 0.620313 0.489583
4 0.321875 0.445833 0.320312 0.497917 0.332813 0.491667 0.335938 0.502083 0.346875 0.502083 0.354687 0.456250 0.359375 0.491667 0.428125 0.487500 0.426563 0.462500 0.345313 0.445833 0.332813 0.435417 0.337500 0.439583 0.334375 0.458333
4 0.000000 0.337500 0.000000 0.533333 0.067187 0.529167 0.078125 0.468750 0.310937 0.506250 0.307812 0.429167 0.221875 0.420833 0.225000 0.441667 0.190625 0.452083 0.176563 0.429167 0.104688 0.418750 0.100000 0.391667 0.079687 0.414583 0.073438 0.372917 0.062500 0.383333 0.042188 0.352083
5 0.623437 0.437500 0.621875 0.568750 0.614062 0.572917 0.632812 0.577083 0.631250 0.570833 0.623437 0.566667 0.626563 0.437500
5 0.350000 0.000000 0.339062 0.002083 0.314063 0.508333
5 0.009375 0.000000 0.000000 0.000000 0.000000 0.162500
8 0.726562 0.597917 0.889062 0.675000 0.832812 0.641667 0.825000 0.625000 0.810937 0.622917 0.804688 0.612500 0.754687 0.597917
8 0.434375 0.447917 0.432812 0.485417 0.439063 0.483333 0.435937 0.481250 0.435937 0.470833 0.442188 0.468750 0.451562 0.475000 0.443750 0.485417 0.451562 0.487500 0.454688 0.464583 0.446875 0.464583 0.443750 0.460417 0.442188 0.450000
8 0.476562 0.445833 0.473438 0.445833 0.471875 0.458333 0.468750 0.445833 0.465625 0.454167 0.470313 0.462500 0.467187 0.466667 0.459375 0.464583 0.457813 0.468750 0.457813 0.487500 0.460938 0.487500 0.462500 0.491667 0.465625 0.487500 0.467187 0.472917 0.468750 0.491667 0.471875 0.477083 0.473438 0.487500
8 0.478125 0.489583 0.493750 0.485417 0.498437 0.475000 0.506250 0.475000 0.507812 0.481250 0.510938 0.475000 0.514062 0.481250 0.525000 0.466667 0.550000 0.464583 0.553125 0.447917 0.543750 0.450000 0.540625 0.435417 0.537500 0.441667 0.529687 0.435417 0.517188 0.450000 0.517188 0.464583 0.512500 0.466667 0.504687 0.443750 0.504687 0.420833 0.498437 0.410417 0.492188 0.420833 0.492188 0.435417 0.479687 0.447917
8 0.998437 0.393750 0.701562 0.454167 0.637500 0.431250 0.626563 0.487500 0.784375 0.520833 0.825000 0.608333 0.850000 0.591667 0.950000 0.610417 0.962500 0.493750 0.998437 0.491667
8 0.345313 0.322917 0.332813 0.339583 0.323437 0.433333 0.428125 0.462500 0.429688 0.447917 0.406250 0.441667 0.404687 0.452083 0.384375 0.445833 0.384375 0.431250 0.400000 0.418750 0.403125 0.383333 0.387500 0.358333 0.373437 0.360417
8 0.100000 0.389583 0.104688 0.416667 0.176563 0.427083 0.190625 0.450000 0.225000 0.439583 0.221875 0.418750 0.298438 0.431250 0.303125 0.416667 0.293750 0.372917 0.235937 0.360417 0.228125 0.331250 0.248438 0.320833 0.214062 0.329167 0.181250 0.297917 0.132812 0.295833 0.146875 0.322917 0.179688 0.335417 0.173437 0.364583 0.134375 0.364583
10 0.375000 0.350000 0.459375 0.408333 0.465625 0.345833 0.467187 0.425000 0.498437 0.408333 0.515625 0.464583 0.643750 0.339583 0.692187 0.345833 0.721875 0.222917 0.907813 0.254167 0.998437 0.000000 0.351562 0.000000
10 0.010937 0.000000 0.001563 0.168750 0.101562 0.125000 0.331250 0.162500 0.340625 0.000000
13 0.496875 0.479167 0.495312 0.491667 0.517188 0.491667 0.514062 0.522917 0.523438 0.518750 0.523438 0.539583 0.553125 0.537500 0.576562 0.552083 0.579688 0.487500 0.571875 0.472917 0.539062 0.464583 0.525000 0.468750 0.517188 0.483333 0.510938 0.477083 0.509375 0.483333 0.506250 0.477083