0 0.857812 0.997917 0.450000 0.479167 0.195312 0.516667 0.185938 0.591667 0.156250 0.516667 0.135937 0.608333 0.128125 0.514583 0.000000 0.508333 0.000000 0.997917
1 0.495312 0.487500 0.507812 0.539583 0.856250 0.995833 0.998437 0.997917 0.998437 0.793750 0.878125 0.725000 0.876563 0.656250 0.675000 0.602083 0.518750 0.502083 0.514062 0.525000
1 0.193750 0.510417 0.303125 0.506250 0.439063 0.470833 0.279687 0.477083 0.229687 0.468750 0.195312 0.479167
1 0.000000 0.506250 0.131250 0.516667 0.139063 0.481250 0.000000 0.468750
2 0.318750 0.258333 0.312500 0.333333 0.346875 0.356250 0.364063 0.389583 0.359375 0.410417 0.342187 0.429167 0.382812 0.425000 0.401562 0.443750 0.403125 0.383333 0.392188 0.381250 0.389062 0.360417 0.367188 0.354167 0.362500 0.339583 0.354687 0.352083 0.331250 0.335417
2 0.190625 0.166667 0.182812 0.272917 0.201563 0.283333 0.206250 0.331250 0.235937 0.364583 0.256250 0.362500 0.285938 0.379167 0.303125 0.358333 0.315625 0.220833 0.310937 0.195833
2 0.000000 0.187500 0.000000 0.256250 0.079687 0.272917 0.112500 0.293750 0.117188 0.362500 0.137500 0.370833 0.154688 0.320833 0.173437 0.308333 0.182812 0.162500 0.085938 0.139583
2 0.998437 0.158333 0.934375 0.139583 0.917188 0.087500 0.857812 0.118750 0.860938 0.066667 0.851562 0.114583 0.770312 0.087500 0.710938 0.287500 0.615625 0.268750 0.595313 0.354167 0.492188 0.431250 0.495312 0.485417 0.514062 0.454167 0.518750 0.500000 0.546875 0.420833 0.660937 0.431250 0.664062 0.383333 0.710938 0.366667 0.728125 0.414583 0.762500 0.308333 0.885938 0.247917 0.950000 0.372917 0.998437 0.293750
3 0.903125 0.452083 0.876563 0.718750 0.998437 0.791667 0.998437 0.675000 0.934375 0.639583 0.934375 0.504167 0.962500 0.464583
4 0.945312 0.483333 0.939063 0.489583 0.932813 0.531250 0.935937 0.639583 0.954688 0.658333 0.998437 0.672917 0.998437 0.483333
4 0.520312 0.479167 0.528125 0.514583 0.675000 0.600000 0.812500 0.629167 0.784375 0.606250 0.787500 0.520833 0.821875 0.487500 0.715625 0.489583 0.706250 0.472917
4 0.382812 0.445833 0.382812 0.466667 0.400000 0.466667 0.400000 0.456250 0.401562 0.454167 0.401562 0.445833
4 0.306250 0.427083 0.304688 0.475000 0.325000 0.475000 0.331250 0.466667 0.356250 0.466667 0.357812 0.441667 0.359375 0.466667 0.379688 0.466667 0.379688 0.445833 0.332813 0.437500 0.329688 0.431250 0.317188 0.431250 0.312500 0.422917
4 0.203125 0.402083 0.196875 0.477083 0.218750 0.475000 0.229687 0.466667 0.301563 0.475000 0.298438 0.420833 0.293750 0.412500 0.287500 0.420833 0.234375 0.412500 0.220312 0.402083 0.217188 0.410417 0.209375 0.410417
4 0.000000 0.362500 0.000000 0.466667 0.139063 0.479167 0.137500 0.372917 0.123438 0.364583 0.095312 0.372917
5 0.412500 0.341667 0.401562 0.456250 0.403125 0.475000 0.404687 0.445833 0.410938 0.414583
5 0.328125 0.108333 0.300000 0.410417 0.303125 0.475000
5 0.273438 0.050000 0.207813 0.077083 0.193750 0.093750 0.175000 0.304167 0.184375 0.268750 0.195312 0.106250 0.217188 0.079167 0.259375 0.068750
8 0.420312 0.431250 0.421875 0.468750 0.439063 0.468750 0.445312 0.456250 0.454688 0.462500 0.464062 0.447917 0.489063 0.452083 0.492188 0.460417 0.493750 0.437500 0.487500 0.420833 0.467187 0.427083 0.459375 0.447917 0.451562 0.429167 0.451562 0.406250 0.446875 0.395833 0.439063 0.408333 0.437500 0.422917 0.425000 0.439583
8 0.215625 0.347917 0.223438 0.404167 0.271875 0.418750 0.287500 0.418750 0.293750 0.410417 0.298438 0.418750 0.303125 0.360417 0.284375 0.381250 0.262500 0.375000 0.256250 0.364583 0.235937 0.366667
8 0.315625 0.337500 0.310937 0.354167 0.309375 0.420833 0.332813 0.435417 0.379688 0.443750 0.381250 0.431250 0.370312 0.427083 0.356250 0.435417 0.340625 0.429167 0.343750 0.418750 0.357812 0.410417 0.360938 0.381250 0.346875 0.358333 0.337500 0.358333
8 0.000000 0.258333 0.000000 0.360417 0.095312 0.370833 0.115625 0.362500 0.110937 0.345833 0.112500 0.295833 0.079687 0.275000
8 0.998437 0.295833 0.960938 0.316667 0.948438 0.375000 0.892188 0.250000 0.845313 0.291667 0.828125 0.264583 0.809375 0.308333 0.760938 0.312500 0.728125 0.416667 0.710938 0.368750 0.664062 0.385417 0.660937 0.433333 0.560937 0.445833 0.546875 0.422917 0.525000 0.470833 0.828125 0.485417 0.926562 0.447917 0.998437 0.481250
10 0.000000 0.000000 0.000000 0.185417 0.182812 0.160417 0.273438 0.047917 0.190625 0.164583 0.315625 0.210417 0.328125 0.106250 0.332813 0.335417 0.404687 0.393750 0.412500 0.339583 0.459375 0.445833 0.615625 0.266667 0.709375 0.287500 0.770312 0.085417 0.860938 0.064583 0.857812 0.116667 0.998437 0.156250 0.998437 0.000000
11 0.193750 0.277083 0.182812 0.275000 0.139063 0.368750 0.143750 0.466667 0.120313 0.606250 0.137500 0.604167 0.137500 0.564583 0.164062 0.495833 0.176563 0.508333 0.171875 0.585417 0.196875 0.581250 0.189062 0.550000 0.200000 0.410417 0.217188 0.408333 0.220312 0.383333
13 0.835938 0.479167 0.789062 0.520833 0.785937 0.606250 0.809375 0.620833 0.834375 0.652083 0.864062 0.647917 0.879687 0.658333 0.896875 0.485417
13 0.443750 0.460417 0.440625 0.475000 0.451562 0.479167 0.453125 0.506250 0.473438 0.502083 0.475000 0.506250 0.482812 0.506250 0.484375 0.514583 0.490625 0.514583 0.493750 0.475000 0.489063 0.454167 0.464062 0.450000 0.454688 0.464583 0.451562 0.458333