0 0.837500 0.997917 0.443750 0.483333 0.221875 0.525000 0.212500 0.591667 0.193750 0.529167 0.185938 0.602083 0.173437 0.529167 0.000000 0.522917 0.000000 0.997917
1 0.484375 0.493750 0.835938 0.995833 0.998437 0.997917 0.996875 0.789583 0.789062 0.670833 0.762500 0.604167 0.648438 0.589583
1 0.000000 0.487500 0.000000 0.520833 0.175000 0.525000 0.175000 0.516667 0.142187 0.512500 0.146875 0.502083 0.168750 0.502083 0.168750 0.493750
1 0.434375 0.475000 0.306250 0.489583 0.225000 0.477083 0.221875 0.522917 0.381250 0.495833
2 0.404687 0.404167 0.404687 0.429167 0.403125 0.431250 0.401562 0.450000 0.410938 0.450000 0.410938 0.433333 0.415625 0.429167 0.417187 0.431250 0.417187 0.425000 0.412500 0.416667 0.409375 0.416667 0.406250 0.412500 0.406250 0.404167
2 0.315625 0.281250 0.310937 0.356250 0.345313 0.370833 0.357812 0.393750 0.354687 0.422917 0.342187 0.439583 0.375000 0.437500 0.379688 0.381250 0.378125 0.443750 0.396875 0.450000 0.396875 0.389583 0.382812 0.381250 0.379688 0.364583 0.359375 0.362500 0.357812 0.350000 0.350000 0.362500 0.326562 0.347917
2 0.200000 0.189583 0.193750 0.341667 0.217188 0.310417 0.226562 0.320833 0.226562 0.360417 0.237500 0.387500 0.248438 0.379167 0.282813 0.391667 0.301563 0.370833 0.309375 0.262500 0.304688 0.212500
2 0.000000 0.216667 0.001563 0.289583 0.140625 0.320833 0.134375 0.387500 0.168750 0.395833 0.184375 0.345833 0.192188 0.187500 0.085938 0.164583
2 0.998437 0.197917 0.885938 0.145833 0.876563 0.102083 0.823438 0.131250 0.845313 0.064583 0.814063 0.129167 0.735938 0.108333 0.689063 0.287500 0.600000 0.275000 0.584375 0.354167 0.487500 0.431250 0.484375 0.481250 0.534375 0.425000 0.629687 0.429167 0.629687 0.383333 0.670312 0.375000 0.693750 0.450000 0.721875 0.318750 0.779687 0.277083 0.803125 0.310417 0.823438 0.268750 0.865625 0.320833 0.998437 0.258333
3 0.670312 0.589583 0.757812 0.602083 0.732812 0.583333 0.671875 0.577083
3 0.803125 0.447917 0.789062 0.668750 0.998437 0.789583 0.998437 0.666667 0.828125 0.608333 0.825000 0.483333 0.846875 0.452083
4 0.829688 0.475000 0.828125 0.606250 0.998437 0.664583 0.996875 0.468750
4 0.676562 0.575000 0.667188 0.566667 0.670312 0.472917 0.606250 0.468750 0.601562 0.483333 0.548438 0.483333 0.534375 0.470833 0.525000 0.504167 0.514062 0.500000 0.514062 0.479167 0.506250 0.477083 0.506250 0.502083 0.648438 0.587500 0.668750 0.589583
4 0.378125 0.452083 0.378125 0.472917 0.379688 0.472917 0.381250 0.475000 0.395313 0.475000 0.395313 0.460417 0.393750 0.460417 0.390625 0.456250 0.389062 0.456250 0.387500 0.454167 0.387500 0.452083
4 0.304688 0.435417 0.304688 0.487500 0.373437 0.477083 0.373437 0.452083 0.335938 0.445833
4 0.226562 0.425000 0.225000 0.475000 0.296875 0.485417 0.298438 0.435417
4 0.000000 0.387500 0.000000 0.485417 0.168750 0.491667 0.168750 0.504167 0.143750 0.512500 0.175000 0.512500 0.168750 0.397917
5 0.404687 0.347917 0.401562 0.362500 0.396875 0.479167 0.400000 0.477083 0.396875 0.475000 0.400000 0.472917 0.398438 0.458333 0.403125 0.429167
5 0.318750 0.133333 0.298438 0.485417 0.321875 0.183333
5 0.275000 0.095833 0.221875 0.118750 0.198437 0.145833 0.185938 0.343750 0.192188 0.339583 0.200000 0.156250 0.218750 0.127083 0.250000 0.120833
8 0.401562 0.452083 0.409375 0.460417 0.409375 0.477083 0.412500 0.454167 0.417187 0.477083 0.434375 0.472917 0.437500 0.462500 0.450000 0.466667 0.454688 0.454167 0.479687 0.456250 0.485938 0.466667 0.489063 0.437500 0.484375 0.439583 0.479687 0.425000 0.467187 0.425000 0.453125 0.450000 0.439063 0.400000 0.429688 0.429167 0.420312 0.435417 0.420312 0.462500 0.415625 0.431250 0.412500 0.450000
8 0.301563 0.372917 0.276562 0.395833 0.245312 0.381250 0.237500 0.389583 0.237500 0.412500 0.229687 0.422917 0.298438 0.433333
8 0.310937 0.358333 0.306250 0.433333 0.373437 0.450000 0.373437 0.441667 0.359375 0.435417 0.350000 0.445833 0.340625 0.439583 0.340625 0.431250 0.353125 0.422917 0.356250 0.393750 0.345313 0.372917 0.339062 0.368750 0.331250 0.372917
8 0.000000 0.289583 0.000000 0.385417 0.109375 0.397917 0.132812 0.389583 0.131250 0.335417 0.143750 0.331250 0.140625 0.322917 0.121875 0.325000
8 0.998437 0.260417 0.871875 0.322917 0.828125 0.270833 0.803125 0.312500 0.779687 0.279167 0.695312 0.370833 0.693750 0.452083 0.671875 0.377083 0.631250 0.383333 0.629687 0.431250 0.528125 0.431250 0.515625 0.500000 0.534375 0.468750 0.670312 0.470833 0.668750 0.566667 0.731250 0.581250 0.732812 0.508333 0.803125 0.445833 0.998437 0.468750
10 0.000000 0.000000 0.000000 0.214583 0.192188 0.185417 0.275000 0.093750 0.200000 0.187500 0.310937 0.237500 0.323437 0.133333 0.326562 0.345833 0.398438 0.397917 0.404687 0.345833 0.453125 0.447917 0.600000 0.272917 0.685937 0.289583 0.735938 0.106250 0.814063 0.127083 0.842187 0.064583 0.823438 0.129167 0.876563 0.100000 0.998437 0.195833 0.998437 0.000000
11 0.217188 0.312500 0.175000 0.358333 0.171875 0.600000 0.189062 0.593750 0.198437 0.497917 0.206250 0.504167 0.206250 0.587500 0.228125 0.577083 0.220312 0.487500 0.225000 0.425000 0.237500 0.397917
13 0.801562 0.470833 0.773438 0.470833 0.734375 0.508333 0.732812 0.581250 0.756250 0.595833 0.773438 0.618750 0.787500 0.622917 0.793750 0.591667
13 0.437500 0.464583 0.435937 0.481250 0.445312 0.483333 0.445312 0.508333 0.468750 0.506250 0.482812 0.516667 0.482812 0.493750 0.485938 0.491667 0.485938 0.483333 0.482812 0.481250 0.482812 0.464583 0.479687 0.458333 0.454688 0.456250 0.450000 0.468750 0.445312 0.464583