0 0.000000 0.812500 0.000000 0.997917 0.998437 0.997917 0.998437 0.785417 0.845313 0.745833 0.835938 0.691667 0.684375 0.616667 0.631250 0.639583 0.618750 0.572917 0.498437 0.477083 0.365625 0.493750 0.426563 0.520833
1 0.893750 0.602083 0.923438 0.675000 0.942187 0.683333 0.942187 0.658333 0.964063 0.714583 0.873437 0.714583 0.998437 0.783333 0.998437 0.604167
1 0.835938 0.579167 0.834375 0.583333 0.839063 0.606250 0.854688 0.616667 0.862500 0.616667 0.864062 0.620833 0.867188 0.616667 0.868750 0.595833 0.853125 0.591667 0.845313 0.581250
1 0.659375 0.545833 0.660937 0.564583 0.667188 0.572917 0.682813 0.581250 0.690625 0.581250 0.700000 0.589583 0.728125 0.593750 0.735938 0.587500 0.735938 0.577083 0.732812 0.572917 0.718750 0.572917 0.704688 0.560417
1 0.425000 0.518750 0.364063 0.504167 0.000000 0.589583 0.000000 0.810417
1 0.478125 0.477083 0.451562 0.489583 0.428125 0.493750 0.426563 0.497917 0.420312 0.493750 0.370312 0.491667 0.459375 0.500000 0.478125 0.487500
2 0.432812 0.383333 0.429688 0.447917 0.446875 0.450000 0.446875 0.445833 0.443750 0.443750 0.443750 0.431250 0.448437 0.429167 0.450000 0.408333 0.445312 0.408333 0.442188 0.402083 0.443750 0.387500
2 0.371875 0.312500 0.367188 0.435417 0.379688 0.435417 0.385937 0.422917 0.403125 0.420833 0.409375 0.443750 0.423438 0.443750 0.428125 0.362500 0.412500 0.362500 0.407813 0.356250 0.403125 0.316667
2 0.365625 0.304167 0.353125 0.310417 0.314063 0.266667 0.250000 0.312500 0.260937 0.322917 0.259375 0.377083 0.245312 0.397917 0.287500 0.410417 0.326562 0.372917 0.362500 0.391667
2 0.543750 0.437500 0.545312 0.468750 0.590625 0.435417 0.625000 0.445833 0.634375 0.483333 0.998437 0.466667 0.998437 0.229167 0.971875 0.204167 0.956250 0.225000 0.770312 0.195833 0.731250 0.325000 0.654687 0.310417 0.640625 0.370833 0.604688 0.366667
2 0.006250 0.000000 0.023438 0.050000 0.000000 0.097917 0.000000 0.339583 0.212500 0.395833 0.190625 0.358333 0.193750 0.220833 0.234375 0.191667 0.181250 0.000000
3 0.757812 0.558333 0.757812 0.568750 0.785937 0.570833 0.792188 0.564583 0.834375 0.572917 0.832812 0.566667 0.818750 0.562500 0.762500 0.554167
3 0.634375 0.520833 0.634375 0.529167 0.635938 0.533333 0.653125 0.533333 0.654687 0.537500 0.657813 0.537500 0.662500 0.543750 0.670312 0.545833 0.670312 0.531250 0.662500 0.527083 0.656250 0.527083 0.654687 0.525000 0.643750 0.522917 0.642188 0.520833
3 0.725000 0.481250 0.718750 0.483333 0.720313 0.493750 0.717187 0.497917 0.715625 0.510417 0.717187 0.535417 0.710938 0.543750 0.701562 0.541667 0.701562 0.558333 0.709375 0.562500 0.709375 0.556250 0.715625 0.554167 0.717187 0.550000 0.725000 0.554167
3 0.365625 0.481250 0.365625 0.491667 0.368750 0.491667 0.370312 0.487500 0.379688 0.487500 0.381250 0.491667 0.420312 0.491667 0.420312 0.485417 0.403125 0.485417 0.401562 0.483333 0.368750 0.481250 0.367188 0.479167
3 0.359375 0.483333 0.217188 0.512500 0.215625 0.468750 0.201563 0.466667 0.190625 0.516667 0.000000 0.541667 0.000000 0.587500 0.357812 0.506250
4 0.634375 0.485417 0.634375 0.518750 0.670312 0.529167 0.673438 0.547917 0.700000 0.556250 0.700000 0.541667 0.710938 0.541667 0.715625 0.535417 0.717187 0.483333 0.712500 0.489583
4 0.725000 0.550000 0.731250 0.570833 0.746875 0.568750 0.756250 0.550000 0.832812 0.564583 0.839063 0.516667 0.870313 0.493750 0.812500 0.479167 0.729688 0.472917
4 0.429688 0.450000 0.428125 0.483333 0.439063 0.483333 0.442188 0.481250 0.442188 0.462500 0.443750 0.460417 0.445312 0.462500 0.445312 0.481250 0.446875 0.481250 0.446875 0.460417 0.443750 0.456250
4 0.367188 0.437500 0.365625 0.477083 0.403125 0.483333 0.421875 0.481250 0.423438 0.452083 0.418750 0.445833 0.398438 0.447917 0.389062 0.441667
4 0.000000 0.341667 0.000000 0.539583 0.190625 0.514583 0.201563 0.464583 0.217188 0.468750 0.217188 0.510417 0.359375 0.479167 0.360938 0.437500
5 0.465625 0.343750 0.460938 0.391667 0.453125 0.397917 0.448437 0.431250 0.448437 0.487500 0.456250 0.483333 0.460938 0.397917 0.470313 0.387500 0.462500 0.387500
5 0.437500 0.250000 0.421875 0.495833 0.426563 0.495833
5 0.421875 0.202083 0.378125 0.229167 0.370312 0.247917 0.359375 0.506250 0.373437 0.245833
8 0.370312 0.437500 0.389062 0.439583 0.392188 0.443750 0.396875 0.443750 0.398438 0.445833 0.410938 0.445833 0.407813 0.443750 0.407813 0.433333 0.406250 0.427083 0.403125 0.422917 0.385937 0.425000 0.379688 0.437500
8 0.526563 0.416667 0.521875 0.425000 0.520312 0.420833 0.509375 0.420833 0.500000 0.435417 0.500000 0.460417 0.503125 0.477083 0.509375 0.477083 0.512500 0.470833 0.520312 0.470833 0.526563 0.462500 0.543750 0.466667 0.542188 0.435417 0.537500 0.427083 0.531250 0.427083 0.528125 0.435417
8 0.481250 0.393750 0.475000 0.395833 0.468750 0.422917 0.468750 0.477083 0.473438 0.418750 0.473438 0.477083 0.484375 0.462500 0.493750 0.464583 0.496875 0.458333 0.485938 0.433333 0.485938 0.410417
8 0.214062 0.379167 0.214062 0.395833 0.225000 0.408333 0.360938 0.435417 0.360938 0.389583 0.335938 0.385417 0.329688 0.375000 0.287500 0.412500 0.246875 0.402083 0.248438 0.383333 0.256250 0.387500 0.259375 0.341667 0.253125 0.333333 0.243750 0.362500
8 0.000000 0.000000 0.000000 0.095833 0.006250 0.097917 0.009375 0.095833 0.007812 0.072917 0.018750 0.058333 0.021875 0.047917 0.018750 0.025000 0.010937 0.012500 0.009375 0.004167
10 0.182812 0.000000 0.235937 0.191667 0.195312 0.220833 0.203125 0.375000 0.314063 0.264583 0.360938 0.308333 0.417187 0.200000 0.371875 0.310417 0.428125 0.360417 0.437500 0.247917 0.432812 0.381250 0.465625 0.341667 0.493750 0.454167 0.654687 0.308333 0.731250 0.322917 0.770312 0.193750 0.998437 0.227083 0.998437 0.000000
13 0.835938 0.531250 0.834375 0.568750 0.853125 0.589583 0.868750 0.593750 0.879687 0.572917 0.895312 0.583333 0.893750 0.600000 0.918750 0.606250 0.939063 0.593750 0.970313 0.608333 0.998437 0.602083 0.998437 0.468750 0.901563 0.466667 0.845313 0.510417
13 0.510938 0.475000 0.509375 0.495833 0.532813 0.508333 0.534375 0.520833 0.556250 0.533333 0.556250 0.543750 0.590625 0.539583 0.614062 0.566667 0.631250 0.533333 0.634375 0.493750 0.625000 0.447917 0.590625 0.437500 0.565625 0.441667 0.553125 0.466667 0.526563 0.464583
14 0.614062 0.562500 0.631250 0.637500 0.662500 0.606250 0.842187 0.697917 0.845313 0.743750 0.876563 0.706250 0.962500 0.714583 0.943750 0.662500 0.942187 0.685417 0.925000 0.679167 0.873437 0.579167 0.864062 0.622917 0.826562 0.575000 0.779687 0.589583 0.746875 0.562500 0.732812 0.593750 0.700000 0.591667 0.632812 0.529167