0 0.000000 0.850000 0.000000 0.997917 0.998437 0.997917 0.996875 0.802083 0.868750 0.737500 0.818750 0.808333 0.764062 0.645833 0.493750 0.472917 0.334375 0.493750 0.409375 0.533333
1 0.896875 0.766667 0.904687 0.777083 0.914062 0.775000 0.921875 0.777083 0.943750 0.768750 0.951562 0.770833 0.962500 0.768750 0.951562 0.764583 0.946875 0.758333 0.940625 0.758333 0.939063 0.754167 0.928125 0.754167 0.915625 0.760417 0.906250 0.758333
1 0.895312 0.633333 0.896875 0.635417 0.896875 0.641667 0.898438 0.643750 0.900000 0.652083 0.904687 0.652083 0.906250 0.654167 0.920312 0.654167 0.920312 0.650000 0.923438 0.647917 0.921875 0.643750 0.921875 0.635417 0.920312 0.633333 0.904687 0.633333 0.900000 0.629167 0.896875 0.629167
1 0.846875 0.589583 0.879687 0.595833 0.885938 0.602083 0.946875 0.608333 0.959375 0.637500 0.973437 0.639583 0.975000 0.618750 0.960938 0.597917
1 0.767188 0.577083 0.765625 0.579167 0.765625 0.593750 0.764062 0.595833 0.765625 0.614583 0.770312 0.620833 0.775000 0.622917 0.779687 0.616667 0.779687 0.610417 0.785937 0.595833 0.787500 0.583333 0.782813 0.583333 0.781250 0.581250 0.776563 0.581250
1 0.660937 0.570833 0.718750 0.610417 0.726562 0.606250 0.728125 0.610417 0.737500 0.606250 0.753125 0.610417 0.756250 0.572917 0.732812 0.560417 0.673438 0.545833
1 0.407813 0.522917 0.335938 0.504167 0.000000 0.600000 0.000000 0.847917
1 0.471875 0.472917 0.467187 0.470833 0.464062 0.475000 0.460938 0.475000 0.459375 0.479167 0.451562 0.479167 0.450000 0.483333 0.437500 0.485417 0.434375 0.489583 0.418750 0.489583 0.417187 0.497917 0.457813 0.495833 0.459375 0.491667 0.462500 0.491667 0.464062 0.487500 0.467187 0.487500 0.471875 0.481250 0.470313 0.477083
2 0.421875 0.375000 0.418750 0.439583 0.421875 0.443750 0.439063 0.443750 0.434375 0.437500 0.432812 0.427083 0.442188 0.414583 0.442188 0.402083 0.434375 0.400000 0.432812 0.377083
2 0.343750 0.275000 0.335938 0.368750 0.342187 0.410417 0.335938 0.425000 0.362500 0.427083 0.371875 0.408333 0.384375 0.404167 0.396875 0.435417 0.412500 0.435417 0.415625 0.352083 0.395313 0.347917 0.392188 0.302083 0.354687 0.297917 0.353125 0.279167
2 0.334375 0.291667 0.290625 0.243750 0.221875 0.291667 0.231250 0.331250 0.226562 0.391667 0.254688 0.391667 0.256250 0.368750 0.271875 0.368750 0.271875 0.354167 0.285938 0.345833 0.300000 0.360417 0.329688 0.366667
2 0.998437 0.164583 0.812500 0.139583 0.762500 0.302083 0.665625 0.287500 0.650000 0.352083 0.604688 0.354167 0.539062 0.458333 0.637500 0.418750 0.670312 0.431250 0.675000 0.477083 0.825000 0.456250 0.932813 0.472917 0.965625 0.512500 0.998437 0.477083
2 0.000000 0.000000 0.000000 0.335417 0.057813 0.358333 0.031250 0.320833 0.046875 0.304167 0.093750 0.350000 0.143750 0.350000 0.150000 0.385417 0.204687 0.395833 0.159375 0.345833 0.145313 0.268750 0.106250 0.258333 0.110937 0.139583 0.165625 0.122917 0.126562 0.002083
3 0.767188 0.575000 0.782813 0.581250 0.956250 0.595833 0.950000 0.581250 0.804688 0.562500 0.795312 0.541667 0.768750 0.552083
3 0.673438 0.529167 0.673438 0.543750 0.676562 0.545833 0.689063 0.547917 0.690625 0.550000 0.701562 0.550000 0.703125 0.554167 0.717187 0.554167 0.715625 0.541667 0.709375 0.533333 0.696875 0.531250 0.682813 0.525000 0.675000 0.525000
3 0.335938 0.477083 0.335938 0.487500 0.400000 0.487500 0.401562 0.491667 0.409375 0.491667 0.410938 0.483333
3 0.000000 0.341667 0.000000 0.597917 0.325000 0.510417 0.326562 0.485417 0.037500 0.541667 0.040625 0.350000
4 0.675000 0.479167 0.675000 0.522917 0.709375 0.531250 0.721875 0.558333 0.750000 0.568750 0.768750 0.497917 0.768750 0.550000 0.795312 0.539583 0.804688 0.560417 0.951562 0.581250 0.959375 0.510417 0.932813 0.475000 0.800000 0.458333 0.779687 0.475000
4 0.418750 0.450000 0.417187 0.481250 0.431250 0.481250 0.434375 0.470833 0.437500 0.477083 0.439063 0.477083 0.440625 0.456250 0.429688 0.454167 0.425000 0.450000
4 0.335938 0.427083 0.335938 0.475000 0.410938 0.481250 0.410938 0.437500
4 0.040625 0.354167 0.037500 0.539583 0.326562 0.483333 0.329688 0.427083
5 0.990625 0.531250 0.984375 0.531250 0.979688 0.545833 0.975000 0.641667 0.979688 0.647917 0.989062 0.647917 0.985938 0.585417 0.992188 0.539583
5 0.768750 0.500000 0.760938 0.504167 0.760938 0.550000 0.750000 0.635417 0.759375 0.647917 0.762500 0.643750 0.759375 0.633333 0.764062 0.616667 0.767188 0.520833 0.771875 0.506250
5 0.457813 0.331250 0.453125 0.379167 0.445312 0.385417 0.442188 0.400000 0.442188 0.483333 0.450000 0.481250 0.454688 0.381250 0.462500 0.377083 0.454688 0.377083
5 0.426563 0.218750 0.421875 0.220833 0.412500 0.495833
5 0.403125 0.129167 0.350000 0.164583 0.339062 0.187500 0.326562 0.508333 0.334375 0.506250 0.342187 0.187500
8 0.535937 0.427083 0.528125 0.420833 0.521875 0.427083 0.518750 0.410417 0.517188 0.416667 0.512500 0.412500 0.500000 0.416667 0.492188 0.429167 0.496875 0.472917 0.504687 0.475000 0.507812 0.466667 0.517188 0.466667 0.521875 0.456250 0.537500 0.456250
8 0.364063 0.427083 0.367188 0.429167 0.393750 0.431250 0.393750 0.427083 0.395313 0.425000 0.390625 0.416667 0.389062 0.410417 0.385937 0.410417 0.384375 0.406250 0.376563 0.406250 0.375000 0.410417 0.371875 0.410417 0.365625 0.418750 0.365625 0.425000
8 0.473438 0.385417 0.467187 0.387500 0.460938 0.425000 0.453125 0.427083 0.451562 0.477083 0.454688 0.464583 0.456250 0.475000 0.459375 0.429167 0.462500 0.472917 0.465625 0.412500 0.467187 0.468750 0.475000 0.458333 0.485938 0.458333
8 0.331250 0.375000 0.325000 0.366667 0.300000 0.362500 0.285938 0.347917 0.273438 0.354167 0.271875 0.370833 0.257812 0.368750 0.260937 0.385417 0.254688 0.393750 0.234375 0.397917 0.225000 0.391667 0.228125 0.358333 0.218750 0.358333 0.206250 0.395833 0.329688 0.425000
8 0.032813 0.310417 0.034375 0.325000 0.059375 0.358333 0.143750 0.383333 0.153125 0.375000 0.143750 0.364583 0.143750 0.352083 0.126562 0.362500 0.110937 0.343750 0.093750 0.352083 0.082812 0.329167 0.068750 0.322917 0.054688 0.327083 0.046875 0.306250
10 0.107813 0.258333 0.209375 0.391667 0.217188 0.295833 0.287500 0.241667 0.334375 0.289583 0.342187 0.175000 0.403125 0.127083 0.340625 0.293750 0.415625 0.350000 0.426563 0.216667 0.421875 0.372917 0.457813 0.329167 0.492188 0.450000 0.665625 0.285417 0.762500 0.300000 0.812500 0.137500 0.996875 0.164583 0.998437 0.000000 0.126562 0.000000 0.167187 0.122917 0.112500 0.139583
13 0.998437 0.479167 0.984375 0.500000 0.959375 0.514583 0.954688 0.531250 0.953125 0.585417 0.970313 0.612500 0.975000 0.610417 0.978125 0.545833 0.984375 0.529167 0.993750 0.533333 0.987500 0.616667 0.998437 0.606250
13 0.503125 0.479167 0.507812 0.495833 0.537500 0.506250 0.539062 0.522917 0.546875 0.520833 0.556250 0.539583 0.571875 0.535417 0.578125 0.558333 0.610938 0.547917 0.659375 0.570833 0.671875 0.547917 0.668750 0.431250 0.596875 0.422917 0.578125 0.431250 0.551562 0.468750 0.521875 0.458333
14 0.726562 0.608333 0.725000 0.612500 0.726562 0.622917 0.739062 0.631250 0.750000 0.633333 0.751563 0.629167 0.751563 0.612500 0.748437 0.610417 0.740625 0.610417 0.739062 0.608333 0.732812 0.610417 0.731250 0.612500 0.728125 0.612500
14 0.764062 0.618750 0.760938 0.704167 0.784375 0.716667 0.815625 0.804167 0.845313 0.808333 0.868750 0.735417 0.939063 0.752083 0.998437 0.802083 0.998437 0.654167 0.959375 0.639583 0.946875 0.610417 0.789062 0.581250 0.781250 0.616667