0 0.998437 0.622917 0.984375 0.625000 0.982812 0.629167 0.981250 0.627083 0.978125 0.633333 0.965625 0.643750 0.960938 0.641667 0.959375 0.635417 0.956250 0.633333 0.959375 0.635417 0.960938 0.647917 0.982812 0.656250 0.998437 0.658333
0 0.000000 0.829167 0.000000 0.997917 0.998437 0.997917 0.998437 0.779167 0.725000 0.641667 0.685937 0.685417 0.664062 0.591667 0.501563 0.475000 0.356250 0.493750 0.421875 0.525000
1 0.948438 0.597917 0.951562 0.602083 0.956250 0.618750 0.956250 0.631250 0.964063 0.641667 0.970313 0.639583 0.981250 0.625000 0.982812 0.627083 0.984375 0.622917 0.987500 0.622917 0.981250 0.622917 0.979688 0.618750 0.971875 0.616667 0.968750 0.612500 0.967187 0.604167 0.962500 0.597917
1 0.832812 0.583333 0.835938 0.600000 0.845313 0.602083 0.846875 0.606250 0.854688 0.606250 0.867188 0.612500 0.871875 0.610417 0.873437 0.602083 0.879687 0.595833 0.882812 0.587500 0.876563 0.583333 0.850000 0.583333 0.848437 0.581250
1 0.725000 0.564583 0.728125 0.591667 0.737500 0.600000 0.781250 0.600000 0.789062 0.606250 0.798438 0.604167 0.796875 0.593750 0.771875 0.587500 0.762500 0.575000 0.743750 0.572917
1 0.420312 0.518750 0.356250 0.504167 0.000000 0.593750 0.000000 0.827083
1 0.478125 0.472917 0.467187 0.479167 0.462500 0.479167 0.460938 0.483333 0.445312 0.485417 0.443750 0.489583 0.428125 0.489583 0.426563 0.495833 0.428125 0.497917 0.467187 0.495833 0.471875 0.487500 0.478125 0.483333
2 0.431250 0.379167 0.428125 0.443750 0.446875 0.445833 0.446875 0.441667 0.443750 0.439583 0.443750 0.431250 0.448437 0.425000 0.450000 0.404167 0.442188 0.402083 0.440625 0.381250
2 0.364063 0.295833 0.357812 0.429167 0.379688 0.431250 0.385937 0.412500 0.396875 0.412500 0.406250 0.422917 0.407813 0.439583 0.421875 0.439583 0.426563 0.358333 0.406250 0.352083 0.403125 0.310417 0.370312 0.308333
2 0.356250 0.306250 0.309375 0.256250 0.242188 0.302083 0.253125 0.316667 0.250000 0.372917 0.234375 0.404167 0.262500 0.408333 0.287500 0.395833 0.289062 0.381250 0.301563 0.381250 0.303125 0.366667 0.314063 0.360417 0.325000 0.372917 0.353125 0.379167
2 0.998437 0.191667 0.792188 0.170833 0.748437 0.314583 0.662500 0.300000 0.650000 0.360417 0.607812 0.360417 0.545312 0.462500 0.618750 0.429167 0.648438 0.441667 0.651563 0.479167 0.843750 0.470833 0.884375 0.479167 0.892188 0.512500 0.998437 0.456250
2 0.000000 0.000000 0.000000 0.341667 0.162500 0.381250 0.150000 0.356250 0.160938 0.345833 0.204687 0.383333 0.162500 0.272917 0.167187 0.185417 0.210938 0.166667 0.164062 0.002083
3 0.651563 0.520833 0.651563 0.537500 0.654687 0.541667 0.654687 0.543750 0.665625 0.543750 0.667188 0.545833 0.670312 0.539583 0.670312 0.527083 0.668750 0.527083 0.667188 0.525000 0.664062 0.525000 0.662500 0.522917 0.656250 0.522917 0.654687 0.520833
3 0.356250 0.479167 0.357812 0.487500 0.407813 0.487500 0.409375 0.491667 0.420312 0.491667 0.420312 0.483333
3 0.000000 0.591667 0.348438 0.506250 0.350000 0.481250 0.164062 0.518750 0.168750 0.383333 0.143750 0.379167 0.131250 0.520833 0.001563 0.541667
4 0.651563 0.481250 0.651563 0.518750 0.671875 0.529167 0.678125 0.500000 0.679688 0.541667 0.793750 0.589583 0.804688 0.579167 0.878125 0.583333 0.892188 0.502083 0.881250 0.479167 0.795312 0.466667
4 0.428125 0.452083 0.428125 0.481250 0.440625 0.481250 0.442188 0.475000 0.442188 0.458333 0.443750 0.456250 0.445312 0.458333 0.445312 0.477083 0.446875 0.477083 0.446875 0.456250 0.443750 0.456250 0.439063 0.452083
4 0.357812 0.431250 0.357812 0.477083 0.420312 0.481250 0.420312 0.450000 0.390625 0.443750 0.390625 0.437500
4 0.167187 0.387500 0.164062 0.516667 0.345313 0.491667 0.353125 0.431250
4 0.000000 0.343750 0.000000 0.541667 0.129688 0.520833 0.145313 0.377083
5 0.465625 0.337500 0.460938 0.383333 0.451562 0.400000 0.448437 0.483333 0.456250 0.481250 0.460938 0.389583 0.467187 0.383333 0.462500 0.381250
5 0.435937 0.237500 0.421875 0.495833 0.426563 0.491667
5 0.418750 0.170833 0.362500 0.218750 0.350000 0.506250 0.365625 0.218750
8 0.385937 0.414583 0.381250 0.433333 0.390625 0.435417 0.392188 0.437500 0.390625 0.441667 0.420312 0.447917 0.420312 0.441667 0.407813 0.441667 0.406250 0.439583 0.404687 0.422917 0.401562 0.416667
8 0.475000 0.389583 0.467187 0.429167 0.460938 0.431250 0.457813 0.477083 0.460938 0.466667 0.465625 0.477083 0.467187 0.429167 0.468750 0.475000 0.492188 0.458333 0.501563 0.462500 0.503125 0.475000 0.528125 0.458333 0.543750 0.460417 0.542188 0.431250 0.535937 0.422917 0.528125 0.431250 0.526563 0.414583 0.525000 0.420833 0.509375 0.416667 0.500000 0.431250 0.501563 0.452083 0.493750 0.452083 0.482812 0.393750
8 0.396875 0.377083 0.392188 0.370833 0.392188 0.368750 0.384375 0.368750 0.379688 0.379167 0.370312 0.379167 0.370312 0.381250 0.367188 0.383333 0.367188 0.391667 0.368750 0.393750 0.373437 0.389583 0.376563 0.389583 0.379688 0.385417 0.389062 0.385417 0.392188 0.387500 0.395313 0.383333 0.396875 0.383333
8 0.353125 0.381250 0.325000 0.375000 0.314063 0.362500 0.310937 0.368750 0.304688 0.366667 0.301563 0.383333 0.290625 0.381250 0.290625 0.395833 0.253125 0.412500 0.346875 0.431250 0.353125 0.429167 0.350000 0.425000
8 0.250000 0.331250 0.245312 0.333333 0.245312 0.354167 0.231250 0.360417 0.215625 0.385417 0.201563 0.383333 0.176563 0.354167 0.165625 0.356250 0.156250 0.347917 0.151562 0.356250 0.170313 0.387500 0.232813 0.404167 0.248438 0.372917
10 0.164062 0.000000 0.212500 0.160417 0.167187 0.193750 0.187500 0.358333 0.306250 0.254167 0.356250 0.304167 0.418750 0.168750 0.365625 0.304167 0.426563 0.356250 0.435937 0.235417 0.456250 0.414583 0.462500 0.354167 0.498437 0.452083 0.662500 0.297917 0.748437 0.312500 0.792188 0.168750 0.998437 0.189583 0.998437 0.000000
13 0.889062 0.514583 0.882812 0.589583 0.962500 0.595833 0.971875 0.614583 0.998437 0.620833 0.998437 0.458333 0.959375 0.458333 0.918750 0.497917
13 0.512500 0.470833 0.512500 0.495833 0.537500 0.506250 0.539062 0.520833 0.564063 0.531250 0.570312 0.550000 0.584375 0.539583 0.614062 0.543750 0.639062 0.575000 0.648438 0.560417 0.645312 0.439583 0.589063 0.431250 0.570312 0.439583 0.560937 0.460417 0.528125 0.460417
14 0.642188 0.568750 0.667188 0.593750 0.685937 0.683333 0.725000 0.639583 0.998437 0.777083 0.998437 0.660417 0.960938 0.650000 0.946875 0.600000 0.882812 0.591667 0.867188 0.614583 0.804688 0.581250 0.771875 0.583333 0.795312 0.608333 0.737500 0.602083 0.720313 0.556250 0.671875 0.531250