0 0.000000 0.697917 0.000000 0.997917 0.998437 0.997917 0.996875 0.870833 0.648438 0.608333 0.564063 0.612500 0.487500 0.479167
1 0.689063 0.577083 0.682813 0.631250 0.998437 0.870833 0.998437 0.712500
1 0.467187 0.479167 0.073438 0.533333 0.051562 0.562500 0.000000 0.564583 0.000000 0.695833
2 0.429688 0.395833 0.429688 0.425000 0.428125 0.427083 0.428125 0.447917 0.426563 0.454167 0.435937 0.454167 0.434375 0.437500 0.442188 0.431250 0.442188 0.416667 0.435937 0.414583 0.435937 0.397917
2 0.393750 0.341667 0.389062 0.433333 0.401562 0.433333 0.406250 0.437500 0.406250 0.447917 0.420312 0.452083 0.423438 0.397917 0.426563 0.395833 0.421875 0.389583 0.423438 0.379167 0.407813 0.375000 0.403125 0.343750
2 0.329688 0.310417 0.318750 0.320833 0.315625 0.352083 0.287500 0.393750 0.287500 0.427083 0.321875 0.433333 0.325000 0.422917 0.346875 0.433333 0.345313 0.420833 0.364063 0.410417 0.382812 0.433333 0.389062 0.341667 0.375000 0.339583 0.371875 0.322917 0.359375 0.337500 0.340625 0.312500
2 0.998437 0.056250 0.975000 0.081250 0.843750 0.056250 0.762500 0.306250 0.665625 0.289583 0.645312 0.358333 0.606250 0.352083 0.526563 0.454167 0.678125 0.452083 0.712500 0.379167 0.862500 0.327083 0.881250 0.379167 0.906250 0.341667 0.928125 0.362500 0.937500 0.441667 0.998437 0.427083
2 0.000000 0.000000 0.000000 0.164583 0.018750 0.187500 0.000000 0.247917 0.078125 0.291667 0.071875 0.372917 0.178125 0.397917 0.129688 0.310417 0.156250 0.245833 0.181250 0.245833 0.171875 0.216667 0.198437 0.175000 0.253125 0.245833 0.295312 0.258333 0.243750 0.000000
3 0.689063 0.572917 0.779687 0.616667 0.793750 0.618750 0.803125 0.606250 0.803125 0.600000 0.795312 0.593750 0.700000 0.560417 0.690625 0.564583
3 0.179688 0.393750 0.178125 0.525000 0.381250 0.495833 0.381250 0.481250 0.206250 0.502083 0.210938 0.402083
3 0.000000 0.329167 0.000000 0.562500 0.051562 0.560417 0.060937 0.539583 0.060937 0.427083 0.071875 0.352083
4 0.682813 0.483333 0.690625 0.562500 0.795312 0.591667 0.804688 0.606250 0.792188 0.620833 0.998437 0.710417 0.998437 0.489583
4 0.389062 0.450000 0.387500 0.456250 0.387500 0.479167 0.418750 0.483333 0.420312 0.454167
4 0.209375 0.410417 0.206250 0.500000 0.371875 0.487500 0.381250 0.479167 0.382812 0.447917 0.343750 0.445833
4 0.070312 0.372917 0.062500 0.427083 0.062500 0.537500 0.175000 0.522917 0.181250 0.402083
5 0.456250 0.404167 0.451562 0.404167 0.443750 0.416667 0.443750 0.431250 0.440625 0.433333 0.442188 0.439583 0.440625 0.485417 0.446875 0.483333 0.446875 0.468750 0.450000 0.466667 0.451562 0.410417
5 0.432812 0.304167 0.420312 0.491667 0.423438 0.491667
5 0.425000 0.300000 0.390625 0.325000 0.382812 0.495833 0.392188 0.329167
8 0.323437 0.427083 0.325000 0.435417 0.331250 0.435417 0.343750 0.443750 0.382812 0.445833 0.382812 0.435417 0.379688 0.429167 0.364063 0.412500 0.356250 0.412500 0.353125 0.420833 0.346875 0.420833 0.346875 0.435417 0.343750 0.435417 0.337500 0.427083
8 0.448437 0.481250 0.454688 0.481250 0.457813 0.437500 0.457813 0.481250 0.471875 0.466667 0.482812 0.472917 0.487500 0.462500 0.492188 0.477083 0.509375 0.468750 0.515625 0.454167 0.526563 0.452083 0.529687 0.439583 0.517188 0.439583 0.515625 0.427083 0.503125 0.425000 0.492188 0.435417 0.487500 0.462500 0.471875 0.397917 0.451562 0.441667
8 0.998437 0.429167 0.937500 0.443750 0.946875 0.422917 0.935937 0.425000 0.926562 0.362500 0.906250 0.343750 0.881250 0.381250 0.862500 0.329167 0.851562 0.358333 0.826562 0.337500 0.779687 0.372917 0.712500 0.381250 0.703125 0.406250 0.684375 0.404167 0.682813 0.481250 0.998437 0.487500
8 0.000000 0.250000 0.000000 0.327083 0.070312 0.350000 0.082812 0.343750 0.076563 0.327083 0.081250 0.314583 0.075000 0.289583 0.053125 0.279167 0.042188 0.256250 0.012500 0.258333
8 0.198437 0.177083 0.173437 0.216667 0.182812 0.245833 0.156250 0.247917 0.134375 0.291667 0.135937 0.345833 0.214062 0.410417 0.285938 0.425000 0.287500 0.389583 0.314063 0.352083 0.309375 0.275000 0.276562 0.239583 0.253125 0.247917 0.243750 0.220833 0.226562 0.220833 0.212500 0.202083 0.215625 0.187500
8 0.001563 0.166667 0.000000 0.166667 0.000000 0.216667 0.003125 0.206250 0.012500 0.206250 0.015625 0.204167 0.017188 0.200000 0.017188 0.187500 0.015625 0.187500 0.014063 0.181250
10 0.245312 0.000000 0.317188 0.318750 0.389062 0.339583 0.425000 0.297917 0.393750 0.339583 0.426563 0.391667 0.432812 0.302083 0.453125 0.435417 0.471875 0.395833 0.489063 0.460417 0.645312 0.356250 0.665625 0.287500 0.762500 0.304167 0.843750 0.054167 0.998437 0.054167 0.998437 0.000000
13 0.492188 0.479167 0.512500 0.543750 0.520312 0.529167 0.537500 0.535417 0.539062 0.572917 0.556250 0.579167 0.564063 0.610417 0.578125 0.591667 0.678125 0.627083 0.690625 0.527083 0.668750 0.447917 0.592187 0.431250 0.573438 0.441667 0.554688 0.479167 0.539062 0.456250 0.515625 0.456250