0 0.000000 0.852083 0.000000 0.997917 0.998437 0.997917 0.996875 0.791667 0.901563 0.758333 0.843750 0.831250 0.775000 0.720833 0.784375 0.652083 0.489063 0.472917 0.331250 0.493750 0.409375 0.529167
1 0.840625 0.591667 0.970313 0.612500 0.976562 0.618750 0.979688 0.643750 0.995313 0.647917 0.996875 0.620833 0.979688 0.616667 0.962500 0.597917
1 0.781250 0.622917 0.793750 0.631250 0.801562 0.616667 0.800000 0.612500 0.804688 0.606250 0.803125 0.604167 0.806250 0.602083 0.806250 0.593750 0.809375 0.589583 0.834375 0.589583 0.793750 0.587500 0.779687 0.583333
1 0.664062 0.570833 0.714063 0.606250 0.764062 0.616667 0.768750 0.610417 0.770312 0.577083 0.740625 0.564583 0.678125 0.547917
1 0.407813 0.522917 0.332813 0.504167 0.000000 0.602083 0.000000 0.850000
1 0.470313 0.470833 0.460938 0.475000 0.459375 0.479167 0.451562 0.479167 0.450000 0.483333 0.442188 0.485417 0.439063 0.483333 0.435937 0.487500 0.420312 0.489583 0.414062 0.497917 0.459375 0.495833 0.464062 0.487500 0.470313 0.483333
2 0.421875 0.375000 0.418750 0.439583 0.421875 0.443750 0.439063 0.443750 0.432812 0.427083 0.435937 0.420833 0.439063 0.420833 0.439063 0.410417 0.442188 0.408333 0.442188 0.402083 0.434375 0.400000 0.432812 0.377083
2 0.343750 0.275000 0.335938 0.312500 0.334375 0.406250 0.339062 0.410417 0.334375 0.425000 0.362500 0.427083 0.381250 0.404167 0.390625 0.410417 0.396875 0.435417 0.410938 0.439583 0.415625 0.352083 0.395313 0.347917 0.390625 0.302083 0.354687 0.297917 0.353125 0.279167
2 0.329688 0.285417 0.287500 0.239583 0.217188 0.293750 0.229687 0.310417 0.225000 0.393750 0.256250 0.387500 0.256250 0.364583 0.270313 0.366667 0.270313 0.352083 0.281250 0.345833 0.328125 0.366667
2 0.998437 0.164583 0.815625 0.135417 0.762500 0.304167 0.664062 0.287500 0.646875 0.356250 0.604688 0.354167 0.537500 0.454167 0.637500 0.418750 0.675000 0.435417 0.678125 0.477083 0.820312 0.454167 0.946875 0.475000 0.971875 0.512500 0.998437 0.491667
2 0.000000 0.000000 0.000000 0.335417 0.043750 0.352083 0.017188 0.316667 0.032813 0.297917 0.084375 0.343750 0.134375 0.345833 0.140625 0.383333 0.207813 0.393750 0.157812 0.345833 0.145313 0.270833 0.100000 0.256250 0.103125 0.137500 0.160938 0.116667 0.123438 0.000000
3 0.678125 0.525000 0.678125 0.539583 0.676562 0.541667 0.678125 0.545833 0.689063 0.550000 0.700000 0.550000 0.701562 0.554167 0.715625 0.554167 0.717187 0.558333 0.720313 0.558333 0.714063 0.539583 0.710938 0.535417
3 0.332813 0.477083 0.332813 0.487500 0.400000 0.487500 0.401562 0.491667 0.409375 0.491667 0.410938 0.487500 0.409375 0.483333
3 0.789062 0.472917 0.792188 0.541667 0.781250 0.554167 0.781250 0.581250 0.967187 0.597917 0.959375 0.583333 0.810937 0.562500 0.803125 0.539583 0.804688 0.475000
3 0.000000 0.337500 0.000000 0.600000 0.323437 0.510417 0.325000 0.485417 0.020313 0.543750 0.021875 0.343750
4 0.787500 0.475000 0.678125 0.479167 0.678125 0.522917 0.710938 0.533333 0.721875 0.558333 0.759375 0.570833 0.762500 0.550000 0.771875 0.547917 0.773438 0.502083 0.787500 0.504167 0.781250 0.552083 0.790625 0.541667
4 0.804688 0.458333 0.804688 0.539583 0.810937 0.560417 0.959375 0.581250 0.959375 0.535417 0.967187 0.514583 0.950000 0.479167
4 0.417187 0.450000 0.417187 0.481250 0.431250 0.481250 0.432812 0.477083 0.432812 0.464583 0.434375 0.462500 0.435937 0.464583 0.435937 0.477083 0.439063 0.477083 0.439063 0.456250 0.429688 0.454167 0.423438 0.450000
4 0.334375 0.427083 0.332813 0.475000 0.410938 0.481250 0.410938 0.447917 0.401562 0.443750 0.403125 0.437500
4 0.023438 0.345833 0.020313 0.541667 0.325000 0.483333 0.326562 0.427083
5 0.784375 0.502083 0.773438 0.504167 0.771875 0.595833 0.767188 0.618750 0.768750 0.635417 0.765625 0.637500 0.773438 0.658333 0.778125 0.654167 0.779687 0.633333 0.778125 0.583333
5 0.456250 0.329167 0.453125 0.377083 0.442188 0.393750 0.440625 0.483333 0.443750 0.393750 0.451562 0.387500 0.445312 0.481250 0.450000 0.481250 0.453125 0.385417 0.462500 0.377083 0.454688 0.377083
5 0.403125 0.125000 0.339062 0.177083 0.325000 0.508333 0.342187 0.177083
8 0.518750 0.412500 0.515625 0.420833 0.510938 0.412500 0.503125 0.414583 0.492188 0.429167 0.495312 0.472917 0.504687 0.475000 0.507812 0.466667 0.517188 0.466667 0.521875 0.456250 0.537500 0.458333 0.534375 0.427083 0.528125 0.420833 0.520312 0.427083
8 0.364063 0.420833 0.364063 0.427083 0.365625 0.429167 0.376563 0.429167 0.378125 0.431250 0.389062 0.431250 0.390625 0.433333 0.393750 0.433333 0.392188 0.431250 0.392188 0.420833 0.389062 0.416667 0.389062 0.410417 0.382812 0.410417 0.381250 0.406250 0.375000 0.406250 0.375000 0.408333
8 0.473438 0.385417 0.467187 0.387500 0.464062 0.412500 0.453125 0.427083 0.451562 0.475000 0.454688 0.466667 0.456250 0.477083 0.459375 0.429167 0.462500 0.472917 0.465625 0.412500 0.467187 0.468750 0.487500 0.454167
8 0.328125 0.368750 0.296875 0.360417 0.289062 0.347917 0.273438 0.350000 0.270313 0.368750 0.257812 0.364583 0.260937 0.383333 0.234375 0.397917 0.223438 0.393750 0.221875 0.358333 0.214062 0.364583 0.209375 0.395833 0.326562 0.425000
8 0.017188 0.302083 0.020313 0.320833 0.050000 0.356250 0.103125 0.372917 0.134375 0.377083 0.137500 0.370833 0.131250 0.345833 0.115625 0.358333 0.098437 0.337500 0.084375 0.345833 0.068750 0.320833 0.039062 0.320833 0.032813 0.300000
10 0.101562 0.256250 0.209375 0.391667 0.215625 0.293750 0.287500 0.237500 0.331250 0.287500 0.340625 0.168750 0.403125 0.122917 0.339062 0.293750 0.415625 0.350000 0.426563 0.214583 0.421875 0.372917 0.456250 0.327083 0.492188 0.450000 0.664062 0.285417 0.762500 0.302083 0.815625 0.133333 0.998437 0.162500 0.998437 0.000000 0.125000 0.000000 0.162500 0.116667 0.104688 0.137500
13 0.998437 0.493750 0.968750 0.514583 0.960938 0.535417 0.960938 0.585417 0.976562 0.612500 0.998437 0.618750
13 0.503125 0.479167 0.503125 0.491667 0.537500 0.506250 0.556250 0.539583 0.575000 0.537500 0.578125 0.558333 0.615625 0.547917 0.660937 0.572917 0.676562 0.547917 0.670312 0.431250 0.600000 0.422917 0.578125 0.433333 0.553125 0.468750 0.521875 0.458333
14 0.714063 0.608333 0.714063 0.612500 0.717187 0.614583 0.720313 0.622917 0.726562 0.622917 0.735938 0.633333 0.743750 0.633333 0.745313 0.637500 0.751563 0.637500 0.764062 0.643750 0.765625 0.641667 0.764062 0.637500 0.767188 0.635417 0.765625 0.618750 0.728125 0.608333
14 0.781250 0.625000 0.776563 0.720833 0.803125 0.729167 0.820312 0.800000 0.843750 0.829167 0.873437 0.829167 0.901563 0.756250 0.998437 0.791667 0.998437 0.656250 0.978125 0.643750 0.973437 0.616667 0.809375 0.591667 0.793750 0.633333