0 0.000000 0.754167 0.000000 0.997917 0.998437 0.997917 0.998437 0.891667 0.778125 0.850000 0.745313 0.739583 0.501563 0.483333
1 0.570312 0.570833 0.570312 0.575000 0.589063 0.591667 0.612500 0.622917 0.621875 0.627083 0.629687 0.639583 0.629687 0.591667 0.621875 0.591667 0.610938 0.583333 0.593750 0.581250 0.584375 0.566667
1 0.481250 0.483333 0.000000 0.556250 0.000000 0.752083 0.434375 0.516667 0.414062 0.495833
2 0.442188 0.393750 0.443750 0.412500 0.440625 0.414583 0.439063 0.450000 0.451562 0.454167 0.450000 0.445833 0.446875 0.443750 0.446875 0.437500 0.454688 0.433333 0.456250 0.416667 0.450000 0.410417 0.450000 0.393750
2 0.396875 0.329167 0.390625 0.429167 0.409375 0.425000 0.420312 0.435417 0.421875 0.445833 0.432812 0.447917 0.435937 0.370833 0.418750 0.366667 0.415625 0.331250
2 0.000000 0.300000 0.000000 0.325000 0.006250 0.327083 0.007812 0.329167 0.010937 0.329167 0.012500 0.331250 0.020313 0.331250 0.021875 0.333333 0.020313 0.312500 0.015625 0.310417 0.014063 0.306250 0.009375 0.302083
2 0.998437 0.025000 0.882812 0.291667 0.726562 0.260417 0.701562 0.350000 0.640625 0.343750 0.629687 0.391667 0.600000 0.385417 0.545312 0.456250 0.665625 0.506250 0.753125 0.408333 0.887500 0.372917 0.890625 0.343750 0.943750 0.318750 0.993750 0.331250
2 0.084375 0.000000 0.248438 0.139583 0.262500 0.268750 0.210938 0.331250 0.217188 0.393750 0.310937 0.420833 0.360938 0.391667 0.387500 0.420833 0.392188 0.327083 0.340625 0.287500 0.284375 0.316667 0.282813 0.410417 0.254688 0.391667 0.262500 0.262500 0.290625 0.241667 0.239063 0.000000
3 0.381250 0.483333 0.000000 0.514583 0.000000 0.554167 0.379688 0.500000
4 0.662500 0.502083 0.660937 0.495833 0.595313 0.497917 0.595313 0.518750 0.620313 0.529167 0.634375 0.529167 0.643750 0.541667 0.650000 0.529167 0.657813 0.527083
4 0.437500 0.452083 0.437500 0.485417 0.445312 0.485417 0.446875 0.483333 0.446875 0.468750 0.448437 0.466667 0.451562 0.468750 0.451562 0.477083 0.454688 0.470833 0.454688 0.466667 0.453125 0.464583 0.453125 0.460417 0.450000 0.456250
4 0.390625 0.441667 0.390625 0.462500 0.389062 0.464583 0.390625 0.479167 0.429688 0.483333 0.432812 0.450000
4 0.000000 0.327083 0.000000 0.512500 0.382812 0.479167 0.385937 0.443750
5 0.471875 0.358333 0.467187 0.402083 0.460938 0.406250 0.456250 0.422917 0.454688 0.487500 0.460938 0.487500 0.467187 0.406250 0.473438 0.400000 0.468750 0.397917
5 0.450000 0.281250 0.445312 0.281250 0.431250 0.495833 0.435937 0.491667
5 0.437500 0.260417 0.414062 0.270833 0.396875 0.291667 0.382812 0.497917 0.387500 0.495833 0.396875 0.300000 0.404687 0.283333
8 0.390625 0.431250 0.390625 0.439583 0.396875 0.439583 0.398438 0.441667 0.403125 0.441667 0.404687 0.443750 0.418750 0.443750 0.418750 0.435417 0.409375 0.427083 0.403125 0.427083 0.401562 0.429167 0.393750 0.429167
8 0.484375 0.400000 0.479687 0.422917 0.467187 0.439583 0.462500 0.485417 0.470313 0.483333 0.471875 0.439583 0.473438 0.483333 0.482812 0.481250 0.487500 0.468750 0.504687 0.468750 0.507812 0.483333 0.521875 0.472917 0.539062 0.472917 0.545312 0.441667 0.531250 0.441667 0.529687 0.427083 0.528125 0.435417 0.521875 0.427083 0.510938 0.431250 0.501563 0.462500 0.492188 0.437500 0.489063 0.400000
8 0.387500 0.422917 0.378125 0.406250 0.367188 0.402083 0.360938 0.393750 0.351562 0.395833 0.348438 0.404167 0.342187 0.404167 0.340625 0.420833 0.335938 0.412500 0.320312 0.414583 0.310937 0.422917 0.320312 0.425000 0.321875 0.429167 0.334375 0.429167 0.335938 0.433333 0.385937 0.441667 0.384375 0.425000
8 0.264062 0.331250 0.260937 0.335417 0.262500 0.341667 0.256250 0.362500 0.256250 0.391667 0.273438 0.383333 0.281250 0.391667 0.282813 0.408333 0.285938 0.391667 0.287500 0.335417 0.284375 0.331250 0.284375 0.337500 0.273438 0.337500 0.271875 0.333333
8 0.998437 0.327083 0.987500 0.335417 0.982812 0.331250 0.985938 0.322917 0.975000 0.316667 0.943750 0.320833 0.925000 0.345833 0.890625 0.345833 0.889062 0.372917 0.928125 0.381250 0.998437 0.383333
8 0.006250 0.008333 0.000000 0.297917 0.034375 0.339583 0.215625 0.391667 0.209375 0.331250 0.260937 0.268750 0.246875 0.139583 0.165625 0.052083 0.103125 0.029167 0.082812 0.000000
10 0.257812 0.354167 0.337500 0.285417 0.393750 0.325000 0.437500 0.258333 0.396875 0.327083 0.437500 0.387500 0.450000 0.279167 0.462500 0.422917 0.470313 0.366667 0.504687 0.460417 0.701562 0.347917 0.726562 0.258333 0.882812 0.289583 0.998437 0.000000 0.240625 0.000000 0.292187 0.241667
13 0.510938 0.483333 0.509375 0.500000 0.525000 0.512500 0.529687 0.529167 0.535937 0.529167 0.540625 0.539583 0.556250 0.539583 0.557813 0.522917 0.567187 0.516667 0.575000 0.522917 0.575000 0.535417 0.579688 0.539583 0.592187 0.527083 0.593750 0.497917 0.604688 0.495833 0.592187 0.481250 0.590625 0.464583 0.559375 0.456250 0.545312 0.458333 0.539062 0.475000 0.521875 0.475000
13 0.706250 0.450000 0.640625 0.550000 0.635938 0.662500 0.745313 0.737500 0.789062 0.856250 0.865625 0.845833 0.998437 0.889583 0.998437 0.385417 0.845313 0.379167
14 0.559375 0.522917 0.554688 0.552083 0.557813 0.579167 0.567187 0.577083 0.570312 0.560417 0.581250 0.560417 0.604688 0.581250 0.632812 0.589583 0.642188 0.547917 0.634375 0.531250 0.600000 0.531250 0.607812 0.543750 0.596875 0.550000 0.593750 0.522917 0.579688 0.541667 0.573438 0.535417 0.573438 0.522917