0 0.000000 0.806250 0.000000 0.997917 0.998437 0.997917 0.996875 0.910417 0.865625 0.862500 0.825000 0.706250 0.604688 0.614583 0.509375 0.479167 0.373437 0.493750 0.429688 0.522917
1 0.779687 0.679167 0.781250 0.683333 0.792188 0.685417 0.796875 0.689583 0.800000 0.689583 0.801562 0.693750 0.806250 0.695833 0.804688 0.687500 0.806250 0.685417 0.807813 0.687500 0.814063 0.685417 0.814063 0.683333 0.807813 0.677083 0.789062 0.664583 0.784375 0.666667 0.782813 0.670833 0.784375 0.672917 0.781250 0.675000
1 0.798438 0.577083 0.807813 0.610417 0.810937 0.614583 0.825000 0.614583 0.831250 0.643750 0.839063 0.637500 0.856250 0.591667 0.864062 0.585417 0.860938 0.581250 0.845313 0.579167 0.839063 0.585417 0.829688 0.585417 0.818750 0.575000 0.800000 0.572917
1 0.631250 0.535417 0.634375 0.558333 0.673438 0.572917 0.700000 0.575000 0.701562 0.570833 0.696875 0.564583 0.682813 0.560417 0.676562 0.550000
1 0.428125 0.516667 0.367188 0.504167 0.000000 0.572917 0.000000 0.804167
1 0.481250 0.479167 0.473438 0.479167 0.471875 0.483333 0.460938 0.485417 0.459375 0.489583 0.446875 0.489583 0.445312 0.493750 0.432812 0.493750 0.431250 0.497917 0.421875 0.497917 0.462500 0.500000 0.478125 0.491667 0.481250 0.487500
2 0.437500 0.385417 0.435937 0.450000 0.451562 0.452083 0.450000 0.437500 0.451562 0.435417 0.453125 0.410417 0.446875 0.408333 0.445312 0.389583 0.442188 0.385417
2 0.381250 0.320833 0.375000 0.435417 0.384375 0.435417 0.392188 0.425000 0.406250 0.425000 0.412500 0.431250 0.414062 0.443750 0.428125 0.445833 0.431250 0.364583 0.412500 0.360417 0.409375 0.322917
2 0.373437 0.306250 0.367188 0.300000 0.367188 0.312500 0.359375 0.316667 0.325000 0.275000 0.260937 0.320833 0.270313 0.331250 0.268750 0.387500 0.256250 0.395833 0.296875 0.414583 0.339062 0.379167 0.348438 0.391667 0.370312 0.397917
2 0.545312 0.437500 0.545312 0.462500 0.615625 0.447917 0.623437 0.483333 0.985938 0.477083 0.998437 0.214583 0.979688 0.243750 0.953125 0.216667 0.926562 0.237500 0.757812 0.210417 0.723437 0.331250 0.651563 0.318750 0.639062 0.375000 0.604688 0.368750
2 0.109375 0.000000 0.121875 0.070833 0.096875 0.097917 0.123438 0.152083 0.096875 0.185417 0.100000 0.222917 0.042188 0.262500 0.060937 0.297917 0.043750 0.318750 0.064062 0.360417 0.228125 0.402083 0.209375 0.379167 0.217188 0.231250 0.251563 0.208333 0.196875 0.000000
3 0.623437 0.520833 0.623437 0.525000 0.629687 0.529167 0.631250 0.533333 0.634375 0.533333 0.640625 0.537500 0.645312 0.537500 0.646875 0.539583 0.651563 0.539583 0.653125 0.541667 0.657813 0.541667 0.657813 0.527083 0.651563 0.527083 0.639062 0.520833 0.628125 0.520833 0.626563 0.518750
3 0.701562 0.481250 0.700000 0.483333 0.700000 0.516667 0.701562 0.518750 0.701562 0.537500 0.704688 0.537500 0.707812 0.516667 0.709375 0.514583 0.709375 0.489583 0.706250 0.481250
3 0.373437 0.483333 0.373437 0.491667 0.412500 0.491667 0.414062 0.495833 0.426563 0.495833 0.426563 0.485417 0.404687 0.485417 0.403125 0.483333 0.389062 0.483333 0.387500 0.481250 0.375000 0.481250
3 0.367188 0.481250 0.248438 0.508333 0.237500 0.466667 0.229687 0.510417 0.000000 0.539583 0.000000 0.570833 0.365625 0.506250
4 0.623437 0.485417 0.625000 0.516667 0.660937 0.525000 0.667188 0.531250 0.667188 0.537500 0.676562 0.539583 0.678125 0.550000 0.682813 0.541667 0.698438 0.543750 0.698438 0.487500
4 0.937500 0.543750 0.954688 0.537500 0.960938 0.529167 0.979688 0.518750 0.987500 0.508333 0.996875 0.506250 0.998437 0.479167 0.940625 0.479167 0.937500 0.495833
4 0.710938 0.547917 0.775000 0.554167 0.787500 0.543750 0.795312 0.552083 0.798438 0.575000 0.817187 0.572917 0.807813 0.560417 0.810937 0.518750 0.848437 0.487500 0.714063 0.472917 0.707812 0.481250
4 0.434375 0.456250 0.432812 0.483333 0.443750 0.483333 0.445312 0.481250 0.445312 0.472917 0.446875 0.470833 0.448437 0.472917 0.448437 0.483333 0.451562 0.483333 0.451562 0.460417 0.445312 0.456250
4 0.375000 0.439583 0.375000 0.479167 0.426563 0.483333 0.426563 0.456250 0.400000 0.452083 0.392188 0.441667
4 0.000000 0.345833 0.000000 0.537500 0.223438 0.510417 0.237500 0.464583 0.248438 0.506250 0.368750 0.477083 0.368750 0.439583
5 0.468750 0.347917 0.464062 0.393750 0.456250 0.402083 0.453125 0.420833 0.453125 0.487500 0.459375 0.487500 0.464062 0.400000 0.471875 0.391667 0.465625 0.391667
5 0.442188 0.258333 0.437500 0.266667 0.428125 0.495833
5 0.428125 0.218750 0.381250 0.254167 0.368750 0.502083 0.381250 0.262500
8 0.375000 0.437500 0.392188 0.439583 0.400000 0.450000 0.412500 0.450000 0.414062 0.454167 0.426563 0.454167 0.428125 0.452083 0.428125 0.447917 0.414062 0.445833 0.410938 0.431250 0.406250 0.427083 0.392188 0.427083 0.384375 0.437500
8 0.503125 0.435417 0.506250 0.477083 0.521875 0.470833 0.526563 0.464583 0.545312 0.464583 0.543750 0.435417 0.537500 0.427083 0.531250 0.435417 0.528125 0.422917 0.529687 0.420833 0.526563 0.425000 0.523438 0.420833 0.514062 0.420833
8 0.484375 0.393750 0.475000 0.408333 0.470313 0.433333 0.464062 0.435417 0.460938 0.481250 0.464062 0.470833 0.468750 0.481250 0.470313 0.435417 0.471875 0.481250 0.481250 0.477083 0.484375 0.464583 0.495312 0.464583 0.498437 0.470833 0.500000 0.456250 0.489063 0.433333 0.489063 0.406250
8 0.998437 0.383333 0.998437 0.387500 0.995313 0.389583 0.995313 0.404167 0.992188 0.406250 0.989062 0.422917 0.987500 0.456250 0.990625 0.460417 0.987500 0.462500 0.987500 0.477083 0.998437 0.477083
8 0.229687 0.404167 0.368750 0.437500 0.370312 0.400000 0.339062 0.381250 0.296875 0.416667 0.254688 0.393750 0.267188 0.387500 0.268750 0.362500 0.267188 0.341667 0.257812 0.335417 0.253125 0.360417 0.237500 0.366667
8 0.000000 0.000000 0.000000 0.343750 0.056250 0.358333 0.042188 0.318750 0.059375 0.300000 0.056250 0.272917 0.040625 0.262500 0.075000 0.252083 0.075000 0.231250 0.100000 0.218750 0.093750 0.191667 0.121875 0.129167 0.095312 0.085417 0.120313 0.070833 0.103125 0.031250 0.121875 0.027083 0.107813 0.000000
10 0.198437 0.000000 0.253125 0.208333 0.226562 0.397917 0.321875 0.272917 0.375000 0.314583 0.426563 0.216667 0.381250 0.318750 0.432812 0.366667 0.442188 0.256250 0.437500 0.383333 0.468750 0.345833 0.501563 0.456250 0.651563 0.316667 0.723437 0.329167 0.757812 0.208333 0.998437 0.212500 0.998437 0.000000
13 0.870313 0.468750 0.810937 0.525000 0.825000 0.581250 0.865625 0.583333 0.831250 0.656250 0.828125 0.756250 0.882812 0.883333 0.998437 0.912500 0.998437 0.504167 0.937500 0.545833 0.937500 0.481250 0.978125 0.477083
13 0.510938 0.477083 0.510938 0.495833 0.523438 0.508333 0.532813 0.506250 0.534375 0.520833 0.540625 0.529167 0.551562 0.529167 0.556250 0.543750 0.573438 0.535417 0.598437 0.554167 0.607812 0.527083 0.623437 0.527083 0.615625 0.450000 0.570312 0.441667 0.557813 0.447917 0.543750 0.468750 0.526563 0.466667
14 0.606250 0.531250 0.604688 0.612500 0.640625 0.585417 0.753125 0.643750 0.764062 0.691667 0.789062 0.662500 0.821875 0.704167 0.832812 0.645833 0.823438 0.614583 0.803125 0.604167 0.790625 0.547917 0.729688 0.572917 0.706250 0.535417 0.679688 0.545833 0.703125 0.568750 0.690625 0.577083 0.634375 0.560417 0.629687 0.531250