0 0.998437 0.914583 0.835938 0.841667 0.789062 0.683333 0.603125 0.612500 0.510938 0.479167 0.378125 0.493750 0.434375 0.518750 0.000000 0.797917 0.000000 0.997917 0.998437 0.997917
1 0.768750 0.650000 0.768750 0.652083 0.765625 0.654167 0.764062 0.662500 0.760938 0.666667 0.760938 0.672917 0.778125 0.677083 0.784375 0.681250 0.789062 0.681250 0.787500 0.675000 0.789062 0.672917 0.790625 0.675000 0.790625 0.668750 0.778125 0.660417 0.776563 0.656250 0.773438 0.656250 0.770312 0.650000
1 0.618750 0.583333 0.617188 0.604167 0.670312 0.641667 0.681250 0.664583 0.739062 0.687500 0.737500 0.639583 0.659375 0.608333 0.637500 0.585417
1 0.776563 0.570833 0.776563 0.575000 0.779687 0.577083 0.779687 0.589583 0.787500 0.606250 0.795312 0.604167 0.803125 0.610417 0.806250 0.610417 0.809375 0.606250 0.810937 0.595833 0.814063 0.589583 0.814063 0.577083 0.810937 0.572917
1 0.564063 0.541667 0.562500 0.545833 0.573438 0.554167 0.575000 0.558333 0.592187 0.575000 0.595313 0.541667 0.589063 0.541667 0.589063 0.552083 0.587500 0.554167 0.582812 0.547917 0.578125 0.545833 0.573438 0.537500 0.568750 0.537500
1 0.625000 0.535417 0.625000 0.552083 0.628125 0.556250 0.675000 0.572917 0.693750 0.572917 0.693750 0.562500 0.679688 0.560417 0.668750 0.547917
1 0.432812 0.518750 0.378125 0.502083 0.000000 0.577083 0.000000 0.795833
1 0.482812 0.479167 0.460938 0.489583 0.435937 0.493750 0.434375 0.497917 0.428125 0.493750 0.378125 0.491667 0.456250 0.502083 0.476562 0.495833 0.482812 0.487500
2 0.440625 0.389583 0.439063 0.420833 0.437500 0.422917 0.437500 0.450000 0.451562 0.452083 0.451562 0.447917 0.446875 0.443750 0.446875 0.431250 0.454688 0.429167 0.454688 0.410417 0.451562 0.410417 0.446875 0.404167 0.448437 0.389583
2 0.384375 0.320833 0.381250 0.435417 0.384375 0.439583 0.390625 0.427083 0.403125 0.420833 0.414062 0.427083 0.415625 0.443750 0.431250 0.445833 0.434375 0.366667 0.415625 0.360417 0.410938 0.322917
2 0.375000 0.300000 0.365625 0.318750 0.326562 0.277083 0.265625 0.320833 0.276562 0.331250 0.268750 0.397917 0.300000 0.414583 0.312500 0.406250 0.321875 0.412500 0.323437 0.393750 0.345313 0.383333 0.375000 0.404167
2 0.998437 0.197917 0.975000 0.247917 0.950000 0.222917 0.935937 0.243750 0.756250 0.216667 0.725000 0.331250 0.653125 0.320833 0.643750 0.372917 0.606250 0.372917 0.545312 0.435417 0.546875 0.464583 0.595313 0.443750 0.621875 0.485417 0.957812 0.472917
2 0.131250 0.000000 0.150000 0.100000 0.128125 0.129167 0.151562 0.168750 0.123438 0.210417 0.125000 0.239583 0.081250 0.275000 0.087500 0.364583 0.218750 0.402083 0.225000 0.237500 0.259375 0.210417 0.204687 0.002083
3 0.620313 0.520833 0.620313 0.525000 0.625000 0.533333 0.637500 0.535417 0.654687 0.543750 0.662500 0.543750 0.662500 0.531250 0.657813 0.527083 0.648438 0.527083 0.642188 0.522917 0.625000 0.520833 0.623437 0.518750
3 0.378125 0.481250 0.378125 0.487500 0.387500 0.487500 0.389062 0.491667 0.428125 0.491667 0.428125 0.487500 0.421875 0.487500 0.420312 0.485417 0.404687 0.485417 0.403125 0.483333
3 0.371875 0.483333 0.260937 0.508333 0.253125 0.422917 0.242188 0.508333 0.000000 0.537500 0.000000 0.575000 0.368750 0.506250
4 0.621875 0.516667 0.657813 0.525000 0.664062 0.545833 0.695312 0.562500 0.709375 0.550000 0.728125 0.564583 0.768750 0.539583 0.778125 0.568750 0.781250 0.558333 0.801562 0.560417 0.807813 0.514583 0.837500 0.491667 0.710938 0.477083 0.693750 0.487500 0.621875 0.487500
4 0.437500 0.456250 0.435937 0.458333 0.435937 0.485417 0.446875 0.483333 0.446875 0.468750 0.448437 0.466667 0.451562 0.468750 0.451562 0.481250 0.453125 0.481250 0.453125 0.477083 0.454688 0.475000 0.454688 0.464583 0.445312 0.456250
4 0.378125 0.445833 0.378125 0.479167 0.428125 0.485417 0.429688 0.456250 0.417187 0.454167 0.415625 0.450000 0.407813 0.450000 0.395313 0.441667 0.381250 0.441667
4 0.000000 0.343750 0.000000 0.535417 0.242188 0.506250 0.253125 0.420833 0.260937 0.506250 0.373437 0.479167 0.373437 0.439583
5 0.470313 0.352083 0.467187 0.391667 0.456250 0.412500 0.456250 0.487500 0.462500 0.485417 0.465625 0.406250 0.471875 0.393750 0.468750 0.391667
5 0.443750 0.260417 0.429688 0.495833 0.434375 0.495833
5 0.431250 0.225000 0.390625 0.250000 0.382812 0.266667 0.373437 0.502083 0.385937 0.268750 0.404687 0.241667
8 0.385937 0.437500 0.385937 0.439583 0.395313 0.439583 0.407813 0.447917 0.415625 0.447917 0.417187 0.452083 0.429688 0.454167 0.429688 0.447917 0.420312 0.447917 0.414062 0.443750 0.414062 0.433333 0.410938 0.425000 0.400000 0.422917 0.396875 0.427083 0.390625 0.429167 0.389062 0.435417
8 0.481250 0.397917 0.465625 0.441667 0.464062 0.483333 0.467187 0.470833 0.470313 0.481250 0.473438 0.433333 0.473438 0.481250 0.478125 0.439583 0.479687 0.477083 0.500000 0.462500 0.512500 0.481250 0.526563 0.466667 0.545312 0.466667 0.543750 0.431250 0.534375 0.435417 0.532813 0.420833 0.510938 0.427083 0.501563 0.458333 0.490625 0.433333 0.489063 0.395833
8 0.220312 0.393750 0.221875 0.404167 0.276562 0.422917 0.373437 0.437500 0.373437 0.400000 0.345313 0.385417 0.323437 0.395833 0.321875 0.414583 0.271875 0.404167 0.273438 0.341667 0.256250 0.337500 0.256250 0.360417 0.240625 0.366667 0.235937 0.395833
8 0.995313 0.289583 0.982812 0.316667 0.975000 0.381250 0.960938 0.441667 0.960938 0.470833 0.998437 0.437500
8 0.000000 0.000000 0.000000 0.341667 0.084375 0.366667 0.079687 0.275000 0.123438 0.239583 0.121875 0.210417 0.150000 0.168750 0.126562 0.129167 0.148438 0.100000 0.134375 0.070833 0.137500 0.018750 0.129688 0.000000
10 0.204687 0.000000 0.260937 0.210417 0.232813 0.397917 0.431250 0.222917 0.384375 0.318750 0.435937 0.370833 0.443750 0.258333 0.462500 0.420833 0.470313 0.350000 0.504687 0.456250 0.653125 0.318750 0.725000 0.329167 0.756250 0.214583 0.975000 0.245833 0.998437 0.000000
13 0.514062 0.479167 0.512500 0.495833 0.532813 0.508333 0.535937 0.520833 0.551562 0.531250 0.556250 0.543750 0.573438 0.535417 0.587500 0.552083 0.587500 0.541667 0.596875 0.543750 0.601562 0.529167 0.620313 0.527083 0.615625 0.452083 0.564063 0.445833 0.551562 0.466667 0.526563 0.468750
13 0.860938 0.472917 0.803125 0.531250 0.815625 0.589583 0.789062 0.677083 0.807813 0.791667 0.843750 0.845833 0.910937 0.841667 0.998437 0.912500 0.998437 0.439583 0.957812 0.475000
14 0.600000 0.535417 0.593750 0.579167 0.603125 0.610417 0.614062 0.608333 0.618750 0.581250 0.637500 0.583333 0.659375 0.606250 0.737500 0.637500 0.743750 0.679167 0.768750 0.647917 0.787500 0.664583 0.801562 0.610417 0.782813 0.600000 0.768750 0.541667 0.728125 0.566667 0.709375 0.552083 0.693750 0.575000 0.628125 0.558333 0.621875 0.529167