0 0.000000 0.831250 0.000000 0.997917 0.998437 0.997917 0.998437 0.785417 0.770312 0.662500 0.718750 0.712500 0.685937 0.602083 0.493750 0.472917 0.350000 0.493750 0.420312 0.525000
1 0.867188 0.587500 0.867188 0.604167 0.873437 0.612500 0.892188 0.616667 0.893750 0.620833 0.906250 0.625000 0.917188 0.625000 0.921875 0.616667 0.920312 0.612500 0.925000 0.606250 0.915625 0.595833 0.912500 0.587500 0.907813 0.585417 0.870313 0.583333
1 0.759375 0.575000 0.760938 0.589583 0.764062 0.595833 0.765625 0.595833 0.770312 0.585417 0.778125 0.585417 0.779687 0.587500 0.785937 0.587500 0.787500 0.589583 0.789062 0.587500 0.792188 0.587500 0.790625 0.577083 0.771875 0.577083 0.770312 0.575000
1 0.417187 0.518750 0.350000 0.502083 0.004687 0.593750 0.000000 0.829167
1 0.476562 0.472917 0.471875 0.472917 0.464062 0.479167 0.459375 0.479167 0.457813 0.483333 0.445312 0.485417 0.440625 0.489583 0.426563 0.489583 0.421875 0.495833 0.423438 0.497917 0.462500 0.495833 0.464062 0.491667 0.468750 0.491667 0.476562 0.481250
2 0.428125 0.377083 0.428125 0.418750 0.425000 0.443750 0.443750 0.445833 0.443750 0.441667 0.439063 0.437500 0.437500 0.431250 0.440625 0.425000 0.443750 0.422917 0.445312 0.425000 0.446875 0.404167 0.439063 0.402083 0.439063 0.379167
2 0.356250 0.291667 0.351562 0.429167 0.371875 0.431250 0.379688 0.414583 0.395313 0.412500 0.406250 0.439583 0.418750 0.439583 0.423438 0.356250 0.403125 0.352083 0.396875 0.306250 0.362500 0.304167 0.360938 0.291667
2 0.350000 0.302083 0.303125 0.252083 0.234375 0.302083 0.245312 0.312500 0.240625 0.391667 0.226562 0.404167 0.254688 0.408333 0.279687 0.397917 0.279687 0.377083 0.292187 0.377083 0.293750 0.362500 0.307812 0.356250 0.318750 0.370833 0.345313 0.375000
2 0.998437 0.187500 0.796875 0.160417 0.751563 0.310417 0.664062 0.295833 0.646875 0.362500 0.606250 0.358333 0.542188 0.456250 0.621875 0.425000 0.654687 0.439583 0.656250 0.477083 0.779687 0.458333 0.928125 0.497917 0.998437 0.452083
2 0.000000 0.000000 0.000000 0.341667 0.134375 0.372917 0.131250 0.335417 0.192188 0.372917 0.146875 0.268750 0.151562 0.170833 0.196875 0.156250 0.151562 0.000000
3 0.656250 0.522917 0.656250 0.537500 0.681250 0.537500 0.682813 0.539583 0.687500 0.539583 0.687500 0.535417 0.689063 0.533333 0.684375 0.529167 0.679688 0.529167 0.673438 0.525000 0.667188 0.525000 0.665625 0.522917
3 0.350000 0.479167 0.350000 0.487500 0.415625 0.487500 0.417187 0.491667 0.417187 0.483333
3 0.000000 0.595833 0.342187 0.506250 0.342187 0.485417 0.134375 0.522917 0.137500 0.375000 0.101562 0.368750 0.095312 0.527083 0.000000 0.543750
4 0.659375 0.479167 0.656250 0.520833 0.689063 0.531250 0.693750 0.489583 0.703125 0.489583 0.704688 0.550000 0.793750 0.585417 0.839063 0.579167 0.859375 0.595833 0.870313 0.566667 0.909375 0.585417 0.900000 0.533333 0.915625 0.506250 0.912500 0.479167 0.779687 0.460417 0.743750 0.477083
4 0.425000 0.454167 0.425000 0.458333 0.423438 0.460417 0.423438 0.481250 0.435937 0.481250 0.440625 0.464583 0.443750 0.466667 0.443750 0.475000 0.445312 0.456250 0.442188 0.456250 0.440625 0.454167
4 0.351562 0.431250 0.350000 0.477083 0.417187 0.481250 0.417187 0.450000 0.396875 0.445833 0.398438 0.437500
4 0.137500 0.383333 0.134375 0.520833 0.340625 0.491667 0.345313 0.431250
4 0.000000 0.343750 0.000000 0.541667 0.093750 0.527083 0.103125 0.418750 0.098437 0.364583
5 0.462500 0.333333 0.457813 0.383333 0.448437 0.393750 0.446875 0.458333 0.448437 0.408333 0.454688 0.387500 0.453125 0.481250 0.459375 0.385417 0.465625 0.381250 0.459375 0.379167
5 0.415625 0.160417 0.367188 0.187500 0.354687 0.216667 0.343750 0.506250 0.356250 0.220833 0.371875 0.189583
8 0.375000 0.425000 0.373437 0.431250 0.398438 0.435417 0.400000 0.439583 0.396875 0.443750 0.410938 0.445833 0.418750 0.450000 0.418750 0.441667 0.406250 0.441667 0.401562 0.435417 0.401562 0.427083 0.395313 0.414583 0.382812 0.414583
8 0.525000 0.412500 0.520312 0.420833 0.517188 0.414583 0.512500 0.414583 0.501563 0.422917 0.498437 0.431250 0.500000 0.472917 0.507812 0.475000 0.510938 0.466667 0.520312 0.466667 0.526563 0.458333 0.543750 0.460417 0.540625 0.456250 0.542188 0.447917 0.539062 0.427083 0.531250 0.422917 0.526563 0.429167
8 0.478125 0.387500 0.471875 0.389583 0.470313 0.412500 0.465625 0.416667 0.465625 0.425000 0.457813 0.431250 0.456250 0.477083 0.457813 0.466667 0.460938 0.477083 0.468750 0.472917 0.470313 0.420833 0.471875 0.470833 0.476562 0.470833 0.478125 0.462500 0.489063 0.458333 0.490625 0.452083 0.482812 0.427083
8 0.345313 0.377083 0.318750 0.372917 0.309375 0.358333 0.303125 0.364583 0.295312 0.362500 0.292187 0.379167 0.281250 0.377083 0.279687 0.400000 0.256250 0.404167 0.253125 0.412500 0.345313 0.429167
8 0.123438 0.343750 0.125000 0.356250 0.140625 0.379167 0.182812 0.397917 0.225000 0.404167 0.240625 0.385417 0.240625 0.354167 0.223438 0.364583 0.218750 0.391667 0.212500 0.393750 0.200000 0.372917 0.185938 0.375000 0.162500 0.364583 0.148438 0.347917 0.137500 0.350000 0.131250 0.337500
10 0.153125 0.000000 0.198437 0.156250 0.148438 0.268750 0.212500 0.391667 0.301563 0.250000 0.350000 0.300000 0.409375 0.158333 0.356250 0.289583 0.423438 0.354167 0.432812 0.229167 0.454688 0.414583 0.462500 0.331250 0.492188 0.450000 0.664062 0.293750 0.751563 0.308333 0.796875 0.158333 0.998437 0.185417 0.998437 0.000000
13 0.998437 0.454167 0.968750 0.458333 0.934375 0.495833 0.909375 0.510417 0.901563 0.533333 0.901563 0.570833 0.920312 0.600000 0.954688 0.595833 0.998437 0.610417
13 0.510938 0.468750 0.507812 0.491667 0.525000 0.506250 0.535937 0.502083 0.539062 0.520833 0.554688 0.535417 0.565625 0.531250 0.570312 0.550000 0.589063 0.539583 0.623437 0.547917 0.653125 0.583333 0.657813 0.479167 0.651563 0.437500 0.592187 0.427083 0.573438 0.435417 0.565625 0.456250 0.548438 0.468750 0.534375 0.460417
14 0.662500 0.545833 0.654687 0.585417 0.687500 0.602083 0.709375 0.704167 0.735938 0.704167 0.748437 0.658333 0.778125 0.662500 0.839063 0.714583 0.998437 0.783333 0.996875 0.610417 0.934375 0.597917 0.906250 0.627083 0.839063 0.581250 0.764062 0.597917 0.754687 0.562500 0.701562 0.547917 0.701562 0.489583 0.689063 0.547917