0 0.000000 0.718750 0.000000 0.997917 0.998437 0.997917 0.996875 0.856250 0.826562 0.739583 0.671875 0.733333 0.501563 0.483333
1 0.953125 0.702083 0.954688 0.722917 0.940625 0.758333 0.914062 0.762500 0.898438 0.783333 0.998437 0.856250 0.998437 0.722917
1 0.475000 0.479167 0.000000 0.541667 0.000000 0.716667
2 0.437500 0.393750 0.432812 0.450000 0.445312 0.454167 0.442188 0.437500 0.445312 0.433333 0.450000 0.433333 0.450000 0.416667 0.451562 0.414583 0.446875 0.414583 0.443750 0.410417 0.443750 0.393750
2 0.393750 0.331250 0.389062 0.429167 0.406250 0.427083 0.414062 0.435417 0.415625 0.445833 0.426563 0.447917 0.431250 0.402083 0.429688 0.372917 0.412500 0.366667 0.410938 0.333333
2 0.389062 0.331250 0.376563 0.310417 0.365625 0.327083 0.337500 0.291667 0.287500 0.322917 0.278125 0.412500 0.275000 0.393750 0.259375 0.385417 0.260937 0.312500 0.235937 0.350000 0.240625 0.404167 0.339062 0.420833 0.357812 0.395833 0.382812 0.420833
2 0.000000 0.237500 0.000000 0.333333 0.014063 0.337500 0.015625 0.329167 0.045312 0.331250 0.079687 0.341667 0.084375 0.358333 0.085938 0.343750 0.078125 0.331250 0.050000 0.325000 0.043750 0.314583 0.045312 0.300000 0.014063 0.283333 0.009375 0.266667 0.012500 0.250000
2 0.000000 0.143750 0.000000 0.204167 0.001563 0.204167 0.004687 0.195833 0.004687 0.189583 0.003125 0.187500 0.007812 0.179167 0.012500 0.177083 0.012500 0.175000 0.009375 0.170833 0.009375 0.164583 0.004687 0.152083 0.004687 0.147917
2 0.998437 0.000000 0.959375 0.002083 0.842187 0.295833 0.706250 0.268750 0.685937 0.347917 0.631250 0.343750 0.618750 0.389583 0.589063 0.385417 0.539062 0.454167 0.607812 0.520833 0.664062 0.429167 0.770312 0.408333 0.776563 0.381250 0.798438 0.404167 0.878125 0.316667 0.909375 0.350000 0.951562 0.314583 0.981250 0.335417
2 0.000000 0.000000 0.000000 0.120833 0.071875 0.120833 0.062500 0.089583 0.106250 0.029167 0.142187 0.093750 0.168750 0.095833 0.182812 0.127083 0.212500 0.127083 0.264062 0.179167 0.290625 0.260417 0.239063 0.000000
3 0.950000 0.658333 0.950000 0.675000 0.954688 0.702083 0.996875 0.716667 0.998437 0.720833 0.996875 0.670833
3 0.015625 0.331250 0.007812 0.543750 0.379688 0.495833 0.068750 0.508333 0.081250 0.345833
4 0.940625 0.500000 0.935937 0.522917 0.956250 0.581250 0.956250 0.616667 0.948438 0.654167 0.998437 0.670833 0.998437 0.504167
4 0.432812 0.452083 0.431250 0.456250 0.431250 0.475000 0.429688 0.477083 0.429688 0.485417 0.442188 0.485417 0.442188 0.466667 0.443750 0.464583 0.445312 0.466667 0.445312 0.472917 0.446875 0.464583 0.442188 0.458333 0.442188 0.456250 0.439063 0.454167 0.434375 0.454167
4 0.387500 0.443750 0.385937 0.479167 0.404687 0.483333 0.423438 0.483333 0.425000 0.485417 0.426563 0.450000 0.400000 0.443750
4 0.076563 0.364583 0.068750 0.506250 0.379688 0.483333 0.381250 0.443750
4 0.000000 0.335417 0.000000 0.539583 0.004687 0.539583 0.017188 0.341667
5 0.462500 0.381250 0.460938 0.402083 0.453125 0.408333 0.451562 0.433333 0.448437 0.435417 0.448437 0.487500 0.454688 0.485417 0.460938 0.406250 0.467187 0.400000 0.460938 0.400000
5 0.431250 0.272917 0.398438 0.289583 0.392188 0.302083 0.381250 0.495833 0.395313 0.302083
8 0.479687 0.397917 0.471875 0.425000 0.459375 0.441667 0.456250 0.483333 0.471875 0.481250 0.481250 0.466667 0.489063 0.466667 0.493750 0.481250 0.496875 0.475000 0.501563 0.481250 0.514062 0.470833 0.528125 0.470833 0.539062 0.441667 0.534375 0.435417 0.526563 0.441667 0.525000 0.425000 0.521875 0.431250 0.509375 0.427083 0.498437 0.443750 0.500000 0.460417 0.495312 0.460417
8 0.382812 0.435417 0.381250 0.416667 0.357812 0.397917 0.339062 0.410417 0.339062 0.422917 0.334375 0.416667 0.312500 0.416667 0.307812 0.422917 0.315625 0.425000 0.317188 0.429167 0.326562 0.429167 0.328125 0.433333 0.381250 0.441667
8 0.998437 0.502083 0.998437 0.318750 0.981250 0.337500 0.954688 0.316667 0.921875 0.327083 0.910937 0.352083 0.878125 0.318750 0.840625 0.370833 0.818750 0.360417 0.798438 0.406250 0.775000 0.385417 0.771875 0.410417 0.915625 0.443750 0.934375 0.516667 0.940625 0.497917
8 0.295312 0.302083 0.284375 0.306250 0.278125 0.320833 0.278125 0.337500 0.264062 0.335417 0.260937 0.385417 0.276562 0.393750 0.278125 0.410417 0.281250 0.406250 0.285938 0.333333 0.282813 0.329167 0.287500 0.320833 0.306250 0.310417
8 0.000000 0.122917 0.015625 0.283333 0.078125 0.329167 0.087500 0.360417 0.239063 0.402083 0.234375 0.350000 0.282813 0.262500 0.264062 0.181250 0.212500 0.129167 0.182812 0.129167 0.168750 0.097917 0.142187 0.095833 0.106250 0.031250 0.065625 0.085417 0.071875 0.122917
10 0.264062 0.333333 0.334375 0.289583 0.389062 0.329167 0.431250 0.270833 0.396875 0.302083 0.414062 0.366667 0.442188 0.285417 0.460938 0.437500 0.481250 0.395833 0.495312 0.458333 0.631250 0.341667 0.685937 0.345833 0.706250 0.266667 0.842187 0.293750 0.959375 0.000000 0.240625 0.000000 0.292187 0.250000
13 0.503125 0.479167 0.503125 0.500000 0.514062 0.508333 0.526563 0.531250 0.537500 0.531250 0.540625 0.516667 0.548438 0.510417 0.554688 0.516667 0.557813 0.537500 0.573438 0.539583 0.578125 0.518750 0.590625 0.516667 0.579688 0.500000 0.576562 0.466667 0.562500 0.458333 0.535937 0.456250 0.528125 0.472917
13 0.596875 0.531250 0.593750 0.618750 0.654687 0.660417 0.671875 0.731250 0.734375 0.716667 0.826562 0.737500 0.873437 0.783333 0.946875 0.745833 0.954688 0.581250 0.915625 0.445833 0.712500 0.406250 0.659375 0.435417
14 0.542188 0.516667 0.539062 0.531250 0.539062 0.564583 0.546875 0.564583 0.551562 0.547917 0.559375 0.543750 0.565625 0.558333 0.595313 0.568750 0.595313 0.541667 0.582812 0.541667 0.578125 0.535417 0.573438 0.541667 0.565625 0.537500 0.557813 0.539583 0.553125 0.529167 0.553125 0.516667 0.548438 0.512500