0 0.000000 0.702083 0.000000 0.997917 0.998437 0.997917 0.995313 0.864583 0.673438 0.625000 0.571875 0.622917 0.490625 0.479167
1 0.717187 0.591667 0.706250 0.645833 0.998437 0.866667 0.998437 0.712500
1 0.467187 0.479167 0.009375 0.541667 0.000000 0.700000
2 0.429688 0.395833 0.426563 0.452083 0.428125 0.454167 0.431250 0.452083 0.437500 0.454167 0.434375 0.445833 0.434375 0.435417 0.437500 0.431250 0.443750 0.429167 0.446875 0.433333 0.448437 0.425000 0.443750 0.420833 0.443750 0.416667 0.435937 0.414583 0.435937 0.395833
2 0.392188 0.341667 0.387500 0.431250 0.400000 0.431250 0.407813 0.437500 0.410938 0.450000 0.420312 0.452083 0.423438 0.377083 0.407813 0.372917 0.403125 0.341667
2 0.387500 0.339583 0.375000 0.337500 0.371875 0.318750 0.360938 0.335417 0.334375 0.306250 0.312500 0.318750 0.309375 0.341667 0.284375 0.379167 0.281250 0.425000 0.317188 0.431250 0.318750 0.420833 0.335938 0.420833 0.343750 0.429167 0.342187 0.416667 0.357812 0.406250 0.381250 0.422917
2 0.998437 0.060417 0.862500 0.037500 0.773438 0.302083 0.671875 0.283333 0.654687 0.350000 0.609375 0.347917 0.529687 0.454167 0.562500 0.481250 0.600000 0.427083 0.692187 0.443750 0.698438 0.391667 0.859375 0.325000 0.892188 0.345833 0.906250 0.295833 0.912500 0.360417 0.957812 0.325000 0.996875 0.418750
2 0.000000 0.000000 0.000000 0.235417 0.053125 0.277083 0.060937 0.329167 0.034375 0.362500 0.162500 0.385417 0.114062 0.339583 0.107813 0.291667 0.125000 0.237500 0.162500 0.227083 0.153125 0.200000 0.179688 0.154167 0.242188 0.231250 0.293750 0.252083 0.240625 0.000000
3 0.718750 0.568750 0.717187 0.589583 0.823438 0.633333 0.842187 0.631250 0.842187 0.612500
3 0.156250 0.387500 0.150000 0.527083 0.379688 0.495833 0.379688 0.485417 0.185938 0.504167 0.193750 0.395833
3 0.000000 0.325000 0.001563 0.568750 0.012500 0.350000 0.018750 0.337500
4 0.709375 0.485417 0.718750 0.566667 0.842187 0.610417 0.842187 0.641667 0.998437 0.710417 0.996875 0.487500
4 0.385937 0.458333 0.385937 0.477083 0.387500 0.479167 0.418750 0.483333 0.418750 0.468750 0.420312 0.466667 0.418750 0.462500 0.409375 0.460417 0.407813 0.458333 0.395313 0.458333 0.393750 0.456250 0.387500 0.456250
4 0.189062 0.410417 0.185938 0.502083 0.379688 0.483333 0.378125 0.447917 0.193750 0.400000
4 0.014063 0.362500 0.006250 0.541667 0.150000 0.522917 0.156250 0.393750 0.089063 0.379167 0.082812 0.368750
5 0.434375 0.300000 0.420312 0.491667 0.423438 0.491667
5 0.423438 0.295833 0.400000 0.306250 0.390625 0.318750 0.381250 0.495833 0.390625 0.325000
8 0.387500 0.433333 0.387500 0.454167 0.407813 0.456250 0.420312 0.462500 0.420312 0.454167 0.410938 0.452083 0.407813 0.447917 0.406250 0.437500 0.395313 0.431250 0.393750 0.433333
8 0.381250 0.454167 0.381250 0.425000 0.360938 0.408333 0.351562 0.410417 0.350000 0.416667 0.343750 0.416667 0.343750 0.431250 0.335938 0.422917 0.329688 0.427083 0.320312 0.422917 0.317188 0.425000 0.320312 0.433333 0.357812 0.445833 0.378125 0.445833
8 0.448437 0.483333 0.462500 0.481250 0.471875 0.466667 0.484375 0.464583 0.492188 0.468750 0.492188 0.481250 0.503125 0.468750 0.514062 0.466667 0.518750 0.454167 0.528125 0.454167 0.528125 0.435417 0.518750 0.439583 0.515625 0.425000 0.514062 0.431250 0.503125 0.425000 0.490625 0.439583 0.489063 0.460417 0.481250 0.450000 0.471875 0.397917 0.464062 0.410417 0.460938 0.433333 0.451562 0.441667
8 0.998437 0.416667 0.985938 0.422917 0.978125 0.354167 0.960938 0.352083 0.957812 0.327083 0.928125 0.372917 0.912500 0.362500 0.906250 0.297917 0.892188 0.347917 0.859375 0.327083 0.803125 0.366667 0.790625 0.352083 0.775000 0.379167 0.753125 0.364583 0.712500 0.410417 0.698438 0.393750 0.693750 0.445833 0.709375 0.483333 0.998437 0.487500
8 0.000000 0.237500 0.000000 0.322917 0.018750 0.331250 0.015625 0.358333 0.032813 0.362500 0.045312 0.350000 0.042188 0.327083 0.059375 0.331250 0.053125 0.316667 0.056250 0.306250 0.051562 0.277083 0.029687 0.268750 0.018750 0.256250 0.017188 0.239583
8 0.179688 0.156250 0.154688 0.200000 0.164062 0.227083 0.125000 0.239583 0.109375 0.291667 0.115625 0.339583 0.131250 0.339583 0.150000 0.372917 0.195312 0.404167 0.279687 0.422917 0.282813 0.379167 0.310937 0.318750 0.301563 0.260417 0.264062 0.222917 0.242188 0.233333 0.231250 0.202083 0.210938 0.202083 0.200000 0.166667
10 0.242188 0.000000 0.312500 0.316667 0.387500 0.337500 0.423438 0.293750 0.390625 0.337500 0.426563 0.389583 0.434375 0.297917 0.429688 0.393750 0.454688 0.366667 0.489063 0.458333 0.648438 0.354167 0.671875 0.281250 0.773438 0.300000 0.862500 0.035417 0.998437 0.058333 0.998437 0.000000
13 0.493750 0.479167 0.517188 0.545833 0.525000 0.531250 0.546875 0.541667 0.546875 0.579167 0.567187 0.585417 0.571875 0.620833 0.587500 0.620833 0.595313 0.602083 0.703125 0.641667 0.717187 0.529167 0.692187 0.445833 0.600000 0.429167 0.562500 0.483333 0.540625 0.456250