0 0.925000 0.997917 0.871875 0.839583 0.681250 0.702083 0.639062 0.595833 0.575000 0.589583 0.514062 0.483333 0.390625 0.489583 0.442188 0.514583 0.000000 0.795833 0.000000 0.997917
1 0.604688 0.547917 0.607812 0.552083 0.635938 0.560417 0.648438 0.560417 0.656250 0.564583 0.656250 0.558333 0.640625 0.554167 0.639062 0.545833 0.632812 0.545833 0.612500 0.535417 0.610938 0.531250 0.607812 0.531250
1 0.440625 0.514583 0.389062 0.497917 0.000000 0.560417 0.000000 0.793750 0.167187 0.664583
1 0.489063 0.479167 0.484375 0.479167 0.482812 0.483333 0.475000 0.483333 0.467187 0.489583 0.451562 0.489583 0.450000 0.493750 0.442188 0.493750 0.439063 0.497917 0.470313 0.500000 0.476562 0.495833 0.481250 0.495833 0.482812 0.491667 0.489063 0.489583
2 0.448437 0.389583 0.446875 0.418750 0.445312 0.420833 0.445312 0.450000 0.459375 0.454167 0.457813 0.441667 0.460938 0.435417 0.462500 0.414583 0.454688 0.408333 0.454688 0.393750 0.451562 0.389583
2 0.401562 0.327083 0.395313 0.433333 0.398438 0.427083 0.418750 0.425000 0.425000 0.443750 0.437500 0.445833 0.439063 0.408333 0.443750 0.391667 0.442188 0.370833 0.423438 0.364583 0.421875 0.331250
2 0.998437 0.104167 0.912500 0.281250 0.743750 0.250000 0.714063 0.352083 0.653125 0.337500 0.640625 0.387500 0.609375 0.383333 0.553125 0.460417 0.595313 0.456250 0.632812 0.495833 0.734375 0.489583 0.835938 0.391667 0.956250 0.352083 0.959375 0.316667 0.995313 0.325000
2 0.131250 0.000000 0.229687 0.100000 0.245312 0.247917 0.189062 0.316667 0.195312 0.385417 0.340625 0.418750 0.364063 0.387500 0.389062 0.422917 0.395313 0.325000 0.342187 0.283333 0.292187 0.310417 0.289062 0.389583 0.253125 0.393750 0.259375 0.256250 0.290625 0.237500 0.239063 0.002083
3 0.385937 0.481250 0.000000 0.516667 0.000000 0.558333 0.385937 0.497917
4 0.732812 0.491667 0.692187 0.485417 0.640625 0.497917 0.609375 0.493750 0.607812 0.518750 0.639062 0.531250 0.635938 0.541667 0.614062 0.531250 0.639062 0.543750 0.645312 0.533333 0.678125 0.564583
4 0.443750 0.450000 0.443750 0.483333 0.451562 0.483333 0.454688 0.477083 0.454688 0.470833 0.456250 0.468750 0.457813 0.470833 0.457813 0.477083 0.459375 0.477083 0.459375 0.462500 0.457813 0.462500 0.454688 0.458333 0.454688 0.456250 0.453125 0.456250 0.450000 0.452083 0.445312 0.452083
4 0.393750 0.441667 0.393750 0.460417 0.390625 0.477083 0.400000 0.477083 0.401562 0.481250 0.435937 0.483333 0.437500 0.447917 0.412500 0.445833 0.410938 0.441667
4 0.000000 0.331250 0.000000 0.514583 0.387500 0.479167 0.389062 0.441667
5 0.473438 0.395833 0.473438 0.400000 0.467187 0.404167 0.464062 0.412500 0.460938 0.441667 0.460938 0.487500 0.467187 0.487500 0.473438 0.404167 0.479687 0.397917
5 0.453125 0.277083 0.437500 0.495833 0.442188 0.485417
5 0.442188 0.252083 0.407813 0.270833 0.398438 0.291667 0.387500 0.497917 0.403125 0.285417 0.414062 0.268750
8 0.551562 0.441667 0.546875 0.435417 0.539062 0.441667 0.537500 0.427083 0.535937 0.431250 0.531250 0.431250 0.529687 0.427083 0.521875 0.427083 0.510938 0.441667 0.510938 0.464583 0.514062 0.468750 0.514062 0.481250 0.515625 0.483333 0.518750 0.477083 0.526563 0.477083 0.529687 0.470833 0.542188 0.470833 0.545312 0.466667 0.551562 0.466667
8 0.395313 0.435417 0.395313 0.439583 0.410938 0.439583 0.412500 0.443750 0.423438 0.443750 0.423438 0.437500 0.418750 0.429167 0.418750 0.427083 0.404687 0.427083 0.403125 0.429167 0.398438 0.429167 0.398438 0.431250
8 0.492188 0.397917 0.484375 0.412500 0.481250 0.433333 0.471875 0.439583 0.468750 0.485417 0.471875 0.481250 0.482812 0.481250 0.484375 0.477083 0.489063 0.477083 0.492188 0.466667 0.504687 0.464583 0.501563 0.443750 0.496875 0.435417 0.496875 0.404167
8 0.389062 0.439583 0.387500 0.410417 0.364063 0.389583 0.353125 0.393750 0.350000 0.404167 0.343750 0.402083 0.342187 0.420833 0.334375 0.410417 0.321875 0.414583 0.292187 0.404167 0.295312 0.414583 0.315625 0.422917
8 0.290625 0.337500 0.287500 0.339583 0.284375 0.335417 0.281250 0.339583 0.271875 0.331250 0.268750 0.333333 0.267188 0.356250 0.257812 0.358333 0.254688 0.362500 0.254688 0.393750 0.267188 0.387500 0.270313 0.377083 0.273438 0.383333 0.279687 0.381250 0.289062 0.387500 0.287500 0.377083 0.290625 0.375000
8 0.998437 0.322917 0.995313 0.327083 0.987500 0.327083 0.981250 0.316667 0.978125 0.322917 0.968750 0.325000 0.959375 0.318750 0.948438 0.325000 0.951562 0.327083 0.950000 0.333333 0.956250 0.343750 0.957812 0.352083 0.982812 0.345833 0.987500 0.341667 0.998437 0.341667
8 0.000000 0.000000 0.000000 0.329167 0.193750 0.383333 0.187500 0.316667 0.243750 0.247917 0.228125 0.100000 0.204687 0.081250 0.198437 0.095833 0.178125 0.041667 0.129688 0.000000
9 0.631250 0.600000 0.635938 0.606250 0.646875 0.614583 0.654687 0.616667 0.659375 0.620833 0.668750 0.620833 0.668750 0.608333 0.665625 0.608333 0.662500 0.604167 0.656250 0.604167 0.645312 0.597917 0.632812 0.597917
10 0.256250 0.358333 0.342187 0.281250 0.395313 0.322917 0.442188 0.250000 0.401562 0.325000 0.443750 0.387500 0.453125 0.275000 0.448437 0.387500 0.510938 0.460417 0.653125 0.335417 0.714063 0.350000 0.743750 0.247917 0.912500 0.279167 0.995313 0.112500 0.998437 0.000000 0.237500 0.000000 0.292187 0.237500
13 0.518750 0.479167 0.517188 0.500000 0.532813 0.510417 0.546875 0.539583 0.570312 0.537500 0.571875 0.543750 0.576562 0.522917 0.585938 0.520833 0.592187 0.525000 0.593750 0.543750 0.603125 0.547917 0.606250 0.497917 0.614062 0.491667 0.606250 0.481250 0.603125 0.462500 0.562500 0.454167 0.551562 0.468750
13 0.998437 0.343750 0.796875 0.418750 0.671875 0.593750 0.681250 0.700000 0.726562 0.704167 0.871875 0.837500 0.926562 0.997917 0.998437 0.997917
14 0.578125 0.522917 0.571875 0.550000 0.575000 0.587500 0.582812 0.589583 0.587500 0.568750 0.595313 0.566667 0.620313 0.589583 0.670312 0.606250 0.675000 0.570833 0.656250 0.550000 0.660937 0.545833 0.640625 0.537500 0.640625 0.552083 0.656250 0.556250 0.656250 0.566667 0.598437 0.550000 0.590625 0.525000