0 0.943750 0.993750 0.907813 0.868750 0.693750 0.712500 0.653125 0.602083 0.579688 0.591667 0.515625 0.483333 0.390625 0.489583 0.442188 0.516667 0.000000 0.758333 0.000000 0.997917
1 0.607812 0.535417 0.609375 0.543750 0.617188 0.554167 0.640625 0.560417 0.659375 0.560417 0.643750 0.556250 0.639062 0.545833 0.632812 0.545833 0.615625 0.535417 0.614062 0.531250 0.609375 0.531250
1 0.440625 0.512500 0.390625 0.497917 0.003125 0.558333 0.000000 0.756250
1 0.489063 0.479167 0.468750 0.485417 0.467187 0.489583 0.443750 0.489583 0.440625 0.497917 0.435937 0.495833 0.435937 0.489583 0.395313 0.491667 0.470313 0.500000 0.487500 0.491667
2 0.448437 0.389583 0.445312 0.450000 0.459375 0.454167 0.459375 0.447917 0.454688 0.443750 0.454688 0.435417 0.460938 0.433333 0.462500 0.429167 0.462500 0.412500 0.456250 0.410417 0.454688 0.389583
2 0.401562 0.325000 0.395313 0.435417 0.403125 0.425000 0.418750 0.425000 0.428125 0.445833 0.437500 0.447917 0.443750 0.391667 0.442188 0.368750 0.423438 0.364583 0.421875 0.327083
2 0.998437 0.118750 0.915625 0.279167 0.745313 0.247917 0.717187 0.347917 0.653125 0.335417 0.640625 0.387500 0.609375 0.383333 0.553125 0.460417 0.604688 0.458333 0.615625 0.491667 0.746875 0.489583 0.834375 0.400000 0.968750 0.347917 0.971875 0.293750 0.998437 0.304167
2 0.145313 0.000000 0.221875 0.085417 0.243750 0.189583 0.226562 0.208333 0.239063 0.243750 0.184375 0.312500 0.189062 0.383333 0.339062 0.414583 0.364063 0.387500 0.389062 0.412500 0.395313 0.322917 0.343750 0.283333 0.284375 0.322917 0.287500 0.389583 0.251563 0.391667 0.259375 0.252083 0.287500 0.227083 0.239063 0.010417
3 0.385937 0.481250 0.006250 0.516667 0.000000 0.558333 0.384375 0.500000
4 0.743750 0.491667 0.690625 0.485417 0.678125 0.493750 0.610938 0.493750 0.609375 0.529167 0.614062 0.518750 0.621875 0.525000 0.615625 0.533333 0.634375 0.543750 0.648438 0.529167 0.650000 0.537500 0.670312 0.545833 0.681250 0.564583 0.692187 0.533333 0.701562 0.543750 0.712500 0.537500
4 0.445312 0.456250 0.443750 0.458333 0.443750 0.483333 0.453125 0.483333 0.453125 0.479167 0.454688 0.477083 0.454688 0.466667 0.456250 0.464583 0.457813 0.466667 0.457813 0.481250 0.459375 0.481250 0.460938 0.464583 0.459375 0.462500 0.456250 0.462500 0.451562 0.456250
4 0.393750 0.441667 0.393750 0.460417 0.390625 0.477083 0.395313 0.477083 0.398438 0.481250 0.435937 0.483333 0.437500 0.456250 0.434375 0.454167 0.434375 0.450000 0.425000 0.452083 0.417187 0.445833
4 0.000000 0.329167 0.000000 0.516667 0.387500 0.479167 0.387500 0.441667
5 0.475000 0.375000 0.475000 0.395833 0.464062 0.412500 0.460938 0.487500 0.467187 0.487500 0.473438 0.404167 0.481250 0.395833 0.475000 0.395833
5 0.454688 0.275000 0.437500 0.495833 0.442188 0.491667
5 0.443750 0.247917 0.400000 0.281250 0.387500 0.497917 0.400000 0.289583 0.407813 0.272917
8 0.395313 0.437500 0.395313 0.439583 0.404687 0.439583 0.406250 0.443750 0.417187 0.443750 0.425000 0.450000 0.432812 0.450000 0.431250 0.447917 0.428125 0.447917 0.425000 0.443750 0.423438 0.435417 0.418750 0.427083 0.403125 0.427083 0.400000 0.429167
8 0.551562 0.439583 0.548438 0.435417 0.543750 0.435417 0.539062 0.441667 0.537500 0.425000 0.535937 0.431250 0.529687 0.425000 0.517188 0.431250 0.510938 0.441667 0.510938 0.464583 0.514062 0.468750 0.514062 0.481250 0.517188 0.481250 0.518750 0.477083 0.528125 0.477083 0.531250 0.468750 0.543750 0.470833 0.545312 0.466667 0.551562 0.466667
8 0.493750 0.397917 0.484375 0.410417 0.481250 0.433333 0.471875 0.441667 0.468750 0.483333 0.473438 0.475000 0.476562 0.481250 0.478125 0.454167 0.479687 0.481250 0.489063 0.477083 0.493750 0.466667 0.501563 0.466667 0.506250 0.477083 0.506250 0.458333 0.501563 0.454167 0.498437 0.412500
8 0.389062 0.439583 0.387500 0.408333 0.364063 0.389583 0.351562 0.393750 0.350000 0.402083 0.343750 0.400000 0.342187 0.416667 0.334375 0.408333 0.320312 0.414583 0.293750 0.402083 0.271875 0.408333
8 0.290625 0.339583 0.285938 0.335417 0.279687 0.337500 0.271875 0.331250 0.268750 0.333333 0.267188 0.356250 0.253125 0.362500 0.254688 0.393750 0.259375 0.391667 0.259375 0.383333 0.267188 0.385417 0.270313 0.372917 0.273438 0.375000 0.273438 0.381250 0.281250 0.381250 0.287500 0.387500 0.287500 0.372917 0.290625 0.370833
8 0.975000 0.291667 0.971875 0.302083 0.975000 0.304167 0.975000 0.308333 0.960938 0.316667 0.967187 0.337500 0.971875 0.345833 0.978125 0.345833 0.979688 0.341667 0.998437 0.339583 0.998437 0.306250 0.995313 0.306250 0.989062 0.316667 0.984375 0.316667 0.976562 0.308333 0.978125 0.300000
8 0.000000 0.000000 0.000000 0.327083 0.187500 0.383333 0.182812 0.312500 0.200000 0.310417 0.240625 0.235417 0.225000 0.208333 0.242188 0.189583 0.223438 0.091667 0.143750 0.000000
10 0.253125 0.360417 0.342187 0.281250 0.395313 0.320833 0.443750 0.245833 0.401562 0.322917 0.443750 0.385417 0.454688 0.272917 0.448437 0.387500 0.510938 0.460417 0.653125 0.333333 0.717187 0.345833 0.745313 0.245833 0.915625 0.277083 0.998437 0.116667 0.998437 0.000000 0.237500 0.000000 0.289062 0.227083
13 0.518750 0.479167 0.518750 0.502083 0.532813 0.510417 0.539062 0.529167 0.550000 0.539583 0.575000 0.537500 0.578125 0.525000 0.587500 0.520833 0.596875 0.527083 0.596875 0.543750 0.603125 0.543750 0.600000 0.537500 0.607812 0.529167 0.609375 0.493750 0.614062 0.491667 0.604688 0.460417 0.562500 0.454167 0.551562 0.468750
13 0.998437 0.341667 0.809375 0.418750 0.685937 0.554167 0.675000 0.622917 0.693750 0.710417 0.734375 0.708333 0.914062 0.875000 0.945312 0.997917 0.998437 0.997917
14 0.579688 0.525000 0.573438 0.554167 0.579688 0.589583 0.596875 0.566667 0.621875 0.589583 0.678125 0.608333 0.682813 0.570833 0.665625 0.543750 0.646875 0.531250 0.642188 0.552083 0.660937 0.560417 0.640625 0.562500 0.606250 0.550000 0.607812 0.531250 0.596875 0.545833 0.593750 0.525000