0 0.000000 0.827083 0.000000 0.997917 0.998437 0.997917 0.996875 0.779167 0.706250 0.629167 0.673438 0.672917 0.650000 0.583333 0.501563 0.475000 0.359375 0.489583 0.425000 0.520833
1 0.917188 0.597917 0.923438 0.631250 0.928125 0.637500 0.998437 0.658333 0.996875 0.608333 0.985938 0.618750 0.970313 0.620833 0.959375 0.618750 0.950000 0.610417 0.946875 0.600000 0.920312 0.593750
1 0.815625 0.583333 0.815625 0.591667 0.821875 0.597917 0.832812 0.600000 0.845313 0.606250 0.845313 0.602083 0.848437 0.600000 0.848437 0.595833 0.853125 0.583333 0.831250 0.583333 0.829688 0.581250 0.826562 0.583333
1 0.706250 0.560417 0.706250 0.570833 0.709375 0.572917 0.710938 0.589583 0.721875 0.589583 0.728125 0.591667 0.731250 0.595833 0.735938 0.595833 0.737500 0.583333 0.740625 0.581250 0.740625 0.577083 0.742188 0.575000 0.745313 0.579167 0.745313 0.577083 0.737500 0.570833 0.712500 0.560417
1 0.423438 0.518750 0.359375 0.500000 0.000000 0.589583 0.000000 0.825000
1 0.479687 0.472917 0.475000 0.472917 0.468750 0.479167 0.464062 0.479167 0.462500 0.483333 0.446875 0.485417 0.443750 0.489583 0.431250 0.489583 0.425000 0.497917 0.467187 0.495833 0.468750 0.491667 0.471875 0.491667 0.478125 0.485417
2 0.432812 0.379167 0.429688 0.443750 0.446875 0.445833 0.443750 0.443750 0.442188 0.427083 0.450000 0.422917 0.451562 0.404167 0.445312 0.404167 0.442188 0.400000 0.442188 0.381250
2 0.365625 0.306250 0.362500 0.429167 0.379688 0.429167 0.392188 0.408333 0.404687 0.416667 0.410938 0.439583 0.423438 0.439583 0.428125 0.358333 0.406250 0.350000 0.403125 0.310417
2 0.360938 0.295833 0.353125 0.306250 0.309375 0.258333 0.243750 0.306250 0.256250 0.320833 0.254688 0.360417 0.235937 0.404167 0.267188 0.410417 0.284375 0.402083 0.318750 0.362500 0.329688 0.375000 0.356250 0.381250
2 0.998437 0.185417 0.979688 0.208333 0.789062 0.177083 0.746875 0.316667 0.662500 0.302083 0.648438 0.362500 0.607812 0.362500 0.543750 0.431250 0.545312 0.464583 0.610938 0.431250 0.639062 0.439583 0.648438 0.479167 0.776563 0.464583 0.870313 0.479167 0.881250 0.512500 0.937500 0.462500 0.998437 0.458333
2 0.000000 0.000000 0.000000 0.339583 0.170313 0.383333 0.181250 0.356250 0.201563 0.377083 0.173437 0.291667 0.175000 0.197917 0.217188 0.166667 0.170313 0.000000
3 0.359375 0.479167 0.359375 0.487500 0.375000 0.487500 0.376563 0.491667 0.381250 0.491667 0.382812 0.487500 0.395313 0.487500 0.396875 0.491667 0.420312 0.491667 0.420312 0.483333 0.398438 0.483333 0.387500 0.479167
3 0.353125 0.479167 0.179688 0.514583 0.184375 0.387500 0.162500 0.383333 0.148438 0.518750 0.000000 0.539583 0.000000 0.587500 0.350000 0.506250
4 0.648438 0.481250 0.646875 0.520833 0.656250 0.533333 0.667188 0.491667 0.667188 0.537500 0.754687 0.579167 0.814063 0.589583 0.868750 0.575000 0.878125 0.516667 0.870313 0.481250 0.776563 0.466667 0.735938 0.481250
4 0.429688 0.454167 0.429688 0.458333 0.428125 0.460417 0.428125 0.481250 0.442188 0.481250 0.442188 0.477083 0.443750 0.475000 0.446875 0.481250 0.446875 0.479167 0.450000 0.477083 0.450000 0.456250 0.437500 0.456250 0.435937 0.454167
4 0.362500 0.431250 0.359375 0.477083 0.420312 0.481250 0.421875 0.452083 0.389062 0.445833 0.387500 0.435417
4 0.179688 0.512500 0.346875 0.491667 0.353125 0.477083 0.354687 0.433333 0.185938 0.391667
4 0.000000 0.341667 0.000000 0.537500 0.150000 0.514583 0.159375 0.379167
5 0.420312 0.179167 0.376563 0.206250 0.365625 0.229167 0.353125 0.502083 0.367188 0.231250 0.378125 0.210417
8 0.540625 0.427083 0.534375 0.425000 0.529687 0.431250 0.526563 0.414583 0.525000 0.422917 0.520312 0.416667 0.510938 0.416667 0.500000 0.435417 0.500000 0.445833 0.503125 0.450000 0.503125 0.475000 0.509375 0.477083 0.515625 0.466667 0.523438 0.466667 0.526563 0.460417 0.543750 0.462500
8 0.378125 0.431250 0.387500 0.433333 0.390625 0.437500 0.389062 0.443750 0.420312 0.450000 0.423438 0.445833 0.423438 0.441667 0.410938 0.441667 0.403125 0.416667 0.395313 0.414583 0.392188 0.410417 0.389062 0.410417 0.385937 0.414583 0.381250 0.429167
8 0.481250 0.389583 0.475000 0.393750 0.473438 0.414583 0.467187 0.429167 0.460938 0.431250 0.457813 0.477083 0.471875 0.475000 0.471875 0.425000 0.475000 0.418750 0.478125 0.420833 0.475000 0.427083 0.475000 0.470833 0.479687 0.470833 0.482812 0.460417 0.493750 0.458333
8 0.356250 0.383333 0.346875 0.385417 0.329688 0.377083 0.318750 0.364583 0.307812 0.370833 0.306250 0.383333 0.296875 0.381250 0.295312 0.391667 0.284375 0.404167 0.257812 0.412500 0.354687 0.431250
8 0.254688 0.333333 0.248438 0.329167 0.245312 0.356250 0.229687 0.364583 0.223438 0.389583 0.209375 0.377083 0.193750 0.375000 0.181250 0.358333 0.175000 0.358333 0.175000 0.368750 0.187500 0.391667 0.210938 0.402083 0.234375 0.404167 0.251563 0.375000
10 0.171875 0.000000 0.218750 0.166667 0.176563 0.197917 0.190625 0.360417 0.223438 0.387500 0.309375 0.256250 0.357812 0.304167 0.420312 0.177083 0.367188 0.304167 0.428125 0.356250 0.437500 0.237500 0.457813 0.414583 0.465625 0.335417 0.500000 0.454167 0.662500 0.300000 0.746875 0.314583 0.789062 0.175000 0.998437 0.183333 0.998437 0.000000
13 0.998437 0.460417 0.937500 0.464583 0.882812 0.510417 0.870313 0.541667 0.867188 0.581250 0.914062 0.595833 0.939063 0.593750 0.959375 0.616667 0.998437 0.608333
13 0.510938 0.475000 0.512500 0.495833 0.537500 0.506250 0.546875 0.529167 0.562500 0.529167 0.568750 0.547917 0.581250 0.539583 0.620313 0.547917 0.631250 0.570833 0.645312 0.543750 0.646875 0.479167 0.639062 0.441667 0.585938 0.433333 0.568750 0.441667 0.551562 0.468750 0.526563 0.462500
14 0.632812 0.564583 0.670312 0.668750 0.698438 0.627083 0.985938 0.768750 0.998437 0.779167 0.971875 0.814583 0.998437 0.835417 0.998437 0.660417 0.928125 0.639583 0.912500 0.593750 0.856250 0.581250 0.843750 0.608333 0.739062 0.570833 0.731250 0.597917 0.665625 0.527083