0 0.000000 0.706250 0.000000 0.997917 0.998437 0.997917 0.995313 0.862500 0.685937 0.633333 0.578125 0.629167 0.489063 0.479167
1 0.732812 0.597917 0.718750 0.654167 0.998437 0.864583 0.996875 0.708333
1 0.467187 0.479167 0.000000 0.543750 0.000000 0.704167
2 0.429688 0.393750 0.426563 0.452083 0.437500 0.454167 0.434375 0.445833 0.434375 0.437500 0.437500 0.433333 0.442188 0.433333 0.443750 0.425000 0.446875 0.433333 0.450000 0.431250 0.448437 0.425000 0.443750 0.422917 0.443750 0.416667 0.435937 0.414583 0.435937 0.395833
2 0.390625 0.341667 0.387500 0.431250 0.400000 0.431250 0.406250 0.437500 0.407813 0.447917 0.420312 0.452083 0.423438 0.397917 0.426563 0.395833 0.423438 0.391667 0.423438 0.375000 0.407813 0.372917 0.404687 0.343750
2 0.387500 0.337500 0.376563 0.337500 0.371875 0.318750 0.360938 0.335417 0.332813 0.304167 0.304688 0.322917 0.304688 0.339583 0.289062 0.352083 0.281250 0.414583 0.275000 0.422917 0.314063 0.429167 0.315625 0.420833 0.332813 0.420833 0.342187 0.429167 0.343750 0.414583 0.360938 0.406250 0.381250 0.427083
2 0.998437 0.047917 0.875000 0.025000 0.781250 0.300000 0.673438 0.283333 0.657813 0.347917 0.609375 0.347917 0.529687 0.454167 0.557813 0.487500 0.609375 0.425000 0.700000 0.439583 0.709375 0.387500 0.820312 0.362500 0.853125 0.310417 0.907813 0.362500 0.929688 0.287500 0.948438 0.362500 0.979688 0.318750 0.998437 0.345833
2 0.000000 0.000000 0.000000 0.227083 0.057813 0.337500 0.021875 0.360417 0.154688 0.383333 0.095312 0.291667 0.114062 0.227083 0.154688 0.216667 0.145313 0.187500 0.171875 0.141667 0.237500 0.225000 0.254688 0.210417 0.290625 0.247917 0.239063 0.000000
3 0.734375 0.572917 0.735938 0.600000 0.839063 0.641667 0.856250 0.643750 0.876563 0.627083 0.775000 0.583333
3 0.143750 0.385417 0.137500 0.529167 0.379688 0.495833 0.379688 0.485417 0.173437 0.504167 0.181250 0.393750
4 0.725000 0.483333 0.734375 0.570833 0.878125 0.627083 0.857812 0.647917 0.998437 0.710417 0.998437 0.487500
4 0.385937 0.456250 0.385937 0.470833 0.384375 0.472917 0.385937 0.479167 0.404687 0.481250 0.406250 0.483333 0.418750 0.483333 0.418750 0.468750 0.420312 0.466667 0.417187 0.462500 0.407813 0.458333 0.401562 0.458333 0.400000 0.456250
4 0.179688 0.402083 0.173437 0.502083 0.379688 0.483333 0.379688 0.447917
4 0.000000 0.354167 0.000000 0.541667 0.137500 0.527083 0.142187 0.389583
5 0.434375 0.300000 0.420312 0.491667 0.423438 0.491667
5 0.425000 0.291667 0.403125 0.302083 0.389062 0.320833 0.381250 0.495833 0.389062 0.327083 0.400000 0.308333
8 0.450000 0.435417 0.445312 0.433333 0.443750 0.479167 0.442188 0.435417 0.435937 0.437500 0.437500 0.456250 0.426563 0.454167 0.426563 0.466667 0.431250 0.468750 0.429688 0.483333 0.434375 0.483333 0.435937 0.462500 0.439063 0.466667 0.437500 0.485417 0.445312 0.485417 0.446875 0.441667
8 0.387500 0.433333 0.385937 0.437500 0.385937 0.454167 0.407813 0.456250 0.417187 0.460417 0.420312 0.464583 0.420312 0.454167 0.407813 0.450000 0.403125 0.435417 0.400000 0.433333
8 0.528125 0.435417 0.521875 0.435417 0.518750 0.439583 0.515625 0.422917 0.514062 0.431250 0.509375 0.425000 0.500000 0.427083 0.490625 0.441667 0.492188 0.481250 0.503125 0.468750 0.512500 0.468750 0.518750 0.454167 0.528125 0.454167
8 0.381250 0.450000 0.379688 0.425000 0.360938 0.408333 0.343750 0.416667 0.342187 0.431250 0.332813 0.422917 0.329688 0.427083 0.315625 0.422917 0.315625 0.431250 0.350000 0.443750 0.379688 0.445833
8 0.473438 0.397917 0.467187 0.402083 0.460938 0.433333 0.453125 0.437500 0.448437 0.483333 0.468750 0.477083 0.471875 0.466667 0.482812 0.468750 0.482812 0.460417 0.485938 0.458333 0.478125 0.435417 0.478125 0.412500
8 0.998437 0.347917 0.979688 0.320833 0.953125 0.366667 0.939063 0.356250 0.934375 0.289583 0.907813 0.364583 0.879687 0.318750 0.859375 0.339583 0.853125 0.312500 0.820312 0.364583 0.803125 0.345833 0.781250 0.379167 0.732812 0.375000 0.720313 0.412500 0.709375 0.389583 0.701562 0.443750 0.725000 0.481250 0.998437 0.485417
8 0.000000 0.229167 0.001563 0.356250 0.020313 0.360417 0.018750 0.356250 0.029687 0.345833 0.051562 0.350000 0.056250 0.337500 0.053125 0.320833 0.040625 0.308333 0.043750 0.295833 0.037500 0.270833 0.007812 0.254167
8 0.171875 0.143750 0.146875 0.187500 0.156250 0.216667 0.112500 0.231250 0.096875 0.291667 0.106250 0.333333 0.187500 0.402083 0.273438 0.420833 0.287500 0.352083 0.303125 0.339583 0.296875 0.256250 0.254688 0.212500 0.237500 0.227083 0.225000 0.193750 0.204687 0.195833 0.190625 0.154167
10 0.240625 0.000000 0.306250 0.320833 0.387500 0.335417 0.425000 0.289583 0.390625 0.337500 0.426563 0.391667 0.434375 0.297917 0.429688 0.391667 0.489063 0.458333 0.650000 0.354167 0.673438 0.281250 0.781250 0.297917 0.875000 0.022917 0.998437 0.045833 0.998437 0.000000
13 0.493750 0.479167 0.518750 0.547917 0.528125 0.531250 0.551562 0.545833 0.550000 0.581250 0.573438 0.591667 0.578125 0.627083 0.623437 0.612500 0.717187 0.652083 0.731250 0.614583 0.732812 0.525000 0.707812 0.445833 0.617188 0.425000 0.592187 0.437500 0.557813 0.489583 0.542188 0.456250