0 0.000000 0.891667 0.000000 0.997917 0.998437 0.997917 0.998437 0.754167 0.759375 0.625000 0.664062 0.635417 0.487500 0.472917 0.217188 0.493750 0.356250 0.560417
1 0.815625 0.652083 0.998437 0.752083 0.998437 0.654167 0.867188 0.606250 0.864062 0.635417 0.835938 0.635417
1 0.353125 0.552083 0.217188 0.514583 0.212500 0.541667 0.000000 0.606250 0.000000 0.889583
1 0.454688 0.479167 0.451562 0.468750 0.382812 0.502083 0.365625 0.485417 0.217188 0.479167 0.217188 0.491667 0.425000 0.506250
2 0.390625 0.337500 0.389062 0.422917 0.385937 0.425000 0.392188 0.435417 0.400000 0.435417 0.401562 0.439583 0.407813 0.435417 0.418750 0.443750 0.418750 0.435417 0.412500 0.429167 0.412500 0.418750 0.418750 0.416667 0.418750 0.397917 0.412500 0.393750 0.412500 0.368750 0.398438 0.368750 0.393750 0.362500 0.393750 0.337500
2 0.000000 0.218750 0.000000 0.335417 0.056250 0.356250 0.071875 0.356250 0.084375 0.343750 0.090625 0.322917 0.067187 0.235417
2 0.212500 0.200000 0.176563 0.229167 0.140625 0.250000 0.139063 0.258333 0.153125 0.268750 0.159375 0.279167 0.159375 0.289583 0.181250 0.281250 0.193750 0.293750 0.209375 0.293750
2 0.226562 0.189583 0.221875 0.302083 0.248438 0.375000 0.223438 0.404167 0.323437 0.416667 0.340625 0.387500 0.362500 0.425000 0.379688 0.429167 0.384375 0.337500 0.365625 0.329167 0.360938 0.275000 0.317188 0.268750 0.310937 0.243750 0.303125 0.268750
2 0.998437 0.010417 0.932813 0.002083 0.831250 0.272917 0.684375 0.250000 0.660937 0.341667 0.604688 0.335417 0.521875 0.452083 0.560937 0.475000 0.640625 0.397917 0.765625 0.360417 0.853125 0.385417 0.865625 0.481250 0.998437 0.466667
3 0.943750 0.627083 0.943750 0.633333 0.951562 0.637500 0.957812 0.637500 0.959375 0.641667 0.975000 0.643750 0.976562 0.647917 0.998437 0.652083 0.998437 0.643750 0.984375 0.639583 0.982812 0.635417
3 0.204687 0.508333 0.000000 0.547917 0.000000 0.604167 0.204687 0.535417
3 0.998437 0.468750 0.943750 0.470833 0.948438 0.579167 0.954688 0.552083 0.965625 0.539583 0.953125 0.516667 0.960938 0.491667 0.979688 0.502083 0.985938 0.487500 0.998437 0.493750 0.992188 0.527083 0.981250 0.508333 0.971875 0.510417 0.968750 0.527083 0.971875 0.543750 0.996875 0.556250
4 0.865625 0.483333 0.868750 0.606250 0.998437 0.641667 0.998437 0.554167 0.967187 0.537500 0.973437 0.506250 0.992188 0.525000 0.996875 0.493750 0.956250 0.500000 0.967187 0.539583 0.948438 0.581250 0.943750 0.481250
4 0.387500 0.443750 0.385937 0.483333 0.407813 0.481250 0.410938 0.468750 0.414062 0.475000 0.414062 0.481250 0.415625 0.481250 0.418750 0.475000 0.418750 0.454167 0.401562 0.445833
4 0.218750 0.410417 0.220312 0.475000 0.378125 0.483333 0.379688 0.431250 0.314063 0.416667
4 0.000000 0.337500 0.000000 0.545833 0.204687 0.506250 0.201563 0.397917
5 0.435937 0.310417 0.432812 0.364583 0.421875 0.375000 0.420312 0.477083 0.421875 0.391667 0.429688 0.370833 0.428125 0.481250 0.432812 0.370833 0.440625 0.362500 0.434375 0.360417
8 0.501563 0.406250 0.498437 0.414583 0.495312 0.408333 0.484375 0.412500 0.475000 0.427083 0.479687 0.470833 0.490625 0.472917 0.493750 0.464583 0.509375 0.464583 0.512500 0.454167 0.521875 0.450000 0.517188 0.420833 0.509375 0.416667 0.506250 0.422917 0.501563 0.414583
8 0.326562 0.404167 0.325000 0.418750 0.353125 0.422917 0.364063 0.431250 0.368750 0.429167 0.365625 0.429167 0.359375 0.422917 0.357812 0.408333 0.351562 0.393750 0.335938 0.389583
8 0.454688 0.381250 0.448437 0.385417 0.440625 0.420833 0.432812 0.422917 0.429688 0.475000 0.434375 0.464583 0.437500 0.475000 0.440625 0.422917 0.443750 0.425000 0.442188 0.472917 0.454688 0.466667 0.457813 0.454167 0.468750 0.454167 0.459375 0.422917 0.459375 0.389583
8 0.221875 0.304167 0.218750 0.312500 0.218750 0.408333 0.232813 0.406250 0.221875 0.404167 0.223438 0.391667 0.246875 0.375000 0.246875 0.368750 0.240625 0.362500 0.240625 0.354167 0.234375 0.352083 0.228125 0.341667 0.231250 0.314583
8 0.089063 0.291667 0.096875 0.325000 0.070312 0.360417 0.168750 0.383333 0.207813 0.404167 0.209375 0.295833 0.181250 0.283333 0.159375 0.291667 0.140625 0.260417 0.131250 0.275000 0.117188 0.264583 0.114062 0.300000
10 0.223438 0.191667 0.382812 0.335417 0.395313 0.143750 0.395313 0.362500 0.428125 0.410417 0.435937 0.308333 0.434375 0.422917 0.454688 0.379167 0.476562 0.445833 0.660937 0.339583 0.684375 0.247917 0.831250 0.270833 0.934375 0.000000 0.229687 0.000000
10 0.220312 0.000000 0.000000 0.000000 0.000000 0.216667 0.067187 0.233333 0.092188 0.325000 0.090625 0.287500 0.114062 0.297917 0.117188 0.262500 0.131250 0.272917 0.140625 0.247917 0.214062 0.195833
13 0.457813 0.456250 0.456250 0.458333 0.456250 0.466667 0.454688 0.468750 0.454688 0.477083 0.456250 0.479167 0.456250 0.481250 0.457813 0.481250 0.457813 0.479167 0.459375 0.477083 0.460938 0.479167 0.460938 0.481250 0.467187 0.481250 0.467187 0.479167 0.468750 0.477083 0.470313 0.477083 0.470313 0.460417 0.468750 0.458333 0.468750 0.456250
13 0.864062 0.633333 0.846875 0.383333 0.735938 0.364583 0.640625 0.400000 0.560937 0.477083 0.523438 0.454167 0.492188 0.468750 0.490625 0.491667 0.543750 0.510417 0.595313 0.577083 0.650000 0.585417 0.664062 0.633333 0.698438 0.612500 0.804688 0.652083