0 0.000000 0.891667 0.000000 0.997917 0.998437 0.997917 0.998437 0.754167 0.748437 0.618750 0.656250 0.627083 0.485938 0.472917 0.229687 0.493750 0.359375 0.560417
1 0.800000 0.645833 0.998437 0.752083 0.998437 0.656250 0.845313 0.602083 0.840625 0.629167 0.814063 0.629167
1 0.356250 0.547917 0.229687 0.510417 0.225000 0.539583 0.000000 0.608333 0.000000 0.889583 0.345313 0.579167
1 0.454688 0.468750 0.384375 0.502083 0.379688 0.493750 0.229687 0.483333 0.229687 0.491667 0.426563 0.506250 0.443750 0.495833
2 0.393750 0.337500 0.390625 0.433333 0.403125 0.435417 0.404687 0.439583 0.406250 0.435417 0.420312 0.439583 0.412500 0.431250 0.412500 0.420833 0.420312 0.416667 0.420312 0.397917 0.414062 0.393750 0.414062 0.370833 0.396875 0.364583
2 0.000000 0.218750 0.000000 0.337500 0.081250 0.362500 0.084375 0.350000 0.092188 0.352083 0.092188 0.333333 0.098437 0.331250 0.073438 0.239583
2 0.235937 0.197917 0.232813 0.297917 0.239063 0.347917 0.257812 0.377083 0.234375 0.404167 0.325000 0.416667 0.337500 0.385417 0.356250 0.391667 0.367188 0.427083 0.381250 0.429167 0.385937 0.337500 0.368750 0.333333 0.362500 0.275000 0.320312 0.270833 0.310937 0.243750 0.306250 0.270833
2 0.226562 0.197917 0.146875 0.254167 0.146875 0.262500 0.160938 0.270833 0.175000 0.297917 0.192188 0.289583 0.209375 0.302083 0.217188 0.297917 0.223438 0.306250
2 0.998437 0.025000 0.923438 0.014583 0.826562 0.275000 0.681250 0.254167 0.660937 0.341667 0.604688 0.337500 0.525000 0.452083 0.560937 0.472917 0.631250 0.404167 0.767188 0.370833 0.834375 0.393750 0.843750 0.481250 0.998437 0.475000
3 0.981250 0.606250 0.979688 0.610417 0.979688 0.631250 0.976562 0.637500 0.976562 0.641667 0.979688 0.647917 0.985938 0.652083 0.998437 0.654167 0.998437 0.610417 0.989062 0.608333 0.987500 0.606250
3 0.217188 0.504167 0.003125 0.547917 0.000000 0.606250 0.215625 0.535417
3 0.229687 0.477083 0.265625 0.485417 0.379688 0.491667 0.379688 0.485417
3 0.928125 0.543750 0.934375 0.487500 0.975000 0.487500 0.998437 0.477083 0.987500 0.477083 0.985938 0.472917 0.925000 0.472917
3 0.426563 0.456250 0.423438 0.456250 0.421875 0.468750 0.420312 0.452083 0.420312 0.477083 0.417187 0.479167 0.417187 0.452083 0.412500 0.452083 0.412500 0.481250 0.389062 0.485417 0.389062 0.495833 0.390625 0.491667 0.404687 0.491667 0.406250 0.487500 0.426563 0.483333
4 0.998437 0.479167 0.934375 0.489583 0.928125 0.545833 0.923438 0.481250 0.843750 0.483333 0.842187 0.600000 0.978125 0.647917 0.979688 0.606250 0.998437 0.608333
4 0.389062 0.443750 0.389062 0.483333 0.410938 0.481250 0.410938 0.452083 0.414062 0.450000 0.404687 0.445833
4 0.231250 0.410417 0.229687 0.475000 0.381250 0.481250 0.381250 0.431250
4 0.000000 0.339583 0.000000 0.547917 0.217188 0.502083 0.214062 0.402083
5 0.439063 0.312500 0.434375 0.364583 0.421875 0.393750 0.421875 0.466667 0.423438 0.385417 0.431250 0.370833 0.428125 0.481250 0.435937 0.368750 0.443750 0.362500 0.435937 0.362500
8 0.504687 0.406250 0.500000 0.416667 0.496875 0.408333 0.484375 0.412500 0.476562 0.427083 0.475000 0.439583 0.479687 0.445833 0.479687 0.470833 0.490625 0.472917 0.496875 0.464583 0.510938 0.464583 0.515625 0.454167 0.523438 0.452083 0.520312 0.422917 0.514062 0.416667 0.506250 0.422917
8 0.320312 0.418750 0.348438 0.422917 0.368750 0.431250 0.364063 0.422917 0.360938 0.406250 0.357812 0.404167 0.357812 0.395833 0.346875 0.393750 0.345313 0.389583 0.337500 0.387500 0.334375 0.389583 0.334375 0.397917 0.328125 0.404167 0.328125 0.414583 0.325000 0.418750
8 0.456250 0.381250 0.448437 0.389583 0.443750 0.420833 0.434375 0.425000 0.431250 0.475000 0.435937 0.464583 0.439063 0.475000 0.440625 0.429167 0.446875 0.470833 0.448437 0.406250 0.456250 0.408333 0.450000 0.416667 0.451562 0.468750 0.460938 0.454167 0.470313 0.456250
8 0.235937 0.312500 0.232813 0.316667 0.231250 0.408333 0.235937 0.406250 0.232813 0.400000 0.240625 0.389583 0.246875 0.387500 0.256250 0.377083 0.251563 0.360417 0.237500 0.347917 0.240625 0.320833 0.235937 0.316667
8 0.084375 0.352083 0.087500 0.364583 0.181250 0.387500 0.220312 0.410417 0.223438 0.308333 0.192188 0.291667 0.175000 0.300000 0.156250 0.270833 0.146875 0.281250 0.132812 0.275000 0.132812 0.304167 0.109375 0.295833 0.114062 0.329167 0.093750 0.333333 0.093750 0.352083
10 0.235937 0.183333 0.387500 0.335417 0.396875 0.150000 0.420312 0.395833 0.439063 0.310417 0.435937 0.422917 0.456250 0.379167 0.478125 0.445833 0.660937 0.339583 0.681250 0.252083 0.826562 0.272917 0.921875 0.014583 0.998437 0.000000 0.243750 0.000000
10 0.232813 0.000000 0.000000 0.000000 0.000000 0.216667 0.071875 0.235417 0.096875 0.329167 0.110937 0.331250 0.109375 0.293750 0.131250 0.304167 0.131250 0.275000 0.153125 0.270833 0.146875 0.252083 0.228125 0.193750
13 0.460938 0.456250 0.457813 0.460417 0.457813 0.464583 0.456250 0.466667 0.456250 0.481250 0.468750 0.481250 0.468750 0.479167 0.470313 0.477083 0.470313 0.472917 0.471875 0.470833 0.471875 0.466667 0.470313 0.464583 0.470313 0.458333 0.468750 0.456250 0.465625 0.456250 0.464062 0.458333 0.462500 0.456250
13 0.842187 0.620833 0.832812 0.393750 0.720313 0.372917 0.631250 0.406250 0.609375 0.447917 0.559375 0.477083 0.532813 0.454167 0.492188 0.472917 0.492188 0.491667 0.545312 0.512500 0.590625 0.572917 0.643750 0.583333 0.660937 0.627083 0.720313 0.610417 0.798438 0.645833