0 0.000000 0.868750 0.000000 0.997917 0.998437 0.997917 0.996875 0.760417 0.620313 0.595833 0.482812 0.470833 0.282813 0.491667 0.387500 0.543750
1 0.732812 0.612500 0.998437 0.760417 0.998437 0.643750 0.925000 0.639583 0.757812 0.577083 0.756250 0.593750
1 0.385937 0.539583 0.282813 0.504167 0.279687 0.525000 0.000000 0.606250 0.000000 0.866667
1 0.464062 0.470833 0.401562 0.497917 0.290625 0.481250 0.282813 0.487500 0.442188 0.502083 0.464062 0.481250
2 0.407813 0.368750 0.404687 0.433333 0.410938 0.435417 0.412500 0.439583 0.429688 0.439583 0.421875 0.429167 0.426563 0.416667 0.432812 0.418750 0.431250 0.397917 0.423438 0.391667 0.426563 0.379167 0.423438 0.372917
2 0.290625 0.245833 0.285938 0.366667 0.298438 0.391667 0.285938 0.412500 0.348438 0.418750 0.362500 0.395833 0.378125 0.427083 0.396875 0.431250 0.401562 0.341667 0.381250 0.335417 0.378125 0.287500 0.339062 0.281250 0.332813 0.256250 0.321875 0.279167
2 0.281250 0.233333 0.260937 0.212500 0.179688 0.268750 0.193750 0.285417 0.193750 0.329167 0.204687 0.331250 0.203125 0.312500 0.225000 0.304167 0.237500 0.325000 0.250000 0.320833 0.279687 0.331250
2 0.000000 0.193750 0.000000 0.337500 0.171875 0.377083 0.145313 0.337500 0.123438 0.327083 0.104688 0.245833 0.021875 0.227083 0.017188 0.202083
2 0.998437 0.091667 0.882812 0.070833 0.803125 0.289583 0.679688 0.268750 0.659375 0.347917 0.607812 0.343750 0.531250 0.454167 0.564063 0.466667 0.609375 0.416667 0.687500 0.397917 0.748437 0.414583 0.757812 0.483333 0.998437 0.458333
3 0.757812 0.550000 0.756250 0.575000 0.764062 0.579167 0.793750 0.585417 0.790625 0.570833 0.785937 0.560417 0.785937 0.554167 0.782813 0.550000 0.776563 0.550000 0.775000 0.552083
3 0.271875 0.497917 0.000000 0.545833 0.000000 0.604167 0.264062 0.527083
3 0.292187 0.481250 0.395313 0.491667 0.395313 0.483333 0.328125 0.477083 0.295312 0.477083
3 0.923438 0.472917 0.914062 0.589583 0.873437 0.583333 0.870313 0.612500 0.932813 0.639583 0.998437 0.641667 0.998437 0.612500 0.954688 0.602083 0.953125 0.520833 0.939063 0.520833 0.932813 0.502083 0.942187 0.472917
4 0.921875 0.472917 0.918750 0.487500 0.779687 0.475000 0.757812 0.485417 0.759375 0.547917 0.782813 0.547917 0.798438 0.587500 0.870313 0.614583 0.873437 0.581250 0.906250 0.589583 0.915625 0.581250
4 0.945312 0.452083 0.940625 0.470833 0.943750 0.483333 0.935937 0.489583 0.934375 0.502083 0.939063 0.518750 0.948438 0.512500 0.954688 0.520833 0.956250 0.602083 0.998437 0.610417 0.998437 0.460417
4 0.406250 0.441667 0.403125 0.481250 0.420312 0.481250 0.423438 0.475000 0.425000 0.454167 0.428125 0.460417 0.426563 0.477083 0.429688 0.477083 0.429688 0.447917 0.421875 0.445833 0.420312 0.441667
4 0.285938 0.414583 0.284375 0.479167 0.328125 0.475000 0.395313 0.481250 0.396875 0.433333
4 0.000000 0.339583 0.000000 0.543750 0.273438 0.491667 0.270313 0.410417
5 0.450000 0.320833 0.445312 0.370833 0.437500 0.375000 0.432812 0.389583 0.432812 0.483333 0.435937 0.472917 0.439063 0.481250 0.442188 0.466667 0.445312 0.375000 0.454688 0.366667 0.446875 0.366667
5 0.379688 0.010417 0.309375 0.052083 0.289062 0.093750 0.276562 0.522917 0.295312 0.087500
8 0.512500 0.408333 0.509375 0.416667 0.506250 0.410417 0.495312 0.412500 0.484375 0.427083 0.489063 0.470833 0.498437 0.472917 0.503125 0.464583 0.515625 0.466667 0.521875 0.454167 0.529687 0.454167 0.532813 0.450000 0.528125 0.422917 0.518750 0.420833 0.515625 0.425000
8 0.343750 0.420833 0.348438 0.422917 0.365625 0.422917 0.379688 0.429167 0.376563 0.427083 0.376563 0.414583 0.373437 0.412500 0.371875 0.406250 0.362500 0.397917 0.357812 0.397917 0.351562 0.408333 0.350000 0.418750 0.348438 0.420833
8 0.464062 0.381250 0.453125 0.420833 0.443750 0.431250 0.442188 0.475000 0.445312 0.462500 0.450000 0.475000 0.451562 0.425000 0.454688 0.472917 0.459375 0.402083 0.464062 0.412500 0.457813 0.470833 0.470313 0.454167 0.478125 0.454167
8 0.167187 0.379167 0.276562 0.412500 0.279687 0.333333 0.250000 0.322917 0.237500 0.327083 0.225000 0.306250 0.206250 0.310417 0.206250 0.331250 0.198437 0.335417 0.187500 0.329167 0.185938 0.362500
10 0.000000 0.191667 0.175000 0.372917 0.178125 0.268750 0.282813 0.235417 0.295312 0.068750 0.379688 0.008333 0.300000 0.077083 0.292187 0.243750 0.401562 0.339583 0.414062 0.177083 0.409375 0.368750 0.450000 0.318750 0.485938 0.445833 0.679688 0.266667 0.803125 0.287500 0.876563 0.075000 0.998437 0.089583 0.998437 0.000000 0.001563 0.000000
13 0.470313 0.456250 0.468750 0.458333 0.468750 0.460417 0.465625 0.464583 0.465625 0.481250 0.478125 0.481250 0.478125 0.479167 0.479687 0.477083 0.479687 0.472917 0.481250 0.470833 0.481250 0.468750 0.479687 0.466667 0.479687 0.460417 0.478125 0.458333 0.478125 0.456250
13 0.754687 0.593750 0.759375 0.500000 0.745313 0.414583 0.662500 0.400000 0.609375 0.418750 0.560937 0.470833 0.521875 0.456250 0.500000 0.472917 0.503125 0.495833 0.545312 0.508333 0.546875 0.531250 0.560937 0.529167 0.575000 0.558333 0.606250 0.554167 0.620313 0.593750 0.646875 0.575000 0.701562 0.585417 0.714063 0.610417