0 0.000000 0.481250 0.253125 0.595833 0.000000 0.854167 0.000000 0.997917 0.998437 0.997917 0.998437 0.872917 0.900000 0.852083 0.848437 0.731250 0.651563 0.645833 0.470313 0.472917
1 0.000000 0.852083 0.235937 0.643750 0.251563 0.614583 0.248438 0.583333 0.160938 0.535417 0.000000 0.508333
1 0.000000 0.468750 0.029687 0.485417 0.396875 0.510417 0.432812 0.481250 0.426563 0.468750 0.337500 0.504167
2 0.351562 0.322917 0.348438 0.422917 0.390625 0.439583 0.389062 0.427083 0.384375 0.425000 0.392188 0.412500 0.387500 0.360417 0.368750 0.358333 0.365625 0.322917
2 0.050000 0.204167 0.070312 0.225000 0.068750 0.293750 0.025000 0.333333 0.028125 0.368750 0.270313 0.402083 0.287500 0.362500 0.339062 0.418750 0.340625 0.372917 0.318750 0.370833 0.342187 0.347917 0.325000 0.247917 0.278125 0.241667 0.267188 0.210417 0.262500 0.237500 0.159375 0.129167
2 0.998437 0.010417 0.876563 0.281250 0.782813 0.220833 0.692187 0.222917 0.662500 0.333333 0.596875 0.322917 0.506250 0.447917 0.559375 0.502083 0.606250 0.439583 0.670312 0.445833 0.750000 0.350000 0.998437 0.256250
3 0.000000 0.458333 0.021875 0.470833 0.335938 0.495833
3 0.398438 0.452083 0.398438 0.472917 0.393750 0.483333 0.381250 0.479167 0.378125 0.483333 0.346875 0.487500 0.346875 0.495833 0.371875 0.491667 0.373437 0.487500 0.384375 0.487500 0.400000 0.481250
4 0.348438 0.435417 0.346875 0.485417 0.378125 0.481250 0.381250 0.477083 0.387500 0.479167 0.385937 0.477083 0.387500 0.447917
4 0.000000 0.389583 0.000000 0.456250 0.335938 0.485417 0.329688 0.431250
5 0.412500 0.293750 0.409375 0.350000 0.395313 0.368750 0.392188 0.481250 0.396875 0.366667 0.407813 0.358333 0.403125 0.481250 0.409375 0.354167 0.420312 0.347917 0.410938 0.347917
5 0.357812 0.072917 0.337500 0.502083 0.345313 0.502083
8 0.348438 0.425000 0.350000 0.435417 0.387500 0.445833 0.389062 0.479167 0.390625 0.454167 0.389062 0.437500 0.382812 0.435417 0.375000 0.437500 0.354687 0.425000
8 0.407813 0.420833 0.406250 0.425000 0.404687 0.472917 0.407813 0.472917 0.407813 0.466667 0.410938 0.462500 0.412500 0.464583 0.412500 0.472917 0.415625 0.472917 0.414062 0.458333 0.415625 0.456250 0.417187 0.420833 0.414062 0.422917
8 0.465625 0.408333 0.456250 0.420833 0.453125 0.431250 0.457813 0.458333 0.456250 0.468750 0.470313 0.470833 0.476562 0.462500 0.495312 0.464583 0.498437 0.454167 0.504687 0.447917 0.498437 0.420833 0.489063 0.416667 0.484375 0.422917 0.482812 0.406250 0.479687 0.412500 0.475000 0.406250
8 0.432812 0.377083 0.425000 0.389583 0.429688 0.404167 0.425000 0.454167 0.421875 0.439583 0.423438 0.406250 0.420312 0.410417 0.420312 0.470833 0.432812 0.466667 0.434375 0.456250 0.445312 0.454167 0.446875 0.445833 0.443750 0.443750 0.443750 0.427083 0.439063 0.422917 0.439063 0.395833
8 0.337500 0.433333 0.337500 0.420833 0.321875 0.414583 0.310937 0.375000 0.287500 0.364583 0.270313 0.404167 0.146875 0.385417 0.110937 0.393750 0.117188 0.402083 0.107813 0.404167
8 0.042188 0.197917 0.012500 0.225000 0.012500 0.247917 0.000000 0.245833 0.000000 0.387500 0.009375 0.393750 0.043750 0.393750 0.035937 0.389583 0.050000 0.375000 0.028125 0.370833 0.017188 0.352083 0.029687 0.345833 0.026562 0.329167 0.056250 0.320833 0.067187 0.293750 0.067187 0.275000 0.046875 0.279167 0.050000 0.210417
9 0.037500 0.391667 0.106250 0.404167 0.115625 0.402083 0.110937 0.397917 0.110937 0.391667 0.131250 0.385417 0.051562 0.375000 0.043750 0.389583
10 0.051562 0.212500 0.048438 0.212500 0.050000 0.216667 0.046875 0.218750 0.045312 0.258333 0.048438 0.279167 0.060937 0.277083 0.062500 0.272917 0.068750 0.270833 0.067187 0.262500 0.068750 0.225000 0.064062 0.218750 0.054688 0.216667
10 0.000000 0.243750 0.159375 0.127083 0.343750 0.318750 0.357812 0.070833 0.351562 0.320833 0.404687 0.404167 0.412500 0.291667 0.454688 0.445833 0.662500 0.331250 0.692187 0.220833 0.876563 0.279167 0.998437 0.000000 0.000000 0.000000
13 0.435937 0.456250 0.435937 0.462500 0.434375 0.464583 0.434375 0.470833 0.432812 0.472917 0.432812 0.477083 0.434375 0.477083 0.435937 0.479167 0.435937 0.481250 0.445312 0.481250 0.445312 0.479167 0.448437 0.475000 0.450000 0.475000 0.450000 0.460417 0.448437 0.460417 0.446875 0.458333 0.446875 0.456250
13 0.998437 0.870833 0.998437 0.258333 0.750000 0.352083 0.670312 0.447917 0.606250 0.441667 0.559375 0.504167 0.523438 0.452083 0.471875 0.468750 0.601562 0.600000 0.637500 0.579167 0.651563 0.643750 0.689063 0.631250 0.848437 0.729167 0.900000 0.850000