0 0.000000 0.487500 0.000000 0.564583 0.065625 0.635417 0.000000 0.764583 0.000000 0.997917 0.998437 0.997917 0.998437 0.879167 0.879687 0.852083 0.821875 0.685417 0.701562 0.691667 0.470313 0.472917 0.362500 0.518750
1 0.000000 0.566667 0.001563 0.762500 0.051562 0.689583 0.062500 0.662500 0.064062 0.635417 0.048438 0.597917
1 0.579688 0.518750 0.579688 0.522917 0.578125 0.525000 0.578125 0.543750 0.582812 0.543750 0.598437 0.554167 0.598437 0.545833 0.600000 0.543750 0.600000 0.535417 0.601562 0.533333 0.601562 0.529167 0.598437 0.527083 0.592187 0.527083
1 0.000000 0.462500 0.000000 0.485417 0.393750 0.512500 0.431250 0.477083 0.312500 0.508333
2 0.398438 0.385417 0.393750 0.385417 0.392188 0.408333 0.390625 0.410417 0.390625 0.439583 0.392188 0.439583 0.395313 0.445833 0.396875 0.441667 0.396875 0.422917 0.400000 0.412500
2 0.298438 0.352083 0.303125 0.358333 0.306250 0.368750 0.303125 0.383333 0.304688 0.387500 0.303125 0.397917 0.309375 0.404167 0.315625 0.404167 0.317188 0.397917 0.317188 0.362500 0.318750 0.360417 0.318750 0.352083
2 0.331250 0.306250 0.328125 0.408333 0.387500 0.433333 0.385937 0.354167 0.364063 0.347917 0.362500 0.310417
2 0.989062 0.345833 0.912500 0.235417 0.839063 0.220833 0.834375 0.191667 0.806250 0.212500 0.729688 0.193750 0.689063 0.327083 0.607812 0.314583 0.596875 0.368750 0.562500 0.362500 0.503125 0.427083 0.506250 0.454167 0.629687 0.487500 0.692187 0.425000 0.875000 0.460417 0.896875 0.489583 0.962500 0.439583
2 0.000000 0.137500 0.003125 0.345833 0.232813 0.381250 0.232813 0.354167 0.267188 0.331250 0.271875 0.283333 0.303125 0.308333 0.295312 0.347917 0.318750 0.341667 0.317188 0.222917 0.262500 0.212500 0.250000 0.177083 0.245312 0.204167 0.123438 0.068750
3 0.579688 0.504167 0.579688 0.516667 0.581250 0.518750 0.587500 0.520833 0.592187 0.525000 0.598437 0.525000 0.600000 0.527083 0.603125 0.527083 0.603125 0.520833 0.606250 0.512500 0.603125 0.510417 0.598437 0.510417 0.596875 0.508333 0.582812 0.508333 0.581250 0.504167
3 0.396875 0.456250 0.390625 0.460417 0.390625 0.472917 0.387500 0.479167 0.378125 0.479167 0.375000 0.475000 0.373437 0.479167 0.360938 0.483333 0.326562 0.485417 0.325000 0.495833 0.359375 0.491667 0.360938 0.487500 0.376563 0.487500 0.396875 0.479167
3 0.000000 0.454167 0.310937 0.495833 0.310937 0.485417
4 0.576562 0.483333 0.578125 0.500000 0.582812 0.506250 0.596875 0.506250 0.606250 0.510417 0.610938 0.502083 0.626563 0.491667 0.628125 0.470833 0.578125 0.470833
4 0.328125 0.427083 0.326562 0.483333 0.360938 0.481250 0.373437 0.477083 0.375000 0.472917 0.378125 0.477083 0.385937 0.477083 0.385937 0.452083 0.381250 0.450000 0.378125 0.439583 0.362500 0.437500 0.340625 0.427083
4 0.000000 0.381250 0.000000 0.452083 0.312500 0.481250 0.310937 0.420833 0.134375 0.387500
5 0.412500 0.279167 0.407813 0.335417 0.390625 0.360417 0.387500 0.477083 0.392188 0.358333 0.406250 0.343750 0.398438 0.481250 0.407813 0.341667 0.418750 0.333333 0.409375 0.333333
5 0.343750 0.000000 0.312500 0.506250 0.323437 0.497917
8 0.406250 0.416667 0.404687 0.418750 0.403125 0.468750 0.404687 0.470833 0.404687 0.460417 0.407813 0.458333 0.410938 0.462500 0.410938 0.470833 0.412500 0.470833 0.415625 0.416667 0.412500 0.418750
8 0.328125 0.414583 0.328125 0.425000 0.340625 0.425000 0.362500 0.435417 0.373437 0.435417 0.382812 0.443750 0.382812 0.450000 0.385937 0.450000 0.387500 0.435417 0.379688 0.429167 0.368750 0.431250 0.360938 0.425000 0.354687 0.425000 0.353125 0.420833 0.346875 0.420833 0.345313 0.416667
8 0.501563 0.422917 0.496875 0.416667 0.489063 0.416667 0.487500 0.420833 0.482812 0.414583 0.482812 0.404167 0.481250 0.410417 0.478125 0.406250 0.465625 0.406250 0.454688 0.422917 0.456250 0.468750 0.471875 0.470833 0.475000 0.462500 0.501563 0.464583 0.506250 0.447917
8 0.435937 0.375000 0.431250 0.375000 0.428125 0.385417 0.432812 0.402083 0.428125 0.404167 0.425000 0.466667 0.423438 0.406250 0.420312 0.410417 0.418750 0.468750 0.431250 0.466667 0.432812 0.458333 0.445312 0.452083 0.446875 0.445833 0.439063 0.418750
8 0.314063 0.420833 0.290625 0.341667 0.301563 0.308333 0.278125 0.285417 0.268750 0.289583 0.268750 0.331250 0.234375 0.354167 0.232813 0.383333 0.145313 0.368750 0.078125 0.383333
9 0.000000 0.343750 0.000000 0.379167 0.076563 0.383333 0.093750 0.370833 0.139063 0.370833 0.129688 0.364583
10 0.404687 0.343750 0.401562 0.343750 0.396875 0.350000 0.393750 0.358333 0.393750 0.383333 0.398438 0.383333 0.400000 0.385417 0.400000 0.397917 0.400000 0.391667 0.403125 0.389583 0.401562 0.377083 0.403125 0.375000 0.403125 0.360417 0.404687 0.358333 0.404687 0.350000 0.403125 0.345833
10 0.000000 0.166667 0.000000 0.266667 0.006250 0.270833 0.006250 0.247917 0.009375 0.245833 0.006250 0.229167 0.009375 0.227083 0.007812 0.200000 0.010937 0.183333 0.009375 0.172917
10 0.345313 0.000000 0.331250 0.304167 0.389062 0.383333 0.412500 0.277083 0.406250 0.402083 0.435937 0.372917 0.446875 0.443750 0.596875 0.366667 0.607812 0.312500 0.689063 0.325000 0.729688 0.191667 0.912500 0.233333 0.993750 0.343750 0.998437 0.000000
10 0.000000 0.000000 0.000000 0.135417 0.115625 0.062500 0.245312 0.202083 0.250000 0.175000 0.262500 0.210417 0.317188 0.220833 0.323437 0.268750 0.335938 0.000000
13 0.437500 0.454167 0.434375 0.458333 0.434375 0.462500 0.432812 0.464583 0.432812 0.477083 0.446875 0.477083 0.446875 0.475000 0.448437 0.472917 0.450000 0.472917 0.450000 0.458333 0.448437 0.458333 0.446875 0.456250 0.446875 0.454167
13 0.475000 0.464583 0.471875 0.491667 0.478125 0.491667 0.482812 0.502083 0.493750 0.502083 0.500000 0.516667 0.509375 0.516667 0.521875 0.531250 0.543750 0.527083 0.562500 0.533333 0.568750 0.543750 0.576562 0.539583 0.576562 0.487500 0.568750 0.470833 0.520312 0.447917 0.510938 0.450000 0.501563 0.466667
13 0.998437 0.877083 0.998437 0.343750 0.964063 0.439583 0.896875 0.491667 0.707812 0.425000 0.607812 0.508333 0.604688 0.608333 0.682813 0.633333 0.709375 0.693750 0.750000 0.660417 0.821875 0.683333 0.879687 0.850000