0 0.000000 0.525000 0.000000 0.997917 0.998437 0.997917 0.998437 0.885417 0.831250 0.831250 0.785937 0.670833 0.539062 0.560417 0.467187 0.472917 0.340625 0.535417
1 0.620313 0.543750 0.614062 0.570833 0.787500 0.672917 0.795312 0.608333
1 0.421875 0.466667 0.250000 0.504167 0.246875 0.525000 0.234375 0.504167 0.000000 0.483333 0.000000 0.522917 0.340625 0.533333 0.410938 0.491667
2 0.257812 0.316667 0.259375 0.329167 0.256250 0.343750 0.257812 0.345833 0.256250 0.377083 0.257812 0.379167 0.264062 0.379167 0.267188 0.377083 0.265625 0.366667 0.267188 0.364583 0.267188 0.350000 0.268750 0.347917 0.267188 0.345833 0.268750 0.327083 0.267188 0.322917
2 0.228125 0.297917 0.226562 0.310417 0.240625 0.329167 0.242188 0.343750 0.237500 0.352083 0.237500 0.360417 0.240625 0.366667 0.242188 0.364583 0.240625 0.352083 0.243750 0.331250 0.243750 0.300000 0.229687 0.300000
2 0.267188 0.172917 0.260937 0.289583 0.275000 0.291667 0.285938 0.322917 0.273438 0.331250 0.273438 0.381250 0.339062 0.418750 0.367188 0.422917 0.371875 0.341667 0.348438 0.335417 0.345313 0.291667 0.301563 0.281250 0.285938 0.175000
2 0.998437 0.183333 0.928125 0.164583 0.928125 0.127083 0.881250 0.154167 0.792188 0.127083 0.728125 0.316667 0.623437 0.295833 0.606250 0.360417 0.565625 0.352083 0.557813 0.389583 0.500000 0.422917 0.498437 0.460417 0.790625 0.464583 0.998437 0.497917
2 0.000000 0.000000 0.000000 0.310417 0.142187 0.339583 0.153125 0.272917 0.187500 0.254167 0.207813 0.270833 0.210938 0.200000 0.239063 0.283333 0.253125 0.168750 0.221875 0.162500 0.220312 0.129167 0.203125 0.120833 0.195312 0.147917 0.067187 0.000000
3 0.687500 0.468750 0.682813 0.468750 0.679688 0.479167 0.678125 0.520833 0.673438 0.535417 0.620313 0.520833 0.620313 0.541667 0.685937 0.560417
3 0.717187 0.468750 0.710938 0.575000 0.795312 0.606250 0.787500 0.529167 0.796875 0.470833 0.773438 0.468750 0.771875 0.543750 0.760938 0.556250 0.725000 0.541667 0.729688 0.468750
3 0.000000 0.464583 0.001563 0.485417 0.234375 0.502083 0.235937 0.489583
3 0.381250 0.443750 0.370312 0.447917 0.364063 0.479167 0.354687 0.477083 0.356250 0.435417 0.351562 0.435417 0.345313 0.479167 0.268750 0.487500 0.265625 0.502083 0.295312 0.502083 0.381250 0.481250
4 0.793750 0.600000 0.812500 0.560417 0.843750 0.541667 0.951562 0.529167 0.975000 0.510417 0.796875 0.487500 0.789062 0.529167
4 0.731250 0.472917 0.726562 0.541667 0.748437 0.552083 0.767188 0.554167 0.771875 0.522917 0.771875 0.475000
4 0.689063 0.468750 0.685937 0.558333 0.690625 0.564583 0.709375 0.568750 0.715625 0.472917
4 0.673438 0.533333 0.681250 0.468750 0.670312 0.472917 0.607812 0.472917 0.620313 0.518750 0.670312 0.529167
4 0.271875 0.406250 0.268750 0.485417 0.345313 0.477083 0.348438 0.431250
4 0.259375 0.404167 0.254688 0.406250 0.253125 0.418750 0.251563 0.485417 0.260937 0.485417 0.264062 0.443750 0.262500 0.422917 0.264062 0.406250
4 0.000000 0.352083 0.000000 0.462500 0.235937 0.481250 0.232813 0.395833
5 0.271875 0.327083 0.265625 0.379167 0.262500 0.502083 0.267188 0.487500
5 0.400000 0.252083 0.395313 0.308333 0.375000 0.327083 0.367188 0.458333 0.373437 0.339583 0.390625 0.316667 0.382812 0.479167 0.395313 0.316667 0.404687 0.308333 0.396875 0.308333
5 0.275000 0.000000 0.260937 0.010417 0.237500 0.522917 0.248438 0.514583
7 0.259375 0.291667 0.259375 0.302083 0.260937 0.304167 0.259375 0.310417 0.260937 0.312500 0.260937 0.316667 0.267188 0.320833 0.268750 0.325000 0.271875 0.325000 0.278125 0.329167 0.282813 0.329167 0.284375 0.327083 0.282813 0.318750 0.281250 0.318750 0.278125 0.312500 0.273438 0.308333 0.275000 0.304167 0.275000 0.293750 0.271875 0.291667
8 0.498437 0.422917 0.489063 0.414583 0.479687 0.420833 0.478125 0.402083 0.473438 0.408333 0.470313 0.404167 0.456250 0.406250 0.446875 0.427083 0.446875 0.435417 0.451562 0.441667 0.448437 0.445833 0.451562 0.452083 0.451562 0.468750 0.465625 0.470833 0.468750 0.462500 0.498437 0.464583 0.496875 0.456250 0.501563 0.445833
8 0.273438 0.383333 0.271875 0.404167 0.348438 0.429167 0.365625 0.441667 0.367188 0.425000 0.339062 0.420833 0.293750 0.389583
8 0.426563 0.372917 0.421875 0.372917 0.423438 0.391667 0.417187 0.397917 0.415625 0.445833 0.414062 0.404167 0.406250 0.437500 0.404687 0.414583 0.390625 0.410417 0.389062 0.466667 0.395313 0.456250 0.400000 0.466667 0.404687 0.439583 0.410938 0.466667 0.421875 0.464583 0.428125 0.452083 0.440625 0.452083 0.435937 0.422917 0.429688 0.416667 0.434375 0.408333
8 0.221875 0.212500 0.210938 0.202083 0.207813 0.272917 0.187500 0.256250 0.168750 0.281250 0.151562 0.277083 0.156250 0.325000 0.140625 0.320833 0.142187 0.341667 0.000000 0.312500 0.000000 0.350000 0.240625 0.397917
10 0.390625 0.318750 0.384375 0.320833 0.376563 0.333333 0.375000 0.339583 0.375000 0.377083 0.387500 0.379167 0.389062 0.370833 0.387500 0.358333 0.390625 0.341667 0.389062 0.333333 0.392188 0.331250
10 0.275000 0.008333 0.303125 0.281250 0.371875 0.339583 0.400000 0.250000 0.392188 0.397917 0.426563 0.370833 0.440625 0.443750 0.606250 0.358333 0.623437 0.293750 0.728125 0.314583 0.792188 0.125000 0.928125 0.125000 0.998437 0.181250 0.998437 0.000000
10 0.068750 0.000000 0.195312 0.145833 0.207813 0.116667 0.225000 0.135417 0.221875 0.160417 0.254688 0.164583 0.260937 0.000000
13 0.998437 0.500000 0.951562 0.531250 0.848437 0.541667 0.806250 0.572917 0.789062 0.718750 0.843750 0.841667 0.900000 0.860417 0.926562 0.827083 0.998437 0.883333
13 0.428125 0.454167 0.423438 0.462500 0.423438 0.477083 0.440625 0.477083 0.440625 0.475000 0.442188 0.472917 0.442188 0.456250 0.440625 0.454167
13 0.464062 0.477083 0.467187 0.495833 0.496875 0.506250 0.503125 0.527083 0.518750 0.527083 0.523438 0.543750 0.535937 0.537500 0.539062 0.558333 0.560937 0.547917 0.595313 0.558333 0.604688 0.572917 0.615625 0.564583 0.618750 0.510417 0.603125 0.470833 0.565625 0.462500 0.556250 0.447917 0.517188 0.443750 0.504687 0.466667 0.468750 0.464583