0 0.000000 0.779167 0.000000 0.997917 0.998437 0.997917 0.996875 0.835417 0.807813 0.833333 0.764062 0.722917 0.446875 0.468750
1 0.592187 0.531250 0.587500 0.558333 0.595313 0.560417 0.604688 0.568750 0.615625 0.572917 0.615625 0.550000 0.617188 0.547917 0.617188 0.541667 0.610938 0.537500 0.598437 0.535417 0.595313 0.531250
1 0.412500 0.466667 0.000000 0.570833 0.000000 0.777083 0.400000 0.495833
2 0.348438 0.354167 0.345313 0.425000 0.351562 0.433333 0.371875 0.437500 0.373437 0.402083 0.378125 0.397917 0.389062 0.400000 0.389062 0.395833 0.376563 0.389583 0.373437 0.364583 0.350000 0.362500
2 0.290625 0.216667 0.281250 0.414583 0.295312 0.422917 0.303125 0.408333 0.337500 0.414583 0.345313 0.304167 0.298438 0.297917
2 0.998437 0.250000 0.959375 0.200000 0.810937 0.168750 0.809375 0.120833 0.801562 0.166667 0.748437 0.154167 0.703125 0.306250 0.609375 0.300000 0.590625 0.366667 0.515625 0.393750 0.503125 0.456250 0.542188 0.439583 0.573438 0.477083 0.589063 0.443750 0.667188 0.445833 0.753125 0.341667 0.912500 0.272917 0.998437 0.283333
2 0.000000 0.000000 0.000000 0.262500 0.129688 0.327083 0.135937 0.364583 0.201563 0.356250 0.276562 0.393750 0.285938 0.208333 0.204687 0.195833 0.179688 0.162500 0.134375 0.000000
3 0.312500 0.441667 0.309375 0.458333 0.309375 0.483333 0.303125 0.489583 0.279687 0.493750 0.279687 0.506250 0.293750 0.506250 0.295312 0.502083 0.310937 0.502083 0.317188 0.497917 0.310937 0.493750
3 0.343750 0.431250 0.340625 0.491667 0.343750 0.487500 0.371875 0.483333 0.378125 0.477083 0.387500 0.477083 0.385937 0.466667 0.373437 0.470833 0.371875 0.475000 0.367188 0.470833 0.354687 0.475000 0.351562 0.470833 0.354687 0.435417 0.345313 0.435417
3 0.335938 0.431250 0.325000 0.431250 0.328125 0.441667 0.326562 0.443750 0.326562 0.487500 0.323437 0.495833 0.329688 0.495833 0.337500 0.491667 0.335938 0.487500
3 0.196875 0.383333 0.206250 0.397917 0.198437 0.520833 0.182812 0.529167 0.273438 0.508333 0.271875 0.495833 0.217188 0.502083 0.217188 0.429167 0.225000 0.397917 0.215625 0.385417
3 0.176563 0.375000 0.143750 0.364583 0.156250 0.377083 0.150000 0.510417 0.000000 0.535417 0.000000 0.568750 0.171875 0.533333
4 0.354687 0.437500 0.353125 0.462500 0.354687 0.472917 0.365625 0.470833 0.368750 0.454167 0.373437 0.456250 0.373437 0.468750 0.379688 0.468750 0.382812 0.450000 0.384375 0.464583 0.385937 0.464583 0.385937 0.452083 0.381250 0.443750 0.364063 0.437500
4 0.281250 0.416667 0.279687 0.491667 0.307812 0.483333 0.309375 0.441667 0.312500 0.439583 0.312500 0.493750 0.321875 0.495833 0.326562 0.441667 0.323437 0.431250 0.312500 0.435417 0.309375 0.427083
4 0.223438 0.400000 0.221875 0.427083 0.218750 0.429167 0.218750 0.502083 0.271875 0.493750 0.275000 0.416667 0.256250 0.406250
4 0.178125 0.385417 0.171875 0.420833 0.171875 0.529167 0.190625 0.527083 0.196875 0.520833 0.204687 0.397917
4 0.000000 0.320833 0.000000 0.533333 0.150000 0.508333 0.153125 0.372917
5 0.359375 0.106250 0.354687 0.135417 0.289062 0.185417 0.275000 0.508333 0.290625 0.193750 0.354687 0.143750 0.340625 0.485417
8 0.582812 0.500000 0.585938 0.506250 0.623437 0.514583 0.626563 0.504167 0.653125 0.472917 0.665625 0.445833 0.650000 0.441667 0.589063 0.445833 0.581250 0.466667
8 0.523438 0.452083 0.526563 0.456250 0.537500 0.456250 0.560937 0.462500 0.570312 0.475000 0.571875 0.462500 0.568750 0.456250 0.565625 0.456250 0.562500 0.452083 0.554688 0.452083 0.551562 0.456250 0.546875 0.456250 0.542188 0.441667 0.531250 0.441667
8 0.298438 0.422917 0.303125 0.425000 0.314063 0.425000 0.315625 0.429167 0.337500 0.429167 0.337500 0.416667 0.326562 0.410417 0.323437 0.410417 0.318750 0.414583 0.314063 0.414583 0.312500 0.410417 0.303125 0.410417
8 0.378125 0.400000 0.375000 0.402083 0.375000 0.408333 0.373437 0.410417 0.373437 0.437500 0.370312 0.439583 0.381250 0.441667 0.385937 0.450000 0.387500 0.447917 0.387500 0.406250 0.389062 0.404167 0.384375 0.400000
8 0.504687 0.412500 0.500000 0.408333 0.496875 0.416667 0.482812 0.408333 0.479687 0.414583 0.476562 0.393750 0.473438 0.406250 0.465625 0.395833 0.457813 0.397917 0.448437 0.408333 0.443750 0.425000 0.448437 0.441667 0.448437 0.468750 0.476562 0.475000 0.482812 0.458333 0.490625 0.454167 0.492188 0.443750 0.500000 0.456250 0.504687 0.454167 0.509375 0.441667
8 0.420312 0.362500 0.409375 0.379167 0.406250 0.412500 0.398438 0.414583 0.392188 0.402083 0.390625 0.447917 0.396875 0.464583 0.401562 0.416667 0.404687 0.466667 0.404687 0.418750 0.414062 0.404167 0.421875 0.406250 0.410938 0.414583 0.409375 0.464583 0.421875 0.447917 0.435937 0.443750 0.432812 0.422917 0.423438 0.414583 0.428125 0.385417
8 0.175000 0.370833 0.179688 0.387500 0.195312 0.389583 0.196875 0.381250 0.223438 0.387500 0.226562 0.397917 0.256250 0.404167 0.275000 0.414583 0.275000 0.393750 0.220312 0.364583 0.181250 0.358333
8 0.000000 0.264583 0.000000 0.318750 0.132812 0.362500 0.129688 0.329167
9 0.589063 0.508333 0.592187 0.516667 0.592187 0.529167 0.595313 0.529167 0.598437 0.533333 0.604688 0.533333 0.617188 0.539583 0.621875 0.516667 0.615625 0.516667 0.596875 0.508333
10 0.159375 0.170833 0.160938 0.172917 0.157812 0.179167 0.157812 0.183333 0.160938 0.183333 0.162500 0.185417 0.176563 0.185417 0.178125 0.187500 0.179688 0.185417 0.179688 0.175000 0.181250 0.172917 0.178125 0.170833 0.175000 0.170833 0.173437 0.168750 0.167187 0.168750 0.165625 0.166667 0.162500 0.166667 0.162500 0.168750
10 0.354687 0.145833 0.314063 0.160417 0.295312 0.181250 0.292187 0.225000 0.300000 0.297917 0.345313 0.302083
10 0.135937 0.000000 0.204687 0.193750 0.285938 0.206250 0.362500 0.108333 0.350000 0.360417 0.398438 0.412500 0.407813 0.335417 0.437500 0.443750 0.590625 0.364583 0.609375 0.297917 0.703125 0.304167 0.810937 0.068750 0.810937 0.166667 0.998437 0.247917 0.998437 0.000000
13 0.484375 0.458333 0.476562 0.508333 0.498437 0.508333 0.500000 0.531250 0.509375 0.531250 0.515625 0.545833 0.539062 0.539583 0.585938 0.558333 0.590625 0.516667 0.581250 0.489583 0.564063 0.466667 0.525000 0.456250 0.512500 0.466667 0.506250 0.458333
13 0.421875 0.450000 0.420312 0.454167 0.414062 0.460417 0.414062 0.481250 0.432812 0.481250 0.432812 0.479167 0.435937 0.477083 0.435937 0.452083 0.434375 0.450000
13 0.998437 0.285417 0.912500 0.275000 0.717187 0.375000 0.621875 0.520833 0.623437 0.643750 0.656250 0.633333 0.764062 0.720833 0.781250 0.797917 0.818750 0.837500 0.887500 0.804167 0.998437 0.835417