0 0.000000 0.781250 0.000000 0.997917 0.998437 0.997917 0.996875 0.816667 0.800000 0.820833 0.748437 0.708333 0.450000 0.468750
1 0.592187 0.531250 0.590625 0.543750 0.589063 0.545833 0.589063 0.558333 0.593750 0.558333 0.596875 0.562500 0.609375 0.570833 0.612500 0.570833 0.612500 0.556250 0.614062 0.554167 0.614062 0.541667 0.615625 0.539583 0.606250 0.535417 0.598437 0.535417 0.596875 0.531250
1 0.415625 0.466667 0.000000 0.570833 0.000000 0.779167 0.401562 0.495833
2 0.350000 0.358333 0.350000 0.404167 0.346875 0.406250 0.348438 0.427083 0.351562 0.433333 0.375000 0.437500 0.375000 0.406250 0.378125 0.400000 0.389062 0.402083 0.390625 0.395833 0.376563 0.385417 0.376563 0.364583 0.351562 0.362500
2 0.293750 0.229167 0.287500 0.414583 0.298438 0.422917 0.304688 0.408333 0.340625 0.414583 0.346875 0.306250 0.300000 0.295833
2 0.998437 0.256250 0.959375 0.202083 0.810937 0.170833 0.807813 0.137500 0.801562 0.168750 0.748437 0.156250 0.703125 0.304167 0.610938 0.300000 0.592187 0.366667 0.554688 0.362500 0.507812 0.412500 0.506250 0.456250 0.662500 0.445833 0.750000 0.341667 0.893750 0.283333 0.998437 0.300000
2 0.000000 0.000000 0.000000 0.260417 0.139063 0.331250 0.145313 0.366667 0.223438 0.362500 0.279687 0.393750 0.289062 0.208333 0.204687 0.191667 0.139063 0.000000
3 0.328125 0.431250 0.331250 0.464583 0.325000 0.495833 0.368750 0.483333 0.368750 0.472917 0.356250 0.475000 0.353125 0.468750 0.356250 0.435417 0.345313 0.435417 0.342187 0.487500 0.339062 0.481250 0.340625 0.431250
3 0.318750 0.427083 0.314063 0.427083 0.312500 0.485417 0.307812 0.489583 0.295312 0.489583 0.293750 0.493750 0.284375 0.491667 0.284375 0.506250 0.318750 0.497917 0.314063 0.491667 0.314063 0.468750 0.317188 0.466667 0.315625 0.433333
3 0.278125 0.495833 0.223438 0.500000 0.229687 0.391667 0.203125 0.385417 0.206250 0.522917 0.179688 0.529167 0.182812 0.375000 0.151562 0.366667 0.165625 0.395833 0.159375 0.508333 0.000000 0.535417 0.000000 0.568750
4 0.357812 0.437500 0.356250 0.441667 0.356250 0.466667 0.354687 0.468750 0.356250 0.472917 0.368750 0.470833 0.368750 0.456250 0.370312 0.454167 0.376563 0.456250 0.375000 0.468750 0.382812 0.468750 0.382812 0.458333 0.379688 0.447917 0.376563 0.447917 0.368750 0.439583
4 0.318750 0.431250 0.317188 0.433333 0.318750 0.466667 0.315625 0.468750 0.315625 0.491667 0.318750 0.495833 0.323437 0.495833 0.326562 0.491667 0.326562 0.483333 0.328125 0.481250 0.329688 0.437500 0.326562 0.431250
4 0.287500 0.416667 0.284375 0.450000 0.284375 0.489583 0.293750 0.491667 0.295312 0.487500 0.307812 0.487500 0.310937 0.485417 0.310937 0.452083 0.314063 0.431250 0.312500 0.427083 0.298438 0.425000 0.289062 0.420833
4 0.229687 0.400000 0.223438 0.437500 0.225000 0.500000 0.276562 0.491667 0.279687 0.416667
4 0.189062 0.389583 0.182812 0.391667 0.179688 0.527083 0.204687 0.522917 0.209375 0.445833 0.212500 0.443750 0.210938 0.400000
4 0.000000 0.318750 0.000000 0.533333 0.157812 0.508333 0.160938 0.372917
5 0.364063 0.108333 0.356250 0.141667 0.295312 0.181250 0.278125 0.506250 0.295312 0.193750 0.353125 0.147917 0.342187 0.485417
8 0.660937 0.445833 0.645312 0.441667 0.590625 0.445833 0.582812 0.466667 0.584375 0.502083 0.618750 0.514583 0.626563 0.497917 0.646875 0.477083
8 0.526563 0.447917 0.526563 0.456250 0.537500 0.456250 0.546875 0.460417 0.562500 0.462500 0.570312 0.470833 0.571875 0.466667 0.568750 0.456250 0.564063 0.454167 0.556250 0.454167 0.548438 0.458333 0.545312 0.454167 0.543750 0.441667 0.534375 0.441667 0.532813 0.445833
8 0.304688 0.410417 0.304688 0.420833 0.303125 0.422917 0.304688 0.425000 0.318750 0.425000 0.320312 0.429167 0.340625 0.429167 0.339062 0.425000 0.340625 0.416667 0.329688 0.410417 0.321875 0.412500 0.318750 0.416667 0.309375 0.414583 0.307812 0.410417
8 0.393750 0.404167 0.395313 0.412500 0.393750 0.414583 0.392188 0.466667 0.393750 0.466667 0.393750 0.452083 0.396875 0.450000 0.398438 0.468750 0.401562 0.468750 0.403125 0.414583 0.400000 0.414583
8 0.378125 0.402083 0.376563 0.406250 0.376563 0.433333 0.378125 0.435417 0.375000 0.439583 0.370312 0.439583 0.379688 0.445833 0.382812 0.456250 0.382812 0.447917 0.384375 0.445833 0.387500 0.450000 0.387500 0.466667 0.389062 0.404167
8 0.504687 0.408333 0.498437 0.416667 0.484375 0.408333 0.481250 0.416667 0.478125 0.393750 0.475000 0.406250 0.467187 0.395833 0.453125 0.404167 0.445312 0.416667 0.448437 0.466667 0.478125 0.475000 0.481250 0.462500 0.492188 0.454167 0.493750 0.443750 0.500000 0.456250 0.504687 0.456250 0.510938 0.441667
8 0.423438 0.362500 0.417187 0.362500 0.407813 0.404167 0.406250 0.466667 0.409375 0.412500 0.412500 0.414583 0.410938 0.466667 0.421875 0.447917 0.435937 0.447917 0.439063 0.454167 0.434375 0.420833 0.426563 0.414583 0.429688 0.393750
8 0.182812 0.372917 0.185938 0.387500 0.201563 0.391667 0.203125 0.383333 0.215625 0.383333 0.229687 0.389583 0.231250 0.397917 0.279687 0.414583 0.279687 0.395833 0.223438 0.364583 0.190625 0.360417
8 0.000000 0.262500 0.000000 0.316667 0.142187 0.364583 0.139063 0.333333
9 0.589063 0.508333 0.592187 0.516667 0.592187 0.529167 0.596875 0.529167 0.598437 0.533333 0.606250 0.533333 0.607812 0.535417 0.615625 0.537500 0.618750 0.516667 0.603125 0.512500 0.596875 0.508333
10 0.357812 0.152083 0.326562 0.160417 0.301563 0.181250 0.295312 0.227083 0.303125 0.297917 0.346875 0.304167
10 0.140625 0.000000 0.207813 0.193750 0.290625 0.210417 0.365625 0.108333 0.351562 0.360417 0.390625 0.393750 0.410938 0.335417 0.439063 0.443750 0.592187 0.364583 0.610938 0.297917 0.703125 0.302083 0.743750 0.160417 0.801562 0.166667 0.809375 0.075000 0.810937 0.168750 0.998437 0.254167 0.998437 0.000000
13 0.482812 0.462500 0.479687 0.508333 0.500000 0.508333 0.500000 0.529167 0.510938 0.531250 0.517188 0.545833 0.543750 0.539583 0.568750 0.545833 0.578125 0.558333 0.587500 0.554167 0.590625 0.516667 0.582812 0.489583 0.562500 0.464583 0.525000 0.456250 0.514062 0.466667 0.498437 0.456250
13 0.421875 0.450000 0.415625 0.464583 0.417187 0.466667 0.417187 0.481250 0.434375 0.481250 0.434375 0.479167 0.437500 0.477083 0.437500 0.468750 0.439063 0.466667 0.439063 0.458333 0.435937 0.450000
13 0.625000 0.504167 0.618750 0.635417 0.659375 0.633333 0.748437 0.706250 0.784375 0.808333 0.818750 0.820833 0.868750 0.783333 0.998437 0.816667 0.998437 0.302083 0.893750 0.285417 0.750000 0.343750