0 0.000000 0.789583 0.000000 0.997917 0.998437 0.997917 0.942187 0.762500 0.829688 0.697917 0.696875 0.712500 0.592187 0.556250 0.457813 0.468750
1 0.951562 0.712500 0.943750 0.712500 0.942187 0.716667 0.934375 0.718750 0.917188 0.718750 0.909375 0.735417 0.904687 0.739583 0.943750 0.762500 0.945312 0.756250 0.943750 0.741667 0.948438 0.720833 0.946875 0.718750
1 0.425000 0.464583 0.000000 0.570833 0.000000 0.787500 0.409375 0.495833
2 0.365625 0.362500 0.365625 0.402083 0.362500 0.429167 0.370312 0.435417 0.384375 0.435417 0.384375 0.402083 0.387500 0.397917 0.396875 0.397917 0.400000 0.402083 0.400000 0.393750 0.390625 0.391667 0.387500 0.387500 0.385937 0.364583
2 0.345313 0.289583 0.343750 0.306250 0.318750 0.302083 0.312500 0.418750 0.335938 0.410417 0.356250 0.414583 0.360938 0.310417 0.345313 0.306250
2 0.998437 0.308333 0.943750 0.225000 0.800000 0.193750 0.795312 0.154167 0.785937 0.189583 0.742188 0.177083 0.689063 0.322917 0.614062 0.308333 0.600000 0.368750 0.529687 0.393750 0.512500 0.456250 0.632812 0.445833 0.689063 0.372917 0.771875 0.347917 0.909375 0.383333 0.950000 0.466667 0.998437 0.466667
2 0.000000 0.000000 0.000000 0.250000 0.196875 0.345833 0.206250 0.379167 0.259375 0.370833 0.306250 0.402083 0.310937 0.220833 0.229687 0.204167 0.170313 0.000000
3 0.996875 0.625000 0.968750 0.618750 0.959375 0.618750 0.956250 0.622917 0.956250 0.633333 0.959375 0.635417 0.957812 0.658333 0.960938 0.679167 0.970313 0.672917 0.968750 0.668750 0.975000 0.662500 0.973437 0.660417 0.976562 0.654167 0.979688 0.654167 0.985938 0.643750 0.998437 0.633333
3 0.362500 0.433333 0.359375 0.485417 0.384375 0.481250 0.389062 0.477083 0.400000 0.475000 0.400000 0.466667 0.368750 0.470833 0.368750 0.435417
3 0.354687 0.433333 0.346875 0.433333 0.346875 0.477083 0.343750 0.479167 0.343750 0.487500 0.334375 0.487500 0.332813 0.462500 0.331250 0.481250 0.309375 0.487500 0.307812 0.500000 0.354687 0.487500
3 0.303125 0.489583 0.259375 0.489583 0.265625 0.395833 0.246875 0.393750 0.248438 0.500000 0.231250 0.510417 0.232813 0.387500 0.214062 0.381250 0.212500 0.500000 0.000000 0.527083 0.000000 0.568750
4 0.951562 0.468750 0.956250 0.500000 0.956250 0.620833 0.968750 0.616667 0.998437 0.625000 0.998437 0.468750
4 0.368750 0.437500 0.368750 0.468750 0.379688 0.468750 0.382812 0.454167 0.387500 0.456250 0.387500 0.466667 0.392188 0.466667 0.392188 0.462500 0.396875 0.454167 0.395313 0.450000 0.390625 0.452083 0.379688 0.437500
4 0.310937 0.420833 0.309375 0.485417 0.329688 0.481250 0.332813 0.460417 0.335938 0.487500 0.342187 0.487500 0.342187 0.479167 0.345313 0.477083 0.346875 0.431250 0.334375 0.431250 0.329688 0.425000
4 0.267188 0.404167 0.264062 0.414583 0.260937 0.489583 0.303125 0.487500 0.303125 0.441667 0.306250 0.418750
4 0.234375 0.395833 0.229687 0.431250 0.229687 0.506250 0.240625 0.508333 0.246875 0.500000 0.251563 0.425000 0.250000 0.404167 0.245312 0.397917
4 0.000000 0.306250 0.000000 0.525000 0.212500 0.497917 0.215625 0.383333
5 0.420312 0.339583 0.417187 0.370833 0.404687 0.381250 0.401562 0.472917 0.407813 0.464583 0.403125 0.450000 0.404687 0.385417 0.415625 0.375000 0.412500 0.468750 0.418750 0.372917 0.423438 0.370833 0.418750 0.366667
5 0.379688 0.133333 0.371875 0.172917 0.320312 0.206250 0.304688 0.500000 0.321875 0.214583 0.373437 0.179167 0.357812 0.487500
8 0.631250 0.445833 0.590625 0.450000 0.584375 0.464583 0.584375 0.485417 0.581250 0.500000 0.587500 0.502083 0.589063 0.506250 0.600000 0.506250 0.606250 0.489583 0.617188 0.477083 0.618750 0.466667 0.629687 0.454167
8 0.529687 0.456250 0.554688 0.464583 0.562500 0.464583 0.567187 0.470833 0.571875 0.470833 0.576562 0.466667 0.576562 0.462500 0.565625 0.452083 0.554688 0.458333 0.551562 0.454167 0.550000 0.445833 0.546875 0.445833 0.545312 0.441667 0.539062 0.441667 0.537500 0.445833 0.531250 0.450000
8 0.318750 0.420833 0.321875 0.422917 0.334375 0.422917 0.337500 0.425000 0.339062 0.429167 0.356250 0.431250 0.356250 0.416667 0.350000 0.412500 0.335938 0.412500 0.332813 0.416667 0.329688 0.414583 0.320312 0.414583 0.320312 0.418750
8 0.404687 0.404167 0.404687 0.447917 0.407813 0.452083 0.407813 0.458333 0.409375 0.464583 0.410938 0.464583 0.412500 0.412500 0.409375 0.412500 0.406250 0.404167
8 0.387500 0.400000 0.385937 0.402083 0.385937 0.435417 0.381250 0.439583 0.385937 0.441667 0.390625 0.450000 0.395313 0.447917 0.398438 0.452083 0.396875 0.464583 0.398438 0.462500 0.398438 0.437500 0.400000 0.435417 0.401562 0.404167 0.398438 0.404167 0.396875 0.400000
8 0.460938 0.404167 0.453125 0.427083 0.459375 0.468750 0.482812 0.472917 0.500000 0.454167 0.501563 0.443750 0.518750 0.464583 0.520312 0.460417 0.510938 0.456250 0.518750 0.431250 0.509375 0.408333 0.506250 0.416667 0.496875 0.408333 0.489063 0.414583 0.487500 0.393750 0.482812 0.406250 0.476562 0.395833
8 0.229687 0.372917 0.228125 0.381250 0.232813 0.383333 0.235937 0.395833 0.243750 0.397917 0.246875 0.391667 0.260937 0.391667 0.267188 0.395833 0.268750 0.404167 0.301563 0.414583 0.306250 0.412500 0.304688 0.400000 0.285938 0.385417 0.273438 0.383333 0.259375 0.372917
8 0.431250 0.362500 0.425000 0.364583 0.420312 0.381250 0.414062 0.466667 0.421875 0.406250 0.432812 0.404167 0.421875 0.414583 0.420312 0.464583 0.431250 0.447917 0.443750 0.447917 0.442188 0.418750 0.434375 0.414583 0.439063 0.393750
8 0.000000 0.252083 0.000000 0.304167 0.201563 0.377083 0.196875 0.347917
10 0.373437 0.181250 0.348438 0.187500 0.326562 0.206250 0.320312 0.237500 0.318750 0.300000 0.343750 0.304167 0.345313 0.287500 0.346875 0.306250 0.360938 0.308333 0.364063 0.314583
10 0.171875 0.000000 0.215625 0.179167 0.314063 0.260417 0.381250 0.133333 0.367188 0.360417 0.403125 0.391667 0.420312 0.337500 0.451562 0.443750 0.598437 0.368750 0.614062 0.306250 0.689063 0.320833 0.740625 0.177083 0.790625 0.185417 0.796875 0.102083 0.796875 0.189583 0.940625 0.220833 0.998437 0.306250 0.998437 0.000000
13 0.484375 0.472917 0.484375 0.506250 0.504687 0.506250 0.506250 0.527083 0.514062 0.529167 0.518750 0.539583 0.567187 0.539583 0.573438 0.550000 0.581250 0.550000 0.585938 0.514583 0.579688 0.489583 0.562500 0.466667 0.529687 0.458333 0.518750 0.466667 0.500000 0.456250
13 0.431250 0.450000 0.426563 0.460417 0.426563 0.466667 0.425000 0.468750 0.425000 0.477083 0.426563 0.481250 0.443750 0.481250 0.443750 0.479167 0.446875 0.475000 0.446875 0.452083 0.445312 0.450000
13 0.654687 0.408333 0.600000 0.508333 0.596875 0.608333 0.665625 0.635417 0.701562 0.712500 0.746875 0.683333 0.898438 0.741667 0.951562 0.710417 0.945312 0.837500 0.998437 0.922917 0.998437 0.635417 0.957812 0.681250 0.932813 0.404167 0.759375 0.350000