0 0.000000 0.591667 0.000000 0.997917 0.998437 0.997917 0.998437 0.810417 0.645312 0.597917 0.573438 0.602083 0.462500 0.475000 0.287500 0.566667
1 0.693750 0.577083 0.682813 0.618750 0.998437 0.808333 0.998437 0.691667
1 0.415625 0.468750 0.282813 0.508333 0.117188 0.527083 0.114062 0.562500 0.090625 0.562500 0.089063 0.529167 0.000000 0.527083 0.000000 0.589583 0.295312 0.562500 0.401562 0.495833
2 0.379688 0.379167 0.378125 0.379167 0.378125 0.397917 0.375000 0.414583 0.375000 0.441667 0.378125 0.437500 0.379688 0.439583 0.378125 0.416667 0.381250 0.410417 0.392188 0.408333 0.395313 0.412500 0.395313 0.400000 0.385937 0.400000 0.381250 0.393750
2 0.357812 0.335417 0.351562 0.422917 0.357812 0.425000 0.368750 0.437500 0.371875 0.375000 0.362500 0.372917 0.364063 0.366667 0.360938 0.358333 0.360938 0.335417
2 0.162500 0.239583 0.162500 0.247917 0.154688 0.260417 0.150000 0.260417 0.150000 0.266667 0.170313 0.297917 0.150000 0.295833 0.146875 0.310417 0.178125 0.331250 0.181250 0.268750 0.176563 0.254167 0.170313 0.252083
2 0.153125 0.064583 0.135937 0.160417 0.162500 0.175000 0.171875 0.210417 0.189062 0.189583 0.210938 0.214583 0.209375 0.277083 0.189062 0.270833 0.185938 0.345833 0.348438 0.422917 0.353125 0.335417 0.331250 0.327083 0.329688 0.277083 0.275000 0.266667 0.251563 0.129167 0.176563 0.114583 0.178125 0.083333
2 0.998437 0.056250 0.876563 0.035417 0.773438 0.302083 0.637500 0.275000 0.620313 0.352083 0.568750 0.343750 0.559375 0.387500 0.498437 0.420833 0.496875 0.466667 0.531250 0.435417 0.667188 0.475000 0.998437 0.464583
2 0.071875 0.000000 0.000000 0.000000 0.000000 0.254167 0.007812 0.270833 0.020313 0.268750 0.010937 0.252083 0.014063 0.191667 0.043750 0.206250 0.045312 0.189583 0.064062 0.197917 0.071875 0.179167 0.107813 0.183333 0.115625 0.058333
3 0.117188 0.500000 0.117188 0.525000 0.168750 0.522917 0.170313 0.500000 0.162500 0.497917 0.118750 0.497917
3 0.000000 0.493750 0.000000 0.525000 0.042188 0.522917 0.043750 0.527083 0.089063 0.527083 0.090625 0.497917
3 0.782813 0.470833 0.757812 0.470833 0.756250 0.531250 0.750000 0.558333 0.693750 0.543750 0.693750 0.575000 0.773438 0.597917 0.775000 0.525000
3 0.964063 0.468750 0.956250 0.606250 0.925000 0.608333 0.935937 0.612500 0.931250 0.618750 0.945312 0.629167 0.951562 0.652083 0.931250 0.662500 0.998437 0.689583 0.998437 0.466667
3 0.835938 0.466667 0.823438 0.622917 0.885938 0.645833 0.882812 0.620833 0.909375 0.610417 0.923438 0.614583 0.910937 0.602083 0.851562 0.585417 0.859375 0.472917
3 0.367188 0.443750 0.359375 0.443750 0.357812 0.441667 0.356250 0.450000 0.353125 0.452083 0.353125 0.456250 0.350000 0.460417 0.350000 0.481250 0.348438 0.487500 0.357812 0.487500 0.367188 0.483333 0.367188 0.462500 0.368750 0.460417 0.368750 0.445833
3 0.345313 0.481250 0.329688 0.481250 0.334375 0.431250 0.320312 0.427083 0.326562 0.435417 0.325000 0.464583 0.320312 0.445833 0.314063 0.487500 0.179688 0.497917 0.178125 0.516667 0.282813 0.506250 0.342187 0.491667
4 0.668750 0.475000 0.684375 0.504167 0.695312 0.543750 0.751563 0.554167 0.756250 0.472917
4 0.857812 0.468750 0.853125 0.585417 0.920312 0.608333 0.882812 0.622917 0.889062 0.643750 0.881250 0.647917 0.929688 0.664583 0.946875 0.656250 0.943750 0.629167 0.923438 0.608333 0.954688 0.606250 0.964063 0.477083
4 0.832812 0.468750 0.826562 0.475000 0.781250 0.475000 0.773438 0.572917 0.776563 0.600000 0.821875 0.616667
4 0.334375 0.435417 0.334375 0.443750 0.331250 0.452083 0.331250 0.481250 0.332813 0.483333 0.345313 0.479167 0.345313 0.466667 0.343750 0.462500 0.345313 0.460417 0.345313 0.447917 0.346875 0.445833 0.346875 0.441667 0.339062 0.439583
4 0.184375 0.379167 0.179688 0.495833 0.317188 0.483333 0.318750 0.445833 0.323437 0.464583 0.325000 0.447917 0.318750 0.427083
4 0.125000 0.368750 0.117188 0.495833 0.168750 0.497917 0.175000 0.379167
4 0.000000 0.339583 0.000000 0.491667 0.090625 0.495833 0.098437 0.362500
5 0.184375 0.264583 0.170313 0.522917 0.178125 0.520833 0.189062 0.287500
5 0.387500 0.227083 0.381250 0.287500 0.354687 0.314583 0.346875 0.491667 0.356250 0.314583 0.378125 0.293750 0.373437 0.483333 0.381250 0.308333 0.392188 0.287500
5 0.140625 0.000000 0.118750 0.000000 0.090625 0.560417 0.114062 0.560417
7 0.131250 0.206250 0.132812 0.222917 0.159375 0.227083 0.167187 0.245833 0.176563 0.252083 0.181250 0.262500 0.207813 0.277083 0.209375 0.260417 0.181250 0.237500 0.185938 0.227083 0.184375 0.216667
8 0.382812 0.410417 0.379688 0.416667 0.381250 0.439583 0.375000 0.443750 0.378125 0.447917 0.376563 0.464583 0.378125 0.468750 0.381250 0.468750 0.381250 0.460417 0.385937 0.456250 0.389062 0.460417 0.389062 0.468750 0.389062 0.456250 0.392188 0.450000 0.393750 0.454167 0.395313 0.450000 0.395313 0.414583 0.392188 0.410417
8 0.495312 0.425000 0.481250 0.414583 0.475000 0.420833 0.473438 0.402083 0.468750 0.410417 0.464062 0.404167 0.453125 0.404167 0.440625 0.422917 0.440625 0.437500 0.445312 0.441667 0.445312 0.468750 0.462500 0.472917 0.462500 0.466667 0.470313 0.462500 0.495312 0.466667 0.493750 0.458333 0.498437 0.447917
8 0.420312 0.370833 0.414062 0.375000 0.409375 0.395833 0.412500 0.425000 0.406250 0.441667 0.406250 0.404167 0.404687 0.414583 0.398438 0.416667 0.398438 0.466667 0.403125 0.468750 0.404687 0.443750 0.406250 0.466667 0.415625 0.466667 0.421875 0.452083 0.431250 0.452083 0.428125 0.420833 0.421875 0.418750 0.426563 0.414583 0.426563 0.389583
8 0.185938 0.347917 0.184375 0.377083 0.326562 0.425000 0.346875 0.439583 0.348438 0.427083 0.332813 0.416667 0.310937 0.420833 0.303125 0.406250 0.210938 0.354167
8 0.132812 0.225000 0.123438 0.362500 0.175000 0.377083 0.178125 0.333333 0.145313 0.310417 0.150000 0.293750 0.168750 0.297917 0.148438 0.266667 0.160938 0.247917 0.160938 0.233333
8 0.182812 0.193750 0.178125 0.197917 0.176563 0.202083 0.178125 0.206250 0.175000 0.210417 0.176563 0.214583 0.189062 0.214583 0.192188 0.218750 0.190625 0.245833 0.203125 0.254167 0.207813 0.245833 0.209375 0.235417 0.207813 0.208333 0.204687 0.208333 0.196875 0.195833 0.189062 0.191667 0.185938 0.195833
8 0.106250 0.187500 0.071875 0.181250 0.064062 0.200000 0.045312 0.191667 0.043750 0.208333 0.014063 0.193750 0.012500 0.252083 0.021875 0.268750 0.007812 0.272917 0.000000 0.256250 0.000000 0.337500 0.098437 0.360417
8 0.134375 0.162500 0.132812 0.204167 0.170313 0.210417 0.165625 0.200000 0.165625 0.187500 0.162500 0.183333 0.160938 0.175000 0.146875 0.162500 0.140625 0.160417 0.139063 0.164583
10 0.378125 0.295833 0.367188 0.300000 0.360938 0.306250 0.362500 0.308333 0.357812 0.314583 0.357812 0.333333 0.362500 0.335417 0.362500 0.358333 0.365625 0.366667 0.364063 0.372917 0.373437 0.372917
10 0.139063 0.085417 0.251563 0.127083 0.276562 0.266667 0.329688 0.275000 0.337500 0.331250 0.387500 0.225000 0.382812 0.393750 0.420312 0.368750 0.443750 0.445833 0.618750 0.352083 0.642188 0.270833 0.773438 0.300000 0.875000 0.035417 0.984375 0.072917 0.998437 0.000000 0.142187 0.000000
10 0.073438 0.000000 0.115625 0.056250 0.115625 0.020833 0.118750 0.018750 0.117188 0.000000
13 0.421875 0.454167 0.417187 0.462500 0.417187 0.481250 0.432812 0.481250 0.434375 0.477083 0.434375 0.470833 0.435937 0.468750 0.434375 0.466667 0.434375 0.456250 0.432812 0.454167
13 0.464062 0.466667 0.465625 0.502083 0.500000 0.514583 0.517188 0.550000 0.535937 0.539583 0.540625 0.568750 0.570312 0.572917 0.573438 0.600000 0.610938 0.585417 0.657813 0.602083 0.668750 0.620833 0.684375 0.612500 0.692187 0.535417 0.670312 0.477083 0.540625 0.437500 0.521875 0.445833 0.512500 0.468750