0 0.000000 0.770833 0.000000 0.997917 0.998437 0.997917 0.998437 0.889583 0.750000 0.750000 0.714063 0.633333 0.617188 0.633333 0.470313 0.468750
1 0.426563 0.460417 0.000000 0.560417 0.000000 0.768750 0.404687 0.495833
2 0.375000 0.362500 0.375000 0.387500 0.381250 0.400000 0.373437 0.410417 0.371875 0.427083 0.375000 0.431250 0.387500 0.433333 0.389062 0.400000 0.393750 0.393750 0.404687 0.397917 0.404687 0.391667 0.390625 0.385417 0.389062 0.362500
2 0.335938 0.306250 0.331250 0.410417 0.356250 0.406250 0.365625 0.414583 0.368750 0.391667 0.368750 0.360417 0.365625 0.356250 0.367188 0.310417
2 0.996875 0.218750 0.996875 0.222917 0.990625 0.229167 0.982812 0.247917 0.978125 0.252083 0.973437 0.266667 0.985938 0.272917 0.989062 0.279167 0.987500 0.285417 0.990625 0.287500 0.990625 0.293750 0.998437 0.297917 0.998437 0.218750
2 0.998437 0.316667 0.987500 0.395833 0.906250 0.247917 0.718750 0.202083 0.678125 0.331250 0.607812 0.314583 0.592187 0.372917 0.526563 0.393750 0.512500 0.456250 0.543750 0.437500 0.571875 0.491667 0.615625 0.408333 0.665625 0.383333 0.757812 0.408333 0.784375 0.466667 0.887500 0.466667 0.998437 0.418750
2 0.000000 0.000000 0.000000 0.222917 0.228125 0.350000 0.248438 0.387500 0.278125 0.377083 0.325000 0.406250 0.321875 0.229167 0.245312 0.212500 0.196875 0.000000
3 0.362500 0.431250 0.357812 0.431250 0.357812 0.460417 0.354687 0.477083 0.328125 0.479167 0.326562 0.487500 0.346875 0.487500 0.350000 0.483333 0.362500 0.481250 0.360938 0.458333 0.364063 0.433333
3 0.321875 0.481250 0.290625 0.481250 0.293750 0.402083 0.281250 0.400000 0.284375 0.470833 0.268750 0.483333 0.271875 0.393750 0.260937 0.391667 0.256250 0.487500 0.003125 0.514583 0.000000 0.558333
4 0.781250 0.533333 0.804688 0.529167 0.884375 0.468750 0.784375 0.468750 0.784375 0.527083
4 0.371875 0.433333 0.370312 0.454167 0.373437 0.439583 0.375000 0.464583 0.387500 0.464583 0.389062 0.447917 0.392188 0.450000 0.392188 0.462500 0.396875 0.462500 0.398438 0.450000 0.401562 0.460417 0.403125 0.441667 0.396875 0.443750 0.393750 0.437500
4 0.331250 0.418750 0.328125 0.477083 0.343750 0.475000 0.353125 0.477083 0.356250 0.460417 0.356250 0.431250 0.360938 0.429167 0.351562 0.431250 0.350000 0.425000 0.346875 0.422917 0.339062 0.422917
4 0.295312 0.402083 0.295312 0.408333 0.292187 0.410417 0.292187 0.481250 0.321875 0.479167 0.325000 0.414583 0.303125 0.410417
4 0.273438 0.400000 0.268750 0.477083 0.271875 0.485417 0.278125 0.485417 0.282813 0.470833 0.285938 0.406250 0.281250 0.404167 0.279687 0.400000 0.278125 0.404167
4 0.000000 0.291667 0.000000 0.514583 0.259375 0.481250 0.257812 0.389583
5 0.387500 0.152083 0.382812 0.200000 0.335938 0.239583 0.323437 0.491667 0.340625 0.237500 0.379688 0.210417 0.367188 0.479167
8 0.528125 0.450000 0.529687 0.456250 0.537500 0.456250 0.545312 0.460417 0.551562 0.460417 0.554688 0.466667 0.557813 0.462500 0.562500 0.466667 0.565625 0.460417 0.565625 0.456250 0.550000 0.456250 0.543750 0.439583 0.534375 0.439583 0.531250 0.441667
8 0.331250 0.412500 0.331250 0.416667 0.334375 0.418750 0.350000 0.422917 0.351562 0.425000 0.351562 0.429167 0.354687 0.429167 0.356250 0.427083 0.365625 0.429167 0.364063 0.416667 0.356250 0.408333 0.343750 0.408333 0.340625 0.412500 0.337500 0.410417
8 0.400000 0.395833 0.393750 0.395833 0.393750 0.397917 0.390625 0.400000 0.390625 0.431250 0.389062 0.435417 0.393750 0.435417 0.396875 0.441667 0.398438 0.439583 0.403125 0.439583 0.404687 0.400000 0.401562 0.400000
8 0.456250 0.412500 0.462500 0.466667 0.481250 0.468750 0.490625 0.454167 0.500000 0.454167 0.503125 0.443750 0.510938 0.456250 0.517188 0.441667 0.517188 0.425000 0.510938 0.406250 0.506250 0.410417 0.492188 0.406250 0.490625 0.410417 0.489063 0.393750 0.482812 0.402083 0.478125 0.393750 0.468750 0.395833
8 0.265625 0.381250 0.265625 0.389583 0.271875 0.391667 0.276562 0.402083 0.279687 0.397917 0.290625 0.397917 0.301563 0.404167 0.303125 0.408333 0.325000 0.412500 0.321875 0.400000 0.307812 0.393750 0.300000 0.385417 0.284375 0.383333 0.278125 0.379167 0.268750 0.379167 0.267188 0.383333
8 0.434375 0.358333 0.429688 0.358333 0.421875 0.379167 0.421875 0.402083 0.407813 0.406250 0.406250 0.443750 0.414062 0.445833 0.420312 0.404167 0.418750 0.447917 0.420312 0.408333 0.425000 0.408333 0.421875 0.458333 0.432812 0.443750 0.446875 0.439583 0.443750 0.416667 0.435937 0.410417 0.442188 0.402083
8 0.000000 0.225000 0.000000 0.289583 0.246875 0.383333 0.246875 0.366667 0.050000 0.264583
10 0.379688 0.212500 0.345313 0.229167 0.339062 0.258333 0.335938 0.304167 0.368750 0.310417 0.368750 0.358333
10 0.198437 0.000000 0.246875 0.212500 0.321875 0.227083 0.329688 0.304167 0.390625 0.154167 0.378125 0.360417 0.423438 0.337500 0.448437 0.437500 0.607812 0.312500 0.678125 0.329167 0.770312 0.135417 0.768750 0.214583 0.906250 0.245833 0.992188 0.391667 0.998437 0.000000
13 0.432812 0.445833 0.429688 0.450000 0.429688 0.454167 0.428125 0.456250 0.428125 0.475000 0.443750 0.477083 0.446875 0.472917 0.446875 0.466667 0.450000 0.464583 0.450000 0.452083 0.446875 0.450000 0.446875 0.445833
13 0.482812 0.468750 0.617188 0.631250 0.714063 0.631250 0.750000 0.747917 0.785937 0.731250 0.998437 0.887500 0.998437 0.420833 0.787500 0.535417 0.773438 0.425000 0.665625 0.385417 0.568750 0.497917 0.551562 0.462500