0 0.000000 0.727083 0.000000 0.997917 0.998437 0.997917 0.998437 0.852083 0.851562 0.852083 0.801562 0.739583 0.656250 0.662500 0.643750 0.591667 0.585938 0.602083 0.476562 0.468750
1 0.429688 0.462500 0.000000 0.552083 0.000000 0.725000 0.237500 0.610417
2 0.393750 0.364583 0.384375 0.364583 0.381250 0.414583 0.382812 0.431250 0.389062 0.431250 0.392188 0.400000 0.407813 0.397917 0.406250 0.389583 0.400000 0.389583 0.395313 0.385417
2 0.351562 0.312500 0.345313 0.408333 0.364063 0.408333 0.373437 0.418750 0.378125 0.366667 0.373437 0.360417 0.373437 0.316667
2 0.998437 0.122917 0.910937 0.291667 0.928125 0.364583 0.879687 0.268750 0.751563 0.239583 0.748437 0.202083 0.743750 0.237500 0.701562 0.229167 0.670312 0.337500 0.604688 0.322917 0.590625 0.377083 0.526563 0.397917 0.512500 0.458333 0.568750 0.460417 0.623437 0.404167 0.696875 0.425000 0.717187 0.485417 0.812500 0.435417 0.998437 0.452083
2 0.000000 0.000000 0.000000 0.220833 0.264062 0.364583 0.281250 0.395833 0.340625 0.406250 0.332813 0.239583 0.262500 0.225000 0.221875 0.025000
3 0.370312 0.433333 0.365625 0.447917 0.365625 0.458333 0.362500 0.462500 0.362500 0.468750 0.351562 0.477083 0.346875 0.475000 0.342187 0.477083 0.342187 0.485417 0.371875 0.479167 0.371875 0.456250 0.368750 0.454167 0.368750 0.441667 0.371875 0.435417
3 0.335938 0.477083 0.310937 0.475000 0.314063 0.406250 0.295312 0.468750 0.301563 0.402083 0.290625 0.397917 0.285938 0.481250 0.006250 0.504167 0.000000 0.550000
4 0.381250 0.433333 0.382812 0.435417 0.382812 0.464583 0.390625 0.464583 0.393750 0.450000 0.398438 0.452083 0.398438 0.458333 0.396875 0.460417 0.398438 0.462500 0.401562 0.462500 0.406250 0.454167 0.406250 0.441667 0.404687 0.441667 0.403125 0.437500 0.393750 0.437500 0.389062 0.433333
4 0.343750 0.425000 0.342187 0.475000 0.346875 0.472917 0.351562 0.475000 0.354687 0.470833 0.360938 0.468750 0.360938 0.462500 0.364063 0.458333 0.364063 0.447917 0.368750 0.431250 0.362500 0.431250 0.359375 0.427083 0.357812 0.429167
4 0.317188 0.410417 0.312500 0.475000 0.314063 0.477083 0.335938 0.475000 0.337500 0.431250 0.340625 0.429167 0.339062 0.420833 0.320312 0.414583
4 0.303125 0.404167 0.300000 0.406250 0.300000 0.425000 0.296875 0.437500 0.296875 0.468750 0.301563 0.468750 0.303125 0.466667 0.303125 0.454167 0.306250 0.452083 0.306250 0.414583 0.303125 0.408333
4 0.000000 0.283333 0.000000 0.506250 0.285938 0.479167 0.289062 0.397917
5 0.428125 0.343750 0.425000 0.372917 0.409375 0.391667 0.409375 0.462500 0.412500 0.385417 0.421875 0.377083 0.421875 0.462500 0.425000 0.452083 0.423438 0.383333
5 0.401562 0.222917 0.351562 0.256250 0.337500 0.487500 0.353125 0.264583 0.365625 0.241667 0.389062 0.237500 0.373437 0.479167
8 0.526563 0.458333 0.528125 0.460417 0.542188 0.462500 0.550000 0.468750 0.553125 0.466667 0.559375 0.468750 0.567187 0.462500 0.562500 0.456250 0.553125 0.456250 0.550000 0.460417 0.545312 0.454167 0.543750 0.445833 0.537500 0.445833 0.535937 0.441667 0.532813 0.445833 0.529687 0.445833 0.529687 0.452083
8 0.345313 0.410417 0.345313 0.418750 0.343750 0.420833 0.345313 0.425000 0.359375 0.425000 0.362500 0.429167 0.368750 0.429167 0.370312 0.431250 0.373437 0.431250 0.373437 0.420833 0.371875 0.420833 0.367188 0.412500 0.364063 0.410417 0.351562 0.410417 0.350000 0.412500 0.346875 0.412500
8 0.420312 0.400000 0.420312 0.406250 0.417187 0.410417 0.414062 0.404167 0.412500 0.406250 0.412500 0.443750 0.418750 0.443750 0.421875 0.445833 0.421875 0.441667 0.423438 0.439583 0.423438 0.416667 0.420312 0.412500
8 0.393750 0.400000 0.392188 0.420833 0.390625 0.422917 0.390625 0.433333 0.393750 0.435417 0.403125 0.435417 0.404687 0.439583 0.406250 0.439583 0.407813 0.435417 0.409375 0.400000
8 0.514062 0.414583 0.507812 0.416667 0.498437 0.406250 0.492188 0.414583 0.490625 0.393750 0.487500 0.404167 0.481250 0.395833 0.468750 0.400000 0.457813 0.420833 0.460938 0.466667 0.482812 0.468750 0.492188 0.456250 0.501563 0.456250 0.503125 0.445833 0.510938 0.458333 0.518750 0.443750
8 0.290625 0.393750 0.292187 0.397917 0.298438 0.397917 0.304688 0.404167 0.314063 0.404167 0.320312 0.412500 0.339062 0.418750 0.337500 0.406250 0.331250 0.404167 0.325000 0.395833 0.307812 0.391667 0.300000 0.385417 0.293750 0.385417
8 0.435937 0.358333 0.431250 0.362500 0.426563 0.377083 0.428125 0.381250 0.425000 0.383333 0.425000 0.410417 0.428125 0.412500 0.426563 0.447917 0.431250 0.454167 0.429688 0.458333 0.437500 0.443750 0.446875 0.443750 0.450000 0.439583 0.446875 0.435417 0.446875 0.418750 0.439063 0.412500 0.443750 0.404167 0.443750 0.383333
8 0.000000 0.222917 0.001563 0.283333 0.278125 0.393750 0.264062 0.366667
10 0.387500 0.237500 0.378125 0.237500 0.359375 0.250000 0.351562 0.310417 0.371875 0.312500 0.375000 0.316667 0.375000 0.360417 0.378125 0.362500
10 0.131250 0.000000 0.225000 0.027083 0.264062 0.225000 0.332813 0.237500 0.339062 0.308333 0.403125 0.222917 0.384375 0.360417 0.417187 0.408333 0.428125 0.341667 0.453125 0.439583 0.604688 0.320833 0.670312 0.335417 0.748437 0.200000 0.879687 0.266667 0.928125 0.362500 0.909375 0.291667 0.998437 0.120833 0.998437 0.000000
13 0.437500 0.445833 0.429688 0.460417 0.431250 0.462500 0.429688 0.464583 0.429688 0.475000 0.439063 0.475000 0.440625 0.477083 0.446875 0.477083 0.446875 0.475000 0.450000 0.472917 0.450000 0.468750 0.451562 0.466667 0.451562 0.452083 0.450000 0.450000 0.450000 0.445833
13 0.484375 0.468750 0.585938 0.600000 0.643750 0.589583 0.656250 0.660417 0.801562 0.737500 0.851562 0.850000 0.917188 0.825000 0.998437 0.850000 0.998437 0.454167 0.812500 0.437500 0.717187 0.487500 0.696875 0.427083 0.623437 0.406250 0.557813 0.483333