0 0.000000 0.677083 0.000000 0.997917 0.998437 0.997917 0.998437 0.822917 0.812500 0.708333 0.690625 0.712500 0.460938 0.470833 0.239063 0.608333
1 0.920312 0.666667 0.915625 0.704167 0.884375 0.747917 0.998437 0.820833 0.998437 0.695833
1 0.426563 0.466667 0.000000 0.543750 0.000000 0.675000 0.239063 0.606250 0.409375 0.495833
2 0.384375 0.370833 0.382812 0.379167 0.381250 0.439583 0.387500 0.439583 0.389062 0.404167 0.396875 0.402083 0.404687 0.406250 0.404687 0.395833 0.398438 0.395833 0.392188 0.391667 0.390625 0.372917
2 0.356250 0.320833 0.350000 0.414583 0.360938 0.414583 0.373437 0.427083 0.376563 0.368750 0.371875 0.366667 0.370312 0.325000
2 0.000000 0.091667 0.000000 0.131250 0.010937 0.164583 0.000000 0.195833 0.000000 0.243750 0.014063 0.250000 0.021875 0.110417
2 0.998437 0.004167 0.856250 0.310417 0.725000 0.262500 0.725000 0.195833 0.720313 0.256250 0.679688 0.252083 0.653125 0.350000 0.593750 0.335417 0.582812 0.383333 0.509375 0.422917 0.507812 0.464583 0.587500 0.422917 0.659375 0.468750 0.998437 0.481250
2 0.000000 0.000000 0.000000 0.022917 0.078125 0.062500 0.089063 0.129167 0.076563 0.150000 0.037500 0.120833 0.032813 0.256250 0.126562 0.287500 0.295312 0.408333 0.345313 0.412500 0.332813 0.254167 0.268750 0.237500 0.237500 0.066667 0.151562 0.045833 0.145313 0.000000 0.120313 0.029167 0.098437 0.000000
3 0.953125 0.479167 0.954688 0.502083 0.962500 0.502083 0.968750 0.491667 0.971875 0.491667 0.976562 0.485417 0.989062 0.487500 0.990625 0.491667 0.998437 0.485417 0.998437 0.483333 0.993750 0.483333 0.992188 0.479167
3 0.368750 0.437500 0.367188 0.439583 0.365625 0.466667 0.360938 0.479167 0.357812 0.472917 0.353125 0.479167 0.346875 0.479167 0.346875 0.485417 0.343750 0.487500 0.357812 0.487500 0.371875 0.483333 0.371875 0.462500 0.368750 0.460417 0.368750 0.443750 0.370312 0.441667
3 0.340625 0.479167 0.321875 0.479167 0.325000 0.418750 0.303125 0.410417 0.300000 0.483333 0.015625 0.504167 0.014063 0.539583 0.156250 0.527083 0.339062 0.491667
4 0.854688 0.485417 0.914062 0.577083 0.920312 0.664583 0.998437 0.693750 0.998437 0.487500 0.976562 0.487500 0.954688 0.504167 0.951562 0.479167
4 0.381250 0.441667 0.381250 0.466667 0.382812 0.468750 0.389062 0.466667 0.389062 0.456250 0.390625 0.454167 0.395313 0.454167 0.396875 0.456250 0.396875 0.462500 0.398438 0.464583 0.403125 0.464583 0.403125 0.447917 0.401562 0.445833 0.398438 0.445833 0.395313 0.441667
4 0.348438 0.433333 0.346875 0.477083 0.353125 0.477083 0.357812 0.470833 0.360938 0.477083 0.364063 0.466667 0.365625 0.439583 0.367188 0.437500 0.362500 0.437500 0.356250 0.433333 0.353125 0.435417
4 0.326562 0.425000 0.321875 0.447917 0.323437 0.479167 0.339062 0.479167 0.342187 0.466667 0.342187 0.431250 0.335938 0.431250 0.332813 0.427083 0.328125 0.427083
4 0.026562 0.310417 0.015625 0.502083 0.301563 0.477083 0.301563 0.410417
4 0.004687 0.302083 0.000000 0.302083 0.000000 0.502083 0.012500 0.314583
5 0.395313 0.195833 0.390625 0.250000 0.354687 0.281250 0.342187 0.487500 0.357812 0.279167 0.385937 0.258333 0.373437 0.483333
5 0.025000 0.110417 0.001563 0.545833 0.014063 0.541667 0.035937 0.118750
7 0.000000 0.025000 0.000000 0.089583 0.062500 0.141667 0.084375 0.147917 0.087500 0.129167 0.081250 0.118750 0.023438 0.066667 0.029687 0.056250 0.026562 0.031250
8 0.350000 0.416667 0.350000 0.431250 0.351562 0.433333 0.356250 0.431250 0.362500 0.435417 0.370312 0.435417 0.373437 0.439583 0.373437 0.429167 0.371875 0.429167 0.367188 0.422917 0.367188 0.420833 0.364063 0.420833 0.360938 0.416667
8 0.390625 0.404167 0.390625 0.414583 0.389062 0.416667 0.390625 0.418750 0.389062 0.420833 0.389062 0.439583 0.395313 0.439583 0.398438 0.443750 0.401562 0.443750 0.403125 0.445833 0.404687 0.443750 0.404687 0.408333 0.396875 0.404167
8 0.506250 0.416667 0.501563 0.420833 0.492188 0.414583 0.487500 0.420833 0.484375 0.400000 0.482812 0.408333 0.476562 0.402083 0.460938 0.408333 0.453125 0.427083 0.456250 0.468750 0.478125 0.475000 0.484375 0.462500 0.496875 0.462500 0.498437 0.450000 0.504687 0.464583 0.512500 0.447917 0.512500 0.435417
8 0.300000 0.402083 0.300000 0.408333 0.309375 0.408333 0.310937 0.412500 0.323437 0.414583 0.328125 0.425000 0.332813 0.425000 0.335938 0.429167 0.342187 0.429167 0.343750 0.427083 0.343750 0.416667 0.326562 0.404167 0.310937 0.397917 0.303125 0.397917
8 0.431250 0.366667 0.421875 0.385417 0.421875 0.408333 0.417187 0.400000 0.415625 0.412500 0.409375 0.412500 0.406250 0.447917 0.412500 0.452083 0.412500 0.462500 0.415625 0.456250 0.417187 0.466667 0.420312 0.418750 0.420312 0.466667 0.426563 0.464583 0.432812 0.450000 0.443750 0.450000 0.442188 0.420833 0.435937 0.416667 0.439063 0.389583
8 0.029687 0.256250 0.026562 0.308333 0.293750 0.406250 0.276562 0.379167 0.126562 0.289583
8 0.000000 0.245833 0.000000 0.300000 0.004687 0.300000 0.006250 0.304167 0.010937 0.304167 0.012500 0.289583 0.014063 0.287500 0.012500 0.285417 0.014063 0.252083 0.009375 0.247917
8 0.043750 0.041667 0.040625 0.045833 0.042188 0.054167 0.039062 0.056250 0.042188 0.066667 0.040625 0.081250 0.043750 0.081250 0.046875 0.089583 0.053125 0.091667 0.054688 0.095833 0.073438 0.110417 0.068750 0.087500 0.078125 0.075000 0.076563 0.062500 0.051562 0.043750
10 0.385937 0.260417 0.364063 0.270833 0.357812 0.289583 0.356250 0.318750 0.371875 0.325000 0.373437 0.366667 0.378125 0.368750
10 0.142187 0.010417 0.239063 0.066667 0.270313 0.237500 0.332813 0.252083 0.335938 0.314583 0.396875 0.195833 0.384375 0.368750 0.414062 0.412500 0.434375 0.366667 0.454688 0.443750 0.593750 0.333333 0.653125 0.347917 0.725000 0.193750 0.725000 0.260417 0.856250 0.308333 0.998437 0.000000
13 0.432812 0.452083 0.428125 0.458333 0.428125 0.468750 0.426563 0.470833 0.426563 0.477083 0.428125 0.481250 0.442188 0.481250 0.442188 0.479167 0.445312 0.477083 0.445312 0.470833 0.446875 0.468750 0.445312 0.454167 0.443750 0.452083
13 0.479687 0.470833 0.478125 0.502083 0.529687 0.525000 0.554688 0.581250 0.595313 0.570833 0.603125 0.622917 0.675000 0.652083 0.698438 0.714583 0.746875 0.691667 0.873437 0.750000 0.915625 0.700000 0.912500 0.577083 0.850000 0.483333 0.732812 0.456250 0.659375 0.470833 0.643750 0.439583 0.587500 0.425000 0.537500 0.477083