0 0.000000 0.606250 0.000000 0.997917 0.998437 0.997917 0.996875 0.816667 0.667188 0.616667 0.585938 0.618750 0.459375 0.477083 0.287500 0.572917
1 0.715625 0.591667 0.707812 0.641667 0.998437 0.816667 0.998437 0.702083 0.831250 0.625000
1 0.415625 0.468750 0.223438 0.520833 0.073438 0.531250 0.071875 0.570833 0.056250 0.577083 0.039062 0.570833 0.042188 0.531250 0.000000 0.531250 0.000000 0.604167 0.287500 0.570833 0.403125 0.495833
2 0.379688 0.379167 0.376563 0.379167 0.373437 0.443750 0.376563 0.439583 0.378125 0.414583 0.382812 0.412500 0.384375 0.408333 0.395313 0.412500 0.392188 0.408333 0.392188 0.400000 0.385937 0.400000 0.379688 0.393750
2 0.354687 0.335417 0.350000 0.422917 0.356250 0.425000 0.367188 0.437500 0.371875 0.379167 0.360938 0.370833 0.360938 0.335417
2 0.128125 0.293750 0.131250 0.300000 0.134375 0.300000 0.135937 0.304167 0.139063 0.306250 0.140625 0.310417 0.140625 0.320833 0.154688 0.320833 0.153125 0.318750 0.153125 0.312500 0.154688 0.310417 0.154688 0.300000 0.156250 0.297917 0.153125 0.291667 0.135937 0.289583 0.134375 0.291667 0.131250 0.291667 0.129688 0.295833
2 0.143750 0.233333 0.143750 0.247917 0.140625 0.250000 0.140625 0.256250 0.146875 0.268750 0.150000 0.268750 0.151562 0.272917 0.156250 0.275000 0.156250 0.268750 0.154688 0.266667 0.157812 0.264583 0.157812 0.258333 0.156250 0.256250 0.156250 0.241667 0.150000 0.237500 0.146875 0.237500 0.145313 0.233333
2 0.100000 0.041667 0.096875 0.139583 0.121875 0.106250 0.156250 0.189583 0.203125 0.206250 0.190625 0.260417 0.167187 0.256250 0.164062 0.327083 0.342187 0.422917 0.348438 0.333333 0.328125 0.325000 0.326562 0.272917 0.270313 0.260417 0.246875 0.118750 0.167187 0.102083 0.153125 0.050000 0.140625 0.089583
2 0.998437 0.056250 0.895312 0.025000 0.784375 0.306250 0.643750 0.272917 0.621875 0.356250 0.570312 0.343750 0.493750 0.464583 0.543750 0.435417 0.682813 0.477083 0.998437 0.481250
2 0.000000 0.000000 0.000000 0.183333 0.010937 0.164583 0.035937 0.179167 0.042188 0.156250 0.054688 0.158333 0.060937 0.170833 0.075000 0.004167
3 0.073438 0.504167 0.073438 0.529167 0.145313 0.527083 0.145313 0.500000 0.076563 0.500000
3 0.000000 0.497917 0.000000 0.529167 0.009375 0.531250 0.042188 0.529167 0.043750 0.500000 0.037500 0.497917
3 0.807813 0.477083 0.779687 0.477083 0.773438 0.566667 0.715625 0.556250 0.715625 0.589583 0.798438 0.614583 0.798438 0.531250
3 0.865625 0.472917 0.856250 0.641667 0.998437 0.700000 0.998437 0.631250 0.892188 0.595833 0.896875 0.504167 0.907813 0.472917
3 0.365625 0.445833 0.356250 0.441667 0.351562 0.441667 0.350000 0.443750 0.350000 0.454167 0.346875 0.458333 0.348438 0.472917 0.346875 0.475000 0.346875 0.483333 0.343750 0.485417 0.343750 0.491667 0.346875 0.491667 0.348438 0.487500 0.365625 0.487500
3 0.340625 0.483333 0.325000 0.483333 0.328125 0.431250 0.321875 0.427083 0.323437 0.475000 0.315625 0.481250 0.314063 0.464583 0.310937 0.487500 0.154688 0.500000 0.154688 0.527083 0.340625 0.491667
4 0.685937 0.479167 0.706250 0.510417 0.715625 0.535417 0.717187 0.554167 0.773438 0.564583 0.778125 0.481250
4 0.809375 0.477083 0.800000 0.531250 0.800000 0.614583 0.854688 0.633333 0.865625 0.477083
4 0.906250 0.475000 0.898438 0.504167 0.893750 0.595833 0.998437 0.629167 0.998437 0.483333
4 0.162500 0.372917 0.154688 0.497917 0.306250 0.487500 0.314063 0.462500 0.315625 0.479167 0.321875 0.475000 0.325000 0.443750 0.326562 0.483333 0.340625 0.481250 0.342187 0.439583 0.329688 0.431250 0.326562 0.445833 0.320312 0.427083
4 0.084375 0.354167 0.076563 0.497917 0.145313 0.497917 0.151562 0.370833
4 0.000000 0.333333 0.000000 0.495833 0.043750 0.497917 0.051562 0.343750
5 0.157812 0.241667 0.146875 0.527083 0.153125 0.527083 0.167187 0.254167
5 0.385937 0.222917 0.381250 0.281250 0.351562 0.308333 0.342187 0.491667 0.353125 0.316667 0.376563 0.289583 0.368750 0.485417 0.381250 0.289583 0.392188 0.279167 0.382812 0.279167
5 0.101562 0.000000 0.073438 0.008333 0.040625 0.568750 0.070312 0.570833
7 0.092188 0.179167 0.092188 0.200000 0.131250 0.204167 0.135937 0.208333 0.137500 0.225000 0.146875 0.235417 0.162500 0.241667 0.175000 0.258333 0.189062 0.260417 0.189062 0.243750 0.162500 0.220833 0.160938 0.191667
8 0.440625 0.422917 0.445312 0.472917 0.460938 0.475000 0.462500 0.466667 0.471875 0.464583 0.493750 0.466667 0.498437 0.450000 0.496875 0.431250 0.490625 0.420833 0.484375 0.420833 0.482812 0.416667 0.475000 0.420833 0.471875 0.404167 0.468750 0.412500 0.460938 0.404167 0.453125 0.406250
8 0.420312 0.372917 0.414062 0.375000 0.407813 0.418750 0.406250 0.406250 0.404687 0.414583 0.398438 0.416667 0.396875 0.441667 0.395313 0.414583 0.384375 0.410417 0.378125 0.418750 0.375000 0.443750 0.393750 0.454167 0.395313 0.439583 0.398438 0.464583 0.404687 0.470833 0.415625 0.466667 0.420312 0.454167 0.429688 0.454167 0.429688 0.431250 0.421875 0.418750 0.426563 0.414583 0.426563 0.391667
8 0.162500 0.331250 0.162500 0.370833 0.342187 0.437500 0.343750 0.425000 0.329688 0.416667 0.304688 0.416667 0.293750 0.402083
8 0.092188 0.202083 0.084375 0.352083 0.151562 0.368750 0.154688 0.322917 0.140625 0.322917 0.137500 0.306250 0.126562 0.295833 0.135937 0.287500 0.154688 0.291667 0.156250 0.283333 0.139063 0.256250 0.142187 0.231250 0.134375 0.208333
8 0.165625 0.181250 0.162500 0.185417 0.162500 0.191667 0.167187 0.195833 0.167187 0.222917 0.173437 0.227083 0.178125 0.235417 0.187500 0.239583 0.190625 0.247917 0.196875 0.245833 0.201563 0.235417 0.200000 0.200000 0.175000 0.185417 0.173437 0.181250
8 0.042188 0.158333 0.035937 0.181250 0.010937 0.166667 0.000000 0.185417 0.000000 0.331250 0.051562 0.341667 0.064062 0.177083 0.054688 0.160417
8 0.100000 0.129167 0.100000 0.141667 0.093750 0.141667 0.092188 0.177083 0.154688 0.189583 0.153125 0.160417 0.134375 0.143750 0.129688 0.114583 0.118750 0.108333 0.109375 0.120833 0.110937 0.127083 0.107813 0.131250
10 0.376563 0.291667 0.370312 0.291667 0.368750 0.295833 0.357812 0.302083 0.354687 0.316667 0.354687 0.333333 0.362500 0.335417 0.362500 0.370833 0.368750 0.372917 0.370312 0.377083 0.376563 0.314583
10 0.100000 0.020833 0.246875 0.116667 0.331250 0.329167 0.385937 0.220833 0.381250 0.393750 0.409375 0.360417 0.439063 0.447917 0.621875 0.354167 0.643750 0.270833 0.784375 0.304167 0.895312 0.022917 0.998437 0.058333 0.998437 0.000000
13 0.420312 0.456250 0.415625 0.464583 0.417187 0.466667 0.417187 0.470833 0.414062 0.472917 0.414062 0.481250 0.425000 0.481250 0.426563 0.483333 0.434375 0.481250 0.434375 0.456250
13 0.462500 0.468750 0.467187 0.506250 0.501563 0.518750 0.518750 0.558333 0.542188 0.545833 0.546875 0.579167 0.576562 0.581250 0.585938 0.616667 0.621875 0.600000 0.696875 0.639583 0.712500 0.610417 0.715625 0.541667 0.681250 0.477083 0.543750 0.437500 0.512500 0.472917