0 0.000000 0.758333 0.000000 0.997917 0.998437 0.997917 0.987500 0.912500 0.800000 0.766667 0.734375 0.768750 0.700000 0.633333 0.521875 0.566667 0.446875 0.470833
1 0.615625 0.545833 0.610938 0.579167 0.701562 0.629167 0.701562 0.604167 0.712500 0.568750 0.684375 0.570833
1 0.403125 0.466667 0.000000 0.570833 0.000000 0.756250 0.392188 0.495833
2 0.331250 0.295833 0.323437 0.412500 0.334375 0.418750 0.335938 0.433333 0.362500 0.435417 0.364063 0.397917 0.378125 0.391667 0.365625 0.387500 0.364063 0.358333 0.348438 0.354167 0.343750 0.358333 0.334375 0.352083
2 0.245312 0.181250 0.235937 0.402083 0.279687 0.414583 0.282813 0.402083 0.315625 0.406250 0.321875 0.295833 0.281250 0.285417 0.270313 0.191667 0.264062 0.181250
2 0.998437 0.170833 0.851562 0.133333 0.853125 0.020833 0.846875 0.125000 0.779687 0.118750 0.718750 0.310417 0.618750 0.287500 0.592187 0.362500 0.510938 0.393750 0.500000 0.454167 0.809375 0.464583 0.998437 0.277083
2 0.000000 0.000000 0.000000 0.310417 0.043750 0.322917 0.057813 0.350000 0.087500 0.314583 0.228125 0.372917 0.239063 0.177083 0.171875 0.164583 0.154688 0.131250 0.145313 0.158333 0.096875 0.150000 0.101562 0.114583 0.126562 0.102083 0.092188 0.000000
3 0.273438 0.504167 0.267188 0.500000 0.268750 0.495833 0.271875 0.495833 0.232813 0.500000 0.232813 0.512500 0.251563 0.510417 0.260937 0.506250 0.273438 0.506250
3 0.698438 0.464583 0.678125 0.462500 0.671875 0.531250 0.612500 0.518750 0.615625 0.543750 0.692187 0.568750
3 0.329688 0.431250 0.331250 0.445833 0.326562 0.483333 0.320312 0.485417 0.320312 0.491667 0.323437 0.487500 0.357812 0.485417 0.368750 0.477083 0.375000 0.477083 0.375000 0.472917 0.370312 0.472917 0.368750 0.477083 0.365625 0.472917 0.337500 0.477083 0.332813 0.470833 0.334375 0.431250
3 0.314063 0.427083 0.300000 0.425000 0.304688 0.431250 0.304688 0.456250 0.303125 0.458333 0.303125 0.485417 0.298438 0.500000 0.310937 0.495833 0.312500 0.483333 0.310937 0.437500
3 0.096875 0.352083 0.109375 0.372917 0.100000 0.543750 0.223438 0.516667 0.223438 0.502083 0.131250 0.514583 0.139063 0.362500
3 0.000000 0.312500 0.006250 0.341667 0.000000 0.377083 0.000000 0.568750 0.034375 0.558333 0.037500 0.383333 0.045312 0.327083
4 0.581250 0.468750 0.592187 0.491667 0.600000 0.493750 0.609375 0.516667 0.656250 0.529167 0.671875 0.529167 0.675000 0.477083 0.670312 0.470833 0.650000 0.475000 0.645312 0.470833 0.592187 0.472917
4 0.810937 0.464583 0.790625 0.470833 0.698438 0.472917 0.695312 0.564583 0.712500 0.566667 0.734375 0.518750 0.792188 0.485417
4 0.335938 0.435417 0.334375 0.470833 0.337500 0.475000 0.353125 0.472917 0.353125 0.460417 0.356250 0.454167 0.359375 0.462500 0.357812 0.470833 0.365625 0.470833 0.368750 0.475000 0.370312 0.470833 0.375000 0.470833 0.375000 0.445833 0.371875 0.441667 0.350000 0.435417
4 0.328125 0.431250 0.321875 0.431250 0.321875 0.443750 0.320312 0.445833 0.320312 0.483333 0.325000 0.483333 0.326562 0.456250 0.329688 0.445833 0.329688 0.435417
4 0.235937 0.404167 0.232813 0.497917 0.271875 0.493750 0.268750 0.500000 0.275000 0.506250 0.278125 0.493750 0.281250 0.502083 0.296875 0.500000 0.301563 0.485417 0.303125 0.431250 0.284375 0.425000 0.282813 0.416667 0.265625 0.416667
4 0.135937 0.375000 0.131250 0.512500 0.223438 0.500000 0.226562 0.400000
4 0.043750 0.345833 0.034375 0.556250 0.095312 0.545833 0.101562 0.522917 0.107813 0.372917 0.100000 0.362500
5 0.400000 0.331250 0.398438 0.360417 0.379688 0.379167 0.376563 0.477083 0.381250 0.379167 0.390625 0.366667 0.398438 0.368750 0.393750 0.468750
5 0.331250 0.060417 0.265625 0.087500 0.245312 0.114583 0.225000 0.516667 0.246875 0.125000 0.268750 0.091667
8 0.590625 0.466667 0.592187 0.470833 0.645312 0.468750 0.650000 0.472917 0.670312 0.468750 0.675000 0.475000 0.678125 0.460417 0.679688 0.464583 0.695312 0.460417 0.700000 0.470833 0.704688 0.470833 0.704688 0.450000 0.696875 0.441667 0.679688 0.439583 0.612500 0.441667 0.596875 0.445833
8 0.521875 0.447917 0.521875 0.456250 0.523438 0.454167 0.535937 0.454167 0.537500 0.456250 0.545312 0.456250 0.545312 0.447917 0.543750 0.445833 0.543750 0.441667 0.539062 0.439583 0.535937 0.435417 0.529687 0.435417
8 0.281250 0.406250 0.281250 0.414583 0.282813 0.414583 0.285938 0.422917 0.289062 0.425000 0.298438 0.425000 0.300000 0.422917 0.303125 0.425000 0.314063 0.425000 0.314063 0.416667 0.315625 0.414583 0.315625 0.408333 0.314063 0.406250 0.301563 0.406250 0.300000 0.410417 0.296875 0.410417 0.295312 0.406250 0.289062 0.406250 0.287500 0.404167 0.282813 0.404167
8 0.382812 0.397917 0.382812 0.404167 0.381250 0.406250 0.381250 0.445833 0.387500 0.447917 0.389062 0.454167 0.390625 0.454167 0.390625 0.447917 0.392188 0.445833 0.392188 0.414583 0.393750 0.412500 0.389062 0.410417 0.387500 0.404167
8 0.367188 0.395833 0.364063 0.404167 0.364063 0.435417 0.362500 0.437500 0.371875 0.439583 0.375000 0.443750 0.376563 0.441667 0.376563 0.397917 0.373437 0.395833
8 0.437500 0.416667 0.442188 0.468750 0.464062 0.472917 0.465625 0.466667 0.473438 0.477083 0.473438 0.466667 0.485938 0.454167 0.487500 0.443750 0.492188 0.454167 0.509375 0.462500 0.509375 0.456250 0.498437 0.454167 0.506250 0.431250 0.496875 0.406250 0.490625 0.416667 0.479687 0.406250 0.473438 0.414583 0.470313 0.393750 0.467187 0.404167 0.456250 0.395833
8 0.412500 0.358333 0.406250 0.364583 0.398438 0.395833 0.396875 0.454167 0.396875 0.416667 0.407813 0.402083 0.412500 0.404167 0.403125 0.412500 0.401562 0.454167 0.426563 0.447917 0.426563 0.425000 0.417187 0.414583 0.420312 0.381250
8 0.064062 0.343750 0.065625 0.352083 0.098437 0.360417 0.096875 0.350000 0.137500 0.358333 0.139063 0.370833 0.221875 0.397917 0.228125 0.393750 0.225000 0.372917 0.118750 0.322917 0.082812 0.316667
10 0.093750 0.000000 0.096875 0.147917 0.239063 0.175000 0.332813 0.060417 0.248438 0.125000 0.285938 0.287500 0.342187 0.058333 0.335938 0.352083 0.392188 0.408333 0.400000 0.329167 0.429688 0.443750 0.618750 0.285417 0.718750 0.308333 0.853125 0.018750 0.851562 0.131250 0.998437 0.168750 0.998437 0.000000
13 0.475000 0.466667 0.471875 0.514583 0.498437 0.514583 0.500000 0.543750 0.514062 0.543750 0.521875 0.564583 0.545312 0.554167 0.589063 0.566667 0.596875 0.579167 0.610938 0.570833 0.610938 0.518750 0.579688 0.468750 0.523438 0.456250 0.512500 0.470833 0.493750 0.456250
13 0.412500 0.450000 0.410938 0.454167 0.406250 0.458333 0.406250 0.462500 0.404687 0.464583 0.404687 0.481250 0.420312 0.481250 0.421875 0.483333 0.426563 0.481250 0.428125 0.477083 0.428125 0.452083 0.426563 0.450000
13 0.998437 0.279167 0.734375 0.520833 0.701562 0.631250 0.743750 0.777083 0.800000 0.764583 0.998437 0.920833