0 0.950000 0.952083 0.946875 0.972917 0.948438 0.979167 0.945312 0.981250 0.946875 0.985417 0.943750 0.997917 0.998437 0.997917 0.998437 0.985417 0.976562 0.966667 0.971875 0.958333 0.953125 0.947917
0 0.000000 0.718750 0.000000 0.997917 0.868750 0.997917 0.803125 0.922917 0.731250 0.670833 0.520312 0.581250 0.451562 0.475000
1 0.603125 0.541667 0.601562 0.585417 0.739062 0.670833 0.751563 0.595833 0.710938 0.587500
1 0.456250 0.477083 0.456250 0.481250 0.467187 0.487500 0.473438 0.495833 0.485938 0.502083 0.487500 0.506250 0.496875 0.514583 0.500000 0.514583 0.501563 0.508333 0.504687 0.506250 0.504687 0.497917 0.501563 0.497917 0.500000 0.493750 0.493750 0.493750 0.485938 0.487500 0.475000 0.483333 0.473438 0.479167
1 0.389062 0.470833 0.003125 0.564583 0.000000 0.716667 0.368750 0.506250
2 0.512500 0.450000 0.556250 0.447917 0.573438 0.414583 0.635938 0.468750 0.779687 0.466667 0.845313 0.395833 0.998437 0.381250 0.998437 0.310417 0.940625 0.247917 0.856250 0.229167 0.850000 0.197917 0.814063 0.218750 0.709375 0.189583 0.659375 0.337500 0.585938 0.322917 0.575000 0.372917 0.520312 0.383333
2 0.000000 0.000000 0.000000 0.343750 0.107813 0.362500 0.126562 0.283333 0.132812 0.372917 0.237500 0.372917 0.328125 0.429167 0.304688 0.368750 0.326562 0.366667 0.334375 0.412500 0.348438 0.341667 0.304688 0.331250 0.298438 0.247917 0.178125 0.220833 0.148438 0.000000
3 0.600000 0.466667 0.600000 0.470833 0.606250 0.472917 0.609375 0.479167 0.607812 0.520833 0.604688 0.522917 0.603125 0.516667 0.598437 0.514583 0.600000 0.533333 0.607812 0.543750 0.614062 0.543750 0.614062 0.472917 0.621875 0.466667
3 0.659375 0.462500 0.656250 0.468750 0.659375 0.472917 0.659375 0.497917 0.656250 0.500000 0.654687 0.562500 0.668750 0.566667 0.671875 0.477083 0.675000 0.466667 0.671875 0.462500
3 0.479687 0.464583 0.479687 0.477083 0.478125 0.479167 0.479687 0.483333 0.485938 0.485417 0.493750 0.491667 0.500000 0.491667 0.501563 0.495833 0.506250 0.495833 0.504687 0.470833 0.501563 0.468750 0.501563 0.462500 0.496875 0.462500 0.495312 0.464583
3 0.734375 0.458333 0.729688 0.591667 0.751563 0.593750 0.753125 0.587500 0.746875 0.579167 0.754687 0.543750 0.751563 0.487500 0.764062 0.460417
3 0.804688 0.456250 0.801562 0.458333 0.784375 0.458333 0.781250 0.462500 0.781250 0.468750 0.784375 0.470833 0.784375 0.487500 0.781250 0.489583 0.781250 0.493750 0.784375 0.495833 0.784375 0.508333 0.804688 0.485417 0.806250 0.481250 0.806250 0.458333
3 0.354687 0.443750 0.353125 0.481250 0.362500 0.477083 0.371875 0.477083 0.384375 0.468750 0.389062 0.468750 0.387500 0.452083 0.382812 0.452083 0.381250 0.466667 0.379688 0.452083 0.373437 0.452083 0.371875 0.447917 0.359375 0.441667
3 0.048438 0.352083 0.062500 0.372917 0.053125 0.550000 0.350000 0.483333 0.342187 0.454167 0.334375 0.481250 0.229687 0.483333 0.232813 0.406250 0.220312 0.400000 0.210938 0.508333 0.125000 0.518750 0.106250 0.435417 0.126562 0.375000
4 0.676562 0.468750 0.671875 0.564583 0.717187 0.566667 0.725000 0.572917 0.728125 0.589583 0.732812 0.477083
4 0.617188 0.470833 0.615625 0.543750 0.653125 0.560417 0.657813 0.472917
4 0.584375 0.468750 0.592187 0.485417 0.592187 0.491667 0.595313 0.491667 0.600000 0.497917 0.598437 0.512500 0.603125 0.514583 0.604688 0.520833 0.606250 0.520833 0.606250 0.485417 0.607812 0.483333 0.606250 0.475000 0.601562 0.475000 0.598437 0.468750
4 0.776563 0.466667 0.757812 0.470833 0.756250 0.485417 0.753125 0.487500 0.756250 0.543750 0.753125 0.545833 0.753125 0.564583 0.748437 0.579167 0.751563 0.585417 0.764062 0.545833 0.782813 0.512500 0.782813 0.495833 0.779687 0.493750 0.782813 0.470833
4 0.232813 0.410417 0.229687 0.481250 0.296875 0.475000 0.303125 0.466667 0.304688 0.475000 0.331250 0.472917 0.334375 0.479167 0.342187 0.452083 0.343750 0.468750 0.348438 0.468750 0.350000 0.443750 0.342187 0.437500 0.254688 0.420833
4 0.128125 0.372917 0.123438 0.412500 0.117188 0.414583 0.115625 0.491667 0.125000 0.516667 0.210938 0.506250 0.218750 0.460417 0.218750 0.397917
4 0.046875 0.352083 0.000000 0.345833 0.000000 0.564583 0.051562 0.550000 0.060937 0.372917
5 0.110937 0.400000 0.112500 0.408333 0.109375 0.410417 0.107813 0.477083 0.114062 0.493750 0.117188 0.431250 0.115625 0.410417
5 0.387500 0.300000 0.387500 0.320833 0.356250 0.343750 0.351562 0.481250 0.357812 0.343750 0.384375 0.325000 0.381250 0.464583
5 0.126562 0.285417 0.123438 0.287500 0.125000 0.295833 0.120313 0.316667 0.120313 0.329167 0.114062 0.337500 0.112500 0.360417 0.109375 0.362500 0.118750 0.375000 0.129688 0.370833 0.126562 0.329167 0.129688 0.318750
8 0.557813 0.445833 0.576562 0.454167 0.584375 0.466667 0.621875 0.464583 0.625000 0.468750 0.634375 0.468750 0.634375 0.447917 0.629687 0.443750 0.612500 0.441667 0.601562 0.456250 0.596875 0.456250 0.592187 0.431250 0.573438 0.416667 0.565625 0.418750 0.560937 0.443750
8 0.448437 0.395833 0.435937 0.425000 0.442188 0.441667 0.440625 0.470833 0.462500 0.475000 0.470313 0.462500 0.476562 0.481250 0.479687 0.462500 0.496875 0.460417 0.490625 0.443750 0.493750 0.435417 0.506250 0.485417 0.517188 0.433333 0.507812 0.397917 0.503125 0.395833 0.495312 0.414583 0.493750 0.406250 0.475000 0.412500 0.473438 0.389583 0.467187 0.402083 0.464062 0.393750
8 0.357812 0.381250 0.354687 0.441667 0.359375 0.439583 0.371875 0.445833 0.373437 0.450000 0.379688 0.450000 0.381250 0.406250 0.376563 0.402083 0.368750 0.379167 0.365625 0.379167 0.364063 0.383333
8 0.973437 0.387500 0.951562 0.383333 0.945312 0.372917 0.934375 0.385417 0.821875 0.408333 0.806250 0.437500 0.807813 0.481250 0.865625 0.425000
8 0.179688 0.379167 0.182812 0.387500 0.215625 0.393750 0.246875 0.416667 0.318750 0.429167 0.304688 0.422917 0.307812 0.414583 0.303125 0.406250 0.289062 0.400000 0.281250 0.404167 0.278125 0.395833 0.251563 0.379167 0.232813 0.375000 0.217188 0.393750 0.201563 0.370833 0.190625 0.368750
8 0.307812 0.364583 0.304688 0.395833 0.312500 0.402083 0.321875 0.397917 0.331250 0.425000 0.321875 0.433333 0.335938 0.433333 0.350000 0.441667 0.353125 0.377083 0.340625 0.385417 0.340625 0.404167 0.334375 0.414583 0.325000 0.366667 0.321875 0.362500
8 0.410938 0.352083 0.403125 0.354167 0.398438 0.368750 0.398438 0.387500 0.390625 0.400000 0.393750 0.402083 0.392188 0.456250 0.396875 0.450000 0.403125 0.450000 0.404687 0.443750 0.421875 0.443750 0.426563 0.454167 0.428125 0.447917 0.426563 0.427083 0.415625 0.412500 0.418750 0.404167 0.418750 0.377083
9 0.670312 0.566667 0.670312 0.568750 0.690625 0.577083 0.709375 0.581250 0.710938 0.585417 0.725000 0.587500 0.723437 0.572917 0.717187 0.568750 0.709375 0.566667
10 0.148438 0.004167 0.179688 0.220833 0.293750 0.239583 0.379688 0.404167 0.389062 0.300000 0.385937 0.404167 0.410938 0.350000 0.428125 0.443750 0.585938 0.320833 0.659375 0.335417 0.709375 0.187500 0.850000 0.195833 0.998437 0.308333 0.998437 0.000000
13 0.521875 0.447917 0.507812 0.479167 0.498437 0.558333 0.506250 0.562500 0.514062 0.554167 0.520312 0.579167 0.534375 0.568750 0.559375 0.568750 0.595313 0.587500 0.601562 0.560417 0.598437 0.497917 0.579688 0.460417 0.559375 0.450000
13 0.404687 0.445833 0.403125 0.452083 0.396875 0.452083 0.390625 0.462500 0.390625 0.487500 0.410938 0.487500 0.412500 0.491667 0.417187 0.491667 0.418750 0.485417 0.425000 0.481250 0.426563 0.456250 0.421875 0.445833
13 0.998437 0.383333 0.851562 0.437500 0.756250 0.572917 0.737500 0.672917 0.750000 0.756250 0.809375 0.933333 0.870313 0.997917 0.942187 0.997917 0.953125 0.945833 0.998437 0.983333