0 0.000000 0.710417 0.000000 0.997917 0.932813 0.997917 0.829688 0.731250 0.612500 0.587500 0.526563 0.583333 0.450000 0.468750
1 0.615625 0.545833 0.614062 0.589583 0.829688 0.729167 0.846875 0.639583 0.812500 0.627083 0.798438 0.602083 0.756250 0.602083
1 0.456250 0.470833 0.456250 0.475000 0.460938 0.477083 0.462500 0.481250 0.465625 0.481250 0.484375 0.500000 0.490625 0.502083 0.492188 0.506250 0.496875 0.506250 0.504687 0.514583 0.506250 0.504167 0.509375 0.502083 0.509375 0.493750 0.482812 0.483333 0.481250 0.479167 0.465625 0.470833
1 0.389062 0.466667 0.000000 0.554167 0.000000 0.708333 0.359375 0.506250
2 0.512500 0.445833 0.560937 0.443750 0.579688 0.412500 0.643750 0.464583 0.809375 0.464583 0.875000 0.389583 0.996875 0.381250 0.998437 0.279167 0.956250 0.237500 0.871875 0.218750 0.865625 0.185417 0.831250 0.208333 0.718750 0.177083 0.667188 0.331250 0.590625 0.314583 0.578125 0.366667 0.512500 0.397917
2 0.117188 0.000000 0.098437 0.352083 0.190625 0.358333 0.209375 0.383333 0.246875 0.366667 0.326562 0.420833 0.301563 0.360417 0.318750 0.345833 0.335938 0.397917 0.348438 0.333333 0.303125 0.325000 0.293750 0.231250 0.170313 0.204167 0.134375 0.002083
2 0.000000 0.000000 0.000000 0.325000 0.075000 0.341667 0.093750 0.000000
3 0.165625 0.504167 0.143750 0.504167 0.142187 0.508333 0.103125 0.510417 0.101562 0.514583 0.092188 0.514583 0.092188 0.522917 0.098437 0.516667 0.123438 0.516667 0.125000 0.512500 0.160938 0.510417
3 0.596875 0.464583 0.606250 0.491667 0.609375 0.491667 0.612500 0.497917 0.609375 0.508333 0.615625 0.543750 0.621875 0.543750 0.623437 0.472917 0.629687 0.460417
3 0.671875 0.458333 0.668750 0.554167 0.665625 0.560417 0.646875 0.554167 0.665625 0.560417 0.671875 0.568750 0.685937 0.568750 0.682813 0.552083 0.685937 0.470833 0.689063 0.462500 0.687500 0.458333
3 0.479687 0.462500 0.479687 0.477083 0.481250 0.477083 0.482812 0.481250 0.487500 0.481250 0.492188 0.485417 0.496875 0.485417 0.501563 0.489583 0.509375 0.491667 0.510938 0.483333 0.506250 0.481250 0.504687 0.462500 0.498437 0.458333 0.496875 0.460417 0.481250 0.460417
3 0.756250 0.456250 0.750000 0.595833 0.776563 0.602083 0.782813 0.568750 0.778125 0.497917 0.790625 0.458333
3 0.815625 0.452083 0.807813 0.614583 0.812500 0.625000 0.848437 0.637500 0.860938 0.587500 0.837500 0.575000 0.843750 0.454167
3 0.357812 0.435417 0.356250 0.439583 0.359375 0.456250 0.356250 0.458333 0.359375 0.460417 0.359375 0.464583 0.356250 0.466667 0.353125 0.462500 0.351562 0.477083 0.379688 0.466667 0.379688 0.447917 0.378125 0.447917 0.378125 0.462500 0.375000 0.466667 0.370312 0.466667 0.368750 0.439583
3 0.193750 0.506250 0.296875 0.493750 0.348438 0.477083 0.348438 0.466667 0.340625 0.464583 0.339062 0.447917 0.332813 0.477083 0.329688 0.468750 0.218750 0.477083 0.218750 0.393750 0.209375 0.389583 0.203125 0.477083
3 0.003125 0.325000 0.006250 0.339583 0.018750 0.347917 0.006250 0.545833 0.057813 0.539583 0.071875 0.343750
4 0.689063 0.466667 0.684375 0.552083 0.687500 0.568750 0.732812 0.570833 0.746875 0.579167 0.748437 0.587500 0.754687 0.472917
4 0.628125 0.466667 0.625000 0.472917 0.623437 0.543750 0.626563 0.547917 0.665625 0.558333 0.670312 0.466667
4 0.792188 0.462500 0.787500 0.466667 0.779687 0.497917 0.784375 0.558333 0.779687 0.600000 0.798438 0.600000 0.806250 0.606250 0.810937 0.579167 0.815625 0.466667
4 0.839063 0.575000 0.860938 0.585417 0.876563 0.541667 0.893750 0.518750 0.954688 0.466667 0.881250 0.466667 0.845313 0.458333
4 0.220312 0.395833 0.218750 0.475000 0.290625 0.470833 0.293750 0.464583 0.303125 0.470833 0.329688 0.466667 0.332813 0.475000 0.339062 0.445833 0.342187 0.464583 0.348438 0.464583 0.348438 0.437500
4 0.100000 0.354167 0.092188 0.512500 0.165625 0.502083 0.164062 0.510417 0.175000 0.508333 0.170313 0.502083 0.192188 0.506250 0.201563 0.477083 0.207813 0.389583
4 0.000000 0.327083 0.000000 0.552083 0.004687 0.552083 0.012500 0.485417 0.017188 0.347917 0.007812 0.343750
5 0.389062 0.293750 0.387500 0.310417 0.354687 0.337500 0.350000 0.477083 0.356250 0.337500 0.385937 0.314583 0.381250 0.464583
5 0.115625 0.000000 0.093750 0.008333 0.060937 0.543750 0.087500 0.543750
8 0.565625 0.427083 0.562500 0.443750 0.582812 0.447917 0.595313 0.462500 0.629687 0.458333 0.631250 0.464583 0.642188 0.464583 0.642188 0.447917 0.631250 0.437500 0.617188 0.437500 0.610938 0.447917 0.603125 0.452083 0.600000 0.447917 0.600000 0.433333 0.590625 0.418750 0.573438 0.414583
8 0.450000 0.389583 0.437500 0.408333 0.442188 0.466667 0.467187 0.470833 0.471875 0.458333 0.478125 0.475000 0.481250 0.458333 0.496875 0.458333 0.490625 0.439583 0.495312 0.429167 0.510938 0.481250 0.520312 0.450000 0.510938 0.445833 0.518750 0.422917 0.509375 0.393750 0.503125 0.393750 0.496875 0.410417 0.493750 0.402083 0.475000 0.408333 0.473438 0.383333 0.470313 0.395833 0.462500 0.387500
8 0.998437 0.379167 0.875000 0.391667 0.846875 0.420833 0.843750 0.452083 0.881250 0.464583 0.957812 0.464583 0.985938 0.443750 0.985938 0.429167 0.998437 0.420833
8 0.357812 0.375000 0.354687 0.377083 0.356250 0.383333 0.353125 0.416667 0.354687 0.435417 0.359375 0.433333 0.368750 0.437500 0.370312 0.443750 0.379688 0.443750 0.381250 0.402083 0.376563 0.397917 0.368750 0.375000 0.364063 0.375000 0.362500 0.379167
8 0.348438 0.435417 0.351562 0.375000 0.339062 0.379167 0.334375 0.400000 0.318750 0.347917 0.304688 0.354167 0.303125 0.383333 0.323437 0.391667 0.326562 0.422917 0.304688 0.418750 0.301563 0.400000 0.281250 0.400000 0.246875 0.368750 0.218750 0.368750 0.209375 0.385417 0.206250 0.368750 0.171875 0.358333 0.171875 0.377083
8 0.406250 0.345833 0.398438 0.366667 0.398438 0.383333 0.393750 0.385417 0.392188 0.445833 0.400000 0.445833 0.404687 0.439583 0.423438 0.439583 0.426563 0.450000 0.426563 0.420833 0.414062 0.406250 0.420312 0.395833 0.415625 0.354167 0.410938 0.345833
9 0.682813 0.570833 0.729688 0.589583 0.748437 0.593750 0.746875 0.581250 0.743750 0.581250 0.742188 0.577083 0.734375 0.577083 0.732812 0.572917 0.704688 0.568750
10 0.134375 0.000000 0.171875 0.204167 0.293750 0.229167 0.304688 0.325000 0.351562 0.368750 0.382812 0.316667 0.379688 0.400000 0.389062 0.291667 0.385937 0.397917 0.410938 0.343750 0.429688 0.439583 0.590625 0.312500 0.667188 0.329167 0.718750 0.175000 0.865625 0.183333 0.998437 0.277083 0.998437 0.000000
13 0.525000 0.445833 0.503125 0.522917 0.503125 0.560417 0.520312 0.554167 0.526563 0.581250 0.534375 0.581250 0.539062 0.568750 0.592187 0.579167 0.596875 0.593750 0.607812 0.593750 0.615625 0.562500 0.610938 0.497917 0.595313 0.464583 0.573438 0.445833
13 0.404687 0.441667 0.403125 0.445833 0.400000 0.447917 0.398438 0.445833 0.390625 0.456250 0.390625 0.483333 0.410938 0.483333 0.414062 0.487500 0.417187 0.487500 0.418750 0.479167 0.425000 0.477083 0.425000 0.468750 0.428125 0.464583 0.423438 0.441667
13 0.998437 0.422917 0.878125 0.541667 0.831250 0.722917 0.846875 0.833333 0.928125 0.956250 0.934375 0.997917 0.998437 0.997917