0 0.000000 0.677083 0.000000 0.997917 0.998437 0.997917 0.998437 0.875000 0.453125 0.475000
1 0.345313 0.477083 0.000000 0.545833 0.000000 0.675000 0.335938 0.506250
1 0.454688 0.475000 0.998437 0.872917 0.998437 0.697917
2 0.421875 0.441667 0.420312 0.445833 0.421875 0.447917 0.421875 0.458333 0.418750 0.462500 0.414062 0.462500 0.414062 0.466667 0.418750 0.466667 0.418750 0.462500 0.420312 0.460417 0.421875 0.462500 0.421875 0.468750 0.434375 0.468750 0.434375 0.445833 0.429688 0.445833 0.428125 0.441667
2 0.501563 0.406250 0.495312 0.414583 0.495312 0.418750 0.498437 0.420833 0.496875 0.422917 0.496875 0.429167 0.503125 0.441667 0.506250 0.443750 0.506250 0.456250 0.514062 0.458333 0.515625 0.456250 0.514062 0.443750 0.509375 0.435417 0.506250 0.433333 0.504687 0.422917 0.501563 0.420833 0.501563 0.414583 0.504687 0.412500 0.504687 0.406250
2 0.309375 0.295833 0.278125 0.291667 0.278125 0.364583 0.279687 0.337500 0.285938 0.335417 0.289062 0.320833 0.298438 0.329167 0.304688 0.327083 0.314063 0.337500
2 0.998437 0.031250 0.889062 0.229167 0.901563 0.275000 0.776563 0.250000 0.759375 0.212500 0.668750 0.222917 0.639062 0.333333 0.529687 0.364583 0.520312 0.456250 0.618750 0.420833 0.692187 0.445833 0.771875 0.320833 0.810937 0.343750 0.823438 0.441667 0.935937 0.362500 0.967187 0.445833 0.996875 0.445833
2 0.000000 0.039583 0.003125 0.308333 0.039062 0.300000 0.054688 0.341667 0.068750 0.310417 0.128125 0.329167 0.153125 0.372917 0.264062 0.397917 0.225000 0.364583 0.221875 0.310417 0.250000 0.291667 0.270313 0.356250 0.271875 0.289583 0.210938 0.279167 0.189062 0.085417 0.150000 0.068750 0.150000 0.031250 0.145313 0.070833 0.070312 0.054167 0.048438 0.020833
3 0.998437 0.695833 0.996875 0.612500 0.859375 0.577083 0.850000 0.539583 0.840625 0.589583 0.696875 0.545833 0.654687 0.556250
3 0.529687 0.477083 0.529687 0.506250 0.564063 0.516667 0.618750 0.543750 0.614062 0.510417 0.600000 0.508333 0.596875 0.500000 0.587500 0.527083 0.581250 0.518750 0.554688 0.510417 0.553125 0.497917 0.534375 0.493750
3 0.189062 0.479167 0.000000 0.487500 0.000000 0.543750 0.190625 0.502083
3 0.267188 0.477083 0.265625 0.472917 0.264062 0.477083 0.262500 0.475000 0.245312 0.475000 0.243750 0.477083 0.237500 0.477083 0.234375 0.475000 0.232813 0.477083 0.232813 0.491667 0.231250 0.493750 0.264062 0.491667 0.267188 0.489583
3 0.346875 0.462500 0.342187 0.468750 0.328125 0.468750 0.328125 0.435417 0.320312 0.431250 0.321875 0.456250 0.317188 0.479167 0.310937 0.477083 0.309375 0.456250 0.303125 0.470833 0.273438 0.472917 0.271875 0.489583 0.345313 0.475000
4 0.484375 0.460417 0.484375 0.481250 0.485938 0.481250 0.487500 0.475000 0.490625 0.487500 0.498437 0.491667 0.501563 0.489583 0.512500 0.491667 0.514062 0.495833 0.517188 0.489583 0.517188 0.477083 0.518750 0.475000 0.517188 0.460417 0.509375 0.458333
4 0.998437 0.612500 0.998437 0.445833 0.523438 0.472917 0.525000 0.500000 0.529687 0.475000 0.587500 0.525000 0.596875 0.497917 0.650000 0.556250 0.696875 0.543750 0.840625 0.587500 0.850000 0.537500 0.859375 0.575000
4 0.328125 0.439583 0.328125 0.466667 0.342187 0.466667 0.345313 0.464583 0.346875 0.460417 0.345313 0.458333 0.345313 0.454167 0.348438 0.450000 0.348438 0.445833 0.346875 0.443750 0.343750 0.443750 0.342187 0.441667 0.337500 0.441667 0.335938 0.439583
4 0.273438 0.420833 0.273438 0.470833 0.306250 0.466667 0.306250 0.458333 0.309375 0.454167 0.312500 0.462500 0.312500 0.477083 0.317188 0.477083 0.320312 0.456250 0.318750 0.431250 0.314063 0.431250 0.312500 0.427083 0.276562 0.425000
4 0.000000 0.331250 0.000000 0.485417 0.189062 0.477083 0.201563 0.500000 0.229687 0.493750 0.234375 0.472917 0.265625 0.470833 0.267188 0.418750
5 0.334375 0.195833 0.292187 0.212500 0.276562 0.241667 0.268750 0.491667 0.278125 0.243750 0.290625 0.218750
8 0.629687 0.422917 0.601562 0.427083 0.595313 0.435417 0.578125 0.433333 0.535937 0.441667 0.531250 0.445833 0.531250 0.464583 0.571875 0.460417 0.615625 0.464583 0.620313 0.450000 0.628125 0.450000
8 0.357812 0.389583 0.354687 0.393750 0.354687 0.412500 0.353125 0.414583 0.354687 0.418750 0.354687 0.435417 0.351562 0.437500 0.353125 0.443750 0.357812 0.435417 0.367188 0.435417 0.367188 0.420833 0.368750 0.418750 0.368750 0.393750 0.364063 0.395833 0.359375 0.393750
8 0.446875 0.385417 0.429688 0.408333 0.429688 0.429167 0.435937 0.433333 0.435937 0.468750 0.467187 0.475000 0.462500 0.460417 0.476562 0.458333 0.482812 0.481250 0.484375 0.458333 0.504687 0.456250 0.493750 0.418750 0.500000 0.406250 0.496875 0.393750 0.489063 0.404167 0.478125 0.397917 0.471875 0.406250 0.470313 0.379167 0.465625 0.393750 0.459375 0.383333
8 0.515625 0.370833 0.515625 0.381250 0.507812 0.391667 0.506250 0.402083 0.503125 0.404167 0.506250 0.406250 0.503125 0.420833 0.506250 0.422917 0.507812 0.433333 0.515625 0.443750 0.515625 0.458333 0.518750 0.458333 0.520312 0.445833 0.525000 0.441667 0.532813 0.422917 0.532813 0.404167 0.520312 0.372917
8 0.971875 0.420833 0.967187 0.406250 0.945312 0.389583 0.934375 0.372917 0.935937 0.364583 0.889062 0.383333 0.876563 0.400000 0.853125 0.410417 0.843750 0.439583 0.875000 0.447917 0.954688 0.447917 0.967187 0.443750
8 0.396875 0.333333 0.385937 0.360417 0.389062 0.368750 0.385937 0.381250 0.381250 0.379167 0.381250 0.385417 0.373437 0.391667 0.371875 0.435417 0.407813 0.431250 0.414062 0.441667 0.414062 0.460417 0.418750 0.460417 0.418750 0.416667 0.410938 0.414583 0.404687 0.404167 0.410938 0.393750 0.407813 0.352083 0.403125 0.337500
8 0.809375 0.343750 0.775000 0.322917 0.745313 0.327083 0.690625 0.443750 0.818750 0.441667 0.823438 0.418750
8 0.289062 0.322917 0.287500 0.335417 0.281250 0.337500 0.281250 0.362500 0.275000 0.368750 0.276562 0.422917 0.312500 0.425000 0.348438 0.443750 0.350000 0.385417 0.342187 0.381250 0.329688 0.335417 0.325000 0.343750 0.315625 0.341667
8 0.268750 0.418750 0.267188 0.333333 0.250000 0.293750 0.223438 0.310417 0.226562 0.364583 0.259375 0.372917 0.264062 0.400000 0.153125 0.375000 0.128125 0.331250 0.107813 0.339583 0.068750 0.312500 0.054688 0.327083 0.057813 0.345833
8 0.000000 0.270833 0.000000 0.329167 0.015625 0.333333 0.035937 0.331250 0.046875 0.339583 0.040625 0.333333 0.048438 0.320833 0.039062 0.302083 0.028125 0.310417 0.021875 0.302083 0.006250 0.310417 0.001563 0.308333 0.001563 0.295833 0.006250 0.285417 0.003125 0.270833
10 0.000000 0.000000 0.150000 0.029167 0.212500 0.279167 0.334375 0.193750 0.278125 0.287500 0.350000 0.370833 0.360938 0.227083 0.357812 0.372917 0.403125 0.335417 0.429688 0.443750 0.446875 0.383333 0.639062 0.331250 0.668750 0.220833 0.901563 0.272917 0.998437 0.029167
13 0.410938 0.437500 0.407813 0.433333 0.357812 0.437500 0.353125 0.450000 0.346875 0.454167 0.346875 0.500000 0.381250 0.495833 0.393750 0.502083 0.403125 0.487500 0.410938 0.487500