0 0.000000 0.702083 0.000000 0.997917 0.998437 0.997917 0.996875 0.856250 0.459375 0.475000
1 0.464062 0.477083 0.998437 0.856250 0.996875 0.695833
1 0.373437 0.475000 0.000000 0.554167 0.000000 0.700000 0.371875 0.497917
2 0.437500 0.441667 0.435937 0.445833 0.435937 0.456250 0.432812 0.460417 0.432812 0.464583 0.439063 0.470833 0.450000 0.470833 0.450000 0.447917 0.446875 0.445833 0.443750 0.445833 0.442188 0.441667
2 0.506250 0.406250 0.506250 0.414583 0.510938 0.425000 0.509375 0.427083 0.510938 0.441667 0.515625 0.447917 0.515625 0.454167 0.518750 0.460417 0.526563 0.460417 0.525000 0.445833 0.520312 0.441667 0.520312 0.437500 0.514062 0.425000 0.514062 0.414583 0.515625 0.412500 0.514062 0.408333
2 0.318750 0.306250 0.317188 0.345833 0.331250 0.345833 0.332813 0.350000 0.335938 0.350000 0.335938 0.320833 0.334375 0.318750 0.334375 0.310417 0.326562 0.306250
2 0.003125 0.095833 0.001563 0.268750 0.048438 0.266667 0.181250 0.375000 0.200000 0.358333 0.218750 0.391667 0.298438 0.408333 0.260937 0.372917 0.259375 0.327083 0.290625 0.316667 0.306250 0.377083 0.314063 0.306250 0.251563 0.293750 0.234375 0.129167 0.134375 0.112500 0.118750 0.083333 0.103125 0.104167
2 0.998437 0.000000 0.959375 0.004167 0.828125 0.279167 0.746875 0.237500 0.662500 0.247917 0.639062 0.341667 0.542188 0.368750 0.534375 0.464583 0.604688 0.429167 0.657813 0.452083 0.701562 0.356250 0.748437 0.375000 0.768750 0.454167 0.831250 0.391667 0.862500 0.452083 0.990625 0.441667
3 0.653125 0.552083 0.998437 0.695833 0.998437 0.537500 0.989062 0.612500 0.664062 0.535417
3 0.279687 0.491667 0.306250 0.491667 0.306250 0.477083 0.284375 0.477083 0.282813 0.481250 0.282813 0.487500
3 0.000000 0.552083 0.092188 0.543750 0.256250 0.497917 0.254688 0.479167 0.110937 0.487500 0.103125 0.466667 0.096875 0.489583 0.078125 0.477083 0.075000 0.489583 0.000000 0.493750
3 0.498437 0.462500 0.501563 0.487500 0.609375 0.535417 0.606250 0.510417 0.595313 0.508333 0.590625 0.497917 0.582812 0.512500 0.576562 0.497917 0.570312 0.504167 0.542188 0.493750 0.537500 0.477083 0.534375 0.500000 0.529687 0.495833 0.532813 0.460417 0.525000 0.493750 0.520312 0.485417 0.503125 0.483333
3 0.371875 0.447917 0.367188 0.466667 0.356250 0.470833 0.353125 0.466667 0.353125 0.435417 0.345313 0.435417 0.343750 0.466667 0.340625 0.466667 0.339062 0.447917 0.335938 0.470833 0.329688 0.475000 0.312500 0.472917 0.312500 0.487500 0.373437 0.472917
4 0.503125 0.460417 0.503125 0.466667 0.501563 0.468750 0.501563 0.477083 0.503125 0.481250 0.510938 0.487500 0.517188 0.487500 0.517188 0.485417 0.520312 0.483333 0.521875 0.485417 0.521875 0.489583 0.525000 0.491667 0.526563 0.462500 0.518750 0.462500 0.517188 0.460417 0.515625 0.462500 0.507812 0.462500 0.506250 0.460417
4 0.993750 0.443750 0.531250 0.472917 0.531250 0.495833 0.537500 0.475000 0.582812 0.510417 0.590625 0.495833 0.650000 0.554167 0.668750 0.533333 0.987500 0.610417
4 0.314063 0.431250 0.312500 0.470833 0.317188 0.472917 0.334375 0.470833 0.335938 0.454167 0.339062 0.445833 0.342187 0.447917 0.342187 0.466667 0.345313 0.445833 0.343750 0.437500 0.339062 0.435417 0.337500 0.431250
4 0.000000 0.333333 0.000000 0.491667 0.075000 0.487500 0.089063 0.414583 0.110937 0.485417 0.254688 0.477083 0.262500 0.495833 0.306250 0.475000 0.309375 0.429167
5 0.089063 0.416667 0.089063 0.429167 0.084375 0.435417 0.085938 0.437500 0.084375 0.452083 0.081250 0.454167 0.082812 0.458333 0.081250 0.475000 0.085938 0.487500 0.090625 0.485417 0.096875 0.487500 0.101562 0.475000 0.101562 0.437500 0.100000 0.429167 0.095312 0.422917 0.092188 0.427083 0.090625 0.416667
5 0.382812 0.250000 0.373437 0.375000 0.373437 0.450000
5 0.364063 0.235417 0.320312 0.258333 0.315625 0.275000 0.307812 0.491667 0.317188 0.277083 0.326562 0.258333
8 0.620313 0.433333 0.604688 0.431250 0.590625 0.441667 0.584375 0.437500 0.576562 0.441667 0.557813 0.441667 0.556250 0.445833 0.540625 0.445833 0.539062 0.464583 0.606250 0.466667 0.606250 0.456250 0.615625 0.454167 0.615625 0.443750
8 0.389062 0.395833 0.385937 0.395833 0.381250 0.402083 0.379688 0.400000 0.376563 0.402083 0.376563 0.429167 0.375000 0.431250 0.375000 0.443750 0.378125 0.445833 0.381250 0.445833 0.382812 0.441667 0.387500 0.439583 0.387500 0.406250 0.389062 0.404167
8 0.864062 0.425000 0.851562 0.410417 0.846875 0.410417 0.842187 0.400000 0.837500 0.400000 0.837500 0.393750 0.820312 0.395833 0.800000 0.406250 0.792188 0.420833 0.776563 0.427083 0.773438 0.450000 0.776563 0.454167 0.856250 0.454167 0.864062 0.447917
8 0.457813 0.389583 0.445312 0.408333 0.451562 0.470833 0.479687 0.475000 0.476562 0.464583 0.489063 0.462500 0.492188 0.481250 0.496875 0.481250 0.498437 0.460417 0.515625 0.460417 0.504687 0.414583 0.509375 0.400000 0.506250 0.395833 0.504687 0.406250 0.492188 0.402083 0.485938 0.408333 0.484375 0.383333 0.481250 0.393750 0.473438 0.385417
8 0.526563 0.379167 0.526563 0.387500 0.520312 0.393750 0.515625 0.406250 0.517188 0.412500 0.515625 0.425000 0.521875 0.441667 0.526563 0.445833 0.526563 0.454167 0.529687 0.460417 0.532813 0.458333 0.532813 0.447917 0.540625 0.427083 0.543750 0.425000 0.543750 0.412500 0.537500 0.404167 0.531250 0.379167
8 0.659375 0.439583 0.659375 0.452083 0.756250 0.450000 0.751563 0.385417 0.735938 0.362500 0.701562 0.358333 0.675000 0.408333 0.667188 0.433333
8 0.317188 0.347917 0.314063 0.429167 0.340625 0.429167 0.343750 0.435417 0.353125 0.433333 0.354687 0.441667 0.371875 0.445833 0.371875 0.395833 0.364063 0.385417 0.357812 0.354167 0.353125 0.352083 0.346875 0.358333 0.337500 0.350000
8 0.412500 0.339583 0.403125 0.362500 0.401562 0.383333 0.392188 0.395833 0.390625 0.439583 0.425000 0.435417 0.432812 0.458333 0.434375 0.420833 0.420312 0.406250 0.426563 0.397917 0.420312 0.343750
8 0.000000 0.268750 0.007812 0.335417 0.309375 0.427083 0.310937 0.364583 0.306250 0.379167 0.287500 0.316667 0.262500 0.322917 0.262500 0.372917 0.290625 0.383333 0.298438 0.410417 0.218750 0.393750 0.200000 0.360417 0.181250 0.377083 0.048438 0.268750
10 0.000000 0.100000 0.234375 0.127083 0.253125 0.293750 0.364063 0.233333 0.318750 0.304167 0.371875 0.377083 0.382812 0.247917 0.382812 0.395833 0.415625 0.337500 0.450000 0.443750 0.457813 0.387500 0.639062 0.339583 0.662500 0.245833 0.828125 0.277083 0.960938 0.000000 0.000000 0.000000
13 0.428125 0.441667 0.425000 0.437500 0.401562 0.437500 0.400000 0.441667 0.382812 0.443750 0.375000 0.462500 0.375000 0.500000 0.384375 0.495833 0.404687 0.495833 0.415625 0.502083 0.421875 0.487500 0.428125 0.487500 0.428125 0.472917 0.434375 0.468750 0.428125 0.452083