0 0.000000 0.687500 0.000000 0.997917 0.998437 0.997917 0.996875 0.877083 0.778125 0.718750 0.607812 0.702083 0.545312 0.629167 0.548438 0.556250 0.454688 0.475000
1 0.776563 0.631250 0.781250 0.675000 0.770312 0.714583 0.998437 0.877083 0.996875 0.731250
1 0.460938 0.477083 0.546875 0.554167 0.556250 0.539583 0.559375 0.522917 0.503125 0.497917 0.482812 0.479167
1 0.389062 0.468750 0.093750 0.520833 0.000000 0.510417 0.000000 0.685417 0.364063 0.506250
2 0.995313 0.143750 0.950000 0.166667 0.806250 0.118750 0.720313 0.331250 0.620313 0.304167 0.604688 0.368750 0.534375 0.383333 0.526563 0.454167 0.625000 0.431250 0.721875 0.481250 0.821875 0.470833 0.998437 0.516667
2 0.000000 0.000000 0.000000 0.300000 0.096875 0.339583 0.121875 0.308333 0.157812 0.352083 0.209375 0.333333 0.321875 0.412500 0.293750 0.343750 0.318750 0.333333 0.332813 0.383333 0.348438 0.320833 0.293750 0.300000 0.287500 0.197917 0.112500 0.154167 0.079687 0.000000
3 0.490625 0.479167 0.490625 0.485417 0.503125 0.495833 0.515625 0.497917 0.525000 0.506250 0.559375 0.520833 0.560937 0.500000 0.557813 0.502083 0.553125 0.495833 0.553125 0.485417 0.546875 0.483333 0.539062 0.497917 0.521875 0.493750 0.518750 0.485417 0.517188 0.497917 0.515625 0.483333 0.509375 0.487500 0.496875 0.485417
3 0.800000 0.472917 0.796875 0.579167 0.801562 0.589583 0.814063 0.581250 0.818750 0.604167 0.825000 0.585417 0.832812 0.477083
3 0.054688 0.518750 0.360938 0.472917 0.318750 0.481250 0.265625 0.468750 0.264062 0.452083 0.251563 0.472917 0.100000 0.472917 0.103125 0.343750 0.073438 0.331250
4 0.725000 0.483333 0.776563 0.629167 0.998437 0.697917 0.992188 0.510417 0.832812 0.487500 0.817187 0.606250 0.814063 0.583333 0.795312 0.579167 0.798438 0.483333
4 0.492188 0.466667 0.492188 0.481250 0.509375 0.485417 0.515625 0.481250 0.517188 0.495833 0.518750 0.483333 0.521875 0.485417 0.521875 0.491667 0.539062 0.495833 0.546875 0.481250 0.554688 0.485417 0.556250 0.497917 0.554688 0.477083
4 0.350000 0.427083 0.345313 0.452083 0.346875 0.466667 0.359375 0.464583 0.364063 0.475000 0.367188 0.450000 0.370312 0.470833 0.389062 0.466667 0.389062 0.447917 0.373437 0.445833 0.368750 0.441667 0.368750 0.437500 0.357812 0.435417 0.356250 0.429167 0.351562 0.431250
4 0.103125 0.345833 0.100000 0.470833 0.251563 0.470833 0.257812 0.450000 0.265625 0.466667 0.314063 0.466667 0.318750 0.479167 0.342187 0.464583 0.342187 0.431250 0.193750 0.379167 0.165625 0.354167
4 0.000000 0.302083 0.000000 0.508333 0.057813 0.502083 0.065625 0.460417 0.071875 0.327083
5 0.385937 0.291667 0.359375 0.302083 0.351562 0.314583 0.342187 0.477083 0.351562 0.322917 0.362500 0.304167
8 0.395313 0.400000 0.389062 0.400000 0.389062 0.416667 0.385937 0.418750 0.387500 0.433333 0.384375 0.443750 0.390625 0.447917 0.390625 0.454167 0.392188 0.454167 0.393750 0.447917
8 0.445312 0.414583 0.448437 0.472917 0.475000 0.477083 0.479687 0.464583 0.489063 0.481250 0.492188 0.464583 0.509375 0.466667 0.501563 0.441667 0.506250 0.429167 0.520312 0.470833 0.554688 0.475000 0.560937 0.497917 0.560937 0.468750 0.570312 0.452083 0.526563 0.456250 0.532813 0.422917 0.521875 0.393750 0.507812 0.416667 0.506250 0.406250 0.484375 0.412500 0.482812 0.387500 0.479687 0.400000 0.473438 0.389583 0.459375 0.393750
8 0.351562 0.362500 0.348438 0.431250 0.350000 0.425000 0.351562 0.429167 0.356250 0.427083 0.357812 0.433333 0.368750 0.435417 0.373437 0.443750 0.381250 0.443750 0.384375 0.397917 0.376563 0.391667 0.376563 0.383333 0.371875 0.372917
8 0.417187 0.343750 0.406250 0.366667 0.406250 0.383333 0.398438 0.393750 0.396875 0.445833 0.404687 0.445833 0.409375 0.439583 0.428125 0.439583 0.434375 0.462500 0.434375 0.420833 0.423438 0.410417 0.428125 0.397917 0.428125 0.375000 0.423438 0.350000
8 0.167187 0.347917 0.193750 0.377083 0.342187 0.429167 0.346875 0.362500 0.328125 0.383333 0.315625 0.333333 0.295312 0.343750 0.295312 0.379167 0.317188 0.391667 0.321875 0.414583 0.281250 0.404167 0.268750 0.383333 0.250000 0.385417 0.243750 0.364583 0.209375 0.335417 0.171875 0.333333
8 0.107813 0.314583 0.107813 0.322917 0.104688 0.325000 0.106250 0.329167 0.101562 0.339583 0.103125 0.341667 0.137500 0.352083 0.153125 0.350000 0.153125 0.337500 0.143750 0.331250 0.145313 0.327083 0.140625 0.318750 0.125000 0.314583 0.121875 0.310417 0.115625 0.312500 0.114062 0.316667
9 0.812500 0.643750 0.998437 0.731250 0.998437 0.700000 0.885938 0.664583 0.856250 0.645833
10 0.081250 0.000000 0.112500 0.152083 0.287500 0.195833 0.306250 0.314583 0.387500 0.291667 0.375000 0.377083 0.395313 0.277083 0.389062 0.397917 0.418750 0.341667 0.437500 0.443750 0.467187 0.387500 0.604688 0.366667 0.620313 0.302083 0.720313 0.329167 0.806250 0.116667 0.998437 0.179167 0.998437 0.000000
13 0.396875 0.447917 0.390625 0.460417 0.392188 0.491667 0.395313 0.487500 0.412500 0.487500 0.420312 0.495833 0.420312 0.489583 0.429688 0.483333 0.431250 0.470833 0.435937 0.468750 0.431250 0.460417 0.428125 0.441667 0.409375 0.441667 0.404687 0.447917
13 0.590625 0.437500 0.562500 0.497917 0.546875 0.629167 0.590625 0.633333 0.610938 0.702083 0.629687 0.702083 0.635938 0.683333 0.725000 0.695833 0.745313 0.725000 0.764062 0.720833 0.778125 0.689583 0.778125 0.639583 0.723437 0.483333 0.689063 0.445833