0 0.000000 0.643750 0.000000 0.997917 0.931250 0.997917 0.395313 0.479167 0.192188 0.583333 0.100000 0.572917 0.075000 0.656250
1 0.396875 0.479167 0.932813 0.997917 0.998437 0.997917 0.998437 0.737500
2 0.479687 0.379167 0.464062 0.395833 0.460938 0.408333 0.465625 0.414583 0.473438 0.414583 0.484375 0.429167 0.484375 0.454167 0.500000 0.454167 0.496875 0.429167 0.478125 0.395833 0.482812 0.379167
2 0.270313 0.358333 0.270313 0.368750 0.271875 0.368750 0.273438 0.372917 0.278125 0.375000 0.281250 0.379167 0.287500 0.375000 0.293750 0.375000 0.293750 0.362500 0.292187 0.360417 0.279687 0.360417 0.278125 0.358333
2 0.042188 0.354167 0.045312 0.358333 0.045312 0.360417 0.048438 0.360417 0.051562 0.364583 0.051562 0.368750 0.057813 0.377083 0.060937 0.379167 0.067187 0.372917 0.067187 0.354167 0.064062 0.354167 0.062500 0.352083 0.053125 0.352083 0.051562 0.354167 0.048438 0.352083 0.046875 0.354167
2 0.076563 0.131250 0.075000 0.158333 0.043750 0.156250 0.079687 0.204167 0.106250 0.210417 0.121875 0.189583 0.139063 0.218750 0.157812 0.297917 0.160938 0.395833 0.164062 0.354167 0.173437 0.347917 0.142187 0.177083 0.079687 0.160417
2 0.000000 0.116667 0.000000 0.131250 0.003125 0.131250 0.006250 0.135417 0.012500 0.137500 0.014063 0.141667 0.017188 0.143750 0.021875 0.143750 0.025000 0.145833 0.026562 0.139583 0.025000 0.137500 0.025000 0.133333 0.021875 0.129167 0.018750 0.129167 0.017188 0.125000 0.010937 0.118750 0.003125 0.118750
2 0.998437 0.000000 0.968750 0.010417 0.857812 0.252083 0.834375 0.216667 0.810937 0.239583 0.617188 0.208333 0.578125 0.343750 0.554688 0.310417 0.515625 0.341667 0.529687 0.397917 0.507812 0.452083 0.615625 0.454167 0.625000 0.393750 0.996875 0.287500
3 0.614062 0.464583 0.614062 0.570833 0.998437 0.735417 0.996875 0.614583 0.634375 0.535417 0.629687 0.466667
3 0.554688 0.445833 0.553125 0.539583 0.554688 0.543750 0.564063 0.543750 0.565625 0.475000 0.568750 0.447917
4 0.553125 0.543750 0.553125 0.454167 0.525000 0.452083 0.523438 0.500000 0.520312 0.452083 0.418750 0.464583 0.417187 0.481250 0.431250 0.485417 0.431250 0.472917 0.442188 0.466667 0.446875 0.495833
4 0.998437 0.447917 0.570312 0.450000 0.565625 0.543750 0.609375 0.558333 0.623437 0.460417 0.634375 0.533333 0.998437 0.614583
5 0.203125 0.000000 0.195312 0.016667 0.181250 0.397917 0.189062 0.397917
8 0.457813 0.379167 0.446875 0.404167 0.435937 0.393750 0.426563 0.397917 0.425000 0.370833 0.420312 0.385417 0.406250 0.375000 0.387500 0.389583 0.378125 0.425000 0.387500 0.441667 0.389062 0.477083 0.415625 0.481250 0.418750 0.462500 0.482812 0.454167 0.482812 0.429167 0.459375 0.408333 0.464062 0.393750
8 0.181250 0.345833 0.175000 0.347917 0.173437 0.352083 0.167187 0.352083 0.165625 0.354167 0.165625 0.362500 0.164062 0.364583 0.164062 0.393750 0.162500 0.395833 0.176563 0.395833 0.178125 0.397917 0.179688 0.395833 0.178125 0.393750 0.178125 0.375000 0.179688 0.372917
8 0.262500 0.335417 0.250000 0.329167 0.235937 0.333333 0.232813 0.350000 0.217188 0.358333 0.192188 0.341667 0.192188 0.402083 0.218750 0.408333 0.228125 0.393750 0.264062 0.393750 0.264062 0.366667 0.253125 0.360417 0.262500 0.347917
8 0.507812 0.316667 0.504687 0.322917 0.500000 0.318750 0.498437 0.339583 0.484375 0.364583 0.484375 0.383333 0.479687 0.395833 0.496875 0.425000 0.501563 0.454167 0.506250 0.454167 0.528125 0.397917 0.525000 0.358333 0.514062 0.343750 0.515625 0.331250 0.509375 0.329167
8 0.335938 0.312500 0.323437 0.343750 0.321875 0.370833 0.282813 0.381250 0.270313 0.370833 0.268750 0.393750 0.298438 0.397917 0.312500 0.425000 0.332813 0.425000 0.348438 0.475000 0.350000 0.460417 0.368750 0.468750 0.371875 0.447917 0.367188 0.420833 0.350000 0.408333 0.348438 0.393750 0.356250 0.383333 0.353125 0.354167
8 0.998437 0.285417 0.625000 0.395833 0.614062 0.441667 0.626563 0.458333 0.998437 0.445833
8 0.000000 0.133333 0.000000 0.329167 0.067187 0.352083 0.062500 0.383333 0.076563 0.408333 0.159375 0.395833 0.150000 0.250000 0.117188 0.191667 0.112500 0.208333 0.093750 0.214583 0.040625 0.150000
10 0.192188 0.339583 0.281250 0.318750 0.295312 0.375000 0.337500 0.310417 0.382812 0.450000 0.389062 0.385417 0.468750 0.391667 0.500000 0.316667 0.578125 0.341667 0.620313 0.204167 0.857812 0.250000 0.973437 0.000000 0.204687 0.000000
10 0.000000 0.000000 0.000000 0.114583 0.031250 0.150000 0.075000 0.156250 0.076563 0.129167 0.082812 0.160417 0.139063 0.168750 0.181250 0.343750 0.196875 0.000000
13 0.000000 0.331250 0.000000 0.641667 0.075000 0.654167 0.100000 0.570833 0.192188 0.581250 0.217188 0.541667 0.243750 0.547917 0.251563 0.518750 0.295312 0.525000 0.335938 0.487500 0.332813 0.427083 0.298438 0.400000 0.110937 0.395833 0.085938 0.427083 0.048438 0.362500