0 0.000000 0.635417 0.000000 0.997917 0.998437 0.997917 0.998437 0.908333 0.462500 0.479167
1 0.270313 0.485417 0.000000 0.520833 0.000000 0.633333 0.271875 0.527083
1 0.464062 0.479167 0.998437 0.906250 0.998437 0.697917
2 0.526563 0.395833 0.510938 0.410417 0.512500 0.429167 0.514062 0.433333 0.517188 0.433333 0.518750 0.437500 0.526563 0.443750 0.529687 0.452083 0.529687 0.460417 0.539062 0.460417 0.537500 0.441667 0.532813 0.431250 0.529687 0.429167 0.528125 0.420833 0.525000 0.418750 0.525000 0.406250 0.528125 0.400000
2 0.239063 0.383333 0.235937 0.402083 0.248438 0.404167 0.248438 0.397917 0.251563 0.387500 0.253125 0.389583 0.253125 0.404167 0.254688 0.404167 0.256250 0.408333 0.260937 0.408333 0.262500 0.406250 0.262500 0.400000 0.264062 0.397917 0.264062 0.389583 0.257812 0.383333 0.253125 0.385417 0.250000 0.381250 0.242188 0.381250
2 0.337500 0.352083 0.337500 0.362500 0.339062 0.366667 0.342187 0.368750 0.342187 0.370833 0.348438 0.372917 0.354687 0.381250 0.357812 0.381250 0.362500 0.385417 0.364063 0.383333 0.364063 0.366667 0.359375 0.366667 0.356250 0.362500 0.350000 0.362500 0.342187 0.356250 0.342187 0.350000
2 0.198437 0.218750 0.193750 0.237500 0.201563 0.262500 0.209375 0.268750 0.210938 0.304167 0.217188 0.300000 0.217188 0.275000 0.228125 0.279167 0.239063 0.256250 0.256250 0.262500 0.293750 0.304167 0.287500 0.250000 0.217188 0.239583 0.215625 0.225000
2 0.109375 0.216667 0.106250 0.329167 0.187500 0.352083 0.185938 0.333333 0.146875 0.333333 0.135937 0.308333 0.146875 0.279167 0.131250 0.235417 0.145313 0.222917
2 0.989062 0.079167 0.960938 0.070833 0.937500 0.114583 0.823438 0.077083 0.750000 0.295833 0.625000 0.285417 0.604688 0.354167 0.557813 0.352083 0.548438 0.458333 0.700000 0.404167 0.739062 0.414583 0.743750 0.483333 0.764062 0.483333 0.773438 0.393750 0.929688 0.352083 0.968750 0.372917 0.945312 0.435417 0.998437 0.433333
2 0.000000 0.000000 0.000000 0.283333 0.095312 0.325000 0.101562 0.222917 0.062500 0.008333
3 0.087500 0.475000 0.000000 0.477083 0.000000 0.518750 0.085938 0.508333
3 0.579688 0.464583 0.581250 0.529167 0.728125 0.587500 0.725000 0.489583 0.742188 0.483333 0.742188 0.468750 0.687500 0.466667 0.690625 0.491667 0.706250 0.489583 0.701562 0.529167 0.690625 0.518750 0.675000 0.531250 0.587500 0.508333 0.587500 0.470833
3 0.506250 0.462500 0.503125 0.485417 0.506250 0.495833 0.568750 0.518750 0.564063 0.502083 0.568750 0.462500 0.556250 0.464583 0.554688 0.502083 0.551562 0.483333 0.550000 0.500000 0.545312 0.497917 0.545312 0.477083 0.551562 0.462500
3 0.998437 0.437500 0.898438 0.441667 0.887500 0.593750 0.792188 0.560417 0.793750 0.470833 0.765625 0.468750 0.760938 0.610417 0.940625 0.677083 0.928125 0.625000 0.942187 0.483333
3 0.262500 0.410417 0.240625 0.404167 0.235937 0.466667 0.100000 0.472917 0.098437 0.506250 0.243750 0.487500 0.248438 0.414583
4 0.734375 0.481250 0.726562 0.489583 0.729688 0.497917 0.729688 0.575000 0.732812 0.577083 0.729688 0.587500 0.757812 0.593750 0.764062 0.485417 0.745313 0.487500
4 0.792188 0.475000 0.792188 0.558333 0.846875 0.579167 0.873437 0.581250 0.887500 0.591667 0.895312 0.477083
4 0.704688 0.489583 0.700000 0.485417 0.690625 0.493750 0.685937 0.466667 0.681250 0.472917 0.587500 0.468750 0.587500 0.506250 0.675000 0.529167 0.689063 0.527083 0.690625 0.516667 0.701562 0.527083
4 0.571875 0.464583 0.568750 0.466667 0.567187 0.472917 0.565625 0.502083 0.567187 0.504167 0.567187 0.516667 0.570312 0.518750 0.576562 0.518750 0.579688 0.506250 0.579688 0.468750 0.576562 0.464583
4 0.985938 0.443750 0.943750 0.483333 0.929688 0.647917 0.943750 0.675000 0.998437 0.695833 0.998437 0.443750
4 0.245312 0.410417 0.245312 0.418750 0.248438 0.422917 0.245312 0.441667 0.245312 0.485417 0.270313 0.483333 0.271875 0.466667 0.279687 0.454167 0.276562 0.450000 0.278125 0.427083 0.273438 0.416667 0.267188 0.412500 0.256250 0.414583 0.254688 0.410417 0.251563 0.410417 0.248438 0.422917
4 0.104688 0.368750 0.100000 0.470833 0.235937 0.464583 0.239063 0.404167
4 0.000000 0.335417 0.000000 0.475000 0.087500 0.472917 0.092188 0.362500
5 0.348438 0.150000 0.343750 0.152083 0.331250 0.412500
5 0.118750 0.000000 0.089063 0.512500 0.098437 0.508333
8 0.746875 0.437500 0.739062 0.416667 0.700000 0.406250 0.682813 0.418750 0.589063 0.435417 0.584375 0.464583 0.740625 0.466667
8 0.456250 0.383333 0.440625 0.404167 0.437500 0.420833 0.445312 0.439583 0.443750 0.472917 0.476562 0.477083 0.473438 0.464583 0.485938 0.462500 0.495312 0.468750 0.495312 0.485417 0.501563 0.489583 0.506250 0.460417 0.528125 0.460417 0.525000 0.443750 0.510938 0.429167 0.509375 0.410417 0.517188 0.404167 0.512500 0.389583 0.498437 0.406250 0.482812 0.402083 0.481250 0.375000 0.478125 0.391667 0.471875 0.383333
8 0.335938 0.364583 0.335938 0.412500 0.357812 0.414583 0.359375 0.418750 0.362500 0.418750 0.364063 0.385417 0.362500 0.387500 0.354687 0.383333
8 0.950000 0.366667 0.931250 0.354167 0.898438 0.364583 0.881250 0.358333 0.864062 0.375000 0.773438 0.395833 0.767188 0.406250 0.770312 0.464583 0.895312 0.475000 0.903125 0.433333 0.945312 0.433333
8 0.542188 0.354167 0.542188 0.362500 0.529687 0.385417 0.526563 0.418750 0.539062 0.441667 0.540625 0.460417 0.548438 0.460417 0.546875 0.454167 0.559375 0.425000 0.562500 0.400000 0.551562 0.372917 0.548438 0.354167
8 0.401562 0.327083 0.392188 0.354167 0.393750 0.370833 0.376563 0.383333 0.367188 0.383333 0.365625 0.418750 0.404687 0.420833 0.417187 0.441667 0.417187 0.456250 0.428125 0.460417 0.426563 0.416667 0.417187 0.414583 0.412500 0.402083 0.420312 0.387500 0.415625 0.343750 0.407813 0.327083
8 0.000000 0.285417 0.000000 0.333333 0.092188 0.360417 0.095312 0.327083
8 0.134375 0.231250 0.145313 0.329167 0.185938 0.331250 0.190625 0.350000 0.106250 0.331250 0.106250 0.366667 0.231250 0.402083 0.257812 0.381250 0.262500 0.408333 0.287500 0.422917 0.329688 0.412500 0.331250 0.347917 0.318750 0.354167 0.301563 0.289583 0.290625 0.306250 0.239063 0.258333 0.210938 0.306250 0.181250 0.206250 0.159375 0.195833 0.171875 0.218750
10 0.109375 0.214583 0.287500 0.247917 0.321875 0.356250 0.348438 0.147917 0.339062 0.350000 0.376563 0.381250 0.407813 0.325000 0.442188 0.445833 0.456250 0.381250 0.518750 0.402083 0.625000 0.283333 0.748437 0.295833 0.823438 0.075000 0.940625 0.112500 0.968750 0.064583 0.998437 0.129167 0.998437 0.000000 0.120313 0.000000
10 0.060937 0.000000 0.100000 0.212500 0.110937 0.000000
13 0.273438 0.527083 0.285938 0.529167 0.289062 0.518750 0.348438 0.520833 0.357812 0.537500 0.365625 0.518750 0.393750 0.495833 0.407813 0.495833 0.415625 0.472917 0.429688 0.470833 0.429688 0.462500 0.415625 0.456250 0.404687 0.422917 0.304688 0.414583 0.279687 0.441667 0.282813 0.452083 0.271875 0.477083