0 0.000000 0.633333 0.000000 0.997917 0.998437 0.997917 0.990625 0.904167 0.456250 0.477083
1 0.278125 0.481250 0.000000 0.516667 0.000000 0.631250 0.278125 0.522917
1 0.462500 0.479167 0.998437 0.912500 0.998437 0.697917
2 0.431250 0.441667 0.429688 0.445833 0.429688 0.470833 0.439063 0.470833 0.440625 0.472917 0.443750 0.472917 0.443750 0.447917 0.440625 0.447917 0.437500 0.445833 0.435937 0.441667
2 0.526563 0.395833 0.509375 0.412500 0.512500 0.433333 0.515625 0.433333 0.526563 0.445833 0.529687 0.460417 0.537500 0.460417 0.539062 0.458333 0.537500 0.441667 0.532813 0.431250 0.529687 0.429167 0.528125 0.420833 0.525000 0.418750 0.525000 0.406250 0.528125 0.400000
2 0.342187 0.347917 0.342187 0.352083 0.340625 0.354167 0.340625 0.364583 0.343750 0.366667 0.345313 0.370833 0.350000 0.370833 0.353125 0.377083 0.356250 0.377083 0.364063 0.383333 0.364063 0.379167 0.365625 0.377083 0.365625 0.366667 0.364063 0.364583 0.356250 0.362500 0.354687 0.358333 0.353125 0.358333 0.351562 0.362500 0.346875 0.360417 0.345313 0.358333 0.345313 0.347917
2 0.201563 0.220833 0.204687 0.260417 0.215625 0.270833 0.210938 0.281250 0.214062 0.300000 0.223438 0.295833 0.221875 0.275000 0.235937 0.277083 0.243750 0.258333 0.257812 0.262500 0.276562 0.287500 0.295312 0.300000 0.290625 0.250000 0.256250 0.245833 0.254688 0.231250 0.251563 0.245833 0.221875 0.239583 0.217188 0.222917
2 0.128125 0.218750 0.123438 0.331250 0.167187 0.350000 0.196875 0.354167 0.193750 0.333333 0.162500 0.331250 0.146875 0.318750 0.142187 0.302083 0.148438 0.297917 0.153125 0.279167 0.139063 0.237500 0.150000 0.225000
2 0.976562 0.091667 0.948438 0.083333 0.932813 0.125000 0.814063 0.091667 0.745313 0.297917 0.623437 0.289583 0.604688 0.354167 0.557813 0.352083 0.548438 0.458333 0.707812 0.412500 0.737500 0.425000 0.746875 0.485417 0.759375 0.400000 0.859375 0.362500 0.926562 0.379167 0.920312 0.439583 0.996875 0.435417 0.998437 0.145833 0.973437 0.137500
2 0.000000 0.000000 0.000000 0.279167 0.112500 0.329167 0.118750 0.218750 0.106250 0.212500 0.071875 0.000000
3 0.103125 0.470833 0.000000 0.477083 0.000000 0.514583 0.103125 0.506250
3 0.578125 0.466667 0.579688 0.529167 0.721875 0.581250 0.717187 0.489583 0.732812 0.483333 0.732812 0.468750 0.679688 0.466667 0.682813 0.487500 0.696875 0.489583 0.689063 0.564583 0.675000 0.554167 0.676562 0.529167 0.585938 0.508333
3 0.506250 0.462500 0.506250 0.483333 0.501563 0.489583 0.506250 0.495833 0.564063 0.516667 0.564063 0.477083 0.568750 0.464583 0.565625 0.460417 0.537500 0.462500 0.539062 0.487500 0.535937 0.493750 0.517188 0.481250 0.520312 0.466667 0.528125 0.462500
3 0.918750 0.437500 0.873437 0.443750 0.864062 0.591667 0.778125 0.558333 0.779687 0.470833 0.753125 0.468750 0.745313 0.600000 0.892188 0.662500 0.904687 0.452083
3 0.251563 0.420833 0.245312 0.425000 0.243750 0.462500 0.239063 0.466667 0.115625 0.470833 0.115625 0.502083 0.251563 0.485417
4 0.798438 0.597917 0.809375 0.622917 0.818750 0.622917 0.826562 0.631250 0.845313 0.633333 0.854688 0.629167 0.860938 0.633333 0.868750 0.627083 0.862500 0.600000 0.857812 0.600000 0.853125 0.612500 0.843750 0.612500 0.832812 0.602083 0.820312 0.600000 0.814063 0.591667 0.812500 0.595833
4 0.721875 0.485417 0.718750 0.489583 0.720313 0.554167 0.725000 0.577083 0.721875 0.583333 0.743750 0.593750 0.746875 0.583333 0.751563 0.485417
4 0.781250 0.470833 0.776563 0.554167 0.864062 0.589583 0.870313 0.472917 0.832812 0.477083
4 0.692187 0.558333 0.693750 0.483333 0.682813 0.489583 0.678125 0.466667 0.673438 0.472917 0.585938 0.468750 0.585938 0.506250 0.676562 0.527083 0.678125 0.558333
4 0.567187 0.466667 0.567187 0.475000 0.565625 0.477083 0.565625 0.516667 0.576562 0.516667 0.578125 0.470833 0.576562 0.466667
4 0.521875 0.466667 0.521875 0.468750 0.518750 0.472917 0.518750 0.481250 0.520312 0.481250 0.521875 0.485417 0.528125 0.485417 0.531250 0.489583 0.535937 0.491667 0.537500 0.487500 0.537500 0.464583 0.535937 0.462500 0.529687 0.462500 0.525000 0.466667
4 0.998437 0.435417 0.923438 0.439583 0.906250 0.452083 0.890625 0.664583 0.998437 0.695833
4 0.120313 0.370833 0.117188 0.468750 0.239063 0.464583 0.250000 0.416667 0.251563 0.481250 0.278125 0.479167 0.282813 0.420833 0.275000 0.412500
4 0.000000 0.331250 0.000000 0.475000 0.104688 0.466667 0.107813 0.364583
5 0.351562 0.154167 0.346875 0.154167 0.332813 0.412500 0.337500 0.410417
5 0.139063 0.000000 0.128125 0.016667 0.104688 0.506250 0.114062 0.506250
8 0.735938 0.425000 0.685937 0.414583 0.585938 0.437500 0.581250 0.464583 0.671875 0.470833 0.678125 0.464583 0.732812 0.466667
8 0.448437 0.389583 0.439063 0.416667 0.445312 0.435417 0.445312 0.472917 0.473438 0.477083 0.475000 0.462500 0.485938 0.462500 0.501563 0.487500 0.506250 0.460417 0.528125 0.460417 0.525000 0.445833 0.509375 0.429167 0.507812 0.412500 0.517188 0.404167 0.512500 0.387500 0.501563 0.406250 0.490625 0.397917 0.482812 0.402083 0.482812 0.375000 0.478125 0.391667 0.470313 0.379167
8 0.339062 0.366667 0.339062 0.410417 0.337500 0.412500 0.359375 0.414583 0.364063 0.418750 0.364063 0.385417 0.356250 0.379167 0.353125 0.379167 0.350000 0.372917 0.345313 0.372917 0.343750 0.368750
8 0.923438 0.381250 0.907813 0.364583 0.859375 0.364583 0.840625 0.383333 0.768750 0.395833 0.753125 0.414583 0.757812 0.466667 0.868750 0.475000 0.875000 0.437500 0.914062 0.439583
8 0.548438 0.352083 0.542188 0.354167 0.539062 0.368750 0.529687 0.385417 0.529687 0.400000 0.526563 0.406250 0.526563 0.418750 0.539062 0.441667 0.539062 0.460417 0.546875 0.458333 0.560937 0.414583 0.560937 0.393750 0.553125 0.379167
8 0.401562 0.327083 0.393750 0.352083 0.393750 0.372917 0.367188 0.383333 0.367188 0.418750 0.400000 0.418750 0.410938 0.425000 0.418750 0.458333 0.428125 0.462500 0.428125 0.420833 0.412500 0.402083 0.420312 0.387500 0.415625 0.341667 0.409375 0.327083
8 0.000000 0.281250 0.000000 0.329167 0.110937 0.362500 0.110937 0.329167
8 0.142187 0.231250 0.148438 0.318750 0.193750 0.331250 0.198437 0.354167 0.123438 0.333333 0.120313 0.366667 0.237500 0.400000 0.251563 0.379167 0.250000 0.402083 0.290625 0.422917 0.331250 0.412500 0.334375 0.354167 0.318750 0.345833 0.306250 0.291667 0.292187 0.302083 0.243750 0.260417 0.214062 0.302083 0.189062 0.208333 0.167187 0.197917 0.179688 0.218750
10 0.128125 0.216667 0.290625 0.247917 0.332813 0.352083 0.351562 0.152083 0.342187 0.345833 0.376563 0.381250 0.409375 0.325000 0.442188 0.445833 0.448437 0.387500 0.518750 0.402083 0.623437 0.287500 0.743750 0.297917 0.814063 0.089583 0.959375 0.079167 0.998437 0.143750 0.998437 0.000000 0.140625 0.000000
10 0.073438 0.000000 0.107813 0.212500 0.118750 0.216667 0.131250 0.004167
13 0.279687 0.522917 0.353125 0.518750 0.356250 0.529167 0.365625 0.529167 0.379688 0.506250 0.389062 0.506250 0.398438 0.491667 0.407813 0.495833 0.415625 0.470833 0.428125 0.464583 0.417187 0.458333 0.410938 0.427083 0.400000 0.420833 0.309375 0.414583 0.284375 0.441667