0 0.000000 0.635417 0.000000 0.997917 0.998437 0.997917 0.996875 0.914583 0.443750 0.479167 0.323437 0.562500
1 0.200000 0.500000 0.000000 0.535417 0.000000 0.633333 0.204687 0.554167
1 0.451562 0.483333 0.998437 0.914583 0.996875 0.710417 0.865625 0.654167 0.856250 0.625000
2 0.420312 0.447917 0.420312 0.460417 0.423438 0.464583 0.420312 0.468750 0.420312 0.475000 0.426563 0.475000 0.428125 0.477083 0.432812 0.477083 0.432812 0.466667 0.434375 0.464583 0.434375 0.458333 0.432812 0.456250 0.432812 0.454167 0.426563 0.447917
2 0.520312 0.391667 0.509375 0.404167 0.503125 0.406250 0.501563 0.410417 0.503125 0.429167 0.506250 0.433333 0.514062 0.435417 0.521875 0.447917 0.521875 0.452083 0.526563 0.454167 0.526563 0.460417 0.534375 0.458333 0.532813 0.441667 0.529687 0.439583 0.528125 0.431250 0.525000 0.429167 0.517188 0.412500
2 0.195312 0.387500 0.195312 0.395833 0.198437 0.397917 0.198437 0.404167 0.207813 0.404167 0.209375 0.408333 0.215625 0.408333 0.217188 0.410417 0.220312 0.397917 0.232813 0.397917 0.232813 0.395833 0.225000 0.391667 0.221875 0.393750 0.220312 0.387500 0.212500 0.377083 0.203125 0.377083
2 0.315625 0.362500 0.315625 0.364583 0.317188 0.364583 0.323437 0.372917 0.323437 0.375000 0.326562 0.375000 0.332813 0.379167 0.335938 0.383333 0.345313 0.383333 0.345313 0.368750 0.342187 0.368750 0.337500 0.362500 0.335938 0.364583 0.323437 0.364583 0.321875 0.362500
2 0.143750 0.222917 0.164062 0.254167 0.159375 0.262500 0.164062 0.283333 0.168750 0.283333 0.164062 0.256250 0.173437 0.252083 0.181250 0.262500 0.195312 0.237500 0.243750 0.268750 0.257812 0.289583 0.267188 0.287500 0.260937 0.241667 0.189062 0.233333 0.173437 0.206250 0.160938 0.206250 0.159375 0.227083
2 0.000000 0.116667 0.000000 0.308333 0.117188 0.350000 0.132812 0.343750 0.134375 0.331250 0.096875 0.331250 0.076563 0.304167 0.087500 0.247917 0.070312 0.208333 0.020313 0.204167
2 0.998437 0.041667 0.870313 0.002083 0.771875 0.279167 0.625000 0.268750 0.601562 0.350000 0.550000 0.347917 0.543750 0.456250 0.765625 0.387500 0.807813 0.406250 0.814063 0.481250 0.864062 0.475000 0.867188 0.362500 0.998437 0.322917
3 0.862500 0.458333 0.860938 0.647917 0.998437 0.710417 0.998437 0.604167 0.914062 0.583333 0.918750 0.460417
3 0.817187 0.460417 0.731250 0.460417 0.740625 0.497917 0.745313 0.479167 0.765625 0.489583 0.756250 0.589583 0.732812 0.581250 0.732812 0.541667 0.596875 0.512500 0.590625 0.462500 0.584375 0.529167 0.801562 0.616667 0.798438 0.483333
3 0.568750 0.525000 0.568750 0.458333 0.560937 0.456250 0.554688 0.516667 0.545312 0.512500 0.548438 0.462500 0.535937 0.460417 0.534375 0.504167 0.509375 0.487500 0.506250 0.466667 0.526563 0.462500 0.498437 0.462500 0.498437 0.495833
3 0.192188 0.425000 0.178125 0.479167 0.001563 0.487500 0.000000 0.533333 0.193750 0.502083
4 0.865625 0.472917 0.840625 0.483333 0.800000 0.483333 0.800000 0.593750 0.804688 0.614583 0.818750 0.610417 0.859375 0.622917
4 0.546875 0.464583 0.546875 0.487500 0.545312 0.489583 0.545312 0.495833 0.546875 0.497917 0.546875 0.512500 0.548438 0.514583 0.554688 0.514583 0.556250 0.512500 0.557813 0.464583
4 0.760938 0.581250 0.759375 0.481250 0.745313 0.481250 0.740625 0.500000 0.729688 0.462500 0.596875 0.468750 0.596875 0.510417 0.732812 0.539583 0.734375 0.581250
4 0.920312 0.460417 0.914062 0.475000 0.912500 0.579167 0.998437 0.602083 0.998437 0.462500
4 0.570312 0.460417 0.568750 0.522917 0.576562 0.527083 0.582812 0.527083 0.585938 0.516667 0.585938 0.500000 0.587500 0.497917 0.587500 0.468750 0.585938 0.462500
4 0.507812 0.466667 0.510938 0.479167 0.510938 0.487500 0.525000 0.497917 0.528125 0.491667 0.531250 0.500000 0.534375 0.502083 0.535937 0.497917 0.535937 0.462500 0.534375 0.460417 0.520312 0.466667 0.517188 0.464583 0.515625 0.466667 0.514062 0.464583
4 0.000000 0.487500 0.178125 0.477083 0.189062 0.420833 0.198437 0.497917 0.217188 0.441667 0.240625 0.418750 0.000000 0.358333
8 0.806250 0.406250 0.745313 0.389583 0.600000 0.427083 0.589063 0.447917 0.596875 0.466667 0.800000 0.456250
8 0.442188 0.385417 0.428125 0.418750 0.435937 0.441667 0.434375 0.477083 0.471875 0.481250 0.467187 0.466667 0.475000 0.462500 0.487500 0.468750 0.487500 0.489583 0.495312 0.491667 0.498437 0.460417 0.525000 0.460417 0.514062 0.437500 0.501563 0.429167 0.500000 0.410417 0.506250 0.402083 0.501563 0.387500 0.487500 0.406250 0.473438 0.402083 0.471875 0.375000 0.465625 0.393750 0.457813 0.381250
8 0.534375 0.345833 0.534375 0.358333 0.521875 0.383333 0.518750 0.412500 0.534375 0.441667 0.535937 0.458333 0.543750 0.458333 0.543750 0.441667 0.556250 0.414583 0.557813 0.393750 0.545312 0.366667 0.542188 0.345833
8 0.389062 0.327083 0.379688 0.352083 0.379688 0.375000 0.370312 0.383333 0.350000 0.385417 0.350000 0.418750 0.387500 0.418750 0.401562 0.437500 0.404687 0.462500 0.420312 0.466667 0.417187 0.427083 0.400000 0.404167 0.407813 0.389583 0.404687 0.354167 0.395313 0.327083
8 0.998437 0.325000 0.878125 0.354167 0.867188 0.364583 0.859375 0.385417 0.865625 0.456250 0.998437 0.460417
8 0.000000 0.310417 0.004687 0.358333 0.173437 0.397917 0.212500 0.375000 0.234375 0.395833 0.221875 0.412500 0.345313 0.420833 0.345313 0.385417 0.293750 0.377083 0.273438 0.281250 0.193750 0.239583 0.164062 0.285417 0.146875 0.208333 0.103125 0.166667 0.117188 0.193750 0.070312 0.214583 0.089063 0.247917 0.076563 0.300000 0.137500 0.339583
10 0.881250 0.000000 0.998437 0.039583 0.998437 0.000000
10 0.021875 0.204167 0.103125 0.164583 0.260937 0.239583 0.293750 0.360417 0.314063 0.245833 0.312500 0.360417 0.370312 0.381250 0.395313 0.325000 0.431250 0.450000 0.442188 0.383333 0.601562 0.347917 0.625000 0.266667 0.770312 0.279167 0.873437 0.000000 0.000000 0.000000
13 0.203125 0.541667 0.209375 0.558333 0.307812 0.545833 0.323437 0.560417 0.329688 0.529167 0.345313 0.537500 0.350000 0.520833 0.375000 0.502083 0.389062 0.506250 0.403125 0.475000 0.418750 0.468750 0.403125 0.462500 0.387500 0.420833 0.353125 0.416667 0.337500 0.431250 0.318750 0.410417 0.250000 0.410417 0.218750 0.441667 0.203125 0.479167