0 0.000000 0.739583 0.000000 0.997917 0.993750 0.997917 0.407813 0.483333 0.200000 0.556250 0.189062 0.610417 0.064062 0.647917
1 0.409375 0.483333 0.998437 0.997917 0.998437 0.718750
2 0.382812 0.452083 0.382812 0.466667 0.381250 0.468750 0.381250 0.477083 0.387500 0.477083 0.389062 0.479167 0.396875 0.479167 0.400000 0.481250 0.400000 0.479167 0.396875 0.477083 0.396875 0.462500 0.395313 0.460417 0.395313 0.456250 0.393750 0.456250 0.392188 0.452083 0.389062 0.452083 0.387500 0.450000 0.385937 0.452083
2 0.490625 0.383333 0.475000 0.400000 0.471875 0.400000 0.465625 0.412500 0.471875 0.422917 0.478125 0.422917 0.490625 0.435417 0.492188 0.456250 0.507812 0.456250 0.504687 0.431250 0.498437 0.425000 0.485938 0.400000 0.489063 0.395833
2 0.035937 0.152083 0.056250 0.164583 0.070312 0.189583 0.100000 0.195833 0.109375 0.210417 0.118750 0.210417 0.126562 0.235417 0.140625 0.245833 0.170313 0.233333 0.179688 0.247917 0.173437 0.202083 0.070312 0.185417 0.067187 0.166667 0.057813 0.156250
2 0.998437 0.000000 0.932813 0.004167 0.832812 0.250000 0.617188 0.222917 0.582812 0.347917 0.562500 0.316667 0.523438 0.337500 0.515625 0.454167 0.603125 0.458333 0.603125 0.412500 0.995313 0.287500
3 0.604688 0.458333 0.601562 0.558333 0.998437 0.716667 0.998437 0.604167 0.620313 0.527083
3 0.554688 0.454167 0.553125 0.537500 0.564063 0.539583 0.565625 0.456250
4 0.567187 0.456250 0.565625 0.539583 0.598437 0.547917 0.603125 0.460417 0.598437 0.456250
4 0.551562 0.535417 0.553125 0.456250 0.468750 0.460417 0.456250 0.475000 0.429688 0.466667 0.429688 0.485417 0.442188 0.487500 0.442188 0.475000 0.453125 0.468750 0.456250 0.495833 0.515625 0.522917 0.521875 0.477083 0.525000 0.489583 0.529687 0.483333 0.529687 0.527083
4 0.998437 0.602083 0.998437 0.445833 0.615625 0.462500 0.620313 0.525000
8 0.467187 0.383333 0.457813 0.406250 0.435937 0.404167 0.435937 0.375000 0.429688 0.393750 0.420312 0.379167 0.398438 0.393750 0.390625 0.408333 0.390625 0.433333 0.396875 0.437500 0.401562 0.481250 0.426563 0.481250 0.429688 0.464583 0.454688 0.466667 0.456250 0.472917 0.468750 0.458333 0.490625 0.458333 0.489063 0.435417 0.464062 0.412500 0.471875 0.397917
8 0.278125 0.345833 0.267188 0.339583 0.253125 0.343750 0.250000 0.362500 0.243750 0.370833 0.223438 0.364583 0.223438 0.414583 0.256250 0.418750 0.257812 0.412500 0.267188 0.406250 0.284375 0.406250 0.285938 0.383333 0.268750 0.370833
8 0.514062 0.327083 0.510938 0.333333 0.506250 0.329167 0.507812 0.345833 0.498437 0.354167 0.487500 0.400000 0.506250 0.431250 0.509375 0.456250 0.514062 0.456250 0.534375 0.397917 0.532813 0.375000 0.520312 0.350000 0.521875 0.333333 0.518750 0.343750
8 0.346875 0.320833 0.335938 0.350000 0.335938 0.375000 0.298438 0.389583 0.289062 0.383333 0.289062 0.406250 0.326562 0.412500 0.335938 0.433333 0.360938 0.422917 0.354687 0.433333 0.354687 0.477083 0.360938 0.477083 0.364063 0.464583 0.379688 0.470833 0.379688 0.427083 0.357812 0.404167 0.367188 0.387500 0.356250 0.327083
8 0.998437 0.285417 0.604688 0.412500 0.604688 0.454167 0.998437 0.443750
8 0.009375 0.118750 0.000000 0.339583 0.012500 0.329167 0.015625 0.343750 0.114062 0.360417 0.178125 0.414583 0.214062 0.412500 0.215625 0.354167 0.193750 0.345833 0.176563 0.239583 0.140625 0.247917 0.118750 0.212500 0.023438 0.154167
10 0.000000 0.143750 0.173437 0.200000 0.215625 0.352083 0.232813 0.029167 0.225000 0.362500 0.317188 0.325000 0.310937 0.383333 0.353125 0.320833 0.395313 0.454167 0.407813 0.381250 0.582812 0.345833 0.617188 0.220833 0.832812 0.247917 0.934375 0.000000 0.000000 0.000000
13 0.000000 0.737500 0.040625 0.716667 0.064062 0.645833 0.159375 0.589583 0.189062 0.608333 0.200000 0.554167 0.251563 0.564583 0.289062 0.516667 0.334375 0.512500 0.353125 0.439583 0.318750 0.410417 0.178125 0.416667 0.129688 0.368750 0.000000 0.343750