0 0.000000 0.597917 0.000000 0.997917 0.867188 0.997917 0.381250 0.477083 0.106250 0.602083
1 0.382812 0.477083 0.865625 0.995833 0.998437 0.997917 0.996875 0.766667
2 0.362500 0.443750 0.362500 0.470833 0.365625 0.472917 0.373437 0.472917 0.375000 0.475000 0.379688 0.475000 0.379688 0.460417 0.375000 0.454167 0.373437 0.447917 0.370312 0.445833 0.368750 0.441667
2 0.475000 0.372917 0.462500 0.387500 0.456250 0.389583 0.451562 0.402083 0.456250 0.408333 0.460938 0.404167 0.479687 0.422917 0.478125 0.429167 0.482812 0.452083 0.493750 0.452083 0.489063 0.422917 0.473438 0.393750
2 0.250000 0.347917 0.250000 0.354167 0.251563 0.354167 0.253125 0.358333 0.262500 0.364583 0.265625 0.368750 0.268750 0.368750 0.275000 0.362500 0.281250 0.364583 0.281250 0.358333 0.278125 0.350000 0.262500 0.350000 0.260937 0.347917
2 0.000000 0.329167 0.000000 0.350000 0.004687 0.350000 0.006250 0.352083 0.018750 0.352083 0.018750 0.350000 0.020313 0.347917 0.020313 0.341667 0.018750 0.339583 0.017188 0.333333 0.010937 0.333333 0.009375 0.331250 0.003125 0.331250 0.001563 0.329167
2 0.000000 0.114583 0.018750 0.147917 0.056250 0.168750 0.073438 0.143750 0.089063 0.166667 0.115625 0.258333 0.117188 0.370833 0.131250 0.377083 0.142187 0.320833 0.107813 0.137500
2 0.998437 0.062500 0.896875 0.254167 0.848437 0.212500 0.754687 0.227083 0.625000 0.189583 0.584375 0.362500 0.548438 0.304167 0.514062 0.333333 0.501563 0.450000 0.637500 0.454167 0.634375 0.387500 0.998437 0.287500
3 0.635938 0.456250 0.632812 0.589583 0.998437 0.766667 0.998437 0.633333 0.654687 0.545833 0.653125 0.468750
3 0.557813 0.441667 0.559375 0.485417 0.560937 0.479167 0.564063 0.477083 0.568750 0.489583 0.567187 0.497917 0.568750 0.506250 0.568750 0.483333 0.571875 0.477083 0.573438 0.445833 0.571875 0.441667
4 0.998437 0.631250 0.998437 0.454167 0.651563 0.458333 0.654687 0.543750
4 0.626563 0.575000 0.634375 0.456250 0.575000 0.445833 0.568750 0.508333 0.556250 0.441667 0.406250 0.462500 0.409375 0.481250 0.431250 0.464583 0.432812 0.487500
5 0.167187 0.000000 0.159375 0.010417 0.146875 0.381250
8 0.370312 0.397917 0.368750 0.422917 0.375000 0.429167 0.381250 0.475000 0.404687 0.477083 0.404687 0.462500 0.420312 0.454167 0.434375 0.460417 0.481250 0.452083 0.478125 0.422917 0.451562 0.406250 0.450000 0.375000 0.437500 0.400000 0.426563 0.389583 0.417187 0.397917 0.415625 0.362500 0.410938 0.383333 0.398438 0.368750
8 0.245312 0.329167 0.235937 0.318750 0.223438 0.316667 0.217188 0.339583 0.204687 0.345833 0.190625 0.341667 0.178125 0.327083 0.153125 0.331250 0.150000 0.381250 0.165625 0.389583 0.170313 0.400000 0.182812 0.379167 0.193750 0.372917 0.243750 0.379167
8 0.501563 0.306250 0.498437 0.314583 0.493750 0.310417 0.492188 0.329167 0.484375 0.337500 0.475000 0.387500 0.490625 0.422917 0.495312 0.452083 0.500000 0.450000 0.514062 0.418750 0.523438 0.377083 0.520312 0.352083 0.510938 0.339583 0.509375 0.322917
8 0.250000 0.356250 0.248438 0.379167 0.270313 0.381250 0.289062 0.416667 0.320312 0.422917 0.323437 0.468750 0.328125 0.416667 0.329688 0.470833 0.339062 0.456250 0.360938 0.464583 0.357812 0.416667 0.335938 0.393750 0.345313 0.372917 0.328125 0.306250 0.310937 0.335417 0.310937 0.362500 0.265625 0.370833
8 0.998437 0.289583 0.681250 0.368750 0.632812 0.391667 0.632812 0.443750 0.676562 0.460417 0.998437 0.452083
8 0.000000 0.125000 0.000000 0.327083 0.021875 0.341667 0.000000 0.362500 0.115625 0.370833 0.114062 0.258333 0.087500 0.166667 0.068750 0.145833 0.054688 0.170833
10 0.153125 0.329167 0.265625 0.304167 0.250000 0.345833 0.310937 0.360417 0.328125 0.304167 0.373437 0.445833 0.378125 0.381250 0.459375 0.387500 0.501563 0.304167 0.584375 0.360417 0.625000 0.187500 0.896875 0.252083 0.998437 0.000000 0.168750 0.000000
10 0.000000 0.000000 0.000000 0.112500 0.109375 0.137500 0.142187 0.318750 0.159375 0.000000
13 0.000000 0.595833 0.106250 0.600000 0.157812 0.543750 0.184375 0.556250 0.209375 0.520833 0.262500 0.527083 0.292187 0.487500 0.318750 0.487500 0.318750 0.422917 0.289062 0.418750 0.262500 0.379167 0.193750 0.375000 0.170313 0.402083 0.104688 0.368750 0.000000 0.364583