0 0.000000 0.587500 0.000000 0.997917 0.893750 0.997917 0.384375 0.477083 0.221875 0.518750 0.146875 0.591667
1 0.389062 0.479167 0.890625 0.995833 0.998437 0.997917 0.998437 0.754167
2 0.475000 0.375000 0.456250 0.395833 0.454688 0.406250 0.459375 0.412500 0.471875 0.414583 0.481250 0.425000 0.482812 0.452083 0.492188 0.454167 0.496875 0.452083 0.490625 0.422917 0.471875 0.393750 0.471875 0.389583 0.478125 0.385417 0.478125 0.375000
2 0.257812 0.352083 0.257812 0.362500 0.256250 0.366667 0.259375 0.366667 0.260937 0.368750 0.267188 0.368750 0.270313 0.372917 0.273438 0.372917 0.276562 0.368750 0.285938 0.368750 0.284375 0.366667 0.284375 0.356250 0.282813 0.354167 0.268750 0.354167 0.267188 0.352083
2 0.000000 0.329167 0.000000 0.356250 0.012500 0.356250 0.026562 0.362500 0.039062 0.362500 0.040625 0.360417 0.040625 0.352083 0.034375 0.347917 0.032813 0.343750 0.025000 0.341667 0.014063 0.327083 0.007812 0.325000
2 0.051562 0.108333 0.046875 0.135417 0.023438 0.133333 0.023438 0.143750 0.070312 0.189583 0.089063 0.162500 0.104688 0.181250 0.132812 0.275000 0.132812 0.381250 0.145313 0.383333 0.153125 0.327083 0.121875 0.156250 0.054688 0.139583
2 0.998437 0.014583 0.881250 0.254167 0.837500 0.212500 0.621875 0.195833 0.584375 0.358333 0.551562 0.306250 0.512500 0.337500 0.526563 0.391667 0.503125 0.452083 0.626563 0.450000 0.625000 0.391667 0.998437 0.283333
3 0.626563 0.458333 0.625000 0.581250 0.998437 0.752083 0.996875 0.625000 0.643750 0.539583 0.642188 0.466667
3 0.556250 0.441667 0.554688 0.445833 0.556250 0.472917 0.557813 0.475000 0.556250 0.506250 0.559375 0.502083 0.564063 0.506250 0.564063 0.497917 0.567187 0.495833 0.567187 0.479167 0.571875 0.445833 0.568750 0.445833 0.567187 0.441667
4 0.998437 0.625000 0.998437 0.450000 0.639062 0.456250 0.643750 0.537500
4 0.620313 0.558333 0.626563 0.452083 0.573438 0.447917 0.564063 0.508333 0.554688 0.506250 0.553125 0.452083 0.440625 0.456250 0.390625 0.477083 0.425000 0.483333 0.435937 0.464583 0.437500 0.491667 0.557813 0.550000
4 0.000000 0.418750 0.003125 0.420833 0.010937 0.420833 0.012500 0.422917 0.021875 0.412500 0.021875 0.408333 0.028125 0.402083 0.032813 0.391667 0.010937 0.389583 0.004687 0.385417 0.000000 0.385417
5 0.181250 0.000000 0.156250 0.350000 0.162500 0.387500
8 0.373437 0.400000 0.371875 0.422917 0.385937 0.477083 0.412500 0.460417 0.481250 0.452083 0.479687 0.425000 0.453125 0.406250 0.457813 0.391667 0.453125 0.375000 0.440625 0.400000 0.420312 0.397917 0.418750 0.366667 0.414062 0.383333 0.407813 0.372917 0.390625 0.375000
8 0.148438 0.339583 0.146875 0.341667 0.148438 0.345833 0.146875 0.347917 0.146875 0.368750 0.145313 0.372917 0.146875 0.375000 0.146875 0.383333 0.150000 0.385417 0.154688 0.385417 0.154688 0.350000 0.156250 0.347917 0.156250 0.341667 0.153125 0.339583
8 0.253125 0.331250 0.228125 0.322917 0.220312 0.345833 0.207813 0.354167 0.185938 0.333333 0.167187 0.337500 0.167187 0.387500 0.192188 0.402083 0.203125 0.381250 0.251563 0.383333 0.251563 0.364583 0.245312 0.362500 0.243750 0.352083 0.251563 0.350000
8 0.495312 0.310417 0.495312 0.329167 0.484375 0.345833 0.479687 0.385417 0.473438 0.393750 0.492188 0.422917 0.496875 0.450000 0.501563 0.452083 0.523438 0.397917 0.525000 0.368750 0.521875 0.354167 0.510938 0.339583 0.504687 0.310417 0.500000 0.314583
8 0.256250 0.368750 0.256250 0.385417 0.276562 0.385417 0.300000 0.420833 0.326562 0.427083 0.328125 0.470833 0.335938 0.414583 0.342187 0.418750 0.334375 0.422917 0.334375 0.470833 0.342187 0.456250 0.353125 0.458333 0.354687 0.429167 0.362500 0.468750 0.360938 0.416667 0.342187 0.402083 0.348438 0.375000 0.332813 0.310417 0.323437 0.312500 0.312500 0.366667
8 0.998437 0.285417 0.623437 0.395833 0.625000 0.443750 0.998437 0.447917
8 0.000000 0.125000 0.000000 0.327083 0.042188 0.352083 0.039062 0.364583 0.000000 0.358333 0.000000 0.383333 0.131250 0.381250 0.131250 0.275000 0.103125 0.181250 0.089063 0.164583 0.070312 0.191667 0.028125 0.156250 0.021875 0.129167
10 0.167187 0.335417 0.287500 0.300000 0.256250 0.341667 0.312500 0.364583 0.332813 0.308333 0.376563 0.445833 0.382812 0.381250 0.460938 0.391667 0.495312 0.308333 0.584375 0.356250 0.621875 0.193750 0.881250 0.252083 0.998437 0.000000 0.182812 0.000000
10 0.000000 0.000000 0.000000 0.122917 0.046875 0.133333 0.051562 0.106250 0.054688 0.137500 0.120313 0.150000 0.156250 0.339583 0.173437 0.000000
13 0.000000 0.585417 0.146875 0.589583 0.167187 0.550000 0.215625 0.547917 0.221875 0.516667 0.275000 0.527083 0.279687 0.502083 0.293750 0.512500 0.304688 0.487500 0.325000 0.487500 0.325000 0.427083 0.300000 0.422917 0.276562 0.387500 0.203125 0.383333 0.190625 0.404167 0.045312 0.379167 0.000000 0.420833