0 0.000000 0.589583 0.000000 0.997917 0.751563 0.997917 0.396875 0.470833 0.326562 0.458333
1 0.000000 0.587500 0.050000 0.560417 0.135937 0.543750 0.159375 0.525000 0.151562 0.516667 0.059375 0.508333 0.051562 0.520833 0.018750 0.518750
1 0.401562 0.472917 0.753125 0.997917 0.998437 0.997917 0.998437 0.837500 0.820312 0.727083 0.793750 0.677083
2 0.382812 0.437500 0.382812 0.443750 0.381250 0.445833 0.381250 0.450000 0.382812 0.452083 0.381250 0.456250 0.381250 0.464583 0.385937 0.464583 0.387500 0.466667 0.392188 0.466667 0.393750 0.468750 0.396875 0.468750 0.396875 0.458333 0.395313 0.456250 0.395313 0.452083 0.393750 0.447917 0.390625 0.443750 0.389062 0.437500
2 0.501563 0.368750 0.489063 0.383333 0.484375 0.383333 0.478125 0.393750 0.489063 0.397917 0.492188 0.408333 0.507812 0.420833 0.503125 0.429167 0.506250 0.435417 0.503125 0.437500 0.503125 0.454167 0.523438 0.454167 0.520312 0.431250 0.509375 0.412500 0.504687 0.391667 0.501563 0.389583 0.501563 0.375000 0.504687 0.372917 0.504687 0.368750
2 0.260937 0.327083 0.260937 0.331250 0.267188 0.335417 0.268750 0.339583 0.275000 0.339583 0.279687 0.345833 0.285938 0.345833 0.287500 0.341667 0.296875 0.341667 0.298438 0.339583 0.298438 0.333333 0.295312 0.331250 0.285938 0.331250 0.276562 0.325000 0.273438 0.325000 0.271875 0.327083
2 0.531250 0.454167 0.653125 0.445833 0.821875 0.487500 0.821875 0.364583 0.998437 0.308333 0.998437 0.247917 0.959375 0.202083 0.928125 0.222917 0.703125 0.141667 0.632812 0.322917 0.637500 0.389583 0.579688 0.304167 0.548438 0.331250 0.562500 0.383333
2 0.007812 0.022917 0.045312 0.152083 0.045312 0.314583 0.060937 0.335417 0.118750 0.300000 0.106250 0.064583 0.098437 0.095833 0.084375 0.045833
3 0.826562 0.479167 0.815625 0.716667 0.998437 0.835417 0.998437 0.697917 0.885938 0.656250 0.895312 0.485417
3 0.573438 0.456250 0.564063 0.456250 0.560937 0.466667 0.560937 0.500000 0.559375 0.506250 0.562500 0.506250 0.564063 0.502083 0.568750 0.514583 0.568750 0.510417 0.571875 0.506250 0.571875 0.487500 0.576562 0.466667 0.576562 0.460417
3 0.639062 0.447917 0.631250 0.606250 0.653125 0.614583 0.670312 0.452083
4 0.896875 0.487500 0.884375 0.652083 0.998437 0.695833 0.998437 0.500000
4 0.671875 0.456250 0.656250 0.612500 0.739062 0.643750 0.814063 0.700000 0.825000 0.479167 0.821875 0.489583
4 0.425000 0.460417 0.421875 0.477083 0.439063 0.483333 0.451562 0.462500 0.457813 0.500000 0.600000 0.575000 0.629687 0.606250 0.637500 0.462500 0.575000 0.456250 0.568750 0.516667 0.557813 0.506250 0.562500 0.456250
4 0.000000 0.377083 0.009375 0.387500 0.014063 0.377083 0.017188 0.377083 0.018750 0.372917 0.025000 0.370833 0.046875 0.352083 0.042188 0.347917 0.031250 0.347917 0.029687 0.343750 0.003125 0.341667 0.000000 0.337500
8 0.389062 0.393750 0.398438 0.470833 0.421875 0.475000 0.426563 0.456250 0.442188 0.456250 0.443750 0.447917 0.451562 0.460417 0.460938 0.452083 0.501563 0.454167 0.506250 0.420833 0.476562 0.393750 0.473438 0.368750 0.457813 0.395833 0.439063 0.391667 0.437500 0.360417 0.431250 0.377083 0.423438 0.364583 0.406250 0.368750
8 0.998437 0.310417 0.828125 0.358333 0.814063 0.389583 0.818750 0.466667 0.909375 0.493750 0.998437 0.497917
8 0.539062 0.289583 0.532813 0.295833 0.526563 0.291667 0.526563 0.308333 0.510938 0.333333 0.503125 0.366667 0.503125 0.389583 0.521875 0.431250 0.525000 0.454167 0.537500 0.439583 0.560937 0.383333 0.556250 0.337500 0.550000 0.337500 0.543750 0.327083
8 0.250000 0.289583 0.248438 0.341667 0.265625 0.385417 0.325000 0.402083 0.332813 0.460417 0.340625 0.460417 0.343750 0.408333 0.356250 0.400000 0.345313 0.460417 0.353125 0.450000 0.379688 0.460417 0.376563 0.406250 0.357812 0.393750 0.365625 0.362500 0.350000 0.291667 0.320312 0.350000 0.318750 0.339583 0.268750 0.341667 0.259375 0.327083 0.276562 0.316667
8 0.121875 0.231250 0.120313 0.300000 0.215625 0.318750 0.242188 0.339583 0.245312 0.289583 0.228125 0.300000 0.229687 0.312500 0.221875 0.320833 0.195312 0.300000 0.167187 0.302083 0.137500 0.233333
8 0.000000 0.010417 0.000000 0.335417 0.051562 0.350000 0.060937 0.337500 0.043750 0.314583 0.043750 0.152083 0.032813 0.131250 0.026562 0.072917
10 0.112500 0.020833 0.162500 0.295833 0.287500 0.256250 0.251563 0.289583 0.320312 0.347917 0.346875 0.287500 0.390625 0.439583 0.398438 0.375000 0.481250 0.387500 0.528125 0.287500 0.635938 0.389583 0.703125 0.139583 0.998437 0.245833 0.998437 0.000000
10 0.000000 0.000000 0.007812 0.020833 0.084375 0.043750 0.098437 0.093750 0.107813 0.000000
13 0.000000 0.575000 0.018750 0.516667 0.084375 0.506250 0.193750 0.533333 0.206250 0.502083 0.256250 0.506250 0.265625 0.475000 0.310937 0.481250 0.325000 0.404167 0.265625 0.387500 0.225000 0.325000 0.106250 0.300000 0.009375 0.389583 0.000000 0.379167