0 0.000000 0.635417 0.000000 0.997917 0.998437 0.997917 0.998437 0.945833 0.428125 0.485417 0.298438 0.533333 0.246875 0.612500
1 0.042188 0.535417 0.000000 0.543750 0.000000 0.633333 0.060937 0.610417 0.045312 0.585417 0.043750 0.562500 0.040625 0.560417
1 0.432812 0.485417 0.998437 0.943750 0.996875 0.687500 0.925000 0.685417
2 0.403125 0.452083 0.401562 0.458333 0.403125 0.460417 0.403125 0.472917 0.404687 0.475000 0.404687 0.481250 0.418750 0.481250 0.418750 0.477083 0.417187 0.475000 0.417187 0.464583 0.414062 0.456250 0.412500 0.456250 0.410938 0.452083
2 0.506250 0.391667 0.487500 0.410417 0.490625 0.433333 0.496875 0.429167 0.507812 0.445833 0.507812 0.452083 0.512500 0.456250 0.514062 0.462500 0.521875 0.462500 0.520312 0.441667 0.504687 0.412500 0.507812 0.395833
2 0.168750 0.391667 0.162500 0.389583 0.153125 0.377083 0.153125 0.372917 0.143750 0.370833 0.137500 0.375000 0.132812 0.375000 0.132812 0.381250 0.128125 0.389583 0.125000 0.404167 0.131250 0.408333 0.135937 0.408333 0.142187 0.402083 0.145313 0.402083 0.146875 0.397917 0.153125 0.397917 0.154688 0.393750 0.159375 0.395833 0.160938 0.393750 0.168750 0.393750
2 0.000000 0.318750 0.000000 0.335417 0.004687 0.335417 0.006250 0.339583 0.020313 0.341667 0.037500 0.350000 0.056250 0.354167 0.062500 0.352083 0.054688 0.335417 0.056250 0.322917
2 0.151562 0.220833 0.156250 0.245833 0.175000 0.245833 0.176563 0.241667 0.189062 0.252083 0.190625 0.258333 0.200000 0.262500 0.210938 0.285417 0.215625 0.285417 0.225000 0.270833 0.232813 0.272917 0.228125 0.268750 0.223438 0.229167
2 0.126562 0.193750 0.107813 0.191667 0.106250 0.214583 0.065625 0.206250 0.084375 0.250000 0.084375 0.295833 0.100000 0.297917 0.100000 0.266667 0.084375 0.227083 0.120313 0.212500 0.134375 0.216667 0.134375 0.204167
2 0.998437 0.000000 0.896875 0.000000 0.795312 0.268750 0.621875 0.252083 0.592187 0.352083 0.537500 0.343750 0.529687 0.462500 0.595313 0.464583 0.615625 0.414583 0.834375 0.345833 0.909375 0.368750 0.906250 0.445833 0.996875 0.464583
3 0.000000 0.504167 0.000000 0.541667 0.040625 0.535417 0.048438 0.500000 0.006250 0.500000 0.004687 0.504167
3 0.539062 0.464583 0.529687 0.464583 0.528125 0.514583 0.510938 0.512500 0.501563 0.504167 0.489063 0.502083 0.485938 0.497917 0.485938 0.475000 0.484375 0.502083 0.539062 0.522917
3 0.557813 0.458333 0.554688 0.525000 0.546875 0.527083 0.567187 0.533333 0.565625 0.493750 0.568750 0.460417
3 0.968750 0.452083 0.810937 0.456250 0.823438 0.550000 0.842187 0.472917 0.875000 0.477083 0.870313 0.639583 0.818750 0.620833 0.817187 0.556250 0.606250 0.520833 0.593750 0.464583 0.590625 0.543750 0.951562 0.683333 0.943750 0.500000
4 0.540625 0.464583 0.539062 0.468750 0.539062 0.520833 0.545312 0.525000 0.553125 0.525000 0.556250 0.464583
4 0.473438 0.483333 0.473438 0.495833 0.482812 0.500000 0.482812 0.475000 0.485938 0.472917 0.489063 0.500000 0.501563 0.502083 0.510938 0.510417 0.528125 0.512500 0.528125 0.464583 0.479687 0.468750 0.479687 0.475000
4 0.965625 0.462500 0.945312 0.500000 0.946875 0.647917 0.953125 0.675000 0.962500 0.668750 0.998437 0.687500 0.998437 0.464583
4 0.570312 0.460417 0.567187 0.493750 0.567187 0.529167 0.568750 0.533333 0.589063 0.535417 0.590625 0.464583
4 0.871875 0.633333 0.868750 0.468750 0.843750 0.472917 0.828125 0.552083 0.810937 0.458333 0.603125 0.468750 0.606250 0.518750 0.817187 0.554167 0.820312 0.620833
4 0.000000 0.502083 0.051562 0.495833 0.060937 0.477083 0.089063 0.458333 0.095312 0.443750 0.107813 0.439583 0.132812 0.410417 0.100000 0.395833 0.000000 0.381250
8 0.412500 0.412500 0.410938 0.433333 0.423438 0.483333 0.429688 0.475000 0.432812 0.483333 0.446875 0.485417 0.451562 0.466667 0.476562 0.477083 0.484375 0.464583 0.512500 0.462500 0.501563 0.437500 0.487500 0.429167 0.490625 0.402083 0.485938 0.387500 0.475000 0.410417 0.456250 0.406250 0.454688 0.379167 0.450000 0.395833 0.442188 0.385417 0.429688 0.385417
8 0.914062 0.379167 0.884375 0.354167 0.829688 0.347917 0.781250 0.379167 0.615625 0.416667 0.592187 0.447917 0.598437 0.466667 0.904687 0.445833
8 0.529687 0.337500 0.525000 0.343750 0.521875 0.341667 0.521875 0.354167 0.512500 0.368750 0.506250 0.406250 0.521875 0.441667 0.523438 0.462500 0.528125 0.462500 0.529687 0.450000 0.546875 0.406250 0.543750 0.375000 0.534375 0.362500
8 0.370312 0.327083 0.359375 0.356250 0.359375 0.379167 0.323437 0.395833 0.323437 0.418750 0.357812 0.418750 0.370312 0.437500 0.376563 0.431250 0.382812 0.472917 0.387500 0.466667 0.401562 0.472917 0.400000 0.433333 0.381250 0.408333 0.389062 0.393750 0.384375 0.347917
8 0.006250 0.125000 0.026562 0.158333 0.000000 0.156250 0.000000 0.316667 0.056250 0.320833 0.064062 0.352083 0.000000 0.337500 0.000000 0.379167 0.123438 0.404167 0.150000 0.368750 0.281250 0.429167 0.318750 0.418750 0.304688 0.354167 0.253125 0.364583 0.235937 0.279167 0.210938 0.287500 0.145313 0.216667 0.085938 0.227083 0.101562 0.297917 0.084375 0.297917 0.067187 0.172917
10 0.000000 0.154167 0.223438 0.227083 0.253125 0.362500 0.275000 0.266667 0.275000 0.364583 0.350000 0.383333 0.373437 0.327083 0.415625 0.454167 0.429688 0.383333 0.592187 0.350000 0.621875 0.250000 0.795312 0.266667 0.895312 0.000000 0.000000 0.000000
13 0.042188 0.560417 0.068750 0.614583 0.212500 0.591667 0.240625 0.612500 0.257812 0.566667 0.293750 0.564583 0.298438 0.531250 0.321875 0.541667 0.326562 0.520833 0.360938 0.518750 0.403125 0.475000 0.382812 0.475000 0.357812 0.420833 0.281250 0.431250 0.260937 0.404167 0.154688 0.395833 0.060937 0.479167