0 0.000000 0.570833 0.000000 0.997917 0.723437 0.997917 0.404687 0.475000 0.329688 0.462500 0.150000 0.552083
1 0.000000 0.568750 0.032813 0.562500 0.040625 0.558333 0.050000 0.543750 0.056250 0.543750 0.059375 0.539583 0.045312 0.539583 0.043750 0.535417 0.020313 0.535417 0.000000 0.529167
1 0.409375 0.477083 0.725000 0.997917 0.998437 0.997917 0.996875 0.806250
2 0.518750 0.368750 0.506250 0.383333 0.490625 0.393750 0.492188 0.404167 0.504687 0.404167 0.506250 0.412500 0.521875 0.425000 0.518750 0.431250 0.520312 0.460417 0.539062 0.460417 0.535937 0.435417 0.518750 0.400000
2 0.273438 0.327083 0.273438 0.331250 0.279687 0.335417 0.282813 0.341667 0.287500 0.341667 0.289062 0.345833 0.290625 0.345833 0.292187 0.341667 0.293750 0.343750 0.295312 0.341667 0.304688 0.341667 0.307812 0.339583 0.307812 0.333333 0.290625 0.331250 0.289062 0.327083 0.284375 0.327083 0.282813 0.325000 0.281250 0.327083
2 0.600000 0.306250 0.568750 0.329167 0.576562 0.347917 0.578125 0.391667 0.546875 0.460417 0.612500 0.456250 0.617188 0.466667 0.628125 0.466667 0.646875 0.450000 0.650000 0.397917
2 0.742188 0.120833 0.659375 0.322917 0.660937 0.468750 0.725000 0.454167 0.998437 0.529167 0.998437 0.200000 0.912500 0.191667
2 0.000000 0.000000 0.010937 0.283333 0.059375 0.266667 0.120313 0.279167 0.118750 0.212500 0.084375 0.047917 0.087500 0.000000 0.073438 0.018750
3 0.610938 0.458333 0.589063 0.458333 0.589063 0.535417 0.596875 0.537500 0.598437 0.558333 0.603125 0.502083 0.606250 0.495833
3 0.695312 0.456250 0.682813 0.652083 0.718750 0.664583 0.739062 0.464583 0.725000 0.456250
4 0.737500 0.468750 0.721875 0.664583 0.809375 0.695833 0.998437 0.808333 0.998437 0.531250
4 0.457813 0.466667 0.451562 0.466667 0.446875 0.462500 0.445312 0.464583 0.435937 0.464583 0.435937 0.466667 0.432812 0.468750 0.432812 0.477083 0.429688 0.479167 0.429688 0.481250 0.432812 0.481250 0.440625 0.487500 0.446875 0.487500 0.445312 0.485417 0.445312 0.477083 0.457813 0.468750
4 0.465625 0.462500 0.464062 0.506250 0.682813 0.641667 0.693750 0.472917 0.612500 0.458333 0.598437 0.560417 0.587500 0.535417 0.589063 0.462500
8 0.665625 0.364583 0.650000 0.393750 0.651563 0.412500 0.646875 0.425000 0.648438 0.450000 0.642188 0.456250 0.635938 0.456250 0.631250 0.466667 0.659375 0.468750
8 0.398438 0.395833 0.396875 0.414583 0.404687 0.429167 0.401562 0.472917 0.412500 0.477083 0.415625 0.466667 0.417187 0.477083 0.428125 0.481250 0.435937 0.462500 0.520312 0.456250 0.520312 0.425000 0.504687 0.406250 0.490625 0.404167 0.484375 0.375000 0.476562 0.375000 0.468750 0.402083 0.448437 0.397917 0.448437 0.364583 0.442188 0.383333 0.432812 0.368750 0.420312 0.370833
8 0.253125 0.291667 0.260937 0.395833 0.268750 0.352083 0.268750 0.387500 0.326562 0.400000 0.329688 0.460417 0.350000 0.464583 0.351562 0.416667 0.364063 0.404167 0.354687 0.464583 0.378125 0.443750 0.395313 0.464583 0.387500 0.410417 0.365625 0.383333 0.375000 0.366667 0.360938 0.293750 0.329688 0.354167 0.326562 0.339583 0.282813 0.343750 0.271875 0.327083 0.285938 0.316667
8 0.246875 0.291667 0.243750 0.293750 0.242188 0.297917 0.237500 0.300000 0.237500 0.312500 0.235937 0.314583 0.223438 0.316667 0.225000 0.320833 0.231250 0.325000 0.232813 0.329167 0.242188 0.339583 0.245312 0.339583 0.245312 0.329167 0.243750 0.327083 0.246875 0.325000 0.246875 0.318750 0.245312 0.316667 0.246875 0.314583 0.246875 0.302083 0.248438 0.300000 0.246875 0.297917
8 0.556250 0.289583 0.550000 0.295833 0.543750 0.289583 0.540625 0.314583 0.531250 0.320833 0.523438 0.341667 0.518750 0.375000 0.521875 0.406250 0.537500 0.435417 0.540625 0.460417 0.550000 0.452083 0.576562 0.391667 0.575000 0.347917 0.567187 0.335417 0.568750 0.327083 0.560937 0.327083 0.562500 0.310417 0.557813 0.308333
8 0.132812 0.229167 0.125000 0.243750 0.125000 0.268750 0.121875 0.279167 0.131250 0.279167 0.132812 0.283333 0.143750 0.283333 0.145313 0.287500 0.165625 0.289583 0.167187 0.293750 0.171875 0.293750 0.168750 0.275000 0.165625 0.272917 0.154688 0.239583 0.146875 0.229167 0.143750 0.233333 0.139063 0.227083
8 0.000000 0.091667 0.000000 0.291667 0.007812 0.295833 0.012500 0.285417 0.006250 0.254167 0.014063 0.237500 0.004687 0.208333 0.007812 0.118750
10 0.087500 0.008333 0.123438 0.241667 0.221875 0.318750 0.293750 0.247917 0.253125 0.287500 0.329688 0.352083 0.360938 0.291667 0.400000 0.443750 0.409375 0.377083 0.492188 0.391667 0.543750 0.287500 0.648438 0.393750 0.745313 0.116667 0.998437 0.197917 0.998437 0.000000
10 0.021875 0.000000 0.032813 0.002083 0.039062 0.006250 0.056250 0.008333 0.059375 0.012500 0.068750 0.016667 0.073438 0.016667 0.076563 0.012500 0.076563 0.006250 0.079687 0.004167 0.078125 0.000000
13 0.000000 0.300000 0.003125 0.529167 0.132812 0.554167 0.179688 0.508333 0.237500 0.518750 0.253125 0.481250 0.325000 0.481250 0.325000 0.400000 0.260937 0.397917 0.248438 0.347917 0.192188 0.295833 0.059375 0.268750