0 0.000000 0.552083 0.000000 0.997917 0.746875 0.997917 0.457813 0.489583 0.340625 0.477083 0.184375 0.566667
1 0.459375 0.489583 0.748437 0.997917 0.998437 0.997917 0.998437 0.833333 0.565625 0.554167 0.559375 0.522917
1 0.292187 0.497917 0.318750 0.491667 0.339062 0.491667 0.340625 0.487500 0.346875 0.487500 0.339062 0.479167 0.340625 0.475000 0.335938 0.475000 0.332813 0.483333 0.326562 0.472917 0.293750 0.468750
2 0.709375 0.393750 0.709375 0.402083 0.720313 0.414583 0.718750 0.427083 0.710938 0.437500 0.710938 0.466667 0.732812 0.466667 0.735938 0.464583 0.732812 0.452083 0.739062 0.450000 0.739062 0.445833 0.735938 0.445833 0.731250 0.437500 0.731250 0.410417 0.720313 0.393750
2 0.910937 0.395833 0.907813 0.391667 0.889062 0.395833 0.887500 0.402083 0.850000 0.439583 0.853125 0.435417 0.854688 0.439583 0.876563 0.435417 0.900000 0.437500 0.900000 0.431250 0.909375 0.431250 0.907813 0.397917
2 0.809375 0.360417 0.781250 0.416667 0.779687 0.431250 0.768750 0.439583 0.768750 0.450000 0.781250 0.458333 0.787500 0.450000 0.798438 0.456250 0.801562 0.450000 0.793750 0.447917 0.804688 0.429167 0.815625 0.435417 0.810937 0.452083 0.825000 0.450000 0.818750 0.437500 0.834375 0.404167
2 0.692187 0.272917 0.662500 0.295833 0.656250 0.275000 0.642188 0.312500 0.639062 0.287500 0.629687 0.325000 0.554688 0.395833 0.554688 0.472917 0.564063 0.470833 0.567187 0.406250 0.589063 0.387500 0.617188 0.393750 0.615625 0.364583 0.631250 0.341667 0.670312 0.350000 0.676562 0.337500 0.679688 0.356250 0.707812 0.375000 0.690625 0.318750
2 0.000000 0.256250 0.000000 0.279167 0.020313 0.285417 0.028125 0.268750 0.050000 0.262500 0.057813 0.270833 0.121875 0.268750 0.109375 0.256250 0.109375 0.245833 0.096875 0.250000 0.065625 0.227083 0.048438 0.229167 0.007812 0.264583
3 0.767188 0.450000 0.734375 0.452083 0.740625 0.468750 0.732812 0.568750 0.735938 0.600000 0.750000 0.602083 0.762500 0.468750 0.779687 0.458333
3 0.842187 0.447917 0.848437 0.462500 0.850000 0.489583 0.853125 0.489583 0.856250 0.468750 0.864062 0.460417 0.876563 0.460417 0.882812 0.468750 0.912500 0.466667 0.925000 0.456250 0.921875 0.445833 0.903125 0.441667 0.901563 0.437500 0.854688 0.441667 0.853125 0.437500
4 0.495312 0.500000 0.498437 0.506250 0.518750 0.516667 0.526563 0.516667 0.521875 0.510417 0.521875 0.500000 0.528125 0.489583 0.540625 0.483333 0.535937 0.483333 0.534375 0.479167 0.498437 0.477083
4 0.546875 0.520833 0.998437 0.831250 0.998437 0.462500 0.864062 0.462500 0.850000 0.491667 0.804688 0.431250 0.764062 0.468750 0.750000 0.604167 0.737500 0.466667 0.579688 0.470833
5 0.234375 0.062500 0.171875 0.083333 0.148438 0.108333 0.135937 0.297917 0.156250 0.106250
8 0.850000 0.400000 0.845313 0.402083 0.834375 0.400000 0.835938 0.404167 0.834375 0.414583 0.821875 0.431250 0.820312 0.441667 0.829688 0.454167 0.837500 0.454167 0.843750 0.441667 0.848437 0.439583 0.846875 0.433333 0.850000 0.429167 0.848437 0.425000 0.850000 0.414583 0.848437 0.402083
8 0.000000 0.356250 0.029687 0.339583 0.071875 0.297917 0.134375 0.297917 0.134375 0.277083 0.126562 0.264583 0.118750 0.272917 0.057813 0.272917 0.050000 0.264583 0.028125 0.270833 0.020313 0.287500 0.000000 0.281250
8 0.140625 0.277083 0.285938 0.352083 0.293750 0.466667 0.329688 0.472917 0.298438 0.441667 0.331250 0.445833 0.335938 0.385417 0.342187 0.475000 0.396875 0.479167 0.406250 0.412500 0.401562 0.481250 0.451562 0.460417 0.493750 0.497917 0.556250 0.452083 0.553125 0.362500 0.532813 0.402083 0.470313 0.375000 0.445312 0.456250 0.404687 0.285417 0.373437 0.352083 0.307812 0.333333 0.279687 0.272917 0.206250 0.302083 0.178125 0.235417
8 0.989062 0.145833 0.982812 0.197917 0.956250 0.231250 0.932813 0.310417 0.912500 0.327083 0.912500 0.429167 0.900000 0.433333 0.925000 0.447917 0.918750 0.462500 0.998437 0.460417 0.998437 0.158333
8 0.775000 0.087500 0.746875 0.093750 0.695312 0.252083 0.709375 0.375000 0.676562 0.339583 0.631250 0.343750 0.617188 0.395833 0.568750 0.406250 0.565625 0.472917 0.709375 0.466667 0.709375 0.391667 0.740625 0.450000 0.778125 0.431250 0.842187 0.245833
10 0.000000 0.000000 0.003125 0.262500 0.134375 0.275000 0.146875 0.108333 0.234375 0.060417 0.157812 0.106250 0.143750 0.277083 0.373437 0.350000 0.404687 0.283333 0.453125 0.456250 0.470313 0.372917 0.690625 0.272917 0.753125 0.085417 0.843750 0.245833 0.848437 0.435417 0.998437 0.156250 0.998437 0.000000
13 0.568750 0.475000 0.564063 0.472917 0.553125 0.475000 0.545312 0.479167 0.539062 0.487500 0.528125 0.491667 0.523438 0.500000 0.525000 0.514583 0.532813 0.516667 0.535937 0.520833 0.545312 0.520833 0.548438 0.516667 0.553125 0.516667 0.564063 0.522917 0.564063 0.483333 0.567187 0.481250
13 0.406250 0.472917 0.406250 0.483333 0.417187 0.483333 0.420312 0.487500 0.423438 0.485417 0.437500 0.485417 0.439063 0.483333 0.442188 0.483333 0.442188 0.479167 0.440625 0.477083 0.439063 0.479167 0.437500 0.477083 0.434375 0.477083 0.431250 0.470833 0.426563 0.470833 0.425000 0.468750 0.409375 0.468750 0.409375 0.470833
13 0.000000 0.358333 0.000000 0.550000 0.146875 0.539583 0.157812 0.562500 0.184375 0.564583 0.201563 0.525000 0.256250 0.514583 0.278125 0.531250 0.290625 0.497917 0.292187 0.364583 0.231250 0.318750 0.079687 0.297917