0 0.000000 0.572917 0.000000 0.997917 0.739062 0.997917 0.403125 0.470833 0.326562 0.458333
1 0.000000 0.570833 0.065625 0.543750 0.093750 0.539583 0.118750 0.522917 0.028125 0.514583 0.018750 0.525000 0.000000 0.527083
1 0.404687 0.472917 0.740625 0.997917 0.998437 0.997917 0.996875 0.835417 0.906250 0.785417 0.873437 0.727083
2 0.510938 0.364583 0.495312 0.383333 0.487500 0.387500 0.484375 0.395833 0.495312 0.400000 0.512500 0.420833 0.510938 0.454167 0.529687 0.454167 0.528125 0.431250 0.517188 0.414583 0.509375 0.389583
2 0.265625 0.325000 0.265625 0.329167 0.270313 0.331250 0.271875 0.335417 0.275000 0.335417 0.276562 0.339583 0.282813 0.341667 0.284375 0.345833 0.287500 0.345833 0.289062 0.341667 0.298438 0.341667 0.300000 0.339583 0.303125 0.339583 0.303125 0.333333 0.301563 0.331250 0.295312 0.331250 0.293750 0.327083 0.284375 0.327083 0.281250 0.322917
2 0.590625 0.302083 0.557813 0.327083 0.565625 0.335417 0.570312 0.383333 0.539062 0.454167 0.603125 0.450000 0.607812 0.460417 0.618750 0.460417 0.625000 0.445833 0.637500 0.441667 0.637500 0.406250 0.643750 0.397917
2 0.720313 0.129167 0.645312 0.322917 0.648438 0.464583 0.682813 0.445833 0.900000 0.502083 0.895312 0.350000 0.998437 0.318750 0.996875 0.202083 0.954688 0.216667
2 0.100000 0.000000 0.089063 0.039583 0.000000 0.004167 0.028125 0.139583 0.034375 0.310417 0.087500 0.281250 0.121875 0.289583 0.120313 0.218750 0.095312 0.102083
3 0.906250 0.487500 0.917188 0.522917 0.896875 0.766667 0.920312 0.793750 0.998437 0.835417 0.998437 0.708333 0.990625 0.700000 0.998437 0.493750
3 0.590625 0.454167 0.576562 0.454167 0.575000 0.502083 0.567187 0.556250 0.568750 0.568750 0.571875 0.570833 0.581250 0.568750 0.582812 0.512500 0.587500 0.497917
3 0.667188 0.447917 0.662500 0.452083 0.654687 0.627083 0.684375 0.635417 0.695312 0.483333 0.701562 0.458333
4 0.701562 0.462500 0.685937 0.633333 0.804688 0.685417 0.893750 0.747917 0.912500 0.504167
4 0.567187 0.568750 0.575000 0.454167 0.429688 0.458333 0.423438 0.475000 0.443750 0.485417 0.443750 0.470833 0.456250 0.466667 0.457813 0.497917
4 0.593750 0.452083 0.582812 0.568750 0.573438 0.572917 0.610938 0.585417 0.653125 0.625000 0.662500 0.466667 0.607812 0.462500 0.603125 0.452083
8 0.650000 0.381250 0.642188 0.389583 0.645312 0.397917 0.639062 0.406250 0.639062 0.441667 0.634375 0.447917 0.625000 0.447917 0.620313 0.460417 0.645312 0.460417 0.646875 0.418750 0.650000 0.414583
8 0.393750 0.389583 0.392188 0.414583 0.404687 0.470833 0.421875 0.475000 0.429688 0.456250 0.509375 0.454167 0.510938 0.420833 0.482812 0.395833 0.479687 0.370833 0.471875 0.372917 0.462500 0.395833 0.443750 0.391667 0.443750 0.360417 0.437500 0.377083 0.428125 0.364583 0.415625 0.366667
8 0.998437 0.320833 0.898438 0.345833 0.892188 0.429167 0.901563 0.502083 0.906250 0.485417 0.998437 0.491667
8 0.251563 0.291667 0.248438 0.339583 0.260937 0.383333 0.265625 0.360417 0.264062 0.389583 0.325000 0.397917 0.335938 0.460417 0.345313 0.460417 0.348438 0.408333 0.362500 0.400000 0.351562 0.412500 0.350000 0.460417 0.359375 0.445833 0.384375 0.460417 0.382812 0.410417 0.364063 0.393750 0.370312 0.362500 0.356250 0.291667 0.342187 0.302083 0.334375 0.347917 0.284375 0.347917 0.264062 0.329167 0.278125 0.310417
8 0.546875 0.285417 0.540625 0.293750 0.534375 0.289583 0.534375 0.304167 0.515625 0.341667 0.510938 0.389583 0.529687 0.431250 0.531250 0.454167 0.545312 0.443750 0.568750 0.383333 0.564063 0.335417 0.553125 0.327083 0.553125 0.304167 0.548438 0.304167
8 0.243750 0.285417 0.237500 0.295833 0.232813 0.295833 0.232813 0.310417 0.229687 0.312500 0.228125 0.316667 0.225000 0.316667 0.229687 0.325000 0.232813 0.325000 0.234375 0.329167 0.239063 0.331250 0.240625 0.335417 0.243750 0.335417 0.245312 0.329167 0.243750 0.327083 0.243750 0.316667 0.245312 0.314583 0.245312 0.304167 0.246875 0.302083 0.246875 0.289583 0.245312 0.289583
8 0.123438 0.233333 0.123438 0.289583 0.210938 0.310417 0.198437 0.295833 0.170313 0.300000 0.165625 0.293750 0.160938 0.264583 0.145313 0.233333 0.132812 0.227083
8 0.000000 0.031250 0.000000 0.331250 0.015625 0.331250 0.035937 0.318750 0.026562 0.272917 0.032813 0.243750 0.025000 0.229167 0.025000 0.127083
10 0.100000 0.004167 0.121875 0.231250 0.217188 0.314583 0.292187 0.252083 0.253125 0.287500 0.326562 0.345833 0.356250 0.289583 0.395313 0.439583 0.404687 0.372917 0.485938 0.387500 0.546875 0.283333 0.640625 0.389583 0.720313 0.127083 0.998437 0.206250 0.998437 0.000000
10 0.000000 0.000000 0.006250 0.006250 0.035937 0.012500 0.042188 0.018750 0.079687 0.027083 0.085938 0.037500 0.089063 0.037500 0.092188 0.012500 0.095312 0.010417 0.095312 0.000000
11 0.239063 0.954167 0.239063 0.956250 0.234375 0.960417 0.234375 0.964583 0.232813 0.966667 0.229687 0.981250 0.239063 0.989583 0.243750 0.989583 0.245312 0.985417 0.251563 0.981250 0.253125 0.964583 0.251563 0.966667 0.243750 0.966667 0.240625 0.962500
13 0.000000 0.352083 0.000000 0.525000 0.051562 0.512500 0.168750 0.539583 0.195312 0.502083 0.246875 0.510417 0.260937 0.475000 0.325000 0.475000 0.325000 0.400000 0.264062 0.393750 0.248438 0.341667 0.196875 0.306250 0.087500 0.283333