0 0.000000 0.604167 0.000000 0.997917 0.732812 0.997917 0.440625 0.479167 0.264062 0.468750 0.218750 0.533333 0.073438 0.531250
1 0.443750 0.483333 0.734375 0.997917 0.998437 0.997917 0.998437 0.852083
1 0.245312 0.456250 0.245312 0.475000 0.248438 0.472917 0.251563 0.472917 0.253125 0.470833 0.262500 0.470833 0.264062 0.466667 0.264062 0.452083 0.262500 0.452083 0.260937 0.456250 0.256250 0.456250 0.254688 0.452083 0.248438 0.452083 0.248438 0.454167
2 0.529687 0.393750 0.529687 0.404167 0.542188 0.400000 0.556250 0.416667 0.562500 0.416667 0.567187 0.427083 0.565625 0.450000 0.568750 0.456250 0.565625 0.466667 0.584375 0.466667 0.579688 0.435417 0.560937 0.391667 0.562500 0.368750
2 0.625000 0.316667 0.621875 0.327083 0.632812 0.358333 0.631250 0.397917 0.596875 0.466667 0.700000 0.466667 0.707812 0.422917 0.650000 0.306250
2 0.998437 0.102083 0.857812 0.047917 0.735938 0.312500 0.748437 0.322917 0.740625 0.481250 0.923438 0.493750 0.921875 0.464583 0.998437 0.462500
2 0.000000 0.000000 0.000000 0.179167 0.139063 0.220833 0.096875 0.000000 0.046875 0.004167 0.026562 0.185417 0.018750 0.122917 0.031250 0.000000
3 0.717187 0.468750 0.689063 0.468750 0.685937 0.475000 0.684375 0.533333 0.690625 0.518750 0.700000 0.520833 0.701562 0.581250 0.709375 0.508333 0.715625 0.479167 0.720313 0.475000
3 0.921875 0.466667 0.898438 0.797917 0.950000 0.839583 0.998437 0.850000 0.998437 0.464583
4 0.503125 0.464583 0.500000 0.516667 0.778125 0.685417 0.896875 0.789583 0.923438 0.495833 0.718750 0.477083 0.701562 0.583333 0.687500 0.468750
5 0.321875 0.233333 0.287500 0.243750 0.273438 0.264583 0.257812 0.454167 0.275000 0.268750 0.287500 0.247917
5 0.048438 0.000000 0.031250 0.002083 0.023438 0.060417 0.020313 0.122917 0.026562 0.183333 0.035937 0.141667
8 0.432812 0.397917 0.442188 0.481250 0.465625 0.485417 0.470313 0.466667 0.498437 0.472917 0.506250 0.460417 0.564063 0.466667 0.567187 0.456250 0.560937 0.416667 0.542188 0.402083 0.529687 0.406250 0.520312 0.375000 0.504687 0.406250 0.482812 0.402083 0.482812 0.366667 0.478125 0.385417 0.464062 0.370833
8 0.746875 0.331250 0.732812 0.343750 0.729688 0.358333 0.709375 0.393750 0.706250 0.410417 0.709375 0.416667 0.706250 0.456250 0.700000 0.464583 0.717187 0.466667 0.725000 0.479167 0.737500 0.479167 0.746875 0.385417
8 0.225000 0.295833 0.240625 0.316667 0.250000 0.402083 0.248438 0.450000 0.256250 0.454167 0.268750 0.310417 0.256250 0.312500 0.243750 0.297917
8 0.281250 0.287500 0.262500 0.450000 0.301563 0.352083 0.301563 0.381250 0.356250 0.402083 0.354687 0.460417 0.382812 0.466667 0.395313 0.408333 0.389062 0.466667 0.414062 0.443750 0.420312 0.466667 0.395313 0.293750 0.365625 0.354167 0.351562 0.337500 0.323437 0.347917 0.309375 0.333333 0.318750 0.310417
8 0.607812 0.270833 0.598437 0.281250 0.593750 0.275000 0.592187 0.293750 0.578125 0.312500 0.562500 0.364583 0.565625 0.404167 0.589063 0.468750 0.598437 0.462500 0.629687 0.397917 0.629687 0.347917 0.620313 0.316667 0.614062 0.314583 0.615625 0.293750 0.607812 0.291667
8 0.171875 0.233333 0.173437 0.235417 0.170313 0.239583 0.170313 0.247917 0.178125 0.252083 0.179688 0.256250 0.209375 0.279167 0.207813 0.266667 0.192188 0.233333 0.178125 0.229167 0.176563 0.233333
10 0.098437 0.000000 0.140625 0.225000 0.256250 0.310417 0.321875 0.231250 0.276562 0.297917 0.365625 0.352083 0.395313 0.291667 0.434375 0.445833 0.440625 0.383333 0.532813 0.391667 0.607812 0.268750 0.706250 0.408333 0.862500 0.041667 0.998437 0.100000 0.998437 0.000000
13 0.492188 0.472917 0.489063 0.479167 0.484375 0.479167 0.484375 0.495833 0.489063 0.497917 0.492188 0.502083 0.498437 0.502083 0.498437 0.493750 0.500000 0.491667 0.500000 0.477083 0.496875 0.472917
13 0.282813 0.385417 0.271875 0.404167 0.265625 0.435417 0.267188 0.475000 0.317188 0.479167 0.329688 0.491667 0.337500 0.477083 0.348438 0.485417 0.353125 0.472917 0.354687 0.402083 0.321875 0.385417
13 0.000000 0.181250 0.000000 0.602083 0.032813 0.589583 0.073438 0.529167 0.182812 0.506250 0.193750 0.529167 0.223438 0.527083 0.246875 0.454167 0.239063 0.316667 0.126562 0.214583