0 0.000000 0.550000 0.000000 0.997917 0.743750 0.997917 0.454688 0.485417 0.335938 0.470833 0.357812 0.481250 0.292187 0.525000
1 0.456250 0.487500 0.745313 0.997917 0.998437 0.997917 0.996875 0.822917 0.534375 0.508333
1 0.185938 0.512500 0.176563 0.495833 0.176563 0.475000 0.000000 0.487500 0.000000 0.547917
2 0.721875 0.302083 0.715625 0.366667 0.703125 0.381250 0.673438 0.456250 0.701562 0.450000 0.715625 0.456250 0.742188 0.445833 0.775000 0.450000 0.771875 0.435417 0.782813 0.408333
2 0.612500 0.302083 0.612500 0.327083 0.548438 0.387500 0.545312 0.402083 0.559375 0.408333 0.576562 0.370833 0.606250 0.372917 0.607812 0.385417 0.631250 0.400000 0.631250 0.450000 0.653125 0.445833 0.650000 0.416667 0.631250 0.395833 0.623437 0.370833 0.621875 0.320833 0.614062 0.322917
2 0.998437 0.093750 0.948438 0.175000 0.981250 0.193750 0.892188 0.360417 0.889062 0.452083 0.921875 0.437500 0.998437 0.443750
2 0.000000 0.062500 0.000000 0.308333 0.021875 0.314583 0.039062 0.283333 0.062500 0.310417 0.089063 0.287500 0.112500 0.304167 0.146875 0.289583 0.129688 0.260417 0.117188 0.266667 0.096875 0.247917 0.035937 0.279167 0.026562 0.222917 0.048438 0.212500
3 0.128125 0.477083 0.100000 0.472917 0.096875 0.437500 0.092188 0.435417 0.095312 0.427083 0.089063 0.425000 0.084375 0.472917 0.000000 0.472917 0.000000 0.485417
4 0.492188 0.470833 0.489063 0.475000 0.489063 0.491667 0.487500 0.495833 0.490625 0.495833 0.500000 0.502083 0.504687 0.502083 0.504687 0.477083 0.506250 0.472917 0.495312 0.472917
4 0.998437 0.822917 0.998437 0.445833 0.537500 0.464583 0.535937 0.529167
4 0.000000 0.364583 0.000000 0.470833 0.084375 0.470833 0.090625 0.422917 0.100000 0.470833 0.176563 0.472917 0.184375 0.408333
5 0.284375 0.168750 0.240625 0.187500 0.225000 0.206250 0.214062 0.366667 0.226562 0.214583 0.235937 0.195833 0.285938 0.175000
8 0.221875 0.310417 0.218750 0.362500 0.334375 0.387500 0.335938 0.468750 0.346875 0.395833 0.353125 0.472917 0.395313 0.477083 0.410938 0.410417 0.398438 0.475000 0.428125 0.443750 0.473438 0.491667 0.525000 0.454167 0.631250 0.454167 0.606250 0.375000 0.550000 0.410417 0.540625 0.366667 0.515625 0.402083 0.498437 0.364583 0.453125 0.389583 0.439063 0.452083 0.403125 0.291667 0.373437 0.358333 0.310937 0.341667 0.289062 0.287500
8 0.215625 0.312500 0.192188 0.252083 0.173437 0.243750 0.154688 0.289583 0.115625 0.306250 0.089063 0.289583 0.062500 0.312500 0.051562 0.287500 0.026562 0.291667 0.021875 0.316667 0.000000 0.310417 0.000000 0.362500 0.093750 0.377083 0.143750 0.402083 0.189062 0.402083 0.212500 0.368750
8 0.031250 0.229167 0.029687 0.233333 0.029687 0.241667 0.031250 0.243750 0.031250 0.250000 0.034375 0.252083 0.034375 0.262500 0.037500 0.264583 0.037500 0.279167 0.040625 0.281250 0.042188 0.277083 0.045312 0.277083 0.045312 0.254167 0.043750 0.250000 0.040625 0.247917 0.039062 0.239583 0.032813 0.231250 0.032813 0.229167
8 0.871875 0.204167 0.865625 0.220833 0.857812 0.212500 0.854688 0.252083 0.804688 0.352083 0.800000 0.408333 0.782813 0.381250 0.770312 0.383333 0.784375 0.408333 0.776563 0.450000 0.884375 0.450000 0.895312 0.379167
8 0.679688 0.185417 0.668750 0.197917 0.660937 0.187500 0.657813 0.218750 0.625000 0.291667 0.620313 0.339583 0.632812 0.395833 0.651563 0.416667 0.653125 0.441667 0.662500 0.450000 0.681250 0.437500 0.712500 0.370833 0.720313 0.320833 0.707812 0.245833 0.693750 0.245833 0.692187 0.212500 0.687500 0.218750
10 0.000000 0.000000 0.046875 0.272917 0.178125 0.241667 0.215625 0.310417 0.284375 0.166667 0.221875 0.308333 0.373437 0.356250 0.403125 0.289583 0.448437 0.452083 0.464062 0.372917 0.621875 0.318750 0.660937 0.185417 0.796875 0.408333 0.871875 0.202083 0.890625 0.360417 0.998437 0.000000
13 0.535937 0.470833 0.531250 0.470833 0.526563 0.475000 0.525000 0.479167 0.521875 0.479167 0.520312 0.483333 0.510938 0.483333 0.507812 0.491667 0.507812 0.502083 0.512500 0.502083 0.514062 0.506250 0.518750 0.508333 0.535937 0.506250
13 0.406250 0.466667 0.406250 0.472917 0.404687 0.475000 0.406250 0.481250 0.435937 0.481250 0.434375 0.475000 0.429688 0.472917 0.428125 0.468750 0.423438 0.468750 0.421875 0.466667 0.417187 0.466667 0.415625 0.464583 0.412500 0.466667 0.410938 0.464583 0.409375 0.466667
13 0.176563 0.404167 0.187500 0.410417 0.178125 0.443750 0.178125 0.495833 0.187500 0.512500 0.262500 0.506250 0.292187 0.522917 0.300000 0.500000 0.329688 0.506250 0.332813 0.387500 0.295312 0.368750 0.215625 0.364583 0.189062 0.404167