0 0.000000 0.539583 0.000000 0.997917 0.728125 0.997917 0.418750 0.475000 0.250000 0.452083 0.225000 0.522917 0.125000 0.514583 0.064062 0.570833
1 0.425000 0.479167 0.726562 0.995833 0.998437 0.997917 0.996875 0.822917 0.804688 0.739583
2 0.539062 0.370833 0.510938 0.393750 0.506250 0.406250 0.512500 0.414583 0.521875 0.400000 0.534375 0.418750 0.537500 0.414583 0.543750 0.427083 0.539062 0.462500 0.560937 0.464583 0.559375 0.439583 0.545312 0.414583 0.537500 0.387500
2 0.292187 0.322917 0.292187 0.329167 0.293750 0.329167 0.296875 0.335417 0.303125 0.339583 0.304688 0.343750 0.309375 0.339583 0.320312 0.339583 0.325000 0.335417 0.325000 0.331250 0.318750 0.331250 0.315625 0.327083 0.303125 0.325000 0.301563 0.320833 0.293750 0.325000
2 0.623437 0.306250 0.592187 0.327083 0.606250 0.362500 0.604688 0.393750 0.571875 0.466667 0.664062 0.464583 0.676562 0.456250 0.681250 0.414583
2 0.801562 0.087500 0.698438 0.320833 0.700000 0.475000 0.793750 0.485417 0.798438 0.460417 0.840625 0.460417 0.998437 0.516667 0.998437 0.166667
2 0.000000 0.000000 0.000000 0.210417 0.131250 0.245833 0.087500 0.004167
3 0.798438 0.462500 0.779687 0.712500 0.804688 0.737500 0.825000 0.741667 0.837500 0.714583 0.862500 0.477083 0.840625 0.462500
3 0.639062 0.462500 0.635938 0.470833 0.632812 0.527083 0.640625 0.527083 0.646875 0.539583 0.646875 0.570833 0.651563 0.552083 0.654687 0.502083 0.657813 0.500000 0.660937 0.466667
4 0.862500 0.479167 0.839063 0.714583 0.826562 0.741667 0.998437 0.822917 0.998437 0.518750
4 0.451562 0.466667 0.459375 0.491667 0.481250 0.470833 0.489063 0.516667 0.689063 0.637500 0.782813 0.722917 0.793750 0.487500 0.662500 0.466667 0.646875 0.572917 0.637500 0.464583
5 0.303125 0.237500 0.270313 0.250000 0.262500 0.262500 0.250000 0.450000 0.264062 0.266667 0.273438 0.252083 0.307812 0.241667
8 0.415625 0.400000 0.421875 0.477083 0.450000 0.481250 0.450000 0.466667 0.464062 0.460417 0.537500 0.462500 0.542188 0.427083 0.521875 0.402083 0.507812 0.412500 0.501563 0.375000 0.484375 0.406250 0.476562 0.395833 0.465625 0.400000 0.465625 0.364583 0.459375 0.383333 0.451562 0.370833 0.435937 0.372917
8 0.707812 0.345833 0.700000 0.352083 0.690625 0.381250 0.678125 0.400000 0.682813 0.414583 0.676562 0.435417 0.678125 0.456250 0.667188 0.458333 0.664062 0.466667 0.670312 0.475000 0.698438 0.475000
8 0.214062 0.291667 0.214062 0.295833 0.225000 0.304167 0.243750 0.329167 0.248438 0.347917 0.250000 0.377083 0.256250 0.295833 0.250000 0.310417 0.237500 0.312500 0.223438 0.293750
8 0.264062 0.287500 0.254688 0.445833 0.284375 0.341667 0.285938 0.383333 0.342187 0.400000 0.342187 0.456250 0.365625 0.464583 0.373437 0.408333 0.370312 0.464583 0.410938 0.462500 0.403125 0.408333 0.384375 0.393750 0.392188 0.352083 0.379688 0.291667 0.346875 0.354167 0.343750 0.337500 0.304688 0.345833 0.290625 0.329167 0.301563 0.310417
8 0.582812 0.279167 0.575000 0.289583 0.568750 0.281250 0.568750 0.300000 0.546875 0.339583 0.539062 0.383333 0.546875 0.414583 0.560937 0.439583 0.564063 0.466667 0.570312 0.464583 0.603125 0.393750 0.604688 0.362500 0.598437 0.337500 0.587500 0.325000 0.589063 0.302083 0.585938 0.308333
8 0.151562 0.227083 0.151562 0.231250 0.145313 0.239583 0.146875 0.243750 0.145313 0.247917 0.157812 0.250000 0.162500 0.256250 0.178125 0.262500 0.179688 0.266667 0.185938 0.268750 0.184375 0.256250 0.181250 0.247917 0.178125 0.245833 0.178125 0.239583 0.173437 0.235417 0.170313 0.227083 0.162500 0.229167 0.160938 0.222917 0.156250 0.222917
10 0.085938 0.000000 0.132812 0.245833 0.240625 0.310417 0.306250 0.237500 0.264062 0.285417 0.346875 0.352083 0.379688 0.289583 0.414062 0.443750 0.425000 0.379167 0.514062 0.391667 0.581250 0.277083 0.676562 0.402083 0.804688 0.083333 0.998437 0.164583 0.998437 0.000000
13 0.273438 0.383333 0.259375 0.410417 0.254688 0.447917 0.257812 0.472917 0.307812 0.475000 0.315625 0.485417 0.321875 0.485417 0.325000 0.475000 0.334375 0.481250 0.340625 0.464583 0.340625 0.400000 0.310937 0.387500
13 0.000000 0.212500 0.000000 0.537500 0.039062 0.564583 0.087500 0.566667 0.125000 0.512500 0.200000 0.497917 0.207813 0.518750 0.231250 0.514583 0.248438 0.452083 0.239063 0.322917 0.157812 0.252083