0 0.000000 0.531250 0.000000 0.997917 0.720313 0.997917 0.409375 0.477083 0.248438 0.481250 0.132812 0.556250
1 0.412500 0.479167 0.721875 0.997917 0.998437 0.997917 0.998437 0.810417 0.714063 0.677083
2 0.521875 0.368750 0.493750 0.393750 0.490625 0.404167 0.504687 0.406250 0.525000 0.425000 0.521875 0.435417 0.523438 0.462500 0.543750 0.462500 0.537500 0.431250 0.528125 0.418750 0.520312 0.391667
2 0.278125 0.329167 0.281250 0.337500 0.284375 0.341667 0.287500 0.341667 0.289062 0.345833 0.293750 0.345833 0.298438 0.341667 0.307812 0.341667 0.310937 0.339583 0.309375 0.333333 0.304688 0.333333 0.303125 0.331250 0.293750 0.331250 0.292187 0.327083 0.284375 0.327083 0.282813 0.325000
2 0.600000 0.306250 0.571875 0.333333 0.582812 0.358333 0.584375 0.387500 0.551562 0.462500 0.617188 0.458333 0.635938 0.468750 0.653125 0.454167 0.656250 0.406250
2 0.753125 0.114583 0.665625 0.327083 0.667188 0.470833 0.737500 0.454167 0.998437 0.529167 0.998437 0.208333
2 0.000000 0.000000 0.000000 0.268750 0.046875 0.254167 0.121875 0.270833 0.082812 0.000000
3 0.617188 0.460417 0.598437 0.460417 0.600000 0.506250 0.606250 0.487500 0.609375 0.493750 0.607812 0.556250 0.610938 0.504167 0.618750 0.475000
3 0.712500 0.458333 0.700000 0.660417 0.714063 0.675000 0.742188 0.679167 0.760938 0.466667
4 0.762500 0.468750 0.743750 0.679167 0.998437 0.808333 0.998437 0.531250
4 0.437500 0.464583 0.446875 0.491667 0.464062 0.468750 0.464062 0.506250 0.700000 0.656250 0.712500 0.477083 0.620313 0.464583 0.607812 0.558333 0.596875 0.462500
8 0.401562 0.395833 0.406250 0.475000 0.434375 0.481250 0.437500 0.462500 0.467187 0.466667 0.470313 0.456250 0.523438 0.460417 0.523438 0.425000 0.489063 0.404167 0.487500 0.375000 0.481250 0.375000 0.470313 0.404167 0.462500 0.395833 0.451562 0.400000 0.451562 0.362500 0.445312 0.383333 0.437500 0.370833 0.418750 0.372917
8 0.673438 0.360417 0.656250 0.393750 0.654687 0.454167 0.643750 0.458333 0.637500 0.468750 0.665625 0.470833
8 0.254688 0.291667 0.253125 0.383333 0.267188 0.387500 0.270313 0.356250 0.270313 0.385417 0.328125 0.400000 0.331250 0.460417 0.353125 0.464583 0.356250 0.418750 0.357812 0.464583 0.396875 0.464583 0.389062 0.410417 0.370312 0.393750 0.378125 0.366667 0.364063 0.293750 0.331250 0.354167 0.329688 0.339583 0.289062 0.347917 0.276562 0.331250 0.285938 0.312500
8 0.245312 0.339583 0.248438 0.289583 0.243750 0.297917 0.239063 0.300000 0.237500 0.312500 0.221875 0.316667 0.212500 0.302083 0.206250 0.297917 0.198437 0.297917 0.221875 0.318750 0.228125 0.320833 0.243750 0.341667
8 0.559375 0.287500 0.553125 0.293750 0.548438 0.289583 0.546875 0.308333 0.534375 0.322917 0.521875 0.375000 0.526563 0.410417 0.539062 0.431250 0.545312 0.462500 0.550000 0.462500 0.582812 0.387500 0.581250 0.358333 0.571875 0.329167 0.567187 0.329167 0.567187 0.308333 0.562500 0.306250
8 0.131250 0.233333 0.131250 0.241667 0.128125 0.243750 0.128125 0.252083 0.125000 0.254167 0.123438 0.270833 0.153125 0.281250 0.173437 0.281250 0.168750 0.272917 0.160938 0.243750 0.154688 0.237500 0.153125 0.231250 0.146875 0.229167 0.145313 0.233333 0.142187 0.227083 0.139063 0.227083
10 0.081250 0.002083 0.125000 0.252083 0.228125 0.314583 0.295312 0.247917 0.253125 0.287500 0.331250 0.352083 0.364063 0.291667 0.403125 0.443750 0.418750 0.370833 0.496875 0.391667 0.557813 0.285417 0.654687 0.397917 0.753125 0.112500 0.998437 0.206250 0.998437 0.000000
13 0.000000 0.275000 0.000000 0.529167 0.132812 0.554167 0.164062 0.508333 0.210938 0.500000 0.232813 0.518750 0.248438 0.479167 0.326562 0.479167 0.326562 0.400000 0.260937 0.391667 0.235937 0.331250 0.179688 0.285417 0.046875 0.256250