0 0.000000 0.562500 0.000000 0.997917 0.910937 0.997917 0.646875 0.779167 0.454688 0.483333 0.200000 0.475000 0.232813 0.506250
1 0.456250 0.483333 0.646875 0.777083 0.726562 0.820833 0.829688 0.964583 0.998437 0.997917 0.998437 0.614583 0.617188 0.568750
1 0.231250 0.500000 0.110937 0.468750 0.089063 0.485417 0.000000 0.493750 0.000000 0.560417 0.210938 0.514583
1 0.200000 0.466667 0.206250 0.475000 0.309375 0.487500 0.390625 0.483333
1 0.146875 0.460417 0.146875 0.466667 0.165625 0.466667 0.170313 0.470833 0.193750 0.472917 0.193750 0.464583 0.189062 0.462500 0.170313 0.464583 0.168750 0.460417
2 0.998437 0.000000 0.809375 0.152083 0.790625 0.118750 0.759375 0.195833 0.756250 0.150000 0.748437 0.204167 0.604688 0.337500 0.609375 0.439583 0.575000 0.443750 0.634375 0.485417 0.709375 0.458333 0.760938 0.493750 0.998437 0.512500
3 0.323437 0.458333 0.323437 0.477083 0.381250 0.477083 0.382812 0.460417 0.367188 0.456250 0.365625 0.452083 0.356250 0.452083 0.354687 0.447917 0.335938 0.445833 0.328125 0.450000
3 0.270313 0.466667 0.289062 0.462500 0.295312 0.466667 0.310937 0.464583 0.314063 0.441667 0.312500 0.437500 0.279687 0.433333 0.282813 0.447917 0.278125 0.460417
4 0.521875 0.468750 0.518750 0.508333 0.617188 0.566667 0.650000 0.566667 0.648438 0.537500 0.670312 0.545833 0.654687 0.568750 0.998437 0.612500 0.998437 0.514583 0.765625 0.493750 0.776563 0.556250 0.754687 0.581250 0.728125 0.472917
4 0.201563 0.416667 0.201563 0.464583 0.264062 0.466667 0.270313 0.470833 0.268750 0.464583 0.275000 0.462500 0.281250 0.447917 0.275000 0.431250 0.268750 0.433333 0.259375 0.427083
4 0.178125 0.416667 0.178125 0.429167 0.175000 0.431250 0.176563 0.437500 0.176563 0.460417 0.189062 0.460417 0.193750 0.462500 0.195312 0.422917 0.196875 0.418750
4 0.157812 0.410417 0.159375 0.414583 0.159375 0.435417 0.156250 0.437500 0.157812 0.443750 0.154688 0.450000 0.157812 0.456250 0.154688 0.458333 0.168750 0.458333 0.170313 0.414583 0.160938 0.414583 0.159375 0.410417
4 0.000000 0.385417 0.000000 0.491667 0.106250 0.477083 0.114062 0.454167 0.107813 0.427083 0.110937 0.406250
5 0.146875 0.302083 0.140625 0.475000 0.145313 0.475000 0.146875 0.312500 0.150000 0.310417
5 0.206250 0.291667 0.198437 0.310417 0.201563 0.360417 0.195312 0.493750 0.209375 0.306250
5 0.179688 0.279167 0.170313 0.462500 0.175000 0.462500
8 0.000000 0.200000 0.000000 0.383333 0.098437 0.404167 0.067187 0.316667 0.146875 0.300000 0.170313 0.412500 0.179688 0.277083 0.178125 0.414583 0.206250 0.289583 0.201563 0.414583 0.314063 0.437500 0.279687 0.475000 0.382812 0.458333 0.390625 0.397917 0.390625 0.460417 0.510938 0.502083 0.607812 0.439583 0.585938 0.314583 0.543750 0.412500 0.510938 0.333333 0.467187 0.356250 0.453125 0.452083 0.390625 0.239583 0.368750 0.325000 0.201563 0.187500
10 0.000000 0.197917 0.201563 0.185417 0.368750 0.322917 0.390625 0.237500 0.453125 0.450000 0.471875 0.350000 0.510938 0.331250 0.543750 0.410417 0.575000 0.316667 0.598437 0.350000 0.756250 0.147917 0.759375 0.193750 0.978125 0.000000 0.000000 0.000000
13 0.642188 0.545833 0.643750 0.550000 0.643750 0.556250 0.646875 0.562500 0.651563 0.566667 0.657813 0.566667 0.660937 0.564583 0.662500 0.560417 0.665625 0.560417 0.667188 0.556250 0.667188 0.550000 0.668750 0.547917 0.667188 0.543750 0.664062 0.550000 0.662500 0.547917 0.653125 0.550000 0.648438 0.539583 0.646875 0.539583 0.645312 0.543750
13 0.390625 0.470833 0.392188 0.483333 0.407813 0.483333 0.412500 0.487500 0.417187 0.481250 0.425000 0.481250 0.426563 0.483333 0.428125 0.481250 0.435937 0.481250 0.437500 0.472917 0.429688 0.470833 0.426563 0.466667 0.414062 0.468750 0.409375 0.462500 0.396875 0.462500
13 0.648438 0.481250 0.720313 0.479167 0.728125 0.470833 0.740625 0.487500 0.739062 0.506250 0.748437 0.531250 0.742188 0.545833 0.745313 0.572917 0.764062 0.577083 0.775000 0.556250 0.775000 0.529167 0.745313 0.468750 0.671875 0.462500
14 0.557813 0.445833 0.557813 0.470833 0.592187 0.477083 0.604688 0.477083 0.606250 0.472917 0.604688 0.456250 0.606250 0.452083 0.603125 0.445833 0.587500 0.452083 0.575000 0.445833 0.573438 0.441667 0.560937 0.441667
15 0.148438 0.358333 0.146875 0.450000 0.154688 0.447917 0.156250 0.443750 0.154688 0.437500 0.157812 0.435417 0.154688 0.364583 0.151562 0.358333
15 0.068750 0.316667 0.070312 0.331250 0.089063 0.343750 0.101562 0.362500 0.103125 0.400000 0.112500 0.406250 0.112500 0.450000 0.139063 0.454167 0.142187 0.333333 0.120313 0.322917