0 0.828125 0.687500 0.875000 0.722917 0.856250 0.758333 0.840625 0.760417 0.835938 0.793750 0.873437 0.825000 0.865625 0.766667 0.918750 0.779167 0.943750 0.802083 0.954688 0.875000 0.998437 0.900000 0.998437 0.737500 0.956250 0.747917
0 0.000000 0.560417 0.000000 0.997917 0.998437 0.997917 0.996875 0.937500 0.962500 0.995833 0.848437 0.847917 0.646875 0.775000 0.454688 0.485417 0.225000 0.477083 0.251563 0.506250
1 0.892188 0.747917 0.906250 0.764583 0.906250 0.768750 0.915625 0.768750 0.932813 0.783333 0.940625 0.781250 0.934375 0.768750 0.926562 0.764583 0.931250 0.758333 0.926562 0.750000 0.920312 0.747917 0.918750 0.741667 0.910937 0.739583 0.906250 0.733333 0.901563 0.733333 0.898438 0.741667
1 0.456250 0.485417 0.646875 0.772917 0.848437 0.845833 0.943750 0.981250 0.990625 0.977083 0.956250 0.960417 0.998437 0.902083 0.953125 0.875000 0.942187 0.802083 0.834375 0.793750 0.873437 0.722917 0.828125 0.685417 0.998437 0.735417 0.896875 0.660417 0.892188 0.597917 0.601562 0.562500
1 0.251563 0.495833 0.145313 0.468750 0.139063 0.481250 0.000000 0.493750 0.000000 0.558333 0.234375 0.510417
1 0.225000 0.466667 0.225000 0.475000 0.326562 0.487500 0.395313 0.483333
2 0.092188 0.325000 0.096875 0.333333 0.092188 0.339583 0.121875 0.350000 0.135937 0.372917 0.139063 0.406250 0.145313 0.410417 0.146875 0.456250 0.165625 0.456250 0.168750 0.381250 0.162500 0.343750 0.148438 0.333333
2 0.967187 0.025000 0.793750 0.170833 0.776563 0.139583 0.746875 0.210417 0.742188 0.166667 0.739062 0.216667 0.600000 0.343750 0.604688 0.443750 0.554688 0.445833 0.554688 0.472917 0.689063 0.462500 0.740625 0.506250 0.903125 0.506250 0.953125 0.387500 0.998437 0.377083 0.998437 0.083333
3 0.328125 0.466667 0.328125 0.477083 0.385937 0.477083 0.385937 0.462500 0.373437 0.456250 0.367188 0.456250 0.365625 0.452083 0.356250 0.452083 0.354687 0.447917 0.335938 0.447917
3 0.000000 0.375000 0.001563 0.491667 0.020313 0.491667 0.025000 0.485417 0.025000 0.391667 0.032813 0.383333 0.020313 0.375000
4 0.740625 0.508333 0.748437 0.525000 0.742188 0.575000 0.895312 0.591667 0.900000 0.504167 0.787500 0.489583 0.748437 0.495833
4 0.701562 0.477083 0.696875 0.554167 0.693750 0.558333 0.650000 0.554167 0.646875 0.560417 0.720313 0.570833 0.715625 0.560417 0.701562 0.564583 0.698438 0.558333
4 0.623437 0.556250 0.607812 0.547917 0.614062 0.487500 0.610938 0.466667 0.603125 0.483333 0.520312 0.470833 0.517188 0.508333 0.546875 0.529167 0.595313 0.543750 0.601562 0.560417 0.614062 0.552083
4 0.226562 0.420833 0.225000 0.464583 0.293750 0.475000 0.295312 0.470833 0.314063 0.468750 0.317188 0.462500 0.318750 0.439583
4 0.192188 0.418750 0.190625 0.427083 0.190625 0.462500 0.218750 0.464583 0.220312 0.420833
4 0.171875 0.416667 0.171875 0.458333 0.175000 0.460417 0.184375 0.460417 0.184375 0.456250 0.185938 0.454167 0.185938 0.416667 0.184375 0.414583
4 0.026562 0.391667 0.026562 0.485417 0.021875 0.491667 0.142187 0.475000 0.143750 0.410417 0.117188 0.410417 0.034375 0.385417
5 0.173437 0.314583 0.170313 0.314583 0.170313 0.345833 0.167187 0.347917 0.170313 0.381250 0.167187 0.383333 0.165625 0.427083 0.167187 0.475000
5 0.229687 0.308333 0.223438 0.316667 0.226562 0.350000 0.220312 0.489583 0.228125 0.347917 0.232813 0.325000
5 0.195312 0.287500 0.185938 0.462500 0.189062 0.462500
7 0.135937 0.312500 0.135937 0.320833 0.142187 0.320833 0.143750 0.322917 0.156250 0.322917 0.157812 0.325000 0.168750 0.325000 0.168750 0.314583 0.162500 0.314583 0.160938 0.312500
8 0.000000 0.206250 0.000000 0.372917 0.131250 0.410417 0.090625 0.325000 0.167187 0.364583 0.134375 0.312500 0.173437 0.312500 0.185938 0.414583 0.195312 0.285417 0.192188 0.416667 0.229687 0.306250 0.226562 0.418750 0.318750 0.437500 0.295312 0.475000 0.387500 0.460417 0.396875 0.397917 0.390625 0.475000 0.507812 0.502083 0.603125 0.443750 0.582812 0.322917 0.542188 0.408333 0.471875 0.356250 0.443750 0.450000 0.398438 0.247917 0.371875 0.329167 0.215625 0.200000
10 0.000000 0.200000 0.215625 0.197917 0.371875 0.327083 0.398438 0.245833 0.454688 0.452083 0.476562 0.350000 0.542188 0.406250 0.776563 0.137500 0.964063 0.020833 0.998437 0.081250 0.998437 0.000000 0.000000 0.000000
13 0.746875 0.525000 0.715625 0.468750 0.656250 0.466667 0.612500 0.489583 0.609375 0.547917 0.635938 0.562500 0.650000 0.552083 0.693750 0.556250 0.701562 0.475000 0.701562 0.562500 0.715625 0.558333 0.721875 0.570833 0.737500 0.570833 0.746875 0.554167
13 0.395313 0.468750 0.395313 0.481250 0.396875 0.485417 0.410938 0.483333 0.414062 0.487500 0.417187 0.487500 0.420312 0.481250 0.426563 0.481250 0.428125 0.483333 0.439063 0.481250 0.439063 0.477083 0.435937 0.472917 0.431250 0.472917 0.428125 0.468750 0.417187 0.468750 0.412500 0.464583 0.396875 0.464583
13 0.998437 0.379167 0.954688 0.387500 0.953125 0.410417 0.937500 0.425000 0.898438 0.527083 0.892188 0.647917 0.951562 0.714583 0.998437 0.704167