0 0.000000 0.564583 0.000000 0.997917 0.775000 0.997917 0.559375 0.647917 0.700000 0.597917 0.653125 0.550000 0.279687 0.481250
1 0.559375 0.639583 0.656250 0.797917 0.707812 0.837500 0.773438 0.995833 0.998437 0.997917 0.982812 0.785417 0.751563 0.664583 0.748437 0.610417 0.715625 0.608333 0.673438 0.550000 0.701562 0.597917 0.667188 0.608333 0.662500 0.639583
1 0.459375 0.489583 0.501563 0.550000 0.525000 0.550000 0.548438 0.537500 0.564063 0.552083 0.617188 0.572917 0.637500 0.550000 0.617188 0.541667 0.581250 0.545833 0.571875 0.537500 0.562500 0.545833 0.557813 0.535417 0.531250 0.527083 0.506250 0.504167
1 0.279687 0.472917 0.279687 0.479167 0.335938 0.487500 0.401562 0.487500 0.400000 0.483333 0.287500 0.477083
1 0.298438 0.493750 0.256250 0.483333 0.273438 0.472917 0.251563 0.468750 0.187500 0.487500 0.000000 0.493750 0.000000 0.562500
2 0.153125 0.362500 0.154688 0.366667 0.160938 0.366667 0.164062 0.370833 0.201563 0.377083 0.203125 0.381250 0.210938 0.383333 0.207813 0.364583 0.196875 0.358333 0.185938 0.358333 0.182812 0.354167 0.157812 0.354167 0.157812 0.358333 0.164062 0.358333 0.167187 0.362500
2 0.000000 0.197917 0.000000 0.220833 0.004687 0.225000 0.029687 0.225000 0.042188 0.231250 0.043750 0.235417 0.056250 0.237500 0.035937 0.220833 0.037500 0.214583 0.034375 0.204167 0.025000 0.202083 0.023438 0.208333 0.018750 0.210417
2 0.953125 0.279167 0.862500 0.120833 0.740625 0.225000 0.725000 0.200000 0.704688 0.256250 0.701562 0.218750 0.692187 0.266667 0.578125 0.375000 0.587500 0.450000 0.543750 0.477083 0.654687 0.475000 0.681250 0.554167 0.704688 0.452083 0.739062 0.437500 0.776563 0.279167 0.870313 0.241667
3 0.281250 0.437500 0.279687 0.470833 0.293750 0.462500 0.310937 0.462500 0.335938 0.479167 0.351562 0.479167 0.353125 0.468750 0.354687 0.479167 0.392188 0.479167 0.392188 0.466667 0.357812 0.452083 0.343750 0.466667 0.340625 0.447917
3 0.035937 0.420833 0.031250 0.425000 0.031250 0.454167 0.025000 0.456250 0.023438 0.460417 0.023438 0.477083 0.026562 0.481250 0.029687 0.477083 0.031250 0.485417 0.035937 0.485417 0.037500 0.481250 0.037500 0.431250
3 0.148438 0.406250 0.146875 0.412500 0.150000 0.418750 0.151562 0.441667 0.150000 0.466667 0.151562 0.485417 0.160938 0.485417 0.162500 0.483333 0.160938 0.429167 0.167187 0.412500
3 0.014063 0.377083 0.014063 0.381250 0.020313 0.385417 0.020313 0.393750 0.028125 0.395833 0.031250 0.400000 0.032813 0.408333 0.035937 0.406250 0.035937 0.400000 0.040625 0.397917 0.045312 0.387500 0.051562 0.387500 0.051562 0.385417 0.039062 0.383333 0.034375 0.379167 0.015625 0.379167
4 0.514062 0.475000 0.510938 0.508333 0.515625 0.514583 0.539062 0.529167 0.551562 0.529167 0.562500 0.543750 0.567187 0.543750 0.568750 0.497917 0.579688 0.491667 0.581250 0.485417
4 0.762500 0.479167 0.750000 0.660417 0.998437 0.800000 0.998437 0.452083 0.960938 0.456250 0.945312 0.437500 0.939063 0.456250 0.795312 0.458333
4 0.229687 0.429167 0.229687 0.466667 0.251563 0.466667 0.253125 0.470833 0.270313 0.470833 0.271875 0.458333 0.260937 0.431250
4 0.162500 0.429167 0.162500 0.485417 0.217188 0.481250 0.223438 0.468750 0.223438 0.427083 0.171875 0.420833 0.168750 0.414583
4 0.000000 0.385417 0.000000 0.491667 0.150000 0.485417 0.145313 0.408333 0.128125 0.414583 0.081250 0.406250 0.045312 0.389583 0.032813 0.410417 0.012500 0.379167
5 0.229687 0.356250 0.226562 0.358333 0.225000 0.475000 0.228125 0.472917 0.231250 0.397917
5 0.282813 0.347917 0.279687 0.350000 0.276562 0.489583 0.281250 0.383333 0.285938 0.368750 0.285938 0.352083
8 0.575000 0.339583 0.562500 0.343750 0.554688 0.375000 0.545312 0.368750 0.543750 0.397917 0.514062 0.391667 0.510938 0.350000 0.506250 0.375000 0.493750 0.360417 0.464062 0.375000 0.451562 0.412500 0.460938 0.487500 0.473438 0.495833 0.476562 0.477083 0.478125 0.495833 0.509375 0.506250 0.514062 0.472917 0.542188 0.477083 0.543750 0.454167 0.585938 0.450000 0.587500 0.385417 0.575000 0.387500 0.582812 0.370833
8 0.996875 0.281250 0.982812 0.266667 0.939063 0.285417 0.879687 0.243750 0.776563 0.281250 0.753125 0.331250 0.764062 0.341667 0.756250 0.375000 0.740625 0.383333 0.750000 0.493750 0.795312 0.456250 0.939063 0.454167 0.945312 0.435417 0.960938 0.454167 0.998437 0.450000
8 0.000000 0.222917 0.003125 0.385417 0.225000 0.427083 0.225000 0.358333 0.200000 0.347917 0.229687 0.345833 0.231250 0.427083 0.275000 0.435417 0.282813 0.345833 0.281250 0.435417 0.392188 0.464583 0.396875 0.412500 0.396875 0.481250 0.450000 0.470833 0.401562 0.264583 0.375000 0.337500 0.243750 0.233333 0.167187 0.250000 0.129688 0.208333 0.101562 0.268750
10 0.000000 0.000000 0.000000 0.195833 0.101562 0.266667 0.129688 0.206250 0.375000 0.335417 0.401562 0.262500 0.445312 0.454167 0.471875 0.364583 0.543750 0.395833 0.862500 0.118750 0.998437 0.318750 0.998437 0.000000
13 0.570312 0.497917 0.568750 0.531250 0.581250 0.543750 0.634375 0.541667 0.659375 0.554167 0.676562 0.545833 0.676562 0.516667 0.654687 0.477083 0.612500 0.472917
13 0.401562 0.479167 0.403125 0.487500 0.418750 0.487500 0.420312 0.491667 0.421875 0.487500 0.440625 0.485417 0.443750 0.481250 0.446875 0.483333 0.446875 0.475000 0.443750 0.472917 0.442188 0.479167 0.437500 0.479167 0.431250 0.470833 0.410938 0.468750 0.409375 0.466667 0.404687 0.468750
13 0.720313 0.441667 0.706250 0.452083 0.690625 0.489583 0.682813 0.570833 0.700000 0.581250 0.715625 0.606250 0.731250 0.608333 0.750000 0.600000 0.754687 0.502083 0.748437 0.493750 0.750000 0.472917 0.737500 0.441667