0 0.000000 0.541667 0.000000 0.997917 0.837500 0.997917 0.454688 0.485417 0.134375 0.458333 0.179688 0.502083
0 0.085938 0.447917 0.087500 0.462500 0.103125 0.464583 0.104688 0.466667 0.114062 0.466667 0.115625 0.468750 0.123438 0.468750 0.125000 0.470833 0.126562 0.468750 0.126562 0.458333 0.121875 0.456250 0.109375 0.456250 0.107813 0.452083 0.096875 0.452083 0.095312 0.450000
0 0.018750 0.443750 0.020313 0.447917 0.037500 0.450000 0.039062 0.454167 0.079687 0.460417 0.079687 0.447917 0.075000 0.445833 0.035937 0.445833 0.034375 0.441667 0.021875 0.439583
1 0.456250 0.487500 0.634375 0.762500 0.834375 0.995833 0.998437 0.997917 0.996875 0.658333 0.676562 0.614583 0.664062 0.581250
1 0.000000 0.539583 0.146875 0.516667 0.175000 0.506250 0.178125 0.493750 0.134375 0.472917 0.128125 0.491667 0.123438 0.470833 0.018750 0.450000 0.017188 0.466667 0.000000 0.466667
1 0.132812 0.456250 0.292187 0.483333 0.389062 0.483333 0.145313 0.447917
2 0.998437 0.018750 0.868750 0.127083 0.850000 0.087500 0.842187 0.147917 0.807813 0.175000 0.806250 0.122917 0.798438 0.183333 0.623437 0.333333 0.626563 0.487500 0.679688 0.491667 0.693750 0.462500 0.701562 0.493750 0.782813 0.472917 0.998437 0.525000
4 0.740625 0.520833 0.764062 0.550000 0.764062 0.581250 0.745313 0.581250 0.732812 0.612500 0.998437 0.658333 0.998437 0.527083 0.843750 0.500000 0.875000 0.579167 0.867188 0.618750 0.843750 0.631250 0.829688 0.612500 0.825000 0.497917 0.814063 0.525000 0.767188 0.500000
4 0.704688 0.606250 0.685937 0.593750 0.692187 0.527083 0.709375 0.514583 0.693750 0.464583 0.673438 0.495833 0.531250 0.472917 0.531250 0.520833 0.653125 0.579167 0.651563 0.541667 0.667188 0.518750 0.678125 0.552083 0.675000 0.610417
4 0.312500 0.458333 0.312500 0.475000 0.360938 0.475000 0.360938 0.468750 0.365625 0.464583 0.365625 0.452083 0.362500 0.452083 0.360938 0.447917 0.346875 0.445833 0.335938 0.439583 0.328125 0.439583 0.318750 0.452083 0.315625 0.450000
4 0.145313 0.393750 0.142187 0.441667 0.146875 0.447917 0.303125 0.470833 0.300000 0.425000
4 0.123438 0.391667 0.121875 0.395833 0.123438 0.402083 0.120313 0.404167 0.118750 0.410417 0.115625 0.410417 0.117188 0.412500 0.117188 0.422917 0.120313 0.425000 0.118750 0.443750 0.126562 0.443750 0.128125 0.439583 0.126562 0.429167 0.129688 0.427083 0.129688 0.397917
4 0.014063 0.362500 0.000000 0.364583 0.000000 0.464583 0.009375 0.466667 0.017188 0.464583 0.018750 0.447917 0.014063 0.397917 0.017188 0.375000
5 0.092188 0.254167 0.087500 0.254167 0.081250 0.462500 0.085938 0.462500
5 0.150000 0.233333 0.139063 0.241667 0.128125 0.489583 0.135937 0.445833 0.142187 0.447917 0.146875 0.306250 0.153125 0.279167
7 0.042188 0.247917 0.043750 0.254167 0.042188 0.258333 0.043750 0.260417 0.048438 0.258333 0.050000 0.262500 0.062500 0.260417 0.078125 0.266667 0.085938 0.266667 0.087500 0.262500 0.085938 0.258333 0.087500 0.256250 0.079687 0.252083
8 0.598437 0.312500 0.575000 0.356250 0.560937 0.354167 0.562500 0.402083 0.537500 0.435417 0.520312 0.420833 0.545312 0.414583 0.518750 0.383333 0.517188 0.333333 0.509375 0.364583 0.496875 0.345833 0.473438 0.352083 0.448437 0.412500 0.460938 0.483333 0.528125 0.508333 0.531250 0.470833 0.570312 0.477083 0.573438 0.445833 0.581250 0.466667 0.585938 0.445833 0.626563 0.445833 0.629687 0.410417
8 0.000000 0.302083 0.000000 0.362500 0.007812 0.362500 0.012500 0.360417 0.009375 0.316667 0.001563 0.302083
8 0.000000 0.158333 0.000000 0.285417 0.092188 0.252083 0.128125 0.395833 0.150000 0.231250 0.146875 0.393750 0.376563 0.477083 0.392188 0.393750 0.385937 0.477083 0.446875 0.468750 0.395313 0.229167 0.357812 0.331250 0.345313 0.241667 0.329688 0.275000 0.189062 0.154167
10 0.000000 0.156250 0.189062 0.152083 0.345313 0.239583 0.357812 0.329167 0.395313 0.227083 0.454688 0.452083 0.473438 0.350000 0.517188 0.331250 0.551562 0.418750 0.598437 0.310417 0.629687 0.408333 0.621875 0.333333 0.806250 0.120833 0.807813 0.172917 0.998437 0.000000 0.000000 0.000000
13 0.662500 0.520833 0.656250 0.529167 0.650000 0.564583 0.654687 0.579167 0.664062 0.579167 0.673438 0.595833 0.676562 0.552083 0.670312 0.545833 0.670312 0.529167 0.667188 0.520833
13 0.701562 0.502083 0.710938 0.514583 0.693750 0.527083 0.689063 0.595833 0.728125 0.610417 0.745313 0.579167 0.762500 0.581250 0.762500 0.550000 0.740625 0.539583 0.754687 0.497917 0.793750 0.502083 0.814063 0.522917 0.821875 0.493750 0.832812 0.618750 0.865625 0.618750 0.871875 0.568750 0.832812 0.487500 0.745313 0.475000
13 0.390625 0.466667 0.390625 0.483333 0.407813 0.483333 0.409375 0.487500 0.412500 0.487500 0.417187 0.481250 0.425000 0.483333 0.446875 0.481250 0.446875 0.470833 0.435937 0.472917 0.426563 0.466667 0.414062 0.468750 0.409375 0.460417 0.396875 0.460417
14 0.573438 0.447917 0.571875 0.477083 0.625000 0.487500 0.626563 0.447917 0.585938 0.447917 0.582812 0.450000 0.581250 0.468750 0.579688 0.447917
14 0.092188 0.291667 0.089063 0.408333 0.092188 0.418750 0.100000 0.418750 0.101562 0.404167 0.114062 0.402083 0.120313 0.368750 0.118750 0.337500 0.103125 0.320833 0.104688 0.302083
14 0.000000 0.287500 0.026562 0.358333 0.031250 0.402083 0.046875 0.422917 0.076563 0.416667 0.084375 0.289583 0.026562 0.275000 0.032813 0.279167 0.026562 0.289583
15 0.120313 0.383333 0.114062 0.404167 0.103125 0.404167 0.104688 0.410417 0.101562 0.412500 0.100000 0.420833 0.092188 0.420833 0.089063 0.410417 0.089063 0.439583 0.117188 0.443750 0.118750 0.425000 0.115625 0.422917 0.114062 0.410417 0.121875 0.402083
15 0.010937 0.320833 0.018750 0.375000 0.018750 0.437500 0.079687 0.445833 0.079687 0.410417 0.070312 0.422917 0.046875 0.425000 0.029687 0.402083 0.025000 0.358333