0 0.000000 0.564583 0.000000 0.997917 0.779687 0.997917 0.598437 0.704167 0.715625 0.610417 0.660937 0.552083 0.273438 0.481250 0.295312 0.500000
1 0.657813 0.562500 0.717187 0.610417 0.682813 0.662500 0.600000 0.704167 0.781250 0.997917 0.998437 0.997917 0.996875 0.791667 0.792188 0.685417 0.790625 0.631250 0.734375 0.614583 0.701562 0.558333
1 0.460938 0.489583 0.507812 0.554167 0.532813 0.550000 0.545312 0.537500 0.589063 0.558333 0.615625 0.554167 0.609375 0.550000 0.618750 0.543750 0.592187 0.550000 0.576562 0.539583 0.570312 0.545833 0.567187 0.535417 0.540625 0.529167 0.509375 0.504167
1 0.273438 0.477083 0.335938 0.487500 0.401562 0.487500 0.396875 0.481250 0.293750 0.477083 0.292187 0.472917 0.275000 0.472917
1 0.293750 0.493750 0.231250 0.466667 0.176563 0.487500 0.000000 0.493750 0.000000 0.562500
2 0.151562 0.350000 0.159375 0.358333 0.157812 0.362500 0.151562 0.362500 0.154688 0.362500 0.156250 0.366667 0.189062 0.372917 0.198437 0.377083 0.207813 0.387500 0.204687 0.364583 0.200000 0.358333 0.165625 0.350000
2 0.000000 0.195833 0.000000 0.220833 0.003125 0.220833 0.004687 0.225000 0.012500 0.225000 0.015625 0.220833 0.028125 0.220833 0.031250 0.225000 0.051562 0.233333 0.032813 0.220833 0.028125 0.200000 0.018750 0.195833 0.018750 0.206250 0.015625 0.208333
2 0.932813 0.197917 0.881250 0.106250 0.751563 0.216667 0.734375 0.191667 0.728125 0.237500 0.710938 0.250000 0.709375 0.212500 0.700000 0.260417 0.585938 0.362500 0.592187 0.450000 0.546875 0.454167 0.545312 0.477083 0.573438 0.483333 0.573438 0.516667 0.576562 0.481250 0.668750 0.475000 0.703125 0.558333 0.732812 0.443750 0.775000 0.433333 0.795312 0.308333
3 0.354687 0.454167 0.354687 0.479167 0.392188 0.479167 0.393750 0.464583 0.387500 0.464583 0.373437 0.456250 0.365625 0.456250 0.362500 0.452083
3 0.285938 0.437500 0.295312 0.441667 0.293750 0.460417 0.298438 0.466667 0.301563 0.466667 0.303125 0.456250 0.309375 0.452083 0.318750 0.462500 0.323437 0.475000 0.350000 0.479167 0.350000 0.460417 0.343750 0.462500 0.340625 0.447917 0.304688 0.441667 0.303125 0.437500
3 0.128125 0.404167 0.132812 0.416667 0.132812 0.429167 0.135937 0.431250 0.135937 0.485417 0.146875 0.485417 0.148438 0.458333 0.143750 0.435417 0.146875 0.429167 0.150000 0.406250
3 0.000000 0.372917 0.000000 0.491667 0.006250 0.491667 0.012500 0.475000 0.010937 0.439583 0.014063 0.393750 0.020313 0.387500 0.021875 0.379167
4 0.515625 0.475000 0.515625 0.510417 0.540625 0.527083 0.567187 0.533333 0.570312 0.543750 0.575000 0.543750 0.571875 0.483333 0.568750 0.479167
4 0.998437 0.454167 0.860938 0.460417 0.831250 0.508333 0.800000 0.500000 0.792188 0.683333 0.998437 0.791667
4 0.276562 0.441667 0.275000 0.450000 0.279687 0.456250 0.279687 0.462500 0.287500 0.466667 0.289062 0.470833 0.293750 0.470833 0.295312 0.475000 0.321875 0.475000 0.317188 0.462500 0.309375 0.454167 0.304688 0.456250 0.303125 0.466667 0.298438 0.468750 0.292187 0.460417 0.293750 0.441667 0.285938 0.441667 0.284375 0.437500 0.282813 0.441667 0.279687 0.437500
4 0.226562 0.429167 0.225000 0.464583 0.248438 0.466667 0.251563 0.470833 0.268750 0.470833 0.270313 0.435417 0.265625 0.431250
4 0.151562 0.408333 0.145313 0.435417 0.150000 0.458333 0.148438 0.485417 0.209375 0.481250 0.209375 0.470833 0.217188 0.464583 0.217188 0.433333 0.210938 0.414583 0.204687 0.422917 0.187500 0.422917 0.179688 0.416667 0.154688 0.414583
4 0.015625 0.393750 0.014063 0.475000 0.007812 0.491667 0.134375 0.485417 0.129688 0.410417
5 0.279687 0.343750 0.275000 0.345833 0.271875 0.491667
5 0.225000 0.343750 0.225000 0.350000 0.220312 0.354167 0.220312 0.475000 0.225000 0.460417 0.225000 0.420833 0.228125 0.418750 0.226562 0.381250 0.226562 0.395833 0.223438 0.395833
8 0.000000 0.222917 0.020313 0.389583 0.217188 0.431250 0.193750 0.341667 0.225000 0.341667 0.226562 0.427083 0.270313 0.433333 0.279687 0.341667 0.276562 0.435417 0.393750 0.462500 0.407813 0.402083 0.401562 0.477083 0.510938 0.506250 0.590625 0.450000 0.576562 0.337500 0.537500 0.400000 0.514062 0.347917 0.471875 0.366667 0.446875 0.454167 0.400000 0.260417 0.375000 0.333333 0.242188 0.229167 0.128125 0.206250 0.101562 0.268750
8 0.971875 0.175000 0.829688 0.264583 0.796875 0.308333 0.796875 0.362500 0.770312 0.404167 0.800000 0.497917 0.831250 0.506250 0.860938 0.458333 0.998437 0.452083 0.998437 0.235417 0.954688 0.204167
10 0.000000 0.000000 0.001563 0.195833 0.101562 0.266667 0.128125 0.204167 0.242188 0.227083 0.375000 0.331250 0.400000 0.258333 0.446875 0.452083 0.471875 0.364583 0.537500 0.397917 0.878125 0.104167 0.998437 0.233333 0.998437 0.000000
11 0.301563 0.843750 0.298438 0.847917 0.293750 0.847917 0.289062 0.843750 0.284375 0.847917 0.284375 0.850000 0.279687 0.854167 0.279687 0.860417 0.276562 0.862500 0.276562 0.866667 0.273438 0.868750 0.273438 0.872917 0.275000 0.875000 0.276562 0.872917 0.278125 0.877083 0.281250 0.879167 0.279687 0.881250 0.284375 0.883333 0.289062 0.881250 0.290625 0.872917 0.295312 0.866667 0.295312 0.862500 0.298438 0.860417 0.298438 0.852083 0.301563 0.850000
13 0.576562 0.500000 0.575000 0.533333 0.592187 0.547917 0.606250 0.547917 0.612500 0.539583 0.642188 0.547917 0.645312 0.533333 0.651563 0.552083 0.681250 0.556250 0.685937 0.550000 0.687500 0.520833 0.668750 0.477083 0.617188 0.472917
13 0.403125 0.475000 0.403125 0.487500 0.423438 0.487500 0.425000 0.485417 0.434375 0.487500 0.435937 0.485417 0.442188 0.485417 0.442188 0.479167 0.437500 0.477083 0.434375 0.470833 0.428125 0.470833 0.426563 0.468750 0.421875 0.470833 0.420312 0.468750 0.406250 0.466667
13 0.737500 0.441667 0.710938 0.502083 0.706250 0.581250 0.723437 0.591667 0.740625 0.616667 0.754687 0.620833 0.776563 0.610417 0.792188 0.620833 0.798438 0.477083 0.775000 0.439583