0 0.000000 0.608333 0.000000 0.997917 0.998437 0.997917 0.990625 0.872917 0.665625 0.562500 0.517188 0.560417 0.096875 0.395833 0.154688 0.529167
0 0.000000 0.347917 0.001563 0.393750 0.078125 0.427083 0.082812 0.381250 0.065625 0.375000 0.060937 0.383333 0.046875 0.385417 0.028125 0.364583 0.010937 0.360417
1 0.671875 0.570833 0.998437 0.881250 0.998437 0.779167 0.979688 0.752083 0.890625 0.702083 0.889062 0.677083
1 0.217188 0.433333 0.517188 0.558333 0.617188 0.564583 0.614062 0.550000 0.509375 0.539583
1 0.000000 0.393750 0.000000 0.606250 0.104688 0.568750 0.150000 0.535417 0.157812 0.504167 0.134375 0.458333 0.090625 0.435417 0.089063 0.454167 0.078125 0.456250 0.076563 0.427083
2 0.909375 0.572917 0.907813 0.583333 0.917188 0.585417 0.920312 0.600000 0.917188 0.616667 0.898438 0.629167 0.893750 0.683333 0.910937 0.693750 0.934375 0.641667 0.998437 0.658333 0.998437 0.581250
4 0.890625 0.677083 0.889062 0.689583 0.896875 0.704167 0.954688 0.731250 0.979688 0.750000 0.982812 0.764583 0.998437 0.768750 0.996875 0.658333 0.987500 0.662500 0.962500 0.645833 0.934375 0.643750 0.910937 0.695833
4 0.535937 0.493750 0.537500 0.531250 0.540625 0.533333 0.546875 0.527083 0.546875 0.539583 0.607812 0.547917 0.609375 0.529167 0.554688 0.497917 0.546875 0.489583
4 0.317188 0.391667 0.307812 0.462500 0.525000 0.537500 0.529687 0.516667 0.523438 0.504167 0.517188 0.514583 0.509375 0.506250 0.509375 0.468750
4 0.282813 0.379167 0.279687 0.383333 0.281250 0.418750 0.273438 0.433333 0.242188 0.431250 0.303125 0.462500 0.304688 0.433333 0.310937 0.395833 0.314063 0.393750 0.312500 0.387500
5 0.331250 0.114583 0.342187 0.202083 0.304688 0.462500 0.345313 0.195833
5 0.129688 0.060417 0.078125 0.454167 0.087500 0.454167 0.135937 0.075000
7 0.068750 0.060417 0.068750 0.070833 0.075000 0.077083 0.082812 0.075000 0.103125 0.083333 0.126562 0.083333 0.126562 0.062500 0.110937 0.062500 0.093750 0.056250 0.090625 0.060417 0.073438 0.054167
8 0.995313 0.422917 0.971875 0.408333 0.970313 0.362500 0.945312 0.364583 0.921875 0.425000 0.892188 0.437500 0.904687 0.506250 0.873437 0.485417 0.860938 0.525000 0.829688 0.535417 0.779687 0.466667 0.781250 0.404167 0.767188 0.441667 0.721875 0.416667 0.685937 0.456250 0.682813 0.568750 0.890625 0.675000 0.918750 0.600000 0.909375 0.570833 0.998437 0.579167
8 0.143750 0.058333 0.120313 0.206250 0.264062 0.245833 0.284375 0.377083 0.331250 0.112500 0.318750 0.387500 0.526563 0.516667 0.604688 0.522917 0.637500 0.445833 0.609375 0.547917 0.662500 0.545833 0.646875 0.279167 0.575000 0.404167 0.601562 0.283333 0.525000 0.156250 0.385937 0.162500 0.289062 0.052083 0.228125 0.112500
8 0.009375 0.000000 0.000000 0.012500 0.000000 0.250000 0.028125 0.262500 0.046875 0.295833 0.093750 0.260417 0.059375 0.245833 0.053125 0.222917 0.065625 0.193750 0.109375 0.202083 0.123438 0.087500 0.075000 0.079167 0.054688 0.037500
9 0.359375 0.483333 0.514062 0.537500 0.428125 0.508333 0.396875 0.489583
10 0.371875 0.177083 0.365625 0.172917 0.362500 0.177083 0.362500 0.179167 0.359375 0.181250 0.359375 0.183333 0.351562 0.195833 0.356250 0.195833 0.357812 0.200000 0.364063 0.200000 0.367188 0.202083 0.371875 0.189583
10 0.015625 0.000000 0.135937 0.089583 0.289062 0.050000 0.385937 0.160417 0.525000 0.154167 0.603125 0.283333 0.575000 0.402083 0.645312 0.270833 0.675000 0.529167 0.721875 0.414583 0.781250 0.402083 0.848437 0.525000 0.945312 0.362500 0.998437 0.445833 0.998437 0.000000
13 0.615625 0.545833 0.617188 0.552083 0.615625 0.560417 0.618750 0.564583 0.639062 0.570833 0.640625 0.575000 0.643750 0.575000 0.646875 0.562500 0.653125 0.564583 0.654687 0.560417 0.665625 0.560417 0.664062 0.554167 0.665625 0.550000 0.660937 0.547917 0.656250 0.550000 0.653125 0.543750 0.637500 0.535417 0.621875 0.535417
13 0.000000 0.252083 0.000000 0.345833 0.010937 0.358333 0.028125 0.362500 0.029687 0.366667 0.032813 0.364583 0.032813 0.337500 0.028125 0.331250 0.028125 0.318750 0.035937 0.300000 0.045312 0.297917 0.042188 0.283333 0.020313 0.258333
14 0.664062 0.541667 0.664062 0.545833 0.662500 0.547917 0.665625 0.547917 0.667188 0.550000 0.665625 0.554167 0.667188 0.556250 0.667188 0.564583 0.670312 0.564583 0.671875 0.568750 0.681250 0.568750 0.681250 0.543750 0.679688 0.543750 0.678125 0.539583 0.668750 0.539583 0.667188 0.541667
14 0.118750 0.208333 0.096875 0.393750 0.134375 0.395833 0.170313 0.431250 0.201563 0.414583 0.273438 0.431250 0.285938 0.304167 0.260937 0.277083 0.267188 0.252083 0.192188 0.208333 0.167187 0.206250 0.164062 0.227083
14 0.107813 0.206250 0.062500 0.200000 0.054688 0.237500 0.095312 0.260417 0.081250 0.264583 0.059375 0.295833 0.032813 0.306250 0.031250 0.368750 0.042188 0.381250 0.056250 0.383333 0.065625 0.372917 0.084375 0.381250
16 0.187500 0.425000 0.190625 0.429167 0.203125 0.429167 0.204687 0.431250 0.240625 0.429167 0.240625 0.427083 0.235937 0.425000 0.225000 0.425000 0.223438 0.420833 0.215625 0.420833 0.209375 0.416667 0.201563 0.416667 0.190625 0.425000