0 0.028125 0.416667 0.126562 0.497917 0.000000 0.539583 0.000000 0.997917 0.998437 0.997917 0.973437 0.793750 0.810937 0.739583 0.759375 0.833333 0.506250 0.504167
1 0.515625 0.510417 0.759375 0.831250 0.773438 0.747917 0.845313 0.737500 0.959375 0.779167 0.998437 0.835417 0.998437 0.795833 0.962500 0.756250 0.804688 0.695833
1 0.006250 0.429167 0.000000 0.537500 0.035937 0.533333 0.046875 0.522917 0.081250 0.512500 0.106250 0.512500 0.125000 0.497917 0.106250 0.472917 0.029687 0.435417 0.021875 0.443750 0.015625 0.431250
1 0.054688 0.416667 0.320312 0.491667 0.446875 0.502083
2 0.592187 0.441667 0.592187 0.445833 0.596875 0.450000 0.603125 0.450000 0.604688 0.454167 0.606250 0.454167 0.607812 0.458333 0.612500 0.462500 0.621875 0.462500 0.623437 0.458333 0.623437 0.447917 0.621875 0.450000 0.618750 0.450000 0.617188 0.447917 0.617188 0.441667 0.612500 0.441667 0.610938 0.437500 0.609375 0.441667 0.603125 0.445833 0.598437 0.445833 0.596875 0.441667
2 0.998437 0.156250 0.729688 0.368750 0.757812 0.393750 0.748437 0.485417 0.656250 0.483333 0.659375 0.518750 0.998437 0.608333
3 0.381250 0.452083 0.389062 0.460417 0.390625 0.456250 0.395313 0.458333 0.392188 0.470833 0.387500 0.475000 0.403125 0.472917 0.409375 0.481250 0.418750 0.481250 0.429688 0.491667 0.439063 0.491667 0.437500 0.487500 0.442188 0.481250 0.442188 0.472917 0.437500 0.475000 0.417187 0.460417 0.403125 0.456250 0.401562 0.452083 0.389062 0.447917
4 0.607812 0.550000 0.767188 0.670833 0.954688 0.754167 0.968750 0.687500 0.998437 0.647917 0.998437 0.610417 0.625000 0.508333
4 0.375000 0.447917 0.375000 0.466667 0.378125 0.470833 0.376563 0.479167 0.382812 0.487500 0.423438 0.487500 0.418750 0.483333 0.409375 0.483333 0.403125 0.475000 0.387500 0.477083 0.385937 0.472917 0.390625 0.470833 0.393750 0.458333 0.389062 0.462500 0.387500 0.458333 0.381250 0.456250 0.379688 0.452083 0.384375 0.450000 0.384375 0.445833
4 0.165625 0.375000 0.165625 0.437500 0.323437 0.475000 0.351562 0.470833 0.345313 0.427083
4 0.134375 0.362500 0.129688 0.400000 0.131250 0.406250 0.126562 0.414583 0.112500 0.414583 0.115625 0.414583 0.120313 0.422917 0.153125 0.435417 0.160938 0.368750
5 0.181250 0.181250 0.156250 0.439583 0.176563 0.283333
5 0.057813 0.060417 0.045312 0.081250 0.034375 0.072917 0.035937 0.145833 0.006250 0.333333 0.000000 0.479167 0.018750 0.360417 0.017188 0.433333 0.028125 0.435417
7 0.000000 0.139583 0.000000 0.156250 0.001563 0.158333 0.012500 0.158333 0.014063 0.160417 0.020313 0.160417 0.021875 0.162500 0.032813 0.162500 0.032813 0.145833 0.009375 0.143750 0.007812 0.141667
7 0.037500 0.050000 0.032813 0.060417 0.034375 0.066667 0.031250 0.066667 0.032813 0.072917 0.039062 0.070833 0.045312 0.079167 0.051562 0.070833 0.050000 0.062500 0.053125 0.058333 0.060937 0.062500 0.057813 0.064583 0.060937 0.110417 0.067187 0.110417 0.078125 0.056250 0.059375 0.052083 0.056250 0.056250
8 0.754687 0.414583 0.725000 0.408333 0.728125 0.377083 0.707812 0.370833 0.696875 0.329167 0.678125 0.331250 0.646875 0.383333 0.657813 0.433333 0.637500 0.420833 0.612500 0.464583 0.590625 0.445833 0.609375 0.439583 0.587500 0.404167 0.590625 0.354167 0.579688 0.385417 0.545312 0.368750 0.515625 0.404167 0.518750 0.506250 0.614062 0.550000 0.623437 0.506250 0.657813 0.516667 0.656250 0.481250 0.746875 0.485417 0.737500 0.445833
8 0.000000 0.158333 0.000000 0.225000 0.015625 0.227083 0.017188 0.220833 0.007812 0.216667 0.006250 0.210417 0.021875 0.210417 0.025000 0.206250 0.031250 0.168750 0.029687 0.164583
8 0.000000 0.081250 0.000000 0.137500 0.034375 0.145833 0.032813 0.135417 0.028125 0.127083 0.026562 0.112500 0.029687 0.091667 0.020313 0.085417
8 0.050000 0.122917 0.045312 0.216667 0.115625 0.250000 0.134375 0.360417 0.160938 0.366667 0.181250 0.179167 0.167187 0.368750 0.345313 0.425000 0.350000 0.483333 0.381250 0.443750 0.440625 0.472917 0.467187 0.397917 0.448437 0.481250 0.506250 0.489583 0.465625 0.233333 0.406250 0.383333 0.409375 0.218750 0.389062 0.252083 0.351562 0.168750 0.101562 0.054167
9 0.200000 0.447917 0.348438 0.483333 0.262500 0.456250
10 0.000000 0.000000 0.000000 0.079167 0.101562 0.052083 0.409375 0.216667 0.406250 0.381250 0.465625 0.231250 0.515625 0.475000 0.585938 0.352083 0.618750 0.447917 0.693750 0.325000 0.754687 0.412500 0.745313 0.341667 0.998437 0.154167 0.998437 0.000000
13 0.998437 0.650000 0.979688 0.666667 0.968750 0.691667 0.967187 0.716667 0.964063 0.718750 0.964063 0.756250 0.995313 0.793750 0.998437 0.793750
13 0.448437 0.483333 0.448437 0.502083 0.459375 0.502083 0.460938 0.506250 0.473438 0.508333 0.476562 0.502083 0.485938 0.502083 0.487500 0.506250 0.489063 0.502083 0.507812 0.502083 0.506250 0.491667 0.501563 0.487500 0.498437 0.493750 0.493750 0.493750 0.485938 0.483333 0.475000 0.483333 0.473438 0.479167 0.453125 0.477083
16 0.045312 0.218750 0.029687 0.412500 0.126562 0.412500 0.134375 0.295833 0.112500 0.277083 0.115625 0.256250 0.103125 0.239583
16 0.010937 0.210417 0.007812 0.214583 0.018750 0.225000 0.000000 0.227083 0.000000 0.389583 0.004687 0.333333 0.023438 0.227083 0.021875 0.212500