0 0.025000 0.416667 0.121875 0.502083 0.000000 0.543750 0.000000 0.997917 0.998437 0.997917 0.998437 0.825000 0.814063 0.764583 0.820312 0.889583 0.517188 0.508333
1 0.526563 0.514583 0.820312 0.887500 0.845313 0.883333 0.793750 0.820833 0.814063 0.762500 0.840625 0.797917 0.892188 0.772917 0.998437 0.822917 0.993750 0.791667
1 0.000000 0.427083 0.000000 0.541667 0.071875 0.527083 0.110937 0.512500 0.120313 0.502083 0.106250 0.479167 0.075000 0.456250 0.025000 0.433333 0.015625 0.441667 0.012500 0.429167
1 0.075000 0.416667 0.314063 0.491667 0.459375 0.506250
2 0.998437 0.179167 0.753125 0.372917 0.784375 0.400000 0.779687 0.443750 0.760938 0.452083 0.770312 0.489583 0.675000 0.489583 0.678125 0.525000 0.998437 0.612500
3 0.368750 0.487500 0.453125 0.495833 0.454688 0.477083 0.392188 0.447917 0.382812 0.458333 0.381250 0.477083
4 0.640625 0.518750 0.635938 0.577083 0.814063 0.702083 0.998437 0.791667 0.998437 0.614583
4 0.175000 0.370833 0.170313 0.435417 0.357812 0.479167 0.357812 0.429167
4 0.142187 0.362500 0.139063 0.408333 0.134375 0.416667 0.125000 0.422917 0.160938 0.433333 0.170313 0.368750
5 0.192188 0.175000 0.165625 0.439583 0.192188 0.231250
5 0.045312 0.135417 0.023438 0.291667 0.015625 0.439583 0.026562 0.408333
5 0.040625 0.016667 0.020313 0.016667 0.015625 0.027083 0.015625 0.139583 0.000000 0.218750 0.000000 0.297917 0.026562 0.104167 0.043750 0.093750 0.048438 0.077083 0.045312 0.041667 0.054688 0.029167
8 0.775000 0.425000 0.740625 0.400000 0.756250 0.383333 0.734375 0.379167 0.715625 0.331250 0.664062 0.389583 0.675000 0.439583 0.654687 0.427083 0.639062 0.470833 0.610938 0.454167 0.625000 0.443750 0.601562 0.410417 0.603125 0.358333 0.593750 0.389583 0.554688 0.375000 0.529687 0.406250 0.531250 0.512500 0.634375 0.558333 0.640625 0.516667 0.676562 0.522917 0.675000 0.487500 0.767188 0.491667 0.759375 0.452083
8 0.025000 0.152083 0.021875 0.156250 0.023438 0.160417 0.020313 0.170833 0.021875 0.179167 0.018750 0.181250 0.018750 0.191667 0.015625 0.193750 0.017188 0.195833 0.017188 0.204167 0.032813 0.206250 0.034375 0.204167 0.032813 0.195833 0.035937 0.193750 0.034375 0.185417 0.037500 0.175000 0.035937 0.172917 0.037500 0.156250
8 0.010937 0.145833 0.003125 0.145833 0.001563 0.147917 0.000000 0.145833 0.000000 0.216667 0.003125 0.204167 0.001563 0.195833 0.004687 0.193750 0.003125 0.187500 0.006250 0.179167 0.006250 0.164583
8 0.006250 0.077083 0.004687 0.081250 0.006250 0.085417 0.004687 0.087500 0.000000 0.085417 0.000000 0.122917 0.007812 0.127083 0.014063 0.127083 0.014063 0.104167 0.012500 0.102083 0.012500 0.095833 0.009375 0.093750 0.009375 0.083333 0.010937 0.081250
8 0.031250 0.095833 0.045312 0.208333 0.125000 0.250000 0.143750 0.360417 0.170313 0.366667 0.192188 0.172917 0.178125 0.368750 0.357812 0.427083 0.367188 0.487500 0.392188 0.445833 0.454688 0.475000 0.481250 0.402083 0.459375 0.477083 0.518750 0.495833 0.476562 0.235417 0.423438 0.389583 0.423438 0.218750 0.398438 0.247917 0.365625 0.166667 0.225000 0.139583 0.129688 0.054167
9 0.832812 0.712500 0.998437 0.793750 0.950000 0.760417
9 0.204687 0.447917 0.365625 0.487500 0.256250 0.452083
10 0.000000 0.000000 0.001563 0.085417 0.040625 0.014583 0.048438 0.093750 0.129688 0.052083 0.421875 0.214583 0.423438 0.387500 0.481250 0.237500 0.526563 0.477083 0.554688 0.372917 0.603125 0.356250 0.645312 0.456250 0.712500 0.329167 0.778125 0.443750 0.770312 0.345833 0.998437 0.177083 0.998437 0.000000
13 0.460938 0.489583 0.460938 0.506250 0.475000 0.508333 0.482812 0.514583 0.487500 0.514583 0.490625 0.506250 0.496875 0.506250 0.500000 0.510417 0.503125 0.506250 0.518750 0.508333 0.518750 0.497917 0.515625 0.500000 0.515625 0.504167 0.512500 0.504167 0.509375 0.497917 0.503125 0.497917 0.498437 0.489583 0.482812 0.483333 0.464062 0.483333
16 0.045312 0.210417 0.028125 0.408333 0.129688 0.418750 0.139063 0.402083 0.145313 0.300000 0.115625 0.268750 0.123438 0.260417 0.115625 0.239583
16 0.026562 0.206250 0.015625 0.208333 0.000000 0.300000 0.000000 0.402083 0.014063 0.410417 0.021875 0.291667 0.032813 0.225000