0 0.000000 0.570833 0.000000 0.997917 0.998437 0.997917 0.607812 0.537500 0.087500 0.387500 0.156250 0.508333
0 0.003125 0.364583 0.017188 0.372917 0.025000 0.383333 0.035937 0.387500 0.046875 0.402083 0.068750 0.412500 0.068750 0.406250 0.071875 0.404167 0.071875 0.385417 0.054688 0.381250 0.050000 0.368750 0.042188 0.362500 0.021875 0.358333 0.012500 0.366667
1 0.623437 0.545833 0.998437 0.952083 0.998437 0.804167 0.789062 0.654167 0.782813 0.627083
1 0.178125 0.416667 0.457813 0.529167 0.560937 0.537500
1 0.000000 0.364583 0.000000 0.568750 0.118750 0.533333 0.154688 0.508333 0.151562 0.472917 0.098437 0.427083 0.081250 0.425000 0.073438 0.435417 0.067187 0.412500
2 0.735938 0.483333 0.735938 0.487500 0.734375 0.489583 0.742188 0.491667 0.745313 0.495833 0.745313 0.500000 0.748437 0.502083 0.748437 0.508333 0.759375 0.510417 0.764062 0.506250 0.765625 0.502083 0.767188 0.502083 0.767188 0.500000 0.748437 0.493750 0.746875 0.491667 0.746875 0.485417 0.740625 0.481250 0.737500 0.481250
2 0.998437 0.477083 0.993750 0.493750 0.943750 0.500000 0.954688 0.518750 0.943750 0.554167 0.818750 0.539583 0.820312 0.581250 0.998437 0.652083
2 0.978125 0.370833 0.976562 0.375000 0.979688 0.379167 0.967187 0.393750 0.956250 0.395833 0.954688 0.404167 0.960938 0.404167 0.962500 0.408333 0.967187 0.404167 0.979688 0.420833 0.998437 0.433333 0.998437 0.362500
3 0.445312 0.493750 0.446875 0.502083 0.460938 0.510417 0.553125 0.525000 0.553125 0.502083 0.496875 0.468750 0.484375 0.470833 0.479687 0.495833 0.471875 0.502083 0.457813 0.497917 0.454688 0.489583
4 0.792188 0.577083 0.789062 0.652083 0.843750 0.689583 0.957812 0.731250 0.948438 0.745833 0.962500 0.766667 0.998437 0.758333 0.998437 0.654167
4 0.275000 0.372917 0.267188 0.441667 0.443750 0.502083 0.459375 0.462500 0.454688 0.445833
4 0.242188 0.362500 0.239063 0.402083 0.231250 0.416667 0.209375 0.416667 0.260937 0.439583 0.270313 0.370833
5 0.287500 0.120833 0.296875 0.200000 0.264062 0.443750 0.298438 0.208333 0.298438 0.162500
5 0.118750 0.083333 0.112500 0.083333 0.073438 0.433333 0.082812 0.422917
7 0.054688 0.077083 0.054688 0.091667 0.065625 0.097917 0.071875 0.095833 0.073438 0.100000 0.079687 0.097917 0.104688 0.104167 0.110937 0.102083 0.112500 0.091667 0.110937 0.083333 0.090625 0.081250 0.067187 0.072917 0.056250 0.072917
8 0.998437 0.464583 0.948438 0.435417 0.970313 0.410417 0.934375 0.402083 0.923438 0.345833 0.904687 0.404167 0.846875 0.356250 0.804688 0.418750 0.815625 0.481250 0.789062 0.462500 0.759375 0.512500 0.715625 0.443750 0.717187 0.385417 0.704688 0.422917 0.660937 0.402083 0.632812 0.433333 0.631250 0.543750 0.782813 0.625000 0.792188 0.575000 0.818750 0.581250 0.815625 0.539583 0.943750 0.552083 0.942187 0.500000 0.993750 0.491667
8 0.000000 0.031250 0.000000 0.277083 0.023438 0.177083 0.098437 0.200000 0.107813 0.106250 0.054688 0.072917 0.118750 0.081250 0.107813 0.206250 0.215625 0.229167 0.270313 0.368750 0.287500 0.118750 0.276562 0.370833 0.464062 0.500000 0.553125 0.500000 0.584375 0.425000 0.557813 0.502083 0.614062 0.522917 0.590625 0.258333 0.518750 0.397917 0.545312 0.275000 0.471875 0.156250
9 0.846875 0.691667 0.998437 0.802083 0.998437 0.760417 0.992188 0.754167 0.967187 0.770833 0.946875 0.745833 0.957812 0.733333 0.909375 0.708333 0.885938 0.708333
9 0.307812 0.458333 0.450000 0.506250 0.387500 0.487500 0.328125 0.458333
10 0.950000 0.433333 0.954688 0.441667 0.987500 0.450000 0.995313 0.460417 0.995313 0.464583 0.998437 0.460417 0.998437 0.435417 0.984375 0.427083 0.982812 0.422917 0.979688 0.422917 0.971875 0.414583 0.967187 0.420833 0.964063 0.420833 0.959375 0.433333
10 0.000000 0.000000 0.471875 0.154167 0.546875 0.275000 0.518750 0.395833 0.592187 0.258333 0.625000 0.508333 0.665625 0.397917 0.717187 0.383333 0.768750 0.500000 0.846875 0.354167 0.956250 0.410417 0.998437 0.360417 0.998437 0.000000
13 0.562500 0.518750 0.560937 0.535417 0.564063 0.539583 0.576562 0.539583 0.578125 0.543750 0.589063 0.545833 0.592187 0.539583 0.600000 0.539583 0.607812 0.535417 0.617188 0.539583 0.614062 0.525000 0.603125 0.527083 0.598437 0.518750 0.590625 0.518750 0.579688 0.510417 0.568750 0.510417
14 0.618750 0.514583 0.615625 0.520833 0.615625 0.525000 0.617188 0.527083 0.617188 0.537500 0.618750 0.539583 0.618750 0.543750 0.629687 0.543750 0.629687 0.516667 0.628125 0.516667 0.626563 0.514583
14 0.107813 0.208333 0.095312 0.312500 0.101562 0.345833 0.126562 0.350000 0.145313 0.339583 0.173437 0.277083 0.181250 0.285417 0.178125 0.306250 0.214062 0.289583 0.231250 0.300000 0.215625 0.270833 0.218750 0.241667 0.206250 0.229167 0.215625 0.231250 0.150000 0.197917 0.125000 0.195833 0.123438 0.214583
14 0.023438 0.179167 0.007812 0.220833 0.042188 0.241667 0.015625 0.275000 0.000000 0.279167 0.000000 0.356250 0.007812 0.358333 0.001563 0.345833 0.017188 0.345833 0.015625 0.360417 0.048438 0.366667 0.043750 0.358333 0.057813 0.356250 0.065625 0.325000 0.079687 0.345833 0.095312 0.204167
16 0.065625 0.327083 0.065625 0.333333 0.062500 0.335417 0.064062 0.347917 0.057813 0.358333 0.045312 0.358333 0.045312 0.360417 0.050000 0.362500 0.054688 0.379167 0.065625 0.383333 0.075000 0.383333 0.075000 0.368750 0.078125 0.358333 0.076563 0.341667 0.075000 0.343750 0.071875 0.339583 0.068750 0.327083
16 0.243750 0.289583 0.214062 0.264583 0.234375 0.291667 0.231250 0.302083 0.214062 0.291667 0.178125 0.308333 0.173437 0.279167 0.146875 0.339583 0.126562 0.352083 0.101562 0.347917 0.093750 0.320833 0.089063 0.385417 0.125000 0.412500 0.231250 0.414583