0 0.000000 0.602083 0.000000 0.997917 0.998437 0.997917 0.996875 0.885417 0.656250 0.558333 0.507812 0.556250 0.098437 0.385417 0.154688 0.529167
0 0.000000 0.345833 0.001563 0.391667 0.079687 0.425000 0.084375 0.381250 0.062500 0.372917 0.056250 0.383333 0.042188 0.383333 0.028125 0.364583 0.007812 0.360417
1 0.659375 0.562500 0.998437 0.885417 0.998437 0.781250 0.965625 0.747917 0.898438 0.712500 0.873437 0.666667 0.821875 0.658333
1 0.214062 0.427083 0.475000 0.543750 0.621875 0.564583 0.609375 0.545833 0.489063 0.531250
1 0.000000 0.391667 0.000000 0.600000 0.125000 0.554167 0.153125 0.529167 0.157812 0.500000 0.135937 0.458333 0.092188 0.435417 0.081250 0.454167 0.079687 0.427083
2 0.900000 0.570833 0.898438 0.581250 0.907813 0.583333 0.903125 0.616667 0.890625 0.614583 0.878125 0.691667 0.956250 0.720833 0.973437 0.700000 0.978125 0.656250 0.998437 0.654167 0.998437 0.575000
4 0.984375 0.652083 0.979688 0.656250 0.975000 0.700000 0.951562 0.725000 0.962500 0.727083 0.971875 0.737500 0.971875 0.754167 0.998437 0.764583 0.998437 0.656250
4 0.314063 0.387500 0.304688 0.460417 0.490625 0.529167 0.606250 0.543750 0.606250 0.525000 0.548438 0.489583 0.510938 0.504167 0.504687 0.464583
4 0.237500 0.427083 0.265625 0.445833 0.298438 0.458333 0.301563 0.456250 0.309375 0.385417 0.281250 0.377083 0.276562 0.422917 0.267188 0.435417
5 0.326562 0.114583 0.339062 0.191667 0.303125 0.460417 0.340625 0.206250
5 0.131250 0.062500 0.093750 0.295833 0.081250 0.452083 0.089063 0.450000
7 0.064062 0.056250 0.068750 0.072917 0.075000 0.077083 0.101562 0.081250 0.109375 0.085417 0.126562 0.083333 0.126562 0.066667
8 0.998437 0.447917 0.978125 0.402083 0.960938 0.408333 0.962500 0.362500 0.935937 0.364583 0.901563 0.441667 0.884375 0.433333 0.896875 0.502083 0.867188 0.481250 0.826562 0.535417 0.771875 0.462500 0.775000 0.400000 0.762500 0.439583 0.720313 0.414583 0.682813 0.450000 0.679688 0.568750 0.879687 0.670833 0.900000 0.568750 0.998437 0.572917
8 0.140625 0.054167 0.120313 0.206250 0.259375 0.243750 0.281250 0.375000 0.310937 0.381250 0.326562 0.112500 0.315625 0.385417 0.595313 0.518750 0.632812 0.443750 0.607812 0.543750 0.659375 0.543750 0.637500 0.268750 0.570312 0.408333 0.584375 0.225000 0.557813 0.256250 0.520312 0.158333 0.381250 0.160417 0.284375 0.052083 0.225000 0.112500
8 0.000000 0.000000 0.000000 0.247917 0.048438 0.293750 0.081250 0.256250 0.051562 0.235417 0.057813 0.200000 0.110937 0.200000 0.123438 0.087500 0.070312 0.077083 0.048438 0.033333
9 0.893750 0.704167 0.912500 0.720833 0.965625 0.745833 0.968750 0.760417 0.998437 0.779167 0.998437 0.766667 0.968750 0.752083 0.970313 0.737500 0.962500 0.729167 0.904687 0.704167
10 0.368750 0.177083 0.365625 0.172917 0.357812 0.175000 0.356250 0.181250 0.350000 0.191667 0.350000 0.195833 0.356250 0.195833 0.357812 0.197917 0.360938 0.197917 0.362500 0.200000 0.364063 0.200000 0.364063 0.197917 0.367188 0.193750 0.365625 0.191667 0.367188 0.189583 0.368750 0.189583 0.368750 0.185417 0.370312 0.183333
10 0.014063 0.000000 0.520312 0.156250 0.585938 0.225000 0.570312 0.406250 0.643750 0.277083 0.671875 0.527083 0.773438 0.397917 0.826562 0.518750 0.895312 0.502083 0.935937 0.362500 0.998437 0.445833 0.998437 0.000000
13 0.612500 0.537500 0.612500 0.560417 0.631250 0.566667 0.634375 0.570833 0.639062 0.570833 0.639062 0.564583 0.642188 0.560417 0.646875 0.562500 0.654687 0.556250 0.668750 0.564583 0.664062 0.556250 0.665625 0.550000 0.660937 0.545833 0.653125 0.547917 0.646875 0.539583 0.629687 0.535417 0.628125 0.531250 0.618750 0.531250
13 0.000000 0.250000 0.000000 0.343750 0.007812 0.358333 0.028125 0.362500 0.025000 0.312500 0.031250 0.300000 0.043750 0.295833 0.032813 0.270833 0.025000 0.262500
14 0.118750 0.208333 0.098437 0.383333 0.142187 0.397917 0.159375 0.427083 0.267188 0.433333 0.282813 0.300000 0.264062 0.279167 0.264062 0.252083 0.192188 0.208333 0.167187 0.204167 0.162500 0.222917
14 0.106250 0.202083 0.065625 0.193750 0.054688 0.212500 0.056250 0.241667 0.082812 0.256250 0.059375 0.289583 0.031250 0.302083 0.026562 0.312500 0.029687 0.368750 0.042188 0.381250 0.056250 0.381250 0.062500 0.370833 0.087500 0.377083