0 0.000000 0.831250 0.000000 0.997917 0.998437 0.997917 0.998437 0.718750 0.762500 0.687500 0.170313 0.375000 0.229687 0.589583
0 0.000000 0.295833 0.000000 0.325000 0.073438 0.391667 0.142187 0.433333 0.151562 0.364583 0.125000 0.368750 0.112500 0.347917
1 0.896875 0.720833 0.954688 0.720833 0.976562 0.735417 0.975000 0.714583 0.968750 0.704167 0.998437 0.716667 0.970313 0.691667 0.965625 0.691667 0.959375 0.716667 0.904687 0.691667
1 0.646875 0.614583 0.725000 0.668750 0.804688 0.700000 0.843750 0.689583 0.876563 0.700000 0.901563 0.683333 0.900000 0.658333 0.782813 0.664583
1 0.496875 0.535417 0.509375 0.554167 0.517188 0.554167 0.518750 0.558333 0.551562 0.570833 0.562500 0.581250 0.584375 0.587500 0.565625 0.570833 0.535937 0.560417 0.514062 0.541667
1 0.000000 0.327083 0.001563 0.829167 0.167187 0.683333 0.235937 0.552083 0.221875 0.504167 0.160938 0.445833 0.135937 0.533333 0.140625 0.437500
1 0.000000 0.279167 0.003125 0.297917 0.114062 0.347917 0.106250 0.329167
2 0.104688 0.133333 0.109375 0.162500 0.081250 0.183333 0.079687 0.225000 0.092188 0.239583 0.092188 0.250000 0.109375 0.256250 0.115625 0.247917 0.146875 0.258333 0.159375 0.245833 0.171875 0.247917 0.184375 0.170833 0.142187 0.143750
4 0.432812 0.487500 0.710938 0.629167 0.804688 0.658333 0.876563 0.652083 0.876563 0.625000 0.826562 0.583333 0.789062 0.602083 0.778125 0.550000 0.479687 0.422917 0.465625 0.466667
4 0.007812 0.250000 0.009375 0.266667 0.007812 0.272917 0.001563 0.279167 0.056250 0.304167 0.059375 0.297917 0.059375 0.270833 0.053125 0.260417 0.039062 0.256250 0.035937 0.252083
5 0.542188 0.097917 0.554688 0.150000 0.554688 0.206250 0.518750 0.435417 0.559375 0.195833 0.551562 0.112500
5 0.225000 0.000000 0.210938 0.000000 0.135937 0.531250 0.146875 0.525000
8 0.987500 0.531250 0.987500 0.554167 0.978125 0.577083 0.993750 0.604167 0.993750 0.612500 0.971875 0.631250 0.968750 0.647917 0.976562 0.662500 0.976562 0.687500 0.998437 0.697917 0.998437 0.531250
8 0.212500 0.104167 0.184375 0.283333 0.262500 0.331250 0.276562 0.227083 0.435937 0.237500 0.515625 0.433333 0.545312 0.079167 0.521875 0.435417 0.923438 0.641667 0.907813 0.189583 0.809375 0.164583 0.823438 0.100000 0.659375 0.097917 0.582812 0.227083 0.598437 0.104167 0.512500 0.039583 0.381250 0.104167 0.389062 0.166667
8 0.000000 0.000000 0.000000 0.277083 0.007812 0.247917 0.050000 0.256250 0.057813 0.308333 0.101562 0.327083 0.123438 0.287500 0.165625 0.287500 0.171875 0.250000 0.109375 0.258333 0.078125 0.225000 0.081250 0.179167 0.109375 0.158333 0.104688 0.131250 0.143750 0.143750 0.134375 0.122917 0.156250 0.095833 0.134375 0.047917 0.137500 0.000000
9 0.903125 0.689583 0.896875 0.683333 0.876563 0.702083 0.868750 0.702083 0.853125 0.691667 0.826562 0.695833 0.818750 0.702083 0.831250 0.710417 0.878125 0.722917 0.895312 0.720833 0.900000 0.712500
9 0.531250 0.552083 0.653125 0.625000 0.645312 0.614583 0.656250 0.610417 0.782813 0.662500 0.803125 0.658333 0.793750 0.643750 0.768750 0.647917 0.664062 0.612500 0.590625 0.560417
10 0.226562 0.000000 0.209375 0.106250 0.362500 0.164583 0.498437 0.035417 0.564063 0.064583 0.581250 0.225000 0.657813 0.097917 0.823438 0.097917 0.810937 0.164583 0.871875 0.231250 0.907813 0.187500 0.932813 0.616667 0.990625 0.616667 0.998437 0.000000
10 0.139063 0.000000 0.145313 0.014583 0.135937 0.047917 0.151562 0.068750 0.157812 0.095833 0.146875 0.097917 0.135937 0.131250 0.184375 0.168750 0.209375 0.000000
13 0.931250 0.618750 0.923438 0.643750 0.904687 0.650000 0.903125 0.687500 0.959375 0.714583 0.964063 0.691667 0.975000 0.687500 0.975000 0.662500 0.967187 0.647917 0.970313 0.635417 0.959375 0.635417 0.948438 0.654167 0.939063 0.645833 0.939063 0.635417 0.945312 0.627083
13 0.114062 0.295833 0.106250 0.310417 0.107813 0.322917 0.104688 0.325000 0.114062 0.337500 0.117188 0.358333 0.125000 0.366667 0.134375 0.366667 0.140625 0.358333 0.153125 0.364583 0.160938 0.331250 0.162500 0.306250 0.165625 0.304167 0.165625 0.289583 0.150000 0.300000 0.129688 0.289583
13 0.182812 0.285417 0.170313 0.366667 0.176563 0.391667 0.196875 0.397917 0.207813 0.387500 0.228125 0.397917 0.235937 0.412500 0.237500 0.358333 0.245312 0.343750 0.259375 0.337500 0.257812 0.322917 0.243750 0.310417 0.221875 0.304167 0.212500 0.291667
14 0.273438 0.231250 0.259375 0.272917 0.284375 0.300000 0.242188 0.350000 0.237500 0.422917 0.256250 0.433333 0.268750 0.416667 0.304688 0.452083 0.329688 0.447917 0.343750 0.485417 0.370312 0.470833 0.450000 0.485417 0.443750 0.472917 0.464062 0.466667 0.485938 0.347917 0.454688 0.300000 0.462500 0.264583 0.396875 0.229167 0.362500 0.227083 0.357812 0.247917