0 0.100000 0.343750 0.089063 0.433333 0.185938 0.516667 0.204687 0.612500 0.000000 0.906250 0.000000 0.997917 0.998437 0.997917 0.998437 0.804167
0 0.000000 0.293750 0.000000 0.356250 0.064062 0.410417 0.076563 0.345833 0.075000 0.333333
1 0.537500 0.564583 0.828125 0.743750 0.932813 0.779167 0.998437 0.760417 0.981250 0.693750 0.890625 0.722917
1 0.000000 0.358333 0.001563 0.904167 0.170313 0.695833 0.204687 0.568750 0.173437 0.504167 0.085938 0.435417 0.065625 0.595833 0.040625 0.602083 0.060937 0.412500
2 0.225000 0.202083 0.190625 0.177083 0.181250 0.183333 0.170313 0.179167 0.156250 0.208333 0.148438 0.204167 0.135937 0.220833 0.131250 0.264583 0.146875 0.283333 0.159375 0.277083 0.189062 0.283333 0.195312 0.275000 0.204687 0.275000 0.217188 0.250000 0.217188 0.218750
4 0.479687 0.518750 0.596875 0.595833 0.654687 0.597917 0.910937 0.714583 0.962500 0.691667 0.960938 0.643750 0.950000 0.666667 0.928125 0.633333 0.890625 0.658333 0.885938 0.589583 0.521875 0.439583 0.515625 0.510417
5 0.604688 0.112500 0.607812 0.193750 0.565625 0.454167 0.610938 0.197917
5 0.151562 0.000000 0.131250 0.000000 0.045312 0.602083 0.067187 0.581250
7 0.592187 0.052083 0.590625 0.054167 0.592187 0.060417 0.592187 0.077083 0.593750 0.079167 0.593750 0.089583 0.596875 0.095833 0.596875 0.106250 0.600000 0.110417 0.604688 0.110417 0.606250 0.097917 0.603125 0.095833 0.604688 0.089583 0.601562 0.081250 0.603125 0.075000 0.600000 0.072917 0.601562 0.068750 0.600000 0.066667 0.598437 0.052083
8 0.620313 0.035417 0.596875 0.050000 0.607812 0.097917 0.612500 0.195833 0.615625 0.181250 0.626563 0.172917 0.645312 0.131250 0.654687 0.087500 0.645312 0.066667 0.623437 0.047917
8 0.732812 0.066667 0.725000 0.158333 0.670312 0.141667 0.609375 0.218750 0.573438 0.460417 0.885938 0.587500 0.890625 0.656250 0.960938 0.641667 0.982812 0.693750 0.998437 0.172917 0.965625 0.170833 0.953125 0.114583 0.918750 0.129167 0.940625 0.058333 0.875000 0.062500 0.881250 0.025000 0.789062 0.043750 0.770312 0.097917
8 0.151562 0.004167 0.103125 0.337500 0.220312 0.300000 0.289062 0.345833 0.298438 0.235417 0.476562 0.233333 0.532813 0.345833 0.523438 0.439583 0.564063 0.454167 0.607812 0.162500 0.559375 0.014583 0.470313 0.127083 0.414062 0.100000 0.435937 0.189583 0.257812 0.112500 0.209375 0.272917 0.146875 0.285417 0.134375 0.220833 0.201563 0.131250
8 0.129688 0.000000 0.028125 0.000000 0.042188 0.016667 0.021875 0.031250 0.043750 0.060417 0.029687 0.062500 0.026562 0.081250 0.009375 0.062500 0.010937 0.089583 0.000000 0.083333 0.000000 0.245833 0.035937 0.247917 0.045312 0.304167 0.070312 0.318750 0.087500 0.277083
9 0.998437 0.802083 0.996875 0.760417 0.979688 0.760417 0.978125 0.764583 0.975000 0.762500 0.967187 0.766667 0.964063 0.764583 0.962500 0.768750 0.934375 0.770833 0.932813 0.775000 0.948438 0.785417 0.968750 0.789583 0.970313 0.793750 0.979688 0.793750 0.981250 0.797917
9 0.606250 0.597917 0.776563 0.683333 0.904687 0.716667 0.759375 0.662500 0.654687 0.600000
10 0.153125 0.000000 0.221875 0.200000 0.257812 0.110417 0.435937 0.187500 0.412500 0.100000 0.470313 0.125000 0.542188 0.012500 0.656250 0.083333 0.612500 0.220833 0.670312 0.139583 0.725000 0.156250 0.732812 0.064583 0.770312 0.095833 0.848437 0.018750 0.934375 0.045833 0.917188 0.125000 0.998437 0.170833 0.998437 0.000000
10 0.026562 0.000000 0.000000 0.000000 0.000000 0.081250 0.007812 0.089583 0.012500 0.087500 0.009375 0.060417 0.014063 0.060417 0.026562 0.079167 0.029687 0.060417 0.042188 0.060417 0.020313 0.031250 0.031250 0.029167 0.031250 0.016667 0.040625 0.016667
13 0.995313 0.677083 0.993750 0.681250 0.990625 0.681250 0.989062 0.679167 0.985938 0.681250 0.984375 0.685417 0.984375 0.695833 0.985938 0.695833 0.987500 0.697917 0.987500 0.702083 0.992188 0.708333 0.993750 0.708333 0.996875 0.712500 0.996875 0.714583 0.998437 0.714583 0.998437 0.679167
13 0.146875 0.337500 0.148438 0.387500 0.181250 0.383333 0.198437 0.393750 0.207813 0.418750 0.220312 0.418750 0.228125 0.408333 0.257812 0.425000 0.264062 0.366667 0.287500 0.350000 0.278125 0.333333 0.220312 0.302083 0.156250 0.322917
13 0.000000 0.247917 0.000000 0.291667 0.014063 0.295833 0.023438 0.306250 0.043750 0.312500 0.040625 0.266667 0.037500 0.260417 0.006250 0.245833
14 0.296875 0.239583 0.284375 0.289583 0.310937 0.310417 0.265625 0.366667 0.265625 0.454167 0.318750 0.447917 0.373437 0.514583 0.409375 0.497917 0.471875 0.520833 0.514062 0.510417 0.531250 0.345833 0.500000 0.308333 0.506250 0.268750 0.489063 0.243750 0.396875 0.225000 0.385937 0.247917