0 0.000000 0.964583 0.998437 0.997917 0.998437 0.872917 0.889062 0.802083 0.820312 0.841667 0.776563 0.722917 0.659375 0.675000 0.651563 0.608333 0.489063 0.483333
1 0.571875 0.531250 0.570312 0.539583 0.578125 0.550000 0.625000 0.589583 0.653125 0.606250 0.657813 0.575000 0.621875 0.560417 0.587500 0.539583 0.582812 0.531250
1 0.487500 0.483333 0.001563 0.550000 0.000000 0.962500 0.378125 0.564583
2 0.770312 0.402083 0.756250 0.385417 0.750000 0.387500 0.746875 0.402083 0.687500 0.387500 0.678125 0.420833 0.665625 0.420833 0.654687 0.435417 0.654687 0.485417 0.667188 0.491667 0.678125 0.483333 0.707812 0.487500 0.721875 0.470833 0.746875 0.462500 0.754687 0.454167 0.756250 0.431250 0.770312 0.416667
2 0.234375 0.237500 0.314063 0.316667 0.329688 0.300000 0.364063 0.297917 0.389062 0.320833 0.389062 0.358333 0.426563 0.397917 0.429688 0.375000 0.396875 0.358333 0.403125 0.295833 0.328125 0.264583 0.310937 0.243750 0.300000 0.254167 0.248438 0.229167
3 0.181250 0.516667 0.164062 0.516667 0.159375 0.504167 0.145313 0.497917 0.000000 0.504167 0.000000 0.543750 0.032813 0.543750 0.037500 0.533333 0.081250 0.537500
4 0.592187 0.508333 0.592187 0.516667 0.589063 0.520833 0.589063 0.529167 0.585938 0.531250 0.585938 0.535417 0.590625 0.539583 0.595313 0.539583 0.596875 0.543750 0.603125 0.543750 0.604688 0.547917 0.618750 0.554167 0.621875 0.512500 0.618750 0.508333 0.607812 0.508333 0.606250 0.504167 0.596875 0.504167 0.595313 0.508333
4 0.000000 0.204167 0.000000 0.502083 0.145313 0.495833 0.181250 0.518750 0.478125 0.470833 0.475000 0.441667 0.404687 0.385417 0.285938 0.364583
8 0.998437 0.122917 0.842187 0.195833 0.845313 0.135417 0.785937 0.208333 0.773438 0.412500 0.707812 0.489583 0.650000 0.477083 0.720313 0.320833 0.657813 0.212500 0.598437 0.222917 0.529687 0.425000 0.493750 0.283333 0.428125 0.402083 0.576562 0.529167 0.593750 0.477083 0.656250 0.572917 0.800000 0.468750 0.998437 0.502083
8 0.000000 0.000000 0.003125 0.206250 0.285938 0.362500 0.415625 0.391667 0.364063 0.300000 0.314063 0.318750 0.173437 0.185417 0.160938 0.000000
10 0.156250 0.018750 0.175000 0.185417 0.403125 0.293750 0.428125 0.372917 0.496875 0.283333 0.521875 0.422917 0.598437 0.220833 0.703125 0.225000 0.701562 0.387500 0.746875 0.400000 0.795312 0.310417 0.765625 0.245833 0.845313 0.133333 0.842187 0.193750 0.998437 0.120833 0.998437 0.000000
13 0.667188 0.545833 0.656250 0.668750 0.676562 0.679167 0.692187 0.656250 0.776563 0.720833 0.815625 0.835417 0.857812 0.845833 0.889062 0.800000 0.998437 0.866667 0.998437 0.504167 0.925000 0.472917 0.800000 0.470833
13 0.510938 0.475000 0.509375 0.483333 0.517188 0.489583 0.515625 0.500000 0.518750 0.506250 0.528125 0.508333 0.534375 0.522917 0.543750 0.520833 0.556250 0.527083 0.562500 0.537500 0.570312 0.537500 0.571875 0.497917 0.567187 0.487500 0.554688 0.479167 0.543750 0.479167 0.540625 0.483333 0.531250 0.477083 0.528125 0.468750 0.518750 0.468750