0 0.000000 0.902083 0.000000 0.997917 0.959375 0.997917 0.956250 0.895833 0.881250 0.787500 0.765625 0.710417 0.712500 0.739583 0.692187 0.662500 0.610938 0.629167 0.604688 0.572917 0.470313 0.456250
1 0.545312 0.508333 0.545312 0.516667 0.587500 0.554167 0.601562 0.570833 0.606250 0.570833 0.610938 0.550000 0.607812 0.545833 0.601562 0.545833 0.600000 0.541667 0.560937 0.518750 0.553125 0.508333
1 0.459375 0.456250 0.000000 0.493750 0.000000 0.900000 0.359375 0.529167
2 0.717187 0.397917 0.689063 0.383333 0.662500 0.379167 0.648438 0.412500 0.637500 0.410417 0.628125 0.420833 0.626563 0.439583 0.631250 0.447917 0.628125 0.466667 0.635938 0.475000 0.642188 0.470833 0.670312 0.475000 0.696875 0.456250 0.707812 0.443750
2 0.217188 0.185417 0.298438 0.279167 0.331250 0.262500 0.367188 0.285417 0.368750 0.320833 0.406250 0.370833 0.412500 0.345833 0.376563 0.325000 0.384375 0.264583 0.310937 0.227083 0.309375 0.212500 0.292187 0.206250 0.287500 0.216667
3 0.153125 0.450000 0.156250 0.460417 0.153125 0.475000 0.154688 0.470833 0.181250 0.470833 0.215625 0.464583 0.206250 0.458333 0.201563 0.450000
4 0.942187 0.602083 0.945312 0.620833 0.948438 0.622917 0.948438 0.635417 0.956250 0.637500 0.956250 0.633333 0.971875 0.629167 0.978125 0.631250 0.979688 0.627083 0.998437 0.625000 0.996875 0.614583 0.985938 0.612500 0.984375 0.608333 0.962500 0.602083
4 0.565625 0.489583 0.560937 0.502083 0.559375 0.514583 0.579688 0.529167 0.590625 0.533333 0.592187 0.493750 0.589063 0.489583 0.582812 0.489583 0.581250 0.487500
4 0.000000 0.116667 0.000000 0.491667 0.151562 0.475000 0.154688 0.445833 0.454688 0.454167 0.454688 0.416667 0.392188 0.358333 0.339062 0.343750 0.326562 0.364583 0.032813 0.175000
8 0.998437 0.614583 0.998437 0.156250 0.912500 0.247917 0.920312 0.170833 0.787500 0.222917 0.792188 0.166667 0.670312 0.477083 0.625000 0.435417 0.679688 0.370833 0.679688 0.222917 0.578125 0.212500 0.507812 0.404167 0.476562 0.258333 0.409375 0.354167 0.456250 0.454167 0.556250 0.510417 0.567187 0.464583 0.609375 0.547917 0.776563 0.460417
8 0.000000 0.000000 0.000000 0.114583 0.032813 0.172917 0.228125 0.279167 0.326562 0.362500 0.339062 0.341667 0.393750 0.358333 0.367188 0.287500 0.331250 0.264583 0.298438 0.281250 0.142187 0.102083 0.153125 0.000000
10 0.145313 0.062500 0.210938 0.185417 0.384375 0.262500 0.382812 0.331250 0.476562 0.256250 0.503125 0.402083 0.595313 0.200000 0.681250 0.222917 0.675000 0.377083 0.710938 0.391667 0.723437 0.258333 0.792188 0.164583 0.787500 0.220833 0.920312 0.168750 0.912500 0.245833 0.998437 0.154167 0.998437 0.000000 0.154688 0.000000
13 0.615625 0.531250 0.610938 0.627083 0.637500 0.612500 0.692187 0.660417 0.718750 0.741667 0.765625 0.708333 0.873437 0.777083 0.957812 0.895833 0.960938 0.997917 0.998437 0.997917 0.998437 0.627083 0.948438 0.637500 0.915625 0.543750 0.798438 0.466667 0.718750 0.462500
13 0.489063 0.458333 0.493750 0.466667 0.495312 0.481250 0.504687 0.485417 0.510938 0.500000 0.518750 0.497917 0.529687 0.502083 0.535937 0.512500 0.543750 0.514583 0.546875 0.477083 0.542188 0.466667 0.529687 0.456250 0.517188 0.458333 0.507812 0.452083 0.506250 0.445833