0 0.162500 0.997917 0.998437 0.997917 0.998437 0.708333 0.517188 0.483333
1 0.648438 0.520833 0.648438 0.541667 0.998437 0.706250 0.998437 0.639583 0.953125 0.629167 0.946875 0.602083 0.896875 0.610417 0.875000 0.572917 0.743750 0.556250
1 0.512500 0.485417 0.193750 0.604167 0.001563 0.722917 0.000000 0.997917 0.160938 0.997917
2 0.617188 0.460417 0.623437 0.460417 0.626563 0.462500 0.629687 0.454167 0.637500 0.454167 0.639062 0.450000 0.650000 0.450000 0.651563 0.445833 0.650000 0.437500 0.634375 0.437500 0.632812 0.435417 0.625000 0.435417 0.621875 0.437500 0.617188 0.450000
2 0.998437 0.400000 0.923438 0.410417 0.921875 0.422917 0.929688 0.468750 0.998437 0.470833
2 0.420312 0.397917 0.387500 0.381250 0.387500 0.302083 0.275000 0.270833 0.267188 0.289583 0.190625 0.277083 0.140625 0.352083 0.100000 0.281250 0.054688 0.287500 0.057813 0.325000 0.145313 0.366667 0.125000 0.383333 0.157812 0.354167 0.175000 0.377083 0.275000 0.370833 0.275000 0.331250 0.314063 0.297917 0.360938 0.320833 0.359375 0.366667
2 0.998437 0.129167 0.953125 0.166667 0.892188 0.295833 0.842187 0.304167 0.840625 0.279167 0.820312 0.275000 0.814063 0.300000 0.735938 0.297917 0.712500 0.381250 0.734375 0.431250 0.756250 0.445833 0.821875 0.402083 0.853125 0.412500 0.873437 0.372917 0.917188 0.347917 0.998437 0.372917
3 0.292187 0.408333 0.289062 0.570833 0.304688 0.566667 0.310937 0.533333 0.309375 0.439583 0.314063 0.425000 0.301563 0.416667 0.314063 0.414583
3 0.125000 0.343750 0.026562 0.333333 0.054688 0.362500 0.062500 0.610417 0.056250 0.633333 0.000000 0.654167 0.000000 0.725000 0.129688 0.639583 0.117188 0.622917
4 0.954688 0.479167 0.948438 0.612500 0.998437 0.635417 0.998437 0.477083
4 0.664062 0.477083 0.662500 0.529167 0.689063 0.533333 0.690625 0.537500 0.732812 0.550000 0.732812 0.477083
4 0.492188 0.470833 0.334375 0.347917 0.329688 0.379167 0.175000 0.379167 0.157812 0.356250 0.121875 0.387500 0.118750 0.622917 0.289062 0.572917 0.290625 0.408333 0.267188 0.406250 0.282813 0.385417 0.331250 0.395833 0.329688 0.427083 0.303125 0.416667 0.304688 0.568750
4 0.000000 0.333333 0.000000 0.652083 0.059375 0.627083 0.062500 0.564583 0.051562 0.477083 0.053125 0.362500 0.028125 0.335417
5 0.632812 0.268750 0.635938 0.277083 0.650000 0.283333 0.667188 0.302083 0.667188 0.362500 0.664062 0.368750 0.664062 0.389583 0.667188 0.389583 0.668750 0.302083 0.657813 0.285417
8 0.268750 0.404167 0.278125 0.414583 0.290625 0.406250 0.309375 0.408333 0.310937 0.412500 0.320312 0.414583 0.320312 0.425000 0.329688 0.425000 0.328125 0.391667 0.282813 0.387500 0.275000 0.400000
8 0.276562 0.331250 0.279687 0.358333 0.275000 0.364583 0.276562 0.370833 0.329688 0.377083 0.331250 0.345833 0.354687 0.362500 0.360938 0.347917 0.357812 0.318750 0.339062 0.316667 0.314063 0.300000 0.304688 0.300000 0.298438 0.312500
8 0.421875 0.381250 0.493750 0.485417 0.567187 0.466667 0.568750 0.402083 0.573438 0.468750 0.651563 0.437500 0.648438 0.518750 0.664062 0.435417 0.734375 0.477083 0.735938 0.552083 0.865625 0.572917 0.923438 0.408333 0.998437 0.397917 0.917188 0.350000 0.734375 0.433333 0.728125 0.287500 0.778125 0.275000 0.787500 0.187500 0.748437 0.083333 0.610938 0.125000 0.548438 0.420833 0.490625 0.266667
8 0.000000 0.000000 0.000000 0.331250 0.059375 0.316667 0.053125 0.287500 0.075000 0.250000 0.042188 0.254167 0.071875 0.197917 0.035937 0.197917 0.054688 0.145833 0.035937 0.152083 0.050000 0.060417 0.023438 0.070833 0.039062 0.016667 0.018750 0.020833 0.018750 0.000000
10 0.018750 0.008333 0.043750 0.254167 0.134375 0.347917 0.275000 0.268750 0.420312 0.387500 0.490625 0.264583 0.534375 0.418750 0.589063 0.412500 0.635938 0.095833 0.750000 0.083333 0.789062 0.195833 0.732812 0.297917 0.881250 0.297917 0.998437 0.127083 0.998437 0.000000
13 0.998437 0.472917 0.934375 0.468750 0.889062 0.504167 0.871875 0.545833 0.871875 0.566667 0.884375 0.595833 0.896875 0.608333 0.915625 0.610417 0.928125 0.597917 0.946875 0.600000 0.953125 0.479167
13 0.526563 0.472917 0.526563 0.481250 0.543750 0.487500 0.543750 0.500000 0.550000 0.506250 0.575000 0.506250 0.578125 0.525000 0.585938 0.522917 0.589063 0.533333 0.618750 0.527083 0.645312 0.539583 0.646875 0.487500 0.639062 0.466667 0.596875 0.458333 0.582812 0.479167 0.564063 0.466667 0.534375 0.464583