0 0.073438 0.997917 0.998437 0.997917 0.998437 0.833333 0.931250 0.785417 0.870313 0.820833 0.821875 0.685417 0.534375 0.497917
1 0.628125 0.537500 0.623437 0.552083 0.823438 0.685417 0.826562 0.641667 0.762500 0.612500 0.748437 0.587500 0.689063 0.570833
1 0.532813 0.497917 0.000000 0.625000 0.000000 0.997917 0.075000 0.995833
2 0.926562 0.287500 0.856250 0.385417 0.835938 0.385417 0.829688 0.358333 0.803125 0.377083 0.743750 0.366667 0.709375 0.422917 0.707812 0.475000 0.723437 0.475000 0.720313 0.489583 0.785937 0.477083 0.840625 0.445833 0.895312 0.470833 0.906250 0.508333 0.928125 0.512500 0.929688 0.466667 0.906250 0.435417 0.907813 0.387500 0.928125 0.377083 0.923438 0.335417 0.906250 0.318750
2 0.260937 0.285417 0.346875 0.347917 0.356250 0.325000 0.384375 0.310417 0.418750 0.335417 0.417187 0.370833 0.429688 0.393750 0.462500 0.414583 0.464062 0.393750 0.429688 0.379167 0.429688 0.312500 0.371875 0.300000 0.353125 0.279167 0.346875 0.289583 0.343750 0.275000 0.331250 0.287500 0.271875 0.268750
3 0.187500 0.564583 0.175000 0.550000 0.004687 0.572917 0.000000 0.622917 0.160938 0.581250
3 0.762500 0.610417 0.826562 0.639583 0.832812 0.610417 0.851562 0.575000 0.870313 0.562500 0.893750 0.560417 0.893750 0.554167 0.879687 0.545833 0.771875 0.529167
4 0.648438 0.508333 0.646875 0.547917 0.684375 0.564583 0.687500 0.514583 0.667188 0.508333
4 0.781250 0.529167 0.879687 0.543750 0.901563 0.560417 0.943750 0.554167 0.968750 0.529167 0.993750 0.533333 0.998437 0.518750 0.912500 0.514583 0.881250 0.493750 0.834375 0.493750 0.793750 0.512500 0.795312 0.525000
4 0.000000 0.231250 0.000000 0.462500 0.021875 0.479167 0.000000 0.477083 0.000000 0.575000 0.175000 0.547917 0.176563 0.577083 0.514062 0.477083 0.431250 0.397917 0.323437 0.404167 0.068750 0.291667
8 0.464062 0.397917 0.521875 0.495833 0.618750 0.487500 0.640625 0.539583 0.648438 0.483333 0.689063 0.568750 0.739062 0.585417 0.817187 0.497917 0.904687 0.506250 0.840625 0.447917 0.706250 0.475000 0.729688 0.358333 0.770312 0.356250 0.756250 0.187500 0.635938 0.206250 0.623437 0.335417 0.567187 0.435417 0.529687 0.291667
8 0.971875 0.025000 0.979688 0.075000 0.932813 0.072917 0.945312 0.116667 0.909375 0.129167 0.945312 0.143750 0.967187 0.197917 0.953125 0.218750 0.929688 0.181250 0.932813 0.277083 0.907813 0.318750 0.929688 0.354167 0.907813 0.435417 0.931250 0.466667 0.931250 0.512500 0.998437 0.516667 0.998437 0.029167
8 0.000000 0.079167 0.000000 0.229167 0.068750 0.289583 0.323437 0.402083 0.428125 0.404167 0.417187 0.335417 0.378125 0.312500 0.346875 0.350000 0.176563 0.206250 0.192188 0.100000 0.170313 0.000000 0.046875 0.000000 0.065625 0.095833 0.028125 0.056250 0.032813 0.104167
10 0.178125 0.206250 0.429688 0.310417 0.460938 0.391667 0.529687 0.289583 0.567187 0.433333 0.635938 0.204167 0.756250 0.185417 0.760938 0.366667 0.856250 0.383333 0.928125 0.181250 0.965625 0.200000 0.909375 0.125000 0.998437 0.006250 0.171875 0.000000
10 0.000000 0.000000 0.000000 0.077083 0.032813 0.102083 0.028125 0.054167 0.037500 0.062500 0.053125 0.100000 0.060937 0.100000 0.065625 0.077083 0.048438 0.004167
13 0.767188 0.537500 0.757812 0.541667 0.756250 0.547917 0.753125 0.550000 0.751563 0.558333 0.746875 0.564583 0.750000 0.589583 0.757812 0.606250 0.760938 0.606250 0.762500 0.602083 0.762500 0.581250 0.767188 0.564583
13 0.998437 0.533333 0.968750 0.531250 0.943750 0.556250 0.870313 0.564583 0.846875 0.583333 0.823438 0.677083 0.835938 0.770833 0.859375 0.810417 0.903125 0.822917 0.931250 0.783333 0.998437 0.831250
13 0.553125 0.485417 0.550000 0.495833 0.560937 0.502083 0.562500 0.516667 0.578125 0.518750 0.584375 0.537500 0.600000 0.535417 0.610938 0.539583 0.614062 0.547917 0.626563 0.547917 0.625000 0.493750 0.600000 0.483333 0.589063 0.493750 0.575000 0.483333 0.567187 0.483333 0.564063 0.489583 0.559375 0.483333