0 0.156250 0.995833 0.998437 0.997917 0.998437 0.708333 0.515625 0.483333
1 0.648438 0.522917 0.648438 0.543750 0.998437 0.706250 0.998437 0.637500 0.971875 0.631250 0.959375 0.604167 0.909375 0.614583 0.889062 0.577083 0.746875 0.558333
1 0.507812 0.487500 0.112500 0.643750 0.000000 0.716667 0.000000 0.997917 0.154688 0.997917
2 0.615625 0.462500 0.637500 0.464583 0.637500 0.460417 0.640625 0.454167 0.650000 0.450000 0.651563 0.445833 0.650000 0.435417 0.623437 0.435417 0.620313 0.437500 0.617188 0.445833
2 0.998437 0.400000 0.934375 0.408333 0.932813 0.439583 0.943750 0.454167 0.943750 0.468750 0.976562 0.464583 0.998437 0.468750
2 0.418750 0.402083 0.384375 0.381250 0.381250 0.300000 0.290625 0.289583 0.285938 0.270833 0.276562 0.287500 0.271875 0.270833 0.182812 0.275000 0.142187 0.352083 0.090625 0.277083 0.048438 0.275000 0.031250 0.297917 0.135937 0.358333 0.271875 0.368750 0.267188 0.329167 0.306250 0.293750 0.356250 0.318750 0.354687 0.364583
2 0.998437 0.122917 0.953125 0.166667 0.890625 0.295833 0.842187 0.302083 0.831250 0.270833 0.814063 0.297917 0.734375 0.295833 0.712500 0.387500 0.759375 0.450000 0.767188 0.425000 0.778125 0.437500 0.828125 0.400000 0.859375 0.410417 0.881250 0.370833 0.929688 0.341667 0.998437 0.368750
3 0.290625 0.406250 0.278125 0.406250 0.271875 0.414583 0.276562 0.427083 0.275000 0.579167 0.296875 0.572917 0.304688 0.414583
3 0.000000 0.312500 0.000000 0.714583 0.087500 0.658333 0.073438 0.629167 0.078125 0.362500 0.090625 0.339583
4 0.000000 0.518750 0.001563 0.643750 0.001563 0.627083 0.004687 0.622917 0.004687 0.610417 0.001563 0.608333 0.004687 0.533333 0.001563 0.531250
4 0.975000 0.479167 0.967187 0.620833 0.971875 0.629167 0.998437 0.635417 0.998437 0.477083
4 0.665625 0.477083 0.662500 0.529167 0.735938 0.552083 0.735938 0.477083
4 0.076563 0.647917 0.275000 0.581250 0.260937 0.408333 0.284375 0.385417 0.321875 0.395833 0.298438 0.572917 0.490625 0.472917 0.325000 0.343750 0.320312 0.377083 0.089063 0.343750
8 0.262500 0.408333 0.264062 0.414583 0.270313 0.414583 0.271875 0.406250 0.290625 0.404167 0.309375 0.412500 0.310937 0.425000 0.320312 0.422917 0.318750 0.389583 0.284375 0.387500 0.284375 0.391667 0.267188 0.395833
8 0.268750 0.329167 0.273438 0.368750 0.320312 0.375000 0.321875 0.341667 0.350000 0.360417 0.357812 0.345833 0.354687 0.318750 0.335938 0.316667 0.306250 0.295833 0.300000 0.295833 0.292187 0.310417 0.278125 0.316667
8 0.420312 0.379167 0.492188 0.487500 0.565625 0.466667 0.568750 0.404167 0.570312 0.468750 0.573438 0.410417 0.587500 0.466667 0.651563 0.435417 0.650000 0.518750 0.664062 0.433333 0.737500 0.477083 0.737500 0.552083 0.873437 0.575000 0.931250 0.410417 0.998437 0.397917 0.929688 0.343750 0.737500 0.435417 0.728125 0.283333 0.778125 0.272917 0.748437 0.079167 0.690625 0.072917 0.593750 0.168750 0.589063 0.414583 0.518750 0.412500 0.485938 0.264583
8 0.000000 0.000000 0.000000 0.310417 0.046875 0.316667 0.029687 0.297917 0.064062 0.243750 0.029687 0.252083 0.060937 0.210417 0.059375 0.191667 0.026562 0.195833 0.046875 0.152083 0.026562 0.145833 0.040625 0.052083 0.010937 0.064583 0.029687 0.010417
10 0.007812 0.004167 0.031250 0.252083 0.128125 0.347917 0.285938 0.268750 0.418750 0.387500 0.485938 0.262500 0.545312 0.420833 0.639062 0.089583 0.750000 0.079167 0.789062 0.195833 0.732812 0.295833 0.881250 0.297917 0.998437 0.120833 0.998437 0.000000
13 0.998437 0.470833 0.945312 0.468750 0.901563 0.504167 0.882812 0.545833 0.882812 0.572917 0.892188 0.579167 0.901563 0.608333 0.929688 0.612500 0.940625 0.600000 0.965625 0.606250 0.970313 0.483333
13 0.526563 0.468750 0.525000 0.481250 0.537500 0.483333 0.542188 0.502083 0.575000 0.508333 0.578125 0.527083 0.585938 0.522917 0.589063 0.535417 0.618750 0.529167 0.646875 0.541667 0.650000 0.502083 0.645312 0.472917 0.639062 0.466667 0.596875 0.458333 0.584375 0.479167 0.576562 0.470833 0.540625 0.462500