0 0.175000 0.997917 0.998437 0.997917 0.998437 0.727083 0.537500 0.489583
1 0.651563 0.531250 0.685937 0.568750 0.998437 0.725000 0.998437 0.654167 0.846875 0.604167 0.832812 0.577083
1 0.528125 0.493750 0.303125 0.564583 0.000000 0.714583 0.000000 0.997917 0.173437 0.997917
2 0.632812 0.472917 0.639062 0.472917 0.643750 0.477083 0.651563 0.472917 0.656250 0.466667 0.657813 0.466667 0.660937 0.460417 0.657813 0.447917 0.639062 0.447917 0.639062 0.450000 0.635938 0.452083 0.632812 0.458333
2 0.218750 0.314583 0.229687 0.391667 0.317188 0.387500 0.326562 0.327083 0.364063 0.314583 0.395313 0.333333 0.393750 0.381250 0.446875 0.406250 0.431250 0.381250 0.414062 0.383333 0.415625 0.312500 0.350000 0.306250 0.340625 0.291667 0.331250 0.302083 0.328125 0.285417 0.318750 0.297917 0.309375 0.283333 0.304688 0.295833 0.234375 0.287500
2 0.998437 0.177083 0.948438 0.216667 0.887500 0.327083 0.837500 0.295833 0.826562 0.320833 0.753125 0.316667 0.720313 0.383333 0.742188 0.458333 0.842187 0.429167 0.904687 0.377083 0.990625 0.425000 0.904687 0.437500 0.901563 0.487500 0.998437 0.497917
3 0.246875 0.597917 0.212500 0.602083 0.229687 0.579167 0.003125 0.650000 0.000000 0.712500
3 0.879687 0.500000 0.875000 0.608333 0.998437 0.652083 0.998437 0.583333 0.953125 0.566667 0.937500 0.541667 0.945312 0.518750 0.975000 0.518750 0.993750 0.500000
3 0.278125 0.389583 0.253125 0.389583 0.264062 0.404167 0.265625 0.560417 0.250000 0.593750 0.253125 0.600000 0.282813 0.579167 0.285938 0.437500 0.293750 0.397917
4 0.998437 0.500000 0.995313 0.500000 0.993750 0.508333 0.984375 0.510417 0.975000 0.520833 0.960938 0.520833 0.959375 0.525000 0.945312 0.520833 0.945312 0.533333 0.939063 0.539583 0.940625 0.547917 0.953125 0.564583 0.973437 0.568750 0.993750 0.585417 0.998437 0.581250
4 0.671875 0.487500 0.668750 0.533333 0.712500 0.550000 0.723437 0.550000 0.725000 0.554167 0.725000 0.489583
4 0.514062 0.479167 0.487500 0.468750 0.467187 0.427083 0.390625 0.379167 0.387500 0.400000 0.296875 0.385417 0.284375 0.575000 0.510938 0.495833
4 0.000000 0.335417 0.000000 0.652083 0.218750 0.577083 0.229687 0.589583 0.212500 0.600000 0.248438 0.597917 0.228125 0.612500 0.253125 0.602083 0.257812 0.393750
8 0.351562 0.410417 0.351562 0.422917 0.354687 0.425000 0.354687 0.429167 0.359375 0.422917 0.379688 0.425000 0.385937 0.433333 0.387500 0.429167 0.387500 0.406250 0.384375 0.410417 0.376563 0.410417 0.375000 0.406250 0.359375 0.406250
8 0.318750 0.343750 0.315625 0.368750 0.318750 0.387500 0.387500 0.397917 0.389062 0.368750 0.395313 0.358333 0.393750 0.333333 0.379688 0.333333 0.364063 0.316667 0.345313 0.316667 0.337500 0.327083 0.328125 0.327083
8 0.446875 0.408333 0.515625 0.491667 0.587500 0.475000 0.589063 0.412500 0.592187 0.477083 0.657813 0.445833 0.654687 0.525000 0.670312 0.445833 0.726562 0.489583 0.726562 0.554167 0.818750 0.575000 0.904687 0.435417 0.989062 0.425000 0.901563 0.379167 0.743750 0.462500 0.718750 0.383333 0.796875 0.218750 0.762500 0.116667 0.629687 0.156250 0.623437 0.300000 0.560937 0.425000 0.512500 0.277083
8 0.000000 0.000000 0.000000 0.333333 0.225000 0.389583 0.212500 0.295833 0.135937 0.245833 0.139063 0.218750 0.110937 0.220833 0.129688 0.183333 0.112500 0.181250 0.123438 0.095833 0.103125 0.104167 0.115625 0.060417 0.095312 0.068750 0.090625 0.000000
10 0.092188 0.000000 0.135937 0.243750 0.220312 0.314583 0.415625 0.310417 0.435937 0.391667 0.512500 0.275000 0.554688 0.425000 0.653125 0.129167 0.764062 0.116667 0.776563 0.318750 0.887500 0.325000 0.998437 0.175000 0.998437 0.000000
13 0.920312 0.493750 0.875000 0.489583 0.842187 0.516667 0.828125 0.554167 0.831250 0.575000 0.843750 0.600000 0.856250 0.606250 0.871875 0.602083 0.878125 0.500000
13 0.546875 0.479167 0.546875 0.487500 0.562500 0.493750 0.562500 0.506250 0.567187 0.510417 0.587500 0.510417 0.590625 0.529167 0.600000 0.535417 0.607812 0.529167 0.626563 0.529167 0.643750 0.543750 0.650000 0.539583 0.653125 0.508333 0.646875 0.479167 0.612500 0.468750 0.596875 0.485417 0.579688 0.472917