0 0.156250 0.997917 0.998437 0.997917 0.998437 0.708333 0.515625 0.483333
1 0.648438 0.520833 0.646875 0.541667 0.998437 0.706250 0.998437 0.637500 0.960938 0.625000 0.954688 0.604167 0.901563 0.612500 0.882812 0.575000 0.748437 0.558333
1 0.510938 0.487500 0.195312 0.604167 0.001563 0.722917 0.000000 0.997917 0.157812 0.995833
2 0.615625 0.460417 0.628125 0.462500 0.631250 0.454167 0.639062 0.454167 0.640625 0.450000 0.650000 0.450000 0.651563 0.445833 0.650000 0.435417 0.646875 0.437500 0.640625 0.437500 0.639062 0.435417 0.625000 0.435417 0.621875 0.437500 0.617188 0.447917
2 0.998437 0.400000 0.928125 0.410417 0.928125 0.441667 0.932813 0.450000 0.934375 0.468750 0.998437 0.468750
2 0.418750 0.402083 0.404687 0.375000 0.384375 0.381250 0.382812 0.300000 0.185938 0.277083 0.140625 0.352083 0.095312 0.279167 0.056250 0.275000 0.045312 0.297917 0.112500 0.345833 0.103125 0.381250 0.262500 0.389583 0.250000 0.383333 0.275000 0.370833 0.268750 0.327083 0.301563 0.291667 0.356250 0.316667 0.354687 0.362500
2 0.998437 0.125000 0.925000 0.216667 0.892188 0.295833 0.845313 0.304167 0.829688 0.272917 0.812500 0.300000 0.734375 0.297917 0.712500 0.381250 0.734375 0.431250 0.756250 0.450000 0.764062 0.425000 0.856250 0.408333 0.879687 0.366667 0.921875 0.343750 0.998437 0.370833
3 0.281250 0.408333 0.278125 0.412500 0.282813 0.439583 0.281250 0.575000 0.293750 0.575000 0.303125 0.568750 0.312500 0.414583
3 0.053125 0.320833 0.000000 0.320833 0.023438 0.362500 0.037500 0.525000 0.035937 0.635417 0.000000 0.654167 0.000000 0.725000 0.107813 0.647917 0.095312 0.583333 0.100000 0.362500 0.110937 0.345833
4 0.965625 0.479167 0.960938 0.500000 0.956250 0.616667 0.998437 0.635417 0.998437 0.477083
4 0.664062 0.477083 0.662500 0.529167 0.732812 0.550000 0.732812 0.477083
4 0.103125 0.383333 0.101562 0.643750 0.279687 0.579167 0.276562 0.414583
4 0.251563 0.387500 0.262500 0.387500 0.262500 0.393750 0.267188 0.391667 0.276562 0.377083 0.307812 0.381250 0.321875 0.379167 0.318750 0.375000 0.260937 0.372917 0.253125 0.379167
4 0.326562 0.343750 0.326562 0.429167 0.312500 0.416667 0.303125 0.570833 0.490625 0.489583 0.490625 0.470833 0.459375 0.464583 0.448437 0.427083
4 0.003125 0.333333 0.000000 0.652083 0.032813 0.641667 0.035937 0.616667 0.021875 0.362500
5 0.632812 0.266667 0.634375 0.272917 0.653125 0.283333 0.667188 0.300000 0.667188 0.364583 0.664062 0.368750 0.664062 0.387500 0.667188 0.389583 0.668750 0.300000 0.659375 0.285417
8 0.356250 0.318750 0.301563 0.293750 0.270313 0.327083 0.275000 0.366667 0.318750 0.372917 0.321875 0.383333 0.182812 0.397917 0.268750 0.418750 0.304688 0.408333 0.325000 0.429167 0.325000 0.343750 0.353125 0.360417
8 0.420312 0.381250 0.492188 0.487500 0.567187 0.466667 0.568750 0.402083 0.571875 0.468750 0.575000 0.410417 0.587500 0.466667 0.651563 0.435417 0.648438 0.518750 0.664062 0.433333 0.735938 0.479167 0.735938 0.552083 0.865625 0.572917 0.928125 0.408333 0.998437 0.397917 0.921875 0.345833 0.734375 0.433333 0.728125 0.285417 0.778125 0.272917 0.787500 0.185417 0.748437 0.081250 0.609375 0.125000 0.546875 0.420833 0.489063 0.266667
8 0.000000 0.000000 0.000000 0.318750 0.046875 0.318750 0.043750 0.297917 0.068750 0.247917 0.034375 0.252083 0.060937 0.227083 0.067187 0.193750 0.029687 0.195833 0.051562 0.156250 0.029687 0.147917 0.045312 0.056250 0.015625 0.066667 0.034375 0.018750
10 0.014063 0.000000 0.035937 0.252083 0.131250 0.347917 0.273438 0.268750 0.418750 0.387500 0.489063 0.264583 0.532813 0.418750 0.589063 0.412500 0.635938 0.091667 0.750000 0.081250 0.789062 0.195833 0.732812 0.297917 0.881250 0.297917 0.998437 0.122917 0.998437 0.000000
13 0.998437 0.470833 0.940625 0.468750 0.896875 0.504167 0.876563 0.550000 0.876563 0.566667 0.887500 0.579167 0.890625 0.600000 0.912500 0.612500 0.932813 0.600000 0.954688 0.602083 0.962500 0.483333
13 0.526563 0.468750 0.525000 0.481250 0.539062 0.483333 0.548438 0.506250 0.575000 0.506250 0.578125 0.527083 0.584375 0.522917 0.589063 0.533333 0.614062 0.527083 0.645312 0.541667 0.648438 0.500000 0.639062 0.466667 0.596875 0.458333 0.582812 0.479167 0.575000 0.468750 0.537500 0.468750 0.534375 0.462500