0 0.156250 0.995833 0.998437 0.997917 0.998437 0.708333 0.515625 0.483333
1 0.654687 0.520833 0.653125 0.545833 0.998437 0.706250 0.998437 0.618750 0.943750 0.627083 0.917188 0.583333 0.753125 0.562500
1 0.504687 0.489583 0.000000 0.685417 0.000000 0.997917 0.154688 0.997917
2 0.617188 0.460417 0.634375 0.462500 0.637500 0.460417 0.640625 0.454167 0.648438 0.450000 0.653125 0.450000 0.653125 0.437500 0.650000 0.435417 0.646875 0.437500 0.625000 0.435417 0.623437 0.439583 0.620313 0.441667 0.620313 0.445833 0.617188 0.452083
2 0.998437 0.395833 0.993750 0.400000 0.971875 0.400000 0.970313 0.404167 0.953125 0.406250 0.951562 0.437500 0.959375 0.452083 0.957812 0.487500 0.962500 0.485417 0.970313 0.470833 0.998437 0.466667
2 0.015625 0.287500 0.017188 0.300000 0.029687 0.302083 0.037500 0.310417 0.028125 0.329167 0.117188 0.341667 0.084375 0.277083 0.031250 0.270833
2 0.123438 0.347917 0.156250 0.366667 0.259375 0.362500 0.259375 0.322917 0.295312 0.287500 0.348438 0.314583 0.346875 0.360417 0.414062 0.402083 0.401562 0.377083 0.379688 0.377083 0.378125 0.300000 0.284375 0.287500 0.279687 0.268750 0.270313 0.285417 0.265625 0.268750 0.256250 0.283333 0.176563 0.272917
2 0.998437 0.122917 0.951562 0.166667 0.903125 0.289583 0.843750 0.300000 0.843750 0.275000 0.823438 0.270833 0.814063 0.297917 0.737500 0.293750 0.743750 0.318750 0.717187 0.387500 0.770312 0.445833 0.835938 0.397917 0.873437 0.412500 0.940625 0.337500 0.998437 0.350000
3 0.267188 0.400000 0.245312 0.404167 0.253125 0.425000 0.250000 0.593750 0.275000 0.583333 0.279687 0.427083 0.285938 0.408333
4 0.668750 0.479167 0.667188 0.533333 0.701562 0.539583 0.746875 0.556250 0.746875 0.479167
4 0.000000 0.683333 0.248438 0.593750 0.248438 0.410417 0.178125 0.387500 0.303125 0.372917 0.275000 0.585417 0.489063 0.472917 0.304688 0.329167 0.300000 0.370833 0.000000 0.327083
5 0.634375 0.258333 0.640625 0.268750 0.660937 0.279167 0.671875 0.295833 0.670312 0.387500 0.673438 0.370833 0.673438 0.295833 0.665625 0.279167
8 0.303125 0.420833 0.301563 0.372917 0.245312 0.372917 0.240625 0.385417 0.229687 0.393750 0.178125 0.389583 0.182812 0.397917 0.234375 0.412500 0.246875 0.400000 0.267188 0.397917 0.285938 0.406250 0.289062 0.422917
8 0.260937 0.322917 0.260937 0.362500 0.301563 0.368750 0.304688 0.327083 0.343750 0.358333 0.353125 0.343750 0.348438 0.316667 0.325000 0.310417 0.295312 0.289583 0.278125 0.308333 0.267188 0.310417
8 0.918750 0.233333 0.914062 0.233333 0.904687 0.256250 0.906250 0.272917 0.903125 0.275000 0.896875 0.270833 0.896875 0.279167 0.892188 0.285417 0.889062 0.285417 0.892188 0.293750 0.903125 0.287500 0.904687 0.275000 0.907813 0.272917 0.912500 0.252083 0.920312 0.235417
8 0.415625 0.381250 0.490625 0.487500 0.564063 0.466667 0.567187 0.402083 0.570312 0.468750 0.573438 0.410417 0.589063 0.472917 0.650000 0.433333 0.657813 0.510417 0.668750 0.433333 0.748437 0.479167 0.748437 0.558333 0.910937 0.579167 0.998437 0.352083 0.743750 0.431250 0.712500 0.364583 0.793750 0.181250 0.751563 0.070833 0.690625 0.066667 0.593750 0.164583 0.589063 0.414583 0.517188 0.412500 0.485938 0.264583
8 0.018750 0.037500 0.000000 0.054167 0.000000 0.325000 0.025000 0.327083 0.035937 0.310417 0.014063 0.287500 0.050000 0.243750 0.015625 0.247917 0.040625 0.218750 0.046875 0.189583 0.009375 0.189583 0.031250 0.141667 0.009375 0.137500 0.026562 0.089583
10 0.000000 0.031250 0.017188 0.247917 0.121875 0.345833 0.279687 0.266667 0.414062 0.387500 0.485938 0.262500 0.543750 0.420833 0.589063 0.412500 0.635938 0.085417 0.753125 0.070833 0.795312 0.181250 0.745313 0.293750 0.889062 0.293750 0.998437 0.120833 0.998437 0.000000
13 0.998437 0.468750 0.970313 0.472917 0.921875 0.525000 0.910937 0.575000 0.921875 0.587500 0.921875 0.602083 0.932813 0.620833 0.959375 0.627083 0.975000 0.610417 0.998437 0.616667
13 0.523438 0.470833 0.521875 0.481250 0.537500 0.485417 0.540625 0.502083 0.575000 0.508333 0.578125 0.529167 0.587500 0.525000 0.593750 0.539583 0.623437 0.533333 0.651563 0.543750 0.654687 0.500000 0.645312 0.466667 0.600000 0.458333 0.584375 0.479167 0.568750 0.468750 0.539062 0.464583