0 0.167187 0.997917 0.998437 0.997917 0.998437 0.718750 0.515625 0.485417
1 0.706250 0.552083 0.706250 0.577083 0.998437 0.716667 0.996875 0.625000 0.834375 0.597917
1 0.506250 0.491667 0.003125 0.722917 0.000000 0.997917 0.168750 0.995833 0.326562 0.729167
2 0.264062 0.262500 0.264062 0.272917 0.290625 0.277083 0.304688 0.289583 0.323437 0.289583 0.326562 0.308333 0.314063 0.322917 0.318750 0.327083 0.315625 0.335417 0.368750 0.368750 0.364063 0.285417 0.282813 0.275000 0.275000 0.260417
2 0.229687 0.250000 0.231250 0.262500 0.223438 0.266667 0.226562 0.270833 0.243750 0.279167 0.250000 0.287500 0.259375 0.289583 0.259375 0.275000 0.260937 0.272917 0.259375 0.254167 0.256250 0.250000 0.248438 0.250000 0.246875 0.252083 0.243750 0.252083 0.240625 0.247917
2 0.000000 0.247917 0.000000 0.254167 0.003125 0.256250 0.007812 0.256250 0.009375 0.258333 0.021875 0.258333 0.023438 0.262500 0.035937 0.262500 0.037500 0.264583 0.040625 0.264583 0.034375 0.252083
2 0.998437 0.218750 0.957812 0.302083 0.957812 0.260417 0.906250 0.291667 0.881250 0.289583 0.879687 0.260417 0.862500 0.254167 0.843750 0.285417 0.771875 0.281250 0.779687 0.302083 0.737500 0.360417 0.781250 0.381250 0.806250 0.370833 0.817187 0.412500 0.850000 0.427083 0.901563 0.395833 0.993750 0.387500
4 0.712500 0.483333 0.712500 0.554167 0.848437 0.595833 0.845313 0.485417
4 0.000000 0.258333 0.000000 0.725000 0.485938 0.491667 0.404687 0.395833 0.079687 0.150000 0.078125 0.266667
5 0.673438 0.206250 0.670312 0.212500 0.695312 0.227083 0.715625 0.250000 0.715625 0.370833 0.720313 0.254167 0.709375 0.233333
8 0.262500 0.268750 0.259375 0.293750 0.314063 0.333333 0.317188 0.327083 0.312500 0.322917 0.325000 0.308333 0.323437 0.291667 0.304688 0.291667 0.290625 0.279167 0.264062 0.275000
8 0.995313 0.139583 0.982812 0.147917 0.982812 0.162500 0.975000 0.172917 0.978125 0.181250 0.989062 0.181250 0.990625 0.189583 0.968750 0.208333 0.967187 0.247917 0.956250 0.247917 0.960938 0.264583 0.953125 0.283333 0.956250 0.300000 0.982812 0.270833 0.985938 0.241667 0.998437 0.216667
8 0.401562 0.372917 0.487500 0.491667 0.564063 0.466667 0.568750 0.402083 0.573438 0.470833 0.668750 0.429167 0.706250 0.491667 0.712500 0.420833 0.714063 0.479167 0.845313 0.483333 0.846875 0.597917 0.998437 0.625000 0.998437 0.385417 0.850000 0.429167 0.735938 0.360417 0.839063 0.145833 0.787500 0.112500 0.787500 0.018750 0.623437 0.070833 0.567187 0.333333 0.600000 0.412500 0.514062 0.412500 0.482812 0.254167
9 0.285938 0.581250 0.268750 0.581250 0.246875 0.587500 0.245312 0.591667 0.226562 0.595833 0.223438 0.610417 0.225000 0.612500 0.240625 0.610417 0.242188 0.606250 0.248438 0.606250 0.250000 0.602083 0.270313 0.595833 0.271875 0.591667
10 0.000000 0.000000 0.000000 0.245833 0.075000 0.268750 0.079687 0.147917 0.364063 0.283333 0.396875 0.383333 0.482812 0.252083 0.540625 0.422917 0.600000 0.410417 0.565625 0.333333 0.656250 0.029167 0.792188 0.020833 0.840625 0.145833 0.776563 0.281250 0.939063 0.277083 0.998437 0.141667 0.998437 0.000000
13 0.518750 0.479167 0.520312 0.487500 0.537500 0.487500 0.539062 0.502083 0.553125 0.516667 0.573438 0.514583 0.587500 0.520833 0.590625 0.514583 0.590625 0.493750 0.585938 0.479167 0.579688 0.472917 0.568750 0.468750 0.545312 0.468750 0.540625 0.472917 0.537500 0.468750 0.523438 0.468750
13 0.642188 0.431250 0.615625 0.479167 0.604688 0.483333 0.598437 0.547917 0.614062 0.543750 0.621875 0.564583 0.653125 0.556250 0.682813 0.560417 0.690625 0.575000 0.701562 0.575000 0.710938 0.514583 0.685937 0.437500