0 0.175000 0.997917 0.998437 0.997917 0.998437 0.818750 0.957812 0.712500 0.507812 0.483333
1 0.656250 0.535417 0.656250 0.552083 0.962500 0.714583 0.959375 0.656250 0.973437 0.610417 0.765625 0.583333
1 0.493750 0.502083 0.050000 0.677083 0.043750 0.718750 0.000000 0.743750 0.000000 0.997917 0.173437 0.997917
2 0.928125 0.462500 0.909375 0.452083 0.879687 0.402083 0.837500 0.383333 0.826562 0.395833 0.762500 0.389583 0.729688 0.425000 0.726562 0.487500 0.771875 0.489583 0.787500 0.472917 0.804688 0.475000 0.821875 0.450000 0.845313 0.470833 0.875000 0.447917 0.904687 0.477083
2 0.998437 0.200000 0.984375 0.202083 0.982812 0.214583 0.929688 0.243750 0.910937 0.297917 0.931250 0.297917 0.946875 0.277083 0.965625 0.277083 0.976562 0.293750 0.975000 0.325000 0.987500 0.327083 0.981250 0.337500 0.985938 0.350000 0.998437 0.345833
2 0.170313 0.162500 0.171875 0.183333 0.301563 0.297917 0.304688 0.335417 0.317188 0.345833 0.306250 0.197917 0.185938 0.175000
3 0.654687 0.487500 0.656250 0.500000 0.659375 0.502083 0.659375 0.533333 0.664062 0.533333 0.665625 0.537500 0.682813 0.539583 0.698438 0.527083 0.704688 0.516667 0.700000 0.504167 0.687500 0.508333 0.679688 0.497917 0.681250 0.491667 0.695312 0.495833 0.693750 0.489583 0.698438 0.487500
4 0.681250 0.493750 0.687500 0.506250 0.700000 0.502083 0.706250 0.514583 0.698438 0.529167 0.684375 0.539583 0.706250 0.539583 0.732812 0.552083 0.764062 0.556250 0.768750 0.491667 0.695312 0.489583 0.695312 0.497917
4 0.000000 0.020833 0.000000 0.741667 0.042188 0.718750 0.054688 0.662500 0.470313 0.497917 0.470313 0.468750 0.306250 0.393750 0.301563 0.300000
8 0.573438 0.393750 0.571875 0.460417 0.581250 0.458333 0.590625 0.462500 0.592187 0.414583 0.589063 0.414583 0.587500 0.429167 0.582812 0.431250 0.579688 0.425000 0.578125 0.404167
8 0.304688 0.337500 0.310937 0.393750 0.381250 0.416667 0.384375 0.372917 0.426563 0.420833 0.423438 0.454167 0.473438 0.489583 0.568750 0.466667 0.564063 0.375000 0.542188 0.375000 0.539062 0.420833 0.492188 0.370833 0.507812 0.356250 0.473438 0.202083 0.432812 0.325000 0.420312 0.241667 0.407813 0.270833 0.398438 0.235417 0.395313 0.260417 0.359375 0.260417 0.315625 0.350000
8 0.679688 0.008333 0.698438 0.068750 0.612500 0.220833 0.659375 0.360417 0.593750 0.460417 0.723437 0.487500 0.757812 0.391667 0.840625 0.383333 0.929688 0.468750 0.821875 0.452083 0.765625 0.556250 0.995313 0.595833 0.998437 0.347917 0.965625 0.279167 0.909375 0.291667 0.981250 0.214583 0.998437 0.000000
8 0.000000 0.000000 0.000000 0.018750 0.017188 0.025000 0.050000 0.068750 0.153125 0.162500 0.139063 0.110417 0.146875 0.083333 0.126562 0.091667 0.107813 0.075000 0.096875 0.091667 0.059375 0.033333 0.054688 0.006250 0.050000 0.018750 0.034375 0.022917 0.018750 0.000000 0.007812 0.008333
9 0.096875 0.662500 0.092188 0.656250 0.082812 0.654167 0.078125 0.656250 0.076563 0.660417 0.064062 0.660417 0.060937 0.664583 0.054688 0.664583 0.050000 0.668750 0.050000 0.675000 0.056250 0.675000 0.057813 0.672917 0.075000 0.668750 0.076563 0.664583 0.082812 0.664583 0.084375 0.662500 0.093750 0.664583
9 0.682813 0.541667 0.757812 0.579167 0.879687 0.595833 0.814063 0.568750
9 0.379688 0.375000 0.382812 0.387500 0.381250 0.418750 0.390625 0.420833 0.390625 0.445833 0.421875 0.454167 0.417187 0.437500 0.425000 0.420833 0.418750 0.408333 0.398438 0.385417
10 0.982812 0.145833 0.981250 0.154167 0.989062 0.164583 0.990625 0.175000 0.984375 0.179167 0.978125 0.200000 0.998437 0.197917 0.998437 0.145833 0.996875 0.147917
10 0.020313 0.000000 0.146875 0.081250 0.173437 0.168750 0.306250 0.195833 0.318750 0.341667 0.398438 0.233333 0.432812 0.322917 0.473438 0.200000 0.518750 0.414583 0.551562 0.366667 0.585938 0.429167 0.657813 0.360417 0.610938 0.220833 0.698438 0.000000
13 0.996875 0.593750 0.975000 0.610417 0.960938 0.668750 0.968750 0.739583 0.978125 0.752083 0.985938 0.791667 0.998437 0.816667
13 0.514062 0.470833 0.514062 0.485417 0.535937 0.487500 0.543750 0.506250 0.554688 0.502083 0.556250 0.520833 0.565625 0.529167 0.573438 0.520833 0.578125 0.537500 0.587500 0.531250 0.592187 0.547917 0.620313 0.539583 0.654687 0.550000 0.657813 0.502083 0.626563 0.456250 0.596875 0.452083 0.592187 0.464583 0.548438 0.466667 0.537500 0.479167 0.532813 0.468750 0.526563 0.477083 0.521875 0.462500