0 0.176563 0.997917 0.998437 0.997917 0.998437 0.718750 0.465625 0.493750 0.490625 0.506250
1 0.692187 0.543750 0.690625 0.568750 0.998437 0.716667 0.998437 0.629167 0.843750 0.608333
1 0.489063 0.504167 0.228125 0.600000 0.110937 0.704167 0.062500 0.706250 0.057813 0.681250 0.000000 0.710417 0.000000 0.997917 0.175000 0.997917
2 0.771875 0.481250 0.848437 0.489583 0.868750 0.462500 0.892188 0.468750 0.918750 0.433333 0.932813 0.454167 0.953125 0.458333 0.982812 0.431250 0.998437 0.433333 0.998437 0.389583 0.973437 0.370833 0.826562 0.362500 0.775000 0.412500
2 0.125000 0.145833 0.134375 0.183333 0.162500 0.208333 0.175000 0.247917 0.237500 0.262500 0.242188 0.297917 0.257812 0.281250 0.281250 0.279167 0.290625 0.304167 0.278125 0.175000
4 0.682813 0.483333 0.693750 0.508333 0.693750 0.543750 0.737500 0.547917 0.834375 0.572917 0.850000 0.556250 0.846875 0.489583
4 0.000000 0.056250 0.000000 0.708333 0.115625 0.700000 0.179688 0.625000 0.462500 0.502083 0.432812 0.420833 0.357812 0.445833 0.350000 0.406250 0.135937 0.331250 0.120313 0.122917 0.100000 0.139583
8 0.998437 0.435417 0.982812 0.433333 0.953125 0.460417 0.932813 0.456250 0.918750 0.435417 0.889062 0.472917 0.875000 0.462500 0.860938 0.468750 0.848437 0.491667 0.851562 0.556250 0.843750 0.572917 0.998437 0.614583
8 0.571875 0.393750 0.570312 0.468750 0.571875 0.427083 0.576562 0.425000 0.575000 0.460417 0.581250 0.454167 0.592187 0.456250 0.593750 0.404167 0.585938 0.416667 0.585938 0.425000 0.578125 0.427083
8 0.132812 0.185417 0.135937 0.329167 0.350000 0.404167 0.357812 0.443750 0.454688 0.429167 0.465625 0.491667 0.532813 0.481250 0.548438 0.410417 0.565625 0.464583 0.559375 0.372917 0.528125 0.420833 0.484375 0.364583 0.462500 0.187500 0.417187 0.327083 0.398438 0.204167 0.342187 0.208333 0.293750 0.310417
8 0.679688 0.022917 0.690625 0.060417 0.659375 0.058333 0.651563 0.160417 0.629687 0.166667 0.660937 0.187500 0.635938 0.256250 0.671875 0.339583 0.637500 0.410417 0.598437 0.400000 0.596875 0.456250 0.770312 0.483333 0.773438 0.412500 0.826562 0.360417 0.998437 0.387500 0.998437 0.000000
8 0.000000 0.000000 0.000000 0.054167 0.021875 0.072917 0.037500 0.064583 0.040625 0.060417 0.034375 0.052083 0.032813 0.045833 0.035937 0.041667 0.031250 0.039583 0.023438 0.027083 0.017188 0.000000
9 0.714063 0.550000 0.843750 0.606250 0.998437 0.627083 0.996875 0.614583 0.912500 0.587500
10 0.018750 0.000000 0.023438 0.072917 0.100000 0.137500 0.278125 0.172917 0.293750 0.308333 0.376563 0.195833 0.423438 0.325000 0.462500 0.185417 0.515625 0.414583 0.548438 0.362500 0.584375 0.425000 0.578125 0.364583 0.621875 0.402083 0.670312 0.339583 0.628125 0.166667 0.695312 0.000000
13 0.509375 0.468750 0.507812 0.485417 0.529687 0.487500 0.539062 0.506250 0.556250 0.502083 0.559375 0.527083 0.584375 0.531250 0.589063 0.547917 0.603125 0.539583 0.610938 0.562500 0.662500 0.554167 0.689063 0.568750 0.692187 0.508333 0.671875 0.468750 0.581250 0.456250 0.570312 0.470833 0.546875 0.464583 0.532813 0.483333 0.517188 0.464583