0 0.175000 0.997917 0.998437 0.997917 0.998437 0.831250 0.939063 0.697917 0.506250 0.483333
1 0.654687 0.535417 0.654687 0.552083 0.937500 0.695833 0.935937 0.652083 0.950000 0.606250 0.760938 0.581250
1 0.492188 0.502083 0.078125 0.660417 0.053125 0.718750 0.000000 0.727083 0.000000 0.997917 0.173437 0.997917
2 0.721875 0.487500 0.768750 0.489583 0.784375 0.472917 0.801562 0.475000 0.818750 0.450000 0.842187 0.472917 0.870313 0.447917 0.898438 0.477083 0.923438 0.464583 0.898438 0.447917 0.871875 0.402083 0.840625 0.389583 0.760938 0.389583 0.729688 0.420833
2 0.975000 0.204167 0.962500 0.229167 0.923438 0.247917 0.906250 0.300000 0.931250 0.297917 0.946875 0.277083 0.962500 0.283333 0.968750 0.295833 0.967187 0.329167 0.978125 0.327083 0.976562 0.352083 0.995313 0.352083 0.987500 0.377083 0.998437 0.383333 0.998437 0.202083
2 0.171875 0.162500 0.178125 0.187500 0.306250 0.302083 0.310937 0.345833 0.317188 0.347917 0.306250 0.197917 0.176563 0.175000
3 0.653125 0.489583 0.656250 0.500000 0.656250 0.533333 0.665625 0.533333 0.667188 0.537500 0.687500 0.537500 0.689063 0.533333 0.700000 0.533333 0.712500 0.518750 0.715625 0.508333 0.715625 0.489583 0.656250 0.485417
4 0.689063 0.535417 0.704688 0.537500 0.734375 0.552083 0.759375 0.554167 0.764062 0.539583 0.764062 0.491667 0.717187 0.489583 0.714063 0.518750 0.700000 0.535417
4 0.000000 0.025000 0.000000 0.725000 0.053125 0.716667 0.082812 0.647917 0.470313 0.500000 0.442188 0.458333 0.459375 0.431250 0.389062 0.379167 0.387500 0.420833 0.310937 0.395833 0.306250 0.304167
8 0.573438 0.393750 0.571875 0.460417 0.579688 0.458333 0.589063 0.462500 0.592187 0.414583 0.589063 0.414583 0.585938 0.429167 0.581250 0.431250 0.578125 0.404167
8 0.310937 0.347917 0.310937 0.393750 0.387500 0.418750 0.389062 0.377083 0.459375 0.429167 0.443750 0.458333 0.473438 0.491667 0.568750 0.466667 0.564063 0.375000 0.542188 0.375000 0.539062 0.420833 0.490625 0.368750 0.507812 0.356250 0.473438 0.202083 0.432812 0.331250 0.420312 0.243750 0.407813 0.270833 0.398438 0.237500
8 0.678125 0.010417 0.695312 0.075000 0.610938 0.225000 0.659375 0.354167 0.593750 0.458333 0.720313 0.487500 0.760938 0.387500 0.840625 0.387500 0.925000 0.470833 0.818750 0.452083 0.760938 0.556250 0.996875 0.579167 0.993750 0.352083 0.962500 0.285417 0.904687 0.293750 0.998437 0.143750 0.998437 0.000000
8 0.000000 0.000000 0.001563 0.027083 0.045312 0.054167 0.154688 0.162500 0.145313 0.114583 0.153125 0.089583 0.128125 0.097917 0.115625 0.079167 0.104688 0.097917 0.064062 0.039583 0.064062 0.014583 0.053125 0.029167 0.037500 0.029167 0.026562 0.000000 0.014063 0.016667
9 0.131250 0.643750 0.115625 0.641667 0.114062 0.643750 0.096875 0.645833 0.090625 0.650000 0.082812 0.650000 0.078125 0.658333 0.084375 0.658333 0.092188 0.654167 0.115625 0.652083 0.121875 0.650000 0.125000 0.643750
9 0.676562 0.539583 0.753125 0.577083 0.881250 0.595833 0.840625 0.575000 0.734375 0.554167 0.704688 0.539583
10 0.998437 0.145833 0.989062 0.152083 0.975000 0.150000 0.975000 0.158333 0.984375 0.175000 0.982812 0.181250 0.978125 0.183333 0.971875 0.197917 0.973437 0.202083 0.981250 0.200000 0.982812 0.204167 0.992188 0.197917 0.998437 0.200000
10 0.028125 0.000000 0.153125 0.087500 0.176563 0.172917 0.306250 0.195833 0.320312 0.350000 0.398438 0.235417 0.432812 0.329167 0.473438 0.200000 0.520312 0.414583 0.551562 0.366667 0.584375 0.429167 0.656250 0.360417 0.609375 0.225000 0.698438 0.000000
13 0.998437 0.577083 0.954688 0.602083 0.937500 0.652083 0.942187 0.716667 0.957812 0.770833 0.975000 0.808333 0.998437 0.829167
13 0.510938 0.479167 0.535937 0.489583 0.543750 0.506250 0.553125 0.502083 0.562500 0.527083 0.573438 0.522917 0.578125 0.537500 0.587500 0.531250 0.590625 0.547917 0.620313 0.539583 0.653125 0.550000 0.653125 0.493750 0.626563 0.456250 0.596875 0.452083 0.592187 0.464583 0.548438 0.466667 0.537500 0.479167 0.526563 0.477083 0.521875 0.462500