0 0.182812 0.997917 0.998437 0.997917 0.998437 0.718750 0.470313 0.493750 0.492188 0.506250
1 0.678125 0.541667 0.676562 0.560417 0.998437 0.716667 0.998437 0.620833 0.803125 0.593750
1 0.490625 0.504167 0.284375 0.577083 0.220312 0.641667 0.178125 0.629167 0.001563 0.697917 0.000000 0.997917 0.181250 0.997917
2 0.756250 0.418750 0.756250 0.483333 0.818750 0.489583 0.835938 0.464583 0.853125 0.470833 0.873437 0.441667 0.901563 0.464583 0.935937 0.437500 0.970313 0.466667 0.993750 0.460417 0.934375 0.383333 0.801562 0.372917
2 0.998437 0.210417 0.998437 0.214583 0.989062 0.227083 0.978125 0.227083 0.971875 0.235417 0.978125 0.247917 0.975000 0.262500 0.978125 0.260417 0.979688 0.264583 0.989062 0.266667 0.990625 0.262500 0.998437 0.260417
2 0.125000 0.135417 0.125000 0.152083 0.218750 0.227083 0.225000 0.268750 0.273438 0.279167 0.275000 0.314583 0.301563 0.306250 0.290625 0.183333 0.146875 0.156250 0.142187 0.135417
4 0.670312 0.483333 0.679688 0.504167 0.679688 0.537500 0.804688 0.566667 0.814063 0.558333 0.817187 0.489583
4 0.000000 0.039583 0.000000 0.700000 0.170313 0.627083 0.220312 0.639583 0.276562 0.579167 0.468750 0.497917 0.468750 0.468750 0.370312 0.443750 0.367188 0.410417 0.226562 0.362500 0.221875 0.233333
8 0.575000 0.393750 0.571875 0.464583 0.575000 0.460417 0.575000 0.416667 0.578125 0.416667 0.578125 0.458333 0.584375 0.454167 0.592187 0.458333 0.595313 0.412500 0.593750 0.404167 0.584375 0.431250 0.579688 0.425000
8 0.568750 0.466667 0.565625 0.375000 0.546875 0.364583 0.520312 0.416667 0.489063 0.364583 0.506250 0.352083 0.468750 0.191667 0.428125 0.331250 0.407813 0.218750 0.396875 0.250000 0.385937 0.212500 0.381250 0.239583 0.356250 0.225000 0.282813 0.318750 0.273438 0.281250 0.225000 0.270833 0.229687 0.362500 0.367188 0.408333 0.373437 0.443750 0.468750 0.466667 0.470313 0.491667 0.543750 0.472917 0.551562 0.412500
8 0.687500 0.018750 0.623437 0.191667 0.662500 0.375000 0.601562 0.400000 0.596875 0.456250 0.751563 0.483333 0.801562 0.370833 0.934375 0.381250 0.995313 0.460417 0.873437 0.443750 0.823438 0.479167 0.812500 0.566667 0.998437 0.618750 0.998437 0.262500 0.970313 0.237500 0.998437 0.000000
8 0.000000 0.000000 0.003125 0.041667 0.098437 0.125000 0.073438 0.047917 0.082812 0.018750 0.067187 0.018750 0.053125 0.035417 0.043750 0.008333 0.031250 0.004167 0.025000 0.018750 0.018750 0.018750 0.007812 0.000000
9 0.706250 0.547917 0.803125 0.591667 0.975000 0.616667 0.810937 0.566667
9 0.359375 0.362500 0.360938 0.377083 0.365625 0.385417 0.371875 0.385417 0.384375 0.391667 0.390625 0.391667 0.392188 0.389583 0.389062 0.383333 0.385937 0.383333 0.384375 0.379167 0.371875 0.364583 0.368750 0.364583 0.367188 0.362500
10 0.009375 0.000000 0.082812 0.016667 0.120313 0.147917 0.290625 0.181250 0.303125 0.302083 0.385937 0.210417 0.428125 0.329167 0.468750 0.189583 0.520312 0.414583 0.573438 0.368750 0.584375 0.429167 0.579688 0.366667 0.623437 0.404167 0.665625 0.352083 0.621875 0.191667 0.725000 0.002083
13 0.510938 0.475000 0.512500 0.485417 0.534375 0.487500 0.543750 0.506250 0.557813 0.502083 0.559375 0.522917 0.581250 0.529167 0.584375 0.543750 0.598437 0.537500 0.606250 0.558333 0.623437 0.547917 0.676562 0.558333 0.676562 0.497917 0.631250 0.452083 0.603125 0.447917 0.571875 0.468750 0.548438 0.464583 0.534375 0.483333 0.521875 0.468750