0 0.112500 0.995833 0.998437 0.997917 0.998437 0.729167 0.793750 0.625000 0.709375 0.635417 0.626563 0.545833 0.478125 0.493750
1 0.854688 0.654167 0.998437 0.727083 0.996875 0.656250 0.884375 0.616667 0.873437 0.633333 0.862500 0.635417
1 0.606250 0.518750 0.604688 0.533333 0.607812 0.533333 0.620313 0.543750 0.626563 0.543750 0.628125 0.547917 0.631250 0.547917 0.642188 0.556250 0.645312 0.531250 0.632812 0.531250 0.615625 0.525000
1 0.495312 0.502083 0.234375 0.595833 0.003125 0.725000 0.000000 0.997917 0.123438 0.985417
2 0.654687 0.477083 0.673438 0.470833 0.675000 0.481250 0.678125 0.481250 0.706250 0.450000 0.728125 0.443750 0.746875 0.445833 0.748437 0.441667 0.746875 0.435417 0.735938 0.431250 0.671875 0.425000 0.659375 0.439583
2 0.271875 0.243750 0.273438 0.283333 0.345313 0.345833 0.340625 0.254167
2 0.998437 0.260417 0.940625 0.270833 0.934375 0.264583 0.939063 0.231250 0.910937 0.227083 0.900000 0.262500 0.835938 0.260417 0.826562 0.306250 0.842187 0.297917 0.850000 0.320833 0.893750 0.300000 0.921875 0.306250 0.931250 0.339583 0.981250 0.314583 0.998437 0.320833
3 0.671875 0.472917 0.654687 0.479167 0.653125 0.487500 0.610938 0.487500 0.601562 0.483333 0.606250 0.500000 0.606250 0.516667 0.632812 0.529167 0.645312 0.529167 0.654687 0.510417 0.660937 0.506250 0.657813 0.493750 0.662500 0.487500 0.670312 0.487500 0.671875 0.491667 0.676562 0.485417
4 0.871875 0.493750 0.889062 0.543750 0.882812 0.614583 0.998437 0.658333 0.998437 0.497917
4 0.000000 0.079167 0.000000 0.675000 0.476562 0.495833 0.265625 0.270833
5 0.817187 0.389583 0.814063 0.404167 0.814063 0.416667 0.812500 0.418750 0.812500 0.456250 0.818750 0.456250 0.818750 0.393750
5 0.762500 0.070833 0.757812 0.085417 0.800000 0.112500 0.823438 0.145833 0.821875 0.335417 0.829688 0.145833 0.817187 0.118750
8 0.568750 0.402083 0.567187 0.466667 0.568750 0.468750 0.576562 0.468750 0.576562 0.435417 0.578125 0.431250 0.575000 0.429167 0.576562 0.422917 0.573438 0.408333
8 0.378125 0.347917 0.375000 0.372917 0.404687 0.400000 0.404687 0.439583 0.426563 0.443750 0.431250 0.464583 0.475000 0.472917 0.478125 0.491667 0.498437 0.477083 0.501563 0.491667 0.518750 0.466667 0.546875 0.468750 0.550000 0.418750 0.551562 0.468750 0.564063 0.466667 0.560937 0.385417 0.539062 0.387500 0.537500 0.427083 0.506250 0.402083 0.475000 0.235417 0.451562 0.304167 0.431250 0.325000 0.425000 0.304167 0.418750 0.320833 0.404687 0.312500
8 0.164062 0.197917 0.271875 0.277083 0.271875 0.231250 0.264062 0.239583 0.257812 0.233333 0.243750 0.237500 0.232813 0.216667 0.221875 0.214583 0.217188 0.195833 0.212500 0.206250 0.206250 0.206250 0.201563 0.185417 0.195312 0.197917 0.189062 0.181250
8 0.643750 0.000000 0.581250 0.460417 0.810937 0.456250 0.817187 0.387500 0.871875 0.491667 0.998437 0.495833 0.995313 0.316667 0.820312 0.337500 0.821875 0.145833 0.754687 0.081250 0.818750 0.118750 0.850000 0.231250 0.893750 0.200000 0.915625 0.020833
9 0.248438 0.572917 0.000000 0.677083 0.000000 0.727083 0.076563 0.668750 0.248438 0.589583
9 0.334375 0.550000 0.304688 0.552083 0.303125 0.556250 0.287500 0.556250 0.285938 0.560417 0.268750 0.562500 0.268750 0.583333 0.279687 0.579167 0.285938 0.570833 0.307812 0.568750 0.309375 0.564583 0.323437 0.558333 0.326562 0.552083
10 0.865625 0.000000 0.851562 0.043750 0.915625 0.018750 0.896875 0.066667 0.918750 0.058333 0.920312 0.081250 0.882812 0.122917 0.893750 0.204167 0.850000 0.233333 0.834375 0.208333 0.835938 0.256250 0.900000 0.260417 0.903125 0.231250 0.925000 0.222917 0.940625 0.231250 0.940625 0.268750 0.998437 0.258333 0.998437 0.000000
10 0.000000 0.000000 0.000000 0.077083 0.125000 0.172917 0.340625 0.252083 0.371875 0.370833 0.475000 0.233333 0.518750 0.418750 0.546875 0.377083 0.576562 0.429167 0.615625 0.397917 0.575000 0.302083 0.645312 0.175000 0.642188 0.000000
13 0.603125 0.533333 0.604688 0.500000 0.598437 0.462500 0.584375 0.458333 0.578125 0.472917 0.542188 0.470833 0.537500 0.479167 0.532813 0.468750 0.515625 0.472917 0.512500 0.487500 0.532813 0.491667 0.537500 0.506250 0.554688 0.525000 0.568750 0.529167 0.576562 0.522917
13 0.648438 0.522917 0.646875 0.589583 0.665625 0.581250 0.693750 0.595833 0.709375 0.633333 0.746875 0.612500 0.806250 0.622917 0.845313 0.656250 0.881250 0.614583 0.881250 0.518750 0.862500 0.479167 0.829688 0.460417 0.710938 0.450000 0.662500 0.489583