0 0.112500 0.995833 0.998437 0.997917 0.998437 0.754167 0.803125 0.747917 0.760938 0.666667 0.654687 0.627083 0.634375 0.560417 0.517188 0.491667 0.414062 0.504167 0.459375 0.529167
1 0.457813 0.525000 0.414062 0.516667 0.000000 0.691667 0.000000 0.997917 0.110937 0.997917
1 0.589063 0.512500 0.589063 0.533333 0.645312 0.566667 0.645312 0.525000 0.629687 0.514583 0.628125 0.533333 0.625000 0.535417 0.623437 0.516667 0.592187 0.518750
1 0.485938 0.493750 0.478125 0.489583 0.468750 0.493750 0.467187 0.497917 0.451562 0.502083 0.414062 0.502083 0.417187 0.502083 0.418750 0.506250 0.478125 0.506250
2 0.275000 0.295833 0.275000 0.304167 0.271875 0.306250 0.278125 0.310417 0.279687 0.314583 0.290625 0.320833 0.292187 0.325000 0.314063 0.333333 0.312500 0.322917 0.314063 0.318750 0.284375 0.312500 0.282813 0.310417 0.282813 0.295833
2 0.851562 0.233333 0.782813 0.266667 0.782813 0.229167 0.764062 0.229167 0.751563 0.285417 0.710938 0.300000 0.709375 0.318750 0.648438 0.375000 0.654687 0.431250 0.712500 0.450000 0.742188 0.416667 0.798438 0.391667 0.785937 0.366667 0.793750 0.318750 0.840625 0.304167 0.850000 0.275000 0.829688 0.268750 0.826562 0.250000
2 0.926562 0.206250 0.923438 0.202083 0.907813 0.197917 0.876563 0.212500 0.875000 0.216667 0.856250 0.227083 0.864062 0.227083 0.867188 0.222917 0.876563 0.225000 0.878125 0.220833 0.881250 0.225000 0.892188 0.220833 0.900000 0.227083 0.909375 0.218750 0.917188 0.225000 0.920312 0.235417 0.926562 0.220833
2 0.001563 0.072917 0.003125 0.089583 0.093750 0.164583 0.056250 0.029167 0.057813 0.068750 0.034375 0.097917 0.017188 0.091667
4 0.625000 0.487500 0.617188 0.487500 0.614062 0.483333 0.610938 0.489583 0.596875 0.489583 0.595313 0.514583 0.603125 0.514583 0.604688 0.516667 0.609375 0.514583 0.612500 0.516667 0.620313 0.516667 0.623437 0.514583
4 0.000000 0.689583 0.409375 0.518750 0.415625 0.468750 0.000000 0.364583
5 0.604688 0.297917 0.632812 0.333333 0.626563 0.533333 0.634375 0.331250
8 0.634375 0.393750 0.631250 0.512500 0.639062 0.443750 0.646875 0.431250 0.653125 0.429167 0.654687 0.406250 0.648438 0.395833
8 0.614062 0.368750 0.596875 0.389583 0.592187 0.408333 0.587500 0.408333 0.585938 0.422917 0.581250 0.422917 0.581250 0.460417 0.589063 0.468750 0.589063 0.487500 0.593750 0.483333 0.610938 0.487500 0.614062 0.481250 0.625000 0.485417 0.629687 0.387500
8 0.709375 0.312500 0.704688 0.312500 0.701562 0.316667 0.693750 0.300000 0.692187 0.310417 0.685937 0.312500 0.685937 0.320833 0.681250 0.327083 0.676562 0.318750 0.675000 0.331250 0.670312 0.337500 0.673438 0.347917 0.678125 0.345833 0.679688 0.341667 0.709375 0.316667
8 0.998437 0.087500 0.909375 0.185417 0.928125 0.206250 0.920312 0.237500 0.909375 0.220833 0.856250 0.229167 0.848437 0.212500 0.853125 0.235417 0.826562 0.262500 0.851562 0.279167 0.840625 0.306250 0.795312 0.318750 0.792188 0.383333 0.998437 0.393750
8 0.421875 0.070833 0.368750 0.177083 0.382812 0.256250 0.268750 0.343750 0.296875 0.408333 0.257812 0.422917 0.409375 0.462500 0.400000 0.393750 0.414062 0.497917 0.515625 0.489583 0.535937 0.404167 0.537500 0.475000 0.564063 0.456250 0.565625 0.385417 0.531250 0.347917 0.514062 0.429167 0.482812 0.391667
8 0.998437 0.052083 0.990625 0.054167 0.989062 0.058333 0.968750 0.062500 0.967187 0.066667 0.960938 0.066667 0.959375 0.070833 0.950000 0.075000 0.943750 0.070833 0.937500 0.072917 0.935937 0.087500 0.943750 0.095833 0.965625 0.089583 0.990625 0.066667 0.998437 0.070833
8 0.000000 0.000000 0.000000 0.075000 0.001563 0.070833 0.006250 0.072917 0.017188 0.089583 0.026562 0.089583 0.034375 0.095833 0.051562 0.079167 0.056250 0.068750 0.057813 0.052083 0.053125 0.014583 0.045312 0.000000
9 0.000000 0.093750 0.000000 0.362500 0.239063 0.420833 0.293750 0.412500 0.295312 0.377083 0.265625 0.360417 0.290625 0.322917
10 0.050000 0.000000 0.100000 0.172917 0.300000 0.314583 0.381250 0.256250 0.428125 0.068750 0.512500 0.427083 0.531250 0.345833 0.584375 0.422917 0.629687 0.385417 0.606250 0.295833 0.650000 0.395833 0.764062 0.227083 0.903125 0.200000 0.998437 0.085417 0.934375 0.087500 0.998437 0.000000
13 0.489063 0.472917 0.489063 0.477083 0.487500 0.479167 0.487500 0.489583 0.495312 0.489583 0.496875 0.491667 0.500000 0.491667 0.501563 0.489583 0.503125 0.491667 0.514062 0.491667 0.514062 0.483333 0.512500 0.483333 0.510938 0.479167 0.506250 0.479167 0.506250 0.481250 0.503125 0.483333 0.498437 0.470833 0.490625 0.470833
13 0.518750 0.483333 0.518750 0.497917 0.528125 0.497917 0.529687 0.512500 0.545312 0.527083 0.556250 0.518750 0.568750 0.522917 0.570312 0.529167 0.575000 0.525000 0.585938 0.529167 0.587500 0.468750 0.584375 0.462500 0.551562 0.456250 0.535937 0.483333 0.529687 0.479167
13 0.642188 0.439583 0.654687 0.625000 0.689063 0.616667 0.760938 0.664583 0.803125 0.745833 0.845313 0.747917 0.862500 0.722917 0.998437 0.752083 0.998437 0.395833 0.859375 0.379167 0.745313 0.416667 0.712500 0.452083