0 0.135937 0.997917 0.998437 0.997917 0.998437 0.797917 0.865625 0.716667 0.814063 0.737500 0.775000 0.627083 0.659375 0.622917 0.587500 0.531250 0.482812 0.489583 0.429688 0.508333 0.468750 0.522917
1 0.467187 0.518750 0.281250 0.572917 0.000000 0.708333 0.000000 0.997917 0.134375 0.997917
1 0.581250 0.512500 0.581250 0.516667 0.579688 0.518750 0.579688 0.525000 0.584375 0.529167 0.587500 0.529167 0.592187 0.535417 0.595313 0.535417 0.598437 0.539583 0.598437 0.529167 0.600000 0.527083 0.600000 0.518750 0.601562 0.514583 0.589063 0.514583 0.587500 0.516667 0.584375 0.512500
1 0.485938 0.493750 0.475000 0.493750 0.473438 0.497917 0.462500 0.502083 0.429688 0.502083 0.429688 0.506250 0.482812 0.506250 0.485938 0.502083
2 0.279687 0.316667 0.285938 0.329167 0.306250 0.335417 0.307812 0.339583 0.312500 0.339583 0.323437 0.350000 0.331250 0.350000 0.339062 0.335417 0.303125 0.331250 0.301563 0.316667 0.298438 0.314583 0.293750 0.316667 0.292187 0.327083 0.289062 0.322917 0.282813 0.322917
2 0.801562 0.260417 0.756250 0.285417 0.756250 0.254167 0.740625 0.250000 0.731250 0.300000 0.703125 0.308333 0.639062 0.383333 0.645312 0.435417 0.726562 0.427083 0.715625 0.422917 0.707812 0.389583 0.718750 0.354167 0.743750 0.350000 0.737500 0.310417 0.759375 0.291667 0.792188 0.308333 0.806250 0.283333
4 0.812500 0.487500 0.826562 0.508333 0.832812 0.541667 0.875000 0.535417 0.879687 0.531250 0.881250 0.510417 0.889062 0.502083 0.910937 0.506250 0.926562 0.489583
4 0.614062 0.487500 0.610938 0.483333 0.606250 0.483333 0.603125 0.489583 0.590625 0.489583 0.587500 0.485417 0.585938 0.489583 0.581250 0.487500 0.581250 0.510417 0.585938 0.512500 0.587500 0.506250 0.589063 0.512500 0.601562 0.512500 0.606250 0.500000 0.610938 0.495833 0.610938 0.489583
4 0.000000 0.706250 0.425000 0.518750 0.429688 0.470833 0.000000 0.368750
8 0.620313 0.387500 0.617188 0.468750 0.623437 0.441667 0.628125 0.435417 0.643750 0.435417 0.643750 0.402083 0.632812 0.400000
8 0.614062 0.381250 0.603125 0.383333 0.596875 0.389583 0.585938 0.418750 0.578125 0.420833 0.578125 0.466667 0.581250 0.485417 0.584375 0.487500 0.587500 0.483333 0.590625 0.487500 0.603125 0.487500 0.612500 0.475000
8 0.685937 0.306250 0.685937 0.316667 0.678125 0.320833 0.678125 0.329167 0.675000 0.333333 0.671875 0.333333 0.670312 0.329167 0.667188 0.333333 0.667188 0.339583 0.664062 0.343750 0.664062 0.347917 0.667188 0.352083 0.676562 0.345833 0.678125 0.341667 0.681250 0.341667 0.682813 0.337500 0.696875 0.322917 0.696875 0.320833 0.695312 0.322917 0.690625 0.320833
8 0.998437 0.000000 0.875000 0.000000 0.914062 0.093750 0.873437 0.208333 0.848437 0.175000 0.807813 0.191667 0.848437 0.200000 0.792188 0.310417 0.739062 0.310417 0.717187 0.422917 0.865625 0.489583 0.928125 0.487500 0.998437 0.435417
8 0.000000 0.000000 0.003125 0.356250 0.414062 0.466667 0.426563 0.410417 0.429688 0.500000 0.534375 0.481250 0.537500 0.406250 0.562500 0.460417 0.551562 0.364583 0.515625 0.431250 0.462500 0.339583 0.435937 0.112500 0.395313 0.279167 0.323437 0.352083 0.220312 0.266667 0.279687 0.141667 0.275000 0.020833
9 0.000000 0.329167 0.000000 0.366667 0.087500 0.385417 0.054688 0.375000 0.043750 0.364583 0.003125 0.358333 0.000000 0.347917 0.009375 0.331250
10 0.221875 0.266667 0.356250 0.335417 0.435937 0.110417 0.517188 0.429167 0.567187 0.350000 0.581250 0.420833 0.607812 0.335417 0.639062 0.397917 0.740625 0.247917 0.821875 0.245833 0.846875 0.191667 0.810937 0.185417 0.876563 0.204167 0.912500 0.093750 0.873437 0.000000 0.253125 0.000000 0.281250 0.141667
13 0.492188 0.475000 0.492188 0.481250 0.490625 0.483333 0.490625 0.487500 0.492188 0.489583 0.496875 0.489583 0.498437 0.491667 0.512500 0.491667 0.514062 0.495833 0.517188 0.495833 0.517188 0.483333 0.506250 0.483333 0.504687 0.481250 0.504687 0.472917 0.493750 0.472917
13 0.521875 0.483333 0.520312 0.495833 0.529687 0.497917 0.531250 0.510417 0.542188 0.520833 0.546875 0.516667 0.562500 0.516667 0.565625 0.522917 0.570312 0.520833 0.578125 0.525000 0.579688 0.472917 0.576562 0.464583 0.546875 0.460417 0.534375 0.483333 0.532813 0.479167 0.525000 0.479167
13 0.625000 0.441667 0.604688 0.579167 0.643750 0.581250 0.659375 0.620833 0.768750 0.620833 0.807813 0.731250 0.845313 0.741667 0.865625 0.714583 0.998437 0.795833 0.998437 0.437500 0.837500 0.543750 0.785937 0.441667