0 0.104688 0.997917 0.998437 0.997917 0.998437 0.818750 0.862500 0.795833 0.800000 0.635417 0.479687 0.485417 0.396875 0.508333 0.453125 0.537500
1 0.607812 0.520833 0.606250 0.537500 0.801562 0.633333 0.803125 0.581250 0.775000 0.562500 0.710938 0.560417 0.695312 0.541667 0.664062 0.543750 0.634375 0.529167 0.653125 0.520833
1 0.451562 0.531250 0.396875 0.518750 0.000000 0.697917 0.000000 0.997917 0.103125 0.997917
1 0.485938 0.493750 0.478125 0.487500 0.467187 0.497917 0.442188 0.504167 0.396875 0.497917 0.396875 0.506250 0.473438 0.508333
2 0.760938 0.443750 0.768750 0.447917 0.787500 0.443750 0.787500 0.437500 0.790625 0.433333 0.793750 0.435417 0.793750 0.431250 0.787500 0.431250 0.785937 0.429167 0.767188 0.429167 0.764062 0.431250 0.764062 0.439583 0.760938 0.441667
2 0.998437 0.125000 0.829688 0.225000 0.825000 0.185417 0.803125 0.185417 0.787500 0.252083 0.667188 0.354167 0.675000 0.433333 0.690625 0.412500 0.793750 0.418750 0.818750 0.454167 0.926562 0.487500 0.996875 0.477083 0.996875 0.285417 0.978125 0.266667 0.998437 0.235417
3 0.000000 0.097917 0.000000 0.304167 0.131250 0.364583 0.084375 0.385417 0.123438 0.393750 0.114062 0.383333 0.170313 0.370833 0.173437 0.329167 0.151562 0.306250 0.168750 0.302083 0.168750 0.279167 0.140625 0.270833 0.123438 0.220833 0.131250 0.204167 0.145313 0.212500
4 0.710938 0.487500 0.707812 0.541667 0.710938 0.558333 0.746875 0.552083 0.760938 0.560417 0.775000 0.560417 0.775000 0.554167 0.767188 0.547917 0.767188 0.533333 0.776563 0.487500 0.723437 0.483333
4 0.653125 0.483333 0.632812 0.479167 0.629687 0.487500 0.617188 0.485417 0.610938 0.487500 0.607812 0.516667 0.609375 0.518750 0.610938 0.516667 0.612500 0.518750 0.653125 0.518750
4 0.000000 0.695833 0.393750 0.527083 0.395313 0.460417 0.000000 0.370833
5 0.626563 0.254167 0.662500 0.302083 0.654687 0.539583 0.665625 0.302083
8 0.576562 0.412500 0.575000 0.414583 0.575000 0.447917 0.584375 0.447917 0.587500 0.450000 0.587500 0.418750 0.585938 0.416667 0.581250 0.416667 0.579688 0.420833 0.576562 0.416667
8 0.664062 0.389583 0.659375 0.502083 0.662500 0.504167 0.662500 0.518750 0.671875 0.520833 0.665625 0.510417 0.673438 0.439583 0.673438 0.395833 0.670312 0.389583
8 0.623437 0.352083 0.618750 0.364583 0.615625 0.358333 0.615625 0.370833 0.609375 0.372917 0.596875 0.400000 0.592187 0.450000 0.604688 0.452083 0.607812 0.481250 0.612500 0.485417 0.629687 0.485417 0.632812 0.477083 0.653125 0.481250 0.657813 0.385417 0.645312 0.381250 0.629687 0.352083
8 0.754687 0.268750 0.742188 0.270833 0.740625 0.281250 0.729688 0.275000 0.723437 0.283333 0.726562 0.289583 0.720313 0.295833 0.714063 0.291667 0.709375 0.279167 0.706250 0.293750 0.698438 0.295833 0.701562 0.306250 0.695312 0.308333 0.690625 0.302083 0.682813 0.320833 0.687500 0.335417
8 0.998437 0.237500 0.998437 0.245833 0.990625 0.262500 0.979688 0.266667 0.979688 0.270833 0.987500 0.281250 0.993750 0.283333 0.998437 0.289583 0.990625 0.297917 0.993750 0.308333 0.998437 0.308333
8 0.112500 0.177083 0.198437 0.408333 0.393750 0.458333 0.364063 0.379167 0.396875 0.379167 0.409375 0.500000 0.535937 0.477083 0.537500 0.397917 0.539062 0.481250 0.546875 0.395833 0.570312 0.447917 0.551562 0.347917 0.514062 0.425000 0.450000 0.304167 0.481250 0.279167 0.418750 0.020833 0.309375 0.302083
9 0.659375 0.525000 0.659375 0.539583 0.662500 0.539583 0.664062 0.541667 0.667188 0.541667 0.668750 0.539583 0.693750 0.539583 0.693750 0.535417 0.690625 0.535417 0.681250 0.529167 0.678125 0.529167 0.671875 0.522917 0.662500 0.522917
9 0.115625 0.383333 0.125000 0.393750 0.146875 0.393750 0.159375 0.404167 0.209375 0.412500 0.198437 0.410417 0.192188 0.402083 0.192188 0.379167 0.185938 0.375000 0.162500 0.372917 0.156250 0.383333 0.145313 0.389583
9 0.000000 0.306250 0.000000 0.368750 0.076563 0.383333 0.110937 0.383333 0.106250 0.372917 0.129688 0.370833 0.129688 0.364583 0.106250 0.352083 0.037500 0.331250 0.010937 0.304167
10 0.000000 0.000000 0.000000 0.089583 0.281250 0.300000 0.367188 0.229167 0.418750 0.018750 0.514062 0.422917 0.573438 0.322917 0.579688 0.418750 0.659375 0.383333 0.626563 0.252083 0.670312 0.387500 0.803125 0.183333 0.998437 0.122917 0.998437 0.000000
13 0.490625 0.468750 0.489063 0.477083 0.487500 0.479167 0.487500 0.485417 0.489063 0.487500 0.496875 0.487500 0.498437 0.489583 0.504687 0.489583 0.506250 0.491667 0.515625 0.491667 0.515625 0.483333 0.514062 0.479167 0.503125 0.479167 0.501563 0.477083 0.500000 0.468750
13 0.521875 0.479167 0.520312 0.495833 0.534375 0.497917 0.535937 0.512500 0.546875 0.525000 0.560937 0.529167 0.564063 0.522917 0.593750 0.529167 0.600000 0.537500 0.606250 0.533333 0.607812 0.483333 0.603125 0.452083 0.560937 0.450000 0.537500 0.485417 0.532813 0.477083
13 0.679688 0.420833 0.667188 0.510417 0.701562 0.545833 0.712500 0.483333 0.778125 0.487500 0.768750 0.547917 0.804688 0.581250 0.806250 0.685417 0.842187 0.777083 0.901563 0.806250 0.942187 0.781250 0.998437 0.816667 0.998437 0.477083 0.926562 0.489583 0.818750 0.456250 0.801562 0.422917
14 0.753125 0.466667 0.753125 0.470833 0.764062 0.468750 0.770312 0.475000 0.778125 0.477083 0.779687 0.475000 0.779687 0.462500 0.782813 0.460417 0.782813 0.458333 0.781250 0.460417 0.778125 0.452083 0.773438 0.454167 0.771875 0.450000 0.765625 0.447917 0.764062 0.458333