0 0.148438 0.997917 0.998437 0.997917 0.998437 0.722917 0.856250 0.672917 0.796875 0.706250 0.770312 0.641667 0.609375 0.570833 0.579688 0.508333 0.443750 0.493750 0.475000 0.508333
1 0.473438 0.508333 0.315625 0.552083 0.000000 0.702083 0.000000 0.997917 0.146875 0.997917
2 0.318750 0.427083 0.326562 0.433333 0.373437 0.441667 0.396875 0.450000 0.387500 0.422917 0.379688 0.429167 0.371875 0.427083 0.364063 0.433333 0.348438 0.433333 0.332813 0.418750 0.328125 0.418750 0.325000 0.427083
2 0.310937 0.320833 0.312500 0.329167 0.345313 0.352083 0.346875 0.356250 0.353125 0.350000 0.353125 0.343750 0.356250 0.339583 0.364063 0.341667 0.365625 0.345833 0.371875 0.339583 0.351562 0.337500 0.348438 0.333333 0.320312 0.331250 0.317188 0.327083 0.317188 0.316667 0.312500 0.316667
2 0.739062 0.264583 0.718750 0.270833 0.715625 0.310417 0.696875 0.310417 0.687500 0.331250 0.632812 0.383333 0.639062 0.433333 0.685937 0.439583 0.670312 0.404167 0.675000 0.379167 0.696875 0.370833 0.693750 0.341667 0.700000 0.329167 0.739062 0.335417 0.748437 0.289583 0.739062 0.291667
2 0.000000 0.000000 0.000000 0.043750 0.114062 0.143750 0.103125 0.118750 0.101562 0.081250 0.120313 0.037500 0.118750 0.025000
4 0.000000 0.700000 0.439063 0.506250 0.442188 0.464583 0.000000 0.347917
8 0.603125 0.381250 0.593750 0.385417 0.593750 0.391667 0.589063 0.393750 0.589063 0.402083 0.584375 0.408333 0.585938 0.414583 0.576562 0.422917 0.576562 0.477083 0.590625 0.481250 0.587500 0.468750 0.598437 0.468750 0.603125 0.462500 0.607812 0.383333
8 0.612500 0.379167 0.607812 0.450000 0.610938 0.447917 0.610938 0.443750 0.617188 0.433333 0.637500 0.431250 0.637500 0.400000 0.634375 0.395833 0.626563 0.395833 0.620313 0.387500 0.617188 0.387500
8 0.681250 0.310417 0.679688 0.318750 0.676562 0.322917 0.671875 0.322917 0.671875 0.325000 0.675000 0.327083 0.673438 0.333333 0.667188 0.333333 0.665625 0.331250 0.667188 0.329167 0.665625 0.329167 0.665625 0.335417 0.660937 0.343750 0.662500 0.352083 0.668750 0.347917 0.671875 0.341667 0.682813 0.331250 0.687500 0.329167 0.687500 0.322917 0.684375 0.318750 0.684375 0.312500
8 0.435937 0.129167 0.392188 0.310417 0.348438 0.358333 0.281250 0.337500 0.315625 0.397917 0.270313 0.418750 0.387500 0.420833 0.434375 0.458333 0.437500 0.410417 0.443750 0.491667 0.515625 0.441667 0.523438 0.477083 0.539062 0.404167 0.540625 0.464583 0.564063 0.452083 0.564063 0.385417 0.535937 0.352083 0.520312 0.422917 0.490625 0.391667
8 0.771875 0.000000 0.818750 0.081250 0.818750 0.154167 0.764062 0.137500 0.776563 0.197917 0.804688 0.197917 0.792188 0.250000 0.748437 0.241667 0.781250 0.258333 0.739062 0.337500 0.698438 0.333333 0.678125 0.429167 0.721875 0.470833 0.845313 0.431250 0.998437 0.477083 0.998437 0.000000
8 0.123438 0.000000 0.103125 0.081250 0.115625 0.145833 0.310937 0.329167 0.317188 0.250000 0.345313 0.229167 0.329688 0.200000 0.343750 0.150000 0.321875 0.147917 0.310937 0.095833 0.326562 0.064583 0.309375 0.014583 0.298438 0.041667 0.300000 0.000000 0.253125 0.000000 0.243750 0.031250 0.229687 0.000000 0.139063 0.000000 0.139063 0.016667
9 0.000000 0.045833 0.001563 0.350000 0.245312 0.412500 0.314063 0.397917 0.273438 0.347917 0.329688 0.352083
10 0.296875 0.018750 0.345313 0.150000 0.318750 0.327083 0.390625 0.310417 0.445312 0.127083 0.518750 0.420833 0.535937 0.350000 0.579688 0.416667 0.585938 0.329167 0.632812 0.393750 0.718750 0.268750 0.762500 0.279167 0.803125 0.206250 0.762500 0.137500 0.817187 0.154167 0.770312 0.000000
10 0.231250 0.000000 0.229687 0.006250 0.226562 0.008333 0.228125 0.010417 0.228125 0.014583 0.232813 0.016667 0.234375 0.012500 0.240625 0.020833 0.239063 0.027083 0.240625 0.029167 0.243750 0.029167 0.246875 0.025000 0.248438 0.008333 0.251563 0.000000
10 0.021875 0.000000 0.109375 0.022917 0.125000 0.022917 0.117188 0.014583 0.121875 0.008333 0.121875 0.000000
13 0.523438 0.479167 0.523438 0.487500 0.531250 0.491667 0.531250 0.502083 0.535937 0.502083 0.540625 0.508333 0.560937 0.506250 0.564063 0.512500 0.573438 0.512500 0.575000 0.508333 0.575000 0.472917 0.571875 0.458333 0.545312 0.456250 0.539062 0.468750 0.534375 0.472917 0.526563 0.472917
13 0.589063 0.468750 0.582812 0.547917 0.665625 0.566667 0.678125 0.616667 0.703125 0.602083 0.770312 0.639583 0.796875 0.704167 0.834375 0.704167 0.856250 0.670833 0.998437 0.720833 0.998437 0.483333 0.968750 0.452083 0.784375 0.435417 0.717187 0.479167 0.704688 0.447917 0.635938 0.433333