0 0.182812 0.510417 0.182812 0.537500 0.235937 0.543750 0.237500 0.547917 0.243750 0.547917 0.243750 0.514583
0 0.085938 0.997917 0.998437 0.997917 0.998437 0.739583 0.615625 0.587500 0.514062 0.491667 0.253125 0.516667 0.364063 0.631250
1 0.734375 0.545833 0.723437 0.600000 0.998437 0.737500 0.998437 0.631250 0.857812 0.618750 0.734375 0.564583 0.796875 0.556250
1 0.356250 0.595833 0.182812 0.539583 0.168750 0.614583 0.003125 0.691667 0.000000 0.997917 0.090625 0.991667 0.353125 0.650000
1 0.182812 0.500000 0.182812 0.508333 0.193750 0.510417 0.223438 0.510417 0.225000 0.512500 0.243750 0.512500 0.245312 0.510417 0.245312 0.504167 0.240625 0.500000 0.239063 0.502083
1 0.478125 0.491667 0.465625 0.483333 0.412500 0.508333 0.253125 0.502083 0.253125 0.514583 0.451562 0.520833
2 0.876563 0.168750 0.742188 0.295833 0.753125 0.302083 0.745313 0.479167 0.796875 0.485417 0.793750 0.437500 0.803125 0.410417 0.839063 0.377083 0.865625 0.377083
2 0.993750 0.000000 0.968750 0.031250 0.968750 0.106250 0.885938 0.164583 0.878125 0.377083 0.909375 0.377083 0.932813 0.410417 0.915625 0.566667 0.950000 0.564583 0.962500 0.420833 0.998437 0.312500
4 0.734375 0.481250 0.734375 0.539583 0.807813 0.543750 0.798438 0.512500 0.798438 0.487500
4 0.421875 0.479167 0.421875 0.487500 0.420312 0.489583 0.420312 0.495833 0.421875 0.497917 0.420312 0.502083 0.435937 0.502083 0.442188 0.497917 0.437500 0.497917 0.435937 0.495833 0.435937 0.489583 0.434375 0.487500 0.434375 0.475000 0.428125 0.475000
4 0.000000 0.375000 0.000000 0.693750 0.178125 0.602083 0.179688 0.420833
5 0.592187 0.275000 0.589063 0.275000 0.587500 0.456250 0.590625 0.456250
5 0.248438 0.229167 0.245312 0.568750 0.251563 0.566667 0.256250 0.266667
5 0.845313 0.000000 0.881250 0.070833 0.856250 0.583333 0.867188 0.616667 0.889062 0.091667 0.876563 0.029167
7 0.170313 0.222917 0.170313 0.239583 0.173437 0.245833 0.192188 0.245833 0.210938 0.252083 0.246875 0.252083 0.246875 0.233333
8 0.909375 0.379167 0.876563 0.379167 0.873437 0.577083 0.907813 0.566667 0.912500 0.541667 0.921875 0.533333 0.923438 0.458333 0.931250 0.410417 0.926562 0.395833
8 0.848437 0.377083 0.828125 0.385417 0.796875 0.425000 0.800000 0.512500 0.815625 0.564583 0.856250 0.575000 0.865625 0.379167
8 0.625000 0.356250 0.614062 0.368750 0.614062 0.381250 0.609375 0.385417 0.609375 0.410417 0.601562 0.395833 0.595313 0.406250 0.592187 0.404167 0.592187 0.379167 0.592187 0.454167 0.606250 0.422917 0.625000 0.412500
8 0.087500 0.262500 0.075000 0.270833 0.079687 0.287500 0.075000 0.293750 0.073438 0.304167 0.081250 0.312500 0.084375 0.327083 0.090625 0.329167 0.090625 0.318750 0.098437 0.320833 0.098437 0.316667 0.092188 0.314583 0.090625 0.304167 0.092188 0.291667 0.098437 0.295833 0.098437 0.270833
8 0.818750 0.208333 0.784375 0.218750 0.770312 0.245833 0.756250 0.225000 0.743750 0.260417 0.732812 0.252083 0.723437 0.308333 0.742188 0.320833 0.715625 0.379167 0.679688 0.285417 0.665625 0.310417 0.657813 0.297917 0.631250 0.358333 0.631250 0.408333 0.720313 0.418750 0.743750 0.479167 0.746875 0.435417 0.732812 0.416667 0.748437 0.395833 0.751563 0.302083 0.740625 0.295833
8 0.100000 0.243750 0.192188 0.481250 0.243750 0.495833 0.246875 0.254167 0.170313 0.220833 0.256250 0.233333 0.253125 0.495833 0.585938 0.456250 0.551562 0.325000 0.509375 0.416667 0.442188 0.329167 0.462500 0.233333 0.418750 0.206250 0.467187 0.175000 0.415625 0.164583 0.450000 0.131250 0.417187 0.000000 0.281250 0.000000 0.267188 0.152083 0.206250 0.106250
9 0.868750 0.581250 0.868750 0.616667 0.898438 0.627083 0.998437 0.629167 0.998437 0.608333 0.987500 0.577083 0.951562 0.566667 0.906250 0.566667 0.895312 0.577083
9 0.735938 0.562500 0.856250 0.612500 0.856250 0.577083 0.821875 0.570833 0.806250 0.545833 0.784375 0.545833 0.796875 0.552083 0.790625 0.560417
9 0.182812 0.479167 0.182812 0.497917 0.239063 0.500000 0.240625 0.497917 0.243750 0.500000 0.239063 0.495833 0.225000 0.493750 0.223438 0.489583 0.214062 0.487500 0.212500 0.483333 0.192188 0.483333 0.190625 0.479167
9 0.000000 0.133333 0.007812 0.233333 0.000000 0.372917 0.140625 0.400000 0.131250 0.352083 0.107813 0.337500 0.098437 0.310417 0.118750 0.291667 0.098437 0.243750 0.120313 0.227083
10 0.854688 0.000000 0.878125 0.029167 0.887500 0.056250 0.887500 0.160417 0.967187 0.106250 0.967187 0.031250 0.989062 0.000000
10 0.418750 0.000000 0.451562 0.131250 0.417187 0.164583 0.468750 0.175000 0.420312 0.216667 0.457813 0.214583 0.443750 0.329167 0.482812 0.337500 0.503125 0.414583 0.531250 0.310417 0.578125 0.391667 0.589063 0.272917 0.593750 0.404167 0.678125 0.283333 0.728125 0.368750 0.731250 0.252083 0.878125 0.162500 0.843750 0.000000
10 0.000000 0.000000 0.000000 0.131250 0.059375 0.172917 0.050000 0.143750 0.103125 0.210417 0.151562 0.212500 0.162500 0.193750 0.146875 0.143750 0.189062 0.183333 0.206250 0.104167 0.264062 0.154167 0.245312 0.089583 0.290625 0.100000 0.279687 0.000000
13 0.520312 0.472917 0.515625 0.483333 0.515625 0.495833 0.518750 0.497917 0.528125 0.495833 0.529687 0.497917 0.535937 0.500000 0.537500 0.495833 0.535937 0.475000 0.534375 0.472917
13 0.479687 0.464583 0.479687 0.470833 0.476562 0.477083 0.476562 0.483333 0.478125 0.485417 0.489063 0.485417 0.490625 0.487500 0.493750 0.485417 0.498437 0.489583 0.509375 0.491667 0.509375 0.479167 0.504687 0.472917 0.500000 0.472917 0.495312 0.479167 0.492188 0.475000 0.490625 0.464583 0.485938 0.462500
13 0.550000 0.493750 0.548438 0.527083 0.565625 0.539583 0.576562 0.531250 0.581250 0.558333 0.604688 0.552083 0.615625 0.585417 0.646875 0.568750 0.721875 0.597917 0.731250 0.575000 0.732812 0.468750 0.720313 0.420833 0.628125 0.410417 0.606250 0.425000 0.590625 0.458333 0.567187 0.462500
13 0.998437 0.314583 0.968750 0.397917 0.950000 0.545833 0.953125 0.568750 0.990625 0.577083 0.998437 0.606250