0 0.000000 0.520833 0.000000 0.589583 0.168750 0.695833 0.034375 0.997917 0.998437 0.997917 0.998437 0.743750 0.706250 0.664583 0.540625 0.504167
1 0.879687 0.681250 0.998437 0.741667 0.998437 0.660417 0.953125 0.643750 0.950000 0.662500 0.939063 0.670833 0.926562 0.668750 0.920312 0.689583
1 0.000000 0.591667 0.000000 0.997917 0.032813 0.997917 0.145313 0.806250 0.167187 0.695833 0.153125 0.656250 0.110937 0.625000
1 0.476562 0.493750 0.400000 0.518750 0.000000 0.500000 0.000000 0.518750 0.442188 0.533333
2 0.000000 0.285417 0.000000 0.325000 0.007812 0.325000 0.009375 0.322917 0.010937 0.325000 0.017188 0.325000 0.020313 0.322917 0.017188 0.316667 0.017188 0.312500 0.015625 0.312500 0.012500 0.306250 0.012500 0.300000 0.009375 0.297917 0.007812 0.291667 0.004687 0.287500 0.001563 0.287500
2 0.000000 0.154167 0.000000 0.200000 0.014063 0.200000 0.017188 0.195833 0.017188 0.189583 0.015625 0.189583 0.012500 0.183333 0.012500 0.175000 0.004687 0.154167
2 0.998437 0.077083 0.800000 0.256250 0.814063 0.275000 0.810937 0.352083 0.931250 0.389583 0.948438 0.589583 0.995313 0.608333 0.967187 0.420833 0.998437 0.356250
3 0.000000 0.481250 0.000000 0.497917 0.020313 0.497917 0.021875 0.495833 0.028125 0.495833 0.028125 0.489583 0.023438 0.489583 0.021875 0.487500 0.014063 0.487500 0.012500 0.483333 0.003125 0.483333
5 0.606250 0.247917 0.601562 0.247917 0.600000 0.450000
8 0.998437 0.358333 0.968750 0.420833 0.984375 0.537500 0.976562 0.545833 0.990625 0.560417 0.995313 0.572917 0.990625 0.589583 0.998437 0.595833
8 0.653125 0.331250 0.646875 0.350000 0.640625 0.339583 0.637500 0.362500 0.623437 0.368750 0.623437 0.393750 0.617188 0.393750 0.612500 0.408333 0.604688 0.402083 0.606250 0.368750 0.604688 0.450000 0.640625 0.454167 0.656250 0.414583 0.657813 0.341667
8 0.717187 0.245833 0.704688 0.260417 0.701562 0.281250 0.692187 0.258333 0.682813 0.310417 0.671875 0.306250 0.670312 0.318750 0.660937 0.320833 0.660937 0.404167 0.696875 0.377083 0.754687 0.354167 0.751563 0.335417 0.743750 0.337500 0.743750 0.306250 0.726562 0.260417 0.720313 0.270833
8 0.856250 0.172917 0.837500 0.183333 0.829688 0.202083 0.821875 0.191667 0.807813 0.202083 0.809375 0.218750 0.798438 0.220833 0.787500 0.197917 0.782813 0.216667 0.770312 0.220833 0.770312 0.239583 0.757812 0.231250 0.746875 0.264583 0.753125 0.268750 0.748437 0.291667 0.765625 0.291667 0.756250 0.316667 0.764062 0.352083 0.809375 0.352083 0.812500 0.275000 0.798438 0.256250 0.864062 0.193750
8 0.028125 0.031250 0.076563 0.150000 0.000000 0.108333 0.026562 0.502083 0.400000 0.516667 0.535937 0.472917 0.539062 0.372917 0.542188 0.495833 0.598437 0.454167 0.592187 0.350000 0.579688 0.414583 0.532813 0.302083 0.503125 0.420833 0.479687 0.306250 0.418750 0.277083 0.464062 0.106250 0.404687 0.095833 0.415625 0.000000 0.184375 0.000000 0.209375 0.085417 0.114062 0.000000 0.093750 0.097917
9 0.948438 0.602083 0.948438 0.616667 0.945312 0.620833 0.951562 0.641667 0.970313 0.647917 0.971875 0.652083 0.998437 0.658333 0.998437 0.610417 0.979688 0.604167
10 0.442188 0.139583 0.432812 0.139583 0.431250 0.143750 0.428125 0.141667 0.425000 0.141667 0.423438 0.143750 0.415625 0.143750 0.414062 0.141667 0.409375 0.145833 0.407813 0.152083 0.409375 0.154167 0.418750 0.154167 0.420312 0.158333 0.426563 0.158333 0.429688 0.154167 0.434375 0.152083 0.435937 0.147917 0.440625 0.141667 0.442188 0.141667
10 0.417187 0.264583 0.481250 0.306250 0.503125 0.418750 0.532813 0.300000 0.585938 0.402083 0.601562 0.245833 0.610938 0.406250 0.717187 0.243750 0.762500 0.352083 0.756250 0.231250 0.995313 0.079167 0.998437 0.000000 0.417187 0.000000 0.440625 0.050000 0.406250 0.095833 0.465625 0.106250
10 0.156250 0.000000 0.164062 0.029167 0.167187 0.012500 0.179688 0.016667 0.187500 0.043750 0.182812 0.052083 0.182812 0.062500 0.189062 0.070833 0.200000 0.070833 0.209375 0.083333 0.215625 0.075000 0.203125 0.054167 0.198437 0.029167 0.189062 0.018750 0.182812 0.000000
10 0.000000 0.000000 0.000000 0.106250 0.048438 0.127083 0.051562 0.102083 0.075000 0.150000 0.026562 0.031250 0.040625 0.031250 0.093750 0.095833 0.087500 0.066667 0.098437 0.068750 0.101562 0.052083 0.115625 0.058333 0.114062 0.002083
13 0.521875 0.475000 0.518750 0.483333 0.518750 0.487500 0.517188 0.489583 0.517188 0.497917 0.521875 0.502083 0.523438 0.502083 0.526563 0.497917 0.531250 0.502083 0.539062 0.502083 0.540625 0.500000 0.540625 0.485417 0.539062 0.483333 0.539062 0.479167 0.535937 0.475000
13 0.478125 0.468750 0.478125 0.472917 0.475000 0.479167 0.475000 0.485417 0.476562 0.487500 0.485938 0.487500 0.493750 0.491667 0.509375 0.491667 0.509375 0.479167 0.506250 0.477083 0.493750 0.479167 0.490625 0.472917 0.490625 0.466667 0.479687 0.466667
13 0.565625 0.500000 0.565625 0.543750 0.618750 0.552083 0.626563 0.597917 0.690625 0.608333 0.710938 0.664583 0.753125 0.641667 0.920312 0.687500 0.951562 0.652083 0.943750 0.452083 0.910937 0.372917 0.745313 0.358333 0.670312 0.395833 0.640625 0.456250 0.592187 0.456250