0 0.000000 0.529167 0.000000 0.997917 0.998437 0.997917 0.998437 0.737500 0.807813 0.737500 0.765625 0.650000 0.515625 0.489583 0.428125 0.539583
1 0.542188 0.502083 0.545312 0.502083 0.546875 0.506250 0.551562 0.506250 0.554688 0.510417 0.560937 0.512500 0.565625 0.516667 0.570312 0.516667 0.570312 0.512500 0.571875 0.510417 0.571875 0.502083 0.568750 0.500000 0.562500 0.500000 0.560937 0.497917 0.543750 0.497917
1 0.476562 0.491667 0.381250 0.520833 0.000000 0.508333 0.000000 0.527083 0.428125 0.537500
2 0.998437 0.062500 0.918750 0.139583 0.900000 0.143750 0.828125 0.229167 0.843750 0.235417 0.843750 0.300000 0.914062 0.277083 0.998437 0.293750
3 0.437500 0.462500 0.434375 0.468750 0.432812 0.487500 0.428125 0.493750 0.420312 0.493750 0.410938 0.508333 0.406250 0.508333 0.406250 0.510417 0.426563 0.506250 0.428125 0.502083 0.432812 0.502083 0.443750 0.495833 0.443750 0.489583 0.439063 0.487500 0.439063 0.464583
5 0.678125 0.302083 0.671875 0.397917 0.673438 0.435417 0.678125 0.362500
5 0.610938 0.229167 0.606250 0.285417 0.606250 0.447917 0.610938 0.441667
8 0.596875 0.337500 0.595313 0.366667 0.589063 0.372917 0.593750 0.387500 0.592187 0.402083 0.585938 0.408333 0.584375 0.472917 0.604688 0.447917 0.606250 0.345833 0.601562 0.350000
8 0.881250 0.160417 0.867188 0.147917 0.818750 0.202083 0.796875 0.179167 0.760938 0.258333 0.735938 0.218750 0.717187 0.258333 0.709375 0.233333 0.693750 0.297917 0.648438 0.327083 0.617188 0.400000 0.610938 0.356250 0.610938 0.439583 0.670312 0.433333 0.678125 0.300000 0.676562 0.435417 0.718750 0.362500 0.840625 0.302083 0.842187 0.235417 0.825000 0.233333
8 0.000000 0.004167 0.000000 0.506250 0.517188 0.489583 0.539062 0.377083 0.545312 0.495833 0.579688 0.487500 0.557813 0.312500 0.518750 0.314583 0.506250 0.460417 0.476562 0.285417 0.406250 0.243750 0.451562 0.162500 0.418750 0.147917 0.459375 0.064583 0.403125 0.060417 0.431250 0.000000 0.040625 0.000000 0.039062 0.050000
10 0.000000 0.060417 0.000000 0.097917 0.006250 0.106250 0.006250 0.116667 0.017188 0.131250 0.021875 0.133333 0.025000 0.131250 0.025000 0.125000 0.021875 0.122917 0.020313 0.112500 0.017188 0.110417 0.015625 0.095833 0.017188 0.091667 0.014063 0.087500 0.012500 0.079167 0.007812 0.075000
10 0.407813 0.243750 0.478125 0.285417 0.509375 0.414583 0.532813 0.293750 0.590625 0.402083 0.610938 0.227083 0.617188 0.397917 0.709375 0.231250 0.760938 0.256250 0.796875 0.177083 0.887500 0.166667 0.998437 0.060417 0.998437 0.000000 0.432812 0.000000 0.404687 0.060417 0.460938 0.064583 0.420312 0.147917 0.453125 0.162500
10 0.139063 0.000000 0.143750 0.014583 0.146875 0.014583 0.151562 0.020833 0.159375 0.016667 0.175000 0.037500 0.178125 0.037500 0.181250 0.031250 0.181250 0.020833 0.173437 0.012500 0.170313 0.000000
10 0.000000 0.000000 0.009375 0.016667 0.021875 0.031250 0.023438 0.037500 0.032813 0.043750 0.034375 0.047917 0.039062 0.047917 0.042188 0.039583 0.040625 0.029167 0.032813 0.016667 0.034375 0.006250 0.040625 0.008333 0.039062 0.000000
13 0.523438 0.470833 0.521875 0.472917 0.521875 0.477083 0.518750 0.479167 0.518750 0.497917 0.532813 0.495833 0.535937 0.500000 0.539062 0.500000 0.540625 0.502083 0.543750 0.495833 0.543750 0.485417 0.540625 0.475000 0.537500 0.470833
13 0.475000 0.472917 0.475000 0.483333 0.485938 0.483333 0.487500 0.485417 0.493750 0.485417 0.496875 0.489583 0.500000 0.487500 0.507812 0.491667 0.510938 0.487500 0.509375 0.477083 0.506250 0.472917 0.498437 0.472917 0.493750 0.483333 0.492188 0.481250 0.490625 0.462500 0.479687 0.462500
13 0.998437 0.295833 0.901563 0.281250 0.734375 0.354167 0.676562 0.437500 0.601562 0.452083 0.573438 0.545833 0.645312 0.556250 0.657813 0.618750 0.692187 0.606250 0.765625 0.647917 0.807813 0.735417 0.870313 0.739583 0.881250 0.710417 0.998437 0.735417