0 0.076563 0.518750 0.076563 0.550000 0.107813 0.550000 0.109375 0.554167 0.175000 0.560417 0.176563 0.564583 0.181250 0.550000 0.181250 0.522917 0.092188 0.518750 0.090625 0.514583
0 0.082812 0.997917 0.998437 0.997917 0.998437 0.747917 0.639062 0.610417 0.514062 0.497917 0.190625 0.522917 0.320312 0.668750
1 0.757812 0.620833 0.998437 0.745833 0.998437 0.670833 0.785937 0.593750 0.771875 0.622917
1 0.784375 0.554167 0.784375 0.577083 0.857812 0.575000 0.859375 0.579167 0.864062 0.579167 0.853125 0.570833 0.853125 0.558333 0.828125 0.556250 0.820312 0.552083 0.804688 0.552083 0.803125 0.556250 0.801562 0.552083
1 0.309375 0.618750 0.190625 0.568750 0.181250 0.600000 0.175000 0.562500 0.076563 0.552083 0.071875 0.620833 0.000000 0.681250 0.000000 0.997917 0.081250 0.997917 0.293750 0.725000 0.318750 0.668750
1 0.076563 0.512500 0.090625 0.512500 0.092188 0.516667 0.181250 0.518750 0.181250 0.508333 0.146875 0.508333 0.145313 0.504167 0.078125 0.504167
1 0.473438 0.493750 0.404687 0.516667 0.190625 0.508333 0.190625 0.520833 0.451562 0.529167
2 0.848437 0.525000 0.845313 0.531250 0.845313 0.554167 0.853125 0.556250 0.854688 0.558333 0.854688 0.570833 0.857812 0.570833 0.859375 0.575000 0.864062 0.575000 0.864062 0.572917 0.857812 0.566667 0.857812 0.545833 0.856250 0.541667 0.853125 0.539583 0.853125 0.533333 0.850000 0.531250 0.850000 0.525000
2 0.006250 0.177083 0.028125 0.216667 0.053125 0.345833 0.084375 0.354167 0.090625 0.322917 0.081250 0.293750 0.082812 0.256250 0.101562 0.258333 0.089063 0.214583 0.092188 0.197917 0.050000 0.187500 0.015625 0.191667
2 0.970313 0.108333 0.881250 0.166667 0.762500 0.285417 0.771875 0.368750 0.754687 0.412500 0.775000 0.420833 0.784375 0.485417 0.848437 0.493750 0.842187 0.425000 0.901563 0.362500 0.957812 0.362500
2 0.998437 0.087500 0.982812 0.100000 0.973437 0.364583 0.989062 0.366667 0.998437 0.381250
4 0.784375 0.487500 0.789062 0.522917 0.787500 0.550000 0.843750 0.554167 0.848437 0.495833 0.842187 0.491667 0.812500 0.493750 0.809375 0.487500
4 0.000000 0.383333 0.001563 0.679167 0.071875 0.616667 0.079687 0.439583 0.073438 0.410417
5 0.190625 0.170833 0.181250 0.597917 0.189062 0.589583
5 0.984375 0.000000 0.945312 0.652083 0.959375 0.656250
7 0.085938 0.160417 0.085938 0.179167 0.092188 0.185417 0.160938 0.195833 0.185938 0.193750 0.184375 0.175000
8 0.973437 0.366667 0.967187 0.591667 0.985938 0.585417 0.998437 0.550000 0.993750 0.529167 0.998437 0.508333 0.998437 0.383333 0.989062 0.368750
8 0.901563 0.364583 0.881250 0.375000 0.843750 0.425000 0.851562 0.531250 0.867188 0.581250 0.946875 0.600000 0.957812 0.364583
8 0.637500 0.364583 0.626563 0.370833 0.617188 0.368750 0.617188 0.381250 0.612500 0.385417 0.615625 0.389583 0.612500 0.393750 0.614062 0.410417 0.596875 0.397917 0.595313 0.379167 0.596875 0.460417 0.603125 0.462500 0.618750 0.425000 0.635938 0.410417
8 0.837500 0.210417 0.821875 0.197917 0.781250 0.243750 0.765625 0.218750 0.751563 0.258333 0.740625 0.247917 0.731250 0.306250 0.751563 0.320833 0.731250 0.379167 0.692187 0.277083 0.675000 0.308333 0.668750 0.289583 0.642188 0.343750 0.639062 0.408333 0.767188 0.400000 0.759375 0.289583
8 0.000000 0.172917 0.000000 0.381250 0.078125 0.412500 0.078125 0.485417 0.181250 0.487500 0.182812 0.197917 0.085938 0.181250 0.103125 0.258333 0.084375 0.256250 0.090625 0.347917 0.071875 0.358333 0.051562 0.345833 0.026562 0.216667
8 0.109375 0.114583 0.195312 0.175000 0.195312 0.497917 0.514062 0.495833 0.535937 0.433333 0.553125 0.502083 0.590625 0.458333 0.551562 0.327083 0.518750 0.327083 0.503125 0.422917 0.437500 0.322917 0.459375 0.214583 0.412500 0.193750 0.465625 0.156250 0.407813 0.143750 0.445312 0.106250 0.414062 0.000000 0.268750 0.000000 0.268750 0.072917 0.226562 0.056250 0.245312 0.139583 0.184375 0.068750 0.157812 0.168750
9 0.964063 0.593750 0.965625 0.612500 0.960938 0.656250 0.968750 0.658333 0.970313 0.662500 0.998437 0.668750 0.998437 0.583333 0.989062 0.583333 0.973437 0.593750
9 0.784375 0.579167 0.785937 0.591667 0.943750 0.650000 0.946875 0.602083 0.892188 0.595833 0.857812 0.577083
9 0.078125 0.487500 0.078125 0.502083 0.145313 0.502083 0.146875 0.506250 0.178125 0.506250 0.181250 0.502083 0.181250 0.489583 0.139063 0.485417
10 0.998437 0.000000 0.985938 0.000000 0.984375 0.006250 0.987500 0.010417 0.984375 0.020833 0.985938 0.033333 0.982812 0.097917 0.992188 0.089583 0.996875 0.089583 0.998437 0.085417
10 0.409375 0.143750 0.467187 0.156250 0.414062 0.200000 0.454688 0.195833 0.439063 0.322917 0.481250 0.333333 0.487500 0.406250 0.531250 0.312500 0.581250 0.391667 0.595313 0.268750 0.614062 0.408333 0.689063 0.275000 0.739062 0.370833 0.739062 0.247917 0.970313 0.106250 0.975000 0.008333 0.415625 0.000000 0.446875 0.106250
10 0.000000 0.170833 0.090625 0.195833 0.087500 0.156250 0.121875 0.162500 0.110937 0.110417 0.157812 0.166667 0.162500 0.131250 0.178125 0.131250 0.175000 0.066667 0.245312 0.137500 0.225000 0.056250 0.267188 0.072917 0.271875 0.010417 0.000000 0.000000
13 0.518750 0.479167 0.518750 0.483333 0.515625 0.489583 0.515625 0.500000 0.517188 0.502083 0.523438 0.502083 0.525000 0.500000 0.526563 0.502083 0.532813 0.502083 0.534375 0.506250 0.535937 0.506250 0.537500 0.502083 0.537500 0.483333 0.535937 0.479167
13 0.479687 0.468750 0.479687 0.472917 0.475000 0.483333 0.476562 0.489583 0.493750 0.491667 0.495312 0.495833 0.509375 0.495833 0.509375 0.485417 0.506250 0.479167 0.498437 0.479167 0.496875 0.483333 0.493750 0.483333 0.490625 0.477083 0.490625 0.468750
13 0.554688 0.500000 0.554688 0.539583 0.587500 0.539583 0.593750 0.572917 0.626563 0.570833 0.639062 0.608333 0.659375 0.589583 0.756250 0.622917 0.771875 0.620833 0.784375 0.595833 0.782813 0.466667 0.768750 0.414583 0.646875 0.406250 0.620313 0.425000 0.603125 0.464583 0.573438 0.466667