0 0.081250 0.997917 0.998437 0.997917 0.998437 0.750000 0.537500 0.500000 0.354687 0.508333 0.428125 0.562500
1 0.643750 0.531250 0.640625 0.560417 0.998437 0.747917 0.998437 0.660417 0.973437 0.627083 0.823438 0.610417 0.812500 0.593750 0.823438 0.583333 0.709375 0.568750 0.662500 0.545833 0.707812 0.533333
1 0.426563 0.552083 0.340625 0.529167 0.337500 0.550000 0.000000 0.681250 0.000000 0.997917 0.079687 0.997917
1 0.482812 0.493750 0.471875 0.485417 0.442188 0.504167 0.389062 0.504167 0.357812 0.497917 0.354687 0.506250 0.462500 0.514583
2 0.717187 0.302083 0.701562 0.308333 0.706250 0.316667 0.704688 0.329167 0.693750 0.341667 0.703125 0.368750 0.701562 0.439583 0.715625 0.429167 0.721875 0.308333
2 0.200000 0.256250 0.206250 0.262500 0.212500 0.262500 0.214062 0.266667 0.220312 0.266667 0.234375 0.272917 0.243750 0.272917 0.243750 0.266667 0.232813 0.264583 0.228125 0.260417 0.228125 0.243750 0.225000 0.243750 0.221875 0.239583 0.214062 0.241667 0.214062 0.256250 0.212500 0.258333 0.201563 0.258333
2 0.998437 0.122917 0.906250 0.177083 0.904687 0.122917 0.873437 0.125000 0.853125 0.210417 0.728125 0.302083 0.723437 0.422917 0.809375 0.383333 0.937500 0.397917 0.998437 0.439583
4 0.834375 0.495833 0.828125 0.602083 0.850000 0.606250 0.857812 0.572917 0.865625 0.570833 0.870313 0.585417 0.903125 0.583333 0.917188 0.610417 0.970313 0.620833 0.964063 0.581250 0.979688 0.508333
4 0.646875 0.493750 0.643750 0.529167 0.654687 0.529167 0.656250 0.533333 0.659375 0.529167 0.706250 0.531250 0.698438 0.487500 0.673438 0.487500 0.659375 0.483333 0.657813 0.493750
4 0.000000 0.364583 0.000000 0.672917 0.340625 0.541667 0.340625 0.447917
5 0.356250 0.337500 0.351562 0.389583 0.350000 0.529167 0.353125 0.529167
5 0.678125 0.170833 0.718750 0.220833 0.726562 0.247917 0.715625 0.566667 0.728125 0.233333
7 0.310937 0.333333 0.310937 0.341667 0.318750 0.345833 0.350000 0.345833 0.353125 0.347917 0.354687 0.343750 0.353125 0.337500 0.342187 0.337500 0.340625 0.333333
8 0.725000 0.420833 0.721875 0.425000 0.717187 0.541667 0.725000 0.547917 0.750000 0.550000 0.750000 0.541667 0.739062 0.535417 0.737500 0.510417 0.743750 0.452083 0.751563 0.420833
8 0.603125 0.400000 0.601562 0.400000 0.600000 0.406250 0.596875 0.406250 0.596875 0.414583 0.590625 0.420833 0.581250 0.404167 0.581250 0.439583 0.589063 0.439583 0.590625 0.435417 0.593750 0.439583 0.603125 0.439583
8 0.648438 0.327083 0.626563 0.352083 0.621875 0.377083 0.603125 0.389583 0.606250 0.439583 0.639062 0.445833 0.646875 0.491667 0.657813 0.491667 0.659375 0.481250 0.698438 0.485417 0.709375 0.533333 0.715625 0.431250 0.700000 0.439583 0.701562 0.393750 0.689063 0.404167 0.675000 0.372917 0.670312 0.381250
8 0.782813 0.252083 0.776563 0.250000 0.760938 0.268750 0.754687 0.260417 0.748437 0.268750 0.750000 0.277083 0.743750 0.281250 0.737500 0.281250 0.729688 0.268750 0.728125 0.300000 0.739062 0.295833 0.745313 0.287500 0.765625 0.272917
8 0.576562 0.443750 0.551562 0.339583 0.512500 0.422917 0.462500 0.345833 0.415625 0.000000 0.350000 0.000000 0.339062 0.179167 0.243750 0.275000 0.000000 0.102083 0.000000 0.362500 0.335938 0.443750 0.348438 0.493750 0.351562 0.350000 0.309375 0.333333 0.356250 0.335417 0.354687 0.497917
9 0.814063 0.591667 0.823438 0.608333 0.970313 0.625000 0.917188 0.612500 0.903125 0.585417 0.870313 0.587500 0.865625 0.572917 0.859375 0.572917 0.857812 0.600000 0.850000 0.608333 0.828125 0.604167 0.826562 0.587500
9 0.717187 0.543750 0.718750 0.568750 0.742188 0.572917 0.778125 0.572917 0.771875 0.562500 0.757812 0.560417 0.754687 0.552083 0.725000 0.550000
9 0.664062 0.545833 0.687500 0.556250 0.692187 0.556250 0.696875 0.560417 0.707812 0.564583 0.709375 0.543750 0.665625 0.543750
10 0.417187 0.000000 0.464062 0.187500 0.440625 0.231250 0.479687 0.239583 0.437500 0.268750 0.473438 0.275000 0.509375 0.420833 0.532813 0.327083 0.576562 0.391667 0.581250 0.304167 0.590625 0.418750 0.648438 0.325000 0.701562 0.391667 0.725000 0.247917 0.678125 0.168750 0.743750 0.279167 0.853125 0.208333 0.873437 0.122917 0.906250 0.175000 0.998437 0.120833 0.998437 0.000000
10 0.000000 0.000000 0.003125 0.104167 0.201563 0.256250 0.221875 0.237500 0.245312 0.264583 0.239063 0.225000 0.267188 0.258333 0.281250 0.193750 0.309375 0.225000 0.304688 0.175000 0.337500 0.179167 0.343750 0.116667 0.318750 0.062500 0.356250 0.058333 0.348438 0.000000
13 0.484375 0.468750 0.482812 0.487500 0.490625 0.487500 0.492188 0.489583 0.496875 0.489583 0.498437 0.487500 0.500000 0.491667 0.514062 0.491667 0.514062 0.487500 0.510938 0.479167 0.507812 0.479167 0.506250 0.477083 0.498437 0.479167 0.496875 0.477083 0.496875 0.468750
13 0.518750 0.483333 0.520312 0.500000 0.537500 0.497917 0.539062 0.520833 0.556250 0.537500 0.567187 0.533333 0.571875 0.550000 0.595313 0.539583 0.639062 0.560417 0.645312 0.514583 0.639062 0.447917 0.590625 0.437500 0.573438 0.445833 0.539062 0.497917 0.535937 0.479167
13 0.759375 0.397917 0.739062 0.510417 0.757812 0.558333 0.826562 0.585417 0.834375 0.493750 0.973437 0.502083 0.967187 0.608333 0.998437 0.658333 0.996875 0.433333 0.937500 0.400000