0 0.304688 0.508333 0.304688 0.531250 0.325000 0.533333 0.325000 0.510417 0.307812 0.510417
0 0.089063 0.997917 0.998437 0.997917 0.998437 0.741667 0.521875 0.491667 0.332813 0.512500 0.417187 0.581250
1 0.679688 0.535417 0.678125 0.577083 0.998437 0.739583 0.998437 0.664583 0.923438 0.643750 0.939063 0.635417 0.928125 0.608333 0.765625 0.587500 0.704688 0.558333 0.748437 0.539583
1 0.412500 0.564583 0.304688 0.533333 0.296875 0.572917 0.000000 0.687500 0.000000 0.997917 0.090625 0.995833
1 0.487500 0.493750 0.476562 0.485417 0.435937 0.508333 0.387500 0.508333 0.332813 0.497917 0.331250 0.508333 0.470313 0.516667
2 0.776563 0.270833 0.745313 0.297917 0.725000 0.291667 0.718750 0.300000 0.723437 0.306250 0.717187 0.322917 0.723437 0.337500 0.721875 0.391667 0.728125 0.400000 0.721875 0.479167 0.726562 0.487500 0.739062 0.487500 0.740625 0.435417 0.770312 0.408333
2 0.192188 0.247917 0.206250 0.258333 0.214062 0.256250 0.218750 0.262500 0.223438 0.264583 0.231250 0.262500 0.231250 0.254167 0.215625 0.247917 0.215625 0.231250 0.201563 0.227083 0.200000 0.243750 0.196875 0.247917
2 0.967187 0.072917 0.926562 0.077083 0.909375 0.100000 0.903125 0.175000 0.784375 0.262500 0.779687 0.406250 0.823438 0.408333 0.850000 0.362500 0.998437 0.360417 0.998437 0.114583 0.965625 0.131250
3 0.685937 0.485417 0.685937 0.531250 0.725000 0.533333 0.737500 0.537500 0.746875 0.535417 0.739062 0.489583
4 0.998437 0.504167 0.967187 0.504167 0.960938 0.597917 0.962500 0.643750 0.987500 0.637500 0.989062 0.608333 0.998437 0.591667
4 0.000000 0.364583 0.000000 0.685417 0.303125 0.562500 0.303125 0.437500
5 0.334375 0.308333 0.329688 0.325000 0.328125 0.541667
5 0.592187 0.295833 0.589063 0.443750 0.592187 0.439583
5 0.725000 0.102083 0.781250 0.189583 0.767188 0.585417 0.785937 0.187500 0.778125 0.160417
7 0.279687 0.302083 0.279687 0.314583 0.281250 0.316667 0.301563 0.316667 0.329688 0.322917 0.332813 0.308333 0.314063 0.304167
8 0.770312 0.410417 0.764062 0.410417 0.742188 0.435417 0.739062 0.452083 0.742188 0.508333 0.748437 0.525000 0.748437 0.537500 0.760938 0.554167
8 0.779687 0.408333 0.773438 0.558333 0.825000 0.560417 0.825000 0.552083 0.807813 0.543750 0.809375 0.479167 0.823438 0.410417
8 0.620313 0.379167 0.618750 0.383333 0.615625 0.381250 0.615625 0.393750 0.610938 0.400000 0.609375 0.395833 0.600000 0.416667 0.595313 0.414583 0.593750 0.400000 0.593750 0.435417 0.606250 0.429167 0.618750 0.429167
8 0.665625 0.312500 0.654687 0.335417 0.648438 0.325000 0.639062 0.362500 0.623437 0.372917 0.621875 0.429167 0.675000 0.441667 0.681250 0.512500 0.685937 0.483333 0.720313 0.485417 0.726562 0.400000 0.715625 0.385417 0.706250 0.393750 0.693750 0.362500 0.684375 0.368750
8 0.778125 0.245833 0.765625 0.254167 0.768750 0.262500 0.762500 0.268750 0.756250 0.264583 0.756250 0.258333 0.751563 0.258333 0.748437 0.247917 0.746875 0.262500 0.735938 0.270833 0.739062 0.279167 0.732812 0.285417 0.728125 0.279167 0.718750 0.297917 0.725000 0.289583 0.740625 0.297917 0.770312 0.277083 0.776563 0.268750
8 0.059375 0.291667 0.114062 0.391667 0.303125 0.435417 0.304688 0.493750 0.329688 0.331250 0.279687 0.300000 0.335938 0.308333 0.335938 0.497917 0.521875 0.489583 0.543750 0.408333 0.545312 0.495833 0.587500 0.445833 0.557813 0.333333 0.517188 0.422917 0.457813 0.343750 0.475000 0.258333 0.435937 0.247917 0.481250 0.218750 0.439063 0.210417 0.431250 0.000000 0.309375 0.020833 0.334375 0.152083 0.295312 0.145833 0.306250 0.202083 0.264062 0.166667 0.248438 0.237500 0.215625 0.200000 0.231250 0.264583 0.143750 0.206250
9 0.998437 0.593750 0.992188 0.602083 0.990625 0.631250 0.984375 0.643750 0.960938 0.643750 0.957812 0.597917 0.940625 0.606250 0.935937 0.620833 0.940625 0.627083 0.939063 0.637500 0.923438 0.641667 0.998437 0.662500 0.998437 0.629167 0.992188 0.622917 0.998437 0.618750
9 0.771875 0.560417 0.771875 0.585417 0.789062 0.589583 0.853125 0.591667 0.850000 0.581250 0.839063 0.579167 0.834375 0.570833 0.828125 0.570833 0.825000 0.562500
9 0.762500 0.579167 0.762500 0.556250 0.754687 0.550000 0.707812 0.552083 0.709375 0.554167 0.706250 0.556250 0.706250 0.558333 0.712500 0.558333 0.740625 0.570833 0.748437 0.577083 0.759375 0.581250
9 0.000000 0.100000 0.000000 0.362500 0.112500 0.387500 0.057813 0.291667 0.085938 0.218750 0.104688 0.241667 0.137500 0.243750 0.150000 0.227083
10 0.425000 0.012500 0.467187 0.177083 0.440625 0.210417 0.482812 0.218750 0.437500 0.247917 0.475000 0.254167 0.459375 0.343750 0.515625 0.420833 0.539062 0.320833 0.587500 0.387500 0.592187 0.293750 0.596875 0.414583 0.665625 0.310417 0.720313 0.387500 0.717187 0.297917 0.779687 0.210417 0.725000 0.100000 0.784375 0.250000 0.903125 0.172917 0.926562 0.075000 0.998437 0.112500 0.998437 0.000000
10 0.000000 0.000000 0.001563 0.100000 0.190625 0.245833 0.204687 0.225000 0.231250 0.252083 0.215625 0.197917 0.248438 0.235417 0.264062 0.164583 0.306250 0.200000 0.295312 0.143750 0.332813 0.152083 0.307812 0.020833 0.340625 0.027083 0.339062 0.000000
13 0.526563 0.479167 0.526563 0.481250 0.523438 0.485417 0.523438 0.495833 0.526563 0.500000 0.529687 0.497917 0.535937 0.497917 0.539062 0.502083 0.543750 0.502083 0.543750 0.483333 0.542188 0.479167 0.539062 0.479167 0.537500 0.477083 0.529687 0.477083
13 0.489063 0.470833 0.489063 0.475000 0.487500 0.477083 0.487500 0.487500 0.496875 0.487500 0.498437 0.489583 0.504687 0.489583 0.506250 0.491667 0.517188 0.491667 0.517188 0.479167 0.503125 0.479167 0.501563 0.477083 0.501563 0.468750 0.490625 0.468750
13 0.554688 0.485417 0.550000 0.525000 0.568750 0.531250 0.573438 0.545833 0.585938 0.539583 0.589063 0.558333 0.598437 0.562500 0.615625 0.550000 0.653125 0.556250 0.659375 0.572917 0.675000 0.568750 0.681250 0.522917 0.676562 0.447917 0.670312 0.437500 0.606250 0.431250
13 0.839063 0.370833 0.815625 0.445833 0.809375 0.543750 0.867188 0.606250 0.909375 0.597917 0.935937 0.618750 0.943750 0.600000 0.959375 0.600000 0.965625 0.504167 0.998437 0.502083 0.998437 0.362500 0.904687 0.354167