0 0.998437 0.716667 0.795312 0.602083 0.903125 0.483333 0.495312 0.533333 0.337500 0.489583 0.000000 0.810417 0.000000 0.997917 0.998437 0.997917
1 0.340625 0.504167 0.242188 0.531250 0.235937 0.554167 0.000000 0.675000 0.000000 0.808333
1 0.998437 0.714583 0.998437 0.558333 0.951562 0.493750 0.957812 0.462500 0.503125 0.520833 0.903125 0.481250 0.912500 0.500000 0.798438 0.556250 0.796875 0.602083
2 0.387500 0.393750 0.385937 0.402083 0.385937 0.412500 0.389062 0.414583 0.389062 0.422917 0.378125 0.437500 0.378125 0.445833 0.381250 0.447917 0.382812 0.454167 0.387500 0.454167 0.389062 0.433333 0.396875 0.427083 0.396875 0.410417 0.395313 0.404167 0.392188 0.402083 0.392188 0.395833
2 0.482812 0.368750 0.453125 0.375000 0.446875 0.439583 0.453125 0.445833 0.456250 0.487500 0.460938 0.485417 0.459375 0.458333 0.473438 0.433333 0.476562 0.416667 0.487500 0.412500 0.490625 0.402083 0.501563 0.391667 0.492188 0.375000
2 0.148438 0.270833 0.150000 0.302083 0.159375 0.320833 0.156250 0.372917 0.167187 0.397917 0.167187 0.422917 0.232813 0.414583 0.231250 0.395833 0.218750 0.389583 0.201563 0.270833
2 0.000000 0.245833 0.000000 0.479167 0.118750 0.479167 0.118750 0.420833 0.009375 0.391667 0.015625 0.354167 0.004687 0.295833 0.021875 0.270833
3 0.239063 0.520833 0.217188 0.545833 0.198437 0.539583 0.185938 0.502083 0.193750 0.479167 0.128125 0.477083 0.154688 0.489583 0.164062 0.527083 0.165625 0.487500 0.181250 0.485417 0.184375 0.545833 0.171875 0.554167 0.164062 0.535417 0.154688 0.564583 0.000000 0.620833 0.000000 0.672917 0.235937 0.552083
4 0.195312 0.483333 0.193750 0.487500 0.189062 0.487500 0.187500 0.502083 0.190625 0.504167 0.190625 0.514583 0.195312 0.518750 0.195312 0.527083 0.198437 0.537500 0.204687 0.537500 0.207813 0.535417 0.207813 0.522917 0.206250 0.516667 0.198437 0.506250 0.198437 0.491667 0.200000 0.487500 0.196875 0.487500
4 0.000000 0.618750 0.154688 0.562500 0.164062 0.533333 0.171875 0.552083 0.181250 0.547917 0.181250 0.487500 0.167187 0.487500 0.164062 0.529167 0.153125 0.489583 0.000000 0.481250
4 0.987500 0.337500 0.978125 0.360417 0.962500 0.354167 0.960938 0.502083 0.964063 0.516667 0.981250 0.531250 0.984375 0.547917 0.998437 0.556250 0.998437 0.354167
5 0.518750 0.320833 0.521875 0.447917 0.528125 0.506250
5 0.468750 0.193750 0.473438 0.204167 0.504687 0.227083 0.510938 0.239583 0.517188 0.310417 0.517188 0.260417 0.512500 0.235417 0.496875 0.214583
5 0.554688 0.000000 0.587500 0.512500 0.598437 0.512500
8 0.998437 0.000000 0.764062 0.000000 0.754687 0.050000 0.673438 0.052083 0.656250 0.125000 0.637500 0.097917 0.634375 0.168750 0.600000 0.160417 0.609375 0.200000 0.582812 0.233333 0.601562 0.510417 0.959375 0.445833 0.960938 0.354167 0.998437 0.352083
8 0.015625 0.014583 0.012500 0.393750 0.217188 0.543750 0.426563 0.454167 0.420312 0.306250 0.443750 0.487500 0.482812 0.366667 0.507812 0.502083 0.518750 0.318750 0.529687 0.502083 0.585938 0.510417 0.532813 0.135417 0.481250 0.337500 0.385937 0.237500 0.387500 0.456250 0.273438 0.185417 0.234375 0.414583 0.167187 0.425000 0.100000 0.000000
9 0.959375 0.447917 0.929688 0.458333 0.901563 0.462500 0.900000 0.466667 0.881250 0.466667 0.873437 0.470833 0.957812 0.460417
10 0.582812 0.231250 0.607812 0.200000 0.598437 0.160417 0.610938 0.166667 0.609375 0.131250 0.632812 0.168750 0.637500 0.095833 0.656250 0.122917 0.673438 0.050000 0.690625 0.070833 0.701562 0.047917 0.754687 0.047917 0.746875 0.018750 0.762500 0.000000 0.575000 0.000000 0.582812 0.043750 0.562500 0.000000
10 0.101562 0.000000 0.129688 0.256250 0.203125 0.270833 0.223438 0.393750 0.273438 0.183333 0.315625 0.393750 0.337500 0.354167 0.384375 0.404167 0.398438 0.216667 0.476562 0.337500 0.514062 0.266667 0.468750 0.191667 0.532813 0.297917 0.553125 0.000000
10 0.000000 0.000000 0.000000 0.193750 0.015625 0.197917 0.018750 0.187500 0.004687 0.175000 0.000000 0.150000 0.020313 0.150000 0.020313 0.122917 0.029687 0.116667 0.025000 0.106250 0.032813 0.093750 0.015625 0.081250 0.018750 0.054167 0.006250 0.039583 0.020313 0.037500 0.025000 0.029167 0.014063 0.014583 0.032813 0.004167
12 0.485938 0.414583 0.478125 0.416667 0.475000 0.433333 0.460938 0.458333 0.460938 0.464583 0.468750 0.458333 0.475000 0.460417 0.473438 0.454167 0.478125 0.447917 0.481250 0.454167 0.468750 0.520833 0.478125 0.518750 0.475000 0.504167 0.482812 0.483333 0.500000 0.460417 0.498437 0.431250
13 0.343750 0.485417 0.346875 0.491667 0.373437 0.491667 0.375000 0.495833 0.376563 0.491667 0.390625 0.491667 0.392188 0.487500 0.387500 0.470833 0.375000 0.470833 0.370312 0.477083 0.365625 0.462500 0.350000 0.462500 0.346875 0.483333
13 0.406250 0.462500 0.403125 0.479167 0.404687 0.502083 0.412500 0.502083 0.417187 0.495833 0.428125 0.495833 0.429688 0.500000 0.432812 0.497917 0.442188 0.500000 0.440625 0.475000 0.432812 0.456250 0.414062 0.456250
18 0.504687 0.479167 0.489063 0.479167 0.487500 0.483333 0.484375 0.483333 0.484375 0.487500 0.476562 0.504167 0.484375 0.529167 0.487500 0.531250 0.498437 0.529167 0.501563 0.525000 0.501563 0.520833 0.504687 0.518750 0.506250 0.512500
18 0.470313 0.460417 0.464062 0.464583 0.464062 0.483333 0.457813 0.497917 0.456250 0.508333 0.459375 0.514583 0.456250 0.520833 0.457813 0.531250 0.462500 0.531250 0.467187 0.527083 0.468750 0.522917 0.465625 0.518750 0.475000 0.489583 0.475000 0.479167 0.478125 0.466667