0 0.000000 0.833333 0.000000 0.997917 0.998437 0.997917 0.998437 0.708333 0.779687 0.589583 0.871875 0.497917 0.489063 0.531250 0.346875 0.487500
1 0.357812 0.500000 0.268750 0.520833 0.256250 0.550000 0.000000 0.677083 0.000000 0.831250
1 0.457813 0.485417 0.457813 0.495833 0.456250 0.497917 0.462500 0.502083 0.467187 0.502083 0.468750 0.506250 0.473438 0.506250 0.475000 0.508333 0.482812 0.510417 0.482812 0.504167 0.487500 0.500000 0.487500 0.493750 0.484375 0.493750 0.473438 0.487500 0.468750 0.487500 0.467187 0.485417
1 0.998437 0.706250 0.998437 0.564583 0.959375 0.554167 0.935937 0.502083 0.948438 0.470833 0.537500 0.520833 0.892188 0.502083 0.792188 0.552083 0.785937 0.600000
2 0.404687 0.389583 0.404687 0.402083 0.401562 0.404167 0.404687 0.416667 0.403125 0.422917 0.395313 0.429167 0.395313 0.443750 0.398438 0.450000 0.404687 0.450000 0.404687 0.445833 0.407813 0.443750 0.412500 0.427083 0.412500 0.404167
2 0.496875 0.368750 0.481250 0.375000 0.468750 0.375000 0.464062 0.414583 0.464062 0.439583 0.468750 0.454167 0.482812 0.452083 0.482812 0.437500 0.485938 0.435417 0.490625 0.412500 0.504687 0.402083 0.509375 0.393750
2 0.179688 0.268750 0.190625 0.350000 0.187500 0.372917 0.198437 0.395833 0.195312 0.416667 0.229687 0.418750 0.256250 0.408333 0.254688 0.389583 0.242188 0.383333 0.228125 0.272917
2 0.000000 0.270833 0.000000 0.466667 0.151562 0.470833 0.153125 0.416667 0.053125 0.389583 0.059375 0.347917 0.046875 0.281250 0.067187 0.270833 0.040625 0.243750 0.035937 0.270833
3 0.267188 0.514583 0.246875 0.535417 0.221875 0.525000 0.209375 0.539583 0.203125 0.489583 0.195312 0.547917 0.003125 0.620833 0.000000 0.664583 0.054688 0.652083 0.256250 0.547917
4 0.000000 0.620833 0.192188 0.547917 0.203125 0.487500 0.209375 0.537500 0.240625 0.527083 0.229687 0.472917 0.000000 0.468750
4 0.964063 0.356250 0.950000 0.379167 0.951562 0.518750 0.959375 0.525000 0.960938 0.554167 0.998437 0.562500 0.998437 0.547917 0.978125 0.541667 0.998437 0.541667 0.998437 0.366667 0.971875 0.370833
5 0.485938 0.202083 0.495312 0.216667 0.520312 0.235417 0.526563 0.247917 0.532813 0.316667 0.529687 0.247917 0.517188 0.227083
5 0.568750 0.000000 0.596875 0.510417 0.609375 0.510417 0.578125 0.002083 0.596875 0.052083 0.582812 0.002083
8 0.998437 0.000000 0.792188 0.000000 0.767188 0.062500 0.685937 0.066667 0.676562 0.125000 0.648438 0.114583 0.648438 0.175000 0.614062 0.172917 0.595313 0.266667 0.610938 0.508333 0.946875 0.458333 0.956250 0.358333 0.998437 0.364583
8 0.075000 0.000000 0.054688 0.389583 0.246875 0.533333 0.442188 0.454167 0.437500 0.304167 0.457813 0.483333 0.490625 0.366667 0.471875 0.485417 0.514062 0.410417 0.535937 0.477083 0.534375 0.360417 0.595313 0.510417 0.548438 0.145833 0.496875 0.343750 0.406250 0.235417 0.404687 0.452083 0.296875 0.189583 0.257812 0.408333 0.196875 0.420833 0.135937 0.008333
9 0.948438 0.462500 0.745313 0.493750 0.942187 0.470833
10 0.593750 0.235417 0.620313 0.210417 0.612500 0.112500 0.645312 0.179167 0.646875 0.114583 0.676562 0.122917 0.685937 0.064583 0.703125 0.085417 0.710938 0.062500 0.760938 0.064583 0.771875 0.043750 0.759375 0.031250 0.782813 0.006250 0.792188 0.022917 0.790625 0.000000 0.582812 0.000000 0.596875 0.060417 0.578125 0.004167
10 0.126562 0.000000 0.170313 0.172917 0.150000 0.214583 0.229687 0.272917 0.245312 0.387500 0.295312 0.187500 0.334375 0.391667 0.356250 0.356250 0.396875 0.402083 0.406250 0.233333 0.450000 0.237500 0.496875 0.341667 0.529687 0.279167 0.484375 0.202083 0.534375 0.308333 0.543750 0.145833 0.579688 0.191667 0.567187 0.000000
10 0.000000 0.000000 0.000000 0.268750 0.035937 0.268750 0.040625 0.241667 0.064062 0.268750 0.035937 0.218750 0.046875 0.200000 0.059375 0.204167 0.043750 0.160417 0.064062 0.158333 0.075000 0.106250 0.059375 0.093750 0.064062 0.075000 0.051562 0.054167 0.067187 0.043750 0.062500 0.022917 0.075000 0.025000 0.073438 0.000000
12 0.514062 0.412500 0.510938 0.414583 0.510938 0.425000 0.492188 0.456250 0.492188 0.460417 0.498437 0.460417 0.503125 0.466667 0.503125 0.500000 0.500000 0.504167 0.503125 0.508333 0.510938 0.506250 0.509375 0.493750 0.514062 0.479167 0.520312 0.470833 0.528125 0.470833 0.532813 0.462500 0.532813 0.445833 0.526563 0.437500 0.523438 0.420833
13 0.365625 0.462500 0.362500 0.479167 0.364063 0.487500 0.387500 0.487500 0.389062 0.491667 0.392188 0.487500 0.407813 0.487500 0.407813 0.472917 0.404687 0.470833 0.404687 0.466667 0.390625 0.466667 0.387500 0.475000 0.381250 0.460417 0.367188 0.460417
13 0.418750 0.468750 0.420312 0.497917 0.425000 0.495833 0.428125 0.500000 0.429688 0.495833 0.434375 0.495833 0.435937 0.491667 0.442188 0.491667 0.445312 0.497917 0.456250 0.495833 0.454688 0.468750 0.450000 0.456250 0.426563 0.456250 0.421875 0.466667
18 0.520312 0.472917 0.512500 0.485417 0.510938 0.493750 0.512500 0.506250 0.510938 0.508333 0.517188 0.516667 0.518750 0.525000 0.521875 0.529167 0.529687 0.529167 0.535937 0.525000 0.542188 0.506250 0.540625 0.489583 0.537500 0.485417 0.537500 0.479167 0.529687 0.479167 0.526563 0.472917
18 0.498437 0.462500 0.495312 0.462500 0.498437 0.472917 0.498437 0.481250 0.490625 0.487500 0.489063 0.500000 0.484375 0.504167 0.482812 0.512500 0.484375 0.525000 0.489063 0.529167 0.496875 0.527083 0.501563 0.516667 0.501563 0.508333 0.498437 0.506250 0.501563 0.500000 0.501563 0.466667