0 0.000000 0.864583 0.000000 0.997917 0.998437 0.997917 0.998437 0.702083 0.775000 0.589583 0.939063 0.487500 0.534375 0.527083 0.381250 0.479167
1 0.776563 0.570833 0.781250 0.597917 0.846875 0.641667 0.998437 0.700000 0.998437 0.575000 0.940625 0.560417 0.939063 0.514583 0.843750 0.531250
1 0.584375 0.522917 0.696875 0.518750 0.809375 0.500000 0.615625 0.512500 0.601562 0.508333 0.592187 0.489583
1 0.382812 0.493750 0.304688 0.512500 0.282813 0.541667 0.000000 0.681250 0.000000 0.862500
1 0.481250 0.483333 0.481250 0.495833 0.485938 0.495833 0.493750 0.502083 0.498437 0.502083 0.500000 0.506250 0.506250 0.506250 0.518750 0.514583 0.526563 0.516667 0.525000 0.514583 0.526563 0.493750 0.518750 0.493750 0.498437 0.485417
2 0.431250 0.385417 0.429688 0.385417 0.429688 0.395833 0.428125 0.397917 0.428125 0.416667 0.420312 0.427083 0.420312 0.443750 0.425000 0.447917 0.428125 0.447917 0.432812 0.437500 0.434375 0.427083 0.439063 0.422917 0.439063 0.406250 0.435937 0.402083 0.435937 0.393750
2 0.520312 0.370833 0.493750 0.375000 0.487500 0.437500 0.493750 0.452083 0.506250 0.452083 0.506250 0.420833 0.518750 0.404167 0.528125 0.402083 0.532813 0.393750
2 0.220312 0.268750 0.226562 0.281250 0.226562 0.333333 0.234375 0.345833 0.229687 0.364583 0.237500 0.379167 0.234375 0.412500 0.289062 0.404167 0.289062 0.385417 0.276562 0.381250 0.264062 0.270833
2 0.000000 0.268750 0.000000 0.402083 0.023438 0.447917 0.195312 0.456250 0.196875 0.406250 0.104688 0.381250 0.114062 0.341667 0.101562 0.283333 0.120313 0.270833 0.089063 0.245833 0.087500 0.268750
3 0.301563 0.512500 0.290625 0.525000 0.282813 0.514583 0.250000 0.518750 0.237500 0.533333 0.060937 0.591667 0.035937 0.587500 0.025000 0.620833 0.076563 0.610417 0.112500 0.622917 0.301563 0.527083
3 0.025000 0.452083 0.025000 0.460417 0.029687 0.470833 0.032813 0.466667 0.045312 0.466667 0.053125 0.472917 0.059375 0.472917 0.068750 0.464583 0.107813 0.456250
4 0.271875 0.462500 0.232813 0.462500 0.223438 0.483333 0.146875 0.477083 0.115625 0.491667 0.079687 0.466667 0.032813 0.468750 0.042188 0.491667 0.025000 0.543750 0.037500 0.587500 0.060937 0.589583 0.278125 0.514583
4 0.537500 0.450000 0.521875 0.450000 0.510938 0.456250 0.492188 0.452083 0.484375 0.454167 0.484375 0.481250 0.528125 0.491667 0.539062 0.477083 0.540625 0.466667
4 0.584375 0.441667 0.581250 0.450000 0.581250 0.460417 0.582812 0.464583 0.587500 0.468750 0.589063 0.466667 0.595313 0.466667 0.595313 0.462500 0.600000 0.458333 0.600000 0.450000 0.598437 0.447917 0.598437 0.441667
4 0.943750 0.377083 0.940625 0.558333 0.998437 0.572917 0.998437 0.383333 0.953125 0.391667
5 0.510938 0.212500 0.518750 0.225000 0.531250 0.231250 0.548438 0.250000 0.554688 0.275000 0.553125 0.302083 0.556250 0.325000 0.553125 0.254167 0.545312 0.239583
5 0.592187 0.000000 0.615625 0.510417 0.626563 0.510417 0.601562 0.025000 0.610938 0.041667
8 0.000000 0.404167 0.001563 0.637500 0.021875 0.622917 0.032813 0.602083 0.023438 0.541667 0.040625 0.483333 0.025000 0.466667 0.025000 0.450000
8 0.000000 0.125000 0.001563 0.145833 0.028125 0.160417 0.032813 0.156250 0.035937 0.158333 0.037500 0.152083 0.040625 0.154167 0.050000 0.143750 0.045312 0.139583 0.039062 0.141667 0.032813 0.139583 0.031250 0.143750 0.023438 0.139583 0.014063 0.139583
8 0.998437 0.000000 0.812500 0.000000 0.821875 0.033333 0.789062 0.037500 0.790625 0.081250 0.725000 0.106250 0.709375 0.083333 0.690625 0.152083 0.671875 0.131250 0.670312 0.193750 0.643750 0.177083 0.615625 0.264583 0.628125 0.508333 0.939063 0.475000 0.939063 0.381250 0.998437 0.381250
8 0.139063 0.000000 0.106250 0.381250 0.201563 0.418750 0.081250 0.466667 0.290625 0.522917 0.443750 0.462500 0.464062 0.308333 0.481250 0.481250 0.556250 0.352083 0.614062 0.508333 0.570312 0.158333 0.525000 0.345833 0.432812 0.239583 0.428125 0.450000 0.331250 0.195833 0.292187 0.402083 0.234375 0.414583
8 0.000000 0.000000 0.000000 0.058333 0.025000 0.075000 0.031250 0.097917 0.057813 0.122917 0.056250 0.112500 0.064062 0.110417 0.073438 0.122917 0.082812 0.122917 0.084375 0.112500 0.075000 0.104167 0.087500 0.100000 0.082812 0.081250 0.068750 0.070833 0.064062 0.054167 0.029687 0.029167 0.042188 0.025000 0.043750 0.012500 0.029687 0.000000
9 0.110937 0.622917 0.076563 0.612500 0.029687 0.618750 0.000000 0.639583 0.000000 0.679167
9 0.939063 0.481250 0.784375 0.489583 0.760938 0.500000 0.834375 0.497917
10 0.614062 0.241667 0.645312 0.218750 0.640625 0.154167 0.668750 0.193750 0.670312 0.131250 0.690625 0.150000 0.698438 0.093750 0.707812 0.102083 0.710938 0.081250 0.725000 0.104167 0.732812 0.081250 0.785937 0.083333 0.798438 0.060417 0.787500 0.037500 0.804688 0.018750 0.818750 0.037500 0.817187 0.008333 0.603125 0.000000
10 0.176563 0.012500 0.204687 0.260417 0.265625 0.270833 0.278125 0.381250 0.331250 0.193750 0.362500 0.387500 0.381250 0.350000 0.428125 0.395833 0.445312 0.222917 0.517188 0.345833 0.553125 0.275000 0.510938 0.210417 0.570312 0.308333 0.570312 0.156250 0.601562 0.202083 0.590625 0.000000
10 0.031250 0.000000 0.045312 0.012500 0.031250 0.029167 0.089063 0.100000 0.082812 0.125000 0.056250 0.125000 0.000000 0.060417 0.000000 0.122917 0.051562 0.143750 0.029687 0.162500 0.000000 0.145833 0.000000 0.266667 0.087500 0.266667 0.093750 0.243750 0.115625 0.268750 0.095312 0.227083 0.117188 0.204167 0.106250 0.166667 0.131250 0.141667 0.114062 0.070833 0.137500 0.000000
12 0.560937 0.412500 0.557813 0.412500 0.557813 0.422917 0.553125 0.433333 0.539062 0.452083 0.539062 0.458333 0.550000 0.452083 0.553125 0.454167 0.553125 0.491667 0.560937 0.491667 0.559375 0.470833 0.562500 0.466667 0.575000 0.466667 0.579688 0.452083
13 0.390625 0.456250 0.389062 0.481250 0.390625 0.483333 0.393750 0.483333 0.396875 0.479167 0.398438 0.481250 0.410938 0.481250 0.412500 0.485417 0.431250 0.483333 0.432812 0.481250 0.428125 0.464583 0.415625 0.464583 0.410938 0.468750 0.407813 0.456250
13 0.448437 0.456250 0.443750 0.464583 0.445312 0.495833 0.448437 0.491667 0.453125 0.495833 0.456250 0.487500 0.467187 0.487500 0.468750 0.491667 0.475000 0.491667 0.476562 0.495833 0.479687 0.495833 0.479687 0.468750 0.478125 0.460417 0.473438 0.454167 0.456250 0.452083
18 0.540625 0.458333 0.540625 0.477083 0.528125 0.493750 0.529687 0.522917 0.543750 0.520833 0.553125 0.495833 0.560937 0.516667 0.570312 0.525000 0.582812 0.522917 0.592187 0.502083 0.589063 0.472917 0.581250 0.462500 0.576562 0.470833 0.562500 0.468750 0.564063 0.487500 0.560937 0.493750 0.553125 0.493750 0.551562 0.456250