0 0.000000 0.854167 0.000000 0.997917 0.998437 0.997917 0.998437 0.879167 0.845313 0.831250 0.743750 0.620833 0.810937 0.568750 0.459375 0.485417 0.209375 0.737500
1 0.742188 0.606250 0.745313 0.620833 0.762500 0.635417 0.792188 0.652083 0.793750 0.629167 0.796875 0.622917 0.795312 0.618750 0.806250 0.593750 0.764062 0.593750 0.748437 0.597917
1 0.546875 0.504167 0.546875 0.516667 0.596875 0.543750 0.689063 0.558333 0.681250 0.547917 0.662500 0.550000 0.631250 0.535417 0.610938 0.535417
1 0.459375 0.497917 0.000000 0.635417 0.000000 0.852083 0.201563 0.741667
2 0.565625 0.406250 0.562500 0.416667 0.560937 0.437500 0.557813 0.439583 0.557813 0.450000 0.554688 0.460417 0.560937 0.477083 0.571875 0.477083 0.571875 0.460417 0.575000 0.450000 0.571875 0.439583 0.570312 0.416667 0.578125 0.410417 0.571875 0.408333 0.570312 0.410417
2 0.507812 0.404167 0.503125 0.406250 0.503125 0.412500 0.500000 0.416667 0.500000 0.435417 0.498437 0.441667 0.492188 0.447917 0.492188 0.454167 0.498437 0.462500 0.500000 0.460417 0.501563 0.445833 0.506250 0.443750 0.510938 0.435417 0.510938 0.422917 0.509375 0.420833 0.510938 0.414583
2 0.700000 0.304167 0.692187 0.306250 0.690625 0.302083 0.673438 0.300000 0.670312 0.302083 0.670312 0.347917 0.673438 0.354167 0.678125 0.356250 0.681250 0.352083 0.682813 0.333333 0.692187 0.339583 0.689063 0.322917 0.698438 0.314583
2 0.332813 0.283333 0.342187 0.295833 0.345313 0.320833 0.345313 0.406250 0.390625 0.412500 0.389062 0.385417 0.378125 0.383333 0.375000 0.377083 0.373437 0.289583
2 0.185938 0.285417 0.203125 0.327083 0.195312 0.335417 0.168750 0.325000 0.175000 0.362500 0.264062 0.383333 0.295312 0.408333 0.304688 0.439583 0.314063 0.439583 0.315625 0.395833 0.251563 0.372917 0.243750 0.341667 0.256250 0.291667 0.232813 0.281250 0.210938 0.300000 0.201563 0.285417
3 0.403125 0.504167 0.385937 0.497917 0.381250 0.456250 0.381250 0.487500 0.373437 0.487500 0.367188 0.504167 0.300000 0.516667 0.285938 0.535417 0.226562 0.572917 0.353125 0.533333
4 0.959375 0.500000 0.943750 0.497917 0.942187 0.487500 0.937500 0.483333 0.929688 0.497917 0.881250 0.497917 0.875000 0.487500 0.870313 0.535417 0.950000 0.508333
4 0.646875 0.479167 0.632812 0.479167 0.631250 0.483333 0.631250 0.525000 0.634375 0.533333 0.639062 0.533333 0.639062 0.531250 0.645312 0.525000 0.646875 0.508333 0.648438 0.506250
4 0.562500 0.479167 0.565625 0.506250 0.579688 0.506250 0.585938 0.512500 0.606250 0.516667 0.607812 0.512500 0.607812 0.487500 0.606250 0.485417 0.598437 0.483333 0.578125 0.483333 0.576562 0.485417 0.571875 0.483333 0.570312 0.479167
4 0.298438 0.514583 0.367188 0.502083 0.373437 0.485417 0.375000 0.491667 0.379688 0.487500 0.382812 0.472917 0.379688 0.456250 0.367188 0.456250 0.364063 0.477083 0.362500 0.466667 0.350000 0.456250 0.356250 0.452083 0.307812 0.441667 0.300000 0.472917
5 0.589063 0.281250 0.620313 0.329167 0.615625 0.533333 0.620313 0.322917
5 0.668750 0.075000 0.662500 0.547917 0.671875 0.141667 0.684375 0.185417
8 0.640625 0.243750 0.639062 0.304167 0.626563 0.312500 0.631250 0.366667 0.620313 0.379167 0.617188 0.527083 0.654687 0.543750 0.660937 0.293750 0.654687 0.264583 0.650000 0.289583 0.642188 0.275000
8 0.998437 0.000000 0.962500 0.002083 0.950000 0.072917 0.921875 0.050000 0.884375 0.093750 0.862500 0.233333 0.768750 0.189583 0.723437 0.285417 0.701562 0.270833 0.670312 0.350000 0.670312 0.545833 0.718750 0.454167 0.760938 0.554167 0.868750 0.535417 0.875000 0.485417 0.996875 0.475000
8 0.000000 0.000000 0.000000 0.633333 0.295312 0.522917 0.293750 0.408333 0.170313 0.358333 0.189062 0.279167 0.390625 0.502083 0.535937 0.470833 0.540625 0.354167 0.546875 0.502083 0.567187 0.404167 0.610938 0.518750 0.615625 0.368750 0.529687 0.260417 0.498437 0.464583 0.435937 0.233333 0.343750 0.406250 0.323437 0.035417 0.426563 0.000000
9 0.557813 0.504167 0.557813 0.506250 0.576562 0.516667 0.609375 0.529167 0.610938 0.533333 0.610938 0.520833 0.607812 0.518750 0.600000 0.518750 0.592187 0.514583 0.585938 0.514583 0.578125 0.508333 0.565625 0.508333 0.564063 0.504167
10 0.285938 0.010417 0.270313 0.031250 0.245312 0.033333 0.240625 0.041667 0.253125 0.062500 0.271875 0.056250 0.287500 0.064583 0.275000 0.102083 0.253125 0.110417 0.268750 0.135417 0.279687 0.133333 0.281250 0.104167 0.290625 0.097917 0.304688 0.054167 0.303125 0.031250
10 0.332813 0.281250 0.389062 0.383333 0.435937 0.231250 0.500000 0.414583 0.529687 0.258333 0.595313 0.397917 0.585938 0.283333 0.621875 0.370833 0.640625 0.241667 0.660937 0.291667 0.665625 0.072917 0.701562 0.302083 0.768750 0.187500 0.876563 0.216667 0.857812 0.145833 0.962500 0.000000 0.331250 0.029167
12 0.718750 0.456250 0.714063 0.460417 0.717187 0.483333 0.710938 0.489583 0.706250 0.502083 0.717187 0.514583 0.720313 0.539583 0.718750 0.547917 0.725000 0.550000 0.725000 0.518750 0.739062 0.500000 0.739062 0.489583 0.732812 0.477083 0.725000 0.470833 0.723437 0.460417
13 0.998437 0.472917 0.809375 0.577083 0.790625 0.706250 0.835938 0.818750 0.865625 0.845833 0.912500 0.852083 0.929688 0.829167 0.998437 0.877083
13 0.520312 0.472917 0.514062 0.485417 0.512500 0.493750 0.514062 0.506250 0.517188 0.506250 0.520312 0.510417 0.521875 0.506250 0.532813 0.506250 0.535937 0.510417 0.543750 0.512500 0.545312 0.510417 0.545312 0.485417 0.543750 0.479167 0.537500 0.472917
13 0.464062 0.466667 0.460938 0.487500 0.471875 0.487500 0.475000 0.491667 0.481250 0.489583 0.482812 0.495833 0.501563 0.495833 0.501563 0.483333 0.498437 0.477083 0.487500 0.477083 0.482812 0.483333 0.478125 0.464583 0.465625 0.464583
18 0.726562 0.518750 0.726562 0.550000 0.721875 0.554167 0.729688 0.554167 0.739062 0.566667 0.754687 0.564583 0.759375 0.554167 0.759375 0.545833 0.754687 0.535417 0.754687 0.525000 0.751563 0.520833 0.740625 0.520833 0.734375 0.518750 0.731250 0.514583
18 0.707812 0.504167 0.703125 0.510417 0.701562 0.522917 0.692187 0.525000 0.685937 0.535417 0.685937 0.550000 0.695312 0.562500 0.704688 0.562500 0.714063 0.550000 0.718750 0.550000 0.717187 0.547917 0.718750 0.539583 0.715625 0.514583 0.710938 0.512500