0 0.000000 0.845833 0.000000 0.997917 0.998437 0.997917 0.998437 0.706250 0.775000 0.585417 0.895312 0.500000 0.506250 0.529167 0.354687 0.485417
1 0.365625 0.493750 0.282813 0.518750 0.268750 0.545833 0.000000 0.675000 0.000000 0.843750
1 0.467187 0.483333 0.465625 0.495833 0.475000 0.502083 0.479687 0.502083 0.481250 0.506250 0.487500 0.506250 0.490625 0.510417 0.493750 0.510417 0.498437 0.514583 0.498437 0.500000 0.501563 0.493750 0.482812 0.489583 0.481250 0.487500 0.475000 0.487500
1 0.998437 0.704167 0.998437 0.568750 0.953125 0.560417 0.946875 0.510417 0.920312 0.506250 0.943750 0.477083 0.553125 0.525000 0.895312 0.497917 0.789062 0.554167 0.779687 0.597917
2 0.415625 0.389583 0.414062 0.389583 0.412500 0.395833 0.412500 0.420833 0.404687 0.427083 0.404687 0.443750 0.409375 0.450000 0.412500 0.450000 0.412500 0.441667 0.415625 0.433333 0.423438 0.422917 0.421875 0.420833 0.423438 0.414583 0.420312 0.404167 0.420312 0.395833
2 0.504687 0.366667 0.500000 0.364583 0.495312 0.370833 0.476562 0.375000 0.471875 0.439583 0.475000 0.441667 0.475000 0.450000 0.478125 0.454167 0.490625 0.452083 0.493750 0.425000 0.498437 0.412500 0.515625 0.397917 0.514062 0.385417
2 0.195312 0.268750 0.198437 0.304167 0.206250 0.322917 0.203125 0.337500 0.209375 0.347917 0.203125 0.372917 0.212500 0.383333 0.210938 0.414583 0.267188 0.408333 0.267188 0.387500 0.254688 0.385417 0.240625 0.270833
2 0.000000 0.268750 0.000000 0.460417 0.168750 0.466667 0.165625 0.410417 0.071875 0.387500 0.081250 0.347917 0.071875 0.283333 0.084375 0.270833 0.064062 0.245833 0.054688 0.270833
3 0.279687 0.504167 0.260937 0.529167 0.251563 0.495833 0.250000 0.525000 0.246875 0.468750 0.209375 0.466667 0.221875 0.475000 0.215625 0.541667 0.003125 0.618750 0.000000 0.652083 0.045312 0.652083 0.278125 0.537500
4 0.000000 0.618750 0.212500 0.541667 0.220312 0.475000 0.000000 0.462500
4 0.954688 0.364583 0.946875 0.372917 0.950000 0.550000 0.953125 0.558333 0.998437 0.566667 0.998437 0.372917 0.960938 0.379167
5 0.576562 0.000000 0.604688 0.510417 0.614062 0.510417 0.585938 0.012500 0.601562 0.050000 0.589063 0.000000
8 0.998437 0.000000 0.795312 0.000000 0.771875 0.075000 0.693750 0.072917 0.678125 0.141667 0.656250 0.122917 0.654687 0.185417 0.623437 0.177083 0.601562 0.266667 0.615625 0.506250 0.943750 0.464583 0.946875 0.368750 0.998437 0.370833
8 0.098437 0.000000 0.073438 0.387500 0.264062 0.527083 0.451562 0.452083 0.448437 0.335417 0.468750 0.483333 0.531250 0.408333 0.603125 0.508333 0.556250 0.150000 0.509375 0.347917 0.412500 0.245833 0.412500 0.452083 0.342187 0.391667 0.310937 0.193750 0.268750 0.408333 0.210938 0.416667 0.157812 0.022917
9 0.040625 0.652083 0.032813 0.654167 0.031250 0.650000 0.028125 0.650000 0.026562 0.652083 0.000000 0.654167 0.000000 0.672917 0.009375 0.670833 0.023438 0.662500 0.028125 0.662500 0.031250 0.658333 0.040625 0.654167
9 0.943750 0.466667 0.812500 0.487500 0.765625 0.487500 0.753125 0.495833 0.939063 0.477083
10 0.600000 0.237500 0.628125 0.216667 0.625000 0.137500 0.653125 0.185417 0.654687 0.122917 0.676562 0.141667 0.693750 0.070833 0.707812 0.091667 0.718750 0.070833 0.771875 0.072917 0.782813 0.052083 0.770312 0.031250 0.785937 0.012500 0.801562 0.029167 0.800000 0.004167 0.590625 0.000000
10 0.143750 0.002083 0.178125 0.262500 0.242188 0.270833 0.256250 0.385417 0.307812 0.191667 0.343750 0.391667 0.364063 0.354167 0.410938 0.402083 0.426563 0.222917 0.501563 0.345833 0.537500 0.268750 0.495312 0.204167 0.556250 0.308333 0.575000 0.000000
10 0.000000 0.000000 0.010937 0.052083 0.000000 0.064583 0.009375 0.087500 0.000000 0.091667 0.000000 0.266667 0.054688 0.268750 0.064062 0.243750 0.084375 0.268750 0.059375 0.218750 0.082812 0.206250 0.068750 0.164583 0.087500 0.162500 0.093750 0.133333 0.076563 0.060417 0.089063 0.052083 0.082812 0.035417 0.096875 0.033333 0.096875 0.000000
12 0.531250 0.410417 0.526563 0.416667 0.526563 0.429167 0.510938 0.454167 0.510938 0.460417 0.526563 0.443750 0.531250 0.445833 0.521875 0.466667 0.521875 0.502083 0.529687 0.500000 0.529687 0.487500 0.532813 0.485417 0.529687 0.477083 0.532813 0.470833 0.546875 0.466667 0.550000 0.460417 0.550000 0.450000 0.539062 0.433333 0.535937 0.416667
13 0.370312 0.481250 0.375000 0.487500 0.381250 0.483333 0.385937 0.485417 0.393750 0.483333 0.396875 0.487500 0.403125 0.485417 0.415625 0.487500 0.417187 0.485417 0.415625 0.470833 0.412500 0.466667 0.398438 0.466667 0.395313 0.470833 0.390625 0.456250 0.375000 0.458333 0.373437 0.479167
13 0.428125 0.466667 0.429688 0.495833 0.432812 0.495833 0.434375 0.491667 0.435937 0.497917 0.440625 0.491667 0.451562 0.491667 0.453125 0.495833 0.464062 0.495833 0.465625 0.479167 0.459375 0.456250 0.454688 0.454167 0.434375 0.456250
18 0.537500 0.468750 0.531250 0.477083 0.534375 0.479167 0.534375 0.485417 0.531250 0.487500 0.531250 0.500000 0.526563 0.506250 0.534375 0.514583 0.540625 0.527083 0.548438 0.527083 0.553125 0.522917 0.559375 0.508333 0.559375 0.493750 0.554688 0.477083 0.546875 0.475000 0.545312 0.468750
18 0.517188 0.458333 0.512500 0.460417 0.514062 0.462500 0.514062 0.481250 0.509375 0.483333 0.500000 0.500000 0.500000 0.518750 0.506250 0.527083 0.512500 0.525000 0.520312 0.510417 0.518750 0.497917 0.520312 0.495833 0.520312 0.466667 0.521875 0.462500