0 0.000000 0.891667 0.000000 0.997917 0.998437 0.997917 0.998437 0.937500 0.892188 0.856250 0.840625 0.677083 0.756250 0.614583 0.885938 0.570833 0.460938 0.485417
1 0.864062 0.591667 0.787500 0.593750 0.762500 0.604167 0.757812 0.614583 0.765625 0.631250 0.842187 0.679167 0.845313 0.650000 0.853125 0.625000 0.862500 0.612500
1 0.745313 0.562500 0.825000 0.564583 0.775000 0.556250 0.748437 0.556250 0.748437 0.560417
1 0.546875 0.514583 0.612500 0.547917 0.678125 0.556250 0.675000 0.547917 0.615625 0.535417 0.553125 0.504167
1 0.459375 0.500000 0.000000 0.645833 0.000000 0.889583 0.181250 0.766667
2 0.581250 0.406250 0.568750 0.404167 0.565625 0.408333 0.560937 0.447917 0.557813 0.450000 0.557813 0.462500 0.562500 0.477083 0.575000 0.477083 0.578125 0.456250 0.592187 0.441667 0.593750 0.433333 0.590625 0.427083 0.582812 0.422917 0.576562 0.425000 0.573438 0.418750 0.575000 0.412500 0.582812 0.412500
2 0.509375 0.402083 0.507812 0.402083 0.506250 0.410417 0.501563 0.416667 0.501563 0.433333 0.498437 0.439583 0.498437 0.443750 0.493750 0.447917 0.492188 0.454167 0.496875 0.456250 0.500000 0.462500 0.501563 0.460417 0.501563 0.445833 0.510938 0.439583 0.512500 0.420833 0.509375 0.410417
2 0.707812 0.300000 0.678125 0.295833 0.676562 0.304167 0.676562 0.341667 0.678125 0.345833 0.684375 0.345833 0.684375 0.322917 0.690625 0.320833 0.695312 0.329167 0.696875 0.312500 0.704688 0.308333
2 0.331250 0.281250 0.340625 0.300000 0.345313 0.329167 0.343750 0.408333 0.373437 0.412500 0.389062 0.408333 0.389062 0.383333 0.375000 0.381250 0.371875 0.285417
2 0.164062 0.337500 0.167187 0.358333 0.262500 0.387500 0.281250 0.404167 0.290625 0.439583 0.314063 0.439583 0.317188 0.400000 0.253125 0.372917 0.248438 0.352083 0.215625 0.352083 0.235937 0.310417 0.231250 0.266667 0.209375 0.268750 0.201563 0.314583 0.189062 0.333333
3 0.403125 0.504167 0.390625 0.508333 0.382812 0.479167 0.376563 0.500000 0.289062 0.520833 0.267188 0.545833 0.204687 0.579167 0.215625 0.583333 0.395313 0.516667
4 0.998437 0.489583 0.990625 0.493750 0.979688 0.479167 0.971875 0.479167 0.968750 0.493750 0.906250 0.491667 0.898438 0.481250 0.892188 0.568750 0.935937 0.541667 0.998437 0.527083
4 0.635938 0.479167 0.635938 0.535417 0.648438 0.537500 0.648438 0.531250 0.651563 0.527083 0.654687 0.514583 0.654687 0.479167
4 0.553125 0.483333 0.554688 0.506250 0.568750 0.506250 0.575000 0.512500 0.582812 0.512500 0.587500 0.516667 0.614062 0.520833 0.615625 0.487500 0.612500 0.483333 0.590625 0.483333 0.589063 0.479167 0.585938 0.483333 0.578125 0.483333 0.576562 0.479167 0.559375 0.477083
4 0.284375 0.516667 0.310937 0.518750 0.376563 0.497917 0.382812 0.477083 0.384375 0.495833 0.384375 0.458333 0.362500 0.460417 0.364063 0.500000 0.353125 0.479167 0.303125 0.445833 0.309375 0.441667 0.300000 0.441667 0.284375 0.481250
5 0.590625 0.275000 0.623437 0.320833 0.615625 0.533333 0.623437 0.533333 0.625000 0.320833
5 0.675000 0.060417 0.665625 0.547917 0.675000 0.545833 0.678125 0.133333 0.692187 0.187500
8 0.643750 0.235417 0.640625 0.300000 0.631250 0.291667 0.635938 0.360417 0.625000 0.368750 0.621875 0.491667 0.625000 0.533333 0.634375 0.535417 0.634375 0.479167 0.654687 0.477083 0.650000 0.539583 0.660937 0.543750 0.665625 0.285417 0.660937 0.258333 0.654687 0.281250
8 0.998437 0.000000 0.970313 0.058333 0.929688 0.035417 0.867188 0.139583 0.895312 0.204167 0.776563 0.177083 0.729688 0.275000 0.707812 0.264583 0.675000 0.356250 0.675000 0.539583 0.709375 0.452083 0.720313 0.529167 0.892188 0.558333 0.898438 0.479167 0.998437 0.487500
8 0.000000 0.000000 0.000000 0.643750 0.285938 0.527083 0.279687 0.404167 0.159375 0.352083 0.210938 0.264583 0.359375 0.495833 0.537500 0.470833 0.542188 0.350000 0.550000 0.502083 0.568750 0.402083 0.615625 0.485417 0.532813 0.258333 0.490625 0.454167 0.434375 0.229167 0.342187 0.408333 0.309375 0.008333 0.275000 0.133333 0.260937 0.000000
10 0.218750 0.014583 0.275000 0.131250 0.318750 0.016667 0.376563 0.381250 0.434375 0.227083 0.501563 0.414583 0.529687 0.256250 0.593750 0.393750 0.590625 0.272917 0.634375 0.360417 0.668750 0.060417 0.707812 0.297917 0.776563 0.175000 0.895312 0.202083 0.865625 0.133333 0.984375 0.000000
12 0.709375 0.454167 0.704688 0.460417 0.706250 0.479167 0.695312 0.495833 0.701562 0.502083 0.712500 0.525000 0.709375 0.554167 0.720313 0.554167 0.718750 0.520833 0.731250 0.489583
13 0.998437 0.529167 0.867188 0.583333 0.842187 0.712500 0.843750 0.752083 0.873437 0.783333 0.906250 0.881250 0.998437 0.935417
13 0.515625 0.479167 0.515625 0.506250 0.520312 0.506250 0.521875 0.510417 0.525000 0.506250 0.535937 0.506250 0.537500 0.510417 0.546875 0.512500 0.548438 0.493750 0.542188 0.472917 0.523438 0.470833 0.518750 0.479167
13 0.457813 0.483333 0.460938 0.483333 0.462500 0.487500 0.471875 0.487500 0.475000 0.491667 0.482812 0.491667 0.484375 0.495833 0.501563 0.495833 0.504687 0.491667 0.501563 0.487500 0.501563 0.479167 0.498437 0.477083 0.482812 0.479167 0.481250 0.477083 0.481250 0.464583 0.467187 0.464583 0.464062 0.468750 0.462500 0.481250
18 0.725000 0.520833 0.725000 0.527083 0.720313 0.531250 0.721875 0.558333 0.729688 0.564583 0.740625 0.564583 0.746875 0.560417 0.750000 0.541667 0.746875 0.535417 0.746875 0.529167 0.743750 0.527083 0.743750 0.520833
18 0.696875 0.497917 0.693750 0.504167 0.695312 0.518750 0.684375 0.520833 0.678125 0.527083 0.676562 0.547917 0.679688 0.556250 0.687500 0.560417 0.696875 0.558333 0.706250 0.543750 0.709375 0.545833 0.710938 0.543750 0.710938 0.525000