0 0.998437 0.727083 0.795312 0.595833 0.912500 0.483333 0.478125 0.537500 0.320312 0.493750 0.000000 0.800000 0.000000 0.997917 0.998437 0.997917
1 0.328125 0.504167 0.225000 0.535417 0.220312 0.560417 0.000000 0.677083 0.000000 0.797917
1 0.998437 0.725000 0.998437 0.552083 0.962500 0.512500 0.962500 0.456250 0.590625 0.516667 0.489063 0.500000 0.484375 0.527083 0.912500 0.481250 0.806250 0.552083 0.796875 0.595833
2 0.379688 0.395833 0.378125 0.397917 0.378125 0.412500 0.382812 0.414583 0.382812 0.427083 0.370312 0.437500 0.370312 0.450000 0.376563 0.456250 0.379688 0.456250 0.379688 0.437500 0.381250 0.433333 0.387500 0.429167 0.389062 0.425000 0.387500 0.422917 0.387500 0.408333 0.384375 0.406250 0.384375 0.402083
2 0.000000 0.395833 0.000000 0.487500 0.100000 0.483333 0.100000 0.425000
2 0.482812 0.375000 0.468750 0.368750 0.459375 0.375000 0.445312 0.375000 0.437500 0.443750 0.440625 0.443750 0.445312 0.454167 0.457813 0.433333 0.462500 0.414583 0.471875 0.414583 0.478125 0.420833 0.482812 0.400000 0.492188 0.393750
2 0.129688 0.268750 0.135937 0.281250 0.132812 0.304167 0.142187 0.322917 0.139063 0.345833 0.151562 0.354167 0.140625 0.370833 0.140625 0.387500 0.151562 0.400000 0.150000 0.425000 0.215625 0.418750 0.215625 0.397917 0.204687 0.393750 0.187500 0.272917
3 0.223438 0.529167 0.201563 0.552083 0.167187 0.539583 0.157812 0.568750 0.142187 0.493750 0.175000 0.483333 0.118750 0.483333 0.132812 0.504167 0.135937 0.566667 0.001563 0.620833 0.000000 0.675000 0.220312 0.558333
4 0.171875 0.487500 0.150000 0.489583 0.143750 0.493750 0.143750 0.506250 0.146875 0.508333 0.146875 0.547917 0.150000 0.558333 0.157812 0.566667 0.160938 0.566667 0.167187 0.537500 0.176563 0.537500 0.179688 0.545833 0.184375 0.545833 0.187500 0.537500 0.176563 0.491667
4 0.000000 0.489583 0.000000 0.620833 0.134375 0.566667 0.131250 0.504167 0.121875 0.489583
4 0.998437 0.331250 0.993750 0.337500 0.996875 0.352083 0.973437 0.362500 0.964063 0.358333 0.960938 0.441667 0.964063 0.512500 0.998437 0.550000
5 0.512500 0.362500 0.517188 0.506250 0.520312 0.506250
5 0.459375 0.187500 0.457813 0.193750 0.467187 0.204167 0.482812 0.212500 0.500000 0.231250 0.506250 0.250000 0.509375 0.314583 0.504687 0.233333
5 0.546875 0.000000 0.581250 0.514583 0.590625 0.514583
8 0.998437 0.000000 0.751563 0.000000 0.739062 0.050000 0.664062 0.045833 0.657813 0.106250 0.629687 0.097917 0.628125 0.162500 0.592187 0.156250 0.601562 0.197917 0.575000 0.231250 0.595313 0.512500 0.962500 0.439583 0.962500 0.358333 0.996875 0.350000
8 0.000000 0.004167 0.000000 0.393750 0.201563 0.550000 0.395313 0.472917 0.410938 0.304167 0.434375 0.487500 0.473438 0.362500 0.515625 0.506250 0.512500 0.360417 0.521875 0.508333 0.579688 0.514583 0.521875 0.127083 0.509375 0.316667 0.375000 0.243750 0.379688 0.458333 0.259375 0.183333 0.220312 0.414583 0.151562 0.429167 0.079687 0.004167
9 0.962500 0.445833 0.742188 0.489583 0.962500 0.454167
10 0.573438 0.229167 0.590625 0.231250 0.600000 0.197917 0.592187 0.154167 0.606250 0.164583 0.607812 0.143750 0.626563 0.162500 0.628125 0.097917 0.646875 0.118750 0.664062 0.043750 0.682813 0.066667 0.693750 0.039583 0.739062 0.047917 0.750000 0.000000 0.570312 0.000000 0.571875 0.022917 0.554688 0.000000
10 0.076563 0.004167 0.112500 0.258333 0.189062 0.272917 0.209375 0.395833 0.257812 0.181250 0.303125 0.395833 0.328125 0.358333 0.376563 0.408333 0.389062 0.218750 0.468750 0.337500 0.506250 0.293750 0.459375 0.185417 0.525000 0.295833 0.545312 0.000000
12 0.471875 0.416667 0.462500 0.416667 0.459375 0.433333 0.443750 0.466667 0.462500 0.462500 0.453125 0.518750 0.456250 0.527083 0.462500 0.522917 0.459375 0.512500 0.462500 0.489583 0.481250 0.468750 0.482812 0.437500 0.478125 0.422917
13 0.339062 0.470833 0.335938 0.491667 0.340625 0.495833 0.346875 0.491667 0.362500 0.495833 0.381250 0.495833 0.382812 0.491667 0.379688 0.472917 0.367188 0.472917 0.362500 0.477083 0.357812 0.470833 0.357812 0.466667 0.342187 0.466667
13 0.398438 0.462500 0.392188 0.485417 0.393750 0.502083 0.396875 0.506250 0.398438 0.502083 0.403125 0.506250 0.409375 0.497917 0.418750 0.497917 0.420312 0.502083 0.432812 0.500000 0.432812 0.485417 0.426563 0.460417 0.406250 0.458333
18 0.468750 0.483333 0.460938 0.497917 0.460938 0.512500 0.470313 0.535417 0.478125 0.535417 0.482812 0.529167 0.482812 0.522917 0.485938 0.520833 0.487500 0.514583 0.485938 0.483333
18 0.460938 0.462500 0.448437 0.466667 0.448437 0.481250 0.439063 0.514583 0.439063 0.527083 0.443750 0.535417 0.451562 0.529167 0.451562 0.518750 0.454688 0.506250 0.454688 0.487500 0.459375 0.477083