0 0.000000 0.879167 0.000000 0.997917 0.998437 0.997917 0.998437 0.893750 0.887500 0.868750 0.825000 0.670833 0.751563 0.618750 0.857812 0.570833 0.460938 0.485417
1 0.754687 0.606250 0.753125 0.618750 0.760938 0.631250 0.825000 0.668750 0.828125 0.637500 0.843750 0.604167 0.842187 0.591667 0.775000 0.595833
1 0.750000 0.562500 0.826562 0.568750 0.789062 0.558333 0.753125 0.556250
1 0.548438 0.504167 0.546875 0.514583 0.598437 0.543750 0.684375 0.558333 0.678125 0.547917 0.662500 0.550000 0.645312 0.537500 0.615625 0.535417
1 0.459375 0.500000 0.000000 0.645833 0.000000 0.877083 0.165625 0.777083
2 0.568750 0.406250 0.565625 0.408333 0.560937 0.445833 0.557813 0.447917 0.557813 0.464583 0.562500 0.477083 0.567187 0.477083 0.568750 0.481250 0.571875 0.481250 0.576562 0.475000 0.576562 0.445833 0.573438 0.437500 0.571875 0.416667
2 0.509375 0.404167 0.506250 0.406250 0.506250 0.410417 0.501563 0.416667 0.500000 0.439583 0.490625 0.454167 0.495312 0.456250 0.498437 0.462500 0.501563 0.462500 0.501563 0.447917 0.510938 0.439583 0.512500 0.422917 0.510938 0.420833
2 0.257812 0.379167 0.260937 0.387500 0.278125 0.393750 0.281250 0.402083 0.287500 0.406250 0.292187 0.422917 0.296875 0.425000 0.295312 0.435417 0.298438 0.439583 0.314063 0.439583 0.314063 0.427083 0.318750 0.414583 0.318750 0.402083 0.314063 0.395833 0.287500 0.379167
2 0.703125 0.300000 0.692187 0.302083 0.675000 0.297917 0.675000 0.345833 0.679688 0.356250 0.684375 0.350000 0.684375 0.322917 0.685937 0.320833 0.693750 0.335417 0.696875 0.335417 0.693750 0.320833 0.700000 0.310417 0.704688 0.308333
2 0.331250 0.283333 0.340625 0.295833 0.346875 0.329167 0.343750 0.408333 0.389062 0.412500 0.389062 0.383333 0.378125 0.383333 0.375000 0.377083 0.371875 0.285417
2 0.253125 0.291667 0.240625 0.287500 0.231250 0.266667 0.217188 0.268750 0.218750 0.279167 0.207813 0.281250 0.204687 0.306250 0.193750 0.331250 0.175000 0.327083 0.162500 0.356250 0.209375 0.377083 0.251563 0.381250 0.251563 0.360417 0.234375 0.341667 0.234375 0.333333 0.254688 0.300000
3 0.401562 0.504167 0.393750 0.508333 0.382812 0.493750 0.375000 0.508333 0.292187 0.520833 0.275000 0.541667 0.196875 0.581250 0.346875 0.537500 0.395313 0.516667
4 0.998437 0.493750 0.990625 0.493750 0.989062 0.500000 0.984375 0.493750 0.968750 0.493750 0.965625 0.479167 0.959375 0.479167 0.954688 0.495833 0.898438 0.495833 0.890625 0.483333 0.885938 0.554167 0.917188 0.537500 0.996875 0.516667
4 0.635938 0.479167 0.634375 0.485417 0.634375 0.529167 0.635938 0.535417 0.645312 0.535417 0.648438 0.525000 0.653125 0.518750 0.654687 0.481250 0.653125 0.479167
4 0.557813 0.479167 0.556250 0.506250 0.559375 0.506250 0.562500 0.487500 0.565625 0.506250 0.609375 0.518750 0.614062 0.512500 0.614062 0.487500 0.568750 0.483333 0.567187 0.479167 0.562500 0.483333
4 0.289062 0.481250 0.292187 0.518750 0.360938 0.502083 0.375000 0.506250 0.382812 0.491667 0.385937 0.500000 0.387500 0.460417 0.364063 0.458333 0.365625 0.497917 0.359375 0.493750 0.353125 0.468750 0.337500 0.466667 0.328125 0.454167 0.298438 0.447917
5 0.589063 0.279167 0.621875 0.320833 0.615625 0.533333 0.621875 0.533333 0.623437 0.316667
5 0.675000 0.066667 0.662500 0.547917 0.673438 0.547917 0.675000 0.133333 0.685937 0.170833
8 0.642188 0.239583 0.640625 0.302083 0.631250 0.302083 0.635938 0.354167 0.623437 0.368750 0.620313 0.495833 0.631250 0.537500 0.634375 0.479167 0.653125 0.477083 0.646875 0.537500 0.659375 0.543750 0.665625 0.289583 0.657813 0.260417 0.654687 0.279167 0.646875 0.270833
8 0.998437 0.000000 0.975000 0.000000 0.970313 0.062500 0.928125 0.039583 0.864062 0.139583 0.890625 0.212500 0.775000 0.181250 0.728125 0.279167 0.706250 0.268750 0.675000 0.347917 0.675000 0.545833 0.709375 0.456250 0.753125 0.554167 0.873437 0.562500 0.890625 0.481250 0.998437 0.491667
8 0.000000 0.000000 0.000000 0.643750 0.275000 0.539583 0.298438 0.445833 0.537500 0.470833 0.542188 0.343750 0.548438 0.502083 0.568750 0.404167 0.614062 0.485417 0.620313 0.364583 0.531250 0.258333 0.489063 0.454167 0.435937 0.231250 0.342187 0.408333 0.317188 0.012500 0.415625 0.000000 0.281250 0.000000 0.264062 0.129167 0.225000 0.018750 0.271875 0.000000
9 0.792188 0.558333 0.826562 0.564583 0.828125 0.568750 0.864062 0.568750 0.871875 0.562500 0.835938 0.560417 0.821875 0.556250
10 0.331250 0.281250 0.390625 0.381250 0.435937 0.229167 0.501563 0.414583 0.531250 0.256250 0.595313 0.395833 0.587500 0.279167 0.625000 0.366667 0.642188 0.237500 0.665625 0.287500 0.668750 0.064583 0.704688 0.300000 0.775000 0.179167 0.890625 0.210417 0.862500 0.139583 0.976562 0.008333 0.320312 0.008333
10 0.304688 0.008333 0.296875 0.016667 0.273438 0.000000 0.262500 0.016667 0.226562 0.018750 0.242188 0.047917 0.251563 0.050000 0.259375 0.039583 0.279687 0.050000 0.268750 0.089583 0.245312 0.097917 0.257812 0.125000 0.275000 0.122917 0.282813 0.112500 0.279687 0.102083 0.287500 0.097917 0.303125 0.050000
12 0.709375 0.458333 0.710938 0.477083 0.700000 0.495833 0.700000 0.502083 0.703125 0.508333 0.709375 0.508333 0.714063 0.502083 0.717187 0.504167 0.717187 0.543750 0.710938 0.550000 0.714063 0.554167 0.723437 0.554167 0.723437 0.516667 0.734375 0.491667 0.723437 0.468750 0.715625 0.458333
13 0.998437 0.516667 0.854688 0.572917 0.828125 0.643750 0.825000 0.735417 0.850000 0.766667 0.879687 0.856250 0.934375 0.902083 0.998437 0.891667
13 0.521875 0.472917 0.518750 0.481250 0.515625 0.483333 0.515625 0.506250 0.520312 0.506250 0.521875 0.510417 0.525000 0.506250 0.535937 0.506250 0.537500 0.510417 0.545312 0.512500 0.546875 0.510417 0.546875 0.487500 0.543750 0.475000 0.540625 0.472917
13 0.457813 0.483333 0.460938 0.483333 0.462500 0.487500 0.471875 0.487500 0.475000 0.491667 0.482812 0.491667 0.484375 0.495833 0.501563 0.495833 0.501563 0.479167 0.487500 0.477083 0.482812 0.483333 0.481250 0.481250 0.481250 0.464583 0.467187 0.464583 0.464062 0.468750 0.462500 0.481250
18 0.725000 0.520833 0.725000 0.554167 0.729688 0.564583 0.734375 0.566667 0.746875 0.564583 0.751563 0.558333 0.751563 0.535417 0.746875 0.527083 0.746875 0.520833 0.743750 0.525000 0.726562 0.525000
18 0.700000 0.504167 0.696875 0.510417 0.696875 0.518750 0.689063 0.520833 0.679688 0.533333 0.679688 0.550000 0.687500 0.560417 0.700000 0.560417 0.709375 0.543750 0.715625 0.543750 0.715625 0.516667 0.709375 0.510417 0.703125 0.510417