0 0.998437 0.810417 0.740625 0.606250 0.823438 0.441667 0.451562 0.560417 0.179688 0.535417 0.000000 0.691667 0.000000 0.997917 0.998437 0.997917
0 0.876563 0.416667 0.865625 0.420833 0.853125 0.429167 0.851562 0.433333 0.854688 0.439583 0.857812 0.439583 0.859375 0.443750 0.870313 0.450000 0.876563 0.450000 0.878125 0.447917 0.878125 0.425000 0.876563 0.422917
1 0.175000 0.552083 0.153125 0.550000 0.145313 0.562500 0.079687 0.595833 0.000000 0.620833 0.000000 0.689583 0.121875 0.602083
1 0.678125 0.481250 0.475000 0.537500 0.389062 0.541667 0.301563 0.520833 0.296875 0.537500 0.350000 0.564583 0.451562 0.558333
1 0.790625 0.441667 0.853125 0.454167 0.740625 0.552083 0.750000 0.620833 0.901563 0.752083 0.998437 0.777083 0.998437 0.550000 0.881250 0.477083 0.826562 0.483333 0.870313 0.452083 0.850000 0.433333 0.875000 0.412500
2 0.360938 0.397917 0.348438 0.389583 0.307812 0.395833 0.307812 0.466667 0.315625 0.485417 0.321875 0.487500 0.329688 0.481250 0.329688 0.447917 0.342187 0.433333 0.348438 0.416667 0.360938 0.406250
4 0.342187 0.479167 0.343750 0.497917 0.346875 0.500000 0.343750 0.502083 0.346875 0.504167 0.346875 0.514583 0.359375 0.518750 0.385937 0.518750 0.387500 0.487500 0.385937 0.475000 0.367188 0.472917
4 0.443750 0.445833 0.415625 0.452083 0.423438 0.533333 0.442188 0.533333 0.445312 0.512500 0.450000 0.506250 0.446875 0.502083 0.450000 0.497917 0.446875 0.495833 0.446875 0.464583
4 0.965625 0.270833 0.957812 0.297917 0.887500 0.329167 0.875000 0.320833 0.882812 0.491667 0.998437 0.547917 0.998437 0.285417 0.979688 0.291667
5 0.142187 0.529167 0.135937 0.529167 0.132812 0.533333 0.132812 0.539583 0.134375 0.541667 0.134375 0.550000 0.132812 0.552083 0.132812 0.558333 0.135937 0.560417 0.135937 0.564583 0.137500 0.564583 0.140625 0.560417 0.145313 0.560417 0.146875 0.556250 0.146875 0.552083 0.145313 0.550000 0.145313 0.531250
5 0.379688 0.364583 0.390625 0.520833 0.395313 0.533333 0.395313 0.487500 0.389062 0.462500
5 0.306250 0.162500 0.307812 0.172917 0.350000 0.204167 0.360938 0.220833 0.375000 0.310417 0.364063 0.218750 0.350000 0.197917
5 0.440625 0.000000 0.481250 0.131250 0.481250 0.112500 0.445312 0.000000
5 0.407813 0.000000 0.475000 0.535417 0.426563 0.064583
8 0.407813 0.116667 0.378125 0.091667 0.390625 0.287500 0.340625 0.341667 0.223438 0.241667 0.235937 0.435417 0.176563 0.385417 0.165625 0.443750 0.121875 0.427083 0.042188 0.170833 0.000000 0.264583 0.000000 0.618750 0.071875 0.595833 0.068750 0.539583 0.079687 0.593750 0.246875 0.516667 0.275000 0.443750 0.345313 0.514583 0.379688 0.362500 0.406250 0.533333 0.443750 0.443750 0.465625 0.535417
8 0.443750 0.195833 0.482812 0.531250 0.806250 0.425000 0.803125 0.329167 0.812500 0.422917 0.868750 0.404167 0.875000 0.318750 0.998437 0.283333 0.998437 0.091667 0.937500 0.058333 0.896875 0.197917 0.825000 0.104167 0.873437 0.000000 0.535937 0.018750 0.517188 0.091667 0.500000 0.060417 0.500000 0.139583 0.462500 0.133333 0.464062 0.216667
9 0.904687 0.752083 0.912500 0.764583 0.932813 0.779167 0.995313 0.806250 0.998437 0.800000 0.998437 0.779167 0.950000 0.758333 0.942187 0.750000
9 0.315625 0.520833 0.362500 0.529167 0.364063 0.533333 0.378125 0.533333 0.389062 0.539583 0.420312 0.539583 0.423438 0.535417 0.418750 0.531250 0.404687 0.539583 0.400000 0.531250 0.393750 0.535417 0.389062 0.520833 0.348438 0.516667
9 0.879687 0.454167 0.871875 0.452083 0.854688 0.458333 0.846875 0.464583 0.831250 0.468750 0.826562 0.475000 0.826562 0.481250 0.840625 0.481250 0.845313 0.477083 0.857812 0.475000 0.879687 0.475000
9 0.876563 0.408333 0.871875 0.402083 0.671875 0.477083 0.700000 0.475000
10 0.998437 0.000000 0.875000 0.000000 0.881250 0.025000 0.846875 0.083333 0.826562 0.087500 0.831250 0.135417 0.857812 0.139583 0.871875 0.120833 0.889062 0.145833 0.895312 0.193750 0.910937 0.195833 0.912500 0.135417 0.937500 0.056250 0.956250 0.095833 0.976562 0.064583 0.998437 0.089583
10 0.446875 0.002083 0.476562 0.100000 0.498437 0.139583 0.500000 0.058333 0.517188 0.089583 0.528125 0.081250 0.523438 0.033333 0.532813 0.033333 0.535937 0.016667 0.559375 0.039583 0.564063 0.014583 0.576562 0.018750 0.609375 0.000000
10 0.418750 0.000000 0.442188 0.189583 0.462500 0.216667 0.464062 0.187500 0.471875 0.175000 0.459375 0.135417 0.465625 0.131250 0.481250 0.150000 0.478125 0.127083 0.439063 0.000000
10 0.000000 0.000000 0.000000 0.262500 0.056250 0.164583 0.123438 0.427083 0.165625 0.441667 0.176563 0.383333 0.235937 0.433333 0.209375 0.352083 0.237500 0.220833 0.340625 0.339583 0.364063 0.231250 0.306250 0.160417 0.389062 0.287500 0.378125 0.089583 0.423438 0.150000 0.406250 0.000000
12 0.275000 0.445833 0.259375 0.487500 0.260937 0.502083 0.265625 0.500000 0.265625 0.522917 0.268750 0.525000 0.265625 0.537500 0.268750 0.543750 0.271875 0.516667 0.279687 0.508333 0.282813 0.537500 0.289062 0.554167 0.293750 0.554167 0.290625 0.539583 0.292187 0.472917 0.282813 0.450000
13 0.150000 0.529167 0.150000 0.535417 0.151562 0.539583 0.168750 0.539583 0.170313 0.537500 0.178125 0.537500 0.178125 0.531250 0.175000 0.527083 0.164062 0.529167 0.160938 0.522917 0.153125 0.522917
13 0.264062 0.500000 0.260937 0.504167 0.256250 0.491667 0.246875 0.518750 0.240625 0.508333 0.218750 0.510417 0.212500 0.502083 0.192188 0.504167 0.185938 0.533333 0.190625 0.537500 0.215625 0.533333 0.218750 0.537500 0.226562 0.531250 0.243750 0.531250 0.248438 0.522917 0.253125 0.543750 0.264062 0.543750 0.267188 0.533333
18 0.276562 0.510417 0.273438 0.516667 0.271875 0.541667 0.267188 0.545833 0.265625 0.539583 0.265625 0.570833 0.268750 0.579167 0.271875 0.579167 0.273438 0.562500 0.276562 0.558333 0.279687 0.562500 0.281250 0.579167 0.287500 0.579167 0.292187 0.556250 0.287500 0.554167 0.281250 0.537500 0.281250 0.512500