0 0.740625 0.993750 0.509375 0.456250 0.000000 0.843750 0.000000 0.997917
2 0.720313 0.141667 0.700000 0.168750 0.667188 0.162500 0.670312 0.183333 0.676562 0.195833 0.681250 0.195833 0.681250 0.191667 0.695312 0.172917 0.704688 0.168750 0.712500 0.158333 0.715625 0.158333
2 0.748437 0.112500 0.765625 0.091667 0.810937 0.058333 0.831250 0.000000 0.735938 0.002083 0.731250 0.035417 0.753125 0.035417 0.756250 0.102083
3 0.781250 0.083333 0.756250 0.108333 0.779687 0.118750 0.770312 0.195833 0.735938 0.212500 0.734375 0.154167 0.721875 0.145833 0.585938 0.325000 0.642188 0.364583 0.676562 0.350000 0.668750 0.341667 0.685937 0.316667 0.790625 0.295833
4 0.470313 0.447917 0.457813 0.445833 0.453125 0.450000 0.428125 0.447917 0.420312 0.452083 0.401562 0.452083 0.398438 0.460417 0.398438 0.477083 0.404687 0.491667 0.406250 0.487500 0.423438 0.481250 0.425000 0.477083 0.434375 0.477083 0.459375 0.466667 0.467187 0.460417 0.470313 0.454167 0.467187 0.450000
4 0.998437 0.216667 0.890625 0.266667 0.867188 0.231250 0.850000 0.281250 0.685937 0.318750 0.653125 0.364583 0.584375 0.322917 0.531250 0.389583 0.529687 0.462500 0.998437 0.687500
4 0.771875 0.108333 0.757812 0.114583 0.753125 0.110417 0.721875 0.139583 0.718750 0.152083 0.723437 0.143750 0.726562 0.154167 0.729688 0.147917 0.735938 0.154167 0.735938 0.160417 0.728125 0.164583 0.732812 0.181250 0.729688 0.193750 0.735938 0.210417 0.754687 0.206250 0.775000 0.185417 0.778125 0.118750
5 0.321875 0.408333 0.332813 0.539583 0.335938 0.541667 0.339062 0.535417 0.329688 0.431250 0.326562 0.427083 0.326562 0.412500
5 0.353125 0.172917 0.326562 0.197917 0.317188 0.214583 0.307812 0.216667 0.306250 0.256250 0.314063 0.320833 0.310937 0.218750 0.342187 0.193750
8 0.782813 0.079167 0.803125 0.300000 0.850000 0.279167 0.867188 0.229167 0.890625 0.264583 0.998437 0.214583 0.998437 0.000000 0.832812 0.000000 0.812500 0.058333
8 0.000000 0.739583 0.329688 0.541667 0.321875 0.406250 0.340625 0.537500 0.401562 0.450000 0.528125 0.460417 0.676562 0.206250 0.625000 0.004167 0.596875 0.129167 0.529687 0.108333 0.479687 0.185417 0.482812 0.387500 0.428125 0.241667 0.310937 0.216667 0.389062 0.000000 0.000000 0.000000
9 0.443750 0.475000 0.000000 0.741667 0.000000 0.841667
9 0.515625 0.464583 0.742188 0.997917 0.998437 0.997917 0.998437 0.689583
10 0.621875 0.000000 0.626563 0.027083 0.645312 0.041667 0.640625 0.066667 0.654687 0.081250 0.648438 0.102083 0.670312 0.135417 0.662500 0.154167 0.700000 0.166667 0.754687 0.102083 0.751563 0.035417 0.729688 0.035417 0.735938 0.000000
10 0.606250 0.000000 0.390625 0.000000 0.385937 0.070833 0.353125 0.125000 0.329688 0.114583 0.335938 0.185417 0.356250 0.175000 0.342187 0.195833 0.356250 0.214583 0.370312 0.187500 0.367188 0.239583 0.384375 0.252083 0.395313 0.210417 0.409375 0.252083 0.429688 0.241667 0.443750 0.345833 0.467187 0.377083 0.487500 0.368750 0.457813 0.314583 0.478125 0.185417 0.529687 0.106250 0.598437 0.125000
13 0.509375 0.452083 0.506250 0.443750 0.504687 0.431250 0.492188 0.431250 0.487500 0.437500 0.482812 0.437500 0.478125 0.441667 0.468750 0.441667 0.471875 0.447917 0.471875 0.454167 0.476562 0.454167 0.479687 0.450000 0.485938 0.450000 0.489063 0.456250 0.489063 0.462500 0.495312 0.458333 0.506250 0.458333