0 0.998437 0.895833 0.735938 0.618750 0.865625 0.370833 0.376563 0.591667 0.100000 0.562500 0.081250 0.633333 0.065625 0.566667 0.000000 0.583333 0.000000 0.997917 0.998437 0.997917
1 0.525000 0.531250 0.289062 0.577083 0.167187 0.547917 0.167187 0.570833 0.218750 0.612500 0.281250 0.610417
1 0.768750 0.508333 0.734375 0.577083 0.748437 0.641667 0.820312 0.731250 0.998437 0.893750 0.998437 0.533333 0.879687 0.500000 0.865625 0.477083 0.803125 0.483333
3 0.187500 0.404167 0.185938 0.408333 0.189062 0.472917 0.190625 0.477083 0.193750 0.470833 0.198437 0.489583 0.204687 0.489583 0.204687 0.468750 0.200000 0.460417 0.200000 0.435417 0.193750 0.410417
4 0.275000 0.502083 0.279687 0.529167 0.285938 0.531250 0.287500 0.533333 0.287500 0.537500 0.290625 0.539583 0.290625 0.508333 0.287500 0.506250 0.287500 0.497917
4 0.264062 0.491667 0.229687 0.491667 0.217188 0.504167 0.195312 0.504167 0.190625 0.510417 0.187500 0.529167 0.193750 0.537500 0.264062 0.543750 0.264062 0.535417 0.268750 0.531250
4 0.334375 0.447917 0.296875 0.458333 0.304688 0.537500 0.307812 0.539583 0.310937 0.564583 0.328125 0.560417 0.328125 0.535417 0.332813 0.533333 0.334375 0.520833 0.340625 0.512500
4 0.859375 0.347917 0.856250 0.343750 0.850000 0.345833 0.846875 0.341667 0.798438 0.352083 0.798438 0.381250 0.804688 0.377083 0.814063 0.377083 0.815625 0.372917 0.845313 0.366667 0.846875 0.362500 0.859375 0.360417
4 0.998437 0.243750 0.900000 0.289583 0.867188 0.285417 0.879687 0.497917 0.998437 0.531250
5 0.253125 0.364583 0.271875 0.558333 0.281250 0.558333 0.287500 0.570833 0.287500 0.539583 0.278125 0.529167
5 0.143750 0.091667 0.148438 0.106250 0.192188 0.137500 0.225000 0.175000 0.232813 0.195833 0.243750 0.287500 0.235937 0.197917 0.225000 0.166667
5 0.293750 0.000000 0.337500 0.297917 0.339062 0.260417 0.303125 0.000000
8 0.000000 0.554167 0.073438 0.477083 0.200000 0.539583 0.253125 0.362500 0.307812 0.572917 0.304688 0.452083 0.354687 0.570833 0.998437 0.241667 0.998437 0.000000 0.879687 0.189583 0.812500 0.087500 0.798438 0.216667 0.725000 0.150000 0.776563 0.000000 0.398438 0.000000 0.337500 0.300000 0.240625 0.008333 0.268750 0.262500 0.093750 0.202083
9 0.187500 0.543750 0.259375 0.566667 0.270313 0.575000 0.293750 0.572917 0.285938 0.572917 0.281250 0.560417 0.273438 0.564583 0.270313 0.545833
9 0.871875 0.414583 0.848437 0.427083 0.821875 0.456250 0.800000 0.468750 0.781250 0.493750 0.803125 0.481250 0.826562 0.481250 0.828125 0.477083 0.865625 0.475000 0.873437 0.479167
9 0.865625 0.360417 0.804688 0.379167 0.581250 0.502083
10 0.778125 0.000000 0.784375 0.027083 0.751563 0.087500 0.732812 0.089583 0.740625 0.116667 0.728125 0.154167 0.759375 0.143750 0.773438 0.195833 0.798438 0.214583 0.795312 0.154167 0.815625 0.085417 0.828125 0.122917 0.843750 0.097917 0.857812 0.108333 0.879687 0.187500 0.895312 0.147917 0.889062 0.106250 0.934375 0.000000
10 0.407813 0.000000 0.409375 0.008333 0.410938 0.008333 0.415625 0.016667 0.420312 0.029167 0.420312 0.033333 0.420312 0.025000 0.421875 0.022917 0.425000 0.022917 0.428125 0.027083 0.431250 0.027083 0.431250 0.025000 0.434375 0.022917 0.431250 0.014583 0.435937 0.004167 0.432812 0.000000
10 0.360938 0.000000 0.382812 0.064583 0.393750 0.077083 0.395313 0.091667 0.400000 0.095833 0.401562 0.062500 0.400000 0.037500 0.396875 0.035417 0.396875 0.000000
10 0.304688 0.000000 0.337500 0.210417 0.340625 0.162500 0.360938 0.183333 0.357812 0.152083 0.370312 0.137500 0.353125 0.081250 0.378125 0.104167 0.379688 0.089583 0.353125 0.000000
10 0.292187 0.000000 0.000000 0.000000 0.000000 0.497917 0.023438 0.391667 0.082812 0.429167 0.064062 0.281250 0.096875 0.200000 0.192188 0.281250 0.239063 0.262500 0.223438 0.175000 0.143750 0.089583 0.267188 0.262500 0.239063 0.008333 0.303125 0.091667
12 0.075000 0.479167 0.065625 0.485417 0.053125 0.529167 0.057813 0.554167 0.067187 0.556250 0.070312 0.622917 0.078125 0.608333 0.076563 0.562500 0.089063 0.556250 0.095312 0.562500 0.098437 0.579167 0.100000 0.560417 0.093750 0.504167 0.085938 0.485417
13 0.065625 0.556250 0.057813 0.556250 0.056250 0.552083 0.051562 0.552083 0.050000 0.556250 0.045312 0.552083 0.042188 0.558333 0.023438 0.556250 0.017188 0.560417 0.000000 0.556250 0.000000 0.581250 0.034375 0.570833 0.060937 0.568750 0.065625 0.564583
13 0.151562 0.510417 0.134375 0.510417 0.132812 0.514583 0.115625 0.514583 0.109375 0.518750 0.101562 0.552083 0.109375 0.581250 0.118750 0.581250 0.132812 0.568750 0.165625 0.568750 0.165625 0.535417
18 0.081250 0.558333 0.078125 0.562500 0.079687 0.608333 0.076563 0.622917 0.081250 0.625000 0.081250 0.631250 0.092188 0.631250 0.095312 0.629167 0.095312 0.597917 0.098437 0.595833 0.098437 0.581250 0.093750 0.562500 0.089063 0.558333