0 0.740625 0.995833 0.450000 0.477083 0.000000 0.710417 0.000000 0.997917
2 0.679688 0.266667 0.695312 0.277083 0.698438 0.287500 0.768750 0.237500 0.740625 0.239583 0.739062 0.243750 0.715625 0.250000 0.695312 0.247917 0.678125 0.237500
2 0.784375 0.227083 0.879687 0.164583 0.998437 0.058333 0.998437 0.000000 0.820312 0.000000 0.789062 0.087500 0.817187 0.102083 0.815625 0.197917
3 0.998437 0.060417 0.514062 0.422917 0.510938 0.454167 0.682813 0.443750 0.701562 0.412500 0.710938 0.439583 0.923438 0.412500 0.946875 0.360417 0.995313 0.402083
4 0.348438 0.462500 0.348438 0.475000 0.351562 0.479167 0.353125 0.495833 0.371875 0.491667 0.373437 0.487500 0.395313 0.487500 0.403125 0.475000 0.403125 0.466667 0.396875 0.460417 0.396875 0.456250 0.376563 0.456250 0.375000 0.452083 0.370312 0.452083 0.367188 0.456250 0.365625 0.452083 0.359375 0.452083 0.357812 0.447917
4 0.275000 0.514583 0.278125 0.518750 0.310937 0.514583 0.312500 0.472917 0.325000 0.475000 0.331250 0.483333 0.337500 0.475000 0.340625 0.458333 0.301563 0.447917 0.267188 0.447917 0.275000 0.479167
4 0.998437 0.866667 0.998437 0.400000 0.976562 0.408333 0.965625 0.366667 0.939063 0.366667 0.923438 0.414583 0.728125 0.441667 0.701562 0.414583 0.692187 0.443750 0.501563 0.460417 0.512500 0.516667 0.937500 0.858333
5 0.259375 0.372917 0.253125 0.389583 0.251563 0.416667 0.253125 0.537500 0.257812 0.529167
5 0.332813 0.087500 0.276562 0.118750 0.260937 0.139583 0.259375 0.256250 0.267188 0.139583 0.279687 0.122917 0.332813 0.095833
8 0.812500 0.164583 0.803125 0.164583 0.801562 0.166667 0.804688 0.175000 0.803125 0.185417 0.804688 0.187500 0.804688 0.200000 0.806250 0.204167 0.810937 0.202083 0.814063 0.197917 0.814063 0.166667
8 0.000000 0.627083 0.250000 0.533333 0.257812 0.370833 0.260937 0.533333 0.267188 0.445833 0.342187 0.458333 0.312500 0.514583 0.357812 0.445833 0.498437 0.506250 0.696875 0.289583 0.640625 0.000000 0.604688 0.202083 0.535937 0.137500 0.448437 0.252083 0.454688 0.414583 0.348438 0.118750 0.275000 0.129167 0.256250 0.254167 0.259375 0.139583 0.385937 0.000000 0.000000 0.000000
9 0.484375 0.508333 0.742188 0.997917 0.998437 0.997917 0.998437 0.868750 0.937500 0.860417 0.703125 0.652083
9 0.403125 0.489583 0.003125 0.627083 0.000000 0.708333
10 0.642188 0.000000 0.650000 0.077083 0.668750 0.097917 0.662500 0.131250 0.682813 0.197917 0.678125 0.235417 0.703125 0.247917 0.764062 0.237500 0.804688 0.206250 0.800000 0.166667 0.814063 0.162500 0.817187 0.112500 0.787500 0.087500 0.818750 0.000000
10 0.635938 0.000000 0.387500 0.000000 0.342187 0.052083 0.312500 0.041667 0.315625 0.091667 0.334375 0.087500 0.312500 0.110417 0.329688 0.147917 0.348438 0.116667 0.342187 0.183333 0.412500 0.241667 0.418750 0.356250 0.451562 0.412500 0.446875 0.252083 0.535937 0.135417 0.604688 0.200000
13 0.429688 0.466667 0.434375 0.472917 0.434375 0.477083 0.450000 0.475000 0.451562 0.477083 0.451562 0.491667 0.454688 0.491667 0.456250 0.487500 0.467187 0.487500 0.468750 0.491667 0.473438 0.491667 0.473438 0.475000 0.468750 0.462500 0.454688 0.462500 0.451562 0.466667 0.450000 0.464583 0.431250 0.464583