0 0.740625 0.995833 0.454688 0.479167 0.000000 0.702083 0.000000 0.997917
2 0.809375 0.231250 0.781250 0.233333 0.779687 0.239583 0.726562 0.254167 0.693750 0.243750 0.692187 0.260417 0.717187 0.252083 0.717187 0.258333 0.695312 0.266667 0.717187 0.291667 0.764062 0.262500 0.784375 0.241667
2 0.815625 0.085417 0.848437 0.097917 0.848437 0.206250 0.917188 0.150000 0.998437 0.112500 0.998437 0.000000 0.851562 0.000000
3 0.998437 0.114583 0.521875 0.427083 0.518750 0.456250 0.717187 0.447917 0.742188 0.418750 0.998437 0.420833
4 0.318750 0.452083 0.318750 0.456250 0.325000 0.456250 0.326562 0.458333 0.326562 0.464583 0.323437 0.468750 0.323437 0.470833 0.326562 0.475000 0.339062 0.475000 0.342187 0.466667 0.345313 0.464583 0.345313 0.456250 0.342187 0.454167
4 0.356250 0.454167 0.354687 0.475000 0.357812 0.479167 0.357812 0.493750 0.373437 0.491667 0.375000 0.487500 0.401562 0.487500 0.403125 0.456250 0.389062 0.456250 0.387500 0.452083 0.364063 0.452083 0.362500 0.447917
4 0.271875 0.445833 0.275000 0.456250 0.275000 0.512500 0.307812 0.510417 0.309375 0.497917 0.314063 0.491667 0.314063 0.479167 0.317188 0.477083 0.314063 0.475000 0.314063 0.462500 0.309375 0.452083 0.301563 0.445833
4 0.509375 0.462500 0.509375 0.512500 0.998437 0.887500 0.998437 0.422917 0.742188 0.420833 0.717187 0.450000
5 0.259375 0.375000 0.253125 0.379167 0.250000 0.531250 0.253125 0.535417 0.257812 0.497917 0.256250 0.466667 0.259375 0.464583
5 0.340625 0.070833 0.293750 0.093750 0.268750 0.116667 0.260937 0.166667 0.262500 0.237500 0.270313 0.122917 0.292187 0.102083 0.335938 0.083333
8 0.845313 0.133333 0.834375 0.143750 0.829688 0.168750 0.826562 0.172917 0.820312 0.170833 0.818750 0.175000 0.818750 0.200000 0.826562 0.212500 0.826562 0.220833 0.842187 0.208333
8 0.000000 0.625000 0.246875 0.531250 0.256250 0.372917 0.259375 0.529167 0.271875 0.443750 0.312500 0.512500 0.412500 0.435417 0.506250 0.506250 0.712500 0.295833 0.657813 0.000000 0.618750 0.204167 0.546875 0.139583 0.456250 0.252083 0.460938 0.416667 0.356250 0.106250 0.276562 0.114583 0.259375 0.235417 0.267188 0.116667 0.384375 0.000000 0.000000 0.000000
9 0.490625 0.508333 0.742188 0.997917 0.998437 0.997917 0.998437 0.889583
9 0.412500 0.487500 0.276562 0.514583 0.129688 0.585417 0.050000 0.593750 0.000000 0.627083 0.000000 0.700000
10 0.659375 0.000000 0.665625 0.077083 0.685937 0.097917 0.678125 0.137500 0.698438 0.204167 0.693750 0.241667 0.821875 0.225000 0.817187 0.175000 0.845313 0.131250 0.846875 0.097917 0.814063 0.085417 0.850000 0.000000
10 0.653125 0.000000 0.385937 0.000000 0.350000 0.041667 0.320312 0.033333 0.342187 0.070833 0.318750 0.095833 0.335938 0.135417 0.359375 0.110417 0.348438 0.168750 0.421875 0.241667 0.425000 0.356250 0.457813 0.414583 0.454688 0.252083 0.546875 0.137500 0.618750 0.202083
13 0.478125 0.491667 0.478125 0.468750 0.473438 0.464583 0.464062 0.462500 0.457813 0.468750 0.453125 0.464583 0.451562 0.466667 0.442188 0.466667 0.440625 0.464583 0.437500 0.466667 0.439063 0.477083 0.454688 0.477083 0.456250 0.479167 0.456250 0.491667