0 0.685937 0.387500 0.000000 0.781250 0.000000 0.997917 0.801562 0.997917 0.671875 0.797917 0.653125 0.535417
1 0.207813 0.656250 0.178125 0.656250 0.000000 0.733333 0.000000 0.779167 0.189062 0.683333 0.209375 0.666667
1 0.690625 0.539583 0.671875 0.587500 0.671875 0.785417 0.732812 0.902083 0.812500 0.997917 0.998437 0.997917 0.998437 0.591667 0.818750 0.560417 0.810937 0.531250
3 0.745313 0.200000 0.735938 0.212500 0.732812 0.235417 0.717187 0.275000 0.718750 0.287500 0.726562 0.291667 0.728125 0.302083 0.743750 0.300000 0.748437 0.289583 0.748437 0.233333
4 0.651563 0.377083 0.643750 0.370833 0.642188 0.375000 0.635938 0.372917 0.629687 0.379167 0.623437 0.372917 0.617188 0.379167 0.607812 0.375000 0.603125 0.379167 0.595313 0.377083 0.581250 0.381250 0.578125 0.385417 0.576562 0.414583 0.645312 0.391667 0.650000 0.387500
4 0.998437 0.170833 0.821875 0.250000 0.818750 0.270833 0.800000 0.239583 0.796875 0.275000 0.768750 0.300000 0.728125 0.304167 0.714063 0.279167 0.698438 0.389583 0.818750 0.558333 0.998437 0.589583
5 0.459375 0.352083 0.460938 0.420833 0.462500 0.429167 0.464062 0.429167 0.467187 0.420833 0.465625 0.414583 0.465625 0.368750 0.462500 0.352083
8 0.000000 0.731250 0.301563 0.620833 0.525000 0.454167 0.518750 0.352083 0.529687 0.452083 0.696875 0.385417 0.745313 0.197917 0.768750 0.297917 0.989062 0.177083 0.998437 0.000000 0.714063 0.020833 0.640625 0.172917 0.662500 0.304167 0.606250 0.172917 0.517188 0.191667 0.564063 0.000000 0.000000 0.000000
9 0.757812 0.931250 0.773438 0.964583 0.785937 0.975000 0.787500 0.981250 0.793750 0.985417 0.800000 0.995833 0.810937 0.997917 0.795312 0.968750 0.773438 0.947917 0.768750 0.937500
9 0.626563 0.400000 0.342187 0.550000 0.304688 0.583333 0.310937 0.612500
9 0.685937 0.385417 0.670312 0.495833 0.656250 0.520833 0.662500 0.556250 0.676562 0.568750 0.690625 0.537500 0.717187 0.529167 0.807813 0.529167 0.731250 0.425000
10 0.875000 0.000000 0.835938 0.000000 0.835938 0.012500 0.840625 0.020833 0.839063 0.022917 0.850000 0.037500 0.853125 0.035417 0.856250 0.039583 0.851562 0.045833 0.851562 0.058333 0.854688 0.058333 0.857812 0.031250
10 0.782813 0.000000 0.565625 0.000000 0.565625 0.064583 0.521875 0.112500 0.518750 0.191667 0.537500 0.172917 0.542188 0.200000 0.550000 0.170833 0.565625 0.227083 0.575000 0.154167 0.592187 0.187500 0.606250 0.170833 0.629687 0.237500 0.623437 0.279167 0.665625 0.300000 0.635938 0.243750 0.665625 0.093750 0.714063 0.018750 0.756250 0.031250
13 0.687500 0.377083 0.684375 0.370833 0.684375 0.364583 0.679688 0.358333 0.671875 0.358333 0.660937 0.368750 0.657813 0.366667 0.651563 0.368750 0.651563 0.375000 0.654687 0.381250 0.662500 0.375000 0.665625 0.375000 0.667188 0.377083 0.665625 0.387500 0.670312 0.387500 0.673438 0.383333 0.685937 0.383333