0 0.828125 0.997917 0.726562 0.743750 0.648438 0.662500 0.579688 0.416667 0.000000 0.816667 0.000000 0.997917
1 0.756250 0.656250 0.779687 0.768750 0.773438 0.839583 0.820312 0.954167 0.856250 0.997917 0.998437 0.997917 0.998437 0.729167 0.925000 0.647917
2 0.814063 0.000000 0.814063 0.006250 0.815625 0.004167 0.817187 0.006250 0.825000 0.006250 0.832812 0.002083 0.835938 0.008333 0.834375 0.010417 0.835938 0.033333 0.837500 0.037500 0.840625 0.037500 0.843750 0.033333 0.843750 0.022917 0.846875 0.016667 0.846875 0.008333 0.850000 0.000000
3 0.743750 0.170833 0.714063 0.208333 0.701562 0.237500 0.667188 0.287500 0.695312 0.277083 0.706250 0.283333 0.706250 0.302083 0.720313 0.312500 0.751563 0.304167
4 0.564063 0.416667 0.560937 0.410417 0.545312 0.414583 0.539062 0.412500 0.535937 0.416667 0.528125 0.412500 0.498437 0.416667 0.498437 0.454167 0.514062 0.443750 0.529687 0.439583 0.535937 0.433333 0.540625 0.435417 0.559375 0.429167 0.564063 0.422917
4 0.617188 0.356250 0.620313 0.427083 0.851562 0.558333 0.998437 0.727083 0.998437 0.122917 0.970313 0.206250 0.775000 0.281250 0.764062 0.312500 0.681250 0.281250
8 0.000000 0.814583 0.498437 0.414583 0.615625 0.425000 0.742188 0.168750 0.756250 0.310417 0.970313 0.204167 0.998437 0.000000 0.851562 0.000000 0.764062 0.145833 0.695312 0.000000 0.689063 0.095833 0.573438 0.156250 0.578125 0.347917 0.439063 0.189583 0.478125 0.000000 0.000000 0.000000 0.000000 0.766667 0.045312 0.747917
9 0.815625 0.947917 0.815625 0.964583 0.818750 0.966667 0.821875 0.981250 0.826562 0.987500 0.829688 0.997917 0.854688 0.997917 0.842187 0.979167 0.835938 0.977083
9 0.043750 0.747917 0.032813 0.750000 0.020313 0.758333 0.010937 0.760417 0.007812 0.764583 0.003125 0.764583 0.000000 0.768750 0.000000 0.781250 0.009375 0.777083 0.010937 0.772917 0.014063 0.772917 0.018750 0.766667 0.028125 0.764583 0.031250 0.760417 0.035937 0.760417
9 0.545312 0.435417 0.164062 0.650000 0.089063 0.710417 0.062500 0.770833 0.153125 0.731250
9 0.604688 0.427083 0.650000 0.662500 0.728125 0.743750 0.804688 0.925000 0.771875 0.839583 0.778125 0.768750 0.751563 0.662500 0.926562 0.643750 0.851562 0.560417
10 0.734375 0.008333 0.735938 0.037500 0.748437 0.041667 0.742188 0.056250 0.745313 0.070833 0.764062 0.093750 0.756250 0.108333 0.773438 0.116667 0.785937 0.097917 0.793750 0.106250 0.803125 0.062500 0.809375 0.058333 0.820312 0.075000 0.837500 0.043750 0.832812 0.004167 0.739062 0.000000
10 0.693750 0.000000 0.479687 0.000000 0.484375 0.075000 0.457813 0.125000 0.435937 0.120833 0.440625 0.189583 0.457813 0.175000 0.459375 0.204167 0.468750 0.183333 0.479687 0.237500 0.492188 0.185417 0.506250 0.222917 0.520312 0.206250 0.537500 0.312500 0.578125 0.345833 0.551562 0.283333 0.571875 0.156250 0.625000 0.068750 0.689063 0.093750
13 0.601562 0.420833 0.600000 0.406250 0.592187 0.395833 0.584375 0.400000 0.578125 0.400000 0.576562 0.404167 0.565625 0.404167 0.562500 0.406250 0.565625 0.418750 0.568750 0.418750 0.573438 0.414583 0.579688 0.414583 0.581250 0.416667 0.581250 0.425000 0.600000 0.422917