0 0.998437 0.837500 0.728125 0.591667 0.865625 0.393750 0.451562 0.560417 0.228125 0.541667 0.215625 0.593750 0.129688 0.541667 0.000000 0.652083 0.000000 0.997917 0.998437 0.997917
1 0.120313 0.560417 0.092188 0.560417 0.073438 0.579167 0.050000 0.583333 0.001563 0.610417 0.000000 0.650000 0.095312 0.585417
1 0.575000 0.510417 0.426563 0.545833 0.342187 0.550000 0.251563 0.529167 0.251563 0.543750 0.293750 0.570833 0.356250 0.575000 0.501563 0.543750
1 0.740625 0.541667 0.729688 0.591667 0.765625 0.652083 0.998437 0.835417 0.996875 0.547917 0.875000 0.497917 0.870313 0.468750 0.803125 0.477083
2 0.303125 0.389583 0.264062 0.391667 0.260937 0.462500 0.271875 0.487500 0.285938 0.483333 0.287500 0.441667 0.298438 0.435417 0.300000 0.420833 0.310937 0.404167 0.310937 0.397917
4 0.345313 0.483333 0.339062 0.472917 0.300000 0.477083 0.295312 0.483333 0.300000 0.489583 0.295312 0.504167 0.282813 0.489583 0.284375 0.485417 0.275000 0.489583 0.278125 0.495833 0.271875 0.502083 0.265625 0.491667 0.268750 0.518750 0.271875 0.508333 0.307812 0.522917 0.342187 0.522917
4 0.373437 0.447917 0.375000 0.475000 0.381250 0.508333 0.382812 0.539583 0.403125 0.543750 0.409375 0.539583 0.412500 0.510417 0.406250 0.441667
4 0.992188 0.239583 0.976562 0.275000 0.887500 0.312500 0.864062 0.308333 0.859375 0.375000 0.875000 0.495833 0.998437 0.547917
5 0.082812 0.539583 0.067187 0.539583 0.068750 0.575000 0.070312 0.577083 0.073438 0.577083 0.076563 0.572917 0.082812 0.570833 0.084375 0.568750 0.084375 0.545833 0.082812 0.543750
5 0.335938 0.356250 0.350000 0.529167 0.354687 0.537500 0.353125 0.485417 0.348438 0.472917
5 0.798438 0.152083 0.789062 0.156250 0.760938 0.200000 0.762500 0.268750 0.764062 0.197917
5 0.250000 0.135417 0.248438 0.141667 0.265625 0.160417 0.293750 0.177083 0.318750 0.214583 0.329688 0.304167 0.318750 0.204167 0.300000 0.177083
5 0.407813 0.000000 0.429688 0.070833 0.432812 0.072917 0.437500 0.095833 0.443750 0.100000 0.442188 0.085417 0.423438 0.025000 0.420312 0.022917 0.415625 0.000000
5 0.367188 0.000000 0.429688 0.537500 0.442188 0.539583 0.379688 0.008333
8 0.364063 0.089583 0.329688 0.060417 0.329688 0.306250 0.171875 0.227083 0.184375 0.433333 0.121875 0.383333 0.109375 0.452083 0.053125 0.433333 0.000000 0.208333 0.000000 0.610417 0.203125 0.450000 0.287500 0.518750 0.265625 0.387500 0.312500 0.397917 0.293750 0.502083 0.345313 0.481250 0.335938 0.354167 0.367188 0.537500 0.406250 0.439583 0.429688 0.539583
8 0.403125 0.183333 0.445312 0.537500 0.768750 0.420833 0.768750 0.327083 0.787500 0.414583 0.864062 0.381250 0.864062 0.306250 0.982812 0.268750 0.998437 0.025000 0.956250 0.139583 0.882812 0.070833 0.857812 0.204167 0.790625 0.141667 0.832812 0.000000 0.500000 0.000000 0.462500 0.118750 0.423438 0.112500 0.428125 0.202083
9 0.273438 0.525000 0.309375 0.533333 0.342187 0.547917 0.381250 0.547917 0.384375 0.543750 0.367188 0.539583 0.362500 0.545833 0.359375 0.535417 0.350000 0.537500 0.348438 0.525000 0.307812 0.525000 0.306250 0.520833 0.278125 0.520833
9 0.868750 0.443750 0.867188 0.439583 0.859375 0.441667 0.857812 0.445833 0.839063 0.452083 0.837500 0.456250 0.815625 0.462500 0.804688 0.477083 0.809375 0.481250 0.810937 0.477083 0.842187 0.475000 0.843750 0.470833 0.857812 0.470833 0.859375 0.466667 0.868750 0.466667
9 0.865625 0.389583 0.668750 0.458333 0.615625 0.491667
10 0.792188 0.141667 0.828125 0.131250 0.846875 0.200000 0.864062 0.200000 0.864062 0.137500 0.885938 0.066667 0.903125 0.106250 0.929688 0.079167 0.956250 0.137500 0.998437 0.000000 0.834375 0.000000 0.842187 0.022917 0.806250 0.085417 0.789062 0.087500
10 0.417187 0.000000 0.445312 0.093750 0.460938 0.118750 0.459375 0.037500 0.464062 0.029167 0.481250 0.068750 0.487500 0.060417 0.492188 0.064583 0.493750 0.039583 0.487500 0.014583 0.498437 0.000000
10 0.378125 0.000000 0.401562 0.177083 0.426563 0.202083 0.426563 0.166667 0.434375 0.160417 0.421875 0.112500 0.443750 0.131250 0.409375 0.004167
10 0.000000 0.000000 0.000000 0.206250 0.053125 0.431250 0.109375 0.450000 0.118750 0.381250 0.184375 0.431250 0.154688 0.350000 0.185938 0.206250 0.287500 0.316667 0.315625 0.287500 0.317188 0.214583 0.250000 0.133333 0.346875 0.275000 0.320312 0.154167 0.329688 0.058333 0.379688 0.127083 0.365625 0.000000
12 0.203125 0.452083 0.189062 0.493750 0.189062 0.514583 0.198437 0.508333 0.201563 0.560417 0.204687 0.525000 0.209375 0.516667 0.214062 0.518750 0.223438 0.581250 0.223438 0.479167 0.215625 0.458333
13 0.090625 0.535417 0.090625 0.545833 0.092188 0.547917 0.092188 0.552083 0.100000 0.552083 0.101562 0.550000 0.110937 0.550000 0.117188 0.545833 0.115625 0.539583 0.114062 0.537500 0.110937 0.537500 0.106250 0.529167 0.096875 0.529167 0.095312 0.531250 0.092188 0.531250
13 0.196875 0.508333 0.192188 0.518750 0.187500 0.514583 0.187500 0.500000 0.178125 0.500000 0.171875 0.514583 0.167187 0.514583 0.160938 0.504167 0.156250 0.508333 0.140625 0.508333 0.135937 0.539583 0.139063 0.543750 0.146875 0.543750 0.148438 0.539583 0.171875 0.543750 0.178125 0.537500 0.196875 0.537500
13 0.226562 0.491667 0.226562 0.506250 0.225000 0.508333 0.225000 0.537500 0.226562 0.541667 0.228125 0.539583 0.234375 0.539583 0.235937 0.543750 0.250000 0.543750 0.250000 0.520833 0.246875 0.504167 0.239063 0.491667 0.234375 0.489583
18 0.209375 0.518750 0.206250 0.525000 0.206250 0.550000 0.201563 0.562500 0.203125 0.583333 0.207813 0.589583 0.210938 0.579167 0.214062 0.583333 0.214062 0.589583 0.220312 0.591667 0.221875 0.587500 0.220312 0.558333 0.215625 0.541667 0.215625 0.527083 0.212500 0.525000 0.212500 0.518750