0 0.728125 0.997917 0.450000 0.468750 0.000000 0.760417 0.000000 0.997917
2 0.743750 0.172917 0.701562 0.225000 0.650000 0.204167 0.656250 0.245833 0.660937 0.247917 0.687500 0.227083 0.704688 0.225000
2 0.745313 0.168750 0.831250 0.068750 0.921875 0.000000 0.751563 0.000000 0.731250 0.072917 0.751563 0.075000 0.756250 0.154167
3 0.962500 0.000000 0.831250 0.070833 0.704688 0.227083 0.503125 0.406250 0.503125 0.437500 0.618750 0.418750 0.628125 0.381250 0.635938 0.410417 0.715625 0.387500 0.732812 0.352083 0.751563 0.372917 0.975000 0.308333
4 0.403125 0.460417 0.359375 0.456250 0.351562 0.466667 0.295312 0.462500 0.292187 0.506250 0.296875 0.522917 0.326562 0.518750 0.350000 0.493750 0.356250 0.502083 0.375000 0.487500 0.401562 0.481250
4 0.998437 0.800000 0.998437 0.306250 0.987500 0.341667 0.976562 0.306250 0.751563 0.375000 0.732812 0.354167 0.715625 0.389583 0.635938 0.412500 0.628125 0.383333 0.618750 0.420833 0.496875 0.443750 0.500000 0.489583
5 0.268750 0.347917 0.273438 0.543750 0.278125 0.543750 0.275000 0.410417
5 0.321875 0.135417 0.278125 0.166667 0.262500 0.187500 0.265625 0.304167 0.267188 0.187500 0.290625 0.162500 0.317188 0.147917
8 0.964063 0.000000 0.976562 0.289583 0.987500 0.339583 0.998437 0.304167 0.998437 0.000000
8 0.000000 0.666667 0.271875 0.541667 0.268750 0.345833 0.279687 0.539583 0.295312 0.460417 0.495312 0.485417 0.660937 0.252083 0.606250 0.000000 0.581250 0.175000 0.514062 0.125000 0.435937 0.250000 0.451562 0.404167 0.335938 0.156250 0.268750 0.187500 0.264062 0.304167 0.356250 0.000000 0.000000 0.000000
9 0.482812 0.489583 0.729688 0.997917 0.998437 0.997917 0.998437 0.802083
9 0.434375 0.470833 0.001563 0.666667 0.000000 0.758333
10 0.607812 0.000000 0.615625 0.058333 0.634375 0.077083 0.628125 0.104167 0.640625 0.118750 0.635938 0.141667 0.654687 0.175000 0.646875 0.200000 0.704688 0.220833 0.754687 0.154167 0.753125 0.081250 0.729688 0.075000 0.750000 0.000000
10 0.600000 0.000000 0.357812 0.000000 0.365625 0.039583 0.323437 0.091667 0.300000 0.077083 0.301563 0.147917 0.323437 0.135417 0.304688 0.160417 0.323437 0.185417 0.337500 0.156250 0.334375 0.216667 0.354687 0.231250 0.368750 0.206250 0.381250 0.252083 0.401562 0.243750 0.432812 0.391667 0.454688 0.385417 0.426563 0.316667 0.457813 0.191667 0.514062 0.122917 0.579688 0.175000
13 0.471875 0.477083 0.471875 0.458333 0.470313 0.452083 0.467187 0.450000 0.456250 0.450000 0.451562 0.454167 0.431250 0.456250 0.429688 0.458333 0.435937 0.468750 0.437500 0.466667 0.450000 0.466667 0.453125 0.481250 0.456250 0.477083