0 0.998437 0.993750 0.523438 0.485417 0.000000 0.827083 0.000000 0.997917
2 0.893750 0.175000 0.798438 0.247917 0.778125 0.293750 0.748437 0.318750 0.748437 0.354167 0.725000 0.402083 0.689063 0.418750 0.700000 0.429167 0.698438 0.497917 0.735938 0.497917 0.750000 0.404167 0.868750 0.360417 0.873437 0.310417 0.857812 0.281250 0.890625 0.243750
3 0.998437 0.325000 0.750000 0.406250 0.737500 0.497917 0.801562 0.506250 0.818750 0.485417 0.823438 0.506250 0.993750 0.520833
4 0.678125 0.485417 0.670312 0.591667 0.998437 0.808333 0.998437 0.510417
4 0.343750 0.431250 0.346875 0.518750 0.378125 0.502083 0.451562 0.497917 0.460938 0.483333 0.454688 0.450000 0.439063 0.450000 0.432812 0.441667 0.420312 0.445833 0.417187 0.435417 0.382812 0.427083 0.381250 0.414583 0.370312 0.420833 0.350000 0.416667
8 0.998437 0.000000 0.912500 0.004167 0.935937 0.004167 0.912500 0.050000 0.921875 0.133333 0.898438 0.158333 0.892188 0.243750 0.862500 0.268750 0.859375 0.293750 0.875000 0.310417 0.865625 0.358333 0.998437 0.322917
8 0.000000 0.570833 0.175000 0.606250 0.340625 0.533333 0.381250 0.412500 0.665625 0.581250 0.790625 0.133333 0.650000 0.027083 0.546875 0.177083 0.518750 0.420833 0.459375 0.131250 0.420312 0.275000 0.364063 0.033333 0.000000 0.000000
9 0.631250 0.579167 0.632812 0.608333 0.998437 0.991667 0.996875 0.808333 0.982812 0.816667 0.948438 0.770833 0.665625 0.583333
9 0.464062 0.510417 0.378125 0.504167 0.175000 0.608333 0.000000 0.572917 0.000000 0.825000
10 0.310937 0.018750 0.406250 0.087500 0.420312 0.272917 0.464062 0.133333 0.528125 0.418750 0.545312 0.177083 0.650000 0.025000 0.770312 0.072917 0.771875 0.300000 0.918750 0.137500 0.934375 0.004167
13 0.531250 0.472917 0.525000 0.483333 0.526563 0.487500 0.525000 0.508333 0.528125 0.512500 0.531250 0.508333 0.543750 0.510417 0.546875 0.516667 0.553125 0.516667 0.553125 0.483333 0.551562 0.479167 0.545312 0.475000 0.534375 0.475000