0 0.782813 0.993750 0.443750 0.479167 0.000000 0.668750 0.000000 0.997917
2 0.787500 0.247917 0.787500 0.258333 0.795312 0.262500 0.800000 0.270833 0.800000 0.289583 0.795312 0.308333 0.801562 0.304167 0.812500 0.304167 0.814063 0.300000 0.837500 0.297917 0.845313 0.291667
3 0.998437 0.218750 0.879687 0.289583 0.739062 0.312500 0.685937 0.364583 0.534375 0.427083 0.531250 0.466667 0.832812 0.489583 0.867188 0.458333 0.882812 0.483333 0.998437 0.487500
4 0.521875 0.470833 0.526563 0.543750 0.998437 0.918750 0.996875 0.487500 0.882812 0.485417 0.867188 0.460417 0.832812 0.491667
4 0.315625 0.427083 0.318750 0.483333 0.325000 0.491667 0.342187 0.483333 0.381250 0.483333 0.395313 0.470833 0.395313 0.447917 0.389062 0.462500 0.381250 0.443750 0.357812 0.443750 0.353125 0.435417 0.332813 0.435417 0.326562 0.422917
4 0.192188 0.408333 0.187500 0.416667 0.182812 0.462500 0.179688 0.464583 0.179688 0.502083 0.185938 0.493750 0.212500 0.495833 0.218750 0.487500 0.215625 0.472917 0.193750 0.470833 0.190625 0.464583
8 0.998437 0.047917 0.996875 0.087500 0.956250 0.083333 0.906250 0.143750 0.898438 0.177083 0.882812 0.177083 0.889062 0.233333 0.879687 0.254167 0.864062 0.254167 0.871875 0.279167 0.859375 0.289583 0.996875 0.220833
8 0.000000 0.000000 0.000000 0.550000 0.178125 0.502083 0.190625 0.406250 0.182812 0.502083 0.301563 0.506250 0.326562 0.420833 0.515625 0.531250 0.534375 0.425000 0.796875 0.297917 0.759375 0.000000 0.651563 0.268750 0.575000 0.104167 0.492188 0.162500 0.451562 0.416667 0.385937 0.160417 0.329688 0.252083 0.343750 0.000000
9 0.492188 0.537500 0.784375 0.997917 0.998437 0.997917 0.998437 0.920833
9 0.400000 0.485417 0.320312 0.489583 0.260937 0.518750 0.115625 0.500000 0.103125 0.554167 0.000000 0.552083 0.000000 0.666667
10 0.760938 0.000000 0.773438 0.022917 0.762500 0.106250 0.785937 0.162500 0.776563 0.225000 0.850000 0.293750 0.887500 0.233333 0.881250 0.177083 0.900000 0.172917 0.920312 0.118750 0.956250 0.081250 0.996875 0.085417 0.998437 0.000000
10 0.353125 0.277083 0.385937 0.158333 0.451562 0.414583 0.467187 0.360417 0.439063 0.295833 0.490625 0.162500 0.571875 0.100000 0.628125 0.156250 0.651563 0.266667 0.714063 0.000000 0.345313 0.000000 0.315625 0.062500 0.365625 0.152083 0.315625 0.175000
13 0.421875 0.464583 0.426563 0.477083 0.443750 0.477083 0.446875 0.497917 0.460938 0.495833 0.465625 0.502083 0.473438 0.500000 0.470313 0.468750 0.451562 0.466667 0.445312 0.470833 0.442188 0.466667