0 0.775000 0.997917 0.445312 0.479167 0.000000 0.685417 0.000000 0.997917
2 0.740625 0.237500 0.745313 0.247917 0.745313 0.262500 0.757812 0.272917 0.757812 0.300000 0.778125 0.293750 0.800000 0.279167 0.818750 0.277083 0.825000 0.268750 0.825000 0.260417 0.820312 0.256250 0.814063 0.268750 0.800000 0.279167
3 0.825000 0.291667 0.800000 0.281250 0.715625 0.337500 0.662500 0.347917 0.534375 0.422917 0.521875 0.454167 0.559375 0.468750 0.576562 0.456250 0.610938 0.468750 0.615625 0.454167 0.682813 0.464583 0.682813 0.450000 0.704688 0.447917 0.692187 0.408333 0.726562 0.381250 0.776563 0.391667
3 0.843750 0.258333 0.837500 0.293750 0.864062 0.316667 0.879687 0.314583 0.882812 0.347917 0.910937 0.350000 0.953125 0.408333 0.998437 0.427083 0.998437 0.164583
4 0.329688 0.443750 0.332813 0.493750 0.348438 0.491667 0.350000 0.487500 0.387500 0.485417 0.389062 0.466667 0.387500 0.452083 0.384375 0.447917 0.367188 0.452083 0.365625 0.447917 0.343750 0.443750 0.340625 0.435417 0.335938 0.435417
4 0.512500 0.468750 0.510938 0.527083 0.875000 0.837500 0.998437 0.902083 0.998437 0.429167 0.835938 0.293750 0.845313 0.254167 0.776563 0.393750 0.703125 0.400000 0.682813 0.466667
4 0.900000 0.118750 0.892188 0.118750 0.890625 0.122917 0.882812 0.122917 0.882812 0.127083 0.879687 0.131250 0.876563 0.131250 0.865625 0.145833 0.864062 0.164583 0.865625 0.166667 0.868750 0.164583 0.871875 0.147917 0.882812 0.133333 0.895312 0.127083
4 0.998437 0.060417 0.987500 0.064583 0.978125 0.072917 0.973437 0.072917 0.971875 0.077083 0.967187 0.077083 0.964063 0.087500 0.967187 0.089583 0.965625 0.093750 0.967187 0.100000 0.970313 0.102083 0.971875 0.112500 0.982812 0.110417 0.984375 0.106250 0.989062 0.106250 0.998437 0.089583
8 0.998437 0.000000 0.970313 0.022917 0.954688 0.077083 0.925000 0.077083 0.884375 0.120833 0.901563 0.118750 0.873437 0.147917 0.859375 0.237500 0.996875 0.166667 0.998437 0.091667 0.971875 0.114583 0.962500 0.087500 0.998437 0.058333
8 0.000000 0.604167 0.315625 0.510417 0.335938 0.433333 0.507812 0.520833 0.529687 0.422917 0.756250 0.300000 0.710938 0.000000 0.631250 0.254167 0.559375 0.114583 0.487500 0.170833 0.451562 0.416667 0.410938 0.218750 0.332813 0.158333 0.325000 0.000000 0.000000 0.000000
9 0.489063 0.527083 0.776563 0.997917 0.998437 0.997917 0.995313 0.900000 0.895312 0.822917 0.875000 0.839583 0.803125 0.752083
9 0.395313 0.487500 0.331250 0.493750 0.295312 0.520833 0.182812 0.510417 0.181250 0.541667 0.000000 0.606250 0.000000 0.683333
10 0.362500 0.220833 0.351562 0.222917 0.346875 0.233333 0.335938 0.235417 0.332813 0.243750 0.335938 0.247917 0.335938 0.252083 0.331250 0.256250 0.332813 0.266667 0.339062 0.266667 0.342187 0.270833 0.343750 0.283333 0.350000 0.283333 0.351562 0.287500 0.356250 0.287500 0.357812 0.283333 0.354687 0.272917 0.354687 0.260417 0.360938 0.252083 0.357812 0.233333 0.364063 0.231250
10 0.737500 0.233333 0.800000 0.277083 0.814063 0.266667 0.853125 0.150000 0.901563 0.091667 0.954688 0.075000 0.954688 0.050000 0.989062 0.000000 0.712500 0.000000 0.709375 0.027083 0.729688 0.045833 0.720313 0.083333 0.743750 0.177083
10 0.326562 0.000000 0.357812 0.106250 0.334375 0.158333 0.412500 0.218750 0.417187 0.350000 0.448437 0.414583 0.451562 0.231250 0.526563 0.120833 0.603125 0.147917 0.631250 0.252083 0.681250 0.000000
13 0.425000 0.466667 0.428125 0.470833 0.428125 0.477083 0.445312 0.477083 0.446875 0.479167 0.445312 0.495833 0.451562 0.495833 0.453125 0.491667 0.456250 0.495833 0.465625 0.497917 0.470313 0.495833 0.470313 0.472917 0.467187 0.466667 0.451562 0.466667 0.450000 0.468750 0.429688 0.464583
14 0.865625 0.143750 0.851562 0.156250 0.835938 0.195833 0.831250 0.227083 0.821875 0.254167 0.826562 0.268750 0.837500 0.266667 0.845313 0.252083 0.857812 0.241667