0 0.751563 0.995833 0.457813 0.479167 0.000000 0.691667 0.000000 0.997917
2 0.732812 0.264583 0.731250 0.283333 0.735938 0.291667 0.737500 0.304167 0.740625 0.300000 0.750000 0.297917 0.751563 0.293750 0.785937 0.283333 0.787500 0.279167 0.779687 0.281250 0.778125 0.277083 0.771875 0.272917 0.770312 0.275000 0.756250 0.262500 0.754687 0.264583 0.743750 0.247917 0.737500 0.250000
2 0.998437 0.000000 0.910937 0.000000 0.893750 0.047917 0.935937 0.060417 0.929688 0.193750 0.998437 0.150000
3 0.998437 0.152083 0.601562 0.387500 0.578125 0.454167 0.671875 0.464583 0.723437 0.435417 0.734375 0.460417 0.998437 0.418750
4 0.351562 0.447917 0.351562 0.493750 0.367188 0.491667 0.368750 0.487500 0.400000 0.487500 0.404687 0.481250 0.410938 0.481250 0.410938 0.458333 0.404687 0.458333 0.403125 0.452083 0.379688 0.452083 0.378125 0.447917 0.364063 0.447917 0.360938 0.441667
4 0.256250 0.506250 0.295312 0.510417 0.292187 0.506250 0.295312 0.489583 0.301563 0.485417 0.317188 0.491667 0.321875 0.479167 0.329688 0.472917 0.335938 0.452083 0.296875 0.437500 0.267188 0.435417 0.265625 0.456250 0.257812 0.468750 0.262500 0.502083
4 0.528125 0.431250 0.518750 0.522917 0.945312 0.881250 0.998437 0.887500 0.995313 0.416667 0.671875 0.466667 0.578125 0.456250 0.584375 0.400000
5 0.229687 0.347917 0.226562 0.347917 0.217188 0.514583 0.220312 0.537500 0.225000 0.535417 0.234375 0.364583
5 0.929688 0.166667 0.832812 0.187500 0.735938 0.235417 0.721875 0.312500 0.732812 0.258333 0.750000 0.231250
5 0.335938 0.000000 0.298438 0.008333 0.250000 0.043750 0.242188 0.072917 0.240625 0.141667 0.251563 0.050000 0.275000 0.029167 0.321875 0.016667
8 0.928125 0.170833 0.896875 0.175000 0.848437 0.191667 0.850000 0.237500 0.834375 0.252083 0.850000 0.245833 0.893750 0.210417 0.926562 0.195833
8 0.932813 0.087500 0.925000 0.087500 0.921875 0.093750 0.909375 0.087500 0.881250 0.114583 0.873437 0.137500 0.864062 0.145833 0.859375 0.172917 0.854688 0.179167 0.928125 0.162500
8 0.000000 0.000000 0.000000 0.612500 0.215625 0.531250 0.226562 0.345833 0.243750 0.533333 0.267188 0.433333 0.337500 0.452083 0.296875 0.510417 0.412500 0.435417 0.512500 0.516667 0.531250 0.425000 0.720313 0.316667 0.689063 0.000000 0.637500 0.195833 0.557813 0.131250 0.464062 0.243750 0.464062 0.416667 0.353125 0.047917 0.259375 0.041667 0.239063 0.141667 0.314063 0.000000
9 0.496875 0.518750 0.753125 0.997917 0.998437 0.997917 0.998437 0.889583 0.945312 0.883333 0.923438 0.839583
9 0.435937 0.483333 0.248438 0.508333 0.243750 0.535417 0.060937 0.583333 0.000000 0.614583 0.000000 0.689583
10 0.846875 0.195833 0.750000 0.233333 0.739062 0.247917 0.746875 0.247917 0.754687 0.262500 0.779687 0.279167 0.790625 0.277083 0.846875 0.241667 0.850000 0.225000 0.845313 0.212500
10 0.690625 0.000000 0.695312 0.062500 0.714063 0.077083 0.706250 0.114583 0.729688 0.200000 0.718750 0.216667 0.725000 0.245833 0.850000 0.183333 0.881250 0.112500 0.934375 0.079167 0.932813 0.058333 0.892188 0.047917 0.909375 0.000000
10 0.460938 0.414583 0.462500 0.243750 0.557813 0.129167 0.637500 0.193750 0.678125 0.000000 0.323437 0.014583 0.334375 0.079167 0.357812 0.052083 0.346875 0.116667 0.376563 0.150000 0.370312 0.214583 0.396875 0.189583 0.404687 0.235417 0.428125 0.237500 0.429688 0.352083
13 0.437500 0.466667 0.443750 0.481250 0.445312 0.477083 0.457813 0.477083 0.459375 0.495833 0.464062 0.495833 0.465625 0.491667 0.470313 0.491667 0.471875 0.495833 0.481250 0.495833 0.481250 0.470833 0.476562 0.466667 0.462500 0.468750