0 0.998437 0.858333 0.792188 0.697917 0.790625 0.645833 0.510938 0.479167 0.000000 0.920833 0.000000 0.997917 0.998437 0.997917
1 0.765625 0.625000 0.765625 0.631250 0.790625 0.643750 0.806250 0.664583 0.854688 0.658333 0.856250 0.641667 0.843750 0.639583 0.842187 0.635417 0.798438 0.629167 0.796875 0.633333 0.793750 0.629167
1 0.568750 0.514583 0.573438 0.522917 0.614062 0.539583 0.635938 0.560417 0.656250 0.570833 0.653125 0.562500 0.640625 0.554167 0.642188 0.541667 0.639062 0.529167 0.582812 0.522917
2 0.998437 0.047917 0.876563 0.152083 0.846875 0.220833 0.817187 0.247917 0.826562 0.268750 0.793750 0.341667 0.842187 0.379167 0.853125 0.431250 0.915625 0.458333 0.921875 0.487500 0.998437 0.487500
4 0.873437 0.468750 0.857812 0.662500 0.998437 0.725000 0.998437 0.489583 0.893750 0.487500
4 0.182812 0.395833 0.189062 0.468750 0.214062 0.489583 0.198437 0.595833 0.314063 0.547917 0.328125 0.525000 0.459375 0.497917 0.446875 0.441667 0.323437 0.408333 0.320312 0.383333 0.296875 0.393750 0.200000 0.368750
8 0.000000 0.000000 0.000000 0.720833 0.215625 0.629167 0.200000 0.366667 0.576562 0.472917 0.721875 0.612500 0.857812 0.631250 0.918750 0.481250 0.792188 0.345833 0.860938 0.175000 0.831250 0.000000 0.601562 0.000000 0.515625 0.420833 0.443750 0.083333 0.398438 0.243750 0.295312 0.000000
9 0.792188 0.677083 0.796875 0.700000 0.998437 0.856250 0.993750 0.722917 0.851562 0.658333
9 0.728125 0.614583 0.757812 0.627083 0.768750 0.622917 0.857812 0.637500 0.856250 0.631250 0.834375 0.625000
9 0.459375 0.518750 0.328125 0.527083 0.234375 0.579167 0.215625 0.631250 0.160938 0.670833 0.000000 0.722917 0.000000 0.918750 0.200000 0.716667 0.317188 0.652083
10 0.998437 0.000000 0.832812 0.000000 0.850000 0.020833 0.850000 0.168750 0.862500 0.175000 0.839063 0.185417 0.826562 0.235417 0.845313 0.220833 0.881250 0.143750 0.998437 0.045833
10 0.296875 0.000000 0.318750 0.045833 0.304688 0.131250 0.367188 0.131250 0.398438 0.241667 0.445312 0.083333 0.456250 0.152083 0.478125 0.143750 0.503125 0.393750 0.515625 0.418750 0.540625 0.393750 0.564063 0.304167 0.532813 0.308333 0.520312 0.231250 0.600000 0.000000
13 0.529687 0.477083 0.528125 0.491667 0.531250 0.508333 0.537500 0.506250 0.553125 0.506250 0.557813 0.510417 0.562500 0.508333 0.564063 0.485417 0.559375 0.468750 0.539062 0.466667