0 0.000000 0.987500 0.998437 0.997917 0.998437 0.806250 0.451562 0.470833 0.201563 0.827083
1 0.035937 0.952083 0.031250 0.950000 0.029687 0.954167 0.023438 0.956250 0.020313 0.945833 0.018750 0.947917 0.010937 0.943750 0.003125 0.947917 0.000000 0.952083 0.000000 0.985417 0.006250 0.981250 0.018750 0.979167 0.023438 0.968750 0.028125 0.964583 0.029687 0.958333
1 0.676562 0.597917 0.754687 0.664583 0.998437 0.804167 0.998437 0.650000 0.892188 0.612500
1 0.420312 0.500000 0.304688 0.525000 0.254688 0.597917 0.171875 0.643750 0.209375 0.735417 0.112500 0.827083 0.107813 0.881250 0.201563 0.825000
3 0.553125 0.468750 0.556250 0.489583 0.554688 0.535417 0.584375 0.554167 0.592187 0.554167 0.595313 0.541667 0.606250 0.525000 0.606250 0.468750
3 0.378125 0.414583 0.375000 0.427083 0.375000 0.470833 0.379688 0.479167 0.395313 0.477083 0.395313 0.466667 0.396875 0.464583 0.400000 0.472917 0.407813 0.464583 0.404687 0.452083 0.403125 0.460417 0.400000 0.464583 0.398438 0.462500 0.396875 0.441667 0.389062 0.443750 0.384375 0.439583
3 0.270313 0.379167 0.265625 0.516667 0.282813 0.539583 0.312500 0.518750 0.345313 0.510417 0.348438 0.420833 0.334375 0.425000 0.307812 0.414583 0.303125 0.406250 0.282813 0.400000
4 0.921875 0.485417 0.885938 0.535417 0.895312 0.554167 0.893750 0.612500 0.998437 0.647917 0.998437 0.472917
4 0.000000 0.252083 0.000000 0.643750 0.118750 0.587500 0.160938 0.647917 0.260937 0.587500 0.285938 0.539583 0.264062 0.516667 0.259375 0.343750 0.214062 0.341667 0.167187 0.285417 0.139063 0.312500
5 0.371875 0.372917 0.362500 0.475000 0.364063 0.512500 0.367188 0.508333
8 0.190625 0.704167 0.187500 0.706250 0.185938 0.720833 0.182812 0.731250 0.182812 0.741667 0.184375 0.741667 0.185938 0.745833 0.187500 0.743750 0.189062 0.745833 0.195312 0.741667 0.200000 0.741667 0.201563 0.737500 0.207813 0.735417 0.207813 0.729167 0.209375 0.727083 0.201563 0.712500 0.198437 0.710417 0.196875 0.712500 0.195312 0.708333
8 0.000000 0.000000 0.000000 0.250000 0.259375 0.341667 0.350000 0.506250 0.371875 0.370833 0.368750 0.502083 0.603125 0.464583 0.589063 0.558333 0.892188 0.610417 0.898438 0.508333 0.998437 0.470833 0.998437 0.000000 0.514062 0.000000 0.517188 0.120833 0.581250 0.116667 0.425000 0.452083 0.420312 0.000000
9 0.123438 0.591667 0.028125 0.645833 0.000000 0.645833 0.000000 0.950000 0.040625 0.950000 0.106250 0.881250 0.110937 0.827083 0.187500 0.745833 0.190625 0.702083 0.170313 0.645833 0.156250 0.650000
9 0.639062 0.581250 0.667188 0.595833 0.845313 0.618750 0.879687 0.612500
10 0.512500 0.000000 0.421875 0.000000 0.435937 0.175000 0.451562 0.170833 0.443750 0.212500 0.459375 0.222917 0.429688 0.345833 0.456250 0.400000 0.517188 0.318750 0.509375 0.289583 0.579688 0.116667 0.568750 0.093750 0.515625 0.120833 0.531250 0.070833 0.520312 0.087500 0.501563 0.054167
10 0.259375 0.000000 0.260937 0.002083 0.260937 0.012500 0.264062 0.014583 0.265625 0.022917 0.271875 0.027083 0.270313 0.045833 0.271875 0.047917 0.276562 0.045833 0.281250 0.050000 0.282813 0.047917 0.281250 0.039583 0.282813 0.037500 0.281250 0.033333 0.282813 0.031250 0.282813 0.020833 0.285938 0.014583 0.284375 0.000000
13 0.492188 0.475000 0.490625 0.520833 0.496875 0.529167 0.504687 0.529167 0.507812 0.522917 0.520312 0.522917 0.551562 0.535417 0.554688 0.489583 0.548438 0.462500 0.528125 0.452083 0.509375 0.452083