0 0.000000 0.891667 0.000000 0.997917 0.998437 0.997917 0.998437 0.775000 0.453125 0.470833 0.356250 0.608333
1 0.940625 0.739583 0.998437 0.772917 0.998437 0.754167 0.984375 0.750000 0.990625 0.758333 0.984375 0.760417 0.975000 0.752083 0.973437 0.743750 0.959375 0.739583 0.954688 0.733333 0.951562 0.735417 0.970313 0.747917 0.954688 0.747917 0.953125 0.743750 0.943750 0.743750
1 0.618750 0.560417 0.906250 0.720833 0.876563 0.695833 0.920312 0.666667 0.918750 0.593750 0.846875 0.581250 0.832812 0.602083 0.778125 0.614583
1 0.426563 0.497917 0.404687 0.493750 0.389062 0.508333 0.379688 0.504167 0.342187 0.520833 0.331250 0.554167 0.320312 0.562500 0.320312 0.581250 0.337500 0.600000 0.307812 0.631250 0.356250 0.606250
2 0.998437 0.375000 0.882812 0.400000 0.885938 0.493750 0.903125 0.587500 0.920312 0.589583 0.920312 0.464583 0.998437 0.464583
3 0.920312 0.466667 0.926562 0.518750 0.923438 0.666667 0.998437 0.697917 0.998437 0.466667
4 0.539062 0.462500 0.539062 0.516667 0.567187 0.533333 0.571875 0.527083 0.571875 0.516667 0.581250 0.491667 0.581250 0.466667 0.576562 0.462500
4 0.882812 0.441667 0.831250 0.452083 0.792188 0.504167 0.787500 0.525000 0.792188 0.550000 0.853125 0.579167 0.904687 0.589583 0.893750 0.572917 0.896875 0.537500 0.884375 0.493750
4 0.000000 0.318750 0.003125 0.652083 0.137500 0.631250 0.156250 0.587500 0.240625 0.552083 0.320312 0.560417 0.368750 0.502083 0.368750 0.439583 0.295312 0.381250 0.276562 0.395833 0.187500 0.362500 0.135937 0.312500 0.110937 0.354167
5 0.385937 0.400000 0.382812 0.416667 0.381250 0.508333 0.384375 0.506250 0.384375 0.418750 0.387500 0.416667
8 0.000000 0.000000 0.000000 0.316667 0.295312 0.379167 0.370312 0.506250 0.385937 0.397917 0.385937 0.506250 0.517188 0.450000 0.582812 0.543750 0.793750 0.554167 0.885938 0.393750 0.998437 0.372917 0.998437 0.000000 0.500000 0.000000 0.496875 0.189583 0.550000 0.179167 0.457813 0.402083 0.398438 0.004167 0.304688 0.000000 0.296875 0.139583 0.251563 0.000000 0.060937 0.066667
9 0.878125 0.695833 0.929688 0.735417 0.968750 0.747917 0.950000 0.735417 0.954688 0.731250 0.973437 0.741667 0.984375 0.758333 0.989062 0.758333 0.984375 0.747917 0.998437 0.752083 0.998437 0.700000 0.926562 0.675000 0.921875 0.660417 0.912500 0.683333
9 0.318750 0.562500 0.240625 0.554167 0.156250 0.589583 0.137500 0.633333 0.000000 0.652083 0.000000 0.889583 0.335938 0.597917
9 0.589063 0.541667 0.778125 0.612500 0.832812 0.600000 0.851562 0.579167 0.790625 0.554167
10 0.373437 0.000000 0.382812 0.020833 0.409375 0.014583 0.426563 0.072917 0.432812 0.214583 0.453125 0.264583 0.431250 0.360417 0.457813 0.400000 0.504687 0.335417 0.548438 0.179167 0.537500 0.160417 0.496875 0.191667 0.507812 0.156250 0.482812 0.131250 0.495312 0.087500 0.470313 0.075000 0.485938 0.022917 0.520312 0.025000 0.498437 0.000000
10 0.253125 0.000000 0.260937 0.018750 0.257812 0.039583 0.271875 0.060417 0.273438 0.085417 0.295312 0.118750 0.298438 0.137500 0.301563 0.102083 0.298438 0.070833 0.304688 0.056250 0.310937 0.054167 0.310937 0.031250 0.304688 0.022917 0.303125 0.000000
10 0.003125 0.000000 0.007812 0.012500 0.043750 0.029167 0.045312 0.047917 0.057813 0.064583 0.065625 0.054167 0.082812 0.060417 0.092188 0.050000 0.092188 0.033333 0.106250 0.025000 0.103125 0.020833 0.106250 0.000000
13 0.498437 0.454167 0.489063 0.472917 0.487500 0.485417 0.484375 0.487500 0.484375 0.508333 0.490625 0.516667 0.509375 0.510417 0.525000 0.512500 0.535937 0.518750 0.539062 0.500000 0.537500 0.470833 0.532813 0.456250 0.517188 0.452083