0 0.000000 0.910417 0.000000 0.997917 0.998437 0.997917 0.998437 0.854167 0.454688 0.470833
1 0.531250 0.522917 0.732812 0.631250 0.998437 0.852083 0.996875 0.622917 0.860938 0.585417 0.757812 0.608333
1 0.418750 0.500000 0.385937 0.504167 0.400000 0.514583 0.359375 0.508333 0.326562 0.527083 0.293750 0.587500 0.321875 0.616667 0.265625 0.672917 0.348438 0.610417
2 0.998437 0.377083 0.904687 0.393750 0.904687 0.508333 0.914062 0.529167 0.907813 0.595833 0.998437 0.622917
3 0.539062 0.464583 0.537500 0.520833 0.568750 0.539583 0.571875 0.531250 0.565625 0.535417 0.562500 0.525000 0.568750 0.466667 0.571875 0.518750 0.576562 0.464583 0.553125 0.462500 0.553125 0.481250 0.559375 0.477083 0.564063 0.489583 0.560937 0.527083 0.545312 0.525000 0.546875 0.462500
4 0.548438 0.462500 0.546875 0.506250 0.545312 0.508333 0.546875 0.525000 0.550000 0.520833 0.554688 0.525000 0.560937 0.525000 0.560937 0.512500 0.557813 0.508333 0.557813 0.504167 0.560937 0.500000 0.562500 0.489583 0.559375 0.479167 0.554688 0.477083 0.554688 0.481250 0.553125 0.483333 0.551562 0.481250 0.551562 0.462500
4 0.903125 0.443750 0.848437 0.450000 0.842187 0.468750 0.823438 0.483333 0.815625 0.518750 0.800000 0.537500 0.803125 0.550000 0.862500 0.585417 0.904687 0.593750
4 0.000000 0.320833 0.000000 0.675000 0.053125 0.672917 0.070312 0.625000 0.120313 0.595833 0.165625 0.600000 0.243750 0.556250 0.303125 0.568750 0.356250 0.510417 0.360938 0.441667 0.273438 0.370833 0.239063 0.383333 0.079687 0.318750 0.051562 0.270833 0.029687 0.268750 0.020313 0.318750
8 0.000000 0.000000 0.000000 0.318750 0.051562 0.268750 0.273438 0.368750 0.362500 0.508333 0.376563 0.393750 0.378125 0.508333 0.517188 0.452083 0.578125 0.545833 0.820312 0.564583 0.848437 0.447917 0.998437 0.375000 0.998437 0.000000 0.484375 0.000000 0.495312 0.175000 0.550000 0.166667 0.451562 0.402083 0.400000 0.000000 0.295312 0.000000 0.287500 0.127083 0.246875 0.000000
9 0.320312 0.614583 0.295312 0.600000 0.295312 0.572917 0.243750 0.558333 0.165625 0.602083 0.081250 0.618750 0.053125 0.675000 0.000000 0.677083 0.000000 0.908333
9 0.582812 0.547917 0.801562 0.612500 0.860938 0.583333 0.796875 0.560417
10 0.401562 0.000000 0.432812 0.158333 0.426563 0.200000 0.446875 0.233333 0.435937 0.252083 0.448437 0.291667 0.431250 0.312500 0.443750 0.320833 0.425000 0.360417 0.451562 0.400000 0.496875 0.343750 0.548438 0.156250 0.493750 0.175000 0.506250 0.147917 0.481250 0.120833 0.493750 0.066667 0.468750 0.058333 0.482812 0.000000
10 0.248438 0.000000 0.248438 0.025000 0.264062 0.050000 0.264062 0.064583 0.271875 0.087500 0.281250 0.097917 0.281250 0.112500 0.287500 0.125000 0.287500 0.089583 0.292187 0.079167 0.289062 0.056250 0.295312 0.041667 0.301563 0.039583 0.301563 0.014583 0.293750 0.000000
10 0.007812 0.000000 0.010937 0.012500 0.017188 0.016667 0.026562 0.010417 0.050000 0.037500 0.056250 0.037500 0.056250 0.031250 0.059375 0.033333 0.068750 0.027083 0.073438 0.006250 0.087500 0.004167 0.087500 0.000000
13 0.492188 0.456250 0.490625 0.464583 0.484375 0.468750 0.481250 0.497917 0.482812 0.514583 0.493750 0.518750 0.500000 0.512500 0.535937 0.520833 0.537500 0.485417 0.532813 0.462500 0.528125 0.456250 0.517188 0.454167