0 0.000000 0.995833 0.998437 0.997917 0.998437 0.802083 0.468750 0.472917
1 0.570312 0.527083 0.757812 0.662500 0.864062 0.706250 0.796875 0.654167 0.787500 0.606250 0.709375 0.591667 0.707812 0.560417
1 0.435937 0.508333 0.429688 0.508333 0.428125 0.504167 0.425000 0.504167 0.423438 0.493750 0.412500 0.504167 0.409375 0.500000 0.401562 0.504167 0.390625 0.504167 0.389062 0.533333 0.392188 0.539583 0.396875 0.539583 0.398438 0.543750 0.404687 0.543750
2 0.856250 0.400000 0.829688 0.400000 0.826562 0.404167 0.789062 0.410417 0.785937 0.460417 0.789062 0.464583 0.829688 0.466667 0.826562 0.435417 0.834375 0.425000 0.854688 0.427083
2 0.998437 0.000000 0.984375 0.000000 0.946875 0.095833 0.921875 0.118750 0.931250 0.135417 0.867188 0.310417 0.879687 0.308333 0.889062 0.279167 0.920312 0.277083 0.937500 0.237500 0.998437 0.225000
3 0.709375 0.464583 0.709375 0.581250 0.731250 0.595833 0.778125 0.597917 0.801562 0.579167 0.829688 0.575000 0.817187 0.535417 0.804688 0.541667 0.787500 0.527083 0.803125 0.512500 0.826562 0.512500 0.829688 0.468750
3 0.400000 0.445833 0.396875 0.447917 0.395313 0.472917 0.389062 0.481250 0.387500 0.506250 0.390625 0.502083 0.401562 0.502083 0.403125 0.500000 0.401562 0.495833 0.403125 0.450000
4 0.573438 0.460417 0.550000 0.462500 0.537500 0.466667 0.542188 0.483333 0.542188 0.506250 0.546875 0.512500 0.560937 0.516667 0.568750 0.487500 0.575000 0.481250 0.578125 0.472917 0.578125 0.466667
4 0.000000 0.300000 0.000000 0.668750 0.282813 0.531250 0.387500 0.522917 0.395313 0.447917 0.325000 0.400000 0.309375 0.420833 0.228125 0.383333 0.223438 0.356250 0.182812 0.364583
8 0.000000 0.000000 0.000000 0.297917 0.568750 0.525000 0.856250 0.397917 0.775000 0.600000 0.998437 0.800000 0.998437 0.227083 0.865625 0.310417 0.918750 0.000000 0.518750 0.000000 0.473438 0.406250 0.384375 0.000000 0.339062 0.185417 0.253125 0.025000
9 0.578125 0.527083 0.685937 0.558333 0.709375 0.554167 0.709375 0.537500 0.698438 0.531250
9 0.401562 0.545833 0.367188 0.520833 0.282813 0.533333 0.000000 0.670833 0.000000 0.993750
9 0.454688 0.479167 0.443750 0.479167 0.442188 0.483333 0.437500 0.483333 0.434375 0.487500 0.428125 0.489583 0.428125 0.491667 0.425000 0.493750 0.425000 0.502083 0.428125 0.502083 0.429688 0.506250 0.440625 0.506250 0.442188 0.497917 0.443750 0.495833 0.446875 0.495833 0.446875 0.493750 0.450000 0.491667
10 0.982812 0.000000 0.920312 0.000000 0.917188 0.050000 0.943750 0.039583 0.951562 0.045833 0.926562 0.077083 0.920312 0.066667 0.898438 0.083333 0.890625 0.106250 0.898438 0.127083 0.895312 0.158333 0.925000 0.112500 0.945312 0.095833
10 0.385937 0.000000 0.395313 0.068750 0.423438 0.070833 0.443750 0.125000 0.451562 0.266667 0.468750 0.306250 0.453125 0.377083 0.473438 0.404167 0.504687 0.372917 0.543750 0.235417 0.503125 0.254167 0.500000 0.170833 0.481250 0.160417 0.493750 0.125000 0.518750 0.125000 0.498437 0.112500 0.515625 0.095833 0.501563 0.052083 0.520312 0.008333
10 0.195312 0.000000 0.203125 0.045833 0.220312 0.070833 0.235937 0.039583 0.248438 0.045833 0.253125 0.022917 0.271875 0.062500 0.292187 0.064583 0.320312 0.179167 0.328125 0.170833 0.339062 0.183333 0.337500 0.133333 0.348438 0.120833 0.340625 0.081250 0.353125 0.081250 0.370312 0.000000
10 0.134375 0.000000 0.139063 0.000000 0.140625 0.004167 0.145313 0.008333 0.145313 0.016667 0.148438 0.022917 0.156250 0.031250 0.159375 0.039583 0.162500 0.037500 0.162500 0.027083 0.160938 0.025000 0.160938 0.006250 0.159375 0.000000
10 0.104688 0.000000 0.100000 0.020833 0.095312 0.020833 0.092188 0.027083 0.092188 0.037500 0.104688 0.056250 0.107813 0.070833 0.115625 0.070833 0.123438 0.079167 0.134375 0.083333 0.134375 0.050000 0.131250 0.035417 0.126562 0.029167 0.126562 0.018750 0.123438 0.016667 0.123438 0.006250 0.131250 0.000000
13 0.490625 0.468750 0.490625 0.475000 0.493750 0.472917 0.496875 0.479167 0.495312 0.489583 0.500000 0.508333 0.506250 0.508333 0.510938 0.502083 0.515625 0.506250 0.540625 0.506250 0.540625 0.483333 0.534375 0.458333 0.503125 0.456250 0.498437 0.466667 0.495312 0.464583