0 0.000000 0.570833 0.000000 0.997917 0.873437 0.997917 0.657813 0.729167 0.603125 0.716667 0.601562 0.570833 0.450000 0.468750 0.314063 0.556250
2 0.568750 0.339583 0.560937 0.343750 0.556250 0.352083 0.553125 0.352083 0.548438 0.360417 0.542188 0.364583 0.535937 0.375000 0.532813 0.387500 0.542188 0.385417 0.548438 0.377083 0.553125 0.381250 0.554688 0.391667 0.557813 0.393750 0.571875 0.391667 0.571875 0.385417 0.575000 0.383333 0.578125 0.370833 0.571875 0.370833 0.568750 0.366667
3 0.354687 0.416667 0.343750 0.412500 0.345313 0.420833 0.343750 0.433333 0.339062 0.437500 0.337500 0.447917 0.326562 0.450000 0.326562 0.464583 0.320312 0.475000 0.340625 0.472917 0.346875 0.458333 0.350000 0.439583 0.353125 0.437500 0.356250 0.425000
3 0.104688 0.285417 0.107813 0.529167 0.103125 0.535417 0.118750 0.541667 0.131250 0.427083 0.128125 0.372917 0.135937 0.341667 0.121875 0.322917 0.123438 0.302083
4 0.489063 0.462500 0.487500 0.464583 0.487500 0.481250 0.484375 0.483333 0.484375 0.491667 0.489063 0.491667 0.490625 0.495833 0.495312 0.495833 0.504687 0.508333 0.506250 0.493750 0.509375 0.487500 0.509375 0.479167 0.518750 0.462500
4 0.000000 0.233333 0.000000 0.568750 0.326562 0.477083 0.342187 0.412500 0.315625 0.395833 0.300000 0.450000 0.267188 0.354167 0.234375 0.372917 0.137500 0.343750 0.121875 0.539583 0.104688 0.539583 0.106250 0.287500
8 0.000000 0.000000 0.003125 0.235417 0.337500 0.397917 0.342187 0.470833 0.532813 0.458333 0.596875 0.568750 0.754687 0.383333 0.998437 0.287500 0.998437 0.000000 0.601562 0.000000 0.557813 0.100000 0.603125 0.133333 0.453125 0.279167 0.575000 0.314583 0.573438 0.391667 0.414062 0.331250 0.393750 0.437500 0.345313 0.004167
9 0.410938 0.472917 0.348438 0.466667 0.259375 0.518750 0.214062 0.520833 0.167187 0.539583 0.314063 0.554167 0.373437 0.518750
10 0.342187 0.000000 0.353125 0.027083 0.312500 0.050000 0.357812 0.122917 0.329688 0.145833 0.331250 0.204167 0.365625 0.212500 0.442188 0.391667 0.498437 0.318750 0.537500 0.370833 0.575000 0.316667 0.520312 0.329167 0.489063 0.256250 0.476562 0.302083 0.451562 0.279167 0.476562 0.193750 0.601562 0.133333 0.587500 0.081250 0.556250 0.100000 0.600000 0.000000
13 0.532813 0.460417 0.520312 0.462500 0.512500 0.475000 0.510938 0.487500 0.507812 0.493750 0.506250 0.506250 0.514062 0.508333 0.521875 0.520833 0.528125 0.520833 0.532813 0.514583 0.535937 0.485417 0.535937 0.464583
13 0.404687 0.450000 0.404687 0.454167 0.410938 0.462500 0.410938 0.470833 0.420312 0.470833 0.421875 0.466667 0.435937 0.466667 0.435937 0.456250 0.431250 0.452083 0.428125 0.454167 0.421875 0.454167 0.417187 0.447917 0.406250 0.447917
13 0.998437 0.289583 0.754687 0.385417 0.603125 0.568750 0.604688 0.716667 0.657813 0.727083 0.875000 0.997917 0.998437 0.997917
17 0.485938 0.464583 0.482812 0.464583 0.479687 0.468750 0.473438 0.466667 0.471875 0.500000 0.473438 0.502083 0.476562 0.502083 0.478125 0.506250 0.478125 0.504167 0.481250 0.502083 0.481250 0.497917 0.482812 0.495833 0.482812 0.483333 0.485938 0.481250