0 0.000000 0.808333 0.000000 0.997917 0.998437 0.997917 0.998437 0.797917 0.648438 0.787500 0.543750 0.631250 0.545312 0.541667 0.435937 0.466667 0.329688 0.539583 0.084375 0.552083 0.190625 0.643750
3 0.187500 0.314583 0.185938 0.316667 0.179688 0.316667 0.178125 0.320833 0.178125 0.327083 0.179688 0.329167 0.179688 0.333333 0.182812 0.335417 0.182812 0.345833 0.185938 0.345833 0.192188 0.339583 0.193750 0.341667 0.193750 0.329167 0.195312 0.327083 0.193750 0.325000 0.193750 0.320833
4 0.940625 0.450000 0.945312 0.464583 0.979688 0.510417 0.998437 0.550000 0.998437 0.439583 0.989062 0.437500 0.968750 0.447917
4 0.000000 0.222917 0.000000 0.595833 0.068750 0.554167 0.287500 0.506250 0.351562 0.460417 0.345313 0.412500 0.306250 0.427083 0.295312 0.377083 0.210938 0.377083 0.176563 0.322917
8 0.000000 0.000000 0.000000 0.220833 0.354687 0.414583 0.342187 0.475000 0.515625 0.458333 0.545312 0.539583 0.689063 0.370833 0.998437 0.437500 0.998437 0.000000 0.589063 0.000000 0.553125 0.189583 0.460938 0.239583 0.443750 0.310417 0.498437 0.322917 0.446875 0.389583 0.401562 0.341667 0.389062 0.441667 0.332813 0.000000
9 0.184375 0.622917 0.132812 0.597917 0.082812 0.554167 0.018750 0.579167 0.000000 0.597917 0.000000 0.806250 0.182812 0.652083
9 0.400000 0.479167 0.335938 0.477083 0.287500 0.508333 0.221875 0.522917 0.329688 0.537500 0.365625 0.518750
10 0.587500 0.000000 0.334375 0.000000 0.362500 0.112500 0.331250 0.137500 0.365625 0.183333 0.326562 0.204167 0.367188 0.233333 0.435937 0.387500 0.496875 0.322917 0.475000 0.289583 0.462500 0.329167 0.442188 0.310417 0.459375 0.239583 0.557813 0.175000 0.559375 0.135417 0.532813 0.131250 0.570312 0.031250 0.592187 0.037500
13 0.464062 0.470833 0.464062 0.497917 0.470313 0.485417 0.470313 0.500000 0.471875 0.495833 0.492188 0.502083 0.493750 0.506250 0.500000 0.502083 0.507812 0.512500 0.517188 0.510417 0.515625 0.460417 0.496875 0.464583 0.475000 0.460417
13 0.398438 0.450000 0.400000 0.454167 0.401562 0.454167 0.404687 0.458333 0.404687 0.466667 0.406250 0.470833 0.410938 0.470833 0.417187 0.466667 0.428125 0.466667 0.428125 0.454167 0.426563 0.452083 0.414062 0.452083 0.410938 0.447917 0.400000 0.447917
13 0.550000 0.525000 0.545312 0.631250 0.615625 0.679167 0.648438 0.785417 0.712500 0.756250 0.998437 0.795833 0.998437 0.552083 0.931250 0.414583 0.689063 0.372917 0.620313 0.414583