0 0.000000 0.768750 0.000000 0.997917 0.998437 0.997917 0.998437 0.804167 0.728125 0.637500 0.554688 0.639583 0.504687 0.504167 0.434375 0.464583 0.214062 0.525000 0.284375 0.583333 0.151562 0.714583
4 0.714063 0.450000 0.737500 0.510417 0.729688 0.641667 0.998437 0.802083 0.998437 0.437500
4 0.085938 0.272917 0.075000 0.606250 0.214062 0.522917 0.317188 0.502083 0.357812 0.472917 0.360938 0.425000 0.326562 0.435417 0.321875 0.395833 0.248438 0.393750 0.243750 0.366667
4 0.000000 0.229167 0.001563 0.585417 0.010937 0.564583 0.020313 0.470833 0.025000 0.247917
8 0.000000 0.000000 0.007812 0.635417 0.071875 0.614583 0.092188 0.268750 0.510938 0.522917 0.590625 0.406250 0.998437 0.435417 0.998437 0.000000 0.595313 0.000000 0.389062 0.441667 0.351562 0.102083 0.412500 0.000000
9 0.282813 0.566667 0.206250 0.531250 0.160938 0.568750 0.085938 0.597917 0.048438 0.643750 0.000000 0.633333 0.000000 0.766667 0.081250 0.750000 0.154688 0.710417 0.270313 0.600000
9 0.401562 0.477083 0.389062 0.483333 0.359375 0.472917 0.323437 0.493750 0.317188 0.504167 0.292187 0.504167 0.268750 0.514583 0.357812 0.520833 0.379688 0.506250
10 0.593750 0.000000 0.414062 0.000000 0.401562 0.064583 0.353125 0.102083 0.373437 0.172917 0.353125 0.206250 0.373437 0.229167 0.371875 0.277083 0.431250 0.383333 0.471875 0.337500 0.465625 0.316667 0.456250 0.352083 0.439063 0.335417 0.451562 0.277083 0.512500 0.245833 0.539062 0.204167 0.514062 0.175000
13 0.495312 0.458333 0.492188 0.460417 0.490625 0.464583 0.490625 0.477083 0.487500 0.483333 0.487500 0.487500 0.484375 0.489583 0.484375 0.491667 0.487500 0.493750 0.487500 0.497917 0.490625 0.495833 0.498437 0.502083 0.500000 0.506250 0.501563 0.502083 0.504687 0.502083 0.501563 0.500000 0.501563 0.487500 0.504687 0.485417 0.504687 0.466667 0.501563 0.464583 0.500000 0.458333
13 0.398438 0.447917 0.398438 0.454167 0.400000 0.454167 0.403125 0.458333 0.404687 0.462500 0.404687 0.468750 0.410938 0.468750 0.412500 0.466667 0.423438 0.466667 0.426563 0.462500 0.426563 0.456250 0.421875 0.450000 0.412500 0.452083 0.407813 0.447917
13 0.531250 0.462500 0.510938 0.525000 0.510938 0.572917 0.548438 0.595833 0.554688 0.637500 0.575000 0.639583 0.584375 0.612500 0.728125 0.635417 0.735938 0.510417 0.707812 0.435417 0.648438 0.410417 0.590625 0.408333 0.556250 0.427083