0 0.789062 0.997917 0.739062 0.827083 0.746875 0.664583 0.450000 0.468750 0.270313 0.589583 0.000000 0.589583 0.000000 0.997917
2 0.596875 0.362500 0.590625 0.352083 0.590625 0.343750 0.582812 0.331250 0.562500 0.343750 0.548438 0.362500 0.545312 0.362500 0.539062 0.383333 0.559375 0.377083 0.560937 0.370833 0.565625 0.368750 0.571875 0.391667 0.576562 0.391667 0.578125 0.387500 0.590625 0.381250
4 0.492188 0.462500 0.492188 0.495833 0.495312 0.495833 0.507812 0.512500 0.514062 0.516667 0.517188 0.512500 0.520312 0.479167 0.528125 0.464583 0.501563 0.460417
4 0.998437 0.454167 0.795312 0.445833 0.757812 0.470833 0.779687 0.514583 0.743750 0.614583 0.701562 0.589583 0.687500 0.489583 0.632812 0.489583 0.609375 0.581250 0.748437 0.662500 0.768750 0.610417 0.996875 0.520833
4 0.000000 0.302083 0.000000 0.564583 0.196875 0.537500 0.334375 0.472917 0.342187 0.406250 0.278125 0.372917 0.271875 0.404167 0.232813 0.400000 0.206250 0.316667 0.117188 0.333333 0.082812 0.306250
8 0.000000 0.000000 0.000000 0.300000 0.206250 0.314583 0.350000 0.487500 0.551562 0.458333 0.604688 0.577083 0.687500 0.487500 0.743750 0.612500 0.757812 0.460417 0.998437 0.452083 0.998437 0.000000 0.592187 0.000000 0.634375 0.068750 0.487500 0.122917 0.459375 0.241667 0.529687 0.225000 0.595313 0.375000 0.412500 0.322917 0.392188 0.435417 0.321875 0.000000
9 0.410938 0.477083 0.365625 0.493750 0.312500 0.483333 0.196875 0.539583 0.032813 0.552083 0.000000 0.566667 0.000000 0.587500 0.270313 0.587500
10 0.321875 0.002083 0.310937 0.147917 0.365625 0.204167 0.445312 0.391667 0.503125 0.308333 0.545312 0.360417 0.592187 0.341667 0.606250 0.306250 0.539062 0.302083 0.529687 0.227083 0.515625 0.247917 0.495312 0.208333 0.485938 0.260417 0.457813 0.233333 0.487500 0.120833 0.526563 0.137500 0.554688 0.085417 0.632812 0.068750 0.617188 0.006250 0.584375 0.043750 0.590625 0.000000
13 0.998437 0.520833 0.765625 0.616667 0.737500 0.789583 0.757812 0.918750 0.790625 0.997917 0.998437 0.997917
13 0.531250 0.460417 0.521875 0.479167 0.518750 0.512500 0.521875 0.516667 0.528125 0.516667 0.531250 0.527083 0.543750 0.529167 0.551562 0.520833 0.554688 0.470833 0.551562 0.460417
13 0.406250 0.447917 0.406250 0.454167 0.412500 0.462500 0.412500 0.472917 0.420312 0.472917 0.425000 0.466667 0.428125 0.468750 0.439063 0.466667 0.437500 0.464583 0.437500 0.456250 0.435937 0.454167 0.421875 0.454167 0.418750 0.447917 0.415625 0.447917 0.414062 0.445833
17 0.490625 0.464583 0.485938 0.468750 0.482812 0.468750 0.481250 0.466667 0.478125 0.468750 0.479687 0.470833 0.479687 0.477083 0.476562 0.487500 0.476562 0.502083 0.478125 0.506250 0.481250 0.506250 0.482812 0.508333 0.485938 0.508333 0.485938 0.504167 0.489063 0.502083 0.489063 0.493750 0.490625 0.491667