0 0.003125 0.577083 0.107813 0.702083 0.000000 0.804167 0.000000 0.997917 0.992188 0.997917 0.856250 0.935417 0.764062 0.962500 0.715625 0.802083 0.568750 0.664583 0.571875 0.556250 0.445312 0.468750 0.323437 0.547917
2 0.556250 0.352083 0.550000 0.352083 0.548438 0.356250 0.539062 0.364583 0.531250 0.375000 0.528125 0.389583 0.535937 0.387500 0.539062 0.383333 0.545312 0.383333 0.546875 0.391667 0.550000 0.393750 0.556250 0.391667 0.562500 0.379167 0.554688 0.356250
3 0.146875 0.308333 0.146875 0.470833 0.157812 0.483333 0.165625 0.458333 0.162500 0.375000 0.167187 0.352083 0.157812 0.320833
4 0.484375 0.460417 0.482812 0.464583 0.482812 0.489583 0.481250 0.495833 0.489063 0.497917 0.492188 0.502083 0.496875 0.502083 0.498437 0.506250 0.501563 0.491667 0.504687 0.489583 0.504687 0.477083 0.509375 0.464583 0.506250 0.462500
4 0.000000 0.237500 0.000000 0.568750 0.270313 0.514583 0.348438 0.466667 0.343750 0.404167 0.304688 0.425000 0.282813 0.366667 0.229687 0.379167 0.168750 0.352083 0.157812 0.485417 0.145313 0.308333
8 0.000000 0.000000 0.001563 0.237500 0.343750 0.402083 0.346875 0.472917 0.523438 0.458333 0.565625 0.554167 0.725000 0.372917 0.998437 0.331250 0.998437 0.000000 0.600000 0.008333 0.546875 0.114583 0.592187 0.154167 0.468750 0.218750 0.451562 0.300000 0.507812 0.327083 0.453125 0.389583 0.401562 0.341667 0.392188 0.437500 0.340625 0.000000
9 0.004687 0.570833 0.000000 0.802083 0.071875 0.745833 0.106250 0.702083 0.098437 0.675000 0.050000 0.656250 0.026562 0.633333 0.001563 0.591667
9 0.407813 0.468750 0.390625 0.466667 0.371875 0.479167 0.348438 0.472917 0.270313 0.516667 0.195312 0.533333 0.228125 0.543750 0.331250 0.543750 0.395313 0.495833
10 0.518750 0.333333 0.518750 0.343750 0.521875 0.343750 0.526563 0.347917 0.532813 0.370833 0.551562 0.350000 0.551562 0.347917 0.550000 0.347917 0.548438 0.352083 0.543750 0.352083 0.542188 0.347917 0.531250 0.337500 0.528125 0.337500 0.525000 0.331250 0.520312 0.331250
10 0.612500 0.000000 0.342187 0.000000 0.357812 0.070833 0.320312 0.091667 0.360938 0.158333 0.328125 0.195833 0.371875 0.231250 0.439063 0.387500 0.509375 0.314583 0.482812 0.270833 0.470313 0.316667 0.467187 0.289583 0.450000 0.300000 0.467187 0.218750 0.590625 0.154167 0.576562 0.108333 0.545312 0.114583
13 0.518750 0.460417 0.510938 0.462500 0.506250 0.477083 0.506250 0.489583 0.503125 0.491667 0.500000 0.506250 0.507812 0.506250 0.515625 0.516667 0.523438 0.518750 0.526563 0.497917 0.526563 0.462500
13 0.404687 0.447917 0.404687 0.454167 0.406250 0.458333 0.409375 0.460417 0.409375 0.470833 0.418750 0.470833 0.420312 0.466667 0.434375 0.466667 0.434375 0.458333 0.431250 0.452083 0.421875 0.452083 0.420312 0.454167 0.412500 0.447917
13 0.998437 0.333333 0.725000 0.375000 0.575000 0.545833 0.570312 0.664583 0.610938 0.672917 0.717187 0.802083 0.764062 0.960417 0.856250 0.933333 0.998437 0.997917
17 0.481250 0.460417 0.479687 0.460417 0.479687 0.464583 0.478125 0.466667 0.470313 0.466667 0.468750 0.497917 0.471875 0.502083 0.476562 0.502083 0.481250 0.489583