0 0.045312 0.997917 0.998437 0.997917 0.998437 0.789583 0.634375 0.568750 0.526563 0.570833 0.442188 0.464583
1 0.381250 0.514583 0.315625 0.510417 0.359375 0.531250 0.331250 0.585417 0.201563 0.564583 0.000000 0.645833 0.000000 0.997917 0.043750 0.997917 0.321875 0.631250
3 0.290625 0.385417 0.284375 0.527083 0.384375 0.470833 0.387500 0.437500 0.367188 0.441667 0.362500 0.416667 0.354687 0.425000 0.328125 0.422917 0.318750 0.414583 0.317188 0.395833
4 0.623437 0.447917 0.632812 0.566667 0.789062 0.664583 0.826562 0.616667 0.887500 0.614583 0.868750 0.591667 0.870313 0.437500 0.851562 0.445833 0.857812 0.491667 0.832812 0.585417 0.818750 0.516667 0.843750 0.441667
4 0.000000 0.312500 0.000000 0.643750 0.201563 0.562500 0.209375 0.366667 0.123438 0.358333
5 0.256250 0.227083 0.248438 0.243750 0.240625 0.568750 0.251563 0.564583
8 0.000000 0.000000 0.000000 0.310417 0.209375 0.364583 0.207813 0.543750 0.256250 0.225000 0.257812 0.537500 0.290625 0.383333 0.503125 0.495833 0.843750 0.439583 0.831250 0.583333 0.870313 0.435417 0.889062 0.614583 0.792188 0.666667 0.998437 0.787500 0.998437 0.000000 0.610938 0.000000 0.446875 0.393750 0.390625 0.304167 0.445312 0.000000
9 0.357812 0.531250 0.312500 0.512500 0.284375 0.531250 0.281250 0.541667 0.253125 0.537500 0.248438 0.570833 0.235937 0.564583 0.235937 0.541667 0.207813 0.545833 0.201563 0.575000 0.298438 0.589583 0.325000 0.585417 0.342187 0.572917
9 0.420312 0.468750 0.392188 0.468750 0.360938 0.489583 0.351562 0.489583 0.337500 0.502083 0.359375 0.510417 0.395313 0.510417 0.410938 0.495833 0.420312 0.477083
10 0.609375 0.000000 0.446875 0.000000 0.410938 0.152083 0.437500 0.158333 0.428125 0.200000 0.396875 0.231250 0.407813 0.260417 0.392188 0.300000 0.445312 0.391667 0.459375 0.387500 0.465625 0.310417 0.526563 0.260417 0.535937 0.227083 0.517188 0.212500
13 0.501563 0.462500 0.506250 0.539583 0.523438 0.550000 0.526563 0.568750 0.540625 0.568750 0.546875 0.554167 0.604688 0.558333 0.621875 0.579167 0.631250 0.570833 0.634375 0.485417 0.615625 0.437500 0.540625 0.427083 0.517188 0.456250 0.507812 0.487500