0 0.000000 0.981250 0.998437 0.997917 0.998437 0.775000 0.456250 0.468750
1 0.870313 0.695833 0.998437 0.772917 0.995313 0.708333
2 0.998437 0.000000 0.985938 0.047917 0.910937 0.118750 0.889062 0.062500 0.870313 0.158333 0.765625 0.252083 0.790625 0.258333 0.779687 0.427083 0.771875 0.358333 0.756250 0.429167 0.810937 0.425000 0.828125 0.347917 0.871875 0.331250 0.998437 0.429167
3 0.839063 0.425000 0.829688 0.441667 0.823438 0.531250 0.828125 0.627083 0.821875 0.658333 0.842187 0.679167 0.868750 0.683333 0.884375 0.550000 0.884375 0.427083
4 0.995313 0.706250 0.959375 0.625000 0.998437 0.431250 0.882812 0.425000 0.868750 0.685417 0.820312 0.658333 0.837500 0.425000 0.539062 0.456250 0.539062 0.512500 0.578125 0.529167 0.584375 0.462500 0.615625 0.445833 0.640625 0.479167 0.632812 0.558333 0.701562 0.620833 0.846875 0.689583
4 0.000000 0.212500 0.000000 0.425000 0.043750 0.418750 0.103125 0.460417 0.170313 0.377083 0.296875 0.468750 0.331250 0.445833 0.332813 0.385417 0.182812 0.322917 0.156250 0.270833 0.123438 0.281250
5 0.387500 0.093750 0.385937 0.150000 0.365625 0.181250 0.359375 0.404167 0.368750 0.185417 0.382812 0.158333 0.426563 0.131250 0.387500 0.150000
8 0.809375 0.414583 0.815625 0.429167 0.985938 0.429167 0.982812 0.412500 0.932813 0.393750 0.915625 0.358333 0.889062 0.333333 0.832812 0.343750 0.828125 0.356250 0.834375 0.366667
8 0.853125 0.139583 0.846875 0.143750 0.846875 0.154167 0.843750 0.160417 0.843750 0.164583 0.835938 0.168750 0.837500 0.183333 0.842187 0.181250 0.846875 0.172917 0.851562 0.172917 0.856250 0.168750 0.856250 0.154167 0.854688 0.152083 0.854688 0.145833 0.851562 0.141667
8 0.000000 0.979167 0.400000 0.529167 0.412500 0.383333 0.526563 0.502083 0.746875 0.433333 0.789062 0.258333 0.728125 0.191667 0.679688 0.272917 0.579688 0.145833 0.485938 0.395833 0.393750 0.154167 0.359375 0.406250 0.321875 0.000000 0.000000 0.000000 0.001563 0.212500 0.335938 0.387500 0.296875 0.470833 0.170313 0.379167 0.000000 0.427083
9 0.073438 0.885417 0.065625 0.883333 0.053125 0.885417 0.051562 0.889583 0.048438 0.889583 0.042188 0.906250 0.029687 0.927083 0.029687 0.935417 0.023438 0.945833 0.028125 0.943750 0.031250 0.935417 0.035937 0.933333
9 0.631250 0.560417 0.626563 0.572917 0.631250 0.583333 0.662500 0.597917 0.682813 0.616667 0.700000 0.620833 0.696875 0.608333 0.682813 0.597917 0.665625 0.577083 0.650000 0.566667
9 0.520312 0.514583 0.531250 0.527083 0.556250 0.539583 0.557813 0.543750 0.575000 0.547917 0.576562 0.529167 0.540625 0.516667 0.535937 0.504167 0.534375 0.508333
10 0.310937 0.050000 0.370312 0.127083 0.387500 0.091667 0.389062 0.145833 0.428125 0.127083 0.395313 0.152083 0.468750 0.247917 0.457813 0.372917 0.487500 0.393750 0.507812 0.233333 0.579688 0.143750 0.632812 0.152083 0.679688 0.270833 0.728125 0.189583 0.760938 0.256250 0.868750 0.158333 0.889062 0.060417 0.910937 0.116667 0.987500 0.006250 0.323437 0.000000
13 0.998437 0.477083 0.971875 0.531250 0.960938 0.625000 0.970313 0.662500 0.993750 0.687500 0.998437 0.716667
13 0.409375 0.447917 0.407813 0.456250 0.409375 0.470833 0.414062 0.481250 0.431250 0.481250 0.439063 0.470833 0.442188 0.472917 0.454688 0.470833 0.453125 0.454167 0.435937 0.456250 0.428125 0.445833
17 0.610938 0.447917 0.603125 0.466667 0.585938 0.462500 0.592187 0.481250 0.584375 0.497917 0.575000 0.550000 0.581250 0.568750 0.618750 0.589583 0.631250 0.558333 0.628125 0.508333 0.639062 0.500000 0.639062 0.479167 0.631250 0.466667 0.617188 0.466667 0.618750 0.452083