0 0.000000 0.939583 0.000000 0.997917 0.998437 0.997917 0.998437 0.804167 0.462500 0.475000 0.312500 0.675000
2 0.985938 0.462500 0.976562 0.462500 0.975000 0.466667 0.970313 0.468750 0.959375 0.468750 0.957812 0.472917 0.935937 0.477083 0.954688 0.487500 0.960938 0.495833 0.979688 0.497917 0.984375 0.485417
2 0.998437 0.087500 0.975000 0.075000 0.945312 0.125000 0.917188 0.102083 0.896875 0.168750 0.850000 0.212500 0.835938 0.170833 0.825000 0.233333 0.735938 0.312500 0.753125 0.322917 0.746875 0.400000 0.784375 0.418750 0.784375 0.445833 0.837500 0.458333 0.846875 0.393750 0.848437 0.458333 0.875000 0.464583 0.851562 0.406250 0.879687 0.412500 0.998437 0.283333 0.998437 0.241667 0.968750 0.231250 0.998437 0.214583 0.975000 0.185417
4 0.564063 0.464583 0.553125 0.464583 0.546875 0.468750 0.546875 0.508333 0.557813 0.516667 0.557813 0.512500 0.560937 0.506250 0.560937 0.489583 0.562500 0.487500 0.560937 0.468750
4 0.589063 0.462500 0.596875 0.483333 0.592187 0.552083 0.701562 0.620833 0.739062 0.629167 0.725000 0.608333 0.712500 0.608333 0.707812 0.591667 0.715625 0.525000 0.740625 0.468750
4 0.209375 0.308333 0.229687 0.381250 0.275000 0.389583 0.312500 0.418750 0.350000 0.402083 0.375000 0.431250 0.389062 0.431250 0.390625 0.406250 0.334375 0.381250 0.329688 0.362500 0.314063 0.366667 0.257812 0.331250 0.246875 0.302083
4 0.095312 0.281250 0.093750 0.297917 0.110937 0.318750 0.142187 0.310417 0.145313 0.316667 0.142187 0.322917 0.135937 0.320833 0.134375 0.345833 0.165625 0.360417 0.168750 0.337500 0.164062 0.322917 0.175000 0.308333 0.173437 0.289583 0.134375 0.264583 0.117188 0.266667 0.109375 0.279167
5 0.846875 0.395833 0.839063 0.437500 0.839063 0.668750 0.845313 0.666667
5 0.460938 0.212500 0.428125 0.229167 0.414062 0.254167 0.406250 0.420833 0.417187 0.254167 0.426563 0.235417
8 0.998437 0.285417 0.962500 0.304167 0.954688 0.341667 0.909375 0.368750 0.879687 0.414583 0.865625 0.400000 0.851562 0.410417 0.876563 0.466667 0.934375 0.477083 0.985938 0.460417 0.976562 0.508333 0.998437 0.529167
8 0.973437 0.216667 0.973437 0.222917 0.970313 0.229167 0.971875 0.233333 0.979688 0.237500 0.981250 0.235417 0.982812 0.237500 0.989062 0.237500 0.990625 0.239583 0.992188 0.237500 0.996875 0.237500 0.998437 0.239583 0.998437 0.216667 0.992188 0.216667 0.985938 0.210417
8 0.998437 0.137500 0.998437 0.145833 0.992188 0.154167 0.987500 0.154167 0.982812 0.160417 0.979688 0.160417 0.976562 0.170833 0.976562 0.185417 0.979688 0.187500 0.982812 0.185417 0.996875 0.185417 0.998437 0.189583
8 0.000000 0.937500 0.312500 0.672917 0.440625 0.443750 0.537500 0.506250 0.806250 0.456250 0.751563 0.322917 0.659375 0.316667 0.600000 0.218750 0.509375 0.404167 0.426563 0.237500 0.406250 0.422917 0.443750 0.218750 0.343750 0.000000 0.000000 0.000000
9 0.800000 0.675000 0.835938 0.714583 0.998437 0.802083 0.998437 0.693750 0.850000 0.664583
9 0.529687 0.514583 0.531250 0.518750 0.535937 0.520833 0.540625 0.527083 0.546875 0.529167 0.550000 0.533333 0.556250 0.535417 0.556250 0.520833 0.557813 0.518750 0.551562 0.512500 0.545312 0.508333 0.539062 0.508333
10 0.345313 0.000000 0.382812 0.027083 0.404687 0.170833 0.462500 0.212500 0.509375 0.402083 0.525000 0.285417 0.584375 0.218750 0.656250 0.300000 0.735938 0.310417 0.823438 0.233333 0.835938 0.168750 0.850000 0.210417 0.917188 0.100000 0.998437 0.085417 0.998437 0.000000
13 0.848437 0.460417 0.846875 0.662500 0.998437 0.691667 0.998437 0.531250 0.942187 0.481250
13 0.751563 0.462500 0.717187 0.525000 0.712500 0.606250 0.725000 0.606250 0.748437 0.641667 0.785937 0.668750 0.814063 0.672917 0.835938 0.662500 0.837500 0.460417
13 0.437500 0.447917 0.437500 0.460417 0.443750 0.470833 0.445312 0.481250 0.454688 0.481250 0.456250 0.477083 0.457813 0.481250 0.462500 0.472917 0.464062 0.475000 0.478125 0.472917 0.476562 0.456250 0.462500 0.456250 0.460938 0.458333 0.454688 0.447917 0.445312 0.445833
17 0.585938 0.458333 0.576562 0.477083 0.570312 0.475000 0.565625 0.462500 0.562500 0.468750 0.564063 0.487500 0.557813 0.520833 0.557813 0.543750 0.571875 0.558333 0.581250 0.558333 0.587500 0.547917 0.590625 0.527083 0.589063 0.508333 0.595313 0.500000 0.595313 0.483333 0.587500 0.477083