0 0.000000 0.866667 0.000000 0.997917 0.998437 0.997917 0.998437 0.693750 0.796875 0.685417 0.451562 0.475000
2 0.965625 0.114583 0.868750 0.179167 0.843750 0.160417 0.793750 0.241667 0.781250 0.212500 0.771875 0.262500 0.696875 0.333333 0.701562 0.414583 0.650000 0.306250 0.623437 0.347917 0.645312 0.320833 0.667188 0.418750 0.735938 0.439583 0.773438 0.364583 0.793750 0.370833 0.779687 0.254167 0.864062 0.272917 0.951562 0.172917
4 0.557813 0.464583 0.556250 0.477083 0.562500 0.485417 0.556250 0.525000 0.559375 0.539583 0.632812 0.589583 0.654687 0.591667 0.646875 0.577083 0.635938 0.577083 0.631250 0.568750 0.639062 0.504167 0.651563 0.481250 0.645312 0.470833
4 0.290625 0.354167 0.296875 0.375000 0.317188 0.393750 0.323437 0.410417 0.339062 0.418750 0.351562 0.408333 0.364063 0.410417 0.375000 0.420833 0.382812 0.439583 0.387500 0.439583 0.389062 0.414583 0.378125 0.414583 0.371875 0.404167 0.353125 0.400000 0.346875 0.385417 0.335938 0.389583 0.309375 0.375000 0.296875 0.352083
4 0.000000 0.177083 0.000000 0.547917 0.121875 0.506250 0.157812 0.406250 0.206250 0.379167 0.221875 0.335417 0.184375 0.270833 0.145313 0.268750
5 0.450000 0.243750 0.421875 0.258333 0.409375 0.277083 0.401562 0.425000 0.412500 0.279167 0.425000 0.260417 0.435937 0.258333
8 0.998437 0.785417 0.987500 0.800000 0.975000 0.804167 0.976562 0.812500 0.984375 0.822917 0.989062 0.825000 0.995313 0.839583 0.998437 0.841667
8 0.685937 0.316667 0.667188 0.337500 0.667188 0.343750 0.701562 0.412500 0.707812 0.337500 0.696875 0.337500 0.695312 0.333333 0.706250 0.320833 0.700000 0.316667
8 0.000000 0.000000 0.000000 0.175000 0.223438 0.335417 0.000000 0.550000 0.000000 0.864583 0.431250 0.443750 0.785937 0.481250 0.820312 0.620833 0.998437 0.689583 0.998437 0.039583 0.893750 0.250000 0.781250 0.254167 0.734375 0.441667 0.571875 0.247917 0.487500 0.391667 0.425000 0.262500 0.401562 0.427083 0.439063 0.239583 0.337500 0.000000
9 0.687500 0.618750 0.796875 0.683333 0.998437 0.691667 0.775000 0.608333 0.715625 0.602083
10 0.339062 0.000000 0.485938 0.389583 0.559375 0.250000 0.665625 0.339583 0.843750 0.158333 0.959375 0.114583 0.998437 0.000000
13 0.640625 0.504167 0.632812 0.568750 0.670312 0.610417 0.687500 0.616667 0.734375 0.600000 0.803125 0.622917 0.829688 0.612500 0.826562 0.600000 0.792188 0.585417 0.807813 0.508333 0.785937 0.483333 0.757812 0.475000 0.748437 0.489583 0.735938 0.468750 0.665625 0.466667
13 0.428125 0.447917 0.426563 0.456250 0.437500 0.481250 0.443750 0.481250 0.445312 0.477083 0.450000 0.477083 0.451562 0.472917 0.453125 0.475000 0.465625 0.475000 0.467187 0.472917 0.465625 0.456250 0.453125 0.456250 0.451562 0.458333 0.443750 0.447917 0.435937 0.447917 0.434375 0.445833
17 0.556250 0.464583 0.553125 0.464583 0.545312 0.477083 0.534375 0.470833 0.534375 0.481250 0.537500 0.485417 0.534375 0.502083 0.531250 0.504167 0.529687 0.527083 0.531250 0.535417 0.537500 0.543750 0.550000 0.543750 0.556250 0.522917 0.556250 0.500000 0.560937 0.491667 0.560937 0.485417 0.554688 0.477083