0 0.000000 0.827083 0.000000 0.997917 0.998437 0.997917 0.978125 0.831250 0.443750 0.466667 0.253125 0.504167 0.259375 0.631250
2 0.698438 0.239583 0.684375 0.254167 0.665625 0.239583 0.629687 0.241667 0.615625 0.258333 0.604688 0.310417 0.615625 0.322917 0.596875 0.368750 0.606250 0.393750 0.618750 0.402083 0.639062 0.397917 0.676562 0.335417 0.664062 0.329167 0.664062 0.312500 0.695312 0.316667 0.685937 0.272917 0.707812 0.258333
4 0.998437 0.829167 0.998437 0.393750 0.653125 0.435417 0.646875 0.585417 0.729688 0.662500
4 0.000000 0.206250 0.000000 0.329167 0.048438 0.333333 0.076563 0.350000 0.140625 0.325000 0.171875 0.356250 0.209375 0.360417 0.207813 0.310417 0.117188 0.279167
7 0.665625 0.312500 0.665625 0.329167 0.668750 0.329167 0.670312 0.331250 0.675000 0.331250 0.676562 0.329167 0.678125 0.331250 0.681250 0.329167 0.685937 0.320833 0.692187 0.320833 0.695312 0.325000 0.700000 0.325000 0.700000 0.320833 0.695312 0.320833 0.689063 0.316667 0.681250 0.316667 0.679688 0.314583 0.673438 0.316667 0.671875 0.312500
8 0.000000 0.825000 0.262500 0.625000 0.359375 0.312500 0.412500 0.466667 0.631250 0.570833 0.653125 0.433333 0.996875 0.393750 0.998437 0.000000 0.648438 0.000000 0.615625 0.147917 0.709375 0.258333 0.631250 0.404167 0.560937 0.185417 0.443750 0.377083 0.375000 0.139583 0.481250 0.131250 0.467187 0.002083 0.000000 0.000000 0.000000 0.204167 0.210938 0.314583 0.000000 0.331250
9 0.893750 0.760417 0.978125 0.829167 0.998437 0.872917 0.996875 0.829167
9 0.579688 0.583333 0.629687 0.631250 0.690625 0.658333 0.739062 0.668750 0.695312 0.633333 0.668750 0.600000 0.646875 0.587500 0.643750 0.568750 0.590625 0.575000
9 0.482812 0.493750 0.489063 0.508333 0.501563 0.516667 0.582812 0.539583 0.576562 0.531250 0.556250 0.527083 0.545312 0.518750 0.520312 0.516667 0.510938 0.508333 0.503125 0.508333 0.489063 0.493750
9 0.357812 0.462500 0.325000 0.462500 0.321875 0.477083 0.306250 0.483333 0.265625 0.483333 0.260937 0.487500 0.260937 0.497917 0.337500 0.497917 0.335938 0.489583 0.321875 0.483333 0.357812 0.481250
10 0.379688 0.327083 0.365625 0.314583 0.354687 0.316667 0.346875 0.329167 0.339062 0.329167 0.335938 0.337500 0.328125 0.333333 0.325000 0.341667 0.332813 0.350000 0.346875 0.352083 0.351562 0.345833 0.373437 0.350000 0.373437 0.343750
10 0.646875 0.000000 0.456250 0.000000 0.482812 0.131250 0.376563 0.139583 0.381250 0.200000 0.420312 0.160417 0.442188 0.383333 0.465625 0.368750 0.476562 0.402083 0.559375 0.183333 0.604688 0.262500 0.665625 0.237500 0.668750 0.185417 0.640625 0.193750 0.660937 0.145833 0.617188 0.154167 0.648438 0.127083 0.606250 0.089583 0.653125 0.054167
13 0.420312 0.447917 0.420312 0.452083 0.418750 0.454167 0.418750 0.462500 0.417187 0.466667 0.420312 0.468750 0.426563 0.468750 0.428125 0.470833 0.434375 0.470833 0.437500 0.466667 0.439063 0.466667 0.439063 0.456250 0.435937 0.447917
13 0.359375 0.441667 0.359375 0.481250 0.365625 0.483333 0.387500 0.479167 0.390625 0.485417 0.398438 0.481250 0.410938 0.481250 0.410938 0.447917 0.396875 0.431250 0.370312 0.427083