0 0.000000 0.864583 0.000000 0.997917 0.998437 0.997917 0.998437 0.929167 0.857812 0.772917 0.459375 0.468750 0.343750 0.481250 0.325000 0.583333
2 0.656250 0.256250 0.628125 0.258333 0.604688 0.289583 0.600000 0.325000 0.607812 0.341667 0.592187 0.381250 0.617188 0.416667 0.631250 0.379167 0.642188 0.383333 0.653125 0.356250 0.646875 0.331250 0.654687 0.327083 0.653125 0.295833 0.668750 0.297917 0.681250 0.287500 0.673438 0.275000 0.656250 0.275000
4 0.998437 0.804167 0.998437 0.420833 0.625000 0.443750 0.617188 0.558333 0.648438 0.600000
4 0.000000 0.200000 0.000000 0.468750 0.017188 0.414583 0.071875 0.468750 0.140625 0.395833 0.203125 0.362500 0.217188 0.377083 0.262500 0.362500 0.167187 0.295833 0.154688 0.268750 0.129688 0.275000
8 0.000000 0.862500 0.329688 0.575000 0.376563 0.325000 0.420312 0.466667 0.610938 0.552083 0.632812 0.437500 0.998437 0.418750 0.998437 0.000000 0.565625 0.000000 0.615625 0.116667 0.553125 0.077083 0.601562 0.177083 0.481250 0.402083 0.425000 0.289583 0.473438 0.000000 0.000000 0.000000 0.000000 0.197917 0.264062 0.356250 0.014063 0.420833
9 0.565625 0.568750 0.806250 0.727083 0.873437 0.789583 0.885938 0.837500 0.998437 0.927083 0.998437 0.806250 0.721875 0.654167 0.615625 0.552083
9 0.487500 0.497917 0.490625 0.506250 0.507812 0.516667 0.571875 0.537500 0.595313 0.539583 0.548438 0.518750 0.500000 0.508333
9 0.368750 0.462500 0.367188 0.460417 0.354687 0.462500 0.351562 0.458333 0.343750 0.462500 0.342187 0.475000 0.326562 0.485417 0.323437 0.489583 0.323437 0.495833 0.325000 0.497917 0.351562 0.495833 0.353125 0.489583 0.342187 0.481250 0.365625 0.479167 0.368750 0.472917
10 0.387500 0.333333 0.379688 0.327083 0.376563 0.327083 0.368750 0.331250 0.367188 0.337500 0.360938 0.343750 0.354687 0.341667 0.353125 0.347917 0.343750 0.350000 0.350000 0.352083 0.351562 0.356250 0.356250 0.356250 0.360938 0.350000 0.381250 0.352083 0.381250 0.347917 0.382812 0.345833 0.384375 0.347917 0.387500 0.341667
10 0.653125 0.206250 0.648438 0.206250 0.643750 0.220833 0.634375 0.229167 0.632812 0.241667 0.628125 0.245833 0.628125 0.256250 0.654687 0.254167 0.656250 0.252083 0.656250 0.247917 0.648438 0.241667 0.651563 0.233333 0.657813 0.227083 0.651563 0.214583
10 0.564063 0.000000 0.475000 0.000000 0.475000 0.075000 0.457813 0.095833 0.475000 0.104167 0.465625 0.177083 0.484375 0.168750 0.484375 0.195833 0.431250 0.212500 0.426563 0.289583 0.479687 0.400000 0.567187 0.189583 0.600000 0.177083 0.551562 0.077083 0.614062 0.116667 0.562500 0.070833
13 0.423438 0.456250 0.423438 0.466667 0.425000 0.468750 0.428125 0.468750 0.429688 0.470833 0.440625 0.470833 0.445312 0.466667 0.443750 0.464583 0.443750 0.452083 0.442188 0.447917 0.428125 0.447917
13 0.367188 0.452083 0.370312 0.462500 0.368750 0.477083 0.373437 0.481250 0.396875 0.479167 0.403125 0.485417 0.409375 0.481250 0.417187 0.481250 0.418750 0.477083 0.418750 0.452083 0.414062 0.441667 0.409375 0.441667 0.404687 0.433333 0.381250 0.431250