0 0.000000 0.560417 0.000000 0.997917 0.998437 0.997917 0.996875 0.925000 0.710938 0.687500 0.821875 0.622917 0.832812 0.556250 0.729688 0.633333 0.737500 0.556250 0.403125 0.458333
2 0.210938 0.441667 0.214062 0.447917 0.250000 0.450000 0.248438 0.439583 0.253125 0.437500 0.254688 0.450000 0.275000 0.450000 0.278125 0.460417 0.281250 0.447917 0.278125 0.439583 0.265625 0.431250 0.245312 0.431250 0.243750 0.427083 0.217188 0.425000 0.217188 0.431250
2 0.875000 0.195833 0.873437 0.197917 0.873437 0.204167 0.867188 0.210417 0.867188 0.212500 0.878125 0.225000 0.878125 0.231250 0.881250 0.231250 0.889062 0.237500 0.890625 0.235417 0.889062 0.222917 0.890625 0.220833 0.892188 0.202083 0.875000 0.208333 0.873437 0.206250
2 0.828125 0.000000 0.789062 0.000000 0.684375 0.122917 0.609375 0.162500 0.618750 0.245833 0.603125 0.304167 0.635938 0.347917 0.618750 0.402083 0.656250 0.422917 0.657813 0.343750 0.704688 0.256250 0.809375 0.297917 0.820312 0.277083 0.801562 0.243750 0.850000 0.235417 0.850000 0.195833 0.893750 0.139583
4 0.998437 0.291667 0.971875 0.337500 0.967187 0.404167 0.935937 0.481250 0.940625 0.668750 0.998437 0.739583
5 0.906250 0.195833 0.893750 0.200000 0.890625 0.250000 0.892188 0.247917 0.893750 0.250000 0.892188 0.258333 0.893750 0.277083 0.900000 0.260417 0.901563 0.237500 0.904687 0.229167
5 0.910937 0.006250 0.898438 0.010417 0.896875 0.029167 0.898438 0.075000 0.893750 0.152083 0.900000 0.156250 0.907813 0.147917 0.909375 0.122917 0.904687 0.116667 0.904687 0.091667 0.910937 0.066667
7 0.912500 0.143750 0.900000 0.158333 0.892188 0.154167 0.878125 0.164583 0.875000 0.183333 0.876563 0.195833 0.875000 0.206250 0.884375 0.204167 0.910937 0.189583
7 0.906250 0.116667 0.910937 0.120833 0.998437 0.064583 0.998437 0.014583 0.982812 0.022917 0.914062 0.014583 0.910937 0.054167 0.932813 0.060417 0.909375 0.079167
8 0.300000 0.245833 0.362500 0.468750 0.720313 0.541667 0.729688 0.631250 0.832812 0.554167 0.823438 0.622917 0.951562 0.691667 0.998437 0.164583 0.914062 0.147917 0.895312 0.279167 0.870313 0.183333 0.809375 0.300000 0.704688 0.258333 0.654687 0.427083 0.571875 0.050000 0.437500 0.383333 0.362500 0.239583
8 0.000000 0.000000 0.000000 0.502083 0.204687 0.506250 0.201563 0.468750 0.235937 0.464583 0.217188 0.422917 0.282813 0.443750 0.309375 0.333333 0.251563 0.337500 0.264062 0.312500 0.220312 0.293750 0.242188 0.231250 0.328125 0.185417 0.350000 0.095833 0.332813 0.000000 0.285938 0.027083 0.264062 0.000000
9 0.712500 0.664583 0.717187 0.695833 0.776563 0.758333 0.998437 0.925000 0.998437 0.741667 0.929688 0.681250 0.907813 0.622917 0.814063 0.625000
9 0.000000 0.558333 0.187500 0.539583 0.228125 0.527083 0.231250 0.516667 0.217188 0.508333 0.137500 0.514583 0.000000 0.504167
9 0.446875 0.483333 0.465625 0.512500 0.512500 0.529167 0.732812 0.554167 0.681250 0.535417 0.517188 0.516667
9 0.203125 0.468750 0.203125 0.475000 0.217188 0.491667 0.281250 0.491667 0.278125 0.462500 0.273438 0.468750 0.265625 0.462500
10 0.998437 0.066667 0.912500 0.118750 0.909375 0.143750 0.931250 0.154167 0.950000 0.145833 0.967187 0.172917 0.996875 0.164583
10 0.829688 0.000000 0.892188 0.135417 0.898438 0.008333 0.975000 0.020833 0.998437 0.012500 0.998437 0.000000
10 0.232813 0.285417 0.309375 0.331250 0.285938 0.285417 0.342187 0.225000 0.398438 0.300000 0.398438 0.370833 0.437500 0.381250 0.534375 0.052083 0.553125 0.081250 0.573438 0.050000 0.604688 0.168750 0.787500 0.000000 0.334375 0.000000 0.334375 0.172917 0.242188 0.233333
10 0.260937 0.022917 0.268750 0.025000 0.276562 0.016667 0.279687 0.016667 0.281250 0.022917 0.284375 0.025000 0.289062 0.020833 0.290625 0.022917 0.290625 0.018750 0.296875 0.014583 0.296875 0.010417 0.301563 0.006250 0.300000 0.004167 0.303125 0.000000 0.265625 0.000000
13 0.375000 0.441667 0.375000 0.464583 0.395313 0.464583 0.401562 0.458333 0.401562 0.452083 0.396875 0.441667 0.396875 0.437500 0.378125 0.437500
13 0.281250 0.437500 0.284375 0.443750 0.279687 0.462500 0.284375 0.493750 0.307812 0.491667 0.309375 0.487500 0.334375 0.491667 0.337500 0.483333 0.342187 0.487500 0.348438 0.477083 0.353125 0.481250 0.360938 0.477083 0.359375 0.441667 0.353125 0.431250 0.342187 0.431250 0.332813 0.416667 0.298438 0.416667 0.285938 0.437500