0 0.998437 0.672917 0.803125 0.487500 0.829688 0.447917 0.620313 0.354167 0.000000 0.997917 0.998437 0.997917
2 0.000000 0.000000 0.000000 0.089583 0.021875 0.095833 0.025000 0.056250 0.109375 0.110417 0.129688 0.104167 0.140625 0.129167 0.128125 0.154167 0.131250 0.185417 0.159375 0.204167 0.154688 0.122917 0.192188 0.127083 0.200000 0.095833 0.153125 0.000000
3 0.575000 0.358333 0.568750 0.362500 0.545312 0.364583 0.534375 0.372917 0.534375 0.404167 0.539062 0.414583 0.559375 0.408333 0.576562 0.393750
3 0.728125 0.306250 0.725000 0.304167 0.712500 0.306250 0.698438 0.314583 0.696875 0.318750 0.698438 0.320833 0.700000 0.356250 0.707812 0.356250 0.709375 0.350000 0.714063 0.343750 0.712500 0.337500 0.714063 0.322917 0.717187 0.318750 0.721875 0.320833 0.725000 0.314583 0.728125 0.314583
4 0.790625 0.264583 0.781250 0.260417 0.773438 0.275000 0.770312 0.306250 0.732812 0.306250 0.717187 0.320833 0.709375 0.356250 0.745313 0.358333 0.757812 0.366667 0.756250 0.318750 0.764062 0.368750 0.796875 0.372917
4 0.998437 0.052083 0.931250 0.093750 0.812500 0.212500 0.825000 0.233333 0.800000 0.264583 0.807813 0.377083 0.817187 0.362500 0.834375 0.383333 0.998437 0.410417
5 0.771875 0.000000 0.801562 0.381250 0.782813 0.016667
8 0.800000 0.262500 0.823438 0.233333 0.812500 0.210417 0.931250 0.091667 0.996875 0.054167 0.998437 0.000000 0.781250 0.000000
8 0.770312 0.000000 0.618750 0.077083 0.492188 0.000000 0.325000 0.179167 0.237500 0.170833 0.204687 0.093750 0.159375 0.206250 0.129688 0.106250 0.023438 0.058333 0.000000 0.856250 0.356250 0.589583 0.537500 0.366667 0.770312 0.304167
9 0.512500 0.456250 0.453125 0.479167 0.356250 0.591667 0.210938 0.677083 0.000000 0.858333 0.000000 0.954167
9 0.553125 0.425000 0.545312 0.420833 0.537500 0.420833 0.535937 0.427083 0.529687 0.427083 0.528125 0.431250 0.521875 0.431250 0.520312 0.435417 0.515625 0.435417 0.507812 0.443750 0.517188 0.443750 0.523438 0.439583 0.532813 0.437500 0.537500 0.433333 0.543750 0.433333 0.545312 0.429167 0.551562 0.429167
9 0.671875 0.354167 0.720313 0.412500 0.765625 0.404167 0.843750 0.468750 0.806250 0.458333 0.803125 0.485417 0.998437 0.670833 0.998437 0.412500
10 0.617188 0.102083 0.623437 0.110417 0.626563 0.137500 0.617188 0.154167 0.617188 0.168750 0.631250 0.185417 0.629687 0.200000 0.648438 0.202083 0.657813 0.195833 0.662500 0.179167 0.662500 0.152083 0.653125 0.143750 0.660937 0.104167 0.656250 0.097917 0.648438 0.102083 0.639062 0.118750 0.635938 0.093750
10 0.559375 0.000000 0.571875 0.043750 0.610938 0.041667 0.618750 0.075000 0.632812 0.058333 0.645312 0.062500 0.667188 0.037500 0.687500 0.054167 0.701562 0.043750 0.685937 0.022917 0.685937 0.000000
10 0.154688 0.000000 0.198437 0.093750 0.217188 0.093750 0.237500 0.168750 0.275000 0.158333 0.325000 0.177083 0.346875 0.158333 0.381250 0.166667 0.425000 0.116667 0.420312 0.093750 0.465625 0.029167 0.493750 0.027083 0.490625 0.000000
13 0.615625 0.352083 0.610938 0.347917 0.601562 0.345833 0.587500 0.350000 0.582812 0.358333 0.576562 0.358333 0.578125 0.393750 0.589063 0.393750 0.614062 0.385417 0.617188 0.379167 0.615625 0.377083
13 0.623437 0.347917 0.623437 0.362500 0.637500 0.362500 0.639062 0.360417 0.646875 0.360417 0.646875 0.345833 0.643750 0.339583 0.632812 0.339583 0.625000 0.347917