0 0.000000 0.591667 0.000000 0.997917 0.998437 0.997917 0.778125 0.777083 0.785937 0.697917 0.879687 0.637500 0.790625 0.552083 0.454688 0.531250 0.357812 0.460417
2 0.160938 0.279167 0.167187 0.297917 0.167187 0.308333 0.178125 0.327083 0.179688 0.343750 0.201563 0.337500 0.212500 0.341667 0.220312 0.339583 0.217188 0.333333 0.212500 0.337500 0.203125 0.335417 0.184375 0.306250
2 0.812500 0.000000 0.721875 0.000000 0.637500 0.104167 0.582812 0.114583 0.567187 0.279167 0.601562 0.358333 0.581250 0.379167 0.632812 0.412500 0.631250 0.316667 0.681250 0.218750 0.726562 0.262500 0.743750 0.241667 0.765625 0.293750 0.779687 0.262500 0.815625 0.297917 0.887500 0.243750 0.825000 0.210417 0.848437 0.181250 0.757812 0.164583 0.787500 0.122917 0.885938 0.162500
5 0.279687 0.264583 0.251563 0.281250 0.245312 0.295833 0.246875 0.414583 0.246875 0.297917 0.253125 0.285417
8 0.237500 0.237500 0.310937 0.470833 0.790625 0.529167 0.893750 0.656250 0.998437 0.643750 0.973437 0.089583 0.917188 0.183333 0.781250 0.131250 0.889062 0.241667 0.815625 0.300000 0.681250 0.220833 0.632812 0.414583 0.528125 0.006250 0.392188 0.379167
8 0.000000 0.000000 0.000000 0.543750 0.084375 0.527083 0.104688 0.466667 0.204687 0.472917 0.245312 0.414583 0.243750 0.370833 0.220312 0.366667 0.245312 0.333333 0.178125 0.343750 0.153125 0.197917 0.243750 0.135417 0.267188 0.000000
9 0.787500 0.697917 0.768750 0.745833 0.800000 0.808333 0.998437 0.987500 0.998437 0.645833 0.981250 0.622917 0.953125 0.625000 0.915625 0.658333 0.862500 0.643750
9 0.132812 0.541667 0.118750 0.533333 0.081250 0.529167 0.031250 0.545833 0.000000 0.545833 0.000000 0.589583 0.106250 0.564583 0.126562 0.554167
9 0.404687 0.485417 0.420312 0.516667 0.487500 0.535417 0.784375 0.550000 0.801562 0.537500 0.568750 0.531250
9 0.206250 0.472917 0.107813 0.481250 0.106250 0.500000 0.101562 0.497917 0.101562 0.483333 0.092188 0.487500 0.095312 0.508333 0.090625 0.520833 0.117188 0.516667 0.128125 0.508333 0.210938 0.506250
10 0.814063 0.000000 0.895312 0.172917 0.917188 0.181250 0.921875 0.160417 0.965625 0.162500 0.973437 0.147917 0.946875 0.116667 0.929688 0.118750 0.934375 0.085417 0.973437 0.087500 0.981250 0.131250 0.998437 0.114583 0.998437 0.000000
10 0.162500 0.277083 0.245312 0.331250 0.235937 0.237500 0.284375 0.214583 0.350000 0.293750 0.351562 0.366667 0.392188 0.377083 0.490625 0.004167 0.507812 0.039583 0.529687 0.006250 0.567187 0.133333 0.720313 0.000000 0.268750 0.000000 0.245312 0.135417 0.154688 0.197917
13 0.326562 0.450000 0.326562 0.464583 0.328125 0.466667 0.348438 0.466667 0.350000 0.464583 0.354687 0.464583 0.356250 0.460417 0.356250 0.447917 0.353125 0.441667 0.350000 0.439583 0.331250 0.441667
13 0.209375 0.443750 0.212500 0.506250 0.251563 0.495833 0.271875 0.502083 0.276562 0.489583 0.285938 0.493750 0.289062 0.485417 0.303125 0.487500 0.309375 0.481250 0.301563 0.437500 0.281250 0.431250 0.276562 0.416667 0.229687 0.416667 0.221875 0.433333