0 0.998437 0.583333 0.853125 0.295833 0.001563 0.870833 0.000000 0.997917 0.998437 0.997917
2 0.000000 0.389583 0.000000 0.422917 0.004687 0.422917 0.015625 0.435417 0.023438 0.439583 0.025000 0.443750 0.032813 0.443750 0.034375 0.435417 0.029687 0.433333 0.025000 0.418750 0.014063 0.406250 0.012500 0.400000 0.007812 0.400000
2 0.126562 0.000000 0.131250 0.027083 0.162500 0.054167 0.181250 0.029167 0.200000 0.037500 0.217188 0.089583 0.270313 0.075000 0.309375 0.158333 0.317188 0.129167 0.351562 0.158333 0.378125 0.154167 0.392188 0.216667 0.392188 0.162500 0.415625 0.154167 0.351562 0.000000
2 0.095312 0.000000 0.000000 0.000000 0.000000 0.375000 0.032813 0.368750 0.056250 0.325000 0.007812 0.295833 0.029687 0.277083 0.014063 0.166667 0.032813 0.162500 0.046875 0.189583 0.040625 0.143750 0.059375 0.127083 0.060937 0.077083 0.103125 0.054167
3 0.729688 0.312500 0.706250 0.320833 0.685937 0.322917 0.684375 0.327083 0.681250 0.327083 0.679688 0.350000 0.682813 0.352083 0.681250 0.360417 0.685937 0.370833 0.707812 0.364583 0.718750 0.354167 0.731250 0.347917 0.732812 0.341667
4 0.998437 0.137500 0.990625 0.150000 0.990625 0.195833 0.975000 0.231250 0.929688 0.258333 0.876563 0.260417 0.879687 0.310417 0.923438 0.312500 0.926562 0.289583 0.932813 0.318750 0.954688 0.329167 0.957812 0.308333 0.967187 0.333333 0.998437 0.339583
5 0.939063 0.000000 0.950000 0.210417 0.957812 0.170833 0.951562 0.000000
8 0.000000 0.779167 0.515625 0.502083 0.685937 0.320833 0.960938 0.245833 0.998437 0.000000 0.953125 0.000000 0.950000 0.212500 0.937500 0.000000 0.615625 0.000000 0.390625 0.220833 0.096875 0.000000 0.015625 0.166667 0.057813 0.325000 0.000000 0.377083
9 0.701562 0.379167 0.270313 0.660417 0.007812 0.775000 0.000000 0.870833 0.309375 0.683333
9 0.851562 0.306250 0.846875 0.316667 0.856250 0.322917 0.846875 0.339583 0.907813 0.422917 0.934375 0.495833 0.998437 0.581250 0.998437 0.341667
10 0.815625 0.041667 0.793750 0.077083 0.789062 0.095833 0.795312 0.110417 0.801562 0.110417 0.810937 0.122917 0.832812 0.125000 0.840625 0.122917 0.842187 0.114583 0.831250 0.110417 0.829688 0.102083 0.834375 0.093750 0.823438 0.087500 0.820312 0.077083 0.837500 0.054167 0.828125 0.035417
10 0.353125 0.002083 0.412500 0.141667 0.426563 0.131250 0.435937 0.168750 0.470313 0.172917 0.490625 0.168750 0.503125 0.135417 0.537500 0.139583 0.548438 0.108333 0.575000 0.091667 0.579688 0.047917 0.614062 0.000000
13 0.778125 0.304167 0.771875 0.297917 0.759375 0.297917 0.745313 0.302083 0.742188 0.310417 0.731250 0.312500 0.734375 0.347917 0.746875 0.350000 0.748437 0.345833 0.757812 0.345833 0.760938 0.341667 0.768750 0.341667 0.782813 0.335417 0.782813 0.316667
13 0.823438 0.289583 0.821875 0.289583 0.820312 0.285417 0.801562 0.289583 0.800000 0.293750 0.796875 0.295833 0.796875 0.300000 0.795312 0.302083 0.795312 0.312500 0.796875 0.314583 0.810937 0.314583 0.812500 0.310417 0.821875 0.310417 0.825000 0.304167 0.825000 0.293750