0 0.000000 0.527083 0.000000 0.600000 0.171875 0.641667 0.162500 0.752083 0.000000 0.997917 0.998437 0.997917 0.990625 0.900000 0.693750 0.672917 0.790625 0.620833 0.707812 0.620833 0.725000 0.566667 0.437500 0.460417
2 0.867188 0.210417 0.868750 0.243750 0.893750 0.237500 0.907813 0.268750 0.943750 0.260417 0.921875 0.291667 0.932813 0.350000 0.998437 0.339583 0.998437 0.272917 0.968750 0.279167 0.920312 0.181250
2 0.843750 0.016667 0.715625 0.150000 0.639062 0.187500 0.646875 0.270833 0.626563 0.325000 0.657813 0.370833 0.640625 0.422917 0.670312 0.439583 0.678125 0.364583 0.721875 0.287500 0.767188 0.322917 0.803125 0.310417 0.818750 0.266667 0.848437 0.314583 0.837500 0.264583 0.857812 0.129167 0.895312 0.125000
4 0.917188 0.354167 0.901563 0.375000 0.885938 0.689583 0.909375 0.714583 0.998437 0.752083 0.998437 0.341667
5 0.860938 0.270833 0.851562 0.275000 0.851562 0.310417 0.850000 0.312500 0.850000 0.325000 0.851562 0.329167 0.857812 0.329167 0.859375 0.322917
5 0.868750 0.118750 0.862500 0.118750 0.859375 0.129167 0.857812 0.202083 0.854688 0.218750 0.856250 0.237500 0.864062 0.235417 0.865625 0.210417 0.862500 0.197917 0.864062 0.181250 0.868750 0.170833 0.868750 0.145833 0.871875 0.133333
7 0.865625 0.237500 0.860938 0.239583 0.850000 0.237500 0.842187 0.241667 0.840625 0.245833 0.839063 0.277083 0.846875 0.277083 0.848437 0.272917 0.853125 0.272917 0.857812 0.268750 0.860938 0.268750 0.862500 0.250000
7 0.970313 0.112500 0.939063 0.133333 0.873437 0.129167 0.870313 0.154167 0.893750 0.158333 0.867188 0.177083 0.864062 0.206250 0.879687 0.204167 0.940625 0.164583 0.973437 0.168750 0.978125 0.139583 0.968750 0.133333
8 0.342187 0.250000 0.350000 0.414583 0.396875 0.466667 0.720313 0.554167 0.707812 0.618750 0.764062 0.591667 0.884375 0.683333 0.942187 0.260417 0.865625 0.239583 0.857812 0.331250 0.818750 0.268750 0.767188 0.325000 0.721875 0.289583 0.667188 0.441667 0.603125 0.085417 0.467187 0.389583 0.400000 0.247917
8 0.981250 0.000000 0.976562 0.014583 0.985938 0.033333 0.968750 0.068750 0.987500 0.083333 0.984375 0.095833 0.998437 0.122917 0.982812 0.147917 0.992188 0.150000 0.993750 0.172917 0.964063 0.212500 0.939063 0.220833 0.962500 0.266667 0.998437 0.270833 0.998437 0.000000
8 0.000000 0.000000 0.000000 0.485417 0.232813 0.495833 0.289062 0.443750 0.321875 0.456250 0.348438 0.337500 0.267188 0.295833 0.379688 0.204167 0.400000 0.106250 0.381250 0.000000 0.345313 0.072917 0.321875 0.066667 0.326562 0.000000
9 0.695312 0.652083 0.703125 0.683333 0.998437 0.908333 0.998437 0.754167 0.893750 0.706250 0.848437 0.656250 0.840625 0.625000
9 0.165625 0.635417 0.000000 0.602083 0.000000 0.943750 0.096875 0.791667 0.160938 0.752083 0.145313 0.714583
9 0.475000 0.487500 0.492188 0.514583 0.526563 0.529167 0.726562 0.562500 0.534375 0.518750 0.523438 0.504167
9 0.000000 0.487500 0.000000 0.525000 0.246875 0.522917 0.282813 0.510417 0.254688 0.493750
9 0.321875 0.485417 0.321875 0.458333 0.315625 0.458333 0.310937 0.454167 0.306250 0.458333 0.282813 0.456250 0.260937 0.462500 0.262500 0.470833 0.265625 0.472917 0.265625 0.483333
10 0.278125 0.289583 0.348438 0.335417 0.325000 0.289583 0.376563 0.231250 0.467187 0.387500 0.570312 0.083333 0.634375 0.193750 0.842187 0.014583 0.896875 0.125000 0.971875 0.112500 0.975000 0.168750 0.921875 0.181250 0.953125 0.216667 0.993750 0.164583 0.979688 0.000000 0.382812 0.000000 0.381250 0.204167
10 0.376563 0.000000 0.328125 0.000000 0.332813 0.037500 0.326562 0.045833 0.323437 0.066667 0.328125 0.070833 0.335938 0.064583 0.342187 0.070833 0.350000 0.068750 0.360938 0.050000 0.364063 0.039583 0.362500 0.031250
13 0.406250 0.441667 0.406250 0.447917 0.404687 0.450000 0.404687 0.460417 0.406250 0.464583 0.409375 0.464583 0.410938 0.466667 0.423438 0.466667 0.425000 0.464583 0.428125 0.464583 0.428125 0.445833 0.426563 0.441667
13 0.325000 0.435417 0.323437 0.485417 0.326562 0.487500 0.346875 0.483333 0.371875 0.487500 0.382812 0.477083 0.395313 0.477083 0.393750 0.441667 0.387500 0.431250 0.378125 0.431250 0.373437 0.420833 0.337500 0.416667 0.329688 0.433333