0 0.998437 0.577083 0.871875 0.293750 0.000000 0.858333 0.000000 0.997917 0.998437 0.997917
2 0.148438 0.000000 0.154688 0.037500 0.182812 0.058333 0.220312 0.043750 0.239063 0.095833 0.265625 0.075000 0.293750 0.083333 0.325000 0.156250 0.331250 0.131250 0.390625 0.154167 0.404687 0.216667 0.403125 0.154167 0.423438 0.158333 0.365625 0.000000
2 0.121875 0.000000 0.000000 0.000000 0.001563 0.439583 0.017188 0.408333 0.064062 0.431250 0.032813 0.375000 0.064062 0.362500 0.079687 0.322917 0.054688 0.304167 0.065625 0.270833 0.040625 0.202083 0.051562 0.164583 0.078125 0.191667 0.070312 0.145833 0.087500 0.131250 0.090625 0.083333 0.128125 0.058333
3 0.748437 0.306250 0.693750 0.320833 0.690625 0.347917 0.693750 0.350000 0.695312 0.366667 0.723437 0.360417 0.726562 0.354167 0.743750 0.345833
4 0.998437 0.200000 0.956250 0.247917 0.901563 0.254167 0.892188 0.283333 0.898438 0.304167 0.937500 0.312500 0.967187 0.331250 0.981250 0.329167 0.982812 0.314583 0.984375 0.331250 0.998437 0.335417
5 0.953125 0.000000 0.962500 0.195833 0.970313 0.175000 0.967187 0.029167 0.962500 0.000000
8 0.000000 0.768750 0.381250 0.589583 0.701562 0.314583 0.903125 0.308333 0.998437 0.197917 0.998437 0.000000 0.962500 0.197917 0.951562 0.000000 0.621875 0.000000 0.404687 0.218750 0.123438 0.000000 0.042188 0.202083 0.065625 0.431250 0.000000 0.439583
9 0.712500 0.377083 0.290625 0.645833 0.000000 0.770833 0.000000 0.856250 0.320312 0.672917
9 0.862500 0.304167 0.870313 0.320833 0.860938 0.337500 0.893750 0.379167 0.943750 0.493750 0.998437 0.575000 0.998437 0.337500
10 0.839063 0.027083 0.828125 0.035417 0.818750 0.058333 0.807813 0.070833 0.804688 0.091667 0.807813 0.100000 0.825000 0.114583 0.856250 0.116667 0.856250 0.106250 0.842187 0.102083 0.848437 0.087500 0.832812 0.079167 0.834375 0.070833 0.850000 0.052083
10 0.367188 0.006250 0.425000 0.141667 0.442188 0.133333 0.448437 0.168750 0.506250 0.164583 0.514062 0.133333 0.548438 0.135417 0.559375 0.104167 0.582812 0.091667 0.592187 0.041667 0.620313 0.000000
13 0.787500 0.293750 0.773438 0.291667 0.771875 0.295833 0.757812 0.297917 0.756250 0.304167 0.750000 0.306250 0.746875 0.343750 0.748437 0.341667 0.750000 0.345833 0.757812 0.345833 0.760938 0.341667 0.790625 0.335417 0.792188 0.331250 0.795312 0.331250 0.795312 0.310417 0.787500 0.297917
13 0.839063 0.285417 0.832812 0.279167 0.829688 0.281250 0.818750 0.281250 0.818750 0.283333 0.810937 0.291667 0.807813 0.304167 0.807813 0.310417 0.812500 0.308333 0.831250 0.308333 0.832812 0.304167 0.837500 0.304167 0.837500 0.302083 0.840625 0.300000