0 0.998437 0.341667 0.226562 0.643750 0.029687 0.654167 0.053125 0.545833 0.006250 0.556250 0.000000 0.997917 0.998437 0.997917
2 0.264062 0.050000 0.289062 0.277083 0.335938 0.281250 0.335938 0.350000 0.390625 0.385417 0.376563 0.243750 0.432812 0.089583 0.448437 0.131250 0.515625 0.131250 0.550000 0.179167 0.598437 0.181250 0.603125 0.220833 0.642188 0.160417 0.578125 0.000000 0.295312 0.006250
3 0.998437 0.281250 0.929688 0.295833 0.925000 0.320833 0.928125 0.347917 0.959375 0.345833 0.996875 0.331250
8 0.000000 0.520833 0.139063 0.616667 0.923438 0.358333 0.998437 0.279167 0.998437 0.000000 0.823438 0.000000 0.606250 0.222917 0.432812 0.091667 0.398438 0.387500 0.284375 0.268750 0.267188 0.000000 0.060937 0.000000 0.068750 0.087500 0.000000 0.039583 0.050000 0.158333 0.000000 0.133333
9 0.946875 0.360417 0.354687 0.577083 0.095312 0.620833 0.054688 0.550000 0.023438 0.643750 0.123438 0.660417 0.501563 0.568750
10 0.000000 0.364583 0.000000 0.412500 0.004687 0.414583 0.014063 0.427083 0.021875 0.412500 0.020313 0.408333 0.028125 0.393750 0.028125 0.385417 0.023438 0.379167 0.018750 0.379167 0.017188 0.375000 0.004687 0.372917
10 0.000000 0.289583 0.000000 0.339583 0.001563 0.337500 0.003125 0.339583 0.023438 0.339583 0.014063 0.331250 0.015625 0.318750 0.009375 0.306250 0.009375 0.300000 0.006250 0.297917 0.004687 0.291667
10 0.000000 0.062500 0.000000 0.131250 0.012500 0.135417 0.015625 0.152083 0.026562 0.166667 0.046875 0.166667 0.046875 0.147917 0.035937 0.118750 0.020313 0.102083 0.015625 0.077083
10 0.579688 0.000000 0.645312 0.168750 0.717187 0.162500 0.718750 0.112500 0.764062 0.106250 0.778125 0.060417 0.804688 0.047917 0.825000 0.004167
10 0.262500 0.022917 0.264062 0.029167 0.270313 0.029167 0.270313 0.018750 0.275000 0.016667 0.278125 0.022917 0.284375 0.006250 0.360938 0.012500 0.368750 0.000000 0.268750 0.000000
10 0.000000 0.000000 0.000000 0.037500 0.012500 0.045833 0.025000 0.068750 0.029687 0.068750 0.032813 0.054167 0.040625 0.050000 0.054688 0.079167 0.068750 0.085417 0.068750 0.056250 0.051562 0.025000 0.059375 0.000000
13 0.000000 0.522917 0.000000 0.558333 0.028125 0.545833 0.028125 0.537500 0.025000 0.535417 0.025000 0.531250 0.007812 0.522917 0.003125 0.522917 0.001563 0.520833