0 0.000000 0.868750 0.000000 0.997917 0.931250 0.997917 0.470313 0.500000 0.260937 0.593750 0.248438 0.658333
1 0.000000 0.866667 0.054688 0.843750 0.114062 0.787500 0.140625 0.729167 0.248438 0.656250 0.259375 0.597917 0.000000 0.577083
1 0.378125 0.520833 0.359375 0.514583 0.309375 0.527083 0.248438 0.516667 0.254688 0.564583 0.278125 0.570833 0.279687 0.581250 0.359375 0.537500
3 0.248438 0.514583 0.287500 0.522917 0.346875 0.518750 0.360938 0.512500 0.371875 0.479167 0.368750 0.470833 0.379688 0.464583 0.323437 0.441667 0.253125 0.427083 0.253125 0.456250 0.245312 0.466667
4 0.998437 0.852083 0.998437 0.566667 0.953125 0.566667 0.923438 0.493750 0.900000 0.495833 0.918750 0.470833 0.968750 0.487500 0.989062 0.456250 0.570312 0.497917 0.578125 0.581250 0.879687 0.747917
7 0.120313 0.420833 0.120313 0.456250 0.121875 0.456250 0.123438 0.460417 0.132812 0.460417 0.134375 0.456250 0.134375 0.439583 0.137500 0.437500 0.137500 0.427083 0.134375 0.425000 0.128125 0.425000 0.126562 0.420833
8 0.000000 0.000000 0.003125 0.543750 0.248438 0.547917 0.264062 0.425000 0.557813 0.562500 0.589063 0.477083 0.981250 0.450000 0.901563 0.495833 0.998437 0.564583 0.998437 0.000000 0.631250 0.000000 0.656250 0.195833 0.479687 0.343750 0.442188 0.002083
9 0.539062 0.581250 0.820312 0.902083 0.932813 0.997917 0.998437 0.997917 0.996875 0.852083 0.848437 0.731250 0.731250 0.689583 0.560937 0.566667
9 0.000000 0.543750 0.000000 0.575000 0.087500 0.589583 0.242188 0.602083 0.279687 0.579167 0.254688 0.566667 0.251563 0.545833 0.146875 0.558333
10 0.440625 0.000000 0.440625 0.058333 0.487500 0.108333 0.484375 0.231250 0.467187 0.243750 0.476562 0.341667 0.514062 0.308333 0.523438 0.241667 0.525000 0.287500 0.600000 0.185417 0.617188 0.229167 0.654687 0.195833 0.654687 0.143750 0.629687 0.129167 0.639062 0.066667 0.625000 0.058333 0.642188 0.020833 0.629687 0.000000
13 0.362500 0.512500 0.368750 0.518750 0.400000 0.518750 0.417187 0.525000 0.425000 0.495833 0.429688 0.502083 0.451562 0.506250 0.450000 0.479167 0.429688 0.479167 0.426563 0.489583 0.415625 0.466667 0.387500 0.458333 0.370312 0.470833 0.373437 0.479167 0.367188 0.487500