0 0.000000 0.764583 0.000000 0.997917 0.940625 0.997917 0.473438 0.500000 0.276562 0.583333 0.134375 0.768750
1 0.000000 0.762500 0.037500 0.760417 0.084375 0.783333 0.134375 0.766667 0.246875 0.656250 0.279687 0.593750 0.000000 0.564583
1 0.382812 0.520833 0.367188 0.520833 0.360938 0.512500 0.325000 0.525000 0.256250 0.516667 0.256250 0.527083 0.265625 0.545833 0.265625 0.558333 0.287500 0.570833 0.282813 0.579167
3 0.260937 0.435417 0.260937 0.454167 0.253125 0.475000 0.253125 0.512500 0.292187 0.522917 0.325000 0.522917 0.359375 0.508333 0.364063 0.458333 0.265625 0.431250
4 0.557813 0.502083 0.553125 0.560417 0.795312 0.691667 0.998437 0.862500 0.996875 0.493750 0.931250 0.489583 0.884375 0.541667 0.826562 0.531250 0.801562 0.458333 0.584375 0.475000
8 0.000000 0.000000 0.000000 0.545833 0.248438 0.547917 0.265625 0.429167 0.542188 0.558333 0.584375 0.472917 0.998437 0.495833 0.998437 0.000000 0.531250 0.000000 0.615625 0.050000 0.635938 0.210417 0.473438 0.347917 0.431250 0.002083
9 0.523438 0.581250 0.939063 0.995833 0.998437 0.997917 0.989062 0.854167 0.820312 0.737500 0.795312 0.693750 0.689063 0.656250 0.551562 0.560417
9 0.000000 0.547917 0.000000 0.562500 0.256250 0.591667 0.285938 0.575000 0.264062 0.558333 0.262500 0.541667 0.118750 0.560417 0.037500 0.541667
10 0.651563 0.000000 0.651563 0.010417 0.654687 0.016667 0.657813 0.014583 0.664062 0.022917 0.664062 0.027083 0.670312 0.027083 0.671875 0.022917 0.676562 0.022917 0.678125 0.027083 0.685937 0.025000 0.690625 0.029167 0.692187 0.027083 0.693750 0.033333 0.700000 0.033333 0.700000 0.020833 0.693750 0.014583 0.695312 0.010417 0.687500 0.000000
10 0.568750 0.010417 0.429688 0.000000 0.428125 0.054167 0.479687 0.118750 0.478125 0.235417 0.460938 0.250000 0.473438 0.345833 0.504687 0.318750 0.515625 0.247917 0.521875 0.287500 0.590625 0.193750 0.606250 0.233333 0.634375 0.210417 0.596875 0.104167 0.618750 0.062500 0.606250 0.037500 0.568750 0.060417
13 0.365625 0.460417 0.359375 0.510417 0.367188 0.518750 0.396875 0.518750 0.412500 0.525000 0.418750 0.516667 0.421875 0.491667 0.428125 0.502083 0.446875 0.506250 0.445312 0.479167 0.429688 0.479167 0.423438 0.489583 0.410938 0.466667 0.387500 0.458333 0.379688 0.464583