0 0.000000 0.837500 0.000000 0.997917 0.904687 0.997917 0.584375 0.637500 0.610938 0.583333 0.487500 0.502083 0.365625 0.520833 0.039062 0.720833
1 0.146875 0.677083 0.087500 0.664583 0.000000 0.666667 0.000000 0.835417 0.037500 0.768750 0.032813 0.739583 0.039062 0.718750 0.098437 0.700000 0.115625 0.704167
1 0.206250 0.514583 0.209375 0.545833 0.218750 0.562500 0.214062 0.589583 0.245312 0.610417 0.290625 0.570833 0.365625 0.535417 0.364063 0.522917 0.309375 0.535417
2 0.876563 0.391667 0.857812 0.383333 0.845313 0.387500 0.840625 0.393750 0.842187 0.408333 0.823438 0.427083 0.818750 0.447917 0.807813 0.458333 0.804688 0.477083 0.856250 0.477083 0.879687 0.460417 0.882812 0.443750 0.878125 0.433333 0.887500 0.414583
3 0.217188 0.404167 0.207813 0.510417 0.309375 0.533333 0.373437 0.518750 0.384375 0.477083 0.378125 0.452083 0.282813 0.416667
4 0.998437 0.870833 0.998437 0.464583 0.957812 0.489583 0.625000 0.489583 0.612500 0.595833 0.800000 0.735417 0.937500 0.804167
8 0.000000 0.000000 0.000000 0.581250 0.207813 0.560417 0.217188 0.402083 0.514062 0.477083 0.600000 0.581250 0.626563 0.485417 0.801562 0.481250 0.851562 0.381250 0.867188 0.477083 0.998437 0.462500 0.998437 0.000000 0.798438 0.000000 0.814063 0.075000 0.673438 0.243750 0.643750 0.164583 0.500000 0.347917 0.514062 0.077083 0.459375 0.000000
9 0.581250 0.620833 0.901563 0.993750 0.998437 0.997917 0.998437 0.872917 0.965625 0.831250 0.610938 0.595833
9 0.243750 0.608333 0.212500 0.589583 0.214062 0.552083 0.185938 0.570833 0.000000 0.583333 0.000000 0.664583 0.156250 0.668750
9 0.507812 0.518750 0.506250 0.525000 0.503125 0.527083 0.506250 0.529167 0.507812 0.537500 0.510938 0.539583 0.512500 0.543750 0.517188 0.545833 0.520312 0.550000 0.523438 0.550000 0.525000 0.554167 0.528125 0.554167 0.529687 0.558333 0.535937 0.558333 0.534375 0.552083 0.531250 0.552083 0.525000 0.541667 0.521875 0.541667 0.518750 0.537500 0.515625 0.522917 0.512500 0.518750
10 0.498437 0.345833 0.539062 0.304167 0.553125 0.225000 0.553125 0.279167 0.643750 0.162500 0.673438 0.241667 0.754687 0.075000 0.779687 0.108333 0.789062 0.070833 0.812500 0.075000 0.796875 0.000000 0.460938 0.000000 0.515625 0.077083
13 0.375000 0.518750 0.434375 0.531250 0.437500 0.508333 0.443750 0.497917 0.451562 0.506250 0.467187 0.508333 0.470313 0.487500 0.464062 0.479167 0.443750 0.483333 0.435937 0.477083 0.434375 0.466667 0.417187 0.458333 0.384375 0.456250 0.385937 0.477083