0 0.000000 0.747917 0.000000 0.997917 0.998437 0.997917 0.996875 0.947917 0.765625 0.739583 0.656250 0.716667 0.468750 0.497917 0.203125 0.581250 0.185938 0.639583
1 0.765625 0.747917 0.782813 0.758333 0.770312 0.758333 0.770312 0.775000 0.789062 0.797917 0.867188 0.845833 0.879687 0.839583 0.906250 0.885417 0.998437 0.950000 0.992188 0.902083 0.848437 0.791667
1 0.128125 0.579167 0.132812 0.600000 0.175000 0.610417 0.184375 0.606250 0.203125 0.579167 0.278125 0.572917 0.132812 0.570833
1 0.371875 0.520833 0.360938 0.520833 0.353125 0.514583 0.318750 0.529167 0.282813 0.525000 0.282813 0.531250 0.295312 0.550000 0.314063 0.558333 0.351562 0.537500
3 0.281250 0.522917 0.318750 0.527083 0.353125 0.512500 0.357812 0.477083 0.367188 0.470833 0.334375 0.466667 0.317188 0.458333 0.282813 0.456250
4 0.992188 0.797917 0.998437 0.370833 0.871875 0.400000 0.915625 0.429167 0.879687 0.468750 0.860938 0.618750 0.781250 0.452083 0.798438 0.410417 0.684375 0.437500 0.721875 0.452083 0.557813 0.460417 0.520312 0.491667 0.520312 0.537500
5 0.998437 0.627083 0.995313 0.781250 0.992188 0.783333 0.995313 0.814583 0.998437 0.814583
8 0.000000 0.000000 0.000000 0.647917 0.285938 0.539583 0.282813 0.454167 0.434375 0.425000 0.517188 0.535417 0.796875 0.408333 0.860938 0.616667 0.870313 0.400000 0.998437 0.368750 0.998437 0.000000 0.603125 0.010417 0.576562 0.143750 0.471875 0.104167 0.537500 0.237500 0.457813 0.352083 0.390625 0.031250
9 0.187500 0.627083 0.171875 0.612500 0.131250 0.602083 0.087500 0.633333 0.000000 0.650000 0.000000 0.745833 0.165625 0.652083
9 0.310937 0.558333 0.282813 0.541667 0.257812 0.550000 0.162500 0.554167 0.135937 0.562500 0.135937 0.568750 0.296875 0.570833
9 0.493750 0.552083 0.656250 0.714583 0.784375 0.747917 0.998437 0.906250 0.982812 0.783333 0.850000 0.737500 0.543750 0.545833
10 0.453125 0.350000 0.484375 0.260417 0.490625 0.293750 0.535937 0.237500 0.535937 0.147917 0.503125 0.166667 0.470313 0.104167 0.551562 0.081250 0.573438 0.143750 0.573438 0.089583 0.606250 0.104167 0.601562 0.010417 0.629687 0.054167 0.653125 0.000000 0.350000 0.000000 0.348438 0.027083 0.392188 0.031250 0.406250 0.114583 0.448437 0.150000 0.435937 0.327083
10 0.289062 0.000000 0.290625 0.008333 0.293750 0.014583 0.293750 0.018750 0.296875 0.020833 0.303125 0.020833 0.306250 0.022917 0.306250 0.020833 0.309375 0.018750 0.309375 0.014583 0.312500 0.012500 0.314063 0.008333 0.314063 0.000000
10 0.140625 0.054167 0.148438 0.066667 0.168750 0.070833 0.178125 0.037500 0.193750 0.039583 0.189062 0.014583 0.193750 0.006250 0.246875 0.016667 0.275000 0.000000 0.151562 0.000000 0.151562 0.010417 0.140625 0.018750 0.146875 0.035417 0.146875 0.050000
13 0.354687 0.514583 0.360938 0.518750 0.401562 0.520833 0.406250 0.497917 0.432812 0.502083 0.434375 0.489583 0.431250 0.479167 0.414062 0.479167 0.409375 0.485417 0.396875 0.468750 0.373437 0.466667 0.365625 0.477083 0.359375 0.477083