0 0.000000 0.893750 0.000000 0.997917 0.914062 0.997917 0.478125 0.502083 0.265625 0.593750 0.237500 0.675000
1 0.000000 0.891667 0.104688 0.772917 0.167187 0.741667 0.237500 0.672917 0.264062 0.593750 0.221875 0.614583 0.000000 0.583333
1 0.240625 0.535417 0.248438 0.550000 0.248438 0.568750 0.270313 0.575000 0.275000 0.587500 0.387500 0.520833 0.360938 0.514583 0.304688 0.527083 0.240625 0.514583
3 0.245312 0.427083 0.245312 0.450000 0.237500 0.466667 0.242188 0.514583 0.325000 0.525000 0.362500 0.512500 0.367188 0.456250 0.293750 0.431250
4 0.578125 0.500000 0.571875 0.572917 0.998437 0.850000 0.998437 0.535417 0.945312 0.597917 0.926562 0.585417 0.948438 0.539583 0.907813 0.462500 0.768750 0.456250
5 0.085938 0.487500 0.084375 0.487500 0.081250 0.497917 0.081250 0.508333 0.078125 0.510417 0.078125 0.543750 0.076563 0.545833 0.076563 0.552083 0.082812 0.552083 0.084375 0.550000 0.084375 0.533333 0.089063 0.512500 0.089063 0.491667
7 0.096875 0.412500 0.096875 0.420833 0.093750 0.422917 0.093750 0.458333 0.095312 0.460417 0.117188 0.460417 0.118750 0.431250 0.120313 0.429167 0.118750 0.416667
8 0.000000 0.000000 0.000000 0.552083 0.084375 0.485417 0.084375 0.552083 0.240625 0.547917 0.250000 0.420833 0.564063 0.568750 0.601562 0.477083 0.910937 0.462500 0.932813 0.593750 0.998437 0.533333 0.998437 0.000000 0.660937 0.000000 0.670312 0.183333 0.481250 0.345833 0.445312 0.000000
9 0.540625 0.593750 0.898438 0.985417 0.998437 0.997917 0.998437 0.852083 0.962500 0.812500 0.773438 0.722917 0.568750 0.570833
9 0.273438 0.585417 0.248438 0.570833 0.243750 0.545833 0.182812 0.558333 0.114062 0.547917 0.000000 0.554167 0.003125 0.585417 0.228125 0.612500
10 0.435937 0.022917 0.492188 0.110417 0.490625 0.225000 0.470313 0.241667 0.481250 0.343750 0.517188 0.308333 0.528125 0.237500 0.532813 0.283333 0.609375 0.179167 0.623437 0.237500 0.678125 0.162500 0.675000 0.118750 0.645312 0.106250 0.659375 0.000000 0.446875 0.000000
13 0.364063 0.512500 0.368750 0.518750 0.395313 0.518750 0.418750 0.527083 0.428125 0.497917 0.453125 0.506250 0.454688 0.485417 0.451562 0.479167 0.432812 0.479167 0.428125 0.485417 0.418750 0.466667 0.393750 0.458333 0.381250 0.464583 0.370312 0.458333