0 0.000000 0.845833 0.000000 0.997917 0.998437 0.997917 0.942187 0.852083 0.510938 0.479167 0.300000 0.560417 0.329688 0.579167
1 0.651563 0.597917 0.657813 0.604167 0.656250 0.608333 0.656250 0.620833 0.664062 0.622917 0.665625 0.627083 0.667188 0.622917 0.676562 0.616667 0.681250 0.620833 0.685937 0.620833 0.684375 0.614583 0.679688 0.614583 0.667188 0.600000 0.654687 0.597917 0.653125 0.595833
1 0.415625 0.518750 0.367188 0.520833 0.367188 0.529167 0.371875 0.529167 0.373437 0.533333 0.381250 0.533333 0.389062 0.539583 0.396875 0.533333 0.398438 0.529167 0.403125 0.529167
2 0.998437 0.143750 0.976562 0.139583 0.971875 0.147917 0.976562 0.162500 0.992188 0.177083 0.981250 0.197917 0.973437 0.200000 0.959375 0.187500 0.939063 0.191667 0.937500 0.204167 0.956250 0.247917 0.950000 0.277083 0.998437 0.256250
3 0.364063 0.470833 0.364063 0.518750 0.395313 0.518750 0.398438 0.512500 0.410938 0.506250 0.410938 0.466667 0.367188 0.466667
3 0.587500 0.441667 0.557813 0.441667 0.546875 0.468750 0.546875 0.502083 0.556250 0.506250 0.560937 0.500000 0.568750 0.481250 0.570312 0.456250 0.581250 0.450000 0.592187 0.458333 0.593750 0.452083
4 0.714063 0.381250 0.695312 0.387500 0.687500 0.404167 0.676562 0.395833 0.634375 0.406250 0.629687 0.443750 0.570312 0.458333 0.568750 0.487500 0.557813 0.506250 0.715625 0.568750
4 0.998437 0.258333 0.742188 0.362500 0.729688 0.575000 0.998437 0.691667
5 0.709375 0.000000 0.721875 0.585417 0.720313 0.010417
8 0.998437 0.000000 0.720313 0.000000 0.726562 0.443750 0.742188 0.360417 0.948438 0.277083 0.937500 0.191667 0.989062 0.185417 0.970313 0.147917 0.998437 0.141667
8 0.000000 0.770833 0.365625 0.533333 0.367188 0.464583 0.545312 0.502083 0.715625 0.383333 0.707812 0.000000 0.601562 0.000000 0.589063 0.181250 0.484375 0.181250 0.539062 0.233333 0.498437 0.341667 0.418750 0.087500 0.357812 0.056250 0.240625 0.168750 0.135937 0.083333 0.101562 0.237500 0.000000 0.000000
9 0.328125 0.579167 0.296875 0.568750 0.193750 0.612500 0.137500 0.679167 0.001563 0.770833 0.000000 0.843750
9 0.387500 0.539583 0.367188 0.531250 0.365625 0.535417 0.359375 0.539583 0.346875 0.539583 0.326562 0.552083 0.350000 0.547917 0.378125 0.547917 0.379688 0.543750 0.384375 0.543750
9 0.507812 0.491667 0.604688 0.591667 0.684375 0.612500 0.667188 0.627083 0.942187 0.850000 0.998437 0.927083 0.996875 0.691667
10 0.012500 0.025000 0.051562 0.045833 0.031250 0.093750 0.101562 0.235417 0.096875 0.127083 0.135937 0.081250 0.242188 0.166667 0.262500 0.106250 0.378125 0.058333 0.475000 0.166667 0.492188 0.339583 0.537500 0.233333 0.482812 0.181250 0.587500 0.181250 0.570312 0.112500 0.603125 0.122917 0.600000 0.000000
13 0.414062 0.468750 0.414062 0.506250 0.417187 0.508333 0.454688 0.506250 0.454688 0.489583 0.457813 0.483333 0.460938 0.487500 0.481250 0.487500 0.479687 0.466667 0.462500 0.468750 0.457813 0.477083 0.446875 0.462500 0.429688 0.462500 0.423438 0.468750