0 0.000000 0.616667 0.000000 0.997917 0.998437 0.997917 0.998437 0.758333 0.650000 0.662500 0.437500 0.477083 0.343750 0.485417 0.287500 0.604167 0.085938 0.564583
2 0.854688 0.000000 0.807813 0.106250 0.810937 0.120833 0.848437 0.054167 0.854688 0.118750 0.881250 0.162500 0.878125 0.183333 0.937500 0.206250 0.998437 0.200000 0.998437 0.000000
3 0.178125 0.410417 0.000000 0.364583 0.000000 0.614583 0.089063 0.562500 0.101562 0.479167 0.145313 0.450000 0.143750 0.429167 0.162500 0.429167
4 0.445312 0.462500 0.443750 0.468750 0.443750 0.483333 0.445312 0.487500 0.450000 0.487500 0.451562 0.491667 0.459375 0.491667 0.460938 0.495833 0.473438 0.502083 0.475000 0.493750 0.473438 0.491667 0.473438 0.468750 0.471875 0.464583 0.467187 0.460417 0.464062 0.462500
5 0.517188 0.000000 0.510938 0.000000 0.510938 0.075000 0.512500 0.079167 0.514062 0.079167 0.514062 0.054167 0.517188 0.052083
8 0.437500 0.162500 0.443750 0.466667 0.773438 0.700000 0.998437 0.756250 0.996875 0.200000 0.878125 0.185417 0.848437 0.056250 0.810937 0.122917 0.801562 0.000000 0.643750 0.010417 0.656250 0.081250 0.581250 0.000000
8 0.000000 0.000000 0.000000 0.362500 0.293750 0.406250 0.323437 0.487500 0.362500 0.450000 0.439063 0.475000 0.418750 0.354167 0.446875 0.354167 0.348438 0.235417 0.381250 0.245833 0.421875 0.175000 0.426563 0.077083 0.395313 0.047917 0.434375 0.035417 0.421875 0.000000
9 0.442188 0.504167 0.581250 0.622917 0.770312 0.697917 0.704688 0.635417 0.503125 0.537500 0.476562 0.504167
9 0.323437 0.510417 0.329688 0.510417 0.334375 0.506250 0.339062 0.506250 0.340625 0.502083 0.345313 0.502083 0.350000 0.495833 0.348438 0.489583 0.343750 0.489583 0.342187 0.487500 0.329688 0.487500 0.328125 0.489583 0.323437 0.489583
10 0.798438 0.058333 0.814063 0.058333 0.821875 0.047917 0.829688 0.045833 0.853125 0.000000 0.803125 0.000000 0.810937 0.010417 0.810937 0.018750 0.807813 0.020833 0.807813 0.033333 0.804688 0.035417
10 0.603125 0.000000 0.604688 0.022917 0.612500 0.018750 0.621875 0.029167 0.620313 0.062500 0.656250 0.079167 0.651563 0.068750 0.654687 0.054167 0.642188 0.037500 0.639062 0.012500 0.646875 0.008333 0.654687 0.022917 0.670312 0.025000 0.660937 0.000000
10 0.579688 0.000000 0.518750 0.000000 0.515625 0.079167 0.523438 0.091667 0.528125 0.089583 0.529687 0.072917 0.537500 0.064583 0.543750 0.045833 0.543750 0.031250
10 0.509375 0.000000 0.421875 0.002083 0.435937 0.035417 0.396875 0.047917 0.428125 0.077083 0.412500 0.202083 0.384375 0.202083 0.381250 0.247917 0.350000 0.220833 0.357812 0.266667 0.404687 0.266667 0.448437 0.354167 0.421875 0.343750 0.435937 0.410417 0.462500 0.393750 0.418750 0.227083 0.435937 0.162500 0.504687 0.089583
13 0.362500 0.452083 0.357812 0.460417 0.359375 0.464583 0.356250 0.470833 0.356250 0.483333 0.357812 0.485417 0.373437 0.483333 0.379688 0.487500 0.387500 0.487500 0.387500 0.458333 0.384375 0.452083
13 0.318750 0.454167 0.293750 0.408333 0.198437 0.397917 0.162500 0.431250 0.143750 0.431250 0.145313 0.452083 0.103125 0.479167 0.090625 0.529167 0.093750 0.579167 0.112500 0.593750 0.268750 0.589583 0.287500 0.602083 0.298438 0.562500 0.318750 0.556250