0 0.000000 0.650000 0.000000 0.997917 0.998437 0.997917 0.996875 0.754167 0.864062 0.666667 0.589063 0.602083 0.451562 0.475000 0.360938 0.487500 0.326562 0.585417 0.173437 0.560417
1 0.998437 0.756250 0.998437 0.641667 0.921875 0.654167 0.885938 0.670833 0.865625 0.666667 0.873437 0.683333
2 0.829688 0.000000 0.773438 0.129167 0.776563 0.220833 0.831250 0.245833 0.928125 0.239583 0.909375 0.266667 0.946875 0.277083 0.953125 0.325000 0.985938 0.366667 0.960938 0.406250 0.920312 0.410417 0.998437 0.414583 0.998437 0.000000
3 0.923438 0.410417 0.912500 0.427083 0.907813 0.637500 0.917188 0.654167 0.998437 0.639583 0.998437 0.416667
3 0.000000 0.647917 0.175000 0.558333 0.178125 0.495833 0.231250 0.429167 0.000000 0.379167
5 0.512500 0.000000 0.510938 0.102083 0.515625 0.102083 0.517188 0.000000
8 0.585938 0.000000 0.443750 0.187500 0.456250 0.477083 0.740625 0.641667 0.910937 0.660417 0.910937 0.427083 0.984375 0.366667 0.907813 0.266667 0.934375 0.250000 0.775000 0.220833 0.778125 0.000000 0.639062 0.000000 0.639062 0.104167
8 0.000000 0.000000 0.000000 0.377083 0.323437 0.418750 0.353125 0.487500 0.381250 0.450000 0.451562 0.472917 0.439063 0.304167 0.398438 0.262500 0.432812 0.202083 0.435937 0.114583 0.404687 0.087500 0.442188 0.072917 0.420312 0.000000
9 0.456250 0.497917 0.515625 0.558333 0.589063 0.600000 0.739062 0.641667 0.673438 0.597917 0.510938 0.529167 0.471875 0.489583
10 0.828125 0.000000 0.779687 0.000000 0.773438 0.027083 0.781250 0.031250 0.782813 0.043750 0.771875 0.070833 0.771875 0.079167 0.778125 0.079167 0.787500 0.068750 0.796875 0.068750
10 0.603125 0.000000 0.601562 0.037500 0.607812 0.029167 0.620313 0.035417 0.620313 0.068750 0.628125 0.095833 0.639062 0.102083 0.639062 0.075000 0.631250 0.070833 0.626563 0.035417 0.631250 0.033333 0.646875 0.047917 0.643750 0.016667 0.637500 0.000000
10 0.584375 0.000000 0.518750 0.000000 0.517188 0.100000 0.520312 0.106250 0.526563 0.100000 0.548438 0.035417 0.575000 0.016667
10 0.510938 0.000000 0.421875 0.000000 0.443750 0.072917 0.406250 0.083333 0.437500 0.114583 0.425000 0.225000 0.398438 0.229167 0.400000 0.262500 0.440625 0.304167 0.432812 0.356250 0.448437 0.408333 0.451562 0.391667 0.473438 0.397917 0.429688 0.245833 0.442188 0.187500 0.509375 0.102083
13 0.381250 0.452083 0.375000 0.462500 0.373437 0.483333 0.381250 0.487500 0.384375 0.483333 0.395313 0.483333 0.396875 0.487500 0.403125 0.487500 0.403125 0.460417 0.400000 0.452083
13 0.179688 0.495833 0.176563 0.560417 0.187500 0.579167 0.314063 0.570833 0.326562 0.583333 0.334375 0.579167 0.334375 0.554167 0.348438 0.547917 0.350000 0.460417 0.323437 0.420833 0.250000 0.414583 0.223438 0.445833 0.207813 0.445833 0.203125 0.456250 0.210938 0.464583