0 0.000000 0.583333 0.000000 0.997917 0.998437 0.997917 0.998437 0.831250 0.675000 0.708333 0.437500 0.479167 0.343750 0.483333 0.262500 0.622917
2 0.967187 0.000000 0.971875 0.016667 0.976562 0.022917 0.982812 0.022917 0.982812 0.027083 0.975000 0.035417 0.975000 0.047917 0.979688 0.052083 0.984375 0.062500 0.982812 0.066667 0.987500 0.072917 0.998437 0.075000 0.998437 0.000000
2 0.956250 0.000000 0.889062 0.000000 0.868750 0.031250 0.857812 0.064583 0.859375 0.102083 0.867188 0.129167 0.879687 0.135417 0.901563 0.125000 0.923438 0.100000 0.940625 0.047917 0.942187 0.020833
3 0.464062 0.464583 0.470313 0.464583 0.473438 0.468750 0.473438 0.475000 0.470313 0.479167 0.465625 0.477083 0.460938 0.487500 0.460938 0.500000 0.464062 0.506250 0.467187 0.506250 0.475000 0.512500 0.479687 0.512500 0.478125 0.485417 0.475000 0.477083 0.475000 0.470833 0.471875 0.464583
3 0.139063 0.393750 0.000000 0.352083 0.000000 0.581250 0.017188 0.570833 0.021875 0.500000 0.046875 0.456250 0.096875 0.439583 0.101562 0.412500 0.121875 0.412500
4 0.443750 0.487500 0.445312 0.491667 0.451562 0.491667 0.453125 0.495833 0.459375 0.495833 0.459375 0.487500 0.462500 0.479167 0.465625 0.475000 0.467187 0.477083 0.470313 0.477083 0.471875 0.475000 0.471875 0.468750 0.470313 0.466667 0.464062 0.466667 0.462500 0.464583 0.445312 0.464583 0.443750 0.466667
5 0.521875 0.000000 0.521875 0.012500 0.520312 0.014583 0.520312 0.060417 0.526563 0.060417 0.528125 0.000000
8 0.481250 0.091667 0.420312 0.231250 0.484375 0.529167 0.509375 0.489583 0.515625 0.550000 0.998437 0.810417 0.970313 0.006250 0.879687 0.137500 0.850000 0.000000 0.664062 0.000000 0.678125 0.041667 0.639062 0.060417 0.590625 0.000000
8 0.000000 0.000000 0.000000 0.350000 0.279687 0.397917 0.312500 0.487500 0.360938 0.450000 0.437500 0.477083 0.420312 0.350000 0.446875 0.343750 0.339062 0.227083 0.414062 0.183333 0.432812 0.041667 0.403125 0.014583 0.442188 0.000000
9 0.440625 0.510417 0.689063 0.714583 0.998437 0.829167 0.507812 0.552083 0.460938 0.502083
9 0.345313 0.493750 0.342187 0.491667 0.340625 0.485417 0.331250 0.485417 0.329688 0.487500 0.328125 0.485417 0.323437 0.485417 0.317188 0.489583 0.312500 0.489583 0.310937 0.512500 0.317188 0.512500 0.318750 0.510417 0.325000 0.510417 0.329688 0.506250 0.334375 0.506250 0.335938 0.502083 0.342187 0.500000
10 0.839063 0.039583 0.856250 0.039583 0.864062 0.033333 0.865625 0.029167 0.873437 0.027083 0.887500 0.000000 0.851562 0.000000 0.848437 0.016667 0.843750 0.020833 0.842187 0.029167 0.839063 0.033333
10 0.617188 0.000000 0.615625 0.022917 0.632812 0.018750 0.635938 0.025000 0.635938 0.058333 0.643750 0.050000 0.668750 0.043750 0.670312 0.047917 0.676562 0.041667 0.678125 0.031250 0.667188 0.022917 0.662500 0.000000
10 0.589063 0.000000 0.529687 0.000000 0.528125 0.062500 0.534375 0.079167 0.537500 0.064583 0.548438 0.047917 0.553125 0.022917 0.567187 0.014583 0.570312 0.008333 0.587500 0.006250
10 0.520312 0.000000 0.406250 0.010417 0.434375 0.041667 0.426563 0.158333 0.404687 0.191667 0.385937 0.179167 0.381250 0.229167 0.340625 0.227083 0.357812 0.262500 0.396875 0.258333 0.450000 0.352083 0.421875 0.350000 0.435937 0.412500 0.465625 0.397917 0.420312 0.212500 0.439063 0.150000 0.512500 0.075000
13 0.354687 0.460417 0.353125 0.481250 0.359375 0.487500 0.362500 0.485417 0.385937 0.487500 0.385937 0.481250 0.387500 0.479167 0.385937 0.477083 0.385937 0.462500 0.381250 0.452083 0.360938 0.452083
13 0.306250 0.458333 0.279687 0.400000 0.168750 0.379167 0.101562 0.414583 0.096875 0.441667 0.042188 0.462500 0.023438 0.500000 0.015625 0.575000 0.262500 0.620833 0.275000 0.572917 0.306250 0.560417