0 0.762500 0.993750 0.490625 0.579167 0.517188 0.518750 0.432812 0.483333 0.000000 0.547917 0.000000 0.997917
2 0.575000 0.312500 0.568750 0.325000 0.542188 0.320833 0.534375 0.381250 0.521875 0.383333 0.514062 0.422917 0.529687 0.437500 0.557813 0.414583 0.587500 0.418750 0.612500 0.433333 0.610938 0.410417 0.595313 0.381250 0.598437 0.360417 0.590625 0.358333 0.581250 0.375000 0.568750 0.358333
2 0.096875 0.091667 0.132812 0.139583 0.187500 0.268750 0.210938 0.279167 0.231250 0.314583 0.243750 0.314583 0.260937 0.281250 0.223438 0.270833 0.207813 0.247917 0.210938 0.220833 0.193750 0.197917 0.203125 0.179167 0.217188 0.185417 0.217188 0.145833 0.120313 0.114583 0.114062 0.097917
4 0.796875 0.564583 0.806250 0.570833 0.812500 0.581250 0.823438 0.581250 0.840625 0.614583 0.851562 0.629167 0.860938 0.631250 0.862500 0.614583 0.848437 0.583333 0.834375 0.566667 0.828125 0.566667 0.823438 0.572917 0.810937 0.560417 0.800000 0.560417
4 0.479687 0.470833 0.475000 0.479167 0.473438 0.500000 0.478125 0.502083 0.484375 0.510417 0.496875 0.516667 0.500000 0.512500 0.501563 0.487500 0.504687 0.483333 0.501563 0.481250 0.501563 0.477083 0.496875 0.470833
4 0.520312 0.464583 0.521875 0.550000 0.576562 0.581250 0.646875 0.641667 0.664062 0.456250
4 0.678125 0.454167 0.670312 0.664583 0.732812 0.714583 0.740625 0.681250 0.759375 0.675000 0.803125 0.716667 0.914062 0.762500 0.942187 0.752083 0.942187 0.702083 0.889062 0.650000 0.879687 0.670833 0.834375 0.660417 0.812500 0.691667 0.776563 0.664583 0.740625 0.570833 0.728125 0.456250
4 0.225000 0.400000 0.218750 0.475000 0.243750 0.495833 0.285938 0.497917 0.345313 0.485417 0.348438 0.445833 0.257812 0.402083
5 0.684375 0.277083 0.675000 0.304167 0.648438 0.641667 0.654687 0.685417 0.667188 0.664583
8 0.601562 0.000000 0.628125 0.172917 0.565625 0.172917 0.614062 0.433333 0.478125 0.410417 0.473438 0.491667 0.664062 0.454167 0.684375 0.275000 0.679688 0.452083 0.729688 0.456250 0.773438 0.658333 0.943750 0.702083 0.923438 0.766667 0.742188 0.681250 0.784375 0.900000 0.845313 0.997917 0.998437 0.997917 0.998437 0.000000
8 0.000000 0.000000 0.000000 0.545833 0.242188 0.497917 0.228125 0.393750 0.467187 0.487500 0.459375 0.260417 0.332813 0.185417 0.357812 0.131250 0.271875 0.008333 0.282813 0.085417 0.237500 0.068750 0.237500 0.185417 0.195312 0.193750 0.264062 0.285417 0.231250 0.316667 0.073438 0.045833
9 0.484375 0.547917 0.764062 0.997917 0.843750 0.997917 0.782813 0.900000 0.778125 0.845833 0.803125 0.822917 0.740625 0.710417 0.676562 0.666667 0.654687 0.687500 0.642188 0.633333 0.514062 0.537500
10 0.039062 0.000000 0.120313 0.112500 0.215625 0.141667 0.220312 0.189583 0.234375 0.070833 0.281250 0.085417 0.270313 0.008333 0.304688 0.016667 0.359375 0.131250 0.331250 0.179167 0.437500 0.216667 0.467187 0.285417 0.448437 0.370833 0.492188 0.425000 0.575000 0.310417 0.564063 0.172917 0.626563 0.172917 0.600000 0.000000
13 0.518750 0.464583 0.510938 0.472917 0.506250 0.485417 0.503125 0.487500 0.503125 0.500000 0.501563 0.502083 0.501563 0.514583 0.503125 0.516667 0.517188 0.516667 0.518750 0.514583 0.518750 0.485417 0.520312 0.483333 0.520312 0.468750
13 0.350000 0.452083 0.346875 0.462500 0.346875 0.485417 0.343750 0.487500 0.354687 0.495833 0.376563 0.495833 0.381250 0.502083 0.395313 0.497917 0.395313 0.458333 0.387500 0.445833 0.376563 0.441667 0.360938 0.441667 0.353125 0.452083