0 0.793750 0.997917 0.631250 0.802083 0.465625 0.489583 0.000000 0.556250 0.000000 0.997917
2 0.535937 0.337500 0.529687 0.366667 0.529687 0.381250 0.526563 0.385417 0.518750 0.385417 0.515625 0.395833 0.512500 0.425000 0.521875 0.435417 0.540625 0.414583 0.535937 0.362500 0.543750 0.347917
2 0.210938 0.239583 0.209375 0.256250 0.225000 0.297917 0.243750 0.308333 0.253125 0.320833 0.264062 0.352083 0.270313 0.352083 0.275000 0.345833 0.275000 0.333333 0.265625 0.337500 0.259375 0.329167 0.260937 0.316667 0.270313 0.304167 0.270313 0.293750 0.234375 0.283333 0.226562 0.239583 0.220312 0.235417
2 0.140625 0.139583 0.151562 0.162500 0.168750 0.172917 0.193750 0.206250 0.201563 0.208333 0.214062 0.200000 0.228125 0.206250 0.228125 0.166667
3 0.268750 0.414583 0.276562 0.420833 0.276562 0.445833 0.268750 0.479167 0.270313 0.495833 0.265625 0.497917 0.303125 0.497917 0.340625 0.487500 0.340625 0.458333 0.337500 0.456250 0.340625 0.443750 0.320312 0.435417 0.314063 0.427083
4 0.475000 0.472917 0.475000 0.475000 0.471875 0.477083 0.471875 0.502083 0.484375 0.514583 0.496875 0.514583 0.493750 0.506250 0.495312 0.502083 0.495312 0.491667 0.496875 0.489583 0.496875 0.477083 0.493750 0.472917 0.487500 0.472917 0.485938 0.470833
4 0.510938 0.466667 0.510938 0.543750 0.528125 0.554167 0.542188 0.579167 0.592187 0.610417 0.603125 0.462500
4 0.615625 0.460417 0.606250 0.612500 0.612500 0.620833 0.628125 0.625000 0.637500 0.589583 0.631250 0.543750 0.635938 0.502083 0.626563 0.466667
4 0.356250 0.447917 0.345313 0.447917 0.343750 0.445833 0.339062 0.447917 0.339062 0.456250 0.342187 0.458333 0.340625 0.462500 0.340625 0.485417 0.342187 0.487500 0.345313 0.487500 0.348438 0.481250 0.348438 0.470833 0.356250 0.452083
4 0.256250 0.414583 0.250000 0.425000 0.248438 0.464583 0.245312 0.466667 0.245312 0.477083 0.248438 0.479167 0.248438 0.483333 0.256250 0.487500 0.256250 0.495833 0.264062 0.497917 0.268750 0.495833 0.267188 0.479167 0.270313 0.475000 0.275000 0.445833 0.275000 0.420833 0.273438 0.416667
5 0.612500 0.416667 0.604688 0.447917 0.593750 0.610417 0.596875 0.622917 0.606250 0.622917 0.606250 0.556250 0.615625 0.450000
5 0.090625 0.312500 0.079687 0.316667 0.073438 0.343750 0.070312 0.543750 0.081250 0.539583
8 0.487500 0.004167 0.564063 0.183333 0.542188 0.414583 0.475000 0.410417 0.471875 0.475000 0.612500 0.414583 0.656250 0.822917 0.767188 0.935417 0.826562 0.897917 0.878125 0.981250 0.998437 0.997917 0.998437 0.000000
8 0.000000 0.000000 0.000000 0.529167 0.065625 0.522917 0.082812 0.310417 0.085938 0.527083 0.257812 0.497917 0.256250 0.412500 0.465625 0.487500 0.457813 0.270833 0.335938 0.202083 0.360938 0.156250 0.281250 0.039583 0.287500 0.112500 0.248438 0.097917 0.246875 0.204167 0.196875 0.210417 0.092188 0.047917 0.053125 0.056250 0.062500 0.000000
9 0.685937 0.847917 0.795312 0.997917 0.931250 0.997917 0.878125 0.983333 0.868750 0.952083 0.843750 0.952083 0.826562 0.900000 0.807813 0.920833 0.807813 0.943750 0.785937 0.902083 0.765625 0.893750 0.767188 0.937500 0.745313 0.908333 0.754687 0.902083 0.745313 0.875000
9 0.475000 0.539583 0.654687 0.822917 0.642188 0.766667 0.650000 0.704167 0.634375 0.679167 0.640625 0.650000 0.629687 0.629167 0.596875 0.625000 0.542188 0.581250 0.506250 0.531250
9 0.315625 0.512500 0.293750 0.497917 0.253125 0.500000 0.192188 0.520833 0.085938 0.529167 0.075000 0.545833 0.065625 0.525000 0.000000 0.531250 0.000000 0.554167 0.159375 0.537500 0.170313 0.556250 0.179688 0.533333 0.228125 0.539583
10 0.064062 0.000000 0.057813 0.060417 0.087500 0.041667 0.139063 0.137500 0.228125 0.164583 0.234375 0.210417 0.246875 0.097917 0.287500 0.110417 0.279687 0.039583 0.314063 0.052083 0.362500 0.156250 0.337500 0.202083 0.432812 0.225000 0.460938 0.412500 0.512500 0.418750 0.562500 0.177083 0.507812 0.110417 0.492188 0.000000
13 0.509375 0.468750 0.503125 0.472917 0.498437 0.483333 0.498437 0.489583 0.496875 0.491667 0.496875 0.502083 0.495312 0.506250 0.496875 0.508333 0.496875 0.512500 0.501563 0.516667 0.506250 0.516667
13 0.359375 0.447917 0.350000 0.470833 0.350000 0.481250 0.346875 0.487500 0.359375 0.495833 0.381250 0.495833 0.382812 0.502083 0.395313 0.500000 0.396875 0.464583 0.393750 0.452083 0.379688 0.445833