0 0.709375 0.997917 0.487500 0.597917 0.542188 0.547917 0.464062 0.489583 0.000000 0.583333 0.000000 0.997917
1 0.317188 0.504167 0.314063 0.500000 0.256250 0.508333 0.189062 0.525000 0.189062 0.529167 0.225000 0.539583 0.245312 0.516667
2 0.510938 0.414583 0.523438 0.414583 0.535937 0.439583 0.565625 0.404167 0.621875 0.416667 0.645312 0.391667 0.676562 0.422917 0.696875 0.418750 0.720313 0.322917 0.675000 0.272917 0.596875 0.256250 0.578125 0.310417 0.542188 0.306250 0.532813 0.372917 0.518750 0.375000
2 0.006250 0.020833 0.000000 0.143750 0.025000 0.133333 0.039062 0.172917 0.065625 0.181250 0.068750 0.218750 0.110937 0.245833 0.129688 0.308333 0.225000 0.327083 0.228125 0.295833 0.204687 0.291667 0.218750 0.260417 0.176563 0.254167 0.173437 0.229167 0.142187 0.204167 0.157812 0.170833 0.131250 0.135417 0.139063 0.122917 0.165625 0.141667 0.160938 0.091667 0.042188 0.054167
4 0.471875 0.477083 0.471875 0.487500 0.468750 0.493750 0.468750 0.502083 0.471875 0.506250 0.478125 0.508333 0.484375 0.518750 0.509375 0.516667 0.509375 0.497917 0.514062 0.483333 0.509375 0.483333 0.501563 0.470833 0.496875 0.468750 0.479687 0.468750
4 0.998437 0.891667 0.998437 0.412500 0.546875 0.466667 0.548438 0.577083
4 0.098437 0.372917 0.090625 0.485417 0.112500 0.512500 0.187500 0.525000 0.314063 0.497917 0.326562 0.445833 0.165625 0.379167
8 0.998437 0.000000 0.703125 0.000000 0.689063 0.043750 0.617188 0.012500 0.603125 0.170833 0.635938 0.220833 0.657813 0.191667 0.653125 0.258333 0.721875 0.322917 0.707812 0.408333 0.535937 0.441667 0.473438 0.408333 0.468750 0.491667 0.998437 0.410417
8 0.000000 0.145833 0.000000 0.545833 0.112500 0.516667 0.100000 0.366667 0.464062 0.487500 0.451562 0.239583 0.401562 0.181250 0.335938 0.195833 0.284375 0.000000 0.178125 0.000000 0.187500 0.135417 0.132812 0.135417 0.254688 0.356250 0.129688 0.310417
9 0.490625 0.579167 0.707812 0.995833 0.998437 0.997917 0.998437 0.893750 0.759375 0.745833 0.542188 0.552083 0.509375 0.547917
9 0.223438 0.541667 0.114062 0.514583 0.062500 0.539583 0.000000 0.547917 0.000000 0.581250 0.098437 0.558333 0.167187 0.568750
9 0.175000 0.325000 0.187500 0.331250 0.215625 0.331250 0.220312 0.343750 0.226562 0.350000 0.250000 0.354167 0.257812 0.350000 0.257812 0.343750 0.246875 0.333333
10 0.176563 0.239583 0.176563 0.252083 0.190625 0.252083 0.192188 0.256250 0.214062 0.256250 0.215625 0.258333 0.220312 0.256250 0.220312 0.247917 0.217188 0.250000 0.207813 0.247917 0.201563 0.239583 0.201563 0.231250 0.198437 0.227083 0.187500 0.229167 0.181250 0.239583
10 0.285938 0.000000 0.331250 0.068750 0.298438 0.133333 0.329688 0.135417 0.337500 0.195833 0.401562 0.179167 0.453125 0.239583 0.457813 0.410417 0.454688 0.358333 0.484375 0.422917 0.510938 0.412500 0.540625 0.306250 0.578125 0.308333 0.592187 0.256250 0.675000 0.270833 0.657813 0.193750 0.635938 0.222917 0.601562 0.170833 0.617188 0.010417 0.689063 0.041667 0.701562 0.000000
10 0.000000 0.000000 0.000000 0.035417 0.012500 0.018750 0.032813 0.029167 0.042188 0.052083 0.160938 0.089583 0.167187 0.141667 0.185938 0.135417 0.164062 0.110417 0.160938 0.050000 0.173437 0.054167 0.181250 0.039583 0.176563 0.000000
13 0.559375 0.458333 0.529687 0.460417 0.521875 0.470833 0.510938 0.497917 0.510938 0.522917 0.515625 0.529167 0.526563 0.529167 0.539062 0.545833 0.543750 0.545833 0.545312 0.466667 0.550000 0.460417
13 0.326562 0.450000 0.318750 0.466667 0.318750 0.485417 0.315625 0.487500 0.315625 0.500000 0.320312 0.506250 0.354687 0.506250 0.359375 0.512500 0.379688 0.506250 0.379688 0.460417 0.373437 0.445833 0.354687 0.439583 0.335938 0.439583