0 0.701562 0.997917 0.501563 0.622917 0.518750 0.554167 0.568750 0.556250 0.464062 0.485417 0.240625 0.504167 0.000000 0.610417 0.000000 0.997917
1 0.492188 0.525000 0.503125 0.539583 0.507812 0.539583 0.509375 0.543750 0.510938 0.539583 0.515625 0.539583 0.517188 0.543750 0.537500 0.543750 0.546875 0.550000 0.551562 0.550000 0.545312 0.543750 0.543750 0.537500 0.535937 0.533333
1 0.310937 0.500000 0.240625 0.495833 0.120313 0.522917 0.148438 0.537500 0.181250 0.537500 0.193750 0.522917 0.240625 0.502083
2 0.510938 0.410417 0.528125 0.406250 0.543750 0.433333 0.560937 0.402083 0.603125 0.397917 0.621875 0.454167 0.659375 0.450000 0.650000 0.416667 0.676562 0.410417 0.689063 0.372917 0.737500 0.372917 0.764062 0.410417 0.810937 0.379167 0.770312 0.320833 0.790625 0.285417 0.739062 0.272917 0.739062 0.239583 0.700000 0.262500 0.607812 0.235417 0.589063 0.300000 0.548438 0.295833 0.537500 0.366667 0.521875 0.368750
2 0.000000 0.000000 0.001563 0.189583 0.048438 0.214583 0.082812 0.262500 0.184375 0.283333 0.175000 0.243750 0.189062 0.227083 0.157812 0.222917 0.150000 0.181250 0.126562 0.181250 0.107813 0.156250 0.114062 0.125000 0.087500 0.079167 0.098437 0.056250 0.137500 0.081250 0.132812 0.029167 0.059375 0.000000
3 0.142187 0.493750 0.039062 0.493750 0.032813 0.500000 0.037500 0.522917 0.135937 0.516667 0.142187 0.512500
4 0.471875 0.470833 0.470313 0.500000 0.475000 0.506250 0.481250 0.508333 0.492188 0.522917 0.521875 0.529167 0.520312 0.504167 0.528125 0.475000 0.512500 0.477083 0.506250 0.468750 0.496875 0.464583 0.484375 0.464583
4 0.998437 0.883333 0.998437 0.387500 0.570312 0.460417 0.581250 0.602083 0.735938 0.731250
4 0.000000 0.306250 0.000000 0.491667 0.139063 0.489583 0.143750 0.512500 0.298438 0.491667 0.307812 0.427083
5 0.456250 0.345833 0.473438 0.366667 0.467187 0.502083 0.475000 0.364583
8 0.623437 0.437500 0.615625 0.410417 0.603125 0.400000 0.560937 0.404167 0.543750 0.435417 0.525000 0.406250 0.507812 0.416667 0.484375 0.416667 0.475000 0.404167 0.471875 0.468750 0.496875 0.462500 0.523438 0.475000 0.542188 0.454167 0.620313 0.454167
8 0.660937 0.000000 0.701562 0.141667 0.731250 0.091667 0.756250 0.108333 0.712500 0.197917 0.757812 0.170833 0.759375 0.260417 0.792188 0.275000 0.771875 0.320833 0.812500 0.379167 0.764062 0.412500 0.689063 0.375000 0.660937 0.450000 0.998437 0.385417 0.998437 0.000000
8 0.000000 0.187500 0.000000 0.304167 0.357812 0.427083 0.376563 0.483333 0.465625 0.483333 0.437500 0.345833 0.456250 0.227083 0.404687 0.156250 0.334375 0.164583 0.285938 0.075000 0.314063 0.002083 0.134375 0.000000 0.159375 0.075000 0.092188 0.062500 0.109375 0.156250 0.196875 0.202083 0.184375 0.285417 0.082812 0.264583
9 0.518750 0.556250 0.503125 0.622917 0.703125 0.997917 0.998437 0.997917 0.998437 0.885417 0.735938 0.733333 0.581250 0.604167 0.568750 0.566667
9 0.000000 0.608333 0.156250 0.550000 0.118750 0.518750 0.037500 0.525000 0.028125 0.493750 0.000000 0.493750
10 0.301563 0.283333 0.298438 0.281250 0.300000 0.283333 0.296875 0.285417 0.296875 0.293750 0.289062 0.302083 0.289062 0.306250 0.284375 0.310417 0.284375 0.320833 0.295312 0.318750 0.295312 0.310417 0.300000 0.304167 0.307812 0.304167 0.307812 0.300000
10 0.151562 0.177083 0.153125 0.216667 0.156250 0.216667 0.157812 0.220833 0.176563 0.220833 0.178125 0.225000 0.192188 0.222917 0.195312 0.202083 0.178125 0.202083 0.173437 0.193750 0.173437 0.187500 0.170313 0.185417 0.170313 0.179167 0.162500 0.170833 0.160938 0.175000 0.157812 0.172917
10 0.293750 0.000000 0.323437 0.012500 0.287500 0.075000 0.335938 0.164583 0.404687 0.154167 0.454688 0.218750 0.456250 0.402083 0.457813 0.343750 0.507812 0.414583 0.607812 0.233333 0.734375 0.235417 0.790625 0.283333 0.757812 0.260417 0.756250 0.170833 0.710938 0.197917 0.754687 0.108333 0.701562 0.143750 0.659375 0.000000
10 0.060937 0.000000 0.128125 0.022917 0.134375 0.029167 0.135937 0.039583 0.139063 0.037500 0.140625 0.014583 0.150000 0.016667 0.151562 0.012500 0.132812 0.000000
13 0.598437 0.452083 0.542188 0.456250 0.526563 0.483333 0.521875 0.504167 0.523438 0.529167 0.543750 0.535417 0.554688 0.554167 0.567187 0.552083 0.568750 0.460417 0.576562 0.454167
13 0.304688 0.447917 0.300000 0.460417 0.300000 0.491667 0.303125 0.495833 0.340625 0.500000 0.346875 0.506250 0.357812 0.506250 0.360938 0.497917 0.362500 0.502083 0.371875 0.502083 0.373437 0.458333 0.365625 0.433333 0.353125 0.427083 0.325000 0.425000