0 0.000000 0.772917 0.000000 0.997917 0.873437 0.997917 0.526563 0.622917 0.460938 0.489583 0.229687 0.518750 0.196875 0.666667 0.146875 0.656250
3 0.315625 0.441667 0.314063 0.475000 0.323437 0.491667 0.348438 0.491667 0.350000 0.487500 0.359375 0.487500 0.360938 0.470833 0.365625 0.460417 0.357812 0.454167 0.356250 0.447917 0.346875 0.447917 0.328125 0.435417 0.318750 0.437500
4 0.467187 0.479167 0.467187 0.485417 0.465625 0.487500 0.465625 0.497917 0.468750 0.506250 0.475000 0.508333 0.476562 0.510417 0.482812 0.510417 0.481250 0.506250 0.482812 0.502083 0.482812 0.491667 0.485938 0.489583 0.487500 0.485417 0.484375 0.483333 0.481250 0.477083 0.470313 0.477083
5 0.576562 0.554167 0.575000 0.554167 0.571875 0.560417 0.570312 0.610417 0.576562 0.610417 0.576562 0.604167 0.578125 0.602083 0.578125 0.575000 0.579688 0.572917 0.579688 0.560417
8 0.465625 0.277083 0.460938 0.281250 0.459375 0.285417 0.460938 0.297917 0.462500 0.297917 0.468750 0.310417 0.471875 0.312500 0.471875 0.320833 0.473438 0.322917 0.475000 0.320833 0.482812 0.325000 0.485938 0.316667 0.485938 0.310417 0.482812 0.308333 0.473438 0.281250
8 0.485938 0.006250 0.451562 0.129167 0.507812 0.397917 0.467187 0.477083 0.568750 0.610417 0.576562 0.552083 0.578125 0.612500 0.998437 0.914583 0.998437 0.000000 0.789062 0.000000 0.812500 0.112500 0.731250 0.000000
8 0.000000 0.000000 0.000000 0.258333 0.165625 0.335417 0.229687 0.510417 0.329688 0.493750 0.325000 0.433333 0.360938 0.487500 0.379688 0.450000 0.460938 0.487500 0.454688 0.295833 0.420312 0.250000 0.356250 0.254167 0.376563 0.218750 0.321875 0.089583 0.387500 0.093750 0.439063 0.000000
9 0.468750 0.522917 0.578125 0.683333 0.875000 0.997917 0.998437 0.997917 0.996875 0.914583 0.534375 0.600000 0.514062 0.541667
9 0.350000 0.504167 0.331250 0.493750 0.282813 0.514583 0.260937 0.514583 0.282813 0.518750 0.284375 0.522917 0.309375 0.525000 0.318750 0.522917 0.320312 0.518750 0.329688 0.518750
10 0.804688 0.000000 0.807813 0.002083 0.806250 0.004167 0.812500 0.014583 0.817187 0.016667 0.820312 0.014583 0.829688 0.025000 0.832812 0.022917 0.834375 0.027083 0.835938 0.025000 0.840625 0.027083 0.846875 0.016667 0.845313 0.010417 0.835938 0.008333 0.834375 0.000000
10 0.732812 0.000000 0.745313 0.054167 0.756250 0.060417 0.757812 0.081250 0.768750 0.095833 0.798438 0.100000 0.807813 0.110417 0.826562 0.102083 0.807813 0.085417 0.806250 0.066667 0.784375 0.054167 0.779687 0.029167 0.787500 0.000000
10 0.440625 0.000000 0.442188 0.037500 0.412500 0.041667 0.387500 0.095833 0.357812 0.066667 0.323437 0.089583 0.328125 0.122917 0.351562 0.129167 0.350000 0.189583 0.378125 0.218750 0.357812 0.254167 0.434375 0.258333 0.462500 0.325000 0.445312 0.379167 0.460938 0.420833 0.457813 0.391667 0.485938 0.422917 0.487500 0.389583 0.506250 0.397917 0.500000 0.322917 0.470313 0.262500 0.482812 0.189583 0.459375 0.172917 0.450000 0.097917 0.482812 0.008333 0.517188 0.000000
13 0.368750 0.462500 0.362500 0.481250 0.362500 0.491667 0.365625 0.491667 0.367188 0.495833 0.392188 0.495833 0.393750 0.500000 0.403125 0.497917 0.404687 0.470833 0.401562 0.458333 0.381250 0.456250 0.379688 0.452083 0.371875 0.462500
13 0.007812 0.260417 0.000000 0.770833 0.146875 0.654167 0.196875 0.664583 0.228125 0.520833 0.228125 0.466667 0.165625 0.337500