0 0.771875 0.997917 0.489063 0.572917 0.529687 0.529167 0.471875 0.489583 0.004687 0.577083 0.000000 0.997917
2 0.600000 0.277083 0.590625 0.281250 0.579688 0.322917 0.548438 0.316667 0.539062 0.381250 0.526563 0.383333 0.520312 0.418750 0.510938 0.422917 0.537500 0.437500 0.560937 0.414583 0.626563 0.414583 0.610938 0.397917 0.614062 0.358333 0.595313 0.329167 0.601562 0.316667
2 0.053125 0.083333 0.135937 0.239583 0.164062 0.247917 0.175000 0.281250 0.203125 0.297917 0.203125 0.329167 0.259375 0.337500 0.262500 0.320833 0.240625 0.312500 0.254688 0.281250 0.214062 0.264583 0.195312 0.237500 0.204687 0.208333 0.179688 0.185417 0.192188 0.164583 0.207813 0.172917 0.204687 0.129167 0.106250 0.100000 0.087500 0.072917
4 0.479687 0.477083 0.479687 0.491667 0.478125 0.493750 0.479687 0.506250 0.482812 0.510417 0.485938 0.510417 0.489063 0.516667 0.500000 0.520833 0.512500 0.520833 0.509375 0.516667 0.509375 0.502083 0.512500 0.495833 0.514062 0.483333 0.504687 0.472917 0.484375 0.472917
4 0.743750 0.720833 0.765625 0.445833 0.534375 0.470833 0.535937 0.558333 0.715625 0.683333
4 0.825000 0.406250 0.787500 0.435417 0.771875 0.768750 0.998437 0.943750 0.998437 0.429167
4 0.193750 0.393750 0.189062 0.481250 0.210938 0.506250 0.285938 0.506250 0.334375 0.493750 0.342187 0.479167 0.346875 0.447917 0.232813 0.395833
5 0.790625 0.270833 0.773438 0.339583 0.742188 0.752083 0.746875 0.779167 0.764062 0.783333
8 0.478125 0.491667 0.764062 0.445833 0.787500 0.268750 0.789062 0.435417 0.831250 0.402083 0.998437 0.427083 0.998437 0.000000 0.814063 0.000000 0.801562 0.043750 0.803125 0.000000 0.662500 0.000000 0.656250 0.131250 0.578125 0.154167 0.628125 0.414583 0.482812 0.410417
8 0.000000 0.000000 0.000000 0.527083 0.207813 0.508333 0.195312 0.389583 0.473438 0.489583 0.464062 0.258333 0.326562 0.168750 0.356250 0.118750 0.303125 0.000000 0.267188 0.000000 0.271875 0.064583 0.225000 0.050000 0.226562 0.168750 0.181250 0.179167 0.256250 0.343750 0.134375 0.239583
9 0.490625 0.560417 0.578125 0.729167 0.773438 0.997917 0.998437 0.997917 0.996875 0.941667 0.815625 0.791667 0.746875 0.781250 0.723437 0.691667 0.528125 0.545833
9 0.267188 0.518750 0.209375 0.508333 0.134375 0.529167 0.000000 0.529167 0.000000 0.627083 0.021875 0.606250 0.003125 0.577083 0.025000 0.562500 0.214062 0.522917 0.259375 0.533333
10 0.304688 0.000000 0.332813 0.106250 0.357812 0.118750 0.328125 0.168750 0.354687 0.170833 0.362500 0.216667 0.439063 0.210417 0.470313 0.285417 0.448437 0.354167 0.465625 0.412500 0.478125 0.377083 0.493750 0.425000 0.517188 0.420833 0.546875 0.316667 0.579688 0.320833 0.600000 0.275000 0.573438 0.225000 0.584375 0.129167 0.643750 0.145833 0.665625 0.100000 0.662500 0.002083
10 0.023438 0.000000 0.023438 0.016667 0.059375 0.052083 0.054688 0.081250 0.087500 0.070833 0.106250 0.097917 0.204687 0.127083 0.210938 0.175000 0.225000 0.168750 0.210938 0.150000 0.212500 0.104167 0.229687 0.089583 0.223438 0.050000 0.273438 0.060417 0.265625 0.000000
13 0.535937 0.466667 0.526563 0.466667 0.515625 0.483333 0.514062 0.495833 0.510938 0.502083 0.510938 0.516667 0.515625 0.522917 0.521875 0.522917 0.529687 0.527083 0.529687 0.491667 0.532813 0.489583 0.532813 0.470833
13 0.353125 0.447917 0.343750 0.466667 0.343750 0.497917 0.350000 0.502083 0.368750 0.500000 0.382812 0.508333 0.393750 0.506250 0.396875 0.489583 0.395313 0.458333 0.385937 0.445833 0.357812 0.443750