0 0.000000 0.570833 0.000000 0.997917 0.998437 0.997917 0.989062 0.868750 0.520312 0.497917 0.378125 0.504167 0.309375 0.591667 0.157812 0.541667
1 0.648438 0.608333 0.789062 0.714583 0.864062 0.737500 0.926562 0.820833 0.998437 0.877083 0.996875 0.781250 0.920312 0.712500 0.925000 0.629167
2 0.085938 0.250000 0.096875 0.277083 0.112500 0.247917 0.153125 0.247917 0.246875 0.304167 0.217188 0.170833 0.178125 0.166667 0.150000 0.191667 0.107813 0.187500
2 0.998437 0.050000 0.931250 0.104167 0.779687 0.068750 0.714063 0.254167 0.656250 0.243750 0.654687 0.208333 0.628125 0.239583 0.607812 0.356250 0.578125 0.358333 0.576562 0.468750 0.629687 0.358333 0.678125 0.385417 0.685937 0.491667 0.734375 0.493750 0.695312 0.447917 0.745313 0.337500 0.839063 0.316667 0.898438 0.431250 0.878125 0.508333 0.953125 0.522917 0.998437 0.464583
3 0.000000 0.322917 0.000000 0.568750 0.154688 0.543750 0.154688 0.508333 0.068750 0.508333 0.068750 0.358333 0.081250 0.352083
4 0.529687 0.512500 0.643750 0.606250 0.923438 0.627083 0.951562 0.527083 0.646875 0.489583 0.609375 0.466667 0.531250 0.479167
4 0.429688 0.464583 0.429688 0.477083 0.428125 0.479167 0.428125 0.491667 0.429688 0.495833 0.460938 0.495833 0.462500 0.491667 0.462500 0.479167 0.459375 0.477083 0.459375 0.472917 0.451562 0.464583 0.435937 0.464583 0.434375 0.462500
4 0.368750 0.435417 0.367188 0.437500 0.370312 0.450000 0.373437 0.452083 0.375000 0.464583 0.375000 0.502083 0.376563 0.506250 0.378125 0.502083 0.393750 0.502083 0.395313 0.452083 0.384375 0.441667 0.378125 0.441667 0.376563 0.437500
4 0.070312 0.508333 0.154688 0.506250 0.156250 0.477083 0.168750 0.452083 0.225000 0.406250 0.085938 0.364583 0.082812 0.354167 0.070312 0.358333
5 0.510938 0.302083 0.537500 0.339583 0.528125 0.522917 0.537500 0.333333
8 0.560937 0.404167 0.553125 0.420833 0.551562 0.416667 0.539062 0.416667 0.535937 0.422917 0.534375 0.477083 0.575000 0.468750 0.576562 0.450000 0.568750 0.445833 0.564063 0.433333 0.568750 0.412500 0.562500 0.410417
8 0.625000 0.360417 0.612500 0.387500 0.600000 0.441667 0.600000 0.466667 0.628125 0.466667 0.637500 0.472917 0.640625 0.485417 0.684375 0.491667 0.685937 0.427083 0.676562 0.385417 0.665625 0.372917
8 0.896875 0.431250 0.879687 0.368750 0.848437 0.322917 0.789062 0.320833 0.734375 0.347917 0.709375 0.389583 0.696875 0.447917 0.740625 0.495833 0.876563 0.506250
8 0.000000 0.000000 0.000000 0.320833 0.342187 0.404167 0.409375 0.506250 0.517188 0.458333 0.525000 0.506250 0.467187 0.075000 0.373437 0.066667 0.312500 0.139583 0.287500 0.333333 0.084375 0.250000 0.195312 0.154167 0.192188 0.052083 0.264062 0.116667 0.290625 0.000000
10 0.140625 0.112500 0.140625 0.116667 0.142187 0.116667 0.145313 0.122917 0.145313 0.133333 0.146875 0.137500 0.150000 0.137500 0.159375 0.145833 0.159375 0.150000 0.162500 0.154167 0.165625 0.152083 0.164062 0.150000 0.162500 0.131250 0.157812 0.118750 0.154688 0.118750 0.153125 0.114583 0.143750 0.114583
10 0.179688 0.164583 0.290625 0.331250 0.310937 0.139583 0.373437 0.064583 0.467187 0.072917 0.515625 0.193750 0.482812 0.358333 0.531250 0.420833 0.512500 0.300000 0.553125 0.418750 0.646875 0.206250 0.714063 0.252083 0.779687 0.066667 0.931250 0.102083 0.998437 0.000000 0.292187 0.000000 0.264062 0.118750 0.190625 0.056250
13 0.998437 0.466667 0.940625 0.545833 0.918750 0.668750 0.928125 0.731250 0.985938 0.760417 0.998437 0.783333
13 0.157812 0.477083 0.159375 0.541667 0.173437 0.558333 0.287500 0.570833 0.309375 0.589583 0.326562 0.550000 0.348438 0.541667 0.365625 0.558333 0.371875 0.543750 0.373437 0.464583 0.360938 0.420833 0.314063 0.395833 0.248438 0.389583 0.173437 0.447917