0 0.000000 0.645833 0.000000 0.997917 0.998437 0.997917 0.995313 0.897917 0.514062 0.500000 0.385937 0.502083 0.337500 0.570833 0.143750 0.541667
1 0.609375 0.587500 0.998437 0.900000 0.998437 0.772917 0.875000 0.737500 0.789062 0.660417 0.787500 0.614583
1 0.151562 0.550000 0.125000 0.541667 0.000000 0.564583 0.000000 0.643750 0.034375 0.641667 0.073438 0.608333 0.115625 0.595833
2 0.239063 0.191667 0.220312 0.185417 0.207813 0.214583 0.182812 0.225000 0.160938 0.222917 0.151562 0.231250 0.146875 0.245833 0.150000 0.297917 0.156250 0.300000 0.162500 0.283333 0.184375 0.277083 0.228125 0.291667 0.256250 0.314583
2 0.981250 0.102083 0.900000 0.143750 0.757812 0.108333 0.703125 0.268750 0.625000 0.254167 0.604688 0.362500 0.578125 0.364583 0.570312 0.470833 0.615625 0.375000 0.656250 0.393750 0.667188 0.495833 0.704688 0.497917 0.676562 0.420833 0.759375 0.341667 0.826562 0.372917 0.843750 0.470833 0.998437 0.427083
2 0.000000 0.000000 0.000000 0.033333 0.009375 0.043750 0.012500 0.043750 0.014063 0.047917 0.020313 0.047917 0.035937 0.058333 0.035937 0.041667 0.025000 0.000000
3 0.153125 0.510417 0.154688 0.514583 0.165625 0.516667 0.179688 0.529167 0.201563 0.529167 0.203125 0.533333 0.209375 0.533333 0.207813 0.510417 0.204687 0.504167 0.159375 0.504167 0.157812 0.508333
3 0.029687 0.316667 0.034375 0.322917 0.031250 0.337500 0.034375 0.358333 0.039062 0.364583 0.034375 0.414583 0.039062 0.454167 0.043750 0.456250 0.050000 0.418750 0.053125 0.347917 0.060937 0.329167 0.053125 0.320833
4 0.528125 0.522917 0.606250 0.585417 0.789062 0.612500 0.798438 0.543750 0.821875 0.504167 0.623437 0.493750 0.618750 0.477083 0.581250 0.470833 0.529687 0.483333
4 0.434375 0.466667 0.432812 0.470833 0.432812 0.481250 0.431250 0.483333 0.431250 0.495833 0.432812 0.497917 0.435937 0.495833 0.465625 0.495833 0.464062 0.489583 0.459375 0.483333 0.459375 0.479167 0.456250 0.475000 0.454688 0.468750 0.439063 0.468750
4 0.000000 0.562500 0.195312 0.537500 0.151562 0.510417 0.206250 0.506250 0.215625 0.458333 0.257812 0.414583 0.062500 0.352083 0.060937 0.335417 0.042188 0.458333 0.032813 0.322917 0.000000 0.310417
5 0.510938 0.314583 0.534375 0.343750 0.523438 0.512500 0.526563 0.522917 0.535937 0.343750
8 0.568750 0.416667 0.564063 0.416667 0.560937 0.410417 0.554688 0.422917 0.537500 0.422917 0.534375 0.427083 0.534375 0.439583 0.531250 0.441667 0.531250 0.481250 0.542188 0.481250 0.545312 0.475000 0.568750 0.472917 0.570312 0.452083 0.564063 0.443750 0.564063 0.427083
8 0.612500 0.377083 0.596875 0.418750 0.589063 0.468750 0.618750 0.475000 0.623437 0.491667 0.665625 0.495833 0.668750 0.481250 0.665625 0.431250 0.654687 0.393750
8 0.678125 0.420833 0.678125 0.464583 0.700000 0.477083 0.709375 0.500000 0.825000 0.502083 0.842187 0.475000 0.845313 0.422917 0.832812 0.385417 0.790625 0.343750 0.725000 0.356250 0.687500 0.395833
8 0.000000 0.035417 0.000000 0.308333 0.359375 0.414583 0.385937 0.500000 0.517188 0.462500 0.521875 0.512500 0.471875 0.095833 0.381250 0.085417 0.323437 0.154167 0.295312 0.339583 0.151562 0.302083 0.145313 0.245833 0.240625 0.164583 0.228125 0.102083 0.293750 0.158333 0.329688 0.000000
10 0.170313 0.139583 0.170313 0.143750 0.176563 0.152083 0.182812 0.156250 0.190625 0.175000 0.193750 0.177083 0.203125 0.175000 0.200000 0.162500 0.200000 0.150000 0.195312 0.147917 0.193750 0.152083 0.192188 0.150000 0.184375 0.150000 0.181250 0.145833 0.175000 0.143750 0.173437 0.139583
10 0.218750 0.170833 0.298438 0.337500 0.321875 0.154167 0.381250 0.083333 0.471875 0.093750 0.515625 0.206250 0.482812 0.356250 0.528125 0.422917 0.529687 0.331250 0.535937 0.425000 0.625000 0.252083 0.703125 0.266667 0.760938 0.104167 0.900000 0.141667 0.962500 0.091667 0.998437 0.168750 0.998437 0.000000 0.331250 0.000000 0.295312 0.158333 0.251563 0.097917
10 0.060937 0.000000 0.050000 0.000000 0.040625 0.012500 0.039062 0.010417 0.039062 0.014583 0.035937 0.018750 0.031250 0.018750 0.037500 0.041667 0.037500 0.056250 0.042188 0.060417 0.046875 0.058333 0.048438 0.039583 0.051562 0.031250 0.056250 0.029167 0.056250 0.016667 0.060937 0.008333
13 0.859375 0.445833 0.800000 0.543750 0.790625 0.660417 0.842187 0.691667 0.875000 0.735417 0.998437 0.770833 0.998437 0.429167
13 0.210938 0.470833 0.207813 0.508333 0.217188 0.547917 0.309375 0.554167 0.337500 0.568750 0.350000 0.537500 0.379688 0.543750 0.381250 0.447917 0.367188 0.420833 0.279687 0.400000 0.221875 0.450000