0 0.707812 0.997917 0.545312 0.668750 0.557813 0.579167 0.618750 0.583333 0.479687 0.487500 0.060937 0.520833 0.089063 0.564583 0.000000 0.602083 0.000000 0.997917
1 0.515625 0.533333 0.531250 0.554167 0.537500 0.554167 0.539062 0.558333 0.542188 0.558333 0.543750 0.554167 0.548438 0.554167 0.550000 0.558333 0.576562 0.558333 0.573438 0.550000 0.557813 0.545833 0.556250 0.541667
2 0.451562 0.452083 0.445312 0.452083 0.437500 0.472917 0.432812 0.477083 0.428125 0.472917 0.423438 0.462500 0.415625 0.464583 0.414062 0.462500 0.412500 0.470833 0.414062 0.481250 0.462500 0.481250
2 0.526563 0.414583 0.568750 0.431250 0.631250 0.389583 0.654687 0.454167 0.767188 0.445833 0.756250 0.383333 0.843750 0.320833 0.882812 0.331250 0.935937 0.412500 0.990625 0.389583 0.995313 0.352083 0.898438 0.352083 0.889062 0.320833 0.950000 0.329167 0.859375 0.250000 0.825000 0.279167 0.781250 0.264583 0.771875 0.222917 0.731250 0.250000 0.637500 0.218750 0.612500 0.297917 0.568750 0.287500
2 0.000000 0.000000 0.000000 0.193750 0.181250 0.256250 0.173437 0.206250 0.148438 0.195833 0.145313 0.135417 0.114062 0.141667 0.085938 0.102083 0.100000 0.075000 0.070312 0.037500 0.076563 0.016667 0.096875 0.012500 0.142187 0.041667 0.129688 0.000000
3 0.000000 0.525000 0.059375 0.522917 0.060937 0.518750 0.081250 0.512500 0.084375 0.500000 0.079687 0.489583 0.000000 0.487500
4 0.487500 0.470833 0.484375 0.502083 0.507812 0.529167 0.550000 0.537500 0.546875 0.518750 0.556250 0.479167 0.534375 0.479167 0.528125 0.475000 0.528125 0.468750 0.517188 0.464583 0.500000 0.464583
4 0.998437 0.950000 0.998437 0.429167 0.634375 0.456250 0.628125 0.641667
4 0.000000 0.279167 0.000000 0.485417 0.079687 0.487500 0.078125 0.516667 0.295312 0.491667 0.315625 0.422917
5 0.471875 0.337500 0.490625 0.362500 0.487500 0.435417 0.481250 0.456250 0.482812 0.506250 0.490625 0.358333
8 0.656250 0.433333 0.650000 0.410417 0.631250 0.391667 0.585938 0.400000 0.568750 0.433333 0.548438 0.404167 0.504687 0.420833 0.490625 0.406250 0.487500 0.468750 0.517188 0.462500 0.534375 0.477083 0.559375 0.477083 0.571875 0.454167 0.653125 0.454167
8 0.998437 0.000000 0.896875 0.000000 0.881250 0.047917 0.909375 0.037500 0.921875 0.100000 0.878125 0.260417 0.951562 0.329167 0.889062 0.322917 0.898438 0.350000 0.992188 0.345833 0.993750 0.387500 0.935937 0.414583 0.843750 0.322917 0.756250 0.385417 0.768750 0.443750 0.998437 0.427083
8 0.076563 0.018750 0.089063 0.106250 0.187500 0.168750 0.182812 0.256250 0.000000 0.195833 0.000000 0.277083 0.373437 0.425000 0.393750 0.485417 0.445312 0.450000 0.479687 0.485417 0.487500 0.402083 0.451562 0.339583 0.473438 0.216667 0.396875 0.125000 0.342187 0.131250 0.329688 0.052083 0.290625 0.039583 0.329688 0.000000
9 0.557813 0.581250 0.568750 0.618750 0.546875 0.635417 0.550000 0.679167 0.706250 0.995833 0.998437 0.997917 0.998437 0.952083 0.628125 0.643750 0.621875 0.587500
9 0.089063 0.560417 0.079687 0.545833 0.060937 0.531250 0.050000 0.531250 0.043750 0.525000 0.000000 0.527083 0.000000 0.600000 0.082812 0.570833
10 0.296875 0.239583 0.301563 0.266667 0.292187 0.275000 0.292187 0.283333 0.273438 0.308333 0.273438 0.329167 0.276562 0.331250 0.281250 0.320833 0.292187 0.312500 0.300000 0.318750 0.307812 0.314583 0.310937 0.293750 0.320312 0.295833 0.318750 0.281250 0.309375 0.266667 0.310937 0.258333 0.307812 0.250000 0.301563 0.250000
10 0.145313 0.133333 0.150000 0.195833 0.154688 0.200000 0.179688 0.204167 0.184375 0.197917 0.185938 0.168750 0.175000 0.170833 0.173437 0.166667 0.168750 0.166667 0.162500 0.156250 0.160938 0.145833 0.153125 0.135417
10 0.292187 0.037500 0.331250 0.052083 0.345313 0.133333 0.370312 0.106250 0.445312 0.156250 0.481250 0.258333 0.454688 0.350000 0.475000 0.404167 0.470313 0.337500 0.500000 0.418750 0.637500 0.216667 0.882812 0.256250 0.920312 0.100000 0.909375 0.039583 0.879687 0.047917 0.895312 0.000000 0.331250 0.000000
13 0.571875 0.456250 0.554688 0.487500 0.550000 0.535417 0.573438 0.547917 0.582812 0.568750 0.600000 0.568750 0.623437 0.585417 0.623437 0.481250 0.631250 0.477083 0.631250 0.458333 0.639062 0.452083
13 0.306250 0.441667 0.296875 0.491667 0.348438 0.502083 0.354687 0.508333 0.364063 0.508333 0.367188 0.502083 0.375000 0.506250 0.381250 0.500000 0.381250 0.447917 0.373437 0.427083 0.346875 0.416667 0.326562 0.416667