0 0.740625 0.993750 0.579688 0.710417 0.584375 0.597917 0.646875 0.593750 0.542188 0.566667 0.481250 0.487500 0.185938 0.512500 0.000000 0.610417 0.000000 0.997917
1 0.517188 0.531250 0.542188 0.564583 0.565625 0.568750 0.589063 0.585417 0.610938 0.581250 0.620313 0.589583 0.635938 0.591667 0.621875 0.587500 0.615625 0.572917 0.601562 0.579167 0.587500 0.556250 0.560937 0.541667
1 0.310937 0.504167 0.293750 0.493750 0.173437 0.500000 0.050000 0.520833 0.000000 0.543750 0.050000 0.570833 0.089063 0.541667 0.156250 0.533333 0.185938 0.510417 0.218750 0.508333 0.237500 0.520833 0.234375 0.533333
2 0.448437 0.452083 0.448437 0.454167 0.445312 0.456250 0.443750 0.466667 0.439063 0.472917 0.439063 0.475000 0.440625 0.475000 0.443750 0.479167 0.443750 0.481250 0.464062 0.481250 0.462500 0.477083 0.462500 0.468750 0.459375 0.464583 0.459375 0.458333 0.454688 0.454167
2 0.529687 0.418750 0.556250 0.402083 0.575000 0.435417 0.589063 0.402083 0.629687 0.385417 0.664062 0.410417 0.668750 0.454167 0.825000 0.450000 0.823438 0.368750 0.907813 0.293750 0.879687 0.243750 0.845313 0.275000 0.795312 0.258333 0.792188 0.216667 0.742188 0.243750 0.646875 0.212500 0.621875 0.295833 0.573438 0.287500 0.560937 0.366667 0.543750 0.366667
2 0.090625 0.000000 0.093750 0.000000 0.095312 0.004167 0.110937 0.012500 0.112500 0.016667 0.126562 0.029167 0.128125 0.027083 0.134375 0.027083 0.135937 0.029167 0.134375 0.008333 0.131250 0.006250 0.129688 0.000000
2 0.000000 0.000000 0.000000 0.185417 0.092188 0.231250 0.168750 0.245833 0.168750 0.204167 0.143750 0.193750 0.137500 0.122917 0.112500 0.135417 0.075000 0.089583 0.087500 0.062500 0.062500 0.027083 0.070312 0.000000
3 0.000000 0.533333 0.035937 0.525000 0.045312 0.512500 0.045312 0.493750 0.000000 0.493750
4 0.492188 0.472917 0.490625 0.506250 0.515625 0.529167 0.559375 0.539583 0.557813 0.520833 0.567187 0.483333 0.560937 0.479167 0.537500 0.479167 0.534375 0.468750 0.517188 0.464583
4 0.664062 0.456250 0.648438 0.654167 0.998437 0.960417 0.998437 0.437500
4 0.000000 0.283333 0.000000 0.491667 0.045312 0.491667 0.039062 0.522917 0.293750 0.491667 0.317188 0.422917
5 0.476562 0.337500 0.495312 0.364583 0.490625 0.447917 0.484375 0.456250 0.485938 0.483333 0.482812 0.472917 0.487500 0.506250 0.496875 0.360417
8 0.670312 0.435417 0.657813 0.404167 0.629687 0.387500 0.589063 0.404167 0.575000 0.437500 0.556250 0.404167 0.539062 0.406250 0.526563 0.425000 0.503125 0.420833 0.495312 0.408333 0.490625 0.475000 0.517188 0.462500 0.568750 0.481250 0.585938 0.454167 0.667188 0.452083
8 0.998437 0.052083 0.946875 0.095833 0.915625 0.154167 0.928125 0.200000 0.900000 0.258333 0.914062 0.283333 0.825000 0.368750 0.837500 0.414583 0.826562 0.445833 0.998437 0.435417
8 0.995313 0.000000 0.992188 0.002083 0.990625 0.014583 0.987500 0.016667 0.989062 0.020833 0.987500 0.029167 0.990625 0.035417 0.998437 0.041667 0.996875 0.043750 0.998437 0.045833 0.998437 0.000000
8 0.071875 0.000000 0.076563 0.089583 0.179688 0.160417 0.170313 0.245833 0.000000 0.187500 0.000000 0.281250 0.362500 0.418750 0.390625 0.485417 0.450000 0.450000 0.482812 0.487500 0.490625 0.404167 0.454688 0.337500 0.482812 0.245833 0.448437 0.154167 0.371875 0.097917 0.343750 0.125000 0.326562 0.035417 0.287500 0.027083 0.317188 0.000000 0.131250 0.000000 0.135937 0.031250
9 0.585938 0.597917 0.581250 0.710417 0.742188 0.997917 0.998437 0.997917 0.998437 0.962500 0.646875 0.654167 0.648438 0.604167
9 0.000000 0.545833 0.000000 0.608333 0.037500 0.591667 0.048438 0.581250 0.046875 0.572917 0.042188 0.570833 0.037500 0.562500
10 0.295312 0.231250 0.298438 0.262500 0.289062 0.270833 0.289062 0.279167 0.270313 0.302083 0.270313 0.331250 0.282813 0.331250 0.292187 0.314583 0.304688 0.320833 0.310937 0.314583 0.309375 0.295833 0.323437 0.295833 0.317188 0.275000 0.310937 0.268750 0.310937 0.250000 0.307812 0.243750 0.298438 0.241667
10 0.140625 0.120833 0.139063 0.135417 0.140625 0.152083 0.143750 0.156250 0.145313 0.193750 0.151562 0.197917 0.168750 0.200000 0.178125 0.189583 0.178125 0.160417 0.156250 0.150000 0.146875 0.122917
10 0.289062 0.018750 0.328125 0.035417 0.343750 0.122917 0.371875 0.095833 0.450000 0.154167 0.484375 0.245833 0.459375 0.358333 0.475000 0.404167 0.475000 0.337500 0.503125 0.418750 0.646875 0.210417 0.792188 0.214583 0.795312 0.256250 0.879687 0.241667 0.910937 0.287500 0.914062 0.154167 0.998437 0.050000 0.993750 0.000000
13 0.585938 0.456250 0.565625 0.489583 0.559375 0.537500 0.587500 0.554167 0.601562 0.577083 0.615625 0.570833 0.621875 0.585417 0.648438 0.593750 0.656250 0.568750 0.653125 0.485417 0.664062 0.475000 0.660937 0.458333 0.665625 0.454167
13 0.310937 0.431250 0.295312 0.483333 0.298438 0.497917 0.345313 0.502083 0.354687 0.512500 0.362500 0.512500 0.368750 0.497917 0.370312 0.506250 0.381250 0.506250 0.384375 0.466667 0.379688 0.435417 0.373437 0.427083 0.348438 0.416667 0.325000 0.416667