0 0.000000 0.570833 0.000000 0.997917 0.998437 0.997917 0.998437 0.868750 0.518750 0.497917 0.373437 0.504167 0.309375 0.593750 0.146875 0.541667
1 0.651563 0.608333 0.939063 0.793750 0.998437 0.866667 0.998437 0.768750 0.910937 0.722917 0.946875 0.716667 0.951562 0.629167
2 0.092188 0.175000 0.095312 0.212500 0.084375 0.222917 0.082812 0.266667 0.090625 0.266667 0.101562 0.243750 0.126562 0.239583 0.160938 0.247917 0.242188 0.300000 0.217188 0.170833 0.170313 0.164583 0.165625 0.177083 0.140625 0.187500
2 0.998437 0.045833 0.934375 0.100000 0.782813 0.062500 0.717187 0.250000 0.628125 0.239583 0.607812 0.356250 0.578125 0.354167 0.576562 0.470833 0.631250 0.356250 0.679688 0.381250 0.687500 0.491667 0.746875 0.497917 0.700000 0.450000 0.723437 0.364583 0.837500 0.314583 0.903125 0.416667 0.882812 0.508333 0.981250 0.525000
3 0.000000 0.322917 0.000000 0.568750 0.098437 0.558333 0.146875 0.539583 0.142187 0.508333 0.056250 0.506250 0.056250 0.366667 0.068750 0.352083
4 0.529687 0.504167 0.531250 0.525000 0.643750 0.606250 0.953125 0.631250 0.979688 0.529167 0.650000 0.489583 0.621875 0.466667 0.531250 0.479167
4 0.429688 0.462500 0.428125 0.468750 0.428125 0.495833 0.459375 0.495833 0.462500 0.491667 0.462500 0.485417 0.459375 0.481250 0.459375 0.475000 0.453125 0.464583 0.440625 0.464583 0.434375 0.460417
4 0.365625 0.437500 0.370312 0.447917 0.370312 0.460417 0.373437 0.462500 0.373437 0.502083 0.392188 0.502083 0.393750 0.452083 0.385937 0.443750 0.378125 0.441667 0.375000 0.437500
4 0.054688 0.497917 0.059375 0.508333 0.145313 0.508333 0.145313 0.479167 0.157812 0.454167 0.217188 0.406250 0.060937 0.358333
5 0.509375 0.302083 0.535937 0.333333 0.528125 0.522917 0.537500 0.333333
8 0.560937 0.404167 0.553125 0.416667 0.537500 0.416667 0.535937 0.420833 0.534375 0.477083 0.557813 0.470833 0.575000 0.470833 0.575000 0.447917 0.567187 0.445833 0.564063 0.437500 0.567187 0.410417 0.562500 0.410417
8 0.625000 0.360417 0.612500 0.391667 0.598437 0.466667 0.632812 0.466667 0.640625 0.472917 0.642188 0.485417 0.685937 0.491667 0.689063 0.439583 0.678125 0.381250 0.657813 0.366667
8 0.703125 0.418750 0.701562 0.450000 0.748437 0.497917 0.881250 0.508333 0.900000 0.477083 0.903125 0.425000 0.887500 0.366667 0.851562 0.320833 0.789062 0.316667 0.745313 0.339583
8 0.000000 0.000000 0.000000 0.320833 0.342187 0.404167 0.406250 0.506250 0.515625 0.458333 0.525000 0.512500 0.467187 0.072917 0.373437 0.062500 0.310937 0.135417 0.285938 0.333333 0.079687 0.252083 0.092188 0.172917 0.201563 0.122917 0.181250 0.043750 0.259375 0.108333 0.271875 0.000000
10 0.132812 0.104167 0.132812 0.112500 0.135937 0.114583 0.137500 0.127083 0.142187 0.131250 0.145313 0.131250 0.151562 0.139583 0.151562 0.143750 0.153125 0.143750 0.154688 0.147917 0.157812 0.147917 0.157812 0.129167 0.154688 0.127083 0.153125 0.114583
10 0.171875 0.162500 0.289062 0.331250 0.309375 0.135417 0.373437 0.060417 0.467187 0.070833 0.515625 0.195833 0.478125 0.337500 0.529687 0.420833 0.509375 0.300000 0.568750 0.408333 0.629687 0.235417 0.717187 0.247917 0.782813 0.060417 0.934375 0.097917 0.998437 0.000000 0.273438 0.000000 0.259375 0.110417 0.181250 0.045833
13 0.998437 0.500000 0.965625 0.560417 0.946875 0.679167 0.951562 0.735417 0.996875 0.766667
13 0.146875 0.479167 0.146875 0.533333 0.157812 0.554167 0.282813 0.575000 0.293750 0.591667 0.309375 0.591667 0.326562 0.550000 0.346875 0.543750 0.362500 0.560417 0.371875 0.525000 0.360938 0.427083 0.309375 0.393750 0.240625 0.389583 0.164062 0.447917