0 0.739062 0.997917 0.607812 0.743750 0.607812 0.645833 0.485938 0.491667 0.000000 0.560417 0.000000 0.997917
1 0.510938 0.525000 0.581250 0.600000 0.614062 0.595833 0.660937 0.612500 0.681250 0.595833 0.681250 0.583333 0.671875 0.581250 0.662500 0.597917 0.640625 0.600000 0.626563 0.579167 0.612500 0.587500 0.593750 0.560417
1 0.303125 0.508333 0.268750 0.495833 0.000000 0.531250 0.000000 0.558333 0.156250 0.529167 0.181250 0.533333 0.179688 0.552083
2 0.465625 0.479167 0.462500 0.475000 0.460938 0.460417 0.457813 0.456250 0.448437 0.456250 0.443750 0.468750 0.435937 0.468750 0.429688 0.462500 0.421875 0.462500 0.417187 0.466667 0.417187 0.472917 0.414062 0.475000 0.414062 0.483333 0.443750 0.483333 0.445312 0.481250 0.465625 0.483333
2 0.537500 0.406250 0.567187 0.406250 0.579688 0.435417 0.598437 0.397917 0.637500 0.385417 0.670312 0.404167 0.679688 0.454167 0.879687 0.454167 0.887500 0.356250 0.928125 0.300000 0.893750 0.239583 0.854688 0.268750 0.804688 0.252083 0.795312 0.208333 0.756250 0.239583 0.654687 0.206250 0.626563 0.293750 0.576562 0.285417
2 0.000000 0.000000 0.000000 0.185417 0.028125 0.206250 0.154688 0.239583 0.156250 0.200000 0.137500 0.191667 0.129688 0.108333 0.093750 0.122917 0.059375 0.075000 0.071875 0.045833 0.053125 0.027083 0.048438 0.000000
4 0.492188 0.477083 0.492188 0.506250 0.515625 0.529167 0.531250 0.537500 0.565625 0.543750 0.568750 0.508333 0.576562 0.485417 0.543750 0.483333 0.532813 0.468750 0.518750 0.466667 0.503125 0.468750
4 0.701562 0.458333 0.679688 0.493750 0.685937 0.679167 0.710938 0.704167 0.754687 0.689583 0.798438 0.729167 0.875000 0.862500 0.998437 0.977083 0.998437 0.447917
4 0.000000 0.285417 0.006250 0.529167 0.287500 0.493750 0.312500 0.425000
5 0.476562 0.337500 0.498437 0.366667 0.492188 0.447917 0.484375 0.456250 0.484375 0.489583 0.490625 0.506250 0.498437 0.360417
8 0.676562 0.427083 0.668750 0.404167 0.637500 0.387500 0.598437 0.400000 0.579688 0.437500 0.560937 0.404167 0.545312 0.402083 0.529687 0.420833 0.503125 0.420833 0.498437 0.410417 0.492188 0.475000 0.518750 0.464583 0.543750 0.481250 0.576562 0.483333 0.595313 0.454167 0.676562 0.452083
8 0.998437 0.064583 0.967187 0.081250 0.932813 0.145833 0.946875 0.166667 0.943750 0.214583 0.917188 0.241667 0.934375 0.264583 0.929688 0.304167 0.889062 0.356250 0.885938 0.454167 0.998437 0.445833
8 0.050000 0.000000 0.062500 0.079167 0.128125 0.104167 0.171875 0.183333 0.154688 0.241667 0.000000 0.187500 0.001563 0.285417 0.368750 0.422917 0.390625 0.487500 0.457813 0.454167 0.482812 0.489583 0.493750 0.406250 0.457813 0.325000 0.484375 0.245833 0.448437 0.145833 0.382812 0.139583 0.398438 0.104167 0.371875 0.087500 0.343750 0.114583 0.304688 0.000000
9 0.584375 0.602083 0.612500 0.660417 0.589063 0.685417 0.740625 0.997917 0.998437 0.997917 0.875000 0.864583 0.798438 0.731250 0.754687 0.691667 0.710938 0.706250 0.671875 0.681250 0.681250 0.602083
10 0.290625 0.225000 0.295312 0.260417 0.284375 0.268750 0.287500 0.272917 0.265625 0.297917 0.265625 0.329167 0.270313 0.335417 0.282813 0.331250 0.292187 0.316667 0.309375 0.318750 0.309375 0.295833 0.321875 0.295833 0.318750 0.279167 0.310937 0.268750 0.307812 0.243750 0.295312 0.235417
10 0.131250 0.112500 0.132812 0.139583 0.139063 0.170833 0.139063 0.191667 0.156250 0.195833 0.159375 0.189583 0.170313 0.183333 0.170313 0.158333 0.157812 0.145833 0.148438 0.143750 0.139063 0.118750
10 0.289062 0.006250 0.343750 0.112500 0.371875 0.085417 0.382812 0.137500 0.450000 0.145833 0.485938 0.245833 0.459375 0.352083 0.482812 0.406250 0.475000 0.337500 0.503125 0.418750 0.654687 0.204167 0.795312 0.206250 0.807813 0.252083 0.893750 0.237500 0.925000 0.285417 0.931250 0.145833 0.998437 0.062500 0.998437 0.000000
13 0.595313 0.456250 0.573438 0.493750 0.567187 0.543750 0.593750 0.558333 0.612500 0.585417 0.626563 0.577083 0.640625 0.597917 0.657813 0.597917 0.671875 0.579167 0.682813 0.581250 0.678125 0.493750 0.693750 0.483333 0.700000 0.458333
13 0.303125 0.437500 0.289062 0.485417 0.292187 0.500000 0.303125 0.506250 0.345313 0.508333 0.356250 0.518750 0.362500 0.516667 0.367188 0.502083 0.379688 0.510417 0.384375 0.466667 0.379688 0.437500 0.371875 0.427083 0.323437 0.416667