0 0.000000 0.743750 0.000000 0.997917 0.998437 0.997917 0.998437 0.829167 0.510938 0.497917 0.265625 0.535417 0.239063 0.664583 0.185938 0.635417
2 0.667188 0.154167 0.662500 0.162500 0.662500 0.177083 0.664062 0.179167 0.664062 0.183333 0.665625 0.185417 0.667188 0.183333 0.668750 0.185417 0.670312 0.185417 0.673438 0.179167 0.673438 0.175000 0.675000 0.172917 0.676562 0.172917 0.676562 0.164583 0.675000 0.162500 0.675000 0.156250
2 0.000000 0.060417 0.000000 0.122917 0.168750 0.247917 0.131250 0.087500
2 0.998437 0.000000 0.862500 0.000000 0.775000 0.216667 0.643750 0.191667 0.614062 0.339583 0.576562 0.339583 0.567187 0.477083 0.639062 0.468750 0.659375 0.325000 0.678125 0.350000 0.725000 0.287500 0.789062 0.312500 0.812500 0.481250 0.857812 0.485417 0.896875 0.314583 0.950000 0.245833 0.935937 0.220833 0.998437 0.185417
4 0.410938 0.460417 0.409375 0.464583 0.409375 0.502083 0.415625 0.502083 0.420312 0.497917 0.435937 0.497917 0.437500 0.489583 0.443750 0.485417 0.442188 0.483333 0.443750 0.477083 0.442188 0.468750 0.434375 0.462500 0.425000 0.464583 0.417187 0.460417
4 0.537500 0.479167 0.535937 0.533333 0.900000 0.787500 0.998437 0.827083 0.998437 0.504167 0.823438 0.491667 0.740625 0.452083 0.687500 0.454167 0.681250 0.479167 0.667188 0.458333
4 0.242188 0.412500 0.253125 0.441667 0.262500 0.445833 0.264062 0.535417 0.362500 0.508333 0.364063 0.447917 0.359375 0.435417 0.335938 0.431250 0.326562 0.420833 0.301563 0.435417
4 0.998437 0.187500 0.996875 0.191667 0.975000 0.197917 0.967187 0.206250 0.954688 0.208333 0.953125 0.212500 0.937500 0.220833 0.948438 0.222917 0.951562 0.233333 0.951562 0.245833 0.948438 0.250000 0.954688 0.245833 0.968750 0.225000 0.998437 0.202083
5 0.507812 0.254167 0.542188 0.300000 0.532813 0.533333 0.543750 0.297917 0.537500 0.281250
8 0.560937 0.381250 0.556250 0.393750 0.559375 0.402083 0.551562 0.404167 0.546875 0.400000 0.540625 0.414583 0.537500 0.477083 0.565625 0.477083 0.567187 0.450000 0.559375 0.435417 0.560937 0.412500 0.567187 0.395833 0.567187 0.383333
8 0.660937 0.325000 0.645312 0.456250 0.667188 0.456250 0.681250 0.477083 0.687500 0.452083 0.740625 0.450000 0.810937 0.477083 0.810937 0.372917 0.778125 0.300000 0.709375 0.289583 0.678125 0.352083
8 0.998437 0.204167 0.898438 0.314583 0.878125 0.397917 0.859375 0.416667 0.870313 0.458333 0.860938 0.487500 0.998437 0.502083
8 0.000000 0.125000 0.000000 0.252083 0.131250 0.293750 0.185938 0.325000 0.189062 0.285417 0.168750 0.250000
8 0.257812 0.058333 0.242188 0.122917 0.271875 0.231250 0.237500 0.287500 0.260937 0.316667 0.198437 0.337500 0.245312 0.412500 0.359375 0.433333 0.364063 0.508333 0.407813 0.506250 0.410938 0.458333 0.496875 0.495833 0.501563 0.454167 0.525000 0.512500 0.535937 0.412500 0.518750 0.483333 0.518750 0.420833 0.459375 0.322917 0.507812 0.150000 0.467187 0.014583 0.334375 0.000000 0.298438 0.075000
10 0.484375 0.400000 0.535937 0.410417 0.540625 0.300000 0.507812 0.252083 0.545312 0.297917 0.542188 0.412500 0.578125 0.335417 0.612500 0.339583 0.643750 0.189583 0.775000 0.214583 0.860938 0.000000 0.451562 0.000000 0.509375 0.135417 0.460938 0.322917
10 0.000000 0.000000 0.000000 0.058333 0.132812 0.087500 0.190625 0.331250 0.259375 0.316667 0.235937 0.287500 0.246875 0.233333 0.270313 0.231250 0.243750 0.158333 0.251563 0.068750 0.298438 0.072917 0.332813 0.000000
13 0.000000 0.254167 0.000000 0.741667 0.185938 0.633333 0.198437 0.664583 0.239063 0.662500 0.262500 0.562500 0.260937 0.445833 0.231250 0.368750 0.131250 0.295833