0 0.895312 0.910417 0.820312 0.681250 0.714063 0.675000 0.496875 0.497917 0.000000 0.587500 0.000000 0.997917 0.817187 0.997917 0.804688 0.927083
1 0.525000 0.531250 0.714063 0.672917 0.782813 0.700000 0.820312 0.679167 0.839063 0.793750 0.846875 0.756250 0.917188 0.789583 0.993750 0.758333 0.984375 0.656250 0.954688 0.683333 0.804688 0.641667 0.740625 0.664583 0.720313 0.625000 0.679688 0.633333 0.626563 0.572917
1 0.295312 0.525000 0.262500 0.504167 0.000000 0.543750 0.000000 0.585417 0.140625 0.568750 0.170313 0.581250
2 0.615625 0.475000 0.617188 0.479167 0.617188 0.495833 0.623437 0.497917 0.625000 0.500000 0.639062 0.500000 0.639062 0.497917 0.635938 0.495833 0.634375 0.487500 0.631250 0.483333 0.625000 0.481250 0.623437 0.477083 0.618750 0.472917
2 0.259375 0.264583 0.242188 0.283333 0.239063 0.293750 0.231250 0.306250 0.232813 0.325000 0.237500 0.327083 0.256250 0.325000 0.257812 0.329167 0.267188 0.331250
2 0.554688 0.445833 0.576562 0.397917 0.617188 0.445833 0.640625 0.395833 0.700000 0.381250 0.735938 0.454167 0.845313 0.470833 0.970313 0.570833 0.989062 0.650000 0.990625 0.220833 0.921875 0.247917 0.870313 0.229167 0.873437 0.181250 0.815625 0.216667 0.695312 0.181250 0.659375 0.291667 0.620313 0.252083
2 0.000000 0.010417 0.000000 0.143750 0.042188 0.168750 0.114062 0.179167 0.103125 0.083333 0.089063 0.045833 0.064062 0.039583 0.056250 0.062500 0.046875 0.060417
4 0.510938 0.485417 0.507812 0.516667 0.554688 0.558333 0.626563 0.570833 0.637500 0.502083 0.575000 0.493750 0.568750 0.479167 0.526563 0.475000 0.520312 0.485417
4 0.000000 0.302083 0.000000 0.541667 0.260937 0.506250 0.300000 0.425000
5 0.493750 0.333333 0.515625 0.362500 0.506250 0.518750 0.517188 0.360417
8 0.998437 0.627083 0.984375 0.654167 0.993750 0.664583 0.985938 0.693750 0.995313 0.758333 0.964063 0.789583 0.959375 0.814583 0.975000 0.860417 0.960938 0.885417 0.948438 0.885417 0.985938 0.912500 0.998437 0.939583
8 0.737500 0.431250 0.700000 0.383333 0.640625 0.397917 0.617188 0.447917 0.603125 0.412500 0.576562 0.400000 0.554688 0.447917 0.548438 0.414583 0.515625 0.427083 0.510938 0.483333 0.553125 0.472917 0.575000 0.491667 0.615625 0.495833 0.618750 0.470833 0.640625 0.500000 0.665625 0.460417 0.734375 0.454167
8 0.000000 0.000000 0.046875 0.058333 0.087500 0.041667 0.135937 0.135417 0.114062 0.181250 0.000000 0.145833 0.000000 0.300000 0.367188 0.422917 0.389062 0.495833 0.504687 0.462500 0.504687 0.500000 0.470313 0.356250 0.501563 0.241667 0.462500 0.135417 0.381250 0.122917 0.329688 0.175000 0.407813 0.045833 0.342187 0.058333 0.310937 0.000000
9 0.843750 0.760417 0.851562 0.831250 0.896875 0.914583 0.807813 0.927083 0.803125 0.975000 0.818750 0.997917 0.998437 0.997917 0.996875 0.937500 0.946875 0.887500 0.973437 0.860417 0.957812 0.814583 0.965625 0.791667 0.917188 0.791667
10 0.278125 0.189583 0.284375 0.231250 0.281250 0.237500 0.270313 0.235417 0.273438 0.252083 0.264062 0.254167 0.260937 0.268750 0.268750 0.331250 0.293750 0.337500 0.303125 0.320833 0.317188 0.325000 0.315625 0.291667 0.329688 0.291667 0.314063 0.256250 0.314063 0.237500 0.293750 0.200000 0.281250 0.197917
10 0.104688 0.079167 0.104688 0.102083 0.107813 0.104167 0.109375 0.129167 0.112500 0.133333 0.114062 0.166667 0.123438 0.150000 0.134375 0.143750 0.134375 0.135417 0.129688 0.129167 0.126562 0.083333
10 0.312500 0.000000 0.342187 0.056250 0.409375 0.045833 0.337500 0.183333 0.434375 0.112500 0.495312 0.195833 0.471875 0.356250 0.510938 0.414583 0.492188 0.333333 0.518750 0.429167 0.615625 0.252083 0.660937 0.287500 0.695312 0.179167 0.873437 0.179167 0.871875 0.229167 0.978125 0.214583 0.998437 0.262500 0.998437 0.000000
13 0.628125 0.585417 0.679688 0.631250 0.720313 0.622917 0.740625 0.662500 0.804688 0.639583 0.954688 0.681250 0.982812 0.654167 0.970313 0.572917 0.821875 0.464583 0.671875 0.458333 0.639062 0.502083
13 0.273438 0.466667 0.268750 0.489583 0.273438 0.518750 0.359375 0.537500 0.367188 0.516667 0.381250 0.529167 0.387500 0.514583 0.385937 0.452083 0.376563 0.431250 0.357812 0.420833 0.312500 0.416667 0.296875 0.429167