0 0.000000 0.602083 0.000000 0.997917 0.998437 0.997917 0.996875 0.893750 0.518750 0.500000 0.382812 0.504167 0.328125 0.577083 0.193750 0.535417
1 0.623437 0.591667 0.998437 0.893750 0.998437 0.791667 0.920312 0.764583 0.873437 0.708333 0.828125 0.687500 0.817187 0.616667
1 0.103125 0.550000 0.051562 0.556250 0.050000 0.560417 0.000000 0.570833 0.000000 0.600000 0.040625 0.581250 0.075000 0.575000 0.093750 0.562500
2 0.146875 0.222917 0.146875 0.272917 0.176563 0.266667 0.225000 0.287500 0.256250 0.312500 0.231250 0.181250 0.209375 0.185417 0.200000 0.206250
2 0.992188 0.087500 0.907813 0.133333 0.764062 0.097917 0.706250 0.264583 0.651563 0.254167 0.650000 0.218750 0.606250 0.360417 0.578125 0.362500 0.576562 0.468750 0.621875 0.368750 0.662500 0.389583 0.671875 0.493750 0.709375 0.497917 0.685937 0.406250 0.767188 0.335417 0.846875 0.379167 0.845313 0.502083 0.901563 0.435417 0.998437 0.422917
2 0.000000 0.000000 0.000000 0.022917 0.003125 0.022917 0.006250 0.027083 0.007812 0.033333 0.010937 0.033333 0.014063 0.039583 0.021875 0.039583 0.020313 0.018750 0.015625 0.008333 0.015625 0.002083 0.012500 0.000000
3 0.137500 0.508333 0.137500 0.512500 0.142187 0.512500 0.143750 0.516667 0.181250 0.516667 0.185938 0.514583 0.193750 0.520833 0.193750 0.510417 0.190625 0.508333 0.189062 0.510417 0.185938 0.508333
3 0.004687 0.306250 0.015625 0.316667 0.015625 0.325000 0.010937 0.327083 0.010937 0.331250 0.007812 0.335417 0.010937 0.337500 0.015625 0.358333 0.020313 0.360417 0.020313 0.352083 0.023438 0.343750 0.023438 0.331250 0.025000 0.325000 0.029687 0.320833 0.029687 0.316667 0.009375 0.306250
4 0.529687 0.489583 0.531250 0.525000 0.615625 0.589583 0.818750 0.616667 0.829688 0.550000 0.853125 0.508333 0.643750 0.493750 0.595313 0.470833
4 0.432812 0.464583 0.429688 0.479167 0.429688 0.495833 0.431250 0.497917 0.435937 0.495833 0.462500 0.495833 0.462500 0.489583 0.456250 0.481250 0.457813 0.477083 0.456250 0.475000 0.456250 0.468750
4 0.375000 0.439583 0.381250 0.456250 0.382812 0.502083 0.395313 0.500000 0.396875 0.491667 0.396875 0.447917 0.384375 0.443750 0.381250 0.437500
4 0.000000 0.568750 0.192188 0.537500 0.190625 0.518750 0.135937 0.508333 0.193750 0.508333 0.203125 0.458333 0.248438 0.414583 0.048438 0.333333 0.029687 0.375000 0.028125 0.325000 0.018750 0.362500 0.000000 0.306250
5 0.510938 0.310417 0.535937 0.345833 0.528125 0.522917 0.537500 0.345833
8 0.560937 0.408333 0.554688 0.420833 0.539062 0.420833 0.534375 0.427083 0.531250 0.481250 0.543750 0.481250 0.546875 0.472917 0.568750 0.475000 0.575000 0.468750 0.576562 0.450000 0.565625 0.443750 0.564063 0.431250 0.568750 0.416667 0.565625 0.416667
8 0.615625 0.372917 0.604688 0.400000 0.589063 0.468750 0.621875 0.472917 0.626563 0.487500 0.670312 0.491667 0.671875 0.437500 0.660937 0.389583 0.625000 0.377083 0.621875 0.370833
8 0.687500 0.406250 0.682813 0.456250 0.717187 0.500000 0.843750 0.502083 0.860938 0.452083 0.845313 0.379167 0.817187 0.345833 0.796875 0.337500 0.734375 0.350000 0.706250 0.372917
8 0.000000 0.025000 0.029687 0.372917 0.048438 0.331250 0.331250 0.402083 0.396875 0.500000 0.517188 0.460417 0.521875 0.512500 0.471875 0.091667 0.381250 0.079167 0.320312 0.150000 0.292187 0.337500 0.142187 0.247917 0.221875 0.181250 0.220312 0.091667 0.285938 0.147917 0.309375 0.000000
10 0.164062 0.133333 0.164062 0.137500 0.167187 0.137500 0.168750 0.141667 0.171875 0.143750 0.178125 0.160417 0.179688 0.170833 0.192188 0.172917 0.193750 0.166667 0.190625 0.158333 0.190625 0.145833 0.189062 0.141667 0.179688 0.143750 0.178125 0.139583 0.173437 0.139583 0.170313 0.135417
10 0.210938 0.158333 0.295312 0.335417 0.318750 0.150000 0.381250 0.077083 0.471875 0.089583 0.515625 0.197917 0.482812 0.354167 0.529687 0.425000 0.509375 0.310417 0.534375 0.425000 0.643750 0.218750 0.707812 0.260417 0.764062 0.095833 0.907813 0.131250 0.979688 0.081250 0.998437 0.154167 0.998437 0.000000 0.310937 0.000000 0.287500 0.147917 0.240625 0.085417
10 0.018750 0.000000 0.018750 0.008333 0.021875 0.018750 0.021875 0.031250 0.026562 0.043750 0.029687 0.043750 0.032813 0.037500 0.031250 0.025000 0.037500 0.014583 0.039062 0.000000
13 0.901563 0.437500 0.835938 0.535417 0.820312 0.672917 0.873437 0.706250 0.920312 0.762500 0.998437 0.789583 0.998437 0.425000
13 0.198437 0.475000 0.193750 0.522917 0.206250 0.550000 0.306250 0.558333 0.328125 0.575000 0.343750 0.541667 0.359375 0.537500 0.362500 0.550000 0.373437 0.550000 0.379688 0.537500 0.373437 0.435417 0.337500 0.406250 0.273438 0.395833 0.214062 0.445833