0 0.000000 0.614583 0.000000 0.997917 0.998437 0.997917 0.998437 0.904167 0.518750 0.502083 0.387500 0.502083 0.342187 0.566667 0.159375 0.539583
1 0.601562 0.587500 0.751563 0.725000 0.998437 0.902083 0.998437 0.797917 0.978125 0.770833 0.837500 0.716667 0.762500 0.652083 0.762500 0.612500
1 0.165625 0.543750 0.121875 0.541667 0.000000 0.560417 0.000000 0.612500 0.134375 0.575000 0.153125 0.564583
2 0.239063 0.191667 0.229687 0.187500 0.223438 0.212500 0.212500 0.225000 0.162500 0.239583 0.153125 0.258333 0.154688 0.281250 0.168750 0.289583 0.207813 0.287500 0.242188 0.300000 0.259375 0.314583
2 0.998437 0.183333 0.964063 0.172917 0.951562 0.108333 0.890625 0.156250 0.750000 0.118750 0.700000 0.270833 0.645312 0.260417 0.646875 0.229167 0.621875 0.260417 0.570312 0.470833 0.612500 0.377083 0.651563 0.397917 0.660937 0.495833 0.695312 0.497917 0.667188 0.460417 0.678125 0.395833 0.778125 0.345833 0.834375 0.445833 0.998437 0.427083
2 0.000000 0.000000 0.000000 0.037500 0.009375 0.039583 0.015625 0.047917 0.028125 0.054167 0.039062 0.070833 0.048438 0.075000 0.048438 0.043750 0.037500 0.027083 0.035937 0.000000
4 0.526563 0.497917 0.528125 0.525000 0.592187 0.579167 0.759375 0.610417 0.771875 0.535417 0.787500 0.510417 0.615625 0.493750 0.612500 0.479167 0.543750 0.477083
4 0.432812 0.468750 0.432812 0.477083 0.431250 0.479167 0.431250 0.495833 0.432812 0.497917 0.437500 0.497917 0.439063 0.495833 0.462500 0.495833 0.462500 0.489583 0.460938 0.489583 0.456250 0.481250 0.454688 0.468750 0.440625 0.468750 0.439063 0.466667 0.434375 0.466667
4 0.000000 0.558333 0.218750 0.531250 0.220312 0.468750 0.267188 0.416667 0.087500 0.352083 0.075000 0.327083 0.000000 0.310417
5 0.507812 0.318750 0.529687 0.341667 0.534375 0.356250 0.521875 0.504167 0.525000 0.522917 0.534375 0.347917 0.517188 0.322917
8 0.560937 0.410417 0.553125 0.425000 0.550000 0.420833 0.531250 0.427083 0.529687 0.481250 0.539062 0.483333 0.543750 0.475000 0.564063 0.475000 0.568750 0.470833 0.570312 0.458333 0.562500 0.443750 0.562500 0.431250 0.567187 0.418750 0.562500 0.416667
8 0.609375 0.379167 0.593750 0.418750 0.584375 0.470833 0.609375 0.475000 0.615625 0.491667 0.659375 0.495833 0.660937 0.439583 0.650000 0.397917
8 0.829688 0.410417 0.796875 0.358333 0.778125 0.347917 0.732812 0.354167 0.679688 0.395833 0.668750 0.460417 0.693750 0.481250 0.696875 0.497917 0.790625 0.506250 0.832812 0.445833
8 0.000000 0.039583 0.000000 0.308333 0.359375 0.414583 0.387500 0.500000 0.521875 0.502083 0.471875 0.102083 0.384375 0.089583 0.323437 0.160417 0.295312 0.339583 0.151562 0.258333 0.246875 0.179167 0.237500 0.118750 0.298438 0.168750 0.356250 0.000000 0.037500 0.000000 0.048438 0.077083
10 0.179688 0.145833 0.178125 0.150000 0.179688 0.158333 0.189062 0.162500 0.192188 0.166667 0.193750 0.177083 0.209375 0.181250 0.207813 0.164583 0.201563 0.158333 0.200000 0.160417 0.193750 0.160417 0.192188 0.156250 0.182812 0.152083
10 0.228125 0.175000 0.298438 0.337500 0.321875 0.160417 0.384375 0.087500 0.471875 0.100000 0.515625 0.214583 0.482812 0.360417 0.528125 0.425000 0.517188 0.320833 0.553125 0.422917 0.640625 0.227083 0.700000 0.268750 0.750000 0.116667 0.890625 0.154167 0.951562 0.106250 0.996875 0.183333 0.998437 0.000000 0.357812 0.000000 0.300000 0.168750 0.257812 0.114583
13 0.829688 0.447917 0.773438 0.535417 0.764062 0.652083 0.853125 0.725000 0.962500 0.758333 0.998437 0.795833 0.998437 0.429167
13 0.221875 0.468750 0.225000 0.543750 0.317188 0.550000 0.326562 0.564583 0.342187 0.564583 0.354687 0.533333 0.370312 0.547917 0.381250 0.539583 0.382812 0.456250 0.373437 0.427083 0.359375 0.416667 0.281250 0.404167