0 0.000000 0.591667 0.000000 0.997917 0.998437 0.997917 0.998437 0.833333 0.517188 0.500000
2 0.457813 0.456250 0.456250 0.458333 0.456250 0.462500 0.451562 0.468750 0.451562 0.485417 0.453125 0.487500 0.471875 0.487500 0.473438 0.489583 0.476562 0.489583 0.476562 0.483333 0.473438 0.475000 0.470313 0.472917 0.470313 0.458333 0.467187 0.456250
2 0.701562 0.118750 0.701562 0.120833 0.698438 0.122917 0.695312 0.129167 0.695312 0.147917 0.696875 0.152083 0.700000 0.154167 0.704688 0.154167 0.709375 0.141667 0.709375 0.127083 0.707812 0.125000 0.707812 0.120833 0.704688 0.118750
2 0.998437 0.000000 0.950000 0.004167 0.850000 0.202083 0.671875 0.160417 0.632812 0.335417 0.585938 0.331250 0.575000 0.477083 0.693750 0.477083 0.723437 0.295833 0.754687 0.354167 0.865625 0.191667 0.998437 0.204167
2 0.000000 0.000000 0.000000 0.225000 0.012500 0.233333 0.015625 0.260417 0.004687 0.306250 0.137500 0.329167 0.134375 0.243750 0.075000 0.000000
3 0.801562 0.462500 0.795312 0.462500 0.793750 0.458333 0.773438 0.460417 0.770312 0.466667 0.770312 0.477083 0.771875 0.479167 0.773438 0.489583 0.776563 0.491667 0.776563 0.489583 0.781250 0.485417 0.787500 0.485417 0.787500 0.483333 0.790625 0.481250 0.790625 0.479167 0.793750 0.477083 0.800000 0.466667 0.801562 0.466667
3 0.181250 0.379167 0.139063 0.362500 0.137500 0.504167 0.000000 0.510417 0.000000 0.589583 0.165625 0.556250 0.170313 0.389583
4 0.537500 0.483333 0.534375 0.493750 0.534375 0.514583 0.535937 0.516667 0.534375 0.529167 0.543750 0.539583 0.546875 0.483333
4 0.404687 0.452083 0.401562 0.466667 0.401562 0.500000 0.412500 0.495833 0.439063 0.495833 0.440625 0.491667 0.445312 0.491667 0.445312 0.487500 0.439063 0.481250 0.440625 0.472917 0.434375 0.456250 0.414062 0.456250 0.412500 0.452083
4 0.998437 0.831250 0.998437 0.450000 0.920312 0.454167 0.912500 0.497917 0.835938 0.493750 0.818750 0.462500 0.776563 0.493750 0.554688 0.483333 0.554688 0.547917
4 0.173437 0.385417 0.167187 0.552083 0.342187 0.508333 0.342187 0.422917 0.285938 0.393750 0.276562 0.408333 0.253125 0.410417
4 0.000000 0.325000 0.000000 0.508333 0.137500 0.502083 0.137500 0.362500
5 0.521875 0.208333 0.562500 0.264583 0.548438 0.545833 0.564063 0.260417
8 0.550000 0.397917 0.543750 0.408333 0.528125 0.410417 0.521875 0.510417 0.531250 0.525000 0.534375 0.520833 0.534375 0.487500 0.537500 0.481250 0.546875 0.481250 0.551562 0.439583
8 0.568750 0.381250 0.564063 0.379167 0.560937 0.385417 0.554688 0.481250 0.581250 0.483333 0.573438 0.477083 0.578125 0.441667 0.571875 0.441667 0.565625 0.433333 0.568750 0.404167 0.575000 0.387500 0.575000 0.377083
8 0.998437 0.206250 0.909375 0.177083 0.865625 0.193750 0.754687 0.356250 0.725000 0.295833 0.696875 0.477083 0.767188 0.481250 0.793750 0.456250 0.832812 0.464583 0.835938 0.491667 0.912500 0.495833 0.920312 0.452083 0.998437 0.447917
8 0.000000 0.227083 0.000000 0.322917 0.343750 0.422917 0.346875 0.510417 0.400000 0.506250 0.404687 0.450000 0.490625 0.495833 0.506250 0.454167 0.518750 0.500000 0.525000 0.416667 0.464062 0.304167 0.523438 0.095833 0.504687 0.002083 0.229687 0.000000 0.242188 0.164583 0.203125 0.243750 0.231250 0.270833 0.167187 0.306250 0.142187 0.260417 0.137500 0.331250 0.004687 0.308333
10 0.484375 0.391667 0.553125 0.406250 0.560937 0.264583 0.521875 0.206250 0.565625 0.260417 0.576562 0.379167 0.585938 0.329167 0.631250 0.335417 0.671875 0.158333 0.850000 0.200000 0.951562 0.000000 0.498437 0.000000 0.525000 0.095833 0.465625 0.302083
10 0.076563 0.000000 0.135937 0.243750 0.131250 0.266667 0.145313 0.258333 0.167187 0.304167 0.228125 0.275000 0.201563 0.243750 0.203125 0.222917 0.220312 0.214583 0.212500 0.179167 0.240625 0.164583 0.215625 0.095833 0.212500 0.047917 0.228125 0.000000