0 0.000000 0.614583 0.000000 0.997917 0.998437 0.997917 0.996875 0.822917 0.518750 0.500000
1 0.843750 0.725000 0.998437 0.822917 0.998437 0.802083 0.884375 0.731250
1 0.739062 0.656250 0.743750 0.658333 0.745313 0.662500 0.753125 0.664583 0.754687 0.668750 0.759375 0.668750 0.764062 0.675000 0.768750 0.675000 0.776563 0.683333 0.798438 0.693750 0.789062 0.679167 0.776563 0.670833 0.767188 0.668750 0.748437 0.656250
2 0.448437 0.468750 0.448437 0.487500 0.464062 0.487500 0.465625 0.491667 0.473438 0.491667 0.473438 0.477083 0.470313 0.472917 0.470313 0.468750 0.467187 0.462500 0.457813 0.458333 0.451562 0.468750
2 0.373437 0.385417 0.370312 0.391667 0.371875 0.395833 0.382812 0.410417 0.390625 0.429167 0.398438 0.435417 0.401562 0.427083 0.401562 0.412500 0.395313 0.404167 0.389062 0.400000 0.382812 0.391667 0.379688 0.383333
2 0.703125 0.100000 0.651563 0.316667 0.592187 0.322917 0.581250 0.481250 0.804688 0.466667 0.850000 0.193750 0.889062 0.258333 0.895312 0.450000 0.942187 0.506250 0.998437 0.258333 0.998437 0.104167 0.957812 0.158333
2 0.743750 0.052083 0.734375 0.052083 0.732812 0.054167 0.732812 0.058333 0.729688 0.066667 0.729688 0.081250 0.734375 0.091667 0.739062 0.091667 0.743750 0.081250 0.743750 0.075000 0.746875 0.070833 0.746875 0.066667 0.743750 0.058333
2 0.000000 0.029167 0.000000 0.289583 0.023438 0.293750 0.043750 0.327083 0.054688 0.216667
3 0.771875 0.464583 0.714063 0.464583 0.717187 0.529167 0.720313 0.537500 0.725000 0.537500 0.728125 0.531250 0.732812 0.504167 0.750000 0.487500 0.756250 0.472917
3 0.904687 0.452083 0.829688 0.456250 0.834375 0.512500 0.823438 0.677083 0.834375 0.714583 0.860938 0.714583 0.868750 0.497917 0.879687 0.475000 0.910937 0.479167 0.915625 0.458333
3 0.396875 0.452083 0.392188 0.468750 0.390625 0.502083 0.393750 0.502083 0.392188 0.497917 0.395313 0.487500 0.398438 0.489583 0.398438 0.495833 0.401562 0.497917 0.401562 0.502083 0.412500 0.500000 0.412500 0.483333 0.415625 0.481250 0.417187 0.475000 0.415625 0.462500 0.410938 0.458333 0.404687 0.458333 0.403125 0.452083 0.401562 0.456250 0.398438 0.456250
3 0.185938 0.391667 0.192188 0.393750 0.201563 0.391667 0.212500 0.395833 0.217188 0.402083 0.218750 0.408333 0.225000 0.402083 0.226562 0.379167 0.220312 0.372917 0.196875 0.370833 0.193750 0.379167 0.195312 0.387500 0.192188 0.393750
4 0.554688 0.479167 0.553125 0.483333 0.546875 0.483333 0.546875 0.537500 0.559375 0.545833 0.565625 0.554167 0.568750 0.554167 0.571875 0.518750 0.571875 0.479167
4 0.579688 0.483333 0.578125 0.562500 0.998437 0.800000 0.998437 0.504167 0.939063 0.479167 0.926562 0.514583 0.912500 0.477083 0.875000 0.481250 0.848437 0.718750 0.821875 0.677083 0.831250 0.468750 0.764062 0.468750 0.725000 0.539583 0.714063 0.485417
4 0.418750 0.458333 0.417187 0.462500 0.418750 0.475000 0.417187 0.481250 0.414062 0.483333 0.414062 0.500000 0.426563 0.500000 0.435937 0.495833 0.443750 0.495833 0.446875 0.491667 0.446875 0.468750 0.443750 0.470833 0.442188 0.468750 0.435937 0.468750 0.428125 0.458333
4 0.000000 0.347917 0.000000 0.612500 0.306250 0.527083 0.307812 0.425000 0.228125 0.383333 0.218750 0.410417
5 0.535937 0.137500 0.589063 0.210417 0.575000 0.564583 0.590625 0.202083
8 0.998437 0.260417 0.975000 0.312500 0.960938 0.406250 0.964063 0.502083 0.998437 0.502083
8 0.850000 0.195833 0.810937 0.352083 0.809375 0.468750 0.829688 0.466667 0.829688 0.454167 0.895312 0.445833 0.887500 0.258333 0.873437 0.214583 0.859375 0.218750
8 0.000000 0.291667 0.003125 0.350000 0.303125 0.416667 0.307812 0.529167 0.379688 0.518750 0.396875 0.450000 0.482812 0.495833 0.501563 0.452083 0.545312 0.529167 0.575000 0.370833 0.526563 0.462500 0.457813 0.277083 0.525000 0.000000 0.159375 0.000000 0.164062 0.277083 0.051562 0.254167 0.043750 0.329167
9 0.515625 0.508333 0.518750 0.522917 0.521875 0.529167 0.525000 0.529167 0.529687 0.533333 0.545312 0.535417 0.545312 0.531250 0.531250 0.518750 0.528125 0.514583 0.528125 0.510417 0.525000 0.510417 0.521875 0.504167 0.518750 0.504167 0.518750 0.506250
10 0.471875 0.360417 0.518750 0.412500 0.579688 0.375000 0.587500 0.210417 0.535937 0.135417 0.592187 0.202083 0.585938 0.352083 0.595313 0.312500 0.650000 0.316667 0.703125 0.097917 0.965625 0.154167 0.998437 0.000000 0.526563 0.000000 0.459375 0.272917
10 0.000000 0.000000 0.053125 0.195833 0.051562 0.252083 0.162500 0.277083 0.159375 0.250000 0.173437 0.227083 0.146875 0.227083 0.139063 0.189583 0.159375 0.162500 0.150000 0.122917 0.184375 0.100000 0.185938 0.077083 0.162500 0.062500 0.157812 0.000000