0 0.000000 0.606250 0.000000 0.997917 0.998437 0.997917 0.998437 0.831250 0.525000 0.497917
2 0.456250 0.472917 0.456250 0.483333 0.460938 0.483333 0.462500 0.485417 0.478125 0.485417 0.479687 0.487500 0.479687 0.479167 0.478125 0.477083 0.478125 0.470833 0.471875 0.466667 0.468750 0.462500 0.467187 0.462500 0.462500 0.468750 0.459375 0.468750
2 0.731250 0.079167 0.728125 0.079167 0.725000 0.083333 0.721875 0.091667 0.721875 0.110417 0.725000 0.114583 0.725000 0.116667 0.731250 0.116667 0.735938 0.104167 0.735938 0.083333 0.734375 0.083333
2 0.998437 0.029167 0.918750 0.175000 0.695312 0.125000 0.648438 0.325000 0.593750 0.331250 0.581250 0.477083 0.756250 0.458333 0.793750 0.243750 0.837500 0.493750 0.871875 0.272917 0.998437 0.143750
2 0.000000 0.000000 0.000000 0.289583 0.096875 0.314583 0.103125 0.214583 0.046875 0.008333
3 0.976562 0.445833 0.981250 0.529167 0.964063 0.804167 0.998437 0.829167 0.998437 0.439583
3 0.029687 0.316667 0.000000 0.316667 0.007812 0.343750 0.000000 0.604167 0.054688 0.589583 0.064062 0.572917 0.071875 0.358333 0.082812 0.345833
4 0.565625 0.477083 0.546875 0.479167 0.546875 0.529167 0.550000 0.535417 0.553125 0.535417 0.559375 0.543750 0.562500 0.539583
4 0.573438 0.479167 0.571875 0.552083 0.962500 0.802083 0.978125 0.483333 0.831250 0.497917 0.790625 0.458333
4 0.404687 0.447917 0.398438 0.500000 0.403125 0.502083 0.414062 0.495833 0.453125 0.491667 0.454688 0.466667 0.451562 0.479167 0.450000 0.468750 0.443750 0.466667 0.442188 0.456250 0.423438 0.456250
4 0.073438 0.358333 0.060937 0.585417 0.329688 0.516667 0.334375 0.425000 0.262500 0.379167 0.217188 0.395833
4 0.001563 0.327083 0.000000 0.516667 0.006250 0.475000 0.003125 0.445833 0.006250 0.343750
5 0.537500 0.168750 0.582812 0.237500 0.567187 0.552083 0.584375 0.229167
8 0.571875 0.375000 0.565625 0.381250 0.562500 0.402083 0.554688 0.393750 0.551562 0.402083 0.535937 0.406250 0.531250 0.508333 0.545312 0.522917 0.545312 0.479167 0.567187 0.470833
8 0.789062 0.245833 0.760938 0.368750 0.756250 0.456250 0.790625 0.456250 0.800000 0.477083 0.825000 0.477083 0.820312 0.295833 0.809375 0.260417
8 0.998437 0.145833 0.973437 0.156250 0.957812 0.206250 0.873437 0.272917 0.839063 0.391667 0.840625 0.495833 0.903125 0.491667 0.909375 0.472917 0.975000 0.485417 0.976562 0.441667 0.998437 0.437500
8 0.000000 0.291667 0.331250 0.416667 0.335938 0.516667 0.392188 0.512500 0.404687 0.445833 0.490625 0.491667 0.507812 0.450000 0.526563 0.497917 0.532813 0.412500 0.490625 0.397917 0.467187 0.285417 0.528125 0.010417 0.193750 0.002083 0.221875 0.133333 0.182812 0.195833 0.212500 0.243750 0.190625 0.289583 0.126562 0.258333 0.096875 0.316667
9 0.521875 0.504167 0.520312 0.512500 0.526563 0.522917 0.526563 0.525000 0.528125 0.525000 0.531250 0.529167 0.537500 0.529167 0.539062 0.531250 0.543750 0.531250 0.546875 0.533333 0.545312 0.525000 0.542188 0.520833 0.537500 0.518750 0.535937 0.514583 0.534375 0.514583 0.532813 0.510417 0.528125 0.508333 0.526563 0.504167
10 0.492188 0.397917 0.573438 0.372917 0.581250 0.237500 0.537500 0.166667 0.585938 0.229167 0.584375 0.377083 0.598437 0.316667 0.646875 0.325000 0.695312 0.122917 0.918750 0.172917 0.998437 0.000000 0.514062 0.000000 0.534375 0.058333 0.468750 0.285417
10 0.045312 0.000000 0.104688 0.214583 0.100000 0.272917 0.146875 0.258333 0.187500 0.293750 0.210938 0.243750 0.182812 0.233333 0.181250 0.195833 0.200000 0.185417 0.192188 0.145833 0.220312 0.133333 0.220312 0.104167 0.198437 0.087500 0.196875 0.000000