0 0.000000 0.616667 0.000000 0.997917 0.998437 0.997917 0.998437 0.810417 0.631250 0.622917 0.490625 0.487500
1 0.871875 0.739583 0.893750 0.756250 0.998437 0.808333 0.996875 0.802083
1 0.631250 0.545833 0.626563 0.543750 0.623437 0.550000 0.615625 0.550000 0.614062 0.560417 0.610938 0.564583 0.606250 0.562500 0.589063 0.562500 0.589063 0.564583 0.610938 0.579167 0.612500 0.570833 0.617188 0.575000 0.621875 0.572917 0.626563 0.579167 0.626563 0.583333 0.629687 0.579167
2 0.428125 0.450000 0.423438 0.445833 0.410938 0.445833 0.406250 0.452083 0.406250 0.477083 0.410938 0.477083 0.412500 0.460417 0.414062 0.458333 0.429688 0.458333 0.428125 0.456250
2 0.250000 0.329167 0.251563 0.337500 0.275000 0.347917 0.292187 0.375000 0.301563 0.377083 0.307812 0.402083 0.332813 0.414583 0.340625 0.433333 0.345313 0.389583 0.318750 0.352083 0.318750 0.320833 0.306250 0.300000 0.293750 0.291667 0.285938 0.320833
2 0.573438 0.262500 0.550000 0.381250 0.562500 0.408333 0.562500 0.460417 0.612500 0.464583 0.620313 0.420833 0.637500 0.418750 0.643750 0.272917
2 0.728125 0.000000 0.662500 0.247917 0.675000 0.275000 0.654687 0.277083 0.648438 0.418750 0.671875 0.427083 0.670312 0.460417 0.998437 0.466667 0.998437 0.000000
4 0.543750 0.466667 0.543750 0.535417 0.626563 0.593750 0.587500 0.564583 0.612500 0.560417 0.612500 0.466667
4 0.654687 0.458333 0.653125 0.618750 0.998437 0.802083 0.996875 0.466667
4 0.304688 0.514583 0.401562 0.487500 0.404687 0.456250 0.382812 0.452083 0.381250 0.443750 0.364063 0.437500 0.354687 0.443750 0.353125 0.437500 0.312500 0.431250 0.312500 0.497917
4 0.000000 0.325000 0.004687 0.614583 0.029687 0.600000 0.018750 0.547917 0.026562 0.487500 0.014063 0.366667
8 0.665625 0.422917 0.656250 0.425000 0.654687 0.420833 0.648438 0.420833 0.646875 0.502083 0.650000 0.500000 0.650000 0.475000 0.653125 0.458333 0.657813 0.454167 0.665625 0.454167 0.668750 0.460417 0.670312 0.456250 0.670312 0.427083
8 0.626563 0.416667 0.620313 0.425000 0.621875 0.445833 0.614062 0.464583 0.614062 0.506250 0.634375 0.506250 0.634375 0.452083 0.637500 0.450000 0.637500 0.420833
8 0.537500 0.341667 0.529687 0.354167 0.523438 0.352083 0.518750 0.379167 0.512500 0.372917 0.500000 0.379167 0.498437 0.491667 0.506250 0.506250 0.542188 0.533333 0.542188 0.466667 0.560937 0.460417 0.562500 0.441667 0.560937 0.408333 0.545312 0.381250 0.543750 0.352083
8 0.000000 0.000000 0.031250 0.600000 0.301563 0.522917 0.337500 0.431250 0.248438 0.335417 0.293750 0.289583 0.342187 0.433333 0.435937 0.481250 0.470313 0.433333 0.490625 0.485417 0.496875 0.379167 0.442188 0.381250 0.403125 0.160417 0.442188 0.000000
9 0.612500 0.508333 0.612500 0.533333 0.623437 0.533333 0.625000 0.535417 0.631250 0.535417 0.631250 0.531250 0.632812 0.529167 0.632812 0.508333
9 0.482812 0.493750 0.482812 0.497917 0.490625 0.504167 0.492188 0.514583 0.496875 0.516667 0.500000 0.525000 0.510938 0.535417 0.520312 0.537500 0.539062 0.533333 0.517188 0.518750 0.506250 0.508333 0.504687 0.502083 0.500000 0.497917 0.495312 0.497917 0.493750 0.493750
10 0.373437 0.270833 0.370312 0.270833 0.368750 0.275000 0.364063 0.277083 0.359375 0.275000 0.364063 0.293750 0.353125 0.302083 0.351562 0.314583 0.356250 0.335417 0.360938 0.329167 0.362500 0.312500 0.367188 0.302083 0.371875 0.297917
10 0.726562 0.000000 0.662500 0.000000 0.654687 0.275000 0.673438 0.275000 0.660937 0.262500
10 0.653125 0.000000 0.439063 0.004167 0.428125 0.145833 0.404687 0.160417 0.445312 0.260417 0.420312 0.275000 0.443750 0.381250 0.496875 0.377083 0.479687 0.341667 0.518750 0.377083 0.537500 0.339583 0.548438 0.381250 0.573438 0.260417 0.643750 0.270833
15 0.414062 0.460417 0.414062 0.468750 0.412500 0.470833 0.412500 0.477083 0.434375 0.477083 0.434375 0.460417