0 0.000000 0.620833 0.000000 0.997917 0.998437 0.997917 0.996875 0.808333 0.506250 0.493750
1 0.692187 0.633333 0.837500 0.712500 0.770312 0.666667 0.709375 0.635417
2 0.446875 0.447917 0.443750 0.452083 0.443750 0.458333 0.440625 0.462500 0.439063 0.483333 0.464062 0.487500 0.465625 0.485417 0.465625 0.468750 0.462500 0.462500 0.462500 0.454167 0.451562 0.447917
2 0.350000 0.329167 0.346875 0.350000 0.331250 0.364583 0.328125 0.375000 0.337500 0.375000 0.343750 0.383333 0.350000 0.383333 0.362500 0.404167 0.364063 0.418750 0.382812 0.431250 0.384375 0.404167 0.365625 0.381250 0.360938 0.337500 0.354687 0.329167
2 0.600000 0.289583 0.585938 0.337500 0.571875 0.420833 0.581250 0.445833 0.578125 0.475000 0.609375 0.477083 0.618750 0.293750
2 0.742188 0.012500 0.668750 0.297917 0.626563 0.295833 0.618750 0.477083 0.651563 0.435417 0.685937 0.477083 0.998437 0.491667 0.998437 0.077083 0.787500 0.000000
4 0.618750 0.481250 0.618750 0.589583 0.876563 0.706250 0.895312 0.652083 0.921875 0.637500 0.998437 0.668750 0.998437 0.493750
4 0.557813 0.479167 0.556250 0.537500 0.603125 0.572917 0.607812 0.479167
4 0.368750 0.443750 0.360938 0.504167 0.364063 0.512500 0.384375 0.502083 0.403125 0.502083 0.435937 0.491667 0.439063 0.462500 0.423438 0.460417 0.417187 0.452083
4 0.003125 0.306250 0.000000 0.616667 0.218750 0.547917 0.215625 0.381250
5 0.554688 0.000000 0.628125 0.093750 0.612500 0.591667 0.634375 0.102083 0.606250 0.041667
8 0.635938 0.443750 0.635938 0.464583 0.632812 0.475000 0.673438 0.475000 0.675000 0.470833 0.675000 0.445833 0.665625 0.439583 0.653125 0.439583 0.651563 0.437500 0.640625 0.437500
8 0.567187 0.358333 0.553125 0.364583 0.550000 0.389583 0.539062 0.385417 0.535937 0.393750 0.526563 0.393750 0.521875 0.500000 0.554688 0.535417 0.556250 0.479167 0.576562 0.475000 0.579688 0.452083 0.571875 0.433333 0.575000 0.377083
8 0.028125 0.000000 0.000000 0.283333 0.215625 0.379167 0.220312 0.547917 0.357812 0.522917 0.370312 0.439583 0.456250 0.447917 0.479687 0.491667 0.498437 0.443750 0.517188 0.495833 0.523438 0.395833 0.473438 0.391667 0.443750 0.222917 0.501563 0.085417 0.470313 0.062500 0.484375 0.000000
9 0.821875 0.695833 0.890625 0.752083 0.998437 0.808333 0.996875 0.664583 0.981250 0.650000 0.950000 0.639583 0.898438 0.650000 0.896875 0.685417 0.881250 0.708333
9 0.509375 0.502083 0.509375 0.506250 0.514062 0.512500 0.518750 0.525000 0.529687 0.537500 0.534375 0.539583 0.553125 0.539583 0.554688 0.537500 0.551562 0.531250 0.548438 0.531250 0.543750 0.525000 0.531250 0.516667 0.525000 0.504167 0.521875 0.502083 0.520312 0.504167 0.517188 0.500000
10 0.789062 0.000000 0.789062 0.018750 0.998437 0.075000 0.998437 0.000000
10 0.785937 0.004167 0.570312 0.000000 0.634375 0.093750 0.626563 0.293750 0.667188 0.297917 0.739062 0.014583 0.782813 0.018750
10 0.553125 0.000000 0.485938 0.000000 0.471875 0.062500 0.493750 0.060417 0.503125 0.085417 0.476562 0.097917 0.464062 0.212500 0.445312 0.220833 0.478125 0.306250 0.456250 0.314583 0.475000 0.391667 0.500000 0.404167 0.523438 0.393750 0.507812 0.362500 0.535937 0.391667 0.567187 0.356250 0.576562 0.387500 0.595313 0.291667 0.620313 0.283333 0.626563 0.093750
10 0.026562 0.000000 0.000000 0.000000 0.000000 0.189583 0.010937 0.189583 0.032813 0.162500 0.017188 0.112500 0.021875 0.075000 0.034375 0.064583 0.040625 0.047917