0 0.000000 0.612500 0.000000 0.997917 0.998437 0.997917 0.996875 0.802083 0.631250 0.618750 0.487500 0.485417
1 0.815625 0.706250 0.998437 0.802083 0.996875 0.791667
1 0.625000 0.535417 0.618750 0.543750 0.610938 0.539583 0.610938 0.556250 0.607812 0.560417 0.590625 0.560417 0.601562 0.570833 0.610938 0.572917 0.623437 0.585417
2 0.410938 0.452083 0.409375 0.456250 0.409375 0.477083 0.435937 0.477083 0.435937 0.464583 0.434375 0.460417 0.429688 0.458333 0.421875 0.450000 0.420312 0.450000 0.417187 0.456250 0.415625 0.456250 0.414062 0.452083
2 0.259375 0.331250 0.260937 0.343750 0.293750 0.362500 0.320312 0.408333 0.337500 0.414583 0.345313 0.429167 0.350000 0.389583 0.321875 0.350000 0.321875 0.318750 0.310937 0.302083 0.298438 0.295833 0.292187 0.322917 0.271875 0.333333
2 0.575000 0.264583 0.553125 0.370833 0.562500 0.404167 0.562500 0.460417 0.612500 0.462500 0.621875 0.425000 0.631250 0.418750 0.635938 0.275000
2 0.726562 0.000000 0.659375 0.254167 0.671875 0.277083 0.646875 0.275000 0.642188 0.418750 0.668750 0.420833 0.678125 0.464583 0.864062 0.454167 0.993750 0.481250 0.998437 0.000000
4 0.545312 0.466667 0.546875 0.537500 0.621875 0.589583 0.589063 0.560417 0.609375 0.556250 0.610938 0.464583
4 0.648438 0.456250 0.643750 0.608333 0.998437 0.793750 0.998437 0.477083
4 0.312500 0.512500 0.404687 0.487500 0.407813 0.456250 0.387500 0.452083 0.382812 0.443750 0.367188 0.437500 0.360938 0.441667 0.318750 0.431250 0.315625 0.458333 0.318750 0.493750
4 0.000000 0.320833 0.000000 0.610417 0.054688 0.589583 0.050000 0.552083 0.057813 0.493750 0.051562 0.354167
8 0.629687 0.422917 0.623437 0.425000 0.621875 0.429167 0.623437 0.439583 0.620313 0.454167 0.612500 0.464583 0.612500 0.502083 0.615625 0.502083 0.617188 0.506250 0.626563 0.506250
8 0.668750 0.422917 0.642188 0.420833 0.640625 0.506250 0.645312 0.502083 0.646875 0.456250 0.657813 0.454167 0.662500 0.464583 0.668750 0.456250
8 0.539062 0.341667 0.523438 0.354167 0.520312 0.379167 0.514062 0.370833 0.501563 0.379167 0.500000 0.491667 0.507812 0.506250 0.542188 0.529167 0.542188 0.468750 0.560937 0.460417 0.562500 0.433333 0.560937 0.404167 0.548438 0.381250 0.548438 0.362500
8 0.000000 0.000000 0.000000 0.318750 0.053125 0.354167 0.054688 0.585417 0.256250 0.558333 0.312500 0.516667 0.318750 0.429167 0.439063 0.481250 0.467187 0.433333 0.493750 0.487500 0.498437 0.379167 0.443750 0.379167 0.407813 0.170833 0.440625 0.014583 0.471875 0.000000
9 0.612500 0.504167 0.610938 0.508333 0.610938 0.516667 0.609375 0.518750 0.609375 0.529167 0.610938 0.533333 0.626563 0.533333 0.626563 0.508333 0.617188 0.508333 0.615625 0.504167
9 0.484375 0.493750 0.492188 0.504167 0.492188 0.510417 0.506250 0.529167 0.515625 0.535417 0.542188 0.533333 0.507812 0.508333 0.501563 0.493750 0.498437 0.497917 0.495312 0.491667
10 0.376563 0.275000 0.371875 0.281250 0.365625 0.281250 0.367188 0.300000 0.364063 0.304167 0.359375 0.302083 0.357812 0.306250 0.357812 0.331250 0.359375 0.335417 0.364063 0.325000 0.364063 0.314583 0.368750 0.308333 0.368750 0.302083 0.375000 0.297917 0.376563 0.293750 0.376563 0.281250 0.378125 0.279167
10 0.725000 0.000000 0.654687 0.000000 0.650000 0.275000 0.670312 0.277083 0.657813 0.254167
10 0.645312 0.000000 0.442188 0.014583 0.453125 0.039583 0.429688 0.052083 0.431250 0.154167 0.409375 0.170833 0.448437 0.264583 0.423438 0.279167 0.446875 0.381250 0.496875 0.381250 0.481250 0.341667 0.520312 0.377083 0.539062 0.339583 0.551562 0.381250 0.575000 0.262500 0.635938 0.272917