0 0.000000 0.600000 0.000000 0.997917 0.998437 0.997917 0.998437 0.829167 0.520312 0.500000
1 0.340625 0.514583 0.123438 0.568750 0.217188 0.547917 0.240625 0.550000 0.251563 0.564583 0.276562 0.539583
2 0.454688 0.479167 0.454688 0.483333 0.456250 0.485417 0.460938 0.485417 0.462500 0.487500 0.478125 0.487500 0.478125 0.479167 0.473438 0.472917 0.470313 0.464583 0.467187 0.464583 0.464062 0.466667 0.464062 0.468750 0.460938 0.470833 0.460938 0.475000 0.457813 0.479167
2 0.717187 0.102083 0.710938 0.118750 0.712500 0.122917 0.712500 0.127083 0.710938 0.129167 0.714063 0.131250 0.715625 0.137500 0.721875 0.137500 0.721875 0.135417 0.725000 0.131250 0.726562 0.108333 0.723437 0.102083
2 0.998437 0.000000 0.884375 0.193750 0.687500 0.145833 0.643750 0.331250 0.593750 0.327083 0.584375 0.483333 0.725000 0.470833 0.760938 0.272917 0.784375 0.293750 0.792188 0.402083 0.815625 0.302083 0.998437 0.106250
2 0.000000 0.000000 0.000000 0.295833 0.121875 0.320833 0.121875 0.229167 0.064062 0.000000
3 0.870313 0.525000 0.859375 0.554167 0.856250 0.716667 0.864062 0.735417 0.889062 0.739583 0.887500 0.716667 0.878125 0.708333 0.889062 0.552083 0.884375 0.533333
3 0.862500 0.508333 0.868750 0.518750 0.881250 0.518750 0.882812 0.512500 0.895312 0.508333 0.898438 0.479167 0.932813 0.468750 0.951562 0.472917 0.954688 0.466667 0.920312 0.454167 0.898438 0.456250 0.893750 0.452083 0.865625 0.458333
3 0.128125 0.354167 0.078125 0.339583 0.089063 0.370833 0.081250 0.508333 0.000000 0.514583 0.000000 0.597917 0.120313 0.568750 0.129688 0.372917 0.137500 0.364583
4 0.546875 0.483333 0.543750 0.493750 0.543750 0.525000 0.542188 0.529167 0.554688 0.543750 0.556250 0.537500 0.556250 0.508333 0.559375 0.495833 0.559375 0.483333
4 0.565625 0.483333 0.565625 0.554167 0.998437 0.827083 0.998437 0.500000 0.960938 0.497917 0.957812 0.468750 0.901563 0.479167 0.876563 0.522917 0.862500 0.477083
4 0.406250 0.452083 0.401562 0.500000 0.407813 0.502083 0.420312 0.495833 0.445312 0.495833 0.446875 0.491667 0.453125 0.491667 0.453125 0.468750 0.445312 0.466667 0.440625 0.458333 0.420312 0.456250 0.409375 0.450000
4 0.132812 0.368750 0.123438 0.564583 0.340625 0.512500 0.342187 0.416667 0.281250 0.387500 0.240625 0.404167
4 0.000000 0.325000 0.000000 0.512500 0.079687 0.508333 0.085938 0.475000 0.084375 0.350000 0.076563 0.337500
5 0.532813 0.191667 0.576562 0.252083 0.559375 0.552083 0.576562 0.241667
8 0.554688 0.397917 0.548438 0.408333 0.534375 0.410417 0.529687 0.514583 0.539062 0.529167 0.542188 0.525000 0.543750 0.485417 0.559375 0.481250 0.564063 0.404167
8 0.578125 0.375000 0.571875 0.383333 0.567187 0.481250 0.582812 0.483333 0.579688 0.464583 0.585938 0.441667 0.579688 0.441667 0.571875 0.431250 0.579688 0.385417 0.582812 0.383333
8 0.998437 0.108333 0.929688 0.156250 0.868750 0.266667 0.817187 0.302083 0.792188 0.404167 0.782813 0.293750 0.757812 0.277083 0.729688 0.466667 0.859375 0.485417 0.864062 0.456250 0.957812 0.466667 0.964063 0.497917 0.998437 0.497917
8 0.000000 0.297917 0.339062 0.412500 0.346875 0.514583 0.403125 0.506250 0.407813 0.447917 0.492188 0.495833 0.507812 0.454167 0.525000 0.500000 0.531250 0.416667 0.490625 0.402083 0.467187 0.295833 0.521875 0.004167 0.221875 0.000000 0.235937 0.147917 0.195312 0.233333 0.225000 0.262500 0.167187 0.302083 0.134375 0.260417 0.121875 0.322917
10 0.492188 0.402083 0.564063 0.402083 0.575000 0.252083 0.532813 0.189583 0.578125 0.241667 0.582812 0.379167 0.593750 0.325000 0.642188 0.331250 0.687500 0.143750 0.884375 0.191667 0.990625 0.000000 0.521875 0.000000 0.532813 0.079167 0.468750 0.293750
10 0.065625 0.000000 0.120313 0.212500 0.117188 0.268750 0.148438 0.258333 0.164062 0.297917 0.176563 0.279167 0.198437 0.295833 0.223438 0.262500 0.195312 0.241667 0.195312 0.210417 0.212500 0.197917 0.204687 0.164583 0.234375 0.147917 0.207813 0.068750 0.204687 0.025000 0.220312 0.000000