0 0.000000 0.618750 0.000000 0.997917 0.998437 0.997917 0.996875 0.808333 0.507812 0.491667
1 0.728125 0.650000 0.995313 0.806250 0.982812 0.781250
2 0.326562 0.312500 0.326562 0.339583 0.309375 0.352083 0.298438 0.350000 0.296875 0.360417 0.328125 0.375000 0.345313 0.414583 0.368750 0.422917 0.370312 0.397917 0.350000 0.375000 0.342187 0.322917
2 0.585938 0.279167 0.565625 0.385417 0.565625 0.404167 0.573438 0.416667 0.570312 0.466667 0.614062 0.470833 0.621875 0.281250
2 0.734375 0.000000 0.664062 0.285417 0.631250 0.283333 0.625000 0.464583 0.637500 0.422917 0.684375 0.468750 0.884375 0.468750 0.948438 0.497917 0.998437 0.475000 0.998437 0.035417
3 0.362500 0.439583 0.364063 0.443750 0.364063 0.464583 0.365625 0.466667 0.365625 0.477083 0.368750 0.491667 0.368750 0.489583 0.371875 0.487500 0.371875 0.447917 0.373437 0.445833 0.381250 0.445833 0.379688 0.441667 0.375000 0.441667 0.373437 0.443750
4 0.553125 0.470833 0.553125 0.535417 0.609375 0.579167 0.614062 0.472917 0.603125 0.468750
4 0.625000 0.466667 0.626563 0.593750 0.998437 0.764583 0.998437 0.477083 0.948438 0.500000 0.884375 0.470833 0.860938 0.487500 0.840625 0.466667
4 0.348438 0.443750 0.346875 0.491667 0.348438 0.487500 0.354687 0.495833 0.354687 0.508333 0.375000 0.497917 0.403125 0.495833 0.410938 0.481250 0.420312 0.481250 0.421875 0.487500 0.428125 0.481250 0.425000 0.456250 0.407813 0.456250 0.396875 0.445833 0.387500 0.452083 0.382812 0.445833 0.373437 0.447917 0.373437 0.487500 0.368750 0.493750 0.360938 0.439583
4 0.000000 0.312500 0.000000 0.616667 0.160938 0.566667 0.165625 0.485417 0.153125 0.364583
5 0.623437 0.000000 0.632812 0.081250 0.615625 0.597917 0.637500 0.085417
8 0.632812 0.425000 0.629687 0.464583 0.639062 0.460417 0.653125 0.460417 0.654687 0.464583 0.670312 0.464583 0.671875 0.447917 0.670312 0.431250
8 0.556250 0.347917 0.548438 0.360417 0.542188 0.356250 0.537500 0.383333 0.526563 0.379167 0.515625 0.393750 0.514062 0.495833 0.526563 0.516667 0.551562 0.531250 0.551562 0.470833 0.570312 0.464583 0.571875 0.416667 0.564063 0.404167
8 0.000000 0.000000 0.000000 0.310417 0.154688 0.364583 0.162500 0.564583 0.321875 0.537500 0.350000 0.435417 0.451562 0.445833 0.464062 0.485417 0.489063 0.439583 0.507812 0.489583 0.512500 0.387500 0.459375 0.385417 0.428125 0.206250 0.487500 0.052083 0.453125 0.000000
9 0.950000 0.758333 0.970313 0.772917 0.975000 0.772917 0.976562 0.777083 0.989062 0.785417 0.998437 0.808333 0.998437 0.766667 0.982812 0.760417
9 0.500000 0.497917 0.500000 0.502083 0.506250 0.508333 0.507812 0.516667 0.518750 0.529167 0.529687 0.533333 0.542188 0.533333 0.543750 0.531250 0.539062 0.531250 0.532813 0.522917 0.526563 0.518750 0.517188 0.506250 0.517188 0.502083 0.514062 0.497917 0.510938 0.500000 0.507812 0.493750 0.503125 0.493750
10 0.867188 0.000000 0.998437 0.033333 0.998437 0.000000
10 0.732812 0.000000 0.625000 0.000000 0.639062 0.035417 0.631250 0.281250 0.662500 0.285417
10 0.454688 0.000000 0.456250 0.027083 0.489063 0.047917 0.460938 0.062500 0.450000 0.185417 0.429688 0.195833 0.465625 0.289583 0.440625 0.295833 0.460938 0.385417 0.501563 0.395833 0.507812 0.362500 0.537500 0.381250 0.554688 0.345833 0.564063 0.385417 0.584375 0.279167 0.623437 0.277083 0.629687 0.029167 0.615625 0.000000
15 0.431250 0.445833 0.428125 0.456250 0.429688 0.481250 0.450000 0.481250 0.454688 0.483333 0.454688 0.458333 0.451562 0.452083 0.451562 0.447917 0.443750 0.447917 0.442188 0.445833 0.437500 0.447917 0.435937 0.445833