0 0.000000 0.570833 0.000000 0.997917 0.998437 0.997917 0.570312 0.508333 0.431250 0.487500 0.404687 0.535417
2 0.440625 0.427083 0.440625 0.443750 0.429688 0.450000 0.437500 0.460417 0.432812 0.485417 0.450000 0.487500 0.450000 0.462500 0.453125 0.460417 0.462500 0.470833 0.476562 0.470833 0.479687 0.487500 0.475000 0.491667 0.478125 0.491667 0.479687 0.470833 0.473438 0.464583 0.473438 0.445833 0.456250 0.435417 0.451562 0.427083
2 0.682813 0.335417 0.701562 0.304167 0.723437 0.329167 0.818750 0.279167 0.871875 0.277083 0.898438 0.233333 0.939063 0.245833 0.981250 0.216667 0.998437 0.172917 0.753125 0.114583
2 0.000000 0.000000 0.000000 0.406250 0.051562 0.418750 0.053125 0.343750 0.100000 0.345833 0.087500 0.410417 0.143750 0.450000 0.143750 0.552083 0.173437 0.572917 0.189062 0.375000 0.320312 0.397917 0.340625 0.345833 0.301563 0.308333 0.284375 0.191667 0.154688 0.000000
3 0.425000 0.497917 0.418750 0.487500 0.359375 0.489583 0.353125 0.500000 0.351562 0.522917 0.357812 0.525000 0.387500 0.518750 0.409375 0.508333 0.425000 0.506250
3 0.000000 0.408333 0.000000 0.568750 0.165625 0.572917 0.142187 0.552083 0.145313 0.456250 0.101562 0.435417 0.082812 0.400000 0.100000 0.347917 0.054688 0.343750 0.064062 0.404167 0.051562 0.420833
4 0.607812 0.468750 0.603125 0.483333 0.592187 0.485417 0.589063 0.531250 0.631250 0.575000 0.664062 0.591667 0.670312 0.466667 0.645312 0.462500 0.637500 0.470833
4 0.451562 0.462500 0.451562 0.487500 0.471875 0.487500 0.473438 0.489583 0.475000 0.487500 0.478125 0.487500 0.478125 0.475000 0.476562 0.472917 0.462500 0.472917 0.456250 0.464583
4 0.190625 0.375000 0.178125 0.568750 0.348438 0.529167 0.359375 0.487500 0.418750 0.485417 0.428125 0.502083 0.432812 0.452083 0.276562 0.379167 0.260937 0.402083
5 0.565625 0.260417 0.600000 0.310417 0.584375 0.497917 0.587500 0.531250 0.601562 0.306250
8 0.604688 0.335417 0.590625 0.491667 0.671875 0.466667 0.671875 0.602083 0.998437 0.852083 0.998437 0.193750 0.871875 0.279167 0.723437 0.331250 0.701562 0.306250 0.645312 0.400000 0.637500 0.341667 0.618750 0.383333
8 0.287500 0.193750 0.303125 0.308333 0.342187 0.345833 0.321875 0.397917 0.417187 0.447917 0.451562 0.425000 0.479687 0.491667 0.509375 0.500000 0.512500 0.435417 0.529687 0.433333 0.520312 0.502083 0.582812 0.525000 0.590625 0.345833 0.492188 0.383333 0.443750 0.218750 0.385937 0.310417 0.376563 0.235417
9 0.620313 0.583333 0.675000 0.662500 0.998437 0.960417 0.998437 0.854167 0.667188 0.593750
9 0.560937 0.520833 0.559375 0.527083 0.565625 0.533333 0.565625 0.543750 0.576562 0.558333 0.606250 0.560417 0.618750 0.566667 0.618750 0.562500 0.614062 0.560417 0.607812 0.550000 0.604688 0.550000 0.589063 0.533333 0.584375 0.533333 0.582812 0.527083 0.575000 0.518750
9 0.434375 0.510417 0.432812 0.508333 0.417187 0.508333 0.404687 0.512500 0.395313 0.520833 0.378125 0.520833 0.375000 0.525000 0.375000 0.533333 0.404687 0.533333 0.406250 0.529167 0.432812 0.516667
10 0.154688 0.002083 0.285938 0.193750 0.376563 0.233333 0.385937 0.308333 0.443750 0.216667 0.518750 0.389583 0.595313 0.352083 0.568750 0.258333 0.645312 0.397917 0.753125 0.112500 0.998437 0.170833 0.998437 0.000000