0 0.000000 0.660417 0.000000 0.997917 0.998437 0.997917 0.996875 0.920833 0.698438 0.643750 0.731250 0.627083 0.579688 0.556250 0.576562 0.504167 0.404687 0.483333 0.356250 0.560417 0.365625 0.520833
1 0.617188 0.579167 0.626563 0.589583 0.668750 0.591667 0.704688 0.614583 0.740625 0.627083 0.665625 0.575000
2 0.421875 0.420833 0.421875 0.433333 0.420312 0.439583 0.414062 0.445833 0.414062 0.454167 0.417187 0.456250 0.454688 0.454167 0.454688 0.437500 0.451562 0.431250 0.445312 0.431250 0.443750 0.427083 0.440625 0.427083 0.428125 0.416667
2 0.709375 0.397917 0.709375 0.439583 0.710938 0.435417 0.732812 0.435417 0.732812 0.422917 0.735938 0.420833 0.732812 0.406250 0.726562 0.404167 0.726562 0.429167 0.721875 0.435417 0.714063 0.422917 0.717187 0.418750 0.717187 0.404167 0.715625 0.400000
2 0.670312 0.337500 0.665625 0.337500 0.662500 0.341667 0.660937 0.360417 0.656250 0.364583 0.654687 0.370833 0.643750 0.385417 0.642188 0.389583 0.643750 0.391667 0.650000 0.391667 0.657813 0.381250 0.660937 0.364583 0.665625 0.354167 0.665625 0.347917
2 0.998437 0.045833 0.803125 0.000000 0.678125 0.333333 0.706250 0.356250 0.775000 0.331250 0.789062 0.216667 0.839063 0.137500 0.862500 0.183333 0.909375 0.200000 0.950000 0.158333 0.998437 0.158333
2 0.000000 0.000000 0.000000 0.289583 0.025000 0.268750 0.256250 0.366667 0.267188 0.293750 0.218750 0.245833 0.234375 0.225000 0.215625 0.193750 0.221875 0.135417 0.125000 0.000000
3 0.390625 0.487500 0.273438 0.502083 0.267188 0.562500 0.392188 0.510417
3 0.596875 0.472917 0.585938 0.479167 0.584375 0.487500 0.581250 0.489583 0.576562 0.502083 0.578125 0.504167 0.578125 0.516667 0.582812 0.516667 0.593750 0.525000 0.595313 0.520833 0.595313 0.479167
3 0.604688 0.470833 0.601562 0.529167 0.620313 0.543750 0.626563 0.543750 0.628125 0.539583 0.631250 0.541667 0.634375 0.529167 0.632812 0.516667 0.628125 0.531250 0.617188 0.516667 0.614062 0.506250 0.614062 0.493750 0.620313 0.477083 0.618750 0.472917
3 0.040625 0.279167 0.015625 0.268750 0.004687 0.272917 0.001563 0.279167 0.000000 0.291667 0.001563 0.314583 0.007812 0.312500 0.017188 0.314583 0.020313 0.304167 0.020313 0.283333 0.025000 0.277083
4 0.429688 0.456250 0.429688 0.477083 0.428125 0.481250 0.459375 0.483333 0.462500 0.485417 0.462500 0.456250
4 0.620313 0.472917 0.617188 0.512500 0.628125 0.529167 0.632812 0.514583 0.635938 0.522917 0.623437 0.547917 0.664062 0.556250 0.671875 0.579167 0.785937 0.647917 0.789062 0.445833 0.710938 0.437500 0.685937 0.456250 0.635938 0.452083
4 0.000000 0.306250 0.000000 0.658333 0.264062 0.564583 0.273438 0.500000 0.389062 0.483333 0.403125 0.502083 0.404687 0.441667 0.285938 0.404167 0.259375 0.368750 0.025000 0.279167 0.017188 0.316667
5 0.568750 0.193750 0.610938 0.250000 0.598437 0.533333 0.614062 0.252083 0.600000 0.222917
8 0.234375 0.164583 0.220312 0.245833 0.268750 0.293750 0.257812 0.366667 0.285938 0.402083 0.404687 0.439583 0.406250 0.481250 0.428125 0.477083 0.428125 0.414583 0.468750 0.487500 0.504687 0.491667 0.500000 0.418750 0.521875 0.422917 0.507812 0.491667 0.575000 0.502083 0.596875 0.470833 0.595313 0.310417 0.475000 0.368750 0.418750 0.189583 0.382812 0.208333 0.356250 0.291667 0.345313 0.208333 0.257812 0.145833
8 0.620313 0.316667 0.604688 0.468750 0.692187 0.452083 0.709375 0.395833 0.721875 0.433333 0.731250 0.402083 0.734375 0.435417 0.789062 0.443750 0.787500 0.652083 0.998437 0.789583 0.998437 0.160417 0.909375 0.202083 0.835938 0.141667 0.776563 0.331250 0.703125 0.358333 0.676562 0.329167 0.650000 0.393750
9 0.701562 0.635417 0.795312 0.743750 0.998437 0.920833 0.998437 0.791667 0.759375 0.635417
9 0.559375 0.518750 0.564063 0.529167 0.578125 0.541667 0.578125 0.552083 0.609375 0.577083 0.646875 0.575000 0.648438 0.570833 0.653125 0.575000 0.646875 0.562500 0.623437 0.550000 0.603125 0.531250 0.596875 0.535417 0.585938 0.520833
9 0.407813 0.514583 0.403125 0.510417 0.393750 0.510417 0.375000 0.516667 0.331250 0.552083 0.345313 0.560417 0.360938 0.556250 0.392188 0.529167 0.401562 0.525000 0.407813 0.518750
10 0.842187 0.000000 0.998437 0.043750 0.998437 0.000000
10 0.126562 0.000000 0.221875 0.129167 0.221875 0.200000 0.254688 0.143750 0.323437 0.185417 0.356250 0.289583 0.418750 0.187500 0.475000 0.366667 0.592187 0.308333 0.606250 0.339583 0.571875 0.191667 0.639062 0.387500 0.801562 0.002083