0 0.000000 0.639583 0.000000 0.997917 0.998437 0.997917 0.996875 0.912500 0.581250 0.560417 0.567187 0.500000 0.409375 0.483333 0.373437 0.550000
1 0.600000 0.568750 0.626563 0.600000 0.639062 0.608333 0.650000 0.606250 0.654687 0.593750 0.682813 0.595833 0.689063 0.600000 0.643750 0.568750
2 0.417187 0.420833 0.418750 0.431250 0.412500 0.445833 0.412500 0.456250 0.428125 0.458333 0.431250 0.454167 0.453125 0.454167 0.450000 0.431250 0.445312 0.431250 0.442188 0.425000 0.429688 0.416667 0.420312 0.416667
2 0.693750 0.383333 0.693750 0.437500 0.704688 0.439583 0.706250 0.435417 0.712500 0.435417 0.714063 0.439583 0.725000 0.439583 0.732812 0.443750 0.731250 0.429167 0.723437 0.420833 0.717187 0.418750 0.712500 0.425000 0.707812 0.422917 0.707812 0.410417
2 0.998437 0.081250 0.781250 0.029167 0.671875 0.345833 0.729688 0.339583 0.748437 0.297917 0.740625 0.260417 0.781250 0.197917 0.798438 0.235417 0.823438 0.214583 0.851562 0.235417 0.898438 0.179167 0.929688 0.210417 0.998437 0.179167
2 0.000000 0.000000 0.000000 0.322917 0.100000 0.356250 0.115625 0.310417 0.232813 0.360417 0.232813 0.295833 0.271875 0.295833 0.239063 0.266667 0.234375 0.154167 0.123438 0.000000
3 0.639062 0.560417 0.690625 0.600000 0.735938 0.620833 0.732812 0.587500 0.725000 0.593750 0.726562 0.604167 0.712500 0.604167 0.707812 0.591667 0.659375 0.572917 0.648438 0.556250
3 0.395313 0.487500 0.339062 0.489583 0.337500 0.493750 0.296875 0.497917 0.289062 0.543750 0.290625 0.547917 0.392188 0.510417
4 0.575000 0.462500 0.573438 0.464583 0.573438 0.514583 0.587500 0.522917 0.587500 0.472917 0.589063 0.468750 0.584375 0.466667 0.578125 0.468750
4 0.429688 0.458333 0.429688 0.481250 0.435937 0.481250 0.437500 0.483333 0.454688 0.483333 0.456250 0.485417 0.462500 0.485417 0.464062 0.483333 0.462500 0.477083 0.462500 0.458333 0.459375 0.456250 0.431250 0.456250
4 0.740625 0.452083 0.712500 0.437500 0.667188 0.456250 0.623437 0.452083 0.615625 0.466667 0.595313 0.468750 0.592187 0.527083 0.635938 0.560417 0.648438 0.554167 0.659375 0.570833 0.726562 0.602083 0.723437 0.593750 0.735938 0.585417 0.731250 0.541667
4 0.409375 0.445833 0.270313 0.379167 0.271875 0.304167 0.234375 0.295833 0.229687 0.364583 0.115625 0.312500 0.100000 0.358333 0.000000 0.325000 0.000000 0.637500 0.287500 0.550000 0.307812 0.491667 0.392188 0.483333 0.404687 0.506250
5 0.560937 0.212500 0.601562 0.262500 0.590625 0.529167 0.604688 0.264583 0.595313 0.241667
8 0.601562 0.341667 0.595313 0.466667 0.692187 0.439583 0.695312 0.381250 0.742188 0.452083 0.740625 0.629167 0.998437 0.802083 0.998437 0.181250 0.937500 0.212500 0.898438 0.181250 0.851562 0.237500 0.781250 0.200000 0.731250 0.339583 0.662500 0.343750 0.645312 0.395833 0.620313 0.320833
8 0.240625 0.170833 0.240625 0.266667 0.284375 0.308333 0.270313 0.377083 0.407813 0.439583 0.409375 0.481250 0.429688 0.414583 0.464062 0.485417 0.501563 0.491667 0.496875 0.420833 0.517188 0.418750 0.507812 0.491667 0.571875 0.500000 0.593750 0.314583 0.475000 0.370833 0.418750 0.195833 0.359375 0.297917 0.348438 0.214583 0.262500 0.154167
9 0.646875 0.608333 0.810937 0.766667 0.998437 0.912500 0.998437 0.804167 0.720313 0.612500 0.664062 0.595833
9 0.554688 0.516667 0.554688 0.522917 0.568750 0.535417 0.573438 0.550000 0.598437 0.570833 0.600000 0.566667 0.610938 0.564583 0.640625 0.566667 0.632812 0.562500 0.629687 0.554167 0.617188 0.550000 0.592187 0.529167 0.589063 0.531250 0.587500 0.525000 0.570312 0.516667
9 0.412500 0.504167 0.362500 0.520833 0.362500 0.525000 0.356250 0.531250 0.337500 0.541667 0.354687 0.550000 0.373437 0.547917 0.381250 0.535417 0.412500 0.516667
10 0.125000 0.000000 0.231250 0.208333 0.257812 0.152083 0.318750 0.187500 0.359375 0.295833 0.431250 0.206250 0.500000 0.377083 0.598437 0.320833 0.567187 0.210417 0.639062 0.389583 0.784375 0.025000 0.998437 0.079167 0.998437 0.000000