0 0.000000 0.612500 0.000000 0.997917 0.998437 0.997917 0.996875 0.943750 0.789062 0.802083 0.557813 0.510417 0.054688 0.520833
2 0.439063 0.427083 0.439063 0.443750 0.431250 0.485417 0.467187 0.487500 0.468750 0.491667 0.473438 0.491667 0.475000 0.470833 0.470313 0.464583 0.470313 0.450000 0.462500 0.441667 0.448437 0.435417 0.445312 0.427083
2 0.667188 0.347917 0.806250 0.304167 0.820312 0.268750 0.856250 0.285417 0.912500 0.239583 0.959375 0.245833 0.975000 0.229167 0.728125 0.156250
2 0.000000 0.000000 0.000000 0.152083 0.093750 0.220833 0.081250 0.331250 0.242188 0.362500 0.295312 0.408333 0.301563 0.387500 0.325000 0.397917 0.340625 0.350000 0.301563 0.268750 0.303125 0.216667 0.151562 0.000000
3 0.362500 0.514583 0.403125 0.506250 0.404687 0.502083 0.420312 0.502083 0.423438 0.500000 0.423438 0.493750 0.417187 0.483333 0.385937 0.481250 0.368750 0.485417 0.362500 0.489583
3 0.000000 0.264583 0.000000 0.610417 0.039062 0.589583 0.054688 0.518750 0.271875 0.527083 0.257812 0.522917 0.271875 0.462500 0.248438 0.445833 0.265625 0.400000 0.251563 0.368750 0.100000 0.333333 0.065625 0.343750 0.067187 0.289583
4 0.578125 0.470833 0.573438 0.531250 0.596875 0.558333 0.623437 0.575000 0.628125 0.472917 0.620313 0.470833 0.614062 0.477083 0.590625 0.472917 0.581250 0.479167
4 0.253125 0.420833 0.253125 0.454167 0.273438 0.462500 0.259375 0.522917 0.276562 0.529167 0.359375 0.516667 0.360938 0.489583 0.375000 0.481250 0.417187 0.481250 0.426563 0.500000 0.434375 0.466667 0.429688 0.452083 0.304688 0.389583 0.298438 0.410417 0.267188 0.395833
4 0.735938 0.331250 0.725000 0.329167 0.710938 0.333333 0.707812 0.337500 0.703125 0.337500 0.701562 0.341667 0.687500 0.343750 0.684375 0.350000 0.692187 0.360417 0.698438 0.360417 0.700000 0.356250 0.704688 0.356250 0.706250 0.352083 0.712500 0.350000 0.718750 0.341667 0.728125 0.335417 0.735938 0.335417
5 0.556250 0.285417 0.584375 0.318750 0.571875 0.529167 0.587500 0.318750
8 0.295312 0.197917 0.342187 0.350000 0.326562 0.397917 0.432812 0.454167 0.445312 0.425000 0.479687 0.495833 0.509375 0.500000 0.506250 0.439583 0.525000 0.437500 0.515625 0.502083 0.562500 0.512500 0.582812 0.358333 0.492188 0.385417 0.443750 0.227083 0.412500 0.245833 0.390625 0.312500 0.379688 0.239583
8 0.585938 0.358333 0.578125 0.468750 0.629687 0.472917 0.632812 0.589583 0.998437 0.897917 0.990625 0.177083 0.965625 0.245833 0.820312 0.270833 0.698438 0.362500 0.660937 0.329167 0.615625 0.391667 0.604688 0.341667
8 0.006250 0.150000 0.000000 0.154167 0.000000 0.262500 0.067187 0.287500 0.068750 0.341667 0.079687 0.331250 0.079687 0.295833 0.095312 0.258333 0.089063 0.237500 0.092188 0.220833 0.046875 0.202083 0.018750 0.156250
9 0.546875 0.525000 0.842187 0.850000 0.945312 0.891667 0.998437 0.943750 0.984375 0.885417
9 0.434375 0.504167 0.404687 0.504167 0.403125 0.508333 0.354687 0.518750 0.365625 0.518750 0.381250 0.527083 0.410938 0.525000 0.414062 0.518750 0.434375 0.510417
10 0.153125 0.000000 0.290625 0.193750 0.379688 0.237500 0.390625 0.310417 0.443750 0.225000 0.514062 0.391667 0.582812 0.356250 0.556250 0.283333 0.615625 0.389583 0.664062 0.341667 0.728125 0.154167 0.998437 0.208333 0.998437 0.000000