0 0.018750 0.458333 0.185938 0.533333 0.000000 0.600000 0.000000 0.997917 0.962500 0.997917 0.529687 0.562500 0.606250 0.527083
1 0.531250 0.552083 0.531250 0.562500 0.540625 0.577083 0.578125 0.610417 0.604688 0.602083 0.606250 0.541667 0.551562 0.541667 0.550000 0.545833 0.537500 0.545833
1 0.000000 0.597917 0.043750 0.595833 0.181250 0.537500 0.184375 0.522917 0.173437 0.510417 0.018750 0.483333 0.018750 0.502083 0.000000 0.514583
2 0.337500 0.412500 0.332813 0.404167 0.328125 0.404167 0.326562 0.400000 0.318750 0.395833 0.317188 0.400000 0.315625 0.397917 0.310937 0.402083 0.290625 0.408333 0.284375 0.422917 0.304688 0.425000 0.310937 0.429167 0.337500 0.429167
2 0.621875 0.281250 0.612500 0.325000 0.582812 0.372917 0.568750 0.379167 0.553125 0.420833 0.560937 0.431250 0.554688 0.458333 0.578125 0.470833 0.578125 0.495833 0.596875 0.512500 0.607812 0.510417 0.612500 0.462500 0.607812 0.364583 0.668750 0.325000 0.657813 0.306250 0.640625 0.310417 0.637500 0.291667 0.631250 0.312500
2 0.934375 0.012500 0.929688 0.014583 0.914062 0.047917 0.882812 0.097917 0.882812 0.106250 0.909375 0.106250 0.920312 0.116667
2 0.998437 0.000000 0.959375 0.000000 0.950000 0.183333 0.959375 0.189583 0.998437 0.170833
3 0.014063 0.458333 0.003125 0.458333 0.000000 0.460417 0.000000 0.512500 0.004687 0.512500 0.006250 0.508333 0.012500 0.508333 0.017188 0.502083 0.017188 0.460417
4 0.565625 0.472917 0.565625 0.506250 0.564063 0.508333 0.567187 0.508333 0.568750 0.510417 0.576562 0.510417 0.576562 0.504167 0.578125 0.502083 0.578125 0.497917 0.576562 0.495833 0.578125 0.491667 0.578125 0.472917
4 0.929688 0.479167 0.920312 0.804167 0.998437 0.856250 0.998437 0.464583
4 0.612500 0.464583 0.609375 0.606250 0.879687 0.781250 0.900000 0.477083
4 0.112500 0.404167 0.115625 0.452083 0.262500 0.441667 0.275000 0.475000 0.340625 0.483333 0.353125 0.454167 0.403125 0.454167 0.295312 0.425000 0.184375 0.431250 0.181250 0.416667 0.162500 0.452083 0.126562 0.450000 0.121875 0.427083 0.137500 0.402083
4 0.000000 0.358333 0.000000 0.458333 0.017188 0.458333 0.021875 0.445833 0.079687 0.447917 0.073438 0.400000 0.065625 0.385417 0.023438 0.383333 0.017188 0.364583
5 0.957812 0.000000 0.935937 0.004167 0.879687 0.783333 0.909375 0.820833
8 0.271875 0.464583 0.270313 0.447917 0.262500 0.443750 0.250000 0.447917 0.250000 0.452083 0.242188 0.447917 0.239063 0.452083 0.176563 0.452083 0.175000 0.456250 0.164062 0.456250 0.167187 0.460417 0.215625 0.464583 0.229687 0.470833 0.268750 0.470833
8 0.998437 0.172917 0.962500 0.191667 0.950000 0.185417 0.931250 0.472917 0.998437 0.462500
8 0.920312 0.118750 0.876563 0.104167 0.840625 0.168750 0.825000 0.116667 0.782813 0.087500 0.701562 0.129167 0.685937 0.220833 0.665625 0.212500 0.653125 0.268750 0.670312 0.325000 0.609375 0.364583 0.612500 0.460417 0.900000 0.475000
8 0.000000 0.000000 0.000000 0.356250 0.078125 0.445833 0.321875 0.393750 0.404687 0.447917 0.343750 0.483333 0.407813 0.491667 0.420312 0.375000 0.414062 0.491667 0.564063 0.506250 0.571875 0.322917 0.525000 0.250000 0.370312 0.314583 0.278125 0.035417 0.210938 0.077083 0.192188 0.216667 0.160938 0.050000
9 0.579688 0.612500 0.587500 0.650000 0.960938 0.995833 0.998437 0.997917 0.996875 0.856250 0.920312 0.806250 0.890625 0.814583 0.840625 0.754167 0.606250 0.604167
10 0.117188 0.006250 0.181250 0.097917 0.181250 0.206250 0.209375 0.077083 0.278125 0.033333 0.364063 0.308333 0.525000 0.247917 0.567187 0.381250 0.621875 0.279167 0.654687 0.304167 0.701562 0.127083 0.782813 0.085417 0.845313 0.164583 0.935937 0.000000
13 0.125000 0.420833 0.123438 0.445833 0.162500 0.450000 0.162500 0.437500 0.167187 0.431250 0.171875 0.435417 0.181250 0.412500 0.175000 0.404167 0.151562 0.404167 0.150000 0.400000 0.139063 0.402083