0 0.256250 0.545833 0.067187 0.633333 0.121875 0.620833
0 0.000000 0.745833 0.000000 0.997917 0.998437 0.997917 0.996875 0.791667 0.654687 0.656250 0.529687 0.543750 0.551562 0.508333 0.314063 0.487500 0.346875 0.510417 0.284375 0.535417 0.310937 0.550000
1 0.687500 0.650000 0.706250 0.679167 0.743750 0.652083 0.998437 0.791667 0.998437 0.725000 0.789062 0.633333
1 0.296875 0.529167 0.303125 0.529167 0.310937 0.533333 0.320312 0.525000 0.325000 0.525000 0.331250 0.518750 0.339062 0.516667 0.345313 0.508333 0.342187 0.508333 0.340625 0.504167 0.315625 0.502083 0.314063 0.500000 0.312500 0.502083 0.312500 0.525000 0.309375 0.529167
1 0.314063 0.485417 0.451562 0.495833 0.315625 0.481250
2 0.354687 0.443750 0.384375 0.445833 0.387500 0.450000 0.395313 0.450000 0.395313 0.427083 0.375000 0.425000 0.375000 0.433333 0.371875 0.437500 0.357812 0.437500
2 0.998437 0.333333 0.985938 0.352083 0.945312 0.360417 0.937500 0.368750 0.931250 0.387500 0.964063 0.381250 0.998437 0.381250
2 0.653125 0.341667 0.635938 0.335417 0.628125 0.327083 0.620313 0.329167 0.620313 0.345833 0.601562 0.372917 0.601562 0.389583 0.610938 0.387500 0.645312 0.364583 0.646875 0.358333 0.653125 0.352083
2 0.000000 0.045833 0.001563 0.218750 0.014063 0.216667 0.023438 0.195833 0.037500 0.195833 0.045312 0.185417 0.048438 0.158333 0.037500 0.129167 0.018750 0.135417 0.009375 0.127083 0.009375 0.091667 0.026562 0.100000 0.034375 0.093750
2 0.998437 0.000000 0.792188 0.004167 0.687500 0.270833 0.757812 0.381250 0.671875 0.439583 0.628125 0.516667 0.635938 0.568750 0.757812 0.639583 0.768750 0.452083 0.814063 0.402083 0.831250 0.252083 0.920312 0.210417 0.998437 0.297917
3 0.603125 0.554167 0.604688 0.558333 0.628125 0.570833 0.629687 0.575000 0.648438 0.587500 0.670312 0.595833 0.662500 0.577083 0.654687 0.581250 0.653125 0.577083 0.645312 0.577083 0.643750 0.572917
3 0.287500 0.500000 0.000000 0.533333 0.000000 0.660417 0.287500 0.533333
3 0.998437 0.383333 0.771875 0.447917 0.759375 0.639583 0.803125 0.637500 0.762500 0.602083 0.798438 0.585417 0.856250 0.658333 0.910937 0.647917 0.903125 0.610417 0.806250 0.564583 0.879687 0.525000 0.909375 0.556250 0.964063 0.550000 0.951562 0.564583 0.998437 0.595833 0.998437 0.443750 0.967187 0.429167 0.998437 0.414583
4 0.765625 0.587500 0.767188 0.614583 0.784375 0.620833 0.818750 0.647917 0.854688 0.658333 0.839063 0.650000 0.828125 0.633333 0.810937 0.622917 0.800000 0.604167 0.803125 0.589583 0.781250 0.587500 0.771875 0.597917
4 0.807813 0.564583 0.825000 0.585417 0.851562 0.583333 0.918750 0.625000 0.904687 0.654167 0.857812 0.662500 0.998437 0.722917 0.998437 0.597917 0.950000 0.564583 0.964063 0.552083 0.926562 0.539583 0.909375 0.558333 0.879687 0.527083 0.865625 0.550000 0.835938 0.545833
4 0.562500 0.475000 0.554688 0.489583 0.553125 0.512500 0.554688 0.508333 0.557813 0.514583 0.553125 0.518750 0.553125 0.522917 0.559375 0.529167 0.568750 0.531250 0.578125 0.543750 0.587500 0.543750 0.589063 0.470833
4 0.601562 0.468750 0.596875 0.472917 0.595313 0.547917 0.634375 0.566667 0.637500 0.545833 0.626563 0.527083 0.626563 0.516667 0.643750 0.495833 0.662500 0.491667 0.664062 0.470833 0.662500 0.466667
4 0.801562 0.462500 0.785937 0.462500 0.784375 0.466667 0.779687 0.466667 0.776563 0.468750 0.776563 0.481250 0.779687 0.481250 0.781250 0.485417 0.784375 0.485417 0.784375 0.483333 0.787500 0.481250 0.789062 0.477083 0.801562 0.468750
4 0.329688 0.458333 0.331250 0.472917 0.342187 0.475000 0.346875 0.481250 0.390625 0.485417 0.403125 0.481250 0.401562 0.452083 0.348438 0.445833 0.334375 0.447917
4 0.998437 0.416667 0.976562 0.420833 0.975000 0.425000 0.968750 0.427083 0.968750 0.429167 0.971875 0.431250 0.971875 0.439583 0.976562 0.439583 0.978125 0.443750 0.996875 0.443750 0.998437 0.441667
4 0.000000 0.337500 0.001563 0.533333 0.287500 0.495833 0.289062 0.529167 0.310937 0.525000 0.314063 0.427083
5 0.545312 0.070833 0.606250 0.160417 0.593750 0.554167 0.609375 0.160417 0.598437 0.125000
8 0.978125 0.252083 0.917188 0.212500 0.882812 0.247917 0.867188 0.241667 0.825000 0.260417 0.818750 0.293750 0.829688 0.306250 0.814063 0.331250 0.818750 0.387500 0.798438 0.433333 0.921875 0.391667 0.945312 0.358333 0.985938 0.350000 0.998437 0.331250 0.998437 0.300000 0.979688 0.283333
8 0.731250 0.164583 0.714063 0.160417 0.678125 0.197917 0.667188 0.264583 0.653125 0.260417 0.653125 0.283333 0.623437 0.322917 0.654687 0.352083 0.601562 0.391667 0.598437 0.468750 0.664062 0.464583 0.671875 0.437500 0.720313 0.431250 0.756250 0.381250 0.751563 0.339583 0.684375 0.291667
8 0.000000 0.220833 0.000000 0.335417 0.314063 0.425000 0.315625 0.479167 0.389062 0.422917 0.401562 0.485417 0.451562 0.491667 0.448437 0.404167 0.464062 0.495833 0.590625 0.466667 0.573438 0.306250 0.559375 0.352083 0.545312 0.297917 0.415625 0.358333 0.343750 0.143750 0.284375 0.270833 0.264062 0.166667 0.143750 0.077083
9 0.314063 0.541667 0.262500 0.541667 0.121875 0.622917 0.000000 0.662500 0.000000 0.743750 0.103125 0.704167
9 0.529687 0.529167 0.531250 0.543750 0.559375 0.560417 0.584375 0.595833 0.654687 0.654167 0.718750 0.643750 0.714063 0.627083 0.603125 0.556250 0.589063 0.556250 0.585938 0.545833
10 0.051562 0.162500 0.142187 0.075000 0.231250 0.135417 0.279687 0.268750 0.348438 0.143750 0.415625 0.356250 0.545312 0.295833 0.593750 0.387500 0.603125 0.150000 0.543750 0.070833 0.609375 0.145833 0.603125 0.370833 0.793750 0.000000 0.000000 0.000000