0 0.000000 0.560417 0.000000 0.997917 0.967187 0.997917 0.554688 0.612500 0.526563 0.541667 0.592187 0.520833 0.059375 0.464583 0.207813 0.529167
1 0.526563 0.545833 0.526563 0.554167 0.531250 0.564583 0.560937 0.589583 0.578125 0.583333 0.592187 0.585417 0.590625 0.537500 0.531250 0.539583
1 0.000000 0.558333 0.006250 0.575000 0.031250 0.560417 0.090625 0.575000 0.196875 0.537500 0.206250 0.520833 0.189062 0.504167 0.059375 0.485417 0.051562 0.510417 0.003125 0.529167
2 0.289062 0.416667 0.289062 0.422917 0.301563 0.425000 0.312500 0.431250 0.328125 0.435417 0.342187 0.433333 0.342187 0.414583 0.339062 0.406250 0.332813 0.404167 0.326562 0.395833 0.306250 0.397917 0.300000 0.406250 0.292187 0.408333
2 0.621875 0.281250 0.610938 0.325000 0.570312 0.375000 0.553125 0.420833 0.553125 0.456250 0.564063 0.470833 0.568750 0.506250 0.595313 0.502083 0.590625 0.389583 0.600000 0.360417 0.665625 0.327083 0.653125 0.306250 0.639062 0.310417 0.635938 0.291667 0.628125 0.312500
2 0.998437 0.000000 0.910937 0.000000 0.851562 0.114583 0.851562 0.137500 0.887500 0.143750 0.903125 0.193750 0.914062 0.204167 0.996875 0.164583
4 0.598437 0.460417 0.595313 0.587500 0.793750 0.714583 0.809375 0.468750
4 0.832812 0.466667 0.825000 0.731250 0.998437 0.839583 0.998437 0.456250
4 0.223438 0.429167 0.232813 0.443750 0.256250 0.435417 0.284375 0.441667 0.289062 0.452083 0.287500 0.475000 0.345313 0.477083 0.343750 0.435417 0.328125 0.437500 0.293750 0.425000
4 0.178125 0.414583 0.175000 0.416667 0.175000 0.450000 0.173437 0.454167 0.185938 0.454167 0.185938 0.452083 0.192188 0.445833 0.190625 0.414583 0.189062 0.418750 0.182812 0.418750
4 0.000000 0.358333 0.000000 0.535417 0.051562 0.508333 0.062500 0.452083 0.164062 0.454167 0.131250 0.443750 0.146875 0.404167 0.073438 0.393750 0.045312 0.368750
5 0.856250 0.000000 0.839063 0.039583 0.795312 0.685417 0.810937 0.735417
7 0.835938 0.135417 0.828125 0.139583 0.828125 0.141667 0.823438 0.145833 0.823438 0.172917 0.821875 0.175000 0.821875 0.187500 0.820312 0.189583 0.832812 0.183333 0.837500 0.175000 0.837500 0.160417 0.839063 0.158333 0.837500 0.156250 0.837500 0.147917 0.839063 0.143750 0.835938 0.139583
8 0.851562 0.139583 0.832812 0.464583 0.998437 0.454167 0.998437 0.164583 0.914062 0.206250 0.887500 0.145833
8 0.815625 0.120833 0.739062 0.093750 0.695312 0.135417 0.679688 0.222917 0.662500 0.214583 0.648438 0.264583 0.667188 0.327083 0.593750 0.375000 0.598437 0.458333 0.809375 0.466667 0.826562 0.206250
8 0.000000 0.000000 0.000000 0.356250 0.184375 0.404167 0.214062 0.468750 0.285938 0.475000 0.221875 0.429167 0.326562 0.393750 0.378125 0.487500 0.434375 0.377083 0.417187 0.491667 0.565625 0.502083 0.567187 0.325000 0.525000 0.256250 0.367188 0.314583 0.282813 0.045833 0.217188 0.087500 0.198437 0.222917 0.168750 0.060417
9 0.553125 0.602083 0.968750 0.997917 0.998437 0.997917 0.998437 0.841667 0.593750 0.587500
10 0.909375 0.000000 0.857812 0.000000 0.853125 0.110417
10 0.107813 0.000000 0.170313 0.060417 0.190625 0.214583 0.215625 0.087500 0.282813 0.043750 0.367188 0.233333 0.359375 0.304167 0.412500 0.329167 0.512500 0.247917 0.567187 0.379167 0.618750 0.279167 0.650000 0.304167 0.701562 0.125000 0.776563 0.091667 0.832812 0.135417 0.842187 0.006250
10 0.070312 0.000000 0.070312 0.002083 0.079687 0.014583 0.079687 0.016667 0.084375 0.012500 0.087500 0.012500 0.090625 0.016667 0.098437 0.018750 0.103125 0.022917 0.103125 0.008333 0.101562 0.006250 0.101562 0.000000
13 0.148438 0.404167 0.148438 0.408333 0.135937 0.427083 0.132812 0.443750 0.140625 0.450000 0.159375 0.450000 0.171875 0.454167 0.173437 0.416667 0.178125 0.412500 0.189062 0.416667 0.189062 0.410417 0.184375 0.406250