0 0.000000 0.656250 0.000000 0.997917 0.998437 0.997917 0.996875 0.885417 0.809375 0.731250 0.884375 0.700000 0.604688 0.589583 0.557813 0.500000 0.373437 0.481250 0.290625 0.591667 0.251563 0.581250 0.310937 0.535417
1 0.678125 0.585417 0.893750 0.704167 0.910937 0.695833 0.912500 0.662500 0.742188 0.608333 0.696875 0.583333
2 0.384375 0.437500 0.381250 0.454167 0.392188 0.454167 0.396875 0.460417 0.396875 0.470833 0.398438 0.464583 0.417187 0.466667 0.421875 0.472917 0.423438 0.481250 0.428125 0.481250 0.428125 0.464583 0.421875 0.447917 0.420312 0.431250 0.398438 0.425000 0.393750 0.433333
2 0.645312 0.320833 0.640625 0.320833 0.634375 0.329167 0.631250 0.350000 0.620313 0.364583 0.614062 0.381250 0.621875 0.379167 0.625000 0.372917 0.628125 0.372917 0.635938 0.362500 0.642188 0.358333 0.642188 0.354167 0.645312 0.352083 0.645312 0.343750 0.650000 0.337500 0.650000 0.327083 0.646875 0.327083
2 0.779687 0.000000 0.676562 0.304167 0.721875 0.318750 0.720313 0.418750 0.700000 0.437500 0.753125 0.412500 0.754687 0.295833 0.815625 0.266667 0.859375 0.283333 0.873437 0.327083 0.840625 0.402083 0.923438 0.414583 0.937500 0.354167 0.885938 0.327083 0.956250 0.000000
2 0.000000 0.000000 0.000000 0.291667 0.126562 0.337500 0.132812 0.368750 0.160938 0.360417 0.175000 0.250000 0.126562 0.208333 0.142187 0.177083 0.114062 0.133333 0.123438 0.070833 0.075000 0.000000
3 0.110937 0.627083 0.340625 0.520833 0.342187 0.493750 0.150000 0.516667 0.126562 0.531250 0.121875 0.472917
3 0.592187 0.458333 0.592187 0.533333 0.657813 0.570833 0.664062 0.583333 0.692187 0.585417 0.692187 0.435417 0.660937 0.441667 0.656250 0.435417 0.635938 0.468750 0.634375 0.445833 0.621875 0.462500
3 0.926562 0.400000 0.917188 0.652083 0.904687 0.706250 0.917188 0.722917 0.948438 0.731250 0.943750 0.610417 0.956250 0.483333 0.946875 0.445833 0.951562 0.406250
4 0.596875 0.466667 0.596875 0.495833 0.607812 0.512500 0.621875 0.520833 0.626563 0.533333 0.631250 0.525000 0.631250 0.487500 0.623437 0.487500 0.620313 0.466667
4 0.578125 0.462500 0.567187 0.466667 0.562500 0.472917 0.562500 0.487500 0.565625 0.497917 0.565625 0.506250 0.562500 0.510417 0.567187 0.516667 0.576562 0.516667 0.582812 0.522917 0.582812 0.510417 0.581250 0.514583 0.578125 0.508333 0.578125 0.500000 0.584375 0.491667 0.582812 0.464583
4 0.693750 0.437500 0.693750 0.581250 0.912500 0.660417 0.921875 0.416667 0.790625 0.404167
4 0.000000 0.293750 0.000000 0.654167 0.107813 0.631250 0.121875 0.470833 0.126562 0.529167 0.315625 0.491667 0.357812 0.516667 0.359375 0.435417 0.135937 0.375000 0.126562 0.339583
5 0.546875 0.139583 0.596875 0.202083 0.589063 0.533333 0.600000 0.204167 0.582812 0.170833
8 0.862500 0.289583 0.815625 0.268750 0.804688 0.285417 0.757812 0.293750 0.748437 0.352083 0.757812 0.385417 0.754687 0.412500 0.790625 0.402083 0.839063 0.402083 0.848437 0.387500 0.846875 0.377083 0.864062 0.368750 0.871875 0.339583
8 0.712500 0.177083 0.687500 0.202083 0.675000 0.268750 0.664062 0.262500 0.648438 0.302083 0.643750 0.358333 0.614062 0.383333 0.596875 0.335417 0.592187 0.456250 0.628125 0.458333 0.648438 0.433333 0.698438 0.435417 0.703125 0.408333 0.718750 0.418750 0.720313 0.318750 0.675000 0.308333
8 0.128125 0.187500 0.176563 0.250000 0.170313 0.350000 0.135937 0.372917 0.359375 0.433333 0.370312 0.481250 0.404687 0.422917 0.473438 0.489583 0.470313 0.406250 0.479687 0.491667 0.557813 0.495833 0.585938 0.456250 0.592187 0.308333 0.576562 0.350000 0.560937 0.300000 0.439063 0.362500 0.376563 0.168750 0.339062 0.191667 0.317188 0.289583 0.298438 0.191667 0.193750 0.118750
8 0.957812 0.000000 0.887500 0.335417 0.943750 0.366667 0.950000 0.733333 0.998437 0.777083 0.998437 0.000000
9 0.812500 0.722917 0.812500 0.733333 0.998437 0.887500 0.998437 0.779167 0.948438 0.733333 0.917188 0.725000 0.892188 0.702083
9 0.360938 0.527083 0.337500 0.522917 0.273438 0.560417 0.253125 0.585417 0.262500 0.595833 0.290625 0.589583 0.300000 0.575000 0.353125 0.537500
9 0.539062 0.518750 0.539062 0.527083 0.560937 0.539583 0.578125 0.566667 0.612500 0.591667 0.665625 0.585417 0.657813 0.572917 0.595313 0.535417 0.584375 0.535417 0.560937 0.518750
10 0.076563 0.000000 0.140625 0.175000 0.193750 0.116667 0.271875 0.166667 0.315625 0.287500 0.337500 0.191667 0.387500 0.177083 0.439063 0.360417 0.560937 0.297917 0.578125 0.345833 0.595313 0.202083 0.551562 0.139583 0.600000 0.195833 0.610938 0.379167 0.778125 0.006250