0 0.825000 0.479167 0.000000 0.610417 0.000000 0.997917 0.857812 0.997917 0.707812 0.683333 0.743750 0.579167 0.825000 0.541667
0 0.998437 0.456250 0.835938 0.479167 0.835938 0.539583 0.993750 0.502083
1 0.998437 0.500000 0.835938 0.541667 0.834375 0.572917 0.825000 0.543750 0.784375 0.554167 0.710938 0.639583 0.725000 0.745833 0.859375 0.997917 0.998437 0.997917
1 0.825000 0.462500 0.000000 0.570833 0.000000 0.608333
1 0.998437 0.441667 0.839063 0.462500 0.835938 0.477083 0.998437 0.454167
2 0.003125 0.383333 0.000000 0.385417 0.000000 0.418750 0.001563 0.418750 0.003125 0.422917 0.014063 0.422917 0.021875 0.414583 0.021875 0.393750 0.017188 0.389583 0.012500 0.389583 0.010937 0.385417
2 0.826562 0.377083 0.823438 0.372917 0.753125 0.385417 0.746875 0.393750 0.748437 0.410417 0.745313 0.414583 0.770312 0.416667 0.771875 0.402083 0.779687 0.402083 0.789062 0.391667 0.825000 0.385417
2 0.998437 0.285417 0.968750 0.318750 0.889062 0.333333 0.882812 0.322917 0.873437 0.331250 0.839063 0.327083 0.839063 0.377083 0.912500 0.377083 0.925000 0.397917 0.942187 0.393750 0.948438 0.375000 0.935937 0.370833 0.935937 0.354167 0.953125 0.339583 0.975000 0.339583 0.978125 0.322917 0.998437 0.302083
2 0.642188 0.177083 0.609375 0.168750 0.551562 0.218750 0.543750 0.185417 0.529687 0.193750 0.526563 0.235417 0.468750 0.343750 0.490625 0.383333 0.478125 0.414583 0.693750 0.422917 0.712500 0.339583
4 0.000000 0.447917 0.000000 0.568750 0.056250 0.560417 0.048438 0.554167 0.046875 0.487500 0.040625 0.447917
4 0.826562 0.416667 0.456250 0.427083 0.432812 0.437500 0.418750 0.514583 0.821875 0.462500
4 0.998437 0.406250 0.932813 0.406250 0.914062 0.418750 0.842187 0.418750 0.839063 0.460417 0.996875 0.441667
5 0.207813 0.314583 0.215625 0.547917 0.212500 0.322917
5 0.842187 0.066667 0.829688 0.104167 0.826562 0.570833 0.835938 0.568750
7 0.167187 0.295833 0.167187 0.308333 0.190625 0.310417 0.198437 0.314583 0.245312 0.314583 0.246875 0.308333 0.245312 0.302083
7 0.985938 0.008333 0.843750 0.068750 0.842187 0.100000 0.979688 0.043750
8 0.881250 0.366667 0.882812 0.366667 0.884375 0.370833 0.885938 0.368750 0.921875 0.366667 0.923438 0.364583 0.923438 0.356250 0.921875 0.356250 0.918750 0.350000 0.909375 0.354167 0.898438 0.354167 0.893750 0.350000 0.889062 0.352083 0.889062 0.356250 0.884375 0.358333
8 0.998437 0.304167 0.979688 0.322917 0.975000 0.341667 0.953125 0.341667 0.937500 0.354167 0.937500 0.370833 0.950000 0.375000 0.942187 0.395833 0.925000 0.400000 0.912500 0.379167 0.839063 0.379167 0.839063 0.418750 0.998437 0.404167
8 0.478125 0.137500 0.468750 0.139583 0.464062 0.145833 0.464062 0.150000 0.459375 0.154167 0.456250 0.154167 0.445312 0.139583 0.443750 0.143750 0.445312 0.162500 0.453125 0.170833 0.459375 0.172917 0.459375 0.166667 0.471875 0.147917 0.478125 0.143750
8 0.904687 0.077083 0.843750 0.100000 0.840625 0.222917 0.850000 0.220833 0.871875 0.191667 0.889062 0.150000 0.915625 0.114583 0.912500 0.100000 0.900000 0.104167 0.910937 0.083333
8 0.634375 0.000000 0.642188 0.031250 0.607812 0.031250 0.601562 0.127083 0.717187 0.272917 0.695312 0.422917 0.825000 0.416667 0.826562 0.385417 0.770312 0.418750 0.745313 0.393750 0.826562 0.375000 0.818750 0.270833 0.787500 0.231250 0.829688 0.229167 0.831250 0.070833 0.890625 0.000000
8 0.000000 0.000000 0.000000 0.425000 0.053125 0.558333 0.212500 0.539583 0.167187 0.293750 0.248438 0.304167 0.210938 0.316667 0.220312 0.539583 0.417187 0.514583 0.435937 0.431250 0.490625 0.425000 0.445312 0.322917 0.515625 0.150000 0.437500 0.189583 0.387500 0.014583 0.307812 0.058333 0.292187 0.200000 0.195312 0.279167 0.070312 0.000000
10 0.484375 0.310417 0.482812 0.306250 0.479687 0.316667 0.467187 0.316667 0.465625 0.320833 0.460938 0.320833 0.456250 0.327083 0.451562 0.327083 0.446875 0.322917 0.446875 0.331250 0.450000 0.335417 0.454688 0.333333 0.462500 0.335417 0.464062 0.331250 0.468750 0.339583 0.471875 0.339583 0.475000 0.331250 0.475000 0.320833 0.481250 0.316667
10 0.673438 0.243750 0.706250 0.335417 0.712500 0.337500 0.712500 0.327083 0.715625 0.325000 0.715625 0.272917 0.706250 0.270833 0.703125 0.264583 0.695312 0.264583 0.682813 0.247917
10 0.793750 0.214583 0.789062 0.231250 0.793750 0.247917 0.803125 0.239583 0.807813 0.241667 0.803125 0.262500 0.807813 0.268750 0.807813 0.279167 0.817187 0.268750 0.820312 0.270833 0.815625 0.285417 0.825000 0.308333 0.823438 0.320833 0.828125 0.325000 0.829688 0.231250 0.815625 0.229167 0.809375 0.218750
10 0.892188 0.000000 0.860938 0.058333 0.979688 0.004167 0.985938 0.033333 0.906250 0.075000 0.901563 0.104167 0.917188 0.114583 0.840625 0.225000 0.839063 0.325000 0.968750 0.316667 0.998437 0.283333 0.998437 0.000000
10 0.062500 0.031250 0.195312 0.214583 0.196875 0.277083 0.217188 0.210417 0.245312 0.241667 0.290625 0.200000 0.306250 0.058333 0.387500 0.012500 0.429688 0.054167 0.401562 0.091667 0.437500 0.187500 0.517188 0.150000 0.489063 0.304167 0.514062 0.200000 0.523438 0.237500 0.537500 0.183333 0.551562 0.216667 0.607812 0.170833 0.603125 0.043750 0.643750 0.025000