0 0.804688 0.539583 0.000000 0.552083 0.000000 0.997917 0.868750 0.997917 0.718750 0.814583 0.673438 0.679167 0.703125 0.616667 0.803125 0.585417
0 0.968750 0.537500 0.814063 0.539583 0.812500 0.585417 0.948438 0.579167 0.964063 0.585417
1 0.703125 0.618750 0.679688 0.645833 0.679688 0.712500 0.760938 0.870833 0.870313 0.997917 0.998437 0.997917 0.998437 0.683333 0.965625 0.643750 0.965625 0.583333 0.773438 0.587500
1 0.814063 0.522917 0.814063 0.537500 0.970313 0.533333 0.968750 0.525000
1 0.000000 0.525000 0.025000 0.552083 0.804688 0.537500
2 0.789062 0.437500 0.787500 0.441667 0.785937 0.466667 0.803125 0.466667 0.806250 0.468750 0.807813 0.466667 0.807813 0.441667 0.804688 0.439583 0.803125 0.441667 0.803125 0.445833 0.800000 0.447917 0.796875 0.443750 0.795312 0.437500
2 0.954688 0.387500 0.903125 0.379167 0.909375 0.391667 0.903125 0.445833 0.882812 0.429167 0.825000 0.433333 0.817187 0.439583 0.815625 0.468750 0.903125 0.475000 0.909375 0.443750 0.959375 0.445833 0.962500 0.437500 0.951562 0.418750
2 0.143750 0.385417 0.143750 0.391667 0.148438 0.397917 0.170313 0.400000 0.175000 0.406250 0.168750 0.427083 0.203125 0.429167 0.196875 0.391667 0.189062 0.379167 0.162500 0.375000 0.160938 0.379167 0.154688 0.377083
2 0.773438 0.389583 0.728125 0.268750 0.676562 0.220833 0.621875 0.260417 0.618750 0.229167 0.604688 0.231250 0.600000 0.268750 0.534375 0.383333 0.553125 0.393750 0.545312 0.439583 0.557813 0.450000 0.748437 0.466667 0.756250 0.441667 0.767188 0.443750
4 0.489063 0.518750 0.804688 0.520833 0.807813 0.472917 0.570312 0.454167 0.564063 0.470833 0.546875 0.458333 0.525000 0.508333
4 0.998437 0.681250 0.998437 0.435417 0.975000 0.441667 0.948438 0.475000 0.815625 0.472917 0.814063 0.520833 0.968750 0.522917 0.965625 0.637500
4 0.000000 0.420833 0.000000 0.522917 0.303125 0.522917 0.290625 0.477083 0.253125 0.466667 0.248438 0.441667
5 0.334375 0.341667 0.329688 0.525000 0.332813 0.522917
5 0.821875 0.218750 0.804688 0.597917 0.810937 0.595833
7 0.306250 0.327083 0.306250 0.335417 0.317188 0.339583 0.359375 0.341667 0.360938 0.343750 0.362500 0.341667 0.360938 0.333333 0.353125 0.331250 0.334375 0.331250 0.328125 0.327083
7 0.920312 0.191667 0.826562 0.216667 0.821875 0.227083 0.823438 0.239583 0.889062 0.225000 0.890625 0.220833 0.907813 0.220833 0.918750 0.214583
8 0.592187 0.233333 0.592187 0.235417 0.589063 0.237500 0.587500 0.241667 0.587500 0.256250 0.585938 0.258333 0.585938 0.272917 0.587500 0.277083 0.592187 0.277083 0.592187 0.275000 0.595313 0.272917 0.596875 0.268750 0.598437 0.268750 0.598437 0.264583 0.595313 0.258333 0.596875 0.250000 0.593750 0.245833 0.595313 0.239583 0.592187 0.237500
8 0.717187 0.000000 0.670312 0.183333 0.779687 0.327083 0.750000 0.466667 0.807813 0.439583 0.817187 0.218750 0.912500 0.189583 0.826562 0.241667 0.818750 0.433333 0.904687 0.475000 0.998437 0.433333 0.998437 0.239583 0.954688 0.304167 0.959375 0.447917 0.903125 0.443750 0.876563 0.316667 0.982812 0.189583 0.981250 0.118750 0.931250 0.129167 0.967187 0.060417 0.946875 0.000000
8 0.000000 0.000000 0.000000 0.418750 0.167187 0.427083 0.142187 0.385417 0.189062 0.377083 0.328125 0.516667 0.328125 0.325000 0.364063 0.339583 0.334375 0.518750 0.567187 0.466667 0.532813 0.383333 0.584375 0.218750 0.518750 0.247917 0.512500 0.129167 0.446875 0.108333 0.325000 0.295833 0.259375 0.247917 0.196875 0.004167
10 0.740625 0.300000 0.750000 0.329167 0.753125 0.331250 0.765625 0.375000 0.771875 0.385417 0.775000 0.383333 0.775000 0.358333 0.778125 0.350000 0.776563 0.322917 0.768750 0.320833 0.765625 0.314583 0.760938 0.316667 0.750000 0.300000
10 0.998437 0.000000 0.945312 0.008333 0.940625 0.058333 0.962500 0.045833 0.968750 0.060417 0.932813 0.129167 0.981250 0.116667 0.971875 0.177083 0.985938 0.181250 0.923438 0.285417 0.881250 0.295833 0.903125 0.377083 0.953125 0.385417 0.956250 0.289583 0.998437 0.237500
10 0.187500 0.000000 0.267188 0.164583 0.260937 0.247917 0.300000 0.227083 0.325000 0.293750 0.335938 0.250000 0.387500 0.262500 0.415625 0.135417 0.468750 0.095833 0.515625 0.133333 0.518750 0.245833 0.526563 0.206250 0.585938 0.218750 0.554688 0.337500 0.592187 0.231250 0.676562 0.218750 0.678125 0.097917 0.715625 0.091667 0.715625 0.000000