0 0.814063 0.531250 0.000000 0.562500 0.000000 0.997917 0.851562 0.997917 0.684375 0.685417
0 0.998437 0.529167 0.823438 0.531250 0.821875 0.577083 0.970313 0.560417 0.992188 0.564583
1 0.996875 0.564583 0.826562 0.579167 0.818750 0.597917 0.782813 0.583333 0.690625 0.645833 0.687500 0.695833 0.721875 0.806250 0.853125 0.997917 0.998437 0.997917
1 0.814063 0.514583 0.000000 0.531250 0.000000 0.560417
1 0.996875 0.514583 0.823438 0.512500 0.823438 0.529167 0.996875 0.525000
2 0.817187 0.427083 0.810937 0.427083 0.809375 0.431250 0.803125 0.431250 0.795312 0.437500 0.793750 0.441667 0.790625 0.441667 0.785937 0.433333 0.779687 0.431250 0.778125 0.460417 0.815625 0.460417
2 0.826562 0.462500 0.892188 0.464583 0.893750 0.431250 0.975000 0.433333 0.998437 0.454167 0.987500 0.425000 0.962500 0.418750 0.982812 0.400000 0.981250 0.381250 0.968750 0.383333 0.964063 0.372917 0.889062 0.370833 0.896875 0.410417 0.890625 0.431250 0.876563 0.420833 0.828125 0.425000
2 0.123438 0.375000 0.118750 0.385417 0.118750 0.393750 0.123438 0.400000 0.131250 0.404167 0.150000 0.402083 0.151562 0.406250 0.148438 0.408333 0.146875 0.416667 0.150000 0.425000 0.170313 0.425000 0.168750 0.400000 0.171875 0.389583 0.157812 0.368750 0.142187 0.366667
2 0.764062 0.379167 0.715625 0.247917 0.667188 0.210417 0.610938 0.250000 0.606250 0.218750 0.592187 0.222917 0.585938 0.264583 0.521875 0.375000 0.542188 0.389583 0.534375 0.435417 0.548438 0.445833 0.742188 0.458333 0.757812 0.433333
4 0.998437 0.456250 0.975000 0.468750 0.826562 0.464583 0.823438 0.510417 0.990625 0.508333 0.998437 0.527083
4 0.459375 0.518750 0.814063 0.512500 0.815625 0.462500 0.556250 0.447917 0.471875 0.479167 0.481250 0.506250
4 0.000000 0.427083 0.000000 0.529167 0.306250 0.518750 0.307812 0.450000
5 0.314063 0.335417 0.310937 0.335417 0.309375 0.527083 0.312500 0.525000
5 0.832812 0.191667 0.814063 0.595833 0.821875 0.579167
7 0.282813 0.318750 0.284375 0.329167 0.343750 0.335417 0.342187 0.325000 0.337500 0.322917
7 0.940625 0.158333 0.835938 0.189583 0.832812 0.212500 0.926562 0.189583 0.939063 0.177083
8 0.893750 0.433333 0.896875 0.441667 0.893750 0.464583 0.975000 0.466667 0.990625 0.464583 0.993750 0.458333 0.975000 0.435417
8 0.998437 0.247917 0.982812 0.281250 0.984375 0.400000 0.981250 0.408333 0.968750 0.406250 0.964063 0.416667 0.987500 0.422917 0.998437 0.435417
8 0.706250 0.000000 0.659375 0.170833 0.771875 0.314583 0.743750 0.458333 0.817187 0.425000 0.825000 0.191667 0.942187 0.158333 0.834375 0.222917 0.828125 0.422917 0.890625 0.429167 0.850000 0.281250 0.912500 0.272917 0.975000 0.177083 0.973437 0.104167 0.923438 0.116667 0.957812 0.031250
8 0.000000 0.000000 0.000000 0.425000 0.150000 0.427083 0.117188 0.385417 0.153125 0.364583 0.170313 0.427083 0.307812 0.447917 0.301563 0.316667 0.345313 0.333333 0.314063 0.518750 0.553125 0.456250 0.520312 0.375000 0.575000 0.204167 0.506250 0.233333 0.467187 0.083333 0.304688 0.287500 0.237500 0.235417 0.173437 0.000000
10 0.731250 0.289583 0.750000 0.350000 0.753125 0.352083 0.760938 0.377083 0.764062 0.377083 0.767188 0.372917 0.770312 0.314583 0.760938 0.312500 0.757812 0.306250 0.746875 0.302083 0.739062 0.289583
10 0.937500 0.000000 0.929688 0.041667 0.956250 0.027083 0.959375 0.054167 0.925000 0.116667 0.973437 0.102083 0.964063 0.162500 0.976562 0.177083 0.912500 0.275000 0.856250 0.266667 0.851562 0.289583 0.871875 0.281250 0.867188 0.316667 0.882812 0.316667 0.889062 0.368750 0.968750 0.381250 0.998437 0.245833 0.998437 0.000000
10 0.175000 0.000000 0.245312 0.154167 0.239063 0.235417 0.278125 0.216667 0.304688 0.285417 0.315625 0.239583 0.368750 0.252083 0.381250 0.150000 0.454688 0.077083 0.503125 0.114583 0.506250 0.231250 0.514062 0.191667 0.545312 0.195833 0.526563 0.229167 0.576562 0.204167 0.545312 0.329167 0.578125 0.225000 0.584375 0.264583 0.600000 0.214583 0.610938 0.247917 0.665625 0.210417 0.665625 0.089583 0.704688 0.077083 0.704688 0.000000