0 0.998437 0.716667 0.675000 0.535417 0.617188 0.552083 0.546875 0.472917 0.003125 0.820833 0.000000 0.997917 0.998437 0.997917
1 0.710938 0.508333 0.709375 0.554167 0.998437 0.714583 0.995313 0.583333
1 0.525000 0.479167 0.006250 0.645833 0.000000 0.822917
2 0.506250 0.427083 0.510938 0.435417 0.509375 0.454167 0.501563 0.468750 0.501563 0.481250 0.506250 0.481250 0.507812 0.477083 0.526563 0.477083 0.525000 0.468750 0.521875 0.466667 0.521875 0.462500 0.525000 0.460417 0.526563 0.454167 0.525000 0.441667 0.520312 0.435417 0.517188 0.435417 0.515625 0.431250 0.510938 0.431250
2 0.054688 0.443750 0.317188 0.456250 0.318750 0.393750 0.418750 0.402083 0.431250 0.362500 0.420312 0.352083 0.382812 0.385417 0.306250 0.358333 0.131250 0.379167 0.118750 0.318750 0.068750 0.316667 0.054688 0.339583
4 0.000000 0.647917 0.439063 0.506250 0.454688 0.462500 0.000000 0.445833
4 0.826562 0.427083 0.696875 0.447917 0.710938 0.506250 0.826562 0.537500
4 0.998437 0.412500 0.837500 0.427083 0.839063 0.539583 0.998437 0.585417
5 0.760938 0.004167 0.829688 0.077083 0.834375 0.541667 0.834375 0.075000 0.801562 0.025000
8 0.509375 0.435417 0.484375 0.420833 0.475000 0.379167 0.445312 0.372917 0.437500 0.347917 0.418750 0.404167 0.318750 0.395833 0.318750 0.456250 0.403125 0.462500 0.409375 0.447917 0.446875 0.445833 0.464062 0.470833 0.464062 0.491667 0.498437 0.483333
8 0.846875 0.004167 0.837500 0.425000 0.998437 0.410417 0.998437 0.000000
8 0.631250 0.000000 0.639062 0.131250 0.617188 0.112500 0.612500 0.162500 0.639062 0.208333 0.593750 0.270833 0.612500 0.320833 0.589063 0.316667 0.581250 0.420833 0.528125 0.477083 0.631250 0.429167 0.826562 0.425000 0.829688 0.172917 0.801562 0.154167 0.793750 0.054167 0.748437 0.081250 0.790625 0.029167 0.759375 0.004167 0.798438 0.004167
8 0.000000 0.000000 0.000000 0.443750 0.056250 0.445833 0.057813 0.312500 0.137500 0.120833 0.131250 0.377083 0.301563 0.362500 0.225000 0.081250 0.328125 0.120833 0.389062 0.000000
10 0.139063 0.122917 0.117188 0.177083 0.085938 0.218750 0.059375 0.316667 0.121875 0.308333 0.114062 0.281250 0.129688 0.281250 0.123438 0.272917 0.120313 0.204167 0.140625 0.206250 0.129688 0.162500 0.140625 0.170833 0.146875 0.164583
10 0.835938 0.087500 0.835938 0.104167 0.837500 0.106250 0.835938 0.108333 0.835938 0.122917 0.837500 0.125000 0.835938 0.129167 0.835938 0.141667 0.837500 0.145833 0.835938 0.147917 0.837500 0.147917 0.840625 0.133333 0.848437 0.127083 0.850000 0.118750 0.845313 0.110417 0.846875 0.097917 0.843750 0.093750 0.837500 0.091667
10 0.792188 0.029167 0.750000 0.081250 0.767188 0.079167 0.782813 0.058333 0.795312 0.054167 0.787500 0.091667 0.792188 0.102083 0.806250 0.097917 0.803125 0.116667 0.809375 0.122917 0.803125 0.154167 0.815625 0.145833 0.807813 0.164583 0.818750 0.175000 0.829688 0.162500 0.828125 0.077083 0.818750 0.054167
10 0.779687 0.000000 0.784375 0.012500 0.798438 0.002083 0.795312 0.020833 0.826562 0.050000 0.835938 0.075000 0.834375 0.081250 0.840625 0.075000 0.835938 0.029167 0.840625 0.008333 0.853125 0.000000
10 0.232813 0.066667 0.229687 0.158333 0.264062 0.145833 0.295312 0.352083 0.382812 0.383333 0.437500 0.345833 0.528125 0.454167 0.575000 0.429167 0.587500 0.316667 0.610938 0.320833 0.592187 0.270833 0.637500 0.208333 0.610938 0.162500 0.617188 0.110417 0.637500 0.131250 0.629687 0.000000 0.390625 0.000000 0.328125 0.122917
13 0.551562 0.468750 0.560937 0.483333 0.576562 0.485417 0.581250 0.512500 0.598437 0.502083 0.603125 0.533333 0.612500 0.525000 0.617188 0.550000 0.625000 0.552083 0.635938 0.533333 0.675000 0.533333 0.695312 0.550000 0.707812 0.541667 0.707812 0.485417 0.685937 0.431250 0.631250 0.431250 0.615625 0.445833 0.585938 0.445833 0.579688 0.462500