0 0.898438 0.997917 0.826562 0.781250 0.789062 0.462500 0.725000 0.433333 0.000000 0.729167 0.000000 0.997917
1 0.726562 0.429167 0.000000 0.654167 0.000000 0.727083
1 0.789062 0.414583 0.820312 0.741667 0.900000 0.997917 0.998437 0.997917 0.998437 0.500000
2 0.751563 0.385417 0.743750 0.379167 0.720313 0.375000 0.725000 0.383333 0.725000 0.400000 0.718750 0.406250 0.717187 0.412500 0.714063 0.412500 0.709375 0.404167 0.706250 0.406250 0.706250 0.429167 0.714063 0.425000 0.715625 0.412500 0.721875 0.410417 0.726562 0.402083 0.731250 0.402083 0.737500 0.391667
2 0.631250 0.322917 0.603125 0.354167 0.537500 0.354167 0.534375 0.383333 0.473438 0.393750 0.460938 0.406250 0.454688 0.437500 0.550000 0.429167 0.548438 0.393750 0.557813 0.391667 0.560937 0.372917 0.576562 0.368750 0.587500 0.379167 0.593750 0.368750 0.615625 0.370833
2 0.318750 0.087500 0.198437 0.166667 0.189062 0.114583 0.157812 0.122917 0.156250 0.193750 0.075000 0.272917 0.078125 0.325000 0.035937 0.406250 0.000000 0.420833 0.039062 0.460417 0.132812 0.456250 0.148438 0.593750 0.212500 0.535417 0.203125 0.447917 0.414062 0.439583 0.428125 0.354167
3 0.300000 0.500000 0.296875 0.504167 0.296875 0.539583 0.295312 0.541667 0.296875 0.558333 0.306250 0.558333 0.325000 0.550000 0.321875 0.539583 0.315625 0.539583 0.309375 0.531250 0.303125 0.529167
3 0.053125 0.458333 0.073438 0.475000 0.076563 0.497917 0.071875 0.631250 0.143750 0.608333 0.132812 0.458333
3 0.295312 0.445833 0.290625 0.452083 0.290625 0.460417 0.300000 0.493750 0.301563 0.491667 0.301563 0.483333 0.304688 0.477083 0.310937 0.477083 0.315625 0.483333 0.315625 0.493750 0.318750 0.495833 0.318750 0.500000 0.318750 0.493750 0.321875 0.491667 0.320312 0.447917 0.314063 0.441667 0.309375 0.447917
4 0.084375 0.472917 0.082812 0.475000 0.084375 0.493750 0.087500 0.497917 0.090625 0.495833 0.098437 0.497917 0.104688 0.510417 0.106250 0.520833 0.110937 0.527083 0.117188 0.522917 0.117188 0.518750 0.121875 0.512500 0.121875 0.487500 0.117188 0.481250 0.104688 0.472917
4 0.051562 0.458333 0.000000 0.466667 0.000000 0.652083 0.070312 0.631250 0.075000 0.497917 0.071875 0.475000
4 0.650000 0.420833 0.320312 0.441667 0.318750 0.502083 0.310937 0.479167 0.296875 0.491667 0.293750 0.445833 0.203125 0.450000 0.214062 0.535417 0.181250 0.585417 0.295312 0.558333 0.300000 0.497917 0.328125 0.550000 0.637500 0.454167
4 0.864062 0.375000 0.848437 0.383333 0.814063 0.383333 0.807813 0.387500 0.807813 0.408333 0.801562 0.414583 0.862500 0.439583 0.865625 0.422917
4 0.998437 0.331250 0.870313 0.375000 0.873437 0.445833 0.998437 0.497917
5 0.862500 0.275000 0.865625 0.443750 0.871875 0.445833 0.867188 0.306250
8 0.000000 0.439583 0.000000 0.464583 0.001563 0.462500 0.010937 0.462500 0.012500 0.464583 0.035937 0.464583 0.037500 0.458333 0.032813 0.456250 0.031250 0.452083 0.026562 0.450000 0.023438 0.445833 0.012500 0.443750 0.010937 0.441667 0.001563 0.441667
8 0.725000 0.393750 0.718750 0.375000 0.685937 0.377083 0.637500 0.314583 0.615625 0.372917 0.560937 0.375000 0.559375 0.391667 0.550000 0.393750 0.551562 0.429167 0.607812 0.425000 0.620313 0.408333 0.642188 0.408333 0.659375 0.425000 0.660937 0.441667 0.703125 0.431250 0.704688 0.406250 0.717187 0.410417
8 0.012500 0.179167 0.000000 0.204167 0.000000 0.418750 0.035937 0.404167 0.037500 0.387500 0.062500 0.345833 0.035937 0.235417
8 0.789062 0.000000 0.784375 0.050000 0.810937 0.104167 0.790625 0.125000 0.814063 0.166667 0.775000 0.208333 0.787500 0.252083 0.760938 0.247917 0.768750 0.385417 0.803125 0.412500 0.814063 0.381250 0.864062 0.372917 0.862500 0.272917 0.870313 0.372917 0.996875 0.331250 0.998437 0.000000
8 0.264062 0.000000 0.281250 0.079167 0.350000 0.133333 0.370312 0.116667 0.359375 0.183333 0.429688 0.258333 0.415625 0.439583 0.534375 0.381250 0.493750 0.216667 0.556250 0.220833 0.618750 0.106250 0.614062 0.045833 0.571875 0.039583 0.579688 0.000000
10 0.362500 0.187500 0.417187 0.341667 0.428125 0.352083 0.428125 0.258333 0.417187 0.258333 0.414062 0.247917 0.398438 0.243750 0.389062 0.218750 0.376563 0.210417 0.368750 0.187500
10 0.339062 0.125000 0.356250 0.172917 0.359375 0.168750 0.370312 0.172917 0.371875 0.168750 0.368750 0.166667 0.365625 0.139583 0.371875 0.137500 0.370312 0.118750 0.365625 0.118750 0.362500 0.114583 0.359375 0.116667 0.359375 0.125000 0.351562 0.135417 0.346875 0.131250 0.345313 0.122917
10 0.581250 0.000000 0.568750 0.033333 0.615625 0.045833 0.620313 0.106250 0.551562 0.229167 0.495312 0.216667 0.532813 0.364583 0.637500 0.312500 0.693750 0.372917 0.767188 0.385417 0.759375 0.247917 0.785937 0.252083 0.773438 0.208333 0.812500 0.166667 0.787500 0.112500 0.809375 0.106250 0.782813 0.050000 0.798438 0.012500
10 0.000000 0.202083 0.007812 0.177083 0.065625 0.341667 0.073438 0.272917 0.154688 0.193750 0.154688 0.125000 0.184375 0.108333 0.195312 0.164583 0.293750 0.093750 0.278125 0.072917 0.285938 0.031250 0.262500 0.000000 0.000000 0.000000
13 0.775000 0.387500 0.740625 0.391667 0.715625 0.414583 0.715625 0.425000 0.728125 0.429167 0.726562 0.464583 0.732812 0.466667 0.735938 0.458333 0.743750 0.454167 0.771875 0.454167 0.776563 0.464583 0.787500 0.464583 0.787500 0.406250