0 0.998437 0.802083 0.648438 0.447917 0.000000 0.739583 0.000000 0.997917 0.998437 0.997917
1 0.721875 0.454167 0.726562 0.497917 0.998437 0.800000 0.998437 0.537500
1 0.637500 0.452083 0.000000 0.633333 0.000000 0.737500
2 0.600000 0.395833 0.603125 0.402083 0.610938 0.406250 0.618750 0.404167 0.625000 0.410417 0.623437 0.431250 0.632812 0.431250 0.635938 0.437500 0.635938 0.450000 0.656250 0.445833 0.657813 0.431250 0.645312 0.422917 0.645312 0.410417 0.625000 0.400000 0.615625 0.400000 0.614062 0.395833
2 0.545312 0.347917 0.534375 0.339583 0.515625 0.368750 0.498437 0.372917 0.446875 0.362500 0.446875 0.383333 0.370312 0.395833 0.351562 0.416667 0.356250 0.441667 0.460938 0.443750 0.467187 0.400000 0.504687 0.402083 0.515625 0.387500 0.529687 0.389583 0.531250 0.364583
2 0.000000 0.066667 0.000000 0.435417 0.112500 0.418750 0.287500 0.443750 0.315625 0.350000 0.184375 0.008333 0.115625 0.000000
3 0.814063 0.477083 0.820312 0.485417 0.998437 0.535417 0.998437 0.510417
3 0.521875 0.441667 0.531250 0.435417 0.546875 0.439583 0.551562 0.460417 0.551562 0.441667 0.556250 0.439583 0.557813 0.452083 0.562500 0.458333 0.560937 0.466667 0.565625 0.464583 0.564063 0.439583 0.556250 0.435417 0.556250 0.427083 0.545312 0.427083 0.543750 0.431250 0.526563 0.431250
3 0.039062 0.437500 0.060937 0.450000 0.073438 0.616667 0.243750 0.560417 0.232813 0.437500 0.184375 0.431250 0.193750 0.564583 0.145313 0.587500 0.134375 0.435417 0.073438 0.420833
4 0.560937 0.458333 0.553125 0.441667 0.550000 0.462500 0.537500 0.437500 0.234375 0.445833 0.237500 0.552083 0.529687 0.481250
4 0.000000 0.437500 0.000000 0.631250 0.071875 0.616667 0.059375 0.450000 0.037500 0.437500
4 0.135937 0.435417 0.132812 0.456250 0.140625 0.581250 0.184375 0.579167 0.193750 0.550000 0.189062 0.443750 0.167187 0.435417
4 0.800000 0.400000 0.767188 0.414583 0.734375 0.420833 0.734375 0.454167 0.745313 0.454167 0.801562 0.475000
4 0.998437 0.360417 0.807813 0.404167 0.809375 0.477083 0.998437 0.508333
5 0.734375 0.110417 0.731250 0.122917 0.775000 0.133333 0.800000 0.160417 0.807813 0.477083 0.801562 0.154167
8 0.623437 0.410417 0.603125 0.404167 0.582812 0.368750 0.570312 0.368750 0.545312 0.331250 0.545312 0.358333 0.532813 0.364583 0.535937 0.385417 0.515625 0.389583 0.504687 0.404167 0.467187 0.402083 0.464062 0.439583 0.520312 0.441667 0.526563 0.429167 0.556250 0.425000 0.571875 0.447917 0.571875 0.462500 0.610938 0.454167 0.609375 0.429167 0.618750 0.433333
8 0.712500 0.000000 0.701562 0.162500 0.726562 0.200000 0.675000 0.270833 0.685937 0.391667 0.653125 0.427083 0.707812 0.408333 0.732812 0.454167 0.801562 0.393750 0.798438 0.160417 0.734375 0.108333 0.803125 0.154167 0.807813 0.402083 0.998437 0.358333 0.998437 0.000000
8 0.171875 0.000000 0.240625 0.020833 0.221875 0.102083 0.318750 0.227083 0.289062 0.443750 0.446875 0.381250 0.404687 0.191667 0.442188 0.218750 0.485938 0.189583 0.546875 0.077083 0.545312 0.000000
10 0.229687 0.114583 0.315625 0.345833 0.317188 0.227083 0.282813 0.206250 0.268750 0.170833 0.248438 0.154167
10 0.193750 0.014583 0.195312 0.027083 0.218750 0.089583 0.225000 0.083333 0.235937 0.095833 0.232813 0.062500 0.235937 0.058333 0.240625 0.060417 0.235937 0.041667 0.240625 0.031250 0.239063 0.020833 0.234375 0.014583 0.225000 0.014583 0.215625 0.029167 0.204687 0.035417 0.200000 0.018750
10 0.546875 0.000000 0.548438 0.077083 0.487500 0.189583 0.440625 0.220833 0.407813 0.187500 0.400000 0.237500 0.418750 0.227083 0.418750 0.281250 0.435937 0.272917 0.445312 0.366667 0.510938 0.368750 0.551562 0.329167 0.653125 0.425000 0.684375 0.391667 0.673438 0.270833 0.696875 0.272917 0.687500 0.233333 0.725000 0.200000 0.700000 0.162500 0.720313 0.018750
10 0.000000 0.064583 0.114062 0.000000 0.000000 0.000000
13 0.610938 0.429167 0.612500 0.433333 0.612500 0.447917 0.614062 0.450000 0.634375 0.450000 0.634375 0.437500 0.626563 0.433333 0.628125 0.431250 0.631250 0.431250 0.625000 0.431250 0.623437 0.433333 0.620313 0.431250 0.620313 0.433333 0.617188 0.435417 0.615625 0.433333 0.615625 0.429167
13 0.665625 0.416667 0.657813 0.443750 0.659375 0.491667 0.664062 0.493750 0.671875 0.483333 0.707812 0.483333 0.712500 0.491667 0.720313 0.491667 0.721875 0.447917 0.707812 0.410417 0.675000 0.410417