0 0.998437 0.718750 0.529687 0.475000 0.000000 0.822917 0.000000 0.997917 0.998437 0.997917
1 0.715625 0.514583 0.710938 0.558333 0.998437 0.716667 0.996875 0.587500
1 0.518750 0.479167 0.006250 0.639583 0.000000 0.820833
2 0.398438 0.447917 0.400000 0.460417 0.407813 0.460417 0.409375 0.454167 0.426563 0.458333 0.432812 0.477083 0.435937 0.479167 0.435937 0.485417 0.442188 0.487500 0.445312 0.495833 0.453125 0.487500 0.454688 0.470833 0.442188 0.458333 0.439063 0.445833
2 0.498437 0.425000 0.503125 0.431250 0.503125 0.435417 0.506250 0.437500 0.506250 0.445833 0.503125 0.447917 0.503125 0.454167 0.500000 0.456250 0.495312 0.466667 0.495312 0.481250 0.500000 0.481250 0.501563 0.477083 0.520312 0.477083 0.515625 0.466667 0.520312 0.454167 0.518750 0.441667 0.514062 0.435417 0.510938 0.435417 0.509375 0.431250
2 0.017188 0.433333 0.301563 0.456250 0.306250 0.387500 0.410938 0.402083 0.423438 0.358333 0.389062 0.383333 0.292187 0.352083 0.109375 0.368750 0.089063 0.308333 0.021875 0.306250
3 0.923438 0.560417 0.940625 0.564583 0.951562 0.575000 0.962500 0.575000 0.967187 0.579167 0.998437 0.585417 0.998437 0.564583 0.956250 0.560417 0.954688 0.556250 0.928125 0.556250
4 0.000000 0.641667 0.443750 0.493750 0.414062 0.456250 0.000000 0.441667
4 0.837500 0.431250 0.807813 0.427083 0.701562 0.450000 0.717187 0.510417 0.834375 0.541667
4 0.998437 0.414583 0.850000 0.427083 0.850000 0.547917 0.950000 0.572917 0.921875 0.560417 0.998437 0.562500
5 0.771875 0.000000 0.825000 0.029167 0.842187 0.072917 0.835938 0.543750 0.846875 0.547917 0.845313 0.062500 0.814063 0.010417
8 0.504687 0.437500 0.478125 0.418750 0.470313 0.379167 0.437500 0.370833 0.431250 0.339583 0.421875 0.370833 0.409375 0.375000 0.410938 0.404167 0.306250 0.389583 0.307812 0.456250 0.398438 0.460417 0.401562 0.443750 0.440625 0.443750 0.456250 0.491667 0.493750 0.481250
8 0.854688 0.000000 0.848437 0.427083 0.998437 0.412500 0.998437 0.000000
8 0.632812 0.000000 0.635938 0.127083 0.614062 0.108333 0.631250 0.231250 0.603125 0.229167 0.585938 0.389583 0.521875 0.477083 0.631250 0.429167 0.835938 0.427083 0.840625 0.195833 0.809375 0.214583 0.829688 0.170833 0.800000 0.154167 0.793750 0.052083 0.754687 0.072917 0.795312 0.008333
8 0.000000 0.000000 0.000000 0.439583 0.110937 0.089583 0.131250 0.147917 0.081250 0.306250 0.107813 0.364583 0.287500 0.354167 0.210938 0.060417 0.315625 0.104167 0.379688 0.000000
10 0.114062 0.091667 0.084375 0.160417 0.054688 0.197917 0.023438 0.306250 0.103125 0.297917 0.095312 0.270833 0.110937 0.270833 0.103125 0.262500 0.098437 0.189583 0.114062 0.185417 0.121875 0.195833 0.107813 0.143750 0.129688 0.147917
10 0.848437 0.079167 0.846875 0.085417 0.848437 0.091667 0.848437 0.102083 0.846875 0.104167 0.848437 0.108333 0.848437 0.120833 0.846875 0.122917 0.850000 0.125000 0.848437 0.135417 0.851562 0.122917 0.860938 0.112500 0.856250 0.104167 0.856250 0.081250 0.851562 0.081250
10 0.796875 0.010417 0.756250 0.072917 0.795312 0.052083 0.789062 0.089583 0.807813 0.097917 0.803125 0.114583 0.809375 0.118750 0.801562 0.154167 0.814063 0.143750 0.807813 0.162500 0.831250 0.170833 0.812500 0.202083 0.817187 0.214583 0.840625 0.193750 0.840625 0.072917 0.825000 0.031250
10 0.801562 0.000000 0.814063 0.008333 0.839063 0.035417 0.843750 0.045833 0.846875 0.066667 0.853125 0.060417 0.854688 0.045833 0.848437 0.037500 0.850000 0.002083 0.853125 0.000000
10 0.217188 0.043750 0.214062 0.139583 0.250000 0.129167 0.282813 0.345833 0.389062 0.381250 0.431250 0.337500 0.521875 0.454167 0.571875 0.425000 0.582812 0.316667 0.606250 0.320833 0.587500 0.268750 0.614062 0.272917 0.601562 0.229167 0.634375 0.197917 0.607812 0.160417 0.614062 0.106250 0.634375 0.127083 0.631250 0.000000 0.381250 0.000000 0.315625 0.106250
13 0.546875 0.462500 0.546875 0.477083 0.570312 0.483333 0.578125 0.512500 0.598437 0.506250 0.600000 0.533333 0.614062 0.529167 0.618750 0.554167 0.628125 0.554167 0.635938 0.537500 0.690625 0.539583 0.696875 0.554167 0.709375 0.554167 0.715625 0.508333 0.704688 0.458333 0.689063 0.431250 0.631250 0.431250 0.615625 0.445833 0.581250 0.445833 0.575000 0.462500