0 0.998437 0.837500 0.660937 0.445833 0.004687 0.739583 0.000000 0.997917 0.998437 0.997917
1 0.648438 0.447917 0.000000 0.645833 0.000000 0.741667
1 0.731250 0.445833 0.732812 0.485417 0.998437 0.835417 0.998437 0.527083
2 0.615625 0.393750 0.628125 0.404167 0.635938 0.400000 0.640625 0.406250 0.639062 0.431250 0.650000 0.431250 0.651563 0.445833 0.665625 0.443750 0.668750 0.439583 0.665625 0.435417 0.668750 0.433333 0.671875 0.420833 0.667188 0.422917 0.662500 0.418750 0.662500 0.406250 0.642188 0.395833 0.631250 0.395833 0.629687 0.391667
2 0.556250 0.339583 0.528125 0.368750 0.459375 0.364583 0.464062 0.381250 0.454688 0.389583 0.389062 0.400000 0.375000 0.435417 0.378125 0.443750 0.476562 0.443750 0.485938 0.385417 0.506250 0.383333 0.515625 0.393750 0.543750 0.385417
2 0.206250 0.022917 0.170313 0.020833 0.043750 0.102083 0.040625 0.043750 0.000000 0.029167 0.000000 0.443750 0.317188 0.445833 0.339062 0.354167
3 0.820312 0.466667 0.829688 0.477083 0.998437 0.525000 0.998437 0.500000
3 0.262500 0.443750 0.232813 0.447917 0.235937 0.572917 0.270313 0.560417
3 0.125000 0.433333 0.121875 0.443750 0.129688 0.472917 0.129688 0.506250 0.135937 0.518750 0.131250 0.604167 0.178125 0.595833 0.185938 0.581250 0.176563 0.443750
4 0.000000 0.445833 0.000000 0.643750 0.037500 0.622917 0.131250 0.606250 0.134375 0.518750 0.121875 0.445833
4 0.178125 0.443750 0.187500 0.585417 0.232813 0.575000 0.232813 0.445833
4 0.579688 0.439583 0.265625 0.447917 0.271875 0.560417 0.576562 0.466667
4 0.809375 0.393750 0.785937 0.404167 0.748437 0.410417 0.748437 0.445833 0.809375 0.466667
4 0.998437 0.341667 0.959375 0.364583 0.815625 0.393750 0.817187 0.470833 0.825000 0.462500 0.998437 0.497917
5 0.809375 0.264583 0.810937 0.468750 0.815625 0.470833
8 0.639062 0.406250 0.628125 0.406250 0.596875 0.366667 0.581250 0.362500 0.565625 0.327083 0.546875 0.360417 0.543750 0.387500 0.515625 0.395833 0.506250 0.385417 0.485938 0.387500 0.479687 0.439583 0.526563 0.441667 0.535937 0.439583 0.539062 0.425000 0.570312 0.425000 0.585938 0.441667 0.585938 0.458333 0.626563 0.450000 0.625000 0.425000 0.635938 0.431250
8 0.726562 0.000000 0.714063 0.158333 0.739062 0.187500 0.701562 0.231250 0.709375 0.266667 0.687500 0.266667 0.700000 0.364583 0.681250 0.404167 0.746875 0.445833 0.748437 0.408333 0.809375 0.391667 0.809375 0.262500 0.820312 0.393750 0.998437 0.339583 0.998437 0.000000
8 0.162500 0.000000 0.237500 0.066667 0.267188 0.050000 0.250000 0.131250 0.340625 0.241667 0.315625 0.443750 0.376563 0.443750 0.385937 0.400000 0.462500 0.381250 0.420312 0.197917 0.482812 0.220833 0.557813 0.085417 0.553125 0.008333
10 0.254688 0.137500 0.323437 0.329167 0.340625 0.352083 0.337500 0.237500 0.304688 0.218750 0.290625 0.185417 0.273438 0.170833 0.262500 0.139583
10 0.226562 0.047917 0.226562 0.064583 0.245312 0.114583 0.248438 0.116667 0.253125 0.110417 0.262500 0.120833 0.264062 0.102083 0.259375 0.085417 0.264062 0.083333 0.265625 0.050000 0.256250 0.045833 0.253125 0.050000 0.250000 0.047917 0.248438 0.056250 0.237500 0.068750 0.231250 0.062500
10 0.531250 0.000000 0.554688 0.008333 0.559375 0.085417 0.506250 0.187500 0.462500 0.227083 0.421875 0.197917 0.451562 0.356250 0.528125 0.366667 0.565625 0.325000 0.670312 0.420833 0.696875 0.387500 0.685937 0.266667 0.707812 0.266667 0.700000 0.231250 0.737500 0.187500 0.712500 0.158333 0.728125 0.004167
10 0.000000 0.000000 0.000000 0.027083 0.015625 0.018750 0.042188 0.043750 0.042188 0.100000 0.173437 0.020833 0.160938 0.000000
13 0.678125 0.408333 0.667188 0.435417 0.670312 0.437500 0.667188 0.443750 0.668750 0.485417 0.676562 0.487500 0.679688 0.477083 0.715625 0.475000 0.720313 0.485417 0.728125 0.487500 0.731250 0.483333 0.728125 0.437500 0.731250 0.429167 0.723437 0.422917 0.718750 0.408333