0 0.998437 0.793750 0.640625 0.452083 0.000000 0.739583 0.000000 0.997917 0.998437 0.997917
1 0.718750 0.456250 0.725000 0.506250 0.998437 0.791667 0.998437 0.545833
1 0.629687 0.456250 0.003125 0.629167 0.000000 0.737500
2 0.593750 0.400000 0.601562 0.408333 0.617188 0.410417 0.615625 0.439583 0.612500 0.443750 0.606250 0.435417 0.607812 0.454167 0.623437 0.454167 0.623437 0.445833 0.615625 0.441667 0.620313 0.431250 0.628125 0.435417 0.629687 0.454167 0.646875 0.450000 0.648438 0.445833 0.640625 0.435417 0.635938 0.414583 0.607812 0.400000
2 0.540625 0.352083 0.529687 0.341667 0.496875 0.375000 0.440625 0.364583 0.435937 0.385417 0.359375 0.395833 0.340625 0.425000 0.350000 0.443750 0.454688 0.443750 0.454688 0.404167 0.464062 0.391667 0.484375 0.402083 0.506250 0.389583 0.526563 0.393750 0.525000 0.364583
2 0.000000 0.039583 0.000000 0.435417 0.082812 0.414583 0.278125 0.443750 0.304688 0.345833 0.176563 0.000000 0.070312 0.000000
3 0.812500 0.483333 0.882812 0.512500 0.998437 0.543750 0.998437 0.518750
3 0.018750 0.429167 0.042188 0.622917 0.226562 0.568750 0.215625 0.437500 0.165625 0.437500 0.175000 0.572917 0.120313 0.589583 0.110937 0.435417 0.082812 0.416667
4 0.564063 0.458333 0.532813 0.437500 0.217188 0.445833 0.221875 0.558333 0.534375 0.481250
4 0.020313 0.437500 0.000000 0.437500 0.000000 0.631250 0.015625 0.622917 0.040625 0.622917 0.028125 0.450000
4 0.112500 0.435417 0.109375 0.475000 0.117188 0.585417 0.167187 0.581250 0.175000 0.560417 0.168750 0.443750 0.137500 0.431250
4 0.798438 0.406250 0.767188 0.418750 0.717187 0.425000 0.714063 0.429167 0.717187 0.452083 0.723437 0.445833 0.725000 0.456250 0.798438 0.481250
4 0.998437 0.372917 0.829688 0.410417 0.804688 0.406250 0.807813 0.481250 0.998437 0.516667
5 0.800000 0.268750 0.800000 0.485417 0.807813 0.485417
5 0.731250 0.112500 0.729688 0.122917 0.742188 0.131250 0.765625 0.131250 0.795312 0.154167 0.800000 0.191667 0.798438 0.235417 0.801562 0.179167 0.795312 0.147917 0.760938 0.122917
8 0.617188 0.416667 0.589063 0.400000 0.576562 0.372917 0.564063 0.372917 0.539062 0.333333 0.542188 0.352083 0.526563 0.364583 0.529687 0.391667 0.506250 0.391667 0.490625 0.404167 0.464062 0.393750 0.456250 0.404167 0.456250 0.443750 0.546875 0.433333 0.564063 0.450000 0.565625 0.466667 0.603125 0.458333 0.604688 0.435417 0.614062 0.439583
8 0.709375 0.000000 0.695312 0.162500 0.723437 0.195833 0.670312 0.275000 0.679688 0.397917 0.646875 0.443750 0.798438 0.404167 0.800000 0.266667 0.807813 0.408333 0.998437 0.370833 0.998437 0.000000
8 0.225000 0.000000 0.237500 0.050000 0.210938 0.095833 0.307812 0.220833 0.309375 0.343750 0.275000 0.435417 0.348438 0.443750 0.359375 0.393750 0.435937 0.383333 0.400000 0.187500 0.462500 0.212500 0.543750 0.072917 0.525000 0.058333 0.543750 0.000000
10 0.217188 0.102083 0.306250 0.345833 0.306250 0.220833 0.268750 0.195833 0.256250 0.160417 0.235937 0.143750
10 0.545312 0.000000 0.526563 0.052083 0.545312 0.072917 0.479687 0.191667 0.428125 0.216667 0.401562 0.187500 0.393750 0.237500 0.412500 0.225000 0.412500 0.281250 0.428125 0.270833 0.435937 0.372917 0.507812 0.370833 0.540625 0.331250 0.651563 0.429167 0.678125 0.397917 0.668750 0.275000 0.692187 0.277083 0.684375 0.237500 0.721875 0.195833 0.693750 0.162500 0.715625 0.018750
10 0.178125 0.000000 0.206250 0.079167 0.212500 0.070833 0.223438 0.085417 0.223438 0.050000 0.228125 0.047917 0.232813 0.054167 0.235937 0.050000 0.225000 0.037500 0.228125 0.014583 0.225000 0.002083 0.207813 0.000000 0.204687 0.008333 0.190625 0.018750 0.184375 0.008333 0.185938 0.002083
10 0.000000 0.037500 0.029687 0.022917 0.031250 0.018750 0.034375 0.020833 0.050000 0.010417 0.053125 0.012500 0.051562 0.010417 0.054688 0.006250 0.060937 0.006250 0.068750 0.000000 0.000000 0.000000
13 0.664062 0.416667 0.648438 0.447917 0.654687 0.454167 0.654687 0.497917 0.660937 0.500000 0.665625 0.487500 0.700000 0.487500 0.710938 0.497917 0.717187 0.497917 0.715625 0.437500 0.703125 0.414583