0 0.000000 0.808333 0.000000 0.997917 0.998437 0.997917 0.996875 0.718750 0.732812 0.585417 0.643750 0.608333 0.585938 0.514583 0.482812 0.468750
1 0.800000 0.545833 0.785937 0.612500 0.998437 0.720833 0.995313 0.602083
1 0.459375 0.472917 0.000000 0.620833 0.000000 0.806250
2 0.443750 0.425000 0.445312 0.439583 0.435937 0.458333 0.434375 0.470833 0.435937 0.472917 0.457813 0.470833 0.453125 0.462500 0.453125 0.458333 0.459375 0.450000 0.457813 0.447917 0.457813 0.437500 0.454688 0.431250 0.450000 0.431250 0.446875 0.425000
2 0.153125 0.300000 0.153125 0.325000 0.292187 0.381250 0.307812 0.372917 0.337500 0.379167 0.334375 0.356250 0.351562 0.339583 0.343750 0.329167 0.317188 0.362500 0.281250 0.364583 0.168750 0.300000
2 0.000000 0.237500 0.000000 0.412500 0.121875 0.422917 0.118750 0.362500 0.135937 0.354167 0.137500 0.343750 0.045312 0.233333
3 0.310937 0.431250 0.310937 0.437500 0.315625 0.443750 0.320312 0.443750 0.325000 0.437500 0.334375 0.437500 0.353125 0.441667 0.359375 0.445833 0.368750 0.445833 0.368750 0.431250
4 0.998437 0.416667 0.928125 0.414583 0.776563 0.439583 0.795312 0.479167 0.804688 0.547917 0.996875 0.600000
4 0.000000 0.618750 0.379688 0.495833 0.379688 0.447917 0.000000 0.414583
8 0.454688 0.462500 0.603125 0.466667 0.654687 0.406250 0.996875 0.416667 0.998437 0.187500 0.956250 0.206250 0.931250 0.139583 0.842187 0.206250 0.853125 0.156250 0.820312 0.152083 0.860938 0.108333 0.814063 0.112500 0.793750 0.000000 0.593750 0.000000 0.542188 0.381250
8 0.000000 0.000000 0.000000 0.235417 0.045312 0.231250 0.139063 0.343750 0.123438 0.422917 0.314063 0.445833 0.310937 0.395833 0.389062 0.485417 0.434375 0.477083 0.442188 0.422917 0.364063 0.314583 0.332813 0.383333 0.153125 0.327083 0.134375 0.150000 0.103125 0.152083 0.110937 0.052083 0.060937 0.066667 0.045312 0.045833 0.076563 0.000000
10 0.795312 0.000000 0.789062 0.035417 0.806250 0.012500 0.823438 0.052083 0.815625 0.112500 0.862500 0.108333 0.821875 0.152083 0.854688 0.156250 0.842187 0.204167 0.857812 0.172917 0.878125 0.181250 0.882812 0.147917 0.904687 0.164583 0.931250 0.137500 0.954688 0.154167 0.945312 0.191667 0.956250 0.204167 0.968750 0.172917 0.998437 0.185417 0.998437 0.000000
10 0.062500 0.006250 0.060937 0.064583 0.112500 0.052083 0.104688 0.152083 0.135937 0.150000 0.154688 0.295833 0.284375 0.362500 0.356250 0.308333 0.460938 0.450000 0.540625 0.381250 0.551562 0.222917 0.592187 0.168750 0.567187 0.110417 0.592187 0.000000
13 0.484375 0.468750 0.484375 0.470833 0.487500 0.472917 0.496875 0.472917 0.498437 0.475000 0.498437 0.481250 0.501563 0.481250 0.503125 0.477083 0.510938 0.477083 0.512500 0.481250 0.520312 0.481250 0.520312 0.468750 0.514062 0.458333 0.509375 0.458333 0.504687 0.454167 0.500000 0.458333 0.496875 0.456250 0.487500 0.458333 0.487500 0.466667
13 0.800000 0.562500 0.793750 0.479167 0.757812 0.416667 0.654687 0.408333 0.603125 0.468750 0.590625 0.437500 0.545312 0.437500 0.529687 0.460417 0.529687 0.512500 0.585938 0.512500 0.592187 0.562500 0.631250 0.560417 0.643750 0.606250 0.690625 0.579167 0.753125 0.583333 0.760938 0.606250 0.784375 0.612500