0 0.000000 0.816667 0.000000 0.997917 0.998437 0.997917 0.995313 0.712500 0.689063 0.552083 0.620313 0.570833 0.514062 0.468750
1 0.734375 0.520833 0.731250 0.575000 0.998437 0.714583 0.998437 0.593750
1 0.490625 0.472917 0.000000 0.620833 0.000000 0.814583
2 0.476562 0.425000 0.473438 0.425000 0.475000 0.439583 0.464062 0.460417 0.464062 0.475000 0.489063 0.470833 0.485938 0.464583 0.485938 0.456250 0.489063 0.450000 0.487500 0.437500
2 0.000000 0.418750 0.239063 0.439583 0.240625 0.364583 0.345313 0.395833 0.368750 0.389583 0.385937 0.343750 0.331250 0.372917 0.235937 0.327083 0.226562 0.354167 0.193750 0.310417 0.000000 0.312500
3 0.357812 0.435417 0.359375 0.450000 0.354687 0.452083 0.362500 0.458333 0.362500 0.477083 0.354687 0.512500 0.368750 0.508333 0.370312 0.445833 0.384375 0.445833 0.395313 0.456250 0.390625 0.502083 0.415625 0.487500 0.414062 0.456250 0.406250 0.450000 0.404687 0.435417
4 0.370312 0.447917 0.368750 0.452083 0.370312 0.508333 0.382812 0.506250 0.384375 0.502083 0.389062 0.502083 0.389062 0.497917 0.392188 0.495833 0.393750 0.456250 0.392188 0.452083 0.384375 0.447917
4 0.896875 0.420833 0.895312 0.560417 0.998437 0.591667 0.998437 0.420833
4 0.000000 0.618750 0.340625 0.518750 0.360938 0.458333 0.000000 0.420833
4 0.884375 0.425000 0.843750 0.418750 0.718750 0.443750 0.732812 0.483333 0.734375 0.518750 0.881250 0.558333
5 0.900000 0.000000 0.884375 0.564583 0.895312 0.516667
8 0.473438 0.439583 0.470313 0.420833 0.445312 0.408333 0.437500 0.366667 0.418750 0.370833 0.390625 0.325000 0.368750 0.391667 0.350000 0.385417 0.345313 0.397917 0.240625 0.366667 0.245312 0.387500 0.234375 0.404167 0.240625 0.439583 0.357812 0.450000 0.357812 0.433333 0.404687 0.433333 0.425000 0.485417 0.462500 0.477083
8 0.901563 0.000000 0.896875 0.418750 0.993750 0.420833 0.998437 0.000000
8 0.607812 0.000000 0.615625 0.102083 0.593750 0.081250 0.612500 0.200000 0.582812 0.208333 0.593750 0.258333 0.568750 0.247917 0.584375 0.308333 0.560937 0.302083 0.539062 0.443750 0.509375 0.422917 0.490625 0.470833 0.631250 0.416667 0.882812 0.422917 0.889062 0.183333 0.823438 0.225000 0.839063 0.181250 0.809375 0.175000 0.835938 0.143750 0.801562 0.141667 0.790625 0.020833 0.759375 0.037500 0.782813 0.000000
8 0.007812 0.000000 0.023438 0.062500 0.000000 0.056250 0.015625 0.110417 0.000000 0.108333 0.000000 0.310417 0.193750 0.308333 0.229687 0.352083 0.218750 0.212500 0.190625 0.216667 0.204687 0.139583 0.181250 0.160417 0.164062 0.143750 0.182812 0.104167 0.176563 0.052083 0.157812 0.079167 0.134375 0.068750 0.143750 0.000000
10 0.784375 0.000000 0.760938 0.037500 0.792188 0.020833 0.784375 0.058333 0.803125 0.072917 0.803125 0.141667 0.837500 0.143750 0.810937 0.175000 0.812500 0.195833 0.839063 0.179167 0.825000 0.225000 0.842187 0.233333 0.862500 0.212500 0.870313 0.175000 0.889062 0.181250 0.881250 0.156250 0.892188 0.091667 0.881250 0.087500 0.892188 0.075000 0.892188 0.000000
10 0.143750 0.002083 0.135937 0.068750 0.178125 0.052083 0.165625 0.143750 0.206250 0.139583 0.217188 0.314583 0.331250 0.370833 0.390625 0.322917 0.490625 0.450000 0.543750 0.418750 0.559375 0.302083 0.582812 0.308333 0.567187 0.247917 0.593750 0.256250 0.581250 0.208333 0.610938 0.200000 0.593750 0.079167 0.614062 0.102083 0.606250 0.000000
10 0.000000 0.000000 0.000000 0.054167 0.007812 0.064583 0.012500 0.064583 0.015625 0.058333 0.021875 0.062500 0.014063 0.041667 0.007812 0.033333 0.004687 0.016667 0.001563 0.014583 0.001563 0.008333 0.004687 0.004167 0.006250 0.008333 0.009375 0.008333 0.007812 0.002083
13 0.517188 0.458333 0.526563 0.481250 0.548438 0.479167 0.556250 0.512500 0.587500 0.502083 0.589063 0.539583 0.610938 0.535417 0.620313 0.568750 0.635938 0.547917 0.704688 0.554167 0.714063 0.570833 0.731250 0.558333 0.731250 0.483333 0.707812 0.425000 0.631250 0.418750 0.606250 0.445833 0.560937 0.439583 0.550000 0.468750 0.532813 0.452083