0 0.000000 0.772917 0.000000 0.997917 0.998437 0.997917 0.998437 0.770833 0.684375 0.604167 0.589063 0.620833 0.428125 0.477083
1 0.734375 0.564583 0.718750 0.618750 0.998437 0.768750 0.998437 0.645833
1 0.479687 0.489583 0.478125 0.497917 0.532813 0.527083 0.532813 0.514583 0.535937 0.504167 0.521875 0.504167
1 0.404687 0.479167 0.278125 0.495833 0.000000 0.587500 0.000000 0.770833
2 0.387500 0.425000 0.384375 0.425000 0.385937 0.445833 0.381250 0.447917 0.381250 0.454167 0.373437 0.464583 0.370312 0.462500 0.368750 0.479167 0.376563 0.479167 0.375000 0.472917 0.385937 0.450000 0.387500 0.454167 0.393750 0.456250 0.396875 0.477083 0.395313 0.466667 0.401562 0.456250 0.400000 0.441667
2 0.000000 0.218750 0.015625 0.381250 0.178125 0.397917 0.192188 0.379167 0.170313 0.352083 0.179688 0.327083 0.146875 0.308333 0.150000 0.335417 0.140625 0.341667 0.095312 0.320833 0.100000 0.289583 0.137500 0.306250
4 0.478125 0.475000 0.479687 0.487500 0.496875 0.491667 0.498437 0.495833 0.509375 0.495833 0.521875 0.502083 0.526563 0.502083 0.537500 0.485417 0.542188 0.485417 0.540625 0.475000 0.535937 0.475000 0.528125 0.468750 0.482812 0.468750 0.482812 0.472917 0.479687 0.477083
4 0.998437 0.643750 0.998437 0.454167 0.717187 0.460417 0.735938 0.564583
4 0.000000 0.395833 0.000000 0.585417 0.264062 0.512500 0.264062 0.439583 0.248438 0.441667 0.250000 0.406250 0.196875 0.414583 0.037500 0.379167
8 0.000000 0.297917 0.000000 0.393750 0.014063 0.393750 0.017188 0.385417 0.014063 0.383333 0.012500 0.370833 0.007812 0.362500 0.010937 0.331250 0.007812 0.314583
8 0.093750 0.302083 0.095312 0.318750 0.139063 0.335417 0.140625 0.339583 0.148438 0.335417 0.145313 0.322917 0.146875 0.316667 0.143750 0.312500 0.146875 0.295833 0.139063 0.297917 0.139063 0.306250 0.134375 0.306250 0.132812 0.310417 0.114062 0.295833 0.109375 0.295833 0.107813 0.291667 0.100000 0.291667 0.101562 0.295833
8 0.175000 0.343750 0.193750 0.368750 0.179688 0.400000 0.215625 0.414583 0.250000 0.404167 0.253125 0.433333 0.290625 0.456250 0.295312 0.495833 0.367188 0.485417 0.384375 0.445833 0.382812 0.425000 0.340625 0.387500 0.329688 0.320833 0.298438 0.318750 0.281250 0.272917 0.267188 0.293750 0.251563 0.287500 0.226562 0.343750 0.209375 0.322917 0.203125 0.335417 0.196875 0.310417
8 0.396875 0.466667 0.542188 0.472917 0.592187 0.422917 0.998437 0.452083 0.998437 0.000000 0.581250 0.000000 0.596875 0.091667 0.560937 0.220833 0.525000 0.225000 0.521875 0.397917 0.479687 0.370833 0.459375 0.456250 0.425000 0.427083
10 0.000000 0.000000 0.000000 0.216667 0.214062 0.339583 0.281250 0.270833 0.401562 0.454167 0.464062 0.429167 0.479687 0.368750 0.520312 0.397917 0.523438 0.225000 0.559375 0.220833 0.595313 0.091667 0.579688 0.000000
13 0.429688 0.468750 0.429688 0.483333 0.446875 0.481250 0.448437 0.495833 0.454688 0.495833 0.456250 0.491667 0.462500 0.491667 0.464062 0.495833 0.470313 0.497917 0.478125 0.495833 0.478125 0.479167 0.471875 0.468750 0.456250 0.466667 0.446875 0.477083 0.443750 0.466667
13 0.248438 0.435417 0.253125 0.443750 0.262500 0.441667 0.264062 0.437500 0.265625 0.439583 0.265625 0.506250 0.273438 0.495833 0.290625 0.493750 0.293750 0.483333 0.292187 0.464583 0.278125 0.439583 0.267188 0.435417
13 0.543750 0.470833 0.534375 0.570833 0.545312 0.577083 0.553125 0.560417 0.576562 0.575000 0.589063 0.618750 0.601562 0.618750 0.609375 0.595833 0.684375 0.602083 0.704688 0.625000 0.731250 0.581250 0.732812 0.518750 0.704688 0.437500 0.592187 0.425000