0 0.000000 0.743750 0.000000 0.997917 0.998437 0.997917 0.996875 0.808333 0.456250 0.477083
1 0.553125 0.510417 0.550000 0.529167 0.998437 0.808333 0.996875 0.697917
1 0.437500 0.479167 0.287500 0.483333 0.290625 0.508333 0.192188 0.531250 0.000000 0.525000 0.000000 0.741667
2 0.857812 0.472917 0.860938 0.479167 0.945312 0.487500 0.998437 0.485417 0.998437 0.466667 0.981250 0.450000 0.965625 0.468750 0.948438 0.462500 0.920312 0.470833 0.904687 0.454167 0.893750 0.425000 0.881250 0.433333 0.887500 0.450000
2 0.518750 0.414583 0.515625 0.414583 0.515625 0.422917 0.514062 0.425000 0.506250 0.425000 0.504687 0.429167 0.500000 0.429167 0.498437 0.433333 0.495312 0.435417 0.495312 0.454167 0.500000 0.452083 0.501563 0.454167 0.503125 0.452083 0.506250 0.454167 0.506250 0.447917 0.510938 0.443750 0.514062 0.445833 0.523438 0.441667 0.523438 0.425000
2 0.429688 0.427083 0.409375 0.410417 0.412500 0.435417 0.398438 0.456250 0.389062 0.435417 0.389062 0.425000 0.382812 0.427083 0.376563 0.443750 0.375000 0.481250 0.435937 0.477083 0.426563 0.466667 0.434375 0.454167 0.434375 0.437500
2 0.375000 0.395833 0.375000 0.400000 0.378125 0.408333 0.384375 0.408333 0.385937 0.412500 0.389062 0.412500 0.390625 0.414583 0.393750 0.412500 0.392188 0.410417 0.395313 0.408333 0.398438 0.402083 0.398438 0.395833 0.393750 0.395833 0.392188 0.393750 0.378125 0.393750
2 0.287500 0.283333 0.287500 0.291667 0.293750 0.306250 0.292187 0.310417 0.287500 0.310417 0.287500 0.314583 0.301563 0.322917 0.309375 0.339583 0.325000 0.345833 0.326562 0.341667 0.337500 0.337500 0.310937 0.297917 0.310937 0.281250 0.309375 0.291667 0.295312 0.277083
2 0.801562 0.264583 0.781250 0.304167 0.787500 0.316667 0.784375 0.408333 0.796875 0.418750 0.806250 0.404167 0.810937 0.377083 0.821875 0.375000 0.826562 0.391667 0.835938 0.391667 0.840625 0.381250 0.829688 0.360417 0.829688 0.327083 0.835938 0.310417 0.829688 0.304167 0.818750 0.308333 0.817187 0.295833 0.806250 0.287500
4 0.765625 0.475000 0.759375 0.600000 0.998437 0.697917 0.998437 0.487500
4 0.540625 0.472917 0.554688 0.510417 0.754687 0.597917 0.756250 0.472917 0.725000 0.483333
5 0.710938 0.068750 0.779687 0.170833 0.756250 0.597917 0.784375 0.183333 0.762500 0.129167
8 0.751563 0.295833 0.679688 0.279167 0.682813 0.347917 0.656250 0.289583 0.643750 0.360417 0.593750 0.383333 0.535937 0.333333 0.515625 0.391667 0.525000 0.441667 0.500000 0.479167 0.481250 0.425000 0.428125 0.466667 0.482812 0.462500 0.490625 0.489583 0.514062 0.456250 0.759375 0.472917
8 0.998437 0.000000 0.901563 0.000000 0.914062 0.039583 0.879687 0.070833 0.851562 0.010417 0.843750 0.135417 0.796875 0.239583 0.837500 0.310417 0.842187 0.381250 0.810937 0.379167 0.796875 0.420833 0.773438 0.372917 0.768750 0.470833 0.856250 0.479167 0.887500 0.422917 0.920312 0.468750 0.998437 0.464583
8 0.000000 0.000000 0.001563 0.525000 0.223438 0.522917 0.287500 0.481250 0.373437 0.487500 0.381250 0.427083 0.409375 0.439583 0.382812 0.377083 0.285938 0.314583 0.295312 0.247917 0.270313 0.241667 0.246875 0.087500 0.171875 0.070833 0.137500 0.000000
10 0.135937 0.004167 0.248438 0.087500 0.273438 0.245833 0.435937 0.454167 0.514062 0.422917 0.535937 0.331250 0.593750 0.381250 0.659375 0.287500 0.685937 0.345833 0.679688 0.277083 0.737500 0.272917 0.767188 0.368750 0.778125 0.170833 0.710938 0.066667 0.784375 0.168750 0.782813 0.370833 0.850000 0.010417 0.912500 0.039583
13 0.500000 0.483333 0.498437 0.512500 0.503125 0.518750 0.514062 0.516667 0.535937 0.520833 0.543750 0.529167 0.551562 0.527083 0.551562 0.493750 0.539062 0.472917 0.529687 0.468750 0.510938 0.468750
13 0.482812 0.464583 0.481250 0.466667 0.470313 0.466667 0.467187 0.468750 0.464062 0.477083 0.465625 0.479167 0.464062 0.485417 0.465625 0.487500 0.473438 0.487500 0.475000 0.489583 0.479687 0.489583 0.481250 0.491667 0.482812 0.487500