0 0.000000 0.747917 0.000000 0.997917 0.998437 0.997917 0.996875 0.804167 0.462500 0.479167
1 0.553125 0.510417 0.573438 0.543750 0.998437 0.804167 0.998437 0.697917
1 0.439063 0.479167 0.282813 0.485417 0.287500 0.508333 0.198437 0.531250 0.000000 0.522917 0.000000 0.745833
2 0.862500 0.472917 0.865625 0.479167 0.998437 0.485417 0.998437 0.452083 0.989062 0.447917 0.965625 0.483333 0.945312 0.472917 0.942187 0.460417 0.928125 0.470833 0.912500 0.454167 0.907813 0.429167 0.896875 0.422917 0.885938 0.429167 0.890625 0.447917
2 0.517188 0.412500 0.515625 0.412500 0.515625 0.420833 0.512500 0.425000 0.506250 0.425000 0.504687 0.429167 0.495312 0.431250 0.493750 0.435417 0.487500 0.437500 0.487500 0.462500 0.493750 0.450000 0.500000 0.456250 0.507812 0.456250 0.510938 0.450000 0.512500 0.452083 0.515625 0.443750 0.521875 0.443750 0.521875 0.427083
2 0.407813 0.410417 0.412500 0.420833 0.412500 0.433333 0.400000 0.456250 0.410938 0.458333 0.407813 0.450000 0.412500 0.443750 0.417187 0.443750 0.421875 0.452083 0.421875 0.481250 0.426563 0.481250 0.428125 0.477083 0.432812 0.477083 0.425000 0.464583 0.428125 0.456250 0.434375 0.454167 0.432812 0.435417 0.428125 0.427083 0.423438 0.427083 0.418750 0.416667
2 0.370312 0.393750 0.370312 0.400000 0.375000 0.406250 0.373437 0.479167 0.387500 0.481250 0.393750 0.477083 0.392188 0.460417 0.395313 0.456250 0.395313 0.447917 0.389062 0.435417 0.389062 0.422917 0.393750 0.412500 0.392188 0.410417 0.396875 0.406250 0.396875 0.395833
2 0.287500 0.275000 0.282813 0.285417 0.289062 0.295833 0.289062 0.306250 0.284375 0.308333 0.287500 0.316667 0.295312 0.318750 0.304688 0.335417 0.318750 0.341667 0.320312 0.345833 0.321875 0.341667 0.337500 0.339583 0.309375 0.297917 0.309375 0.291667 0.304688 0.291667 0.295312 0.277083
2 0.807813 0.250000 0.782813 0.302083 0.787500 0.312500 0.784375 0.370833 0.789062 0.408333 0.800000 0.416667 0.815625 0.372917 0.823438 0.370833 0.835938 0.395833 0.846875 0.377083 0.835938 0.327083 0.843750 0.304167 0.825000 0.300000 0.825000 0.289583 0.814063 0.283333
4 0.771875 0.475000 0.765625 0.602083 0.998437 0.695833 0.998437 0.487500
4 0.757812 0.597917 0.764062 0.475000 0.542188 0.475000 0.554688 0.510417 0.667188 0.547917
5 0.715625 0.060417 0.784375 0.168750 0.762500 0.600000 0.789062 0.175000
8 0.403125 0.400000 0.393750 0.410417 0.395313 0.412500 0.390625 0.422917 0.390625 0.435417 0.396875 0.447917 0.396875 0.454167 0.398438 0.454167 0.410938 0.433333 0.410938 0.420833 0.406250 0.410417 0.407813 0.408333
8 0.753125 0.291667 0.679688 0.277083 0.681250 0.341667 0.657813 0.287500 0.642188 0.360417 0.593750 0.381250 0.537500 0.331250 0.521875 0.445833 0.487500 0.464583 0.479687 0.420833 0.426563 0.464583 0.482812 0.462500 0.490625 0.489583 0.514062 0.456250 0.764062 0.472917
8 0.862500 0.000000 0.853125 0.131250 0.803125 0.233333 0.845313 0.304167 0.835938 0.397917 0.815625 0.375000 0.800000 0.418750 0.779687 0.368750 0.773438 0.470833 0.859375 0.479167 0.903125 0.420833 0.967187 0.481250 0.998437 0.450000 0.998437 0.000000 0.918750 0.000000 0.935937 0.016667 0.876563 0.039583
8 0.000000 0.000000 0.000000 0.520833 0.198437 0.529167 0.287500 0.506250 0.282813 0.483333 0.373437 0.485417 0.381250 0.375000 0.282813 0.312500 0.293750 0.245833 0.267188 0.239583 0.239063 0.079167 0.198437 0.083333 0.193750 0.047917 0.179688 0.072917 0.126562 0.000000
10 0.875000 0.000000 0.881250 0.012500 0.881250 0.029167 0.876563 0.037500 0.879687 0.037500 0.884375 0.029167 0.887500 0.029167 0.892188 0.037500 0.914062 0.037500 0.926562 0.029167 0.934375 0.016667 0.928125 0.010417 0.929688 0.006250 0.917188 0.010417 0.917188 0.000000
10 0.128125 0.004167 0.243750 0.083333 0.268750 0.239583 0.439063 0.454167 0.512500 0.422917 0.537500 0.329167 0.629687 0.366667 0.659375 0.285417 0.681250 0.339583 0.679688 0.275000 0.735938 0.268750 0.770312 0.366667 0.782813 0.168750 0.712500 0.062500 0.789062 0.162500 0.782813 0.300000 0.860938 0.000000
13 0.500000 0.483333 0.498437 0.514583 0.506250 0.520833 0.518750 0.516667 0.535937 0.520833 0.543750 0.529167 0.551562 0.529167 0.551562 0.493750 0.539062 0.472917 0.532813 0.468750 0.510938 0.468750
13 0.482812 0.464583 0.479687 0.466667 0.468750 0.466667 0.464062 0.470833 0.464062 0.487500 0.471875 0.487500 0.473438 0.489583 0.478125 0.489583 0.481250 0.491667 0.482812 0.487500