0 0.000000 0.729167 0.000000 0.997917 0.998437 0.997917 0.987500 0.818750 0.434375 0.479167
1 0.496875 0.502083 0.989062 0.818750 0.992188 0.687500
1 0.407813 0.479167 0.290625 0.504167 0.154688 0.500000 0.145313 0.518750 0.089063 0.497917 0.084375 0.539583 0.001563 0.543750 0.000000 0.727083
2 0.481250 0.427083 0.475000 0.427083 0.473438 0.431250 0.467187 0.431250 0.465625 0.435417 0.459375 0.435417 0.459375 0.450000 0.468750 0.456250 0.468750 0.464583 0.470313 0.466667 0.478125 0.466667 0.478125 0.456250 0.479687 0.454167 0.479687 0.445833 0.481250 0.443750
2 0.403125 0.433333 0.382812 0.414583 0.387500 0.427083 0.385937 0.439583 0.373437 0.458333 0.368750 0.454167 0.368750 0.447917 0.362500 0.447917 0.362500 0.477083 0.389062 0.477083 0.389062 0.466667 0.381250 0.458333 0.381250 0.452083 0.385937 0.447917 0.395313 0.450000 0.396875 0.460417 0.403125 0.458333
2 0.000000 0.247917 0.000000 0.341667 0.021875 0.391667 0.015625 0.437500 0.035937 0.452083 0.037500 0.477083 0.065625 0.414583 0.075000 0.408333 0.090625 0.425000 0.092188 0.372917 0.065625 0.360417 0.054688 0.335417 0.059375 0.308333 0.076563 0.310417 0.075000 0.283333
2 0.037500 0.212500 0.039062 0.214583 0.034375 0.218750 0.035937 0.222917 0.034375 0.235417 0.045312 0.250000 0.042188 0.252083 0.051562 0.256250 0.050000 0.254167 0.054688 0.247917 0.059375 0.245833 0.064062 0.237500 0.065625 0.229167 0.057813 0.227083 0.051562 0.218750
3 0.075000 0.410417 0.060937 0.422917 0.043750 0.475000 0.037500 0.479167 0.034375 0.508333 0.028125 0.514583 0.023438 0.510417 0.015625 0.520833 0.015625 0.541667 0.084375 0.537500 0.089063 0.437500
4 0.493750 0.479167 0.609375 0.547917 0.998437 0.689583 0.998437 0.489583 0.773438 0.483333 0.748437 0.541667 0.715625 0.468750
8 0.468750 0.466667 0.467187 0.456250 0.457813 0.450000 0.457813 0.435417 0.451562 0.427083 0.429688 0.427083 0.428125 0.435417 0.421875 0.437500 0.418750 0.460417 0.406250 0.456250 0.396875 0.462500 0.395313 0.452083 0.382812 0.452083 0.390625 0.466667 0.390625 0.477083 0.395313 0.477083 0.398438 0.466667 0.404687 0.477083 0.415625 0.475000 0.420312 0.466667 0.428125 0.477083 0.434375 0.477083 0.435937 0.466667 0.450000 0.464583 0.456250 0.485417
8 0.000000 0.343750 0.000000 0.543750 0.012500 0.541667 0.014063 0.520833 0.023438 0.508333 0.032813 0.508333 0.037500 0.491667 0.034375 0.452083 0.023438 0.450000 0.014063 0.437500 0.012500 0.420833 0.020313 0.391667 0.006250 0.372917 0.006250 0.354167
8 0.000000 0.187500 0.000000 0.245833 0.076563 0.283333 0.065625 0.358333 0.179688 0.402083 0.190625 0.497917 0.354687 0.485417 0.384375 0.439583 0.310937 0.339583 0.298438 0.245833 0.276562 0.252083 0.225000 0.187500 0.173437 0.175000 0.132812 0.264583 0.075000 0.227083 0.048438 0.258333 0.029687 0.187500
8 0.476562 0.404167 0.492188 0.477083 0.598437 0.468750 0.603125 0.402083 0.603125 0.468750 0.715625 0.466667 0.748437 0.539583 0.773438 0.481250 0.998437 0.487500 0.998437 0.000000 0.657813 0.000000 0.662500 0.060417 0.620313 0.029167 0.625000 0.133333 0.601562 0.116667 0.576562 0.189583 0.589063 0.366667 0.537500 0.397917 0.493750 0.354167
10 0.000000 0.185417 0.131250 0.262500 0.173437 0.172917 0.225000 0.185417 0.410938 0.454167 0.479687 0.425000 0.493750 0.352083 0.537500 0.395833 0.587500 0.366667 0.575000 0.189583 0.623437 0.133333 0.618750 0.029167 0.662500 0.039583 0.656250 0.000000 0.000000 0.000000
13 0.998437 0.743750 0.990625 0.779167 0.992188 0.845833 0.995313 0.847917 0.998437 0.866667
13 0.459375 0.479167 0.457813 0.502083 0.460938 0.506250 0.467187 0.506250 0.468750 0.502083 0.475000 0.502083 0.476562 0.506250 0.482812 0.506250 0.490625 0.512500 0.495312 0.510417 0.496875 0.489583 0.485938 0.468750 0.467187 0.468750
13 0.092188 0.377083 0.087500 0.495833 0.106250 0.497917 0.120313 0.516667 0.145313 0.516667 0.154688 0.497917 0.193750 0.493750 0.193750 0.439583 0.173437 0.408333 0.178125 0.402083 0.109375 0.375000