0 0.000000 0.729167 0.000000 0.997917 0.992188 0.997917 0.882812 0.937500 0.831250 0.795833 0.665625 0.666667 0.629687 0.689583 0.617188 0.593750 0.426563 0.479167
1 0.482812 0.497917 0.481250 0.508333 0.617188 0.591667 0.621875 0.554167
1 0.401562 0.479167 0.217188 0.495833 0.189062 0.520833 0.001563 0.554167 0.000000 0.727083
2 0.451562 0.435417 0.451562 0.458333 0.453125 0.456250 0.462500 0.458333 0.467187 0.466667 0.470313 0.464583 0.471875 0.466667 0.473438 0.464583 0.471875 0.460417 0.473438 0.431250 0.471875 0.431250 0.470313 0.427083 0.467187 0.427083 0.465625 0.431250 0.460938 0.431250 0.459375 0.435417
2 0.379688 0.416667 0.378125 0.420833 0.381250 0.422917 0.381250 0.441667 0.368750 0.458333 0.364063 0.447917 0.359375 0.452083 0.360938 0.479167 0.395313 0.477083 0.392188 0.462500 0.396875 0.456250 0.396875 0.437500
2 0.000000 0.254167 0.003125 0.339583 0.103125 0.352083 0.134375 0.339583 0.129688 0.318750 0.107813 0.308333 0.126562 0.279167 0.089063 0.256250 0.089063 0.275000 0.101562 0.295833 0.093750 0.306250
2 0.000000 0.193750 0.000000 0.218750 0.007812 0.227083 0.014063 0.229167 0.018750 0.220833 0.026562 0.220833 0.035937 0.231250 0.056250 0.229167 0.034375 0.216667 0.029687 0.208333 0.018750 0.206250 0.017188 0.202083 0.009375 0.200000 0.004687 0.193750
3 0.059375 0.525000 0.050000 0.525000 0.048438 0.529167 0.042188 0.531250 0.042188 0.533333 0.039062 0.535417 0.037500 0.539583 0.037500 0.547917 0.051562 0.547917 0.053125 0.543750 0.062500 0.543750 0.062500 0.535417 0.060937 0.533333
3 0.007812 0.341667 0.031250 0.383333 0.064062 0.391667 0.068750 0.362500 0.082812 0.356250 0.157812 0.393750 0.173437 0.437500 0.170313 0.489583 0.154688 0.520833 0.190625 0.516667 0.192188 0.418750 0.170313 0.397917 0.170313 0.364583
4 0.634375 0.468750 0.625000 0.468750 0.621875 0.485417 0.618750 0.472917 0.567187 0.470833 0.565625 0.497917 0.564063 0.470833 0.487500 0.472917 0.484375 0.495833 0.623437 0.552083 0.634375 0.520833
4 0.000000 0.341667 0.000000 0.554167 0.037500 0.550000 0.050000 0.522917 0.064062 0.537500 0.153125 0.518750 0.168750 0.489583 0.171875 0.437500 0.157812 0.395833 0.103125 0.364583 0.070312 0.362500 0.064062 0.393750 0.031250 0.385417 0.020313 0.354167
8 0.465625 0.466667 0.462500 0.460417 0.450000 0.458333 0.450000 0.439583 0.443750 0.427083 0.421875 0.431250 0.420312 0.439583 0.414062 0.441667 0.415625 0.450000 0.410938 0.458333 0.406250 0.452083 0.393750 0.462500 0.396875 0.477083 0.409375 0.477083 0.412500 0.468750 0.417187 0.468750 0.420312 0.477083 0.426563 0.477083 0.429688 0.466667 0.443750 0.466667 0.446875 0.485417 0.446875 0.479167 0.456250 0.466667
8 0.109375 0.302083 0.135937 0.327083 0.112500 0.354167 0.167187 0.360417 0.173437 0.400000 0.229687 0.420833 0.246875 0.493750 0.354687 0.485417 0.357812 0.452083 0.379688 0.441667 0.373437 0.410417 0.318750 0.362500 0.310937 0.283333 0.279687 0.281250 0.254688 0.233333 0.210938 0.231250 0.189062 0.295833 0.171875 0.300000 0.164062 0.270833 0.156250 0.287500 0.128125 0.275000
8 0.000000 0.220833 0.000000 0.252083 0.100000 0.304167 0.098437 0.291667 0.087500 0.275000 0.085938 0.233333 0.035937 0.233333 0.026562 0.222917 0.018750 0.222917 0.012500 0.231250
8 0.470313 0.466667 0.553125 0.475000 0.567187 0.431250 0.568750 0.468750 0.634375 0.466667 0.639062 0.518750 0.775000 0.397917 0.998437 0.366667 0.998437 0.000000 0.637500 0.000000 0.635938 0.097917 0.601562 0.102083 0.582812 0.175000 0.564063 0.145833 0.573438 0.222917 0.539062 0.252083 0.553125 0.393750 0.482812 0.366667
10 0.000000 0.000000 0.000000 0.191667 0.171875 0.297917 0.254688 0.231250 0.398438 0.454167 0.465625 0.429167 0.485938 0.362500 0.551562 0.393750 0.560937 0.150000 0.582812 0.172917 0.634375 0.097917 0.635938 0.000000
13 0.448437 0.479167 0.448437 0.500000 0.451562 0.502083 0.462500 0.500000 0.464062 0.502083 0.470313 0.502083 0.471875 0.506250 0.481250 0.506250 0.481250 0.483333 0.478125 0.481250 0.473438 0.470833 0.470313 0.468750 0.456250 0.468750 0.453125 0.472917 0.453125 0.477083
13 0.187500 0.406250 0.193750 0.418750 0.193750 0.506250 0.207813 0.506250 0.217188 0.493750 0.243750 0.491667 0.246875 0.481250 0.243750 0.445833 0.228125 0.420833
13 0.631250 0.527083 0.629687 0.687500 0.665625 0.664583 0.831250 0.793750 0.882812 0.935417 0.998437 0.995833 0.998437 0.368750 0.775000 0.400000