0 0.000000 0.704167 0.000000 0.997917 0.998437 0.997917 0.998437 0.852083 0.445312 0.479167
1 0.521875 0.508333 0.523438 0.529167 0.998437 0.850000 0.998437 0.727083
1 0.418750 0.479167 0.295312 0.477083 0.301563 0.493750 0.000000 0.497917 0.000000 0.702083
2 0.501563 0.416667 0.500000 0.416667 0.496875 0.429167 0.482812 0.431250 0.481250 0.435417 0.473438 0.435417 0.473438 0.443750 0.475000 0.450000 0.478125 0.454167 0.482812 0.454167 0.484375 0.456250 0.487500 0.454167 0.493750 0.454167 0.495312 0.456250 0.496875 0.454167 0.498437 0.441667 0.501563 0.437500
2 0.418750 0.435417 0.396875 0.410417 0.396875 0.435417 0.389062 0.443750 0.385937 0.456250 0.381250 0.454167 0.376563 0.437500 0.367188 0.437500 0.364063 0.477083 0.381250 0.475000 0.379688 0.466667 0.393750 0.458333 0.390625 0.450000 0.396875 0.441667 0.406250 0.447917 0.409375 0.460417 0.406250 0.477083 0.412500 0.477083 0.409375 0.460417 0.418750 0.452083
2 0.309375 0.312500 0.309375 0.318750 0.307812 0.320833 0.307812 0.335417 0.309375 0.339583 0.321875 0.341667 0.323437 0.345833 0.332813 0.345833 0.329688 0.339583 0.326562 0.337500 0.325000 0.331250 0.323437 0.331250 0.321875 0.327083 0.320312 0.327083 0.318750 0.322917 0.314063 0.316667 0.312500 0.316667 0.310937 0.312500
4 0.515625 0.479167 0.531250 0.512500 0.943750 0.697917 0.953125 0.495833 0.675000 0.483333 0.671875 0.502083 0.668750 0.481250
5 0.635938 0.172917 0.687500 0.256250 0.671875 0.500000 0.689063 0.250000
8 0.401562 0.443750 0.396875 0.443750 0.392188 0.450000 0.395313 0.456250 0.393750 0.460417 0.384375 0.466667 0.381250 0.466667 0.382812 0.475000 0.403125 0.475000 0.404687 0.477083 0.404687 0.462500 0.407813 0.460417 0.406250 0.458333 0.406250 0.452083
8 0.493750 0.456250 0.478125 0.456250 0.471875 0.435417 0.464062 0.425000 0.443750 0.427083 0.435937 0.435417 0.432812 0.450000 0.414062 0.456250 0.410938 0.462500 0.414062 0.477083 0.428125 0.475000 0.431250 0.466667 0.445312 0.477083 0.448437 0.466667 0.465625 0.464583 0.467187 0.487500 0.473438 0.489583 0.475000 0.479167 0.492188 0.466667
8 0.685937 0.277083 0.681250 0.310417 0.645312 0.306250 0.643750 0.358333 0.625000 0.312500 0.600000 0.385417 0.556250 0.385417 0.515625 0.345833 0.496875 0.397917 0.506250 0.408333 0.500000 0.468750 0.670312 0.479167
8 0.000000 0.125000 0.000000 0.331250 0.057813 0.393750 0.054688 0.485417 0.359375 0.483333 0.367188 0.435417 0.393750 0.439583 0.370312 0.375000 0.307812 0.339583 0.276562 0.160417 0.221875 0.145833 0.170313 0.060417 0.101562 0.041667 0.043750 0.158333
8 0.685937 0.031250 0.675000 0.085417 0.726562 0.181250 0.682813 0.191667 0.675000 0.481250 0.953125 0.493750 0.943750 0.704167 0.998437 0.725000 0.998437 0.000000
10 0.000000 0.122917 0.043750 0.156250 0.101562 0.039583 0.278125 0.160417 0.292187 0.279167 0.423438 0.452083 0.496875 0.427083 0.515625 0.343750 0.600000 0.383333 0.626563 0.310417 0.646875 0.354167 0.685937 0.256250 0.634375 0.172917 0.684375 0.235417 0.725000 0.181250 0.678125 0.041667 0.771875 0.004167 0.000000 0.000000
13 0.476562 0.479167 0.475000 0.508333 0.479687 0.512500 0.479687 0.516667 0.485938 0.516667 0.487500 0.512500 0.496875 0.512500 0.518750 0.522917 0.520312 0.493750 0.512500 0.477083 0.507812 0.472917 0.490625 0.468750 0.484375 0.472917 0.481250 0.479167
13 0.448437 0.468750 0.448437 0.475000 0.446875 0.477083 0.446875 0.483333 0.448437 0.485417 0.450000 0.485417 0.451562 0.487500 0.465625 0.487500 0.465625 0.483333 0.467187 0.481250 0.467187 0.472917 0.465625 0.470833 0.465625 0.466667 0.453125 0.466667 0.451562 0.468750
13 0.000000 0.333333 0.000000 0.495833 0.053125 0.487500 0.057813 0.475000 0.053125 0.422917 0.056250 0.393750 0.051562 0.385417 0.031250 0.377083