0 0.000000 0.733333 0.000000 0.997917 0.998437 0.997917 0.998437 0.829167 0.464062 0.479167
1 0.546875 0.514583 0.998437 0.827083 0.993750 0.712500
1 0.437500 0.479167 0.298438 0.479167 0.300000 0.502083 0.189062 0.516667 0.000000 0.504167 0.000000 0.731250
2 0.384375 0.437500 0.382812 0.441667 0.382812 0.454167 0.381250 0.456250 0.381250 0.472917 0.379688 0.475000 0.381250 0.477083 0.395313 0.477083 0.395313 0.456250 0.396875 0.454167 0.396875 0.445833 0.393750 0.437500
2 0.517188 0.416667 0.517188 0.425000 0.514062 0.429167 0.512500 0.427083 0.507812 0.427083 0.506250 0.431250 0.500000 0.431250 0.498437 0.435417 0.490625 0.435417 0.490625 0.454167 0.495312 0.454167 0.501563 0.450000 0.506250 0.452083 0.510938 0.445833 0.515625 0.447917 0.520312 0.441667 0.521875 0.431250 0.517188 0.420833
2 0.412500 0.412500 0.414062 0.414583 0.414062 0.435417 0.410938 0.443750 0.406250 0.445833 0.404687 0.454167 0.407813 0.454167 0.414062 0.443750 0.420312 0.443750 0.426563 0.452083 0.426563 0.460417 0.428125 0.460417 0.429688 0.456250 0.435937 0.454167 0.435937 0.437500 0.431250 0.427083 0.428125 0.427083 0.420312 0.416667
2 0.776563 0.335417 0.771875 0.343750 0.771875 0.402083 0.768750 0.425000 0.771875 0.422917 0.776563 0.429167 0.781250 0.429167 0.790625 0.387500 0.787500 0.385417 0.787500 0.341667
2 0.309375 0.304167 0.310937 0.308333 0.318750 0.314583 0.318750 0.318750 0.321875 0.322917 0.321875 0.329167 0.325000 0.333333 0.328125 0.350000 0.332813 0.350000 0.339062 0.341667 0.345313 0.341667 0.342187 0.333333 0.339062 0.333333 0.332813 0.320833 0.318750 0.302083 0.314063 0.300000
4 0.537500 0.477083 0.550000 0.512500 0.998437 0.714583 0.998437 0.487500 0.739062 0.481250 0.728125 0.572917 0.731250 0.479167
5 0.690625 0.114583 0.753125 0.218750 0.728125 0.570833 0.756250 0.218750 0.746875 0.185417
8 0.742188 0.316667 0.723437 0.312500 0.729688 0.287500 0.678125 0.289583 0.670312 0.341667 0.654687 0.300000 0.639062 0.372917 0.590625 0.389583 0.537500 0.337500 0.501563 0.479167 0.482812 0.425000 0.406250 0.466667 0.482812 0.466667 0.492188 0.491667 0.515625 0.462500 0.731250 0.477083
8 0.784375 0.000000 0.823438 0.014583 0.779687 0.143750 0.778125 0.266667 0.756250 0.277083 0.792188 0.393750 0.776563 0.431250 0.768750 0.383333 0.745313 0.377083 0.739062 0.479167 0.998437 0.485417 0.998437 0.000000
8 0.026562 0.031250 0.000000 0.112500 0.000000 0.502083 0.223438 0.512500 0.403125 0.454167 0.407813 0.400000 0.328125 0.352083 0.318750 0.275000 0.285938 0.254167 0.270313 0.118750 0.206250 0.104167 0.143750 0.000000 0.054688 0.000000 0.043750 0.052083
10 0.145313 0.000000 0.271875 0.118750 0.287500 0.254167 0.437500 0.454167 0.514062 0.427083 0.537500 0.335417 0.637500 0.372917 0.678125 0.287500 0.732812 0.289583 0.739062 0.372917 0.751563 0.218750 0.690625 0.112500 0.756250 0.204167 0.768750 0.381250 0.818750 0.008333
10 0.053125 0.000000 0.000000 0.000000 0.000000 0.110417 0.014063 0.104167 0.017188 0.091667 0.021875 0.093750 0.014063 0.072917 0.021875 0.062500 0.020313 0.052083 0.026562 0.050000 0.026562 0.029167 0.032813 0.029167 0.042188 0.050000 0.040625 0.033333 0.051562 0.027083 0.060937 0.037500
13 0.500000 0.483333 0.500000 0.516667 0.528125 0.518750 0.535937 0.522917 0.539062 0.529167 0.545312 0.529167 0.546875 0.502083 0.542188 0.485417 0.537500 0.481250 0.535937 0.475000 0.512500 0.468750
13 0.468750 0.468750 0.468750 0.470833 0.465625 0.477083 0.465625 0.485417 0.467187 0.487500 0.473438 0.487500 0.475000 0.489583 0.482812 0.491667 0.482812 0.468750 0.476562 0.468750 0.475000 0.466667 0.473438 0.466667 0.471875 0.468750