0 0.000000 0.716667 0.000000 0.997917 0.998437 0.997917 0.996875 0.835417 0.459375 0.479167
1 0.539062 0.512500 0.998437 0.835417 0.990625 0.722917
1 0.434375 0.479167 0.303125 0.479167 0.303125 0.497917 0.239063 0.508333 0.001563 0.487500 0.000000 0.714583
2 0.514062 0.427083 0.512500 0.425000 0.509375 0.431250 0.503125 0.431250 0.501563 0.435417 0.487500 0.437500 0.487500 0.445833 0.489063 0.447917 0.490625 0.445833 0.492188 0.450000 0.495312 0.450000 0.496875 0.452083 0.506250 0.452083 0.507812 0.454167 0.509375 0.452083 0.509375 0.447917 0.514062 0.443750
2 0.428125 0.427083 0.421875 0.427083 0.418750 0.416667 0.409375 0.412500 0.412500 0.429167 0.398438 0.452083 0.403125 0.462500 0.400000 0.470833 0.393750 0.464583 0.395313 0.447917 0.390625 0.437500 0.381250 0.437500 0.375000 0.475000 0.428125 0.477083 0.426563 0.466667 0.431250 0.454167
2 0.318750 0.302083 0.318750 0.320833 0.317188 0.325000 0.312500 0.329167 0.315625 0.331250 0.325000 0.329167 0.328125 0.339583 0.334375 0.345833 0.335938 0.343750 0.343750 0.343750 0.342187 0.337500 0.340625 0.337500 0.326562 0.316667
4 0.531250 0.479167 0.540625 0.512500 0.998437 0.731250 0.998437 0.508333 0.710938 0.487500 0.703125 0.560417 0.703125 0.485417
5 0.670312 0.145833 0.726562 0.239583 0.703125 0.558333 0.729688 0.237500 0.720313 0.208333
8 0.720313 0.302083 0.667188 0.300000 0.664062 0.354167 0.643750 0.310417 0.631250 0.375000 0.581250 0.393750 0.532813 0.343750 0.507812 0.456250 0.456250 0.427083 0.429688 0.477083 0.479687 0.466667 0.489063 0.491667 0.509375 0.456250 0.529687 0.477083 0.704688 0.485417
8 0.000000 0.114583 0.018750 0.485417 0.373437 0.483333 0.379688 0.437500 0.409375 0.435417 0.384375 0.377083 0.310937 0.329167 0.279687 0.139583 0.221875 0.125000 0.162500 0.027083 0.090625 0.008333 0.048438 0.125000
8 0.728125 0.000000 0.773438 0.106250 0.745313 0.139583 0.726562 0.300000 0.753125 0.387500 0.718750 0.387500 0.712500 0.485417 0.998437 0.506250 0.998437 0.000000
10 0.725000 0.343750 0.721875 0.362500 0.721875 0.383333 0.731250 0.381250 0.745313 0.391667 0.748437 0.391667 0.751563 0.387500 0.751563 0.381250 0.746875 0.356250 0.739062 0.354167 0.737500 0.358333 0.732812 0.352083 0.731250 0.345833
10 0.000000 0.000000 0.017188 0.131250 0.107813 0.006250 0.276562 0.133333 0.296875 0.266667 0.432812 0.454167 0.509375 0.429167 0.532813 0.341667 0.581250 0.391667 0.720313 0.300000 0.670312 0.143750 0.731250 0.289583 0.771875 0.106250 0.726562 0.000000
13 0.492188 0.483333 0.490625 0.510417 0.493750 0.516667 0.500000 0.518750 0.506250 0.514583 0.526563 0.518750 0.531250 0.529167 0.535937 0.529167 0.537500 0.497917 0.526563 0.475000 0.503125 0.472917 0.496875 0.483333
13 0.464062 0.468750 0.464062 0.470833 0.460938 0.477083 0.460938 0.487500 0.471875 0.487500 0.475000 0.491667 0.478125 0.491667 0.478125 0.489583 0.479687 0.487500 0.479687 0.468750
13 0.003125 0.368750 0.000000 0.368750 0.000000 0.487500 0.012500 0.481250 0.018750 0.460417 0.018750 0.439583 0.014063 0.414583 0.014063 0.393750 0.017188 0.389583 0.014063 0.387500 0.014063 0.379167