0 0.000000 0.764583 0.000000 0.997917 0.998437 0.997917 0.998437 0.797917 0.451562 0.479167
1 0.565625 0.516667 0.565625 0.543750 0.998437 0.795833 0.998437 0.695833
1 0.428125 0.479167 0.331250 0.500000 0.196875 0.487500 0.209375 0.531250 0.000000 0.577083 0.000000 0.762500
2 0.370312 0.425000 0.362500 0.427083 0.356250 0.435417 0.350000 0.437500 0.350000 0.468750 0.353125 0.472917 0.350000 0.483333 0.373437 0.481250 0.371875 0.466667 0.364063 0.470833 0.356250 0.460417 0.357812 0.454167 0.364063 0.452083 0.373437 0.460417 0.375000 0.454167 0.381250 0.454167 0.379688 0.443750
2 0.514062 0.410417 0.507812 0.408333 0.504687 0.422917 0.496875 0.420833 0.485938 0.435417 0.478125 0.431250 0.478125 0.485417 0.482812 0.441667 0.484375 0.445833 0.489063 0.443750 0.490625 0.450000 0.493750 0.443750 0.498437 0.445833 0.498437 0.456250 0.492188 0.456250 0.492188 0.466667 0.514062 0.464583 0.518750 0.458333 0.518750 0.420833
2 0.393750 0.406250 0.398438 0.418750 0.398438 0.433333 0.390625 0.441667 0.385937 0.456250 0.396875 0.466667 0.398438 0.481250 0.401562 0.481250 0.395313 0.450000 0.398438 0.445833 0.407813 0.447917 0.410938 0.452083 0.409375 0.481250 0.415625 0.481250 0.412500 0.464583 0.421875 0.454167 0.417187 0.427083 0.412500 0.427083 0.410938 0.420833
2 0.214062 0.197917 0.214062 0.225000 0.232813 0.254167 0.234375 0.310417 0.285938 0.329167 0.307812 0.320833 0.284375 0.283333 0.284375 0.256250 0.278125 0.275000
2 0.956250 0.010417 0.835938 0.260417 0.839063 0.331250 0.881250 0.352083 0.915625 0.339583 0.921875 0.358333 0.935937 0.356250
2 0.967187 0.000000 0.950000 0.343750 0.982812 0.329167 0.976562 0.364583 0.995313 0.356250 0.998437 0.366667 0.998437 0.000000
4 0.998437 0.693750 0.998437 0.477083 0.940625 0.468750 0.928125 0.591667 0.929688 0.468750 0.548438 0.472917 0.567187 0.516667
8 0.478125 0.435417 0.473438 0.433333 0.470313 0.420833 0.462500 0.427083 0.445312 0.427083 0.445312 0.433333 0.437500 0.439583 0.439063 0.447917 0.434375 0.458333 0.421875 0.456250 0.414062 0.464583 0.417187 0.481250 0.432812 0.477083 0.435937 0.466667 0.442188 0.466667 0.445312 0.477083 0.451562 0.477083 0.459375 0.464583 0.471875 0.464583 0.476562 0.485417
8 0.959375 0.347917 0.950000 0.345833 0.943750 0.464583 0.996875 0.477083 0.998437 0.456250 0.987500 0.447917 0.998437 0.435417 0.998437 0.416667 0.987500 0.416667 0.985938 0.400000 0.998437 0.391667 0.995313 0.358333 0.975000 0.364583 0.981250 0.358333 0.982812 0.331250
8 0.935937 0.358333 0.823438 0.339583 0.814063 0.287500 0.748437 0.275000 0.762500 0.243750 0.695312 0.247917 0.687500 0.300000 0.670312 0.262500 0.659375 0.318750 0.595313 0.372917 0.534375 0.314583 0.510938 0.379167 0.520312 0.458333 0.484375 0.447917 0.479687 0.487500 0.928125 0.468750
8 0.000000 0.000000 0.000000 0.575000 0.209375 0.529167 0.196875 0.485417 0.342187 0.495833 0.367188 0.422917 0.385937 0.454167 0.389062 0.395833 0.365625 0.406250 0.321875 0.322917 0.229687 0.306250 0.229687 0.185417 0.137500 0.000000
10 0.132812 0.006250 0.221875 0.202083 0.423438 0.454167 0.484375 0.381250 0.504687 0.420833 0.534375 0.312500 0.595313 0.370833 0.695312 0.245833 0.762500 0.241667 0.837500 0.331250 0.957812 0.008333
13 0.500000 0.479167 0.496875 0.516667 0.503125 0.529167 0.539062 0.529167 0.560937 0.539583 0.564063 0.529167 0.564063 0.500000 0.545312 0.470833 0.510938 0.468750 0.504687 0.479167
13 0.456250 0.468750 0.453125 0.477083 0.453125 0.487500 0.467187 0.487500 0.468750 0.491667 0.471875 0.491667 0.473438 0.489583 0.473438 0.468750 0.471875 0.466667 0.459375 0.466667