0 0.000000 0.727083 0.000000 0.997917 0.998437 0.997917 0.998437 0.829167 0.442188 0.475000
1 0.626563 0.545833 0.621875 0.585417 0.998437 0.827083 0.996875 0.700000
1 0.000000 0.725000 0.409375 0.479167 0.304688 0.479167 0.298438 0.500000 0.221875 0.508333 0.000000 0.458333
2 0.523438 0.408333 0.503125 0.406250 0.500000 0.416667 0.471875 0.427083 0.468750 0.477083 0.473438 0.472917 0.473438 0.456250 0.484375 0.441667 0.489063 0.445833 0.492188 0.466667 0.504687 0.462500 0.501563 0.450000 0.506250 0.443750 0.514062 0.462500 0.528125 0.452083
2 0.381250 0.395833 0.384375 0.406250 0.382812 0.427083 0.371875 0.443750 0.376563 0.445833 0.384375 0.435417 0.393750 0.435417 0.398438 0.443750 0.398438 0.477083 0.407813 0.477083 0.398438 0.458333 0.412500 0.450000 0.412500 0.431250 0.396875 0.410417 0.392188 0.410417 0.389062 0.400000
2 0.296875 0.314583 0.304688 0.362500 0.312500 0.372917 0.296875 0.385417 0.307812 0.400000 0.301563 0.431250 0.365625 0.445833 0.359375 0.410417 0.368750 0.379167 0.318750 0.372917 0.314063 0.362500 0.323437 0.347917
2 0.114062 0.129167 0.123438 0.150000 0.145313 0.162500 0.117188 0.175000 0.145313 0.231250 0.190625 0.241667 0.221875 0.225000 0.243750 0.237500 0.143750 0.102083
4 0.593750 0.477083 0.628125 0.547917 0.998437 0.700000 0.998437 0.500000
4 0.303125 0.441667 0.303125 0.477083 0.331250 0.481250 0.337500 0.477083 0.351562 0.477083 0.351562 0.443750 0.306250 0.437500
8 0.384375 0.437500 0.384375 0.439583 0.378125 0.443750 0.378125 0.445833 0.379688 0.445833 0.381250 0.450000 0.385937 0.450000 0.389062 0.456250 0.389062 0.460417 0.390625 0.462500 0.390625 0.472917 0.389062 0.477083 0.396875 0.477083 0.396875 0.443750 0.393750 0.437500
8 0.470313 0.431250 0.465625 0.429167 0.462500 0.416667 0.454688 0.422917 0.437500 0.420833 0.437500 0.429167 0.429688 0.431250 0.426563 0.454167 0.409375 0.452083 0.400000 0.460417 0.409375 0.477083 0.415625 0.477083 0.428125 0.464583 0.443750 0.475000 0.453125 0.460417 0.467187 0.460417
8 0.376563 0.383333 0.370312 0.383333 0.370312 0.391667 0.365625 0.395833 0.360938 0.410417 0.362500 0.433333 0.365625 0.437500 0.367188 0.445833 0.371875 0.445833 0.370312 0.443750 0.381250 0.427083 0.382812 0.406250 0.381250 0.397917 0.376563 0.393750
8 0.353125 0.358333 0.346875 0.358333 0.342187 0.362500 0.337500 0.360417 0.334375 0.354167 0.339062 0.352083 0.342187 0.343750 0.340625 0.341667 0.342187 0.337500 0.337500 0.337500 0.331250 0.341667 0.328125 0.347917 0.325000 0.347917 0.325000 0.354167 0.315625 0.362500 0.318750 0.370833 0.345313 0.372917 0.345313 0.368750
8 0.998437 0.156250 0.857812 0.264583 0.834375 0.195833 0.748437 0.204167 0.732812 0.260417 0.717187 0.216667 0.675000 0.331250 0.615625 0.354167 0.546875 0.281250 0.515625 0.362500 0.529687 0.452083 0.484375 0.443750 0.468750 0.485417 0.998437 0.497917
8 0.000000 0.000000 0.000000 0.437500 0.306250 0.493750 0.292187 0.270833 0.248438 0.214583 0.243750 0.239583 0.145313 0.233333 0.115625 0.175000 0.143750 0.162500 0.114062 0.135417 0.110937 0.068750 0.132812 0.062500 0.114062 0.008333
9 0.001563 0.456250 0.192188 0.502083 0.251563 0.502083 0.068750 0.452083
10 0.092188 0.002083 0.112500 0.100000 0.414062 0.450000 0.481250 0.372917 0.481250 0.422917 0.520312 0.404167 0.546875 0.279167 0.615625 0.352083 0.717187 0.214583 0.732812 0.258333 0.748437 0.202083 0.834375 0.193750 0.857812 0.262500 0.998437 0.154167 0.998437 0.000000
13 0.515625 0.483333 0.507812 0.518750 0.510938 0.547917 0.523438 0.543750 0.528125 0.564583 0.556250 0.558333 0.615625 0.581250 0.625000 0.547917 0.623437 0.522917 0.595313 0.479167 0.578125 0.468750 0.546875 0.464583 0.525000 0.483333
13 0.445312 0.470833 0.445312 0.485417 0.448437 0.487500 0.462500 0.487500 0.464062 0.491667 0.465625 0.491667 0.467187 0.487500 0.467187 0.462500 0.453125 0.462500
13 0.354687 0.445833 0.354687 0.456250 0.351562 0.466667 0.353125 0.477083 0.367188 0.477083 0.368750 0.466667 0.373437 0.462500 0.375000 0.472917 0.378125 0.477083 0.387500 0.477083 0.389062 0.462500 0.385937 0.452083 0.381250 0.452083 0.379688 0.447917