0 0.000000 0.772917 0.000000 0.997917 0.998437 0.997917 0.951562 0.883333 0.717187 0.737500 0.684375 0.616667 0.462500 0.483333
1 0.495312 0.502083 0.579688 0.525000 0.557813 0.531250 0.690625 0.625000 0.700000 0.572917 0.609375 0.541667 0.596875 0.520833
1 0.443750 0.483333 0.310937 0.504167 0.206250 0.489583 0.215625 0.533333 0.000000 0.577083 0.000000 0.770833
2 0.396875 0.395833 0.400000 0.422917 0.395313 0.439583 0.384375 0.447917 0.384375 0.454167 0.389062 0.454167 0.398438 0.441667 0.412500 0.443750 0.415625 0.452083 0.414062 0.487500 0.428125 0.487500 0.420312 0.468750 0.435937 0.458333 0.434375 0.439583 0.428125 0.427083 0.421875 0.427083 0.420312 0.418750 0.410938 0.414583 0.407813 0.404167 0.400000 0.404167
2 0.584375 0.395833 0.564063 0.385417 0.559375 0.408333 0.532813 0.406250 0.529687 0.420833 0.493750 0.437500 0.490625 0.468750 0.498437 0.483333 0.500000 0.460417 0.520312 0.437500 0.537500 0.445833 0.525000 0.475000 0.556250 0.470833 0.565625 0.460417 0.582812 0.468750 0.585938 0.450000 0.585938 0.472917 0.595313 0.477083 0.584375 0.439583 0.589063 0.429167
2 0.073438 0.000000 0.139063 0.175000 0.171875 0.202083 0.179688 0.258333 0.153125 0.300000 0.185938 0.339583 0.159375 0.397917 0.179688 0.425000 0.376563 0.450000 0.384375 0.379167 0.293750 0.385417 0.285938 0.333333 0.317188 0.327083 0.225000 0.193750 0.217188 0.137500 0.207813 0.168750
4 0.581250 0.485417 0.557813 0.485417 0.550000 0.489583 0.548438 0.497917 0.545312 0.487500 0.520312 0.485417 0.514062 0.491667 0.507812 0.487500 0.504687 0.500000 0.501563 0.497917 0.501563 0.485417 0.498437 0.485417 0.498437 0.497917 0.534375 0.508333 0.535937 0.500000 0.539062 0.510417 0.578125 0.516667
4 0.582812 0.516667 0.609375 0.539583 0.701562 0.570833 0.720313 0.558333 0.790625 0.560417 0.800000 0.533333 0.825000 0.533333 0.873437 0.493750 0.632812 0.485417 0.600000 0.497917 0.587500 0.479167
4 0.165625 0.443750 0.207813 0.456250 0.206250 0.485417 0.303125 0.502083 0.389062 0.491667 0.387500 0.466667 0.334375 0.441667 0.179688 0.427083
8 0.398438 0.443750 0.390625 0.452083 0.390625 0.454167 0.398438 0.456250 0.404687 0.464583 0.404687 0.487500 0.412500 0.487500 0.412500 0.456250 0.414062 0.454167 0.412500 0.445833
8 0.500000 0.464583 0.503125 0.497917 0.507812 0.485417 0.517188 0.485417 0.520312 0.445833 0.521875 0.485417 0.581250 0.483333 0.581250 0.470833 0.575000 0.462500 0.543750 0.477083 0.525000 0.477083 0.525000 0.445833 0.520312 0.439583
8 0.489063 0.429167 0.460938 0.427083 0.459375 0.435417 0.451562 0.441667 0.453125 0.452083 0.450000 0.458333 0.437500 0.458333 0.425000 0.464583 0.421875 0.470833 0.429688 0.487500 0.445312 0.481250 0.448437 0.472917 0.454688 0.472917 0.457813 0.481250 0.468750 0.483333 0.473438 0.470833 0.489063 0.466667 0.492188 0.447917
8 0.389062 0.379167 0.385937 0.379167 0.384375 0.385417 0.376563 0.395833 0.373437 0.395833 0.370312 0.404167 0.370312 0.422917 0.378125 0.450000 0.381250 0.454167 0.384375 0.445833 0.393750 0.439583 0.398438 0.422917 0.398438 0.404167 0.395313 0.395833 0.392188 0.393750
8 0.334375 0.300000 0.320312 0.302083 0.310937 0.314583 0.318750 0.331250 0.309375 0.343750 0.298438 0.333333 0.289062 0.331250 0.285938 0.337500 0.292187 0.368750 0.289062 0.377083 0.307812 0.395833 0.325000 0.366667 0.340625 0.370833 0.340625 0.341667 0.350000 0.331250 0.326562 0.335417 0.325000 0.325000 0.334375 0.314583
8 0.998437 0.041667 0.929688 0.114583 0.906250 0.075000 0.865625 0.133333 0.843750 0.258333 0.734375 0.316667 0.701562 0.237500 0.678125 0.247917 0.668750 0.208333 0.645312 0.237500 0.623437 0.197917 0.615625 0.283333 0.573438 0.329167 0.585938 0.481250 0.998437 0.464583
8 0.000000 0.000000 0.000000 0.568750 0.218750 0.529167 0.207813 0.458333 0.164062 0.445833 0.178125 0.425000 0.157812 0.395833 0.184375 0.339583 0.151562 0.300000 0.178125 0.258333 0.168750 0.195833 0.137500 0.175000 0.071875 0.000000
10 0.078125 0.000000 0.439063 0.458333 0.504687 0.433333 0.509375 0.370833 0.510938 0.427083 0.576562 0.383333 0.623437 0.195833 0.734375 0.314583 0.842187 0.258333 0.906250 0.072917 0.929688 0.112500 0.998437 0.000000
13 0.473438 0.472917 0.468750 0.489583 0.468750 0.495833 0.475000 0.500000 0.482812 0.497917 0.489063 0.502083 0.493750 0.502083 0.496875 0.495833 0.496875 0.475000 0.495312 0.472917 0.492188 0.472917 0.489063 0.468750 0.479687 0.468750 0.476562 0.472917
13 0.701562 0.572917 0.693750 0.672917 0.717187 0.735417 0.764062 0.727083 0.998437 0.937500 0.998437 0.466667 0.901563 0.477083 0.800000 0.535417 0.790625 0.562500
13 0.348438 0.447917 0.350000 0.454167 0.387500 0.464583 0.390625 0.468750 0.390625 0.487500 0.395313 0.487500 0.396875 0.466667 0.398438 0.487500 0.403125 0.487500 0.403125 0.464583 0.398438 0.458333 0.381250 0.456250 0.379688 0.452083 0.364063 0.452083 0.362500 0.447917