0 0.000000 0.741667 0.000000 0.997917 0.998437 0.997917 0.998437 0.837500 0.948438 0.770833 0.704688 0.733333 0.600000 0.627083 0.596875 0.562500 0.460938 0.479167
1 0.942187 0.779167 0.943750 0.789583 0.953125 0.800000 0.998437 0.835417 0.998437 0.779167 0.987500 0.781250 0.976562 0.779167 0.975000 0.775000 0.959375 0.772917 0.945312 0.775000
1 0.484375 0.497917 0.532813 0.510417 0.540625 0.527083 0.598437 0.562500 0.603125 0.535417 0.584375 0.529167 0.571875 0.514583 0.529687 0.508333 0.492188 0.493750
1 0.435937 0.479167 0.245312 0.483333 0.250000 0.514583 0.003125 0.562500 0.000000 0.739583
2 0.392188 0.393750 0.396875 0.406250 0.395313 0.422917 0.381250 0.445833 0.387500 0.447917 0.392188 0.439583 0.407813 0.443750 0.409375 0.477083 0.406250 0.481250 0.420312 0.481250 0.415625 0.460417 0.428125 0.454167 0.428125 0.437500 0.421875 0.422917 0.417187 0.422917 0.410938 0.410417 0.403125 0.406250 0.403125 0.400000 0.396875 0.400000
2 0.560937 0.387500 0.553125 0.385417 0.546875 0.406250 0.523438 0.404167 0.520312 0.420833 0.510938 0.416667 0.498437 0.431250 0.487500 0.431250 0.482812 0.466667 0.487500 0.481250 0.490625 0.456250 0.507812 0.433333 0.512500 0.443750 0.523438 0.443750 0.523438 0.454167 0.515625 0.456250 0.515625 0.470833 0.543750 0.468750 0.554688 0.456250 0.565625 0.464583 0.562500 0.408333 0.567187 0.397917
2 0.207813 0.170833 0.235937 0.247917 0.237500 0.297917 0.217188 0.339583 0.248438 0.379167 0.226562 0.387500 0.223438 0.408333 0.237500 0.425000 0.373437 0.445833 0.362500 0.410417 0.379688 0.375000 0.335938 0.368750 0.339062 0.402083 0.315625 0.400000 0.301563 0.356250 0.315625 0.322917 0.225000 0.189583 0.228125 0.156250 0.221875 0.187500
2 0.062500 0.018750 0.085938 0.022917 0.168750 0.131250 0.182812 0.141667 0.082812 0.004167
4 0.834375 0.493750 0.942187 0.581250 0.998437 0.639583 0.998437 0.504167
4 0.498437 0.483333 0.498437 0.495833 0.515625 0.502083 0.528125 0.502083 0.529687 0.506250 0.562500 0.510417 0.564063 0.487500 0.560937 0.483333
4 0.585938 0.527083 0.604688 0.533333 0.615625 0.522917 0.629687 0.520833 0.632812 0.502083 0.653125 0.502083 0.670312 0.483333 0.612500 0.481250 0.601562 0.493750 0.595313 0.493750 0.593750 0.497917 0.589063 0.493750
4 0.237500 0.427083 0.237500 0.443750 0.246875 0.445833 0.251563 0.456250 0.248438 0.481250 0.315625 0.491667 0.385937 0.481250 0.381250 0.456250 0.351562 0.452083 0.343750 0.437500
8 0.392188 0.441667 0.389062 0.445833 0.389062 0.450000 0.393750 0.450000 0.395313 0.454167 0.398438 0.456250 0.398438 0.481250 0.404687 0.481250 0.404687 0.479167 0.407813 0.477083 0.407813 0.460417 0.406250 0.458333 0.407813 0.454167 0.407813 0.445833 0.404687 0.445833 0.403125 0.441667
8 0.487500 0.491667 0.496875 0.495833 0.498437 0.481250 0.560937 0.481250 0.564063 0.485417 0.565625 0.466667 0.554688 0.458333 0.543750 0.470833 0.515625 0.472917 0.514062 0.445833 0.507812 0.435417 0.501563 0.450000 0.492188 0.456250 0.492188 0.477083
8 0.485938 0.431250 0.481250 0.429167 0.479687 0.420833 0.476562 0.425000 0.454688 0.422917 0.453125 0.433333 0.445312 0.435417 0.442188 0.456250 0.417187 0.460417 0.421875 0.481250 0.437500 0.477083 0.443750 0.466667 0.450000 0.468750 0.451562 0.477083 0.460938 0.477083 0.464062 0.466667 0.482812 0.464583
8 0.384375 0.377083 0.381250 0.377083 0.378125 0.385417 0.365625 0.402083 0.364063 0.410417 0.365625 0.420833 0.370312 0.429167 0.375000 0.445833 0.379688 0.445833 0.379688 0.441667 0.387500 0.435417 0.387500 0.431250 0.393750 0.422917 0.395313 0.406250 0.392188 0.404167 0.392188 0.395833 0.385937 0.387500
8 0.329688 0.310417 0.314063 0.320833 0.320312 0.333333 0.310937 0.352083 0.304688 0.347917 0.303125 0.356250 0.312500 0.372917 0.315625 0.397917 0.337500 0.402083 0.339062 0.389583 0.332813 0.372917 0.335938 0.366667 0.343750 0.366667 0.342187 0.345833 0.351562 0.337500 0.339062 0.337500 0.332813 0.343750 0.326562 0.331250 0.337500 0.318750 0.334375 0.314583 0.337500 0.310417
8 0.998437 0.081250 0.946875 0.131250 0.889062 0.106250 0.857812 0.170833 0.840625 0.127083 0.789062 0.281250 0.701562 0.325000 0.596875 0.227083 0.553125 0.339583 0.571875 0.512500 0.706250 0.464583 0.998437 0.502083
8 0.000000 0.025000 0.000000 0.477083 0.192188 0.525000 0.254688 0.510417 0.221875 0.408333 0.246875 0.379167 0.215625 0.339583 0.235937 0.297917 0.215625 0.177083 0.081250 0.020833 0.029687 0.000000 0.020313 0.033333
9 0.000000 0.479167 0.000000 0.562500 0.193750 0.520833 0.168750 0.504167
10 0.053125 0.000000 0.228125 0.154167 0.429688 0.454167 0.496875 0.429167 0.501563 0.366667 0.500000 0.427083 0.548438 0.402083 0.596875 0.225000 0.701562 0.322917 0.787500 0.281250 0.840625 0.125000 0.857812 0.168750 0.998437 0.079167 0.998437 0.000000
10 0.000000 0.000000 0.000000 0.022917 0.001563 0.027083 0.014063 0.029167 0.015625 0.033333 0.020313 0.031250 0.026562 0.020833 0.028125 0.020833 0.026562 0.018750 0.029687 0.014583 0.028125 0.000000
13 0.604688 0.535417 0.601562 0.627083 0.676562 0.662500 0.704688 0.731250 0.756250 0.714583 0.831250 0.750000 0.998437 0.777083 0.998437 0.641667 0.846875 0.500000 0.706250 0.466667
13 0.464062 0.468750 0.462500 0.485417 0.460938 0.487500 0.462500 0.491667 0.467187 0.491667 0.468750 0.495833 0.470313 0.491667 0.476562 0.491667 0.478125 0.495833 0.481250 0.495833 0.482812 0.497917 0.485938 0.495833 0.485938 0.468750 0.482812 0.468750 0.481250 0.466667 0.470313 0.466667 0.468750 0.468750
13 0.350000 0.443750 0.351562 0.450000 0.365625 0.450000 0.367188 0.454167 0.370312 0.450000 0.376563 0.450000 0.387500 0.462500 0.387500 0.479167 0.389062 0.481250 0.396875 0.479167 0.396875 0.456250 0.393750 0.452083 0.389062 0.452083 0.384375 0.447917 0.365625 0.447917 0.359375 0.443750