0 0.000000 0.733333 0.000000 0.997917 0.998437 0.997917 0.998437 0.831250 0.860938 0.722917 0.662500 0.695833 0.579688 0.556250 0.457813 0.479167
1 0.862500 0.722917 0.864062 0.735417 0.881250 0.752083 0.918750 0.768750 0.998437 0.829167 0.996875 0.702083 0.917188 0.672917 0.900000 0.727083
1 0.482812 0.493750 0.484375 0.500000 0.500000 0.506250 0.529687 0.510417 0.534375 0.514583 0.531250 0.520833 0.539062 0.529167 0.581250 0.552083 0.585938 0.531250 0.575000 0.527083 0.567187 0.514583
1 0.426563 0.483333 0.256250 0.483333 0.259375 0.510417 0.000000 0.550000 0.000000 0.731250
2 0.389062 0.393750 0.392188 0.418750 0.387500 0.435417 0.378125 0.441667 0.378125 0.445833 0.398438 0.435417 0.406250 0.445833 0.406250 0.481250 0.420312 0.481250 0.415625 0.477083 0.412500 0.460417 0.425000 0.454167 0.425000 0.435417 0.418750 0.422917 0.414062 0.422917 0.410938 0.414583 0.400000 0.406250 0.400000 0.400000 0.393750 0.400000
2 0.554688 0.387500 0.548438 0.385417 0.543750 0.408333 0.520312 0.406250 0.517188 0.420833 0.484375 0.431250 0.479687 0.464583 0.484375 0.468750 0.484375 0.491667 0.490625 0.456250 0.506250 0.439583 0.510938 0.470833 0.543750 0.466667 0.553125 0.456250 0.565625 0.464583 0.556250 0.445833 0.560937 0.427083
2 0.221875 0.195833 0.248438 0.300000 0.229687 0.345833 0.260937 0.385417 0.242188 0.395833 0.245312 0.445833 0.256250 0.454167 0.262500 0.427083 0.371875 0.445833 0.360938 0.410417 0.376563 0.375000 0.317188 0.364583 0.309375 0.389583 0.298438 0.383333 0.295312 0.350000 0.315625 0.350000 0.318750 0.331250
2 0.034375 0.060417 0.054688 0.075000 0.085938 0.050000 0.125000 0.095833 0.154688 0.110417 0.185938 0.147917 0.087500 0.014583
4 0.773438 0.489583 0.903125 0.610417 0.918750 0.672917 0.998437 0.704167 0.998437 0.510417
4 0.639062 0.483333 0.618750 0.481250 0.600000 0.485417 0.593750 0.497917 0.593750 0.508333 0.598437 0.516667 0.603125 0.516667 0.606250 0.512500 0.607812 0.500000 0.610938 0.497917 0.626563 0.500000
4 0.257812 0.431250 0.257812 0.481250 0.318750 0.491667 0.382812 0.481250 0.378125 0.456250 0.367188 0.458333 0.365625 0.477083 0.351562 0.475000 0.348438 0.462500 0.360938 0.458333 0.351562 0.456250 0.346875 0.439583
8 0.385937 0.443750 0.384375 0.450000 0.390625 0.450000 0.392188 0.454167 0.396875 0.456250 0.396875 0.464583 0.398438 0.466667 0.398438 0.479167 0.396875 0.481250 0.404687 0.481250 0.404687 0.445833 0.403125 0.441667 0.400000 0.441667 0.398438 0.437500 0.396875 0.441667 0.389062 0.441667
8 0.478125 0.416667 0.473438 0.425000 0.450000 0.425000 0.448437 0.433333 0.443750 0.433333 0.443750 0.445833 0.437500 0.456250 0.432812 0.452083 0.415625 0.458333 0.417187 0.477083 0.428125 0.481250 0.435937 0.477083 0.435937 0.470833 0.440625 0.466667 0.448437 0.477083 0.457813 0.477083 0.460938 0.466667 0.478125 0.464583 0.482812 0.437500 0.478125 0.429167
8 0.382812 0.377083 0.381250 0.379167 0.378125 0.377083 0.376563 0.387500 0.370312 0.393750 0.362500 0.410417 0.373437 0.445833 0.376563 0.445833 0.378125 0.439583 0.382812 0.439583 0.385937 0.435417 0.390625 0.418750 0.390625 0.404167 0.389062 0.395833 0.384375 0.389583
8 0.337500 0.312500 0.323437 0.316667 0.318750 0.322917 0.320312 0.335417 0.315625 0.352083 0.300000 0.345833 0.296875 0.350000 0.298438 0.381250 0.309375 0.387500 0.317188 0.362500 0.342187 0.366667 0.345313 0.358333 0.342187 0.347917 0.348438 0.343750 0.348438 0.337500 0.339062 0.339583 0.334375 0.347917 0.326562 0.337500 0.337500 0.322917
8 0.998437 0.093750 0.865625 0.125000 0.835938 0.185417 0.818750 0.145833 0.776563 0.287500 0.689063 0.331250 0.587500 0.237500 0.546875 0.343750 0.567187 0.464583 0.506250 0.477083 0.503125 0.443750 0.487500 0.491667 0.556250 0.510417 0.560937 0.477083 0.582812 0.529167 0.664062 0.466667 0.998437 0.508333
8 0.000000 0.000000 0.000000 0.475000 0.262500 0.506250 0.240625 0.408333 0.259375 0.385417 0.228125 0.345833 0.246875 0.314583 0.229687 0.160417 0.218750 0.183333 0.085938 0.052083 0.042188 0.070833
9 0.000000 0.477083 0.000000 0.547917 0.012500 0.552083 0.223438 0.516667 0.210938 0.504167 0.076563 0.477083
10 0.006250 0.018750 0.095312 0.018750 0.428125 0.454167 0.543750 0.406250 0.587500 0.235417 0.689063 0.329167 0.775000 0.287500 0.818750 0.143750 0.835938 0.183333 0.998437 0.091667 0.998437 0.000000
13 0.584375 0.537500 0.582812 0.610417 0.642188 0.637500 0.662500 0.693750 0.710938 0.679167 0.893750 0.727083 0.912500 0.695833 0.903125 0.612500 0.768750 0.487500 0.664062 0.468750
13 0.460938 0.468750 0.460938 0.475000 0.459375 0.477083 0.459375 0.491667 0.462500 0.491667 0.464062 0.495833 0.467187 0.495833 0.467187 0.493750 0.470313 0.491667 0.471875 0.495833 0.478125 0.495833 0.481250 0.497917 0.481250 0.493750 0.482812 0.491667 0.482812 0.468750 0.479687 0.468750 0.478125 0.466667 0.467187 0.466667 0.465625 0.468750
13 0.350000 0.443750 0.351562 0.454167 0.362500 0.458333 0.360938 0.462500 0.350000 0.462500 0.351562 0.472917 0.365625 0.475000 0.365625 0.458333 0.368750 0.454167 0.378125 0.454167 0.382812 0.462500 0.384375 0.479167 0.396875 0.479167 0.395313 0.456250 0.390625 0.452083