0 0.000000 0.722917 0.000000 0.997917 0.998437 0.997917 0.998437 0.829167 0.676562 0.612500 0.556250 0.591667 0.526563 0.508333 0.443750 0.475000
1 0.664062 0.606250 0.998437 0.827083 0.990625 0.687500 0.693750 0.570833
1 0.421875 0.477083 0.292187 0.481250 0.282813 0.504167 0.190625 0.520833 0.000000 0.487500 0.000000 0.720833
2 0.531250 0.402083 0.528125 0.406250 0.507812 0.402083 0.504687 0.416667 0.475000 0.427083 0.471875 0.445833 0.475000 0.472917 0.482812 0.445833 0.489063 0.441667 0.493750 0.445833 0.493750 0.460417 0.495312 0.454167 0.498437 0.466667 0.504687 0.466667 0.507812 0.456250 0.509375 0.464583 0.528125 0.460417 0.535937 0.450000
2 0.382812 0.393750 0.385937 0.414583 0.381250 0.435417 0.375000 0.439583 0.373437 0.445833 0.385937 0.435417 0.393750 0.435417 0.400000 0.443750 0.398438 0.477083 0.410938 0.477083 0.403125 0.458333 0.415625 0.450000 0.415625 0.433333 0.410938 0.420833 0.406250 0.420833
2 0.275000 0.279167 0.287500 0.333333 0.273438 0.372917 0.295312 0.406250 0.285938 0.414583 0.287500 0.433333 0.365625 0.445833 0.359375 0.408333 0.368750 0.375000 0.321875 0.372917 0.314063 0.395833 0.304688 0.393750 0.304688 0.377083 0.295312 0.370833 0.298438 0.356250 0.309375 0.356250 0.318750 0.339583
2 0.065625 0.129167 0.100000 0.185417 0.115625 0.185417 0.125000 0.197917 0.150000 0.193750 0.162500 0.212500 0.175000 0.214583 0.192188 0.189583 0.223438 0.206250 0.121875 0.075000
4 0.634375 0.477083 0.682813 0.568750 0.998437 0.691667 0.998437 0.493750
4 0.285938 0.435417 0.284375 0.450000 0.292187 0.466667 0.287500 0.472917 0.289062 0.479167 0.323437 0.483333 0.348438 0.479167 0.348438 0.441667
8 0.385937 0.437500 0.384375 0.441667 0.381250 0.441667 0.378125 0.443750 0.378125 0.445833 0.381250 0.445833 0.382812 0.450000 0.387500 0.450000 0.390625 0.456250 0.390625 0.477083 0.396875 0.477083 0.396875 0.452083 0.398438 0.450000 0.398438 0.443750 0.395313 0.441667 0.393750 0.437500
8 0.467187 0.416667 0.464062 0.420833 0.440625 0.420833 0.440625 0.429167 0.434375 0.431250 0.429688 0.454167 0.410938 0.452083 0.404687 0.458333 0.409375 0.472917 0.420312 0.477083 0.429688 0.464583 0.435937 0.464583 0.440625 0.472917 0.446875 0.475000 0.456250 0.460417 0.470313 0.460417 0.473438 0.431250
8 0.376563 0.379167 0.371875 0.379167 0.371875 0.385417 0.362500 0.400000 0.360938 0.408333 0.362500 0.431250 0.367188 0.439583 0.367188 0.445833 0.371875 0.445833 0.373437 0.439583 0.379688 0.435417 0.384375 0.414583 0.382812 0.395833 0.376563 0.387500 0.378125 0.383333
8 0.337500 0.329167 0.332813 0.333333 0.328125 0.331250 0.323437 0.339583 0.318750 0.337500 0.320312 0.345833 0.309375 0.358333 0.300000 0.356250 0.300000 0.366667 0.296875 0.370833 0.306250 0.377083 0.304688 0.391667 0.314063 0.393750 0.317188 0.375000 0.321875 0.370833 0.345313 0.370833 0.345313 0.360417 0.350000 0.352083 0.335938 0.358333 0.331250 0.350000 0.337500 0.337500
8 0.998437 0.193750 0.942187 0.220833 0.912500 0.181250 0.875000 0.202083 0.879687 0.162500 0.781250 0.175000 0.760938 0.227083 0.745313 0.189583 0.714063 0.304167 0.651563 0.339583 0.557813 0.264583 0.523438 0.356250 0.537500 0.450000 0.484375 0.445833 0.473438 0.485417 0.529687 0.500000 0.543750 0.454167 0.545312 0.483333 0.998437 0.491667
8 0.000000 0.000000 0.000000 0.445833 0.292187 0.497917 0.271875 0.239583 0.253125 0.247917 0.239063 0.195833 0.165625 0.216667 0.100000 0.187500 0.064062 0.133333 0.095312 0.095833 0.064062 0.014583 0.087500 0.000000
9 0.000000 0.447917 0.000000 0.485417 0.117188 0.512500 0.190625 0.518750 0.276562 0.502083 0.184375 0.479167 0.059375 0.472917
10 0.065625 0.014583 0.417187 0.450000 0.528125 0.404167 0.557813 0.262500 0.651563 0.337500 0.712500 0.304167 0.745313 0.187500 0.998437 0.191667 0.998437 0.000000
13 0.537500 0.483333 0.526563 0.516667 0.526563 0.558333 0.548438 0.558333 0.556250 0.589583 0.584375 0.579167 0.662500 0.606250 0.676562 0.585417 0.678125 0.543750 0.639062 0.481250 0.610938 0.466667 0.568750 0.462500 0.551562 0.483333
13 0.451562 0.466667 0.451562 0.470833 0.448437 0.472917 0.448437 0.485417 0.451562 0.487500 0.465625 0.487500 0.467187 0.491667 0.470313 0.491667 0.470313 0.487500 0.471875 0.485417 0.471875 0.464583 0.470313 0.462500 0.456250 0.462500
13 0.350000 0.443750 0.350000 0.477083 0.362500 0.477083 0.364063 0.479167 0.367188 0.477083 0.389062 0.477083 0.389062 0.456250 0.387500 0.452083 0.382812 0.452083 0.381250 0.447917 0.360938 0.447917 0.356250 0.443750