0 0.000000 0.791667 0.000000 0.997917 0.998437 0.997917 0.998437 0.906250 0.835938 0.839583 0.775000 0.677083 0.568750 0.535417 0.606250 0.527083 0.470313 0.483333
1 0.498437 0.497917 0.606250 0.525000 0.570312 0.535417 0.773438 0.675000 0.787500 0.602083 0.618750 0.539583 0.606250 0.518750
1 0.445312 0.483333 0.301563 0.508333 0.171875 0.493750 0.189062 0.541667 0.000000 0.583333 0.000000 0.789583
2 0.396875 0.393750 0.400000 0.408333 0.396875 0.435417 0.384375 0.450000 0.392188 0.450000 0.396875 0.439583 0.410938 0.439583 0.414062 0.464583 0.417187 0.466667 0.417187 0.485417 0.414062 0.487500 0.428125 0.487500 0.423438 0.466667 0.435937 0.456250 0.435937 0.441667 0.429688 0.427083 0.421875 0.425000 0.418750 0.414583 0.412500 0.412500 0.409375 0.404167 0.401562 0.404167
2 0.593750 0.385417 0.568750 0.379167 0.562500 0.404167 0.535937 0.402083 0.532813 0.420833 0.521875 0.416667 0.496875 0.431250 0.492188 0.466667 0.500000 0.472917 0.500000 0.491667 0.500000 0.460417 0.520312 0.433333 0.529687 0.450000 0.531250 0.439583 0.539062 0.441667 0.531250 0.456250 0.537500 0.475000 0.570312 0.458333 0.600000 0.475000
2 0.328125 0.364583 0.325000 0.387500 0.312500 0.395833 0.307812 0.435417 0.340625 0.437500 0.343750 0.445833 0.378125 0.450000 0.368750 0.427083 0.367188 0.406250 0.384375 0.375000
2 0.054688 0.000000 0.123438 0.204167 0.089063 0.262500 0.146875 0.333333 0.117188 0.360417 0.121875 0.433333 0.301563 0.433333 0.273438 0.327083 0.301563 0.302083 0.207813 0.170833 0.204687 0.122917 0.196875 0.158333
4 0.587500 0.489583 0.584375 0.489583 0.582812 0.485417 0.576562 0.489583 0.556250 0.489583 0.554688 0.487500 0.553125 0.495833 0.551562 0.497917 0.545312 0.497917 0.545312 0.502083 0.548438 0.502083 0.553125 0.510417 0.584375 0.516667 0.585938 0.514583
4 0.595313 0.485417 0.592187 0.489583 0.590625 0.506250 0.589063 0.508333 0.589063 0.516667 0.606250 0.516667 0.607812 0.518750 0.610938 0.512500 0.610938 0.485417 0.609375 0.483333 0.600000 0.483333 0.598437 0.485417
4 0.625000 0.489583 0.625000 0.539583 0.789062 0.602083 0.843750 0.581250 0.998437 0.585417 0.998437 0.493750
4 0.115625 0.445833 0.168750 0.460417 0.173437 0.491667 0.301563 0.506250 0.389062 0.487500 0.387500 0.466667 0.357812 0.460417 0.340625 0.439583 0.131250 0.425000
8 0.587500 0.468750 0.581250 0.460417 0.570312 0.460417 0.562500 0.470833 0.539062 0.477083 0.534375 0.475000 0.535937 0.495833 0.540625 0.487500 0.543750 0.493750 0.540625 0.506250 0.551562 0.508333 0.545312 0.504167 0.543750 0.497917 0.551562 0.495833 0.554688 0.485417 0.576562 0.487500 0.582812 0.483333 0.587500 0.487500
8 0.396875 0.441667 0.393750 0.450000 0.395313 0.450000 0.396875 0.454167 0.401562 0.456250 0.404687 0.462500 0.404687 0.487500 0.412500 0.487500 0.415625 0.485417 0.415625 0.466667 0.412500 0.464583 0.412500 0.445833 0.410938 0.441667
8 0.520312 0.435417 0.510938 0.454167 0.501563 0.460417 0.506250 0.497917 0.510938 0.489583 0.510938 0.500000 0.520312 0.502083 0.523438 0.452083 0.525000 0.502083 0.525000 0.487500 0.529687 0.487500 0.529687 0.472917 0.532813 0.470833 0.529687 0.468750 0.528125 0.445833 0.525000 0.447917
8 0.489063 0.420833 0.478125 0.427083 0.460938 0.427083 0.460938 0.433333 0.453125 0.437500 0.450000 0.460417 0.435937 0.458333 0.425000 0.466667 0.431250 0.485417 0.446875 0.481250 0.451562 0.470833 0.456250 0.470833 0.460938 0.481250 0.464062 0.472917 0.470313 0.481250 0.475000 0.468750 0.490625 0.466667 0.495312 0.435417 0.490625 0.433333
8 0.389062 0.375000 0.385937 0.375000 0.384375 0.381250 0.373437 0.393750 0.368750 0.406250 0.370312 0.427083 0.379688 0.450000 0.382812 0.450000 0.387500 0.441667 0.392188 0.441667 0.396875 0.427083 0.398438 0.408333 0.395313 0.391667 0.389062 0.383333
8 0.328125 0.289583 0.310937 0.295833 0.303125 0.312500 0.279687 0.310417 0.275000 0.325000 0.282813 0.375000 0.303125 0.395833 0.303125 0.433333 0.312500 0.391667 0.323437 0.387500 0.326562 0.364583 0.337500 0.356250 0.334375 0.333333 0.345313 0.325000 0.334375 0.320833 0.321875 0.329167 0.318750 0.316667 0.329688 0.304167
8 0.998437 0.029167 0.967187 0.075000 0.953125 0.025000 0.901563 0.097917 0.871875 0.237500 0.756250 0.295833 0.720313 0.212500 0.693750 0.222917 0.687500 0.181250 0.662500 0.216667 0.656250 0.160417 0.635938 0.177083 0.631250 0.260417 0.581250 0.316667 0.612500 0.533333 0.648438 0.479167 0.998437 0.491667
8 0.000000 0.000000 0.000000 0.568750 0.189062 0.539583 0.168750 0.462500 0.114062 0.445833 0.115625 0.360417 0.146875 0.345833 0.121875 0.316667 0.140625 0.316667 0.087500 0.262500 0.121875 0.204167 0.071875 0.089583 0.079687 0.039583 0.053125 0.000000
10 0.075000 0.000000 0.437500 0.456250 0.506250 0.429167 0.512500 0.362500 0.512500 0.422917 0.592187 0.381250 0.656250 0.158333 0.756250 0.293750 0.871875 0.235417 0.900000 0.097917 0.998437 0.027083
13 0.796875 0.597917 0.776563 0.645833 0.776563 0.695833 0.817187 0.814583 0.862500 0.850000 0.910937 0.835417 0.998437 0.904167 0.998437 0.587500 0.843750 0.583333
13 0.475000 0.470833 0.471875 0.479167 0.471875 0.495833 0.475000 0.495833 0.476562 0.497917 0.481250 0.497917 0.482812 0.495833 0.484375 0.497917 0.490625 0.497917 0.492188 0.502083 0.496875 0.502083 0.496875 0.497917 0.498437 0.495833 0.498437 0.472917 0.496875 0.468750 0.479687 0.468750 0.478125 0.470833
13 0.343750 0.447917 0.357812 0.458333 0.387500 0.464583 0.390625 0.468750 0.390625 0.487500 0.395313 0.487500 0.396875 0.460417 0.398438 0.487500 0.403125 0.487500 0.403125 0.462500 0.395313 0.452083 0.367188 0.452083 0.365625 0.447917 0.353125 0.445833