0 0.000000 0.789583 0.000000 0.997917 0.998437 0.997917 0.998437 0.908333 0.804688 0.812500 0.739062 0.643750 0.470313 0.483333
1 0.498437 0.497917 0.606250 0.525000 0.570312 0.537500 0.759375 0.664583 0.773438 0.597917 0.625000 0.543750 0.604688 0.518750
1 0.446875 0.483333 0.303125 0.508333 0.176563 0.493750 0.193750 0.539583 0.000000 0.583333 0.000000 0.787500
2 0.396875 0.393750 0.400000 0.406250 0.398438 0.429167 0.385937 0.450000 0.398438 0.439583 0.412500 0.439583 0.417187 0.452083 0.417187 0.483333 0.414062 0.487500 0.432812 0.485417 0.423438 0.468750 0.428125 0.460417 0.435937 0.458333 0.435937 0.439583 0.429688 0.427083 0.425000 0.427083 0.418750 0.414583 0.410938 0.410417 0.410938 0.404167 0.401562 0.404167
2 0.592187 0.385417 0.568750 0.379167 0.562500 0.404167 0.535937 0.402083 0.532813 0.420833 0.521875 0.416667 0.498437 0.431250 0.493750 0.466667 0.500000 0.485417 0.501563 0.458333 0.518750 0.435417 0.529687 0.447917 0.539062 0.441667 0.539062 0.454167 0.531250 0.456250 0.535937 0.475000 0.576562 0.456250 0.587500 0.466667 0.590625 0.454167 0.592187 0.472917 0.600000 0.475000 0.600000 0.418750 0.592187 0.410417
2 0.328125 0.364583 0.328125 0.383333 0.317188 0.387500 0.312500 0.395833 0.307812 0.435417 0.342187 0.437500 0.345313 0.443750 0.378125 0.450000 0.368750 0.427083 0.367188 0.406250 0.384375 0.381250 0.384375 0.375000
2 0.059375 0.000000 0.093750 0.062500 0.087500 0.122917 0.134375 0.206250 0.100000 0.264583 0.146875 0.312500 0.134375 0.320833 0.151562 0.352083 0.125000 0.362500 0.134375 0.422917 0.303125 0.433333 0.276562 0.325000 0.306250 0.310417 0.217188 0.183333 0.207813 0.125000 0.201563 0.160417
4 0.621875 0.520833 0.625000 0.541667 0.775000 0.597917 0.823438 0.577083 0.942187 0.591667 0.998437 0.552083 0.998437 0.497917 0.648438 0.481250 0.625000 0.489583
4 0.123438 0.443750 0.175000 0.458333 0.178125 0.491667 0.301563 0.506250 0.389062 0.491667 0.387500 0.466667 0.345313 0.452083 0.342187 0.439583 0.139063 0.422917
8 0.398438 0.441667 0.392188 0.450000 0.395313 0.450000 0.398438 0.456250 0.401562 0.456250 0.406250 0.466667 0.406250 0.481250 0.404687 0.487500 0.412500 0.487500 0.412500 0.485417 0.415625 0.483333 0.415625 0.466667 0.414062 0.464583 0.415625 0.452083 0.412500 0.441667
8 0.503125 0.458333 0.506250 0.497917 0.510938 0.483333 0.512500 0.500000 0.520312 0.502083 0.521875 0.468750 0.528125 0.506250 0.532813 0.485417 0.534375 0.506250 0.540625 0.487500 0.540625 0.508333 0.584375 0.516667 0.587500 0.468750 0.581250 0.460417 0.535937 0.477083 0.521875 0.437500
8 0.495312 0.435417 0.490625 0.433333 0.489063 0.425000 0.460938 0.427083 0.460938 0.435417 0.453125 0.439583 0.453125 0.456250 0.450000 0.460417 0.437500 0.458333 0.428125 0.462500 0.425000 0.468750 0.434375 0.485417 0.446875 0.481250 0.451562 0.470833 0.456250 0.470833 0.460938 0.481250 0.464062 0.477083 0.470313 0.481250 0.476562 0.468750 0.492188 0.466667
8 0.389062 0.377083 0.385937 0.377083 0.385937 0.381250 0.373437 0.395833 0.368750 0.406250 0.370312 0.427083 0.379688 0.450000 0.384375 0.450000 0.389062 0.441667 0.393750 0.439583 0.396875 0.429167 0.398438 0.406250 0.395313 0.391667 0.392188 0.389583
8 0.329688 0.291667 0.312500 0.297917 0.304688 0.308333 0.306250 0.316667 0.282813 0.314583 0.278125 0.325000 0.284375 0.377083 0.293750 0.379167 0.304688 0.400000 0.304688 0.435417 0.312500 0.391667 0.326562 0.383333 0.326562 0.364583 0.339062 0.356250 0.335938 0.337500 0.346875 0.327083 0.334375 0.322917 0.326562 0.333333 0.318750 0.318750 0.329688 0.306250
8 0.998437 0.022917 0.965625 0.083333 0.948438 0.031250 0.896875 0.102083 0.865625 0.243750 0.753125 0.300000 0.717187 0.216667 0.632812 0.183333 0.631250 0.264583 0.581250 0.318750 0.589063 0.516667 0.620313 0.537500 0.648438 0.479167 0.998437 0.495833
8 0.000000 0.000000 0.000000 0.581250 0.193750 0.537500 0.175000 0.460417 0.121875 0.447917 0.123438 0.362500 0.150000 0.347917 0.142187 0.304167 0.098437 0.264583 0.132812 0.206250 0.085938 0.122917 0.087500 0.045833 0.057813 0.000000
10 0.076563 0.000000 0.437500 0.456250 0.509375 0.427083 0.512500 0.362500 0.512500 0.422917 0.590625 0.383333 0.632812 0.181250 0.753125 0.297917 0.865625 0.241667 0.895312 0.102083 0.998437 0.020833
13 0.998437 0.554167 0.942187 0.593750 0.845313 0.579167 0.779687 0.593750 0.760938 0.645833 0.764062 0.706250 0.800000 0.804167 0.842187 0.829167 0.889062 0.820833 0.998437 0.906250
13 0.476562 0.470833 0.471875 0.479167 0.471875 0.495833 0.475000 0.495833 0.476562 0.497917 0.481250 0.497917 0.482812 0.495833 0.484375 0.497917 0.490625 0.497917 0.492188 0.502083 0.496875 0.502083 0.496875 0.497917 0.498437 0.495833 0.498437 0.470833 0.496875 0.468750 0.479687 0.468750
13 0.345313 0.445833 0.345313 0.450000 0.368750 0.460417 0.376563 0.458333 0.382812 0.464583 0.387500 0.464583 0.390625 0.470833 0.390625 0.487500 0.395313 0.487500 0.396875 0.477083 0.398438 0.487500 0.403125 0.487500 0.404687 0.466667 0.395313 0.452083 0.367188 0.452083 0.365625 0.447917