0 0.000000 0.758333 0.000000 0.997917 0.998437 0.997917 0.998437 0.775000 0.582812 0.554167 0.646875 0.529167 0.414062 0.479167
1 0.584375 0.547917 0.998437 0.772917 0.996875 0.658333 0.646875 0.541667
1 0.457813 0.500000 0.514062 0.516667 0.646875 0.527083 0.645312 0.518750 0.578125 0.518750 0.509375 0.504167 0.503125 0.510417 0.465625 0.493750
1 0.400000 0.479167 0.207813 0.504167 0.193750 0.522917 0.076563 0.514583 0.068750 0.562500 0.000000 0.552083 0.000000 0.756250
2 0.487500 0.406250 0.478125 0.406250 0.478125 0.410417 0.468750 0.414583 0.467187 0.420833 0.460938 0.422917 0.453125 0.420833 0.451562 0.439583 0.448437 0.441667 0.448437 0.458333 0.456250 0.460417 0.456250 0.454167 0.460938 0.447917 0.470313 0.443750 0.475000 0.427083 0.479687 0.420833 0.485938 0.427083
2 0.332813 0.383333 0.337500 0.414583 0.318750 0.447917 0.325000 0.450000 0.329688 0.439583 0.339062 0.435417 0.353125 0.437500 0.360938 0.466667 0.359375 0.487500 0.368750 0.487500 0.362500 0.470833 0.371875 0.468750 0.378125 0.458333 0.385937 0.460417 0.387500 0.435417 0.379688 0.422917 0.371875 0.420833 0.368750 0.410417 0.356250 0.406250 0.353125 0.393750 0.343750 0.393750 0.340625 0.383333
2 0.623437 0.364583 0.593750 0.362500 0.589063 0.350000 0.576562 0.358333 0.534375 0.352083 0.526563 0.385417 0.495312 0.385417 0.490625 0.464583 0.504687 0.464583 0.503125 0.414583 0.515625 0.420833 0.507812 0.464583 0.546875 0.439583 0.578125 0.456250 0.581250 0.416667 0.623437 0.393750 0.617188 0.381250
2 0.196875 0.264583 0.195312 0.304167 0.184375 0.322917 0.193750 0.337500 0.185938 0.345833 0.190625 0.362500 0.154688 0.377083 0.153125 0.422917 0.198437 0.425000 0.221875 0.447917 0.309375 0.447917 0.298438 0.393750 0.317188 0.360417 0.201563 0.333333 0.196875 0.316667 0.225000 0.302083
2 0.003125 0.000000 0.000000 0.412500 0.146875 0.422917 0.146875 0.370833 0.112500 0.329167 0.101562 0.256250 0.131250 0.220833 0.159375 0.222917 0.021875 0.047917 0.020313 0.000000
4 0.534375 0.483333 0.534375 0.506250 0.535937 0.508333 0.576562 0.512500 0.578125 0.479167 0.537500 0.479167
4 0.646875 0.479167 0.582812 0.479167 0.581250 0.512500 0.646875 0.518750
4 0.998437 0.450000 0.740625 0.458333 0.725000 0.510417 0.690625 0.477083 0.684375 0.558333 0.998437 0.658333
4 0.000000 0.414583 0.006250 0.552083 0.068750 0.560417 0.076563 0.512500 0.193750 0.520833 0.207813 0.502083 0.318750 0.491667 0.317188 0.462500 0.210938 0.447917 0.198437 0.427083
8 0.579688 0.456250 0.570312 0.456250 0.559375 0.441667 0.546875 0.441667 0.534375 0.456250 0.507812 0.466667 0.506250 0.481250 0.510938 0.481250 0.512500 0.475000 0.518750 0.483333 0.529687 0.483333 0.531250 0.477083 0.534375 0.481250 0.537500 0.477083 0.578125 0.477083
8 0.329688 0.441667 0.326562 0.445833 0.326562 0.450000 0.335938 0.452083 0.342187 0.458333 0.343750 0.491667 0.356250 0.491667 0.359375 0.466667 0.356250 0.460417 0.356250 0.445833 0.353125 0.439583 0.339062 0.437500
8 0.481250 0.422917 0.476562 0.427083 0.471875 0.443750 0.457813 0.454167 0.457813 0.460417 0.460938 0.462500 0.460938 0.483333 0.464062 0.483333 0.467187 0.495833 0.473438 0.477083 0.475000 0.495833 0.478125 0.495833 0.479687 0.477083 0.482812 0.479167 0.482812 0.495833 0.482812 0.485417 0.485938 0.483333 0.485938 0.429167
8 0.450000 0.427083 0.443750 0.416667 0.414062 0.418750 0.414062 0.427083 0.406250 0.431250 0.403125 0.456250 0.396875 0.452083 0.387500 0.456250 0.384375 0.464583 0.378125 0.460417 0.373437 0.470833 0.382812 0.485417 0.400000 0.477083 0.404687 0.466667 0.410938 0.466667 0.414062 0.477083 0.426563 0.477083 0.429688 0.464583 0.446875 0.458333
8 0.323437 0.354167 0.318750 0.354167 0.318750 0.364583 0.309375 0.375000 0.300000 0.393750 0.300000 0.416667 0.304688 0.431250 0.310937 0.439583 0.310937 0.447917 0.317188 0.447917 0.318750 0.439583 0.335938 0.414583 0.335938 0.397917 0.329688 0.377083 0.323437 0.366667
8 0.189062 0.191667 0.156250 0.195833 0.156250 0.227083 0.131250 0.222917 0.103125 0.256250 0.120313 0.318750 0.114062 0.329167 0.148438 0.370833 0.148438 0.422917 0.153125 0.377083 0.189062 0.362500 0.184375 0.345833 0.192188 0.337500 0.182812 0.322917 0.193750 0.304167 0.195312 0.264583 0.218750 0.243750 0.198437 0.235417 0.192188 0.247917 0.176563 0.245833 0.173437 0.229167 0.179688 0.212500 0.190625 0.212500
8 0.685937 0.010417 0.701562 0.106250 0.639062 0.097917 0.631250 0.193750 0.598437 0.206250 0.625000 0.393750 0.589063 0.472917 0.645312 0.464583 0.648438 0.541667 0.682813 0.558333 0.689063 0.477083 0.725000 0.508333 0.740625 0.456250 0.998437 0.447917 0.998437 0.031250 0.946875 0.122917 0.906250 0.104167 0.882812 0.145833 0.856250 0.000000
10 0.850000 0.054167 0.856250 0.066667 0.864062 0.050000 0.873437 0.052083 0.868750 0.097917 0.890625 0.108333 0.887500 0.143750 0.903125 0.131250 0.896875 0.112500 0.906250 0.102083 0.946875 0.120833 0.951562 0.072917 0.982812 0.052083 0.982812 0.016667 0.998437 0.029167 0.998437 0.000000 0.857812 0.000000
10 0.020313 0.029167 0.148438 0.204167 0.192188 0.193750 0.175000 0.235417 0.218750 0.239583 0.226562 0.302083 0.201563 0.331250 0.323437 0.352083 0.389062 0.454167 0.467187 0.418750 0.468750 0.339583 0.471875 0.410417 0.534375 0.350000 0.621875 0.360417 0.596875 0.206250 0.629687 0.193750 0.639062 0.095833 0.707812 0.079167 0.707812 0.000000
13 0.429688 0.466667 0.426563 0.485417 0.428125 0.495833 0.431250 0.491667 0.435937 0.497917 0.437500 0.495833 0.450000 0.495833 0.453125 0.500000 0.457813 0.497917 0.459375 0.491667 0.459375 0.462500 0.454688 0.460417 0.437500 0.460417 0.434375 0.466667
13 0.256250 0.445833 0.256250 0.450000 0.317188 0.460417 0.320312 0.491667 0.328125 0.491667 0.329688 0.456250 0.331250 0.491667 0.342187 0.491667 0.342187 0.466667 0.335938 0.454167 0.320312 0.450000 0.293750 0.454167 0.282813 0.445833