0 0.998437 0.691667 0.887500 0.543750 0.729688 0.570833 0.689063 0.493750 0.000000 0.645833 0.000000 0.997917 0.998437 0.997917
1 0.964063 0.487500 0.943750 0.545833 0.889062 0.545833 0.946875 0.600000 0.998437 0.689583 0.998437 0.510417
1 0.689063 0.487500 0.282813 0.552083 0.257812 0.593750 0.251563 0.560417 0.048438 0.566667 0.000000 0.497917 0.000000 0.643750 0.415625 0.585417
2 0.692187 0.322917 0.640625 0.322917 0.635938 0.331250 0.628125 0.320833 0.615625 0.333333 0.570312 0.339583 0.556250 0.383333 0.551562 0.375000 0.535937 0.387500 0.523438 0.364583 0.510938 0.389583 0.634375 0.412500 0.634375 0.372917 0.648438 0.356250 0.681250 0.356250 0.689063 0.377083
2 0.259375 0.252083 0.260937 0.331250 0.295312 0.304167 0.318750 0.300000 0.376563 0.358333 0.379688 0.370833 0.392188 0.362500 0.398438 0.341667 0.370312 0.275000
2 0.250000 0.235417 0.231250 0.245833 0.139063 0.222917 0.132812 0.318750 0.081250 0.314583 0.081250 0.358333 0.059375 0.360417 0.050000 0.393750 0.132812 0.391667 0.148438 0.335417 0.206250 0.356250 0.214062 0.381250 0.239063 0.381250 0.251563 0.366667
3 0.992188 0.385417 0.967187 0.400000 0.962500 0.429167 0.967187 0.462500 0.965625 0.487500 0.998437 0.508333 0.998437 0.385417
4 0.251563 0.456250 0.031250 0.472917 0.018750 0.493750 0.010937 0.479167 0.010937 0.508333 0.042188 0.560417 0.060937 0.568750 0.251563 0.558333
4 0.650000 0.429167 0.626563 0.437500 0.625000 0.468750 0.625000 0.429167 0.260937 0.452083 0.260937 0.556250 0.653125 0.479167
4 0.687500 0.418750 0.684375 0.416667 0.681250 0.425000 0.673438 0.427083 0.665625 0.425000 0.654687 0.429167 0.656250 0.431250 0.656250 0.477083 0.684375 0.472917
5 0.000000 0.337500 0.000000 0.437500 0.006250 0.481250 0.003125 0.502083 0.007812 0.518750 0.012500 0.520833
5 0.000000 0.289583 0.007812 0.310417 0.018750 0.491667 0.012500 0.314583
5 0.251563 0.206250 0.257812 0.591667 0.259375 0.312500
7 0.256250 0.212500 0.257812 0.235417 0.285938 0.241667 0.287500 0.245833 0.310937 0.252083 0.314063 0.256250 0.323437 0.256250 0.323437 0.237500 0.317188 0.233333 0.292187 0.227083 0.290625 0.222917 0.273438 0.218750 0.259375 0.210417
8 0.006250 0.395833 0.007812 0.456250 0.010937 0.477083 0.014063 0.477083 0.012500 0.412500 0.009375 0.410417 0.009375 0.400000
8 0.635938 0.372917 0.635938 0.385417 0.632812 0.387500 0.632812 0.393750 0.640625 0.406250 0.643750 0.418750 0.681250 0.422917 0.684375 0.414583 0.687500 0.416667 0.689063 0.379167 0.684375 0.375000 0.681250 0.358333 0.671875 0.360417 0.665625 0.356250 0.648438 0.358333
8 0.251563 0.368750 0.218750 0.385417 0.206250 0.358333 0.148438 0.337500 0.132812 0.393750 0.073438 0.400000 0.045312 0.393750 0.034375 0.366667 0.018750 0.395833 0.021875 0.475000 0.251563 0.454167
8 0.504687 0.212500 0.459375 0.197917 0.459375 0.262500 0.445312 0.247917 0.459375 0.304167 0.443750 0.293750 0.445312 0.314583 0.401562 0.337500 0.384375 0.372917 0.318750 0.302083 0.260937 0.333333 0.260937 0.450000 0.337500 0.445833 0.368750 0.400000 0.509375 0.389583 0.529687 0.354167
8 0.998437 0.000000 0.973437 0.000000 0.987500 0.010417 0.934375 0.056250 0.965625 0.058333 0.978125 0.077083 0.970313 0.093750 0.953125 0.089583 0.976562 0.122917 0.962500 0.414583 0.998437 0.383333
9 0.335938 0.443750 0.665625 0.422917 0.432812 0.389583 0.406250 0.408333 0.357812 0.406250
10 0.000000 0.295833 0.001563 0.356250 0.004687 0.366667 0.006250 0.393750 0.009375 0.397917 0.006250 0.310417
10 0.015625 0.387500 0.131250 0.318750 0.139063 0.220833 0.253125 0.206250 0.409375 0.339583 0.485938 0.189583 0.556250 0.381250 0.692187 0.318750 0.742188 0.095833 0.970313 0.091667 0.932813 0.056250 0.985938 0.004167 0.000000 0.000000
14 0.957812 0.093750 0.832812 0.129167 0.823438 0.077083 0.742188 0.097917 0.739062 0.154167 0.698438 0.168750 0.685937 0.477083 0.726562 0.566667 0.746875 0.543750 0.950000 0.537500 0.975000 0.133333