0 0.946875 0.500000 0.928125 0.500000 0.926562 0.504167 0.914062 0.504167 0.912500 0.529167 0.914062 0.527083 0.918750 0.527083 0.920312 0.522917 0.923438 0.522917 0.926562 0.516667 0.929688 0.516667 0.929688 0.514583 0.934375 0.512500 0.935937 0.508333 0.946875 0.506250
0 0.000000 0.500000 0.000000 0.997917 0.943750 0.997917 0.814063 0.727083 0.884375 0.560417 0.695312 0.520833 0.257812 0.560417 0.095312 0.477083
1 0.985938 0.493750 0.893750 0.550000 0.815625 0.691667 0.843750 0.845833 0.945312 0.997917 0.998437 0.997917 0.998437 0.550000
1 0.085938 0.477083 0.082812 0.468750 0.053125 0.479167 0.037500 0.479167 0.035937 0.483333 0.014063 0.483333 0.012500 0.487500 0.000000 0.487500 0.000000 0.497917 0.037500 0.491667 0.039062 0.487500 0.056250 0.487500
1 0.156250 0.539583 0.257812 0.558333 0.496875 0.554167 0.693750 0.518750 0.684375 0.500000 0.398438 0.541667 0.210938 0.495833 0.206250 0.533333 0.204687 0.493750 0.154688 0.466667
2 0.700000 0.354167 0.662500 0.354167 0.646875 0.389583 0.643750 0.381250 0.637500 0.400000 0.623437 0.400000 0.615625 0.383333 0.609375 0.393750 0.609375 0.402083 0.615625 0.406250 0.604688 0.414583 0.693750 0.431250
2 0.000000 0.352083 0.000000 0.439583 0.032813 0.433333 0.042188 0.439583 0.045312 0.452083 0.075000 0.445833 0.079687 0.433333 0.078125 0.400000 0.064062 0.391667 0.062500 0.383333 0.035937 0.379167 0.032813 0.366667 0.015625 0.364583 0.012500 0.354167
2 0.212500 0.358333 0.223438 0.431250 0.246875 0.418750 0.240625 0.375000 0.264062 0.412500 0.289062 0.400000 0.304688 0.356250 0.345313 0.364583 0.364063 0.395833 0.403125 0.333333 0.407813 0.287500 0.450000 0.304167 0.448437 0.320833 0.410938 0.320833 0.440625 0.329167 0.476562 0.387500 0.495312 0.366667 0.470313 0.295833 0.296875 0.254167 0.278125 0.325000 0.232813 0.320833 0.229687 0.356250
4 0.190625 0.456250 0.190625 0.485417 0.204687 0.491667 0.204687 0.460417 0.203125 0.458333 0.203125 0.454167
4 0.085938 0.458333 0.079687 0.454167 0.000000 0.458333 0.000000 0.485417 0.035937 0.481250 0.037500 0.477083 0.075000 0.470833 0.084375 0.466667
4 0.210938 0.454167 0.209375 0.491667 0.253125 0.516667 0.396875 0.522917 0.400000 0.452083
4 0.404687 0.522917 0.689063 0.497917 0.692187 0.456250 0.657813 0.458333 0.651563 0.497917 0.646875 0.458333 0.606250 0.447917 0.406250 0.452083
5 0.203125 0.354167 0.207813 0.531250 0.210938 0.358333 0.206250 0.402083
5 0.407813 0.289583 0.398438 0.539583 0.403125 0.539583
5 0.176563 0.239583 0.179688 0.485417 0.184375 0.485417 0.184375 0.458333 0.189062 0.485417 0.182812 0.441667 0.181250 0.239583
7 0.195312 0.306250 0.195312 0.329167 0.193750 0.331250 0.195312 0.352083 0.201563 0.354167 0.203125 0.352083 0.204687 0.356250 0.228125 0.356250 0.226562 0.352083 0.228125 0.312500
7 0.409375 0.291667 0.407813 0.304167 0.412500 0.304167 0.414062 0.308333 0.434375 0.310417 0.435937 0.314583 0.442188 0.314583 0.443750 0.318750 0.448437 0.318750 0.450000 0.314583 0.450000 0.308333 0.446875 0.302083 0.442188 0.300000 0.428125 0.300000 0.426563 0.295833 0.415625 0.295833 0.414062 0.291667
8 0.045312 0.454167 0.043750 0.447917 0.040625 0.445833 0.040625 0.439583 0.032813 0.435417 0.020313 0.441667 0.000000 0.441667 0.000000 0.456250 0.003125 0.454167 0.032813 0.454167 0.034375 0.443750 0.037500 0.445833 0.037500 0.454167
8 0.106250 0.427083 0.093750 0.425000 0.090625 0.420833 0.095312 0.416667 0.095312 0.410417 0.079687 0.400000 0.081250 0.433333 0.076563 0.445833 0.068750 0.452083 0.057813 0.452083 0.079687 0.452083 0.085938 0.456250 0.095312 0.454167 0.096875 0.431250 0.100000 0.427083
8 0.170313 0.379167 0.162500 0.383333 0.162500 0.445833 0.164062 0.464583 0.167187 0.466667 0.167187 0.470833 0.170313 0.456250 0.179688 0.454167 0.179688 0.395833 0.175000 0.391667
8 0.262500 0.391667 0.240625 0.377083 0.237500 0.406250 0.248438 0.418750 0.223438 0.433333 0.221875 0.420833 0.228125 0.414583 0.223438 0.385417 0.214062 0.385417 0.210938 0.452083 0.239063 0.452083 0.242188 0.447917 0.235937 0.450000 0.226562 0.437500 0.262500 0.414583
8 0.128125 0.383333 0.125000 0.397917 0.121875 0.400000 0.120313 0.395833 0.112500 0.404167 0.112500 0.427083 0.145313 0.429167 0.150000 0.464583 0.159375 0.466667 0.157812 0.381250 0.151562 0.377083 0.151562 0.385417
8 0.201563 0.375000 0.195312 0.391667 0.184375 0.404167 0.185938 0.454167 0.203125 0.452083
8 0.403125 0.335417 0.381250 0.347917 0.364063 0.397917 0.346875 0.383333 0.345313 0.366667 0.304688 0.358333 0.301563 0.372917 0.289062 0.377083 0.290625 0.400000 0.265625 0.414583 0.285938 0.408333 0.285938 0.429167 0.315625 0.441667 0.307812 0.450000 0.389062 0.450000 0.375000 0.443750 0.390625 0.429167 0.400000 0.433333 0.400000 0.450000
8 0.595313 0.229167 0.553125 0.218750 0.551562 0.279167 0.539062 0.264583 0.550000 0.318750 0.534375 0.308333 0.526563 0.343750 0.482812 0.387500 0.410938 0.322917 0.406250 0.450000 0.423438 0.431250 0.443750 0.445833 0.421875 0.450000 0.496875 0.450000 0.478125 0.445833 0.503125 0.412500 0.610938 0.412500 0.617188 0.343750
8 0.906250 0.000000 0.881250 0.077083 0.929688 0.089583 0.960938 0.310417 0.942187 0.337500 0.921875 0.268750 0.901563 0.283333 0.898438 0.435417 0.914062 0.468750 0.989062 0.458333 0.998437 0.547917 0.998437 0.000000
9 0.479687 0.445833 0.523438 0.450000 0.543750 0.439583 0.546875 0.450000 0.606250 0.445833 0.610938 0.456250 0.689063 0.456250 0.693750 0.433333 0.526563 0.410417 0.493750 0.416667 0.490625 0.437500
9 0.314063 0.445833 0.314063 0.441667 0.307812 0.445833 0.301563 0.437500 0.285938 0.431250 0.282813 0.416667 0.287500 0.412500 0.281250 0.408333 0.237500 0.429167 0.231250 0.439583 0.228125 0.437500 0.235937 0.447917 0.242188 0.445833 0.251563 0.454167
10 0.000000 0.000000 0.000000 0.350000 0.096875 0.425000 0.178125 0.391667 0.176563 0.237500 0.184375 0.383333 0.289062 0.252083 0.507812 0.360417 0.578125 0.210417 0.623437 0.397917 0.745313 0.231250 0.959375 0.310417 0.904687 0.000000
13 0.914062 0.502083 0.926562 0.502083 0.928125 0.497917 0.959375 0.502083 0.964063 0.495833 0.979688 0.495833 0.989062 0.487500 0.989062 0.460417 0.920312 0.460417 0.914062 0.470833
13 0.100000 0.429167 0.096875 0.454167 0.089063 0.456250 0.085938 0.464583 0.087500 0.477083 0.096875 0.477083 0.096875 0.497917 0.106250 0.497917 0.110937 0.491667 0.134375 0.491667 0.139063 0.497917 0.146875 0.497917 0.148438 0.454167 0.145313 0.431250
14 0.737500 0.237500 0.737500 0.268750 0.704688 0.285417 0.696875 0.522917 0.725000 0.529167 0.735938 0.564583 0.775000 0.547917 0.865625 0.566667 0.904687 0.543750 0.912500 0.458333 0.896875 0.425000 0.907813 0.337500 0.887500 0.258333 0.820312 0.258333 0.790625 0.225000