0 0.998437 0.762500 0.904687 0.562500 0.743750 0.581250 0.704688 0.510417 0.395313 0.591667 0.000000 0.604167 0.000000 0.997917 0.998437 0.997917
1 0.957812 0.487500 0.943750 0.558333 0.906250 0.564583 0.943750 0.614583 0.998437 0.760417 0.998437 0.522917
1 0.000000 0.602083 0.395313 0.589583 0.704688 0.504167 0.321875 0.547917 0.312500 0.581250 0.309375 0.550000 0.129688 0.550000 0.054688 0.479167 0.050000 0.570833 0.042188 0.493750 0.000000 0.550000
2 0.707812 0.337500 0.671875 0.341667 0.664062 0.333333 0.645312 0.347917 0.609375 0.350000 0.592187 0.393750 0.570312 0.395833 0.562500 0.379167 0.546875 0.400000 0.673438 0.422917 0.670312 0.385417 0.685937 0.370833 0.706250 0.370833
2 0.320312 0.268750 0.320312 0.331250 0.342187 0.314583 0.362500 0.310417 0.407813 0.356250 0.417187 0.379167 0.426563 0.379167 0.435937 0.347917 0.410938 0.287500 0.331250 0.264583
2 0.112500 0.379167 0.142187 0.404167 0.151562 0.383333 0.196875 0.397917 0.203125 0.377083 0.212500 0.379167 0.207813 0.354167 0.217188 0.341667 0.253125 0.358333 0.265625 0.389583 0.285938 0.391667 0.312500 0.337500 0.314063 0.266667 0.301563 0.245833 0.279687 0.258333 0.200000 0.235417 0.192188 0.320833 0.143750 0.318750 0.142187 0.358333 0.123438 0.358333
4 0.310937 0.545833 0.310937 0.458333 0.100000 0.466667 0.093750 0.504167 0.090625 0.468750 0.062500 0.475000 0.078125 0.508333 0.129688 0.547917
4 0.703125 0.439583 0.320312 0.456250 0.318750 0.547917 0.682813 0.491667 0.682813 0.443750 0.690625 0.491667
5 0.045312 0.335417 0.042188 0.481250 0.048438 0.570833
5 0.065625 0.220833 0.070312 0.293750 0.085938 0.312500 0.093750 0.502083 0.087500 0.304167 0.071875 0.287500 0.071875 0.227083
7 0.018750 0.268750 0.021875 0.322917 0.018750 0.329167 0.054688 0.337500 0.067187 0.335417 0.070312 0.339583 0.071875 0.295833 0.068750 0.293750 0.068750 0.277083 0.053125 0.275000 0.051562 0.270833
7 0.318750 0.243750 0.318750 0.258333 0.323437 0.262500 0.331250 0.262500 0.334375 0.266667 0.373437 0.277083 0.375000 0.272917 0.373437 0.262500 0.348438 0.254167 0.346875 0.250000 0.331250 0.247917 0.329688 0.243750 0.323437 0.241667
8 0.042188 0.393750 0.031250 0.397917 0.029687 0.412500 0.021875 0.412500 0.015625 0.416667 0.015625 0.431250 0.020313 0.439583 0.018750 0.443750 0.025000 0.452083 0.026562 0.464583 0.029687 0.466667 0.032813 0.477083 0.042188 0.477083
8 0.087500 0.393750 0.078125 0.389583 0.081250 0.452083 0.076563 0.460417 0.071875 0.393750 0.048438 0.395833 0.050000 0.481250 0.064062 0.470833 0.090625 0.464583
8 0.706250 0.372917 0.685937 0.372917 0.671875 0.385417 0.668750 0.404167 0.676562 0.420833 0.670312 0.425000 0.667188 0.439583 0.693750 0.435417 0.703125 0.437500
8 0.312500 0.339583 0.285938 0.393750 0.265625 0.391667 0.253125 0.360417 0.217188 0.343750 0.214062 0.379167 0.204687 0.375000 0.196875 0.400000 0.151562 0.385417 0.142187 0.406250 0.101562 0.364583 0.095312 0.462500 0.310937 0.456250
8 0.539062 0.218750 0.495312 0.212500 0.496875 0.312500 0.481250 0.302083 0.426563 0.381250 0.362500 0.312500 0.320312 0.333333 0.320312 0.454167 0.475000 0.452083 0.509375 0.404167 0.589063 0.425000 0.545312 0.400000 0.565625 0.364583
8 0.998437 0.064583 0.956250 0.095833 0.985938 0.095833 0.995313 0.116667 0.960938 0.129167 0.951562 0.150000 0.964063 0.172917 0.956250 0.477083 0.998437 0.520833
8 0.954688 0.027083 0.959375 0.027083 0.967187 0.018750 0.970313 0.018750 0.976562 0.025000 0.981250 0.022917 0.982812 0.027083 0.984375 0.025000 0.987500 0.027083 0.995313 0.025000 0.998437 0.020833 0.998437 0.000000 0.962500 0.000000 0.962500 0.006250 0.954688 0.020833
9 0.484375 0.431250 0.506250 0.445833 0.662500 0.441667 0.668750 0.425000 0.576562 0.414583 0.590625 0.425000 0.557813 0.431250 0.551562 0.420833 0.568750 0.410417 0.517188 0.422917 0.509375 0.406250 0.504687 0.429167 0.495312 0.425000 0.495312 0.408333
10 0.050000 0.337500 0.048438 0.347917 0.050000 0.393750 0.059375 0.393750 0.062500 0.383333 0.064062 0.391667 0.071875 0.391667 0.070312 0.341667 0.067187 0.337500 0.065625 0.339583
10 0.073438 0.295833 0.076563 0.337500 0.076563 0.383333 0.078125 0.387500 0.087500 0.391667 0.084375 0.312500 0.082812 0.306250
10 0.000000 0.443750 0.065625 0.218750 0.092188 0.383333 0.190625 0.320833 0.200000 0.233333 0.453125 0.350000 0.525000 0.200000 0.592187 0.391667 0.707812 0.335417 0.760938 0.143750 0.950000 0.152083 0.998437 0.022917 0.000000 0.000000
13 0.000000 0.445833 0.000000 0.520833 0.006250 0.520833 0.017188 0.529167 0.025000 0.522917 0.031250 0.508333 0.037500 0.506250 0.037500 0.483333 0.040625 0.479167 0.032813 0.479167 0.029687 0.475000 0.023438 0.452083 0.018750 0.445833
14 0.953125 0.154167 0.843750 0.177083 0.831250 0.129167 0.760938 0.145833 0.754687 0.200000 0.717187 0.212500 0.701562 0.493750 0.743750 0.579167 0.764062 0.556250 0.942187 0.558333 0.956250 0.487500