0 0.000000 0.516667 0.000000 0.997917 0.998437 0.997917 0.928125 0.570833 0.754687 0.583333 0.710938 0.516667 0.131250 0.593750
1 0.950000 0.479167 0.951562 0.512500 0.929688 0.572917 0.998437 0.839583 0.998437 0.525000 0.964063 0.479167
1 0.029687 0.562500 0.309375 0.589583 0.710938 0.508333 0.354687 0.539583 0.342187 0.570833 0.339062 0.541667 0.173437 0.539583 0.100000 0.483333 0.095312 0.558333 0.078125 0.470833
2 0.000000 0.404167 0.000000 0.431250 0.009375 0.431250 0.010937 0.429167 0.017188 0.429167 0.020313 0.427083 0.020313 0.425000 0.023438 0.420833 0.020313 0.414583 0.017188 0.414583 0.014063 0.410417 0.014063 0.406250
2 0.717187 0.343750 0.698438 0.337500 0.692187 0.343750 0.685937 0.335417 0.665625 0.350000 0.625000 0.352083 0.607812 0.400000 0.589063 0.397917 0.581250 0.381250 0.568750 0.404167 0.693750 0.425000 0.685937 0.408333 0.689063 0.391667 0.706250 0.372917 0.715625 0.379167
2 0.351562 0.270833 0.351562 0.318750 0.384375 0.310417 0.400000 0.320833 0.437500 0.368750 0.435937 0.391667 0.450000 0.377083 0.457813 0.354167 0.431250 0.287500 0.407813 0.281250 0.393750 0.285417
2 0.343750 0.266667 0.328125 0.264583 0.325000 0.245833 0.306250 0.258333 0.231250 0.235417 0.221875 0.318750 0.173437 0.312500 0.171875 0.352083 0.151562 0.354167 0.140625 0.372917 0.160938 0.383333 0.171875 0.410417 0.179688 0.381250 0.237500 0.393750 0.248438 0.339583 0.256250 0.366667 0.275000 0.352083 0.290625 0.387500 0.312500 0.391667 0.342187 0.329167
4 0.100000 0.464583 0.100000 0.481250 0.106250 0.489583 0.109375 0.489583 0.112500 0.495833 0.121875 0.497917 0.123438 0.502083 0.125000 0.502083 0.125000 0.458333 0.115625 0.458333 0.114062 0.462500 0.110937 0.462500 0.109375 0.458333
4 0.340625 0.454167 0.131250 0.458333 0.129688 0.508333 0.164062 0.533333 0.198437 0.541667 0.339062 0.539583
4 0.635938 0.447917 0.632812 0.508333 0.700000 0.497917 0.698438 0.450000 0.675000 0.454167 0.671875 0.502083 0.667188 0.450000
4 0.628125 0.447917 0.521875 0.450000 0.515625 0.439583 0.351562 0.452083 0.346875 0.539583 0.629687 0.508333
5 0.106250 0.337500 0.110937 0.460417 0.114062 0.460417 0.109375 0.337500
5 0.100000 0.337500 0.093750 0.356250 0.095312 0.556250
5 0.121875 0.300000 0.128125 0.506250 0.128125 0.331250
5 0.350000 0.247917 0.343750 0.293750 0.342187 0.568750
7 0.076563 0.270833 0.076563 0.314583 0.073438 0.316667 0.075000 0.331250 0.118750 0.335417 0.118750 0.281250
7 0.350000 0.252083 0.351562 0.268750 0.373437 0.272917 0.375000 0.277083 0.392188 0.279167 0.393750 0.283333 0.403125 0.281250 0.400000 0.268750 0.390625 0.268750 0.389062 0.264583 0.351562 0.250000
8 0.112500 0.385417 0.112500 0.412500 0.115625 0.414583 0.115625 0.450000 0.117188 0.456250 0.125000 0.456250 0.123438 0.385417 0.118750 0.395833 0.114062 0.391667 0.114062 0.385417
8 0.101562 0.383333 0.100000 0.385417 0.100000 0.412500 0.101562 0.414583 0.100000 0.462500 0.109375 0.456250 0.107813 0.385417
8 0.084375 0.379167 0.081250 0.381250 0.084375 0.381250 0.084375 0.385417 0.073438 0.383333 0.064062 0.387500 0.060937 0.404167 0.050000 0.404167 0.050000 0.425000 0.053125 0.435417 0.060937 0.435417 0.078125 0.468750 0.092188 0.468750 0.092188 0.385417
8 0.709375 0.375000 0.698438 0.379167 0.690625 0.391667 0.687500 0.408333 0.693750 0.418750 0.695312 0.425000 0.712500 0.425000 0.712500 0.393750 0.715625 0.391667 0.715625 0.381250
8 0.342187 0.331250 0.312500 0.393750 0.290625 0.389583 0.275000 0.354167 0.256250 0.368750 0.248438 0.341667 0.237500 0.395833 0.179688 0.383333 0.171875 0.412500 0.135937 0.362500 0.131250 0.456250 0.325000 0.450000 0.342187 0.412500
8 0.560937 0.222917 0.545312 0.204167 0.535937 0.222917 0.517188 0.212500 0.506250 0.239583 0.515625 0.272917 0.503125 0.260417 0.515625 0.314583 0.500000 0.302083 0.492188 0.339583 0.459375 0.352083 0.439063 0.393750 0.400000 0.322917 0.351562 0.320833 0.350000 0.402083 0.567187 0.404167 0.584375 0.341667 0.573438 0.345833
8 0.993750 0.133333 0.959375 0.175000 0.967187 0.220833 0.948438 0.445833 0.964063 0.454167 0.967187 0.485417 0.998437 0.522917
8 0.998437 0.091667 0.993750 0.097917 0.984375 0.097917 0.982812 0.102083 0.978125 0.102083 0.973437 0.106250 0.970313 0.112500 0.968750 0.112500 0.968750 0.116667 0.975000 0.116667 0.982812 0.112500 0.984375 0.116667 0.987500 0.114583 0.990625 0.116667 0.998437 0.114583
8 0.940625 0.000000 0.940625 0.016667 0.953125 0.006250 0.970313 0.010417 0.975000 0.027083 0.965625 0.047917 0.982812 0.039583 0.998437 0.050000 0.998437 0.000000
9 0.350000 0.404167 0.350000 0.452083 0.501563 0.437500 0.712500 0.450000 0.712500 0.427083 0.571875 0.406250
10 0.120313 0.304167 0.120313 0.335417 0.110937 0.337500 0.112500 0.383333 0.115625 0.385417 0.117188 0.393750 0.123438 0.383333 0.121875 0.362500 0.123438 0.325000
10 0.000000 0.402083 0.092188 0.383333 0.101562 0.216667 0.131250 0.370833 0.231250 0.233333 0.473438 0.350000 0.545312 0.202083 0.610938 0.391667 0.717187 0.341667 0.765625 0.166667 0.957812 0.179167 0.998437 0.052083 0.000000 0.000000
13 0.950000 0.452083 0.950000 0.477083 0.962500 0.477083 0.962500 0.472917 0.964063 0.470833 0.964063 0.458333 0.962500 0.456250 0.962500 0.454167 0.960938 0.454167 0.959375 0.452083
13 0.000000 0.433333 0.000000 0.514583 0.014063 0.512500 0.015625 0.506250 0.045312 0.506250 0.050000 0.512500 0.064062 0.508333 0.071875 0.493750 0.076563 0.464583 0.060937 0.437500 0.031250 0.435417 0.029687 0.431250
14 0.956250 0.177083 0.851562 0.197917 0.835938 0.154167 0.765625 0.168750 0.764062 0.214583 0.726562 0.229167 0.707812 0.493750 0.751563 0.579167 0.771875 0.558333 0.939063 0.558333