0 0.000000 0.550000 0.000000 0.997917 0.876563 0.997917 0.693750 0.666667 0.864062 0.522917 0.343750 0.535417 0.220312 0.468750
1 0.718750 0.604167 0.695312 0.658333 0.701562 0.704167 0.796875 0.902083 0.878125 0.997917 0.998437 0.997917 0.998437 0.729167 0.868750 0.622917 0.881250 0.552083 0.812500 0.556250
1 0.260937 0.489583 0.287500 0.522917 0.343750 0.533333 0.709375 0.510417 0.690625 0.493750 0.471875 0.522917 0.329688 0.500000 0.326562 0.518750 0.325000 0.497917 0.262500 0.472917
1 0.193750 0.479167 0.192188 0.472917 0.098437 0.500000 0.000000 0.510417 0.000000 0.547917
2 0.278125 0.395833 0.268750 0.395833 0.268750 0.431250 0.270313 0.435417 0.275000 0.429167 0.275000 0.425000 0.278125 0.422917 0.278125 0.416667 0.279687 0.414583
2 0.656250 0.416667 0.656250 0.418750 0.665625 0.418750 0.675000 0.422917 0.696875 0.425000 0.696875 0.393750 0.682813 0.393750 0.676562 0.379167 0.668750 0.389583 0.668750 0.395833 0.675000 0.400000 0.668750 0.412500
2 0.317188 0.366667 0.306250 0.370833 0.306250 0.391667 0.314063 0.395833 0.317188 0.402083 0.317188 0.422917 0.312500 0.435417 0.314063 0.443750 0.325000 0.439583 0.326562 0.433333 0.325000 0.408333 0.326562 0.385417 0.317188 0.381250
2 0.000000 0.287500 0.029687 0.358333 0.000000 0.412500 0.032813 0.391667 0.067187 0.400000 0.075000 0.418750 0.067187 0.462500 0.103125 0.450000 0.178125 0.454167 0.182812 0.414583 0.170313 0.400000 0.115625 0.375000 0.110937 0.358333 0.082812 0.356250 0.076563 0.337500 0.023438 0.333333 0.012500 0.291667
2 0.318750 0.339583 0.343750 0.350000 0.331250 0.437500 0.375000 0.414583 0.390625 0.377083 0.435937 0.412500 0.446875 0.362500 0.473438 0.345833 0.475000 0.327083 0.510938 0.337500 0.506250 0.350000 0.534375 0.383333 0.531250 0.412500 0.553125 0.370833 0.531250 0.306250 0.448437 0.295833 0.435937 0.279167 0.426563 0.291667 0.371875 0.279167 0.359375 0.341667
3 0.081250 0.454167 0.084375 0.497917 0.126562 0.489583 0.126562 0.464583 0.129688 0.489583 0.156250 0.481250 0.143750 0.481250 0.139063 0.475000 0.139063 0.466667 0.132812 0.462500
4 0.309375 0.458333 0.307812 0.462500 0.307812 0.491667 0.325000 0.495833 0.325000 0.462500 0.323437 0.458333
4 0.284375 0.460417 0.284375 0.487500 0.298438 0.487500 0.300000 0.491667 0.303125 0.491667 0.303125 0.460417 0.301563 0.458333 0.289062 0.458333 0.287500 0.460417
4 0.081250 0.458333 0.071875 0.464583 0.015625 0.460417 0.021875 0.472917 0.021875 0.495833 0.009375 0.504167 0.000000 0.504167 0.000000 0.508333 0.048438 0.506250 0.050000 0.502083 0.082812 0.497917
4 0.470313 0.454167 0.346875 0.456250 0.345313 0.485417 0.342187 0.462500 0.331250 0.458333 0.329688 0.497917 0.379688 0.510417 0.470313 0.510417
4 0.693750 0.445833 0.476562 0.454167 0.475000 0.510417 0.689063 0.493750
4 0.998437 0.393750 0.967187 0.400000 0.950000 0.420833 0.901563 0.416667 0.896875 0.425000 0.920312 0.450000 0.917188 0.491667 0.932813 0.497917 0.950000 0.529167 0.934375 0.591667 0.951562 0.600000 0.964063 0.629167 0.985938 0.622917 0.993750 0.583333 0.979688 0.552083 0.998437 0.537500
5 0.476562 0.329167 0.471875 0.520833 0.478125 0.402083
5 0.276562 0.272917 0.278125 0.310417 0.271875 0.314583 0.278125 0.320833 0.282813 0.485417 0.279687 0.322917 0.292187 0.327083 0.279687 0.316667
7 0.318750 0.347917 0.317188 0.350000 0.318750 0.352083 0.318750 0.381250 0.339062 0.383333 0.340625 0.387500 0.342187 0.383333 0.342187 0.350000 0.335938 0.350000 0.334375 0.347917
7 0.478125 0.329167 0.478125 0.337500 0.479687 0.339583 0.482812 0.339583 0.484375 0.341667 0.493750 0.341667 0.495312 0.343750 0.500000 0.343750 0.501563 0.345833 0.507812 0.345833 0.509375 0.343750 0.509375 0.337500 0.507812 0.337500 0.506250 0.333333 0.493750 0.333333 0.492188 0.331250 0.484375 0.331250 0.482812 0.329167
8 0.307812 0.393750 0.306250 0.395833 0.307812 0.460417 0.309375 0.456250 0.323437 0.456250 0.325000 0.460417 0.325000 0.441667 0.314063 0.445833 0.310937 0.439583 0.315625 0.422917 0.315625 0.402083
8 0.279687 0.425000 0.268750 0.435417 0.259375 0.393750 0.221875 0.395833 0.207813 0.437500 0.195312 0.441667 0.192188 0.420833 0.184375 0.420833 0.176563 0.458333 0.103125 0.456250 0.170313 0.481250 0.201563 0.456250 0.220312 0.464583 0.225000 0.435417 0.254688 0.437500 0.268750 0.479167 0.279687 0.458333
8 0.000000 0.414583 0.000000 0.439583 0.014063 0.458333 0.060937 0.460417 0.060937 0.450000 0.073438 0.422917 0.067187 0.402083 0.037500 0.393750 0.010937 0.404167
8 0.300000 0.385417 0.296875 0.385417 0.289062 0.397917 0.285938 0.395833 0.282813 0.397917 0.284375 0.458333 0.289062 0.456250 0.303125 0.458333 0.303125 0.400000
8 0.473438 0.347917 0.448437 0.362500 0.435937 0.414583 0.421875 0.408333 0.410938 0.383333 0.390625 0.379167 0.378125 0.389583 0.375000 0.416667 0.331250 0.439583 0.331250 0.456250 0.459375 0.452083 0.454688 0.441667 0.473438 0.406250
8 0.479687 0.341667 0.478125 0.414583 0.528125 0.414583 0.528125 0.408333 0.532813 0.404167 0.529687 0.395833 0.532813 0.387500 0.531250 0.379167 0.504687 0.347917
8 0.003125 0.306250 0.000000 0.306250 0.000000 0.402083 0.001563 0.395833 0.017188 0.377083 0.015625 0.372917 0.018750 0.366667 0.021875 0.370833 0.028125 0.366667 0.026562 0.350000 0.017188 0.329167 0.017188 0.322917
8 0.639062 0.214583 0.629687 0.233333 0.626563 0.218750 0.610938 0.222917 0.610938 0.247917 0.600000 0.250000 0.607812 0.320833 0.593750 0.310417 0.590625 0.350000 0.546875 0.375000 0.534375 0.412500 0.673438 0.422917 0.654687 0.418750 0.673438 0.402083 0.676562 0.341667 0.665625 0.345833 0.662500 0.262500 0.657813 0.270833 0.653125 0.231250
8 0.667188 0.000000 0.685937 0.093750 0.760938 0.039583 0.815625 0.118750 0.793750 0.193750 0.831250 0.202083 0.893750 0.425000 0.870313 0.622917 0.998437 0.727083 0.998437 0.539583 0.960938 0.629167 0.895312 0.431250 0.998437 0.391667 0.998437 0.000000
9 0.471875 0.416667 0.467187 0.416667 0.467187 0.418750 0.464062 0.422917 0.460938 0.433333 0.456250 0.441667 0.456250 0.450000 0.459375 0.450000 0.460938 0.452083 0.470313 0.452083 0.470313 0.447917 0.471875 0.445833
9 0.478125 0.416667 0.478125 0.452083 0.571875 0.452083 0.575000 0.443750 0.623437 0.450000 0.693750 0.435417 0.693750 0.427083 0.635938 0.418750
10 0.000000 0.000000 0.000000 0.285417 0.195312 0.439583 0.278125 0.393750 0.276562 0.270833 0.282813 0.389583 0.371875 0.277083 0.531250 0.304167 0.556250 0.370833 0.639062 0.212500 0.700000 0.391667 0.729688 0.279167 0.842187 0.266667 0.760938 0.041667 0.685937 0.095833 0.665625 0.000000
13 0.000000 0.441667 0.000000 0.502083 0.009375 0.502083 0.010937 0.497917 0.018750 0.497917 0.020313 0.495833 0.020313 0.472917 0.017188 0.462500
13 0.195312 0.464583 0.195312 0.481250 0.201563 0.477083 0.207813 0.481250 0.220312 0.466667 0.223438 0.497917 0.231250 0.491667 0.251563 0.491667 0.259375 0.497917 0.259375 0.441667 0.225000 0.437500 0.220312 0.466667 0.215625 0.458333 0.201563 0.458333
14 0.729688 0.281250 0.728125 0.306250 0.703125 0.316667 0.698438 0.502083 0.725000 0.508333 0.735938 0.537500 0.751563 0.522917 0.840625 0.518750 0.879687 0.531250 0.892188 0.425000 0.879687 0.418750 0.850000 0.304167 0.771875 0.272917