0 0.000000 0.643750 0.000000 0.997917 0.998437 0.997917 0.998437 0.872917 0.650000 0.631250 0.751563 0.533333 0.346875 0.475000
1 0.651563 0.591667 0.651563 0.631250 0.714063 0.691667 0.998437 0.870833 0.998437 0.691667 0.748437 0.604167 0.759375 0.550000
1 0.393750 0.497917 0.484375 0.529167 0.751563 0.531250 0.720313 0.514583 0.557813 0.525000
1 0.329688 0.477083 0.000000 0.550000 0.000000 0.641667
2 0.426563 0.391667 0.417187 0.389583 0.415625 0.400000 0.407813 0.400000 0.406250 0.414583 0.401562 0.408333 0.398438 0.414583 0.396875 0.410417 0.389062 0.410417 0.389062 0.454167 0.395313 0.456250 0.395313 0.443750 0.404687 0.435417 0.410938 0.435417 0.412500 0.416667 0.421875 0.406250 0.425000 0.414583 0.428125 0.414583
2 0.229687 0.364583 0.232813 0.397917 0.210938 0.433333 0.210938 0.443750 0.217188 0.443750 0.226562 0.422917 0.246875 0.420833 0.265625 0.431250 0.260937 0.456250 0.306250 0.456250 0.314063 0.462500 0.320312 0.447917 0.318750 0.427083 0.309375 0.414583 0.296875 0.410417 0.285938 0.393750 0.273438 0.391667 0.271875 0.379167 0.256250 0.379167 0.253125 0.364583
2 0.431250 0.456250 0.454688 0.452083 0.450000 0.391667 0.467187 0.393750 0.457813 0.454167 0.481250 0.443750 0.503125 0.406250 0.537500 0.443750 0.546875 0.393750 0.573438 0.372917 0.595313 0.375000 0.625000 0.420833 0.645312 0.397917 0.621875 0.339583 0.484375 0.320833 0.475000 0.364583 0.437500 0.364583
2 0.000000 0.291667 0.000000 0.437500 0.200000 0.441667 0.178125 0.393750 0.200000 0.331250 0.043750 0.297917 0.035937 0.270833 0.028125 0.272917 0.037500 0.322917
3 0.982812 0.597917 0.981250 0.631250 0.978125 0.643750 0.979688 0.647917 0.975000 0.654167 0.975000 0.681250 0.998437 0.689583 0.996875 0.604167 0.993750 0.597917 0.989062 0.602083
3 0.870313 0.583333 0.870313 0.633333 0.873437 0.641667 0.875000 0.641667 0.876563 0.637500 0.876563 0.606250 0.879687 0.604167 0.879687 0.597917 0.876563 0.595833 0.875000 0.587500
3 0.871875 0.514583 0.868750 0.514583 0.868750 0.516667 0.865625 0.518750 0.864062 0.522917 0.864062 0.537500 0.865625 0.539583 0.865625 0.543750 0.867188 0.547917 0.870313 0.547917 0.871875 0.541667 0.878125 0.537500 0.878125 0.531250 0.879687 0.529167 0.879687 0.518750 0.873437 0.518750
3 0.265625 0.493750 0.273438 0.493750 0.289062 0.487500 0.301563 0.487500 0.310937 0.483333 0.314063 0.479167 0.310937 0.483333 0.304688 0.483333 0.303125 0.479167 0.298438 0.481250 0.295312 0.477083 0.293750 0.468750 0.290625 0.466667 0.268750 0.464583 0.268750 0.489583
4 0.429688 0.475000 0.429688 0.497917 0.439063 0.500000 0.440625 0.502083 0.450000 0.502083 0.451562 0.506250 0.451562 0.472917 0.435937 0.472917 0.434375 0.475000
4 0.456250 0.472917 0.456250 0.506250 0.460938 0.506250 0.462500 0.491667 0.464062 0.508333 0.556250 0.516667 0.557813 0.475000
4 0.720313 0.508333 0.710938 0.508333 0.709375 0.472917 0.562500 0.475000 0.562500 0.516667 0.703125 0.516667 0.706250 0.497917 0.710938 0.514583
4 0.000000 0.439583 0.000000 0.547917 0.162500 0.518750 0.171875 0.508333 0.168750 0.460417
5 0.923438 0.583333 0.921875 0.637500 0.920312 0.639583 0.921875 0.656250 0.923438 0.656250 0.925000 0.647917 0.931250 0.647917 0.931250 0.620833 0.932813 0.618750 0.932813 0.589583
5 0.567187 0.381250 0.562500 0.383333 0.557813 0.522917 0.560937 0.520833
7 0.450000 0.393750 0.450000 0.406250 0.448437 0.408333 0.448437 0.416667 0.451562 0.416667 0.453125 0.418750 0.465625 0.418750 0.465625 0.393750
8 0.421875 0.408333 0.414062 0.416667 0.412500 0.435417 0.396875 0.443750 0.396875 0.485417 0.403125 0.491667 0.407813 0.491667 0.407813 0.477083 0.410938 0.472917 0.421875 0.470833 0.426563 0.475000 0.428125 0.416667 0.425000 0.416667
8 0.387500 0.418750 0.378125 0.406250 0.353125 0.408333 0.339062 0.425000 0.342187 0.441667 0.318750 0.450000 0.314063 0.464583 0.260937 0.458333 0.264062 0.431250 0.246875 0.422917 0.226562 0.425000 0.218750 0.443750 0.231250 0.445833 0.240625 0.466667 0.240625 0.489583 0.229687 0.495833 0.251563 0.497917 0.267188 0.489583 0.268750 0.462500 0.290625 0.464583 0.304688 0.481250 0.334375 0.464583 0.357812 0.472917 0.367188 0.450000 0.387500 0.450000
8 0.560937 0.385417 0.548438 0.393750 0.537500 0.425000 0.537500 0.445833 0.507812 0.420833 0.503125 0.408333 0.490625 0.416667 0.481250 0.445833 0.457813 0.456250 0.456250 0.470833 0.540625 0.470833 0.546875 0.460417 0.559375 0.460417
8 0.215625 0.318750 0.206250 0.318750 0.179688 0.372917 0.179688 0.393750 0.201563 0.441667 0.209375 0.441667 0.209375 0.433333 0.231250 0.397917 0.231250 0.368750 0.225000 0.360417
8 0.021875 0.241667 0.014063 0.252083 0.014063 0.262500 0.010937 0.264583 0.010937 0.289583 0.015625 0.293750 0.015625 0.304167 0.018750 0.306250 0.021875 0.316667 0.037500 0.320833 0.037500 0.306250 0.031250 0.304167 0.028125 0.297917 0.028125 0.268750
8 0.685937 0.000000 0.628125 0.208333 0.671875 0.204167 0.707812 0.345833 0.626563 0.422917 0.573438 0.375000 0.565625 0.445833 0.714063 0.495833 0.735938 0.381250 0.753125 0.608333 0.973437 0.679167 0.998437 0.000000
10 0.000000 0.000000 0.000000 0.289583 0.021875 0.239583 0.043750 0.295833 0.215625 0.316667 0.321875 0.447917 0.404687 0.412500 0.406250 0.310417 0.409375 0.397917 0.484375 0.318750 0.621875 0.337500 0.646875 0.402083 0.706250 0.345833 0.670312 0.204167 0.626563 0.208333 0.684375 0.000000
13 0.367188 0.452083 0.367188 0.456250 0.359375 0.466667 0.357812 0.491667 0.360938 0.491667 0.364063 0.497917 0.384375 0.495833 0.389062 0.502083 0.392188 0.502083 0.395313 0.487500 0.393750 0.456250 0.389062 0.456250 0.387500 0.452083
13 0.067187 0.441667 0.168750 0.458333 0.171875 0.506250 0.201563 0.495833 0.204687 0.450000 0.207813 0.497917 0.239063 0.489583 0.239063 0.466667 0.226562 0.445833 0.157812 0.452083 0.123438 0.435417
14 0.729688 0.383333 0.720313 0.506250 0.725000 0.518750 0.748437 0.522917 0.754687 0.535417 0.760938 0.495833 0.759375 0.456250 0.751563 0.443750 0.748437 0.402083 0.735938 0.393750 0.735938 0.383333