0 0.932813 0.485417 0.929688 0.485417 0.928125 0.483333 0.921875 0.483333 0.921875 0.489583 0.920312 0.491667 0.920312 0.516667 0.917188 0.518750 0.917188 0.520833 0.920312 0.520833 0.926562 0.516667 0.932813 0.516667 0.932813 0.510417 0.934375 0.508333 0.934375 0.489583
0 0.000000 0.537500 0.000000 0.997917 0.873437 0.997917 0.731250 0.716667 0.740625 0.639583 0.860938 0.533333 0.328125 0.552083 0.170313 0.483333
1 0.745313 0.635417 0.732812 0.716667 0.782813 0.870833 0.875000 0.997917 0.998437 0.997917 0.998437 0.702083 0.953125 0.681250 0.926562 0.637500 0.934375 0.518750 0.862500 0.545833
1 0.214062 0.504167 0.243750 0.537500 0.328125 0.550000 0.698438 0.518750 0.685937 0.502083 0.443750 0.535417 0.282813 0.508333 0.279687 0.531250 0.278125 0.504167 0.223438 0.483333
1 0.148438 0.485417 0.143750 0.479167 0.056250 0.504167 0.000000 0.510417 0.000000 0.535417
2 0.265625 0.370833 0.264062 0.372917 0.265625 0.375000 0.265625 0.397917 0.271875 0.397917 0.276562 0.404167 0.275000 0.445833 0.278125 0.445833 0.279687 0.441667 0.279687 0.385417 0.270313 0.383333 0.268750 0.370833
2 0.693750 0.356250 0.684375 0.381250 0.678125 0.381250 0.673438 0.397917 0.656250 0.400000 0.646875 0.383333 0.639062 0.397917 0.639062 0.404167 0.646875 0.406250 0.643750 0.412500 0.618750 0.418750 0.690625 0.429167
2 0.000000 0.331250 0.000000 0.464583 0.043750 0.464583 0.048438 0.456250 0.084375 0.452083 0.128125 0.464583 0.137500 0.456250 0.139063 0.418750 0.125000 0.402083 0.104688 0.397917 0.082812 0.375000 0.060937 0.372917 0.054688 0.354167 0.021875 0.352083 0.015625 0.333333
2 0.284375 0.439583 0.339062 0.418750 0.353125 0.375000 0.406250 0.412500 0.446875 0.318750 0.481250 0.327083 0.481250 0.343750 0.467187 0.341667 0.510938 0.387500 0.526563 0.368750 0.501563 0.306250 0.335938 0.275000 0.325000 0.341667 0.281250 0.339583 0.300000 0.345833
4 0.000000 0.508333 0.056250 0.502083 0.134375 0.481250 0.125000 0.468750 0.115625 0.481250 0.100000 0.470833 0.098437 0.483333 0.090625 0.487500 0.087500 0.472917 0.076563 0.466667 0.012500 0.462500 0.000000 0.466667
4 0.265625 0.460417 0.265625 0.500000 0.268750 0.502083 0.278125 0.502083 0.278125 0.462500 0.275000 0.460417
4 0.442188 0.456250 0.284375 0.460417 0.284375 0.506250 0.320312 0.518750 0.440625 0.520833
4 0.260937 0.452083 0.254688 0.464583 0.248438 0.464583 0.243750 0.468750 0.245312 0.485417 0.243750 0.487500 0.242188 0.485417 0.242188 0.479167 0.240625 0.491667 0.245312 0.491667 0.250000 0.495833 0.262500 0.500000
4 0.445312 0.520833 0.684375 0.502083 0.689063 0.447917 0.448437 0.456250
4 0.998437 0.372917 0.970313 0.393750 0.971875 0.506250 0.964063 0.572917 0.998437 0.658333
5 0.279687 0.383333 0.281250 0.529167 0.285938 0.385417
5 0.234375 0.264583 0.234375 0.308333 0.226562 0.308333 0.235937 0.318750 0.240625 0.443750 0.239063 0.322917 0.260937 0.341667 0.264062 0.502083 0.262500 0.337500 0.239063 0.314583
7 0.271875 0.341667 0.270313 0.381250 0.295312 0.383333 0.296875 0.381250 0.296875 0.356250 0.298438 0.354167 0.296875 0.352083 0.298438 0.345833 0.296875 0.343750
7 0.450000 0.320833 0.450000 0.329167 0.448437 0.331250 0.450000 0.335417 0.454688 0.335417 0.456250 0.337500 0.467187 0.337500 0.468750 0.339583 0.475000 0.339583 0.476562 0.341667 0.481250 0.341667 0.482812 0.339583 0.482812 0.333333 0.481250 0.329167 0.476562 0.329167 0.470313 0.325000 0.464062 0.325000 0.462500 0.322917 0.454688 0.322917 0.453125 0.320833
8 0.265625 0.400000 0.265625 0.458333 0.275000 0.458333 0.278125 0.460417 0.278125 0.447917 0.273438 0.445833 0.275000 0.404167 0.271875 0.400000
8 0.259375 0.393750 0.251563 0.397917 0.242188 0.422917 0.240625 0.445833 0.237500 0.427083 0.231250 0.439583 0.228125 0.437500 0.229687 0.406250 0.217188 0.393750 0.215625 0.452083 0.225000 0.485417 0.231250 0.485417 0.237500 0.462500 0.242188 0.477083 0.242188 0.468750 0.259375 0.454167
8 0.212500 0.393750 0.181250 0.400000 0.168750 0.437500 0.156250 0.445833 0.146875 0.435417 0.151562 0.425000 0.139063 0.416667 0.140625 0.452083 0.128125 0.466667 0.089063 0.454167 0.045312 0.464583 0.085938 0.468750 0.090625 0.485417 0.100000 0.468750 0.115625 0.479167 0.125000 0.466667 0.142187 0.479167 0.170313 0.460417 0.176563 0.441667 0.214062 0.443750
8 0.443750 0.347917 0.421875 0.358333 0.406250 0.414583 0.365625 0.393750 0.353125 0.377083 0.339062 0.393750 0.339062 0.420833 0.284375 0.441667 0.284375 0.458333 0.420312 0.454167 0.428125 0.422917 0.442188 0.418750
8 0.625000 0.233333 0.610938 0.218750 0.582812 0.229167 0.582812 0.285417 0.570312 0.272917 0.581250 0.325000 0.567187 0.312500 0.562500 0.352083 0.515625 0.389583 0.451562 0.337500 0.453125 0.429167 0.504687 0.454167 0.501563 0.427083 0.643750 0.410417 0.645312 0.327083
8 0.829688 0.000000 0.865625 0.047917 0.839063 0.062500 0.817187 0.162500 0.881250 0.143750 0.867188 0.189583 0.923438 0.370833 0.895312 0.404167 0.935937 0.489583 0.926562 0.631250 0.998437 0.700000 0.962500 0.581250 0.968750 0.393750 0.998437 0.370833 0.998437 0.000000
8 0.690625 0.035417 0.698438 0.037500 0.704688 0.029167 0.707812 0.029167 0.715625 0.022917 0.715625 0.018750 0.720313 0.010417 0.720313 0.004167 0.723437 0.000000 0.693750 0.000000 0.692187 0.006250 0.685937 0.014583 0.685937 0.018750 0.692187 0.031250
9 0.448437 0.422917 0.448437 0.454167 0.489063 0.454167 0.490625 0.452083 0.479687 0.447917 0.473438 0.437500 0.468750 0.441667 0.460938 0.441667
9 0.500000 0.450000 0.546875 0.452083 0.568750 0.443750 0.573438 0.454167 0.617188 0.454167 0.620313 0.445833 0.642188 0.454167 0.689063 0.445833 0.689063 0.431250 0.515625 0.420833 0.503125 0.427083 0.506250 0.441667
9 0.442188 0.420833 0.437500 0.420833 0.435937 0.422917 0.432812 0.420833 0.429688 0.422917 0.429688 0.429167 0.426563 0.431250 0.426563 0.443750 0.421875 0.454167 0.442188 0.454167
10 0.240625 0.322917 0.242188 0.339583 0.240625 0.385417 0.242188 0.395833 0.248438 0.391667 0.248438 0.385417 0.251563 0.381250 0.256250 0.381250 0.259375 0.377083 0.260937 0.366667 0.259375 0.358333 0.260937 0.356250 0.257812 0.337500 0.246875 0.325000
10 0.000000 0.000000 0.000000 0.329167 0.154688 0.443750 0.237500 0.395833 0.234375 0.262500 0.265625 0.368750 0.337500 0.272917 0.532813 0.370833 0.609375 0.216667 0.656250 0.397917 0.756250 0.258333 0.921875 0.381250 0.879687 0.143750 0.815625 0.162500 0.864062 0.047917 0.828125 0.000000
13 0.150000 0.468750 0.150000 0.487500 0.171875 0.483333 0.173437 0.506250 0.178125 0.506250 0.182812 0.497917 0.200000 0.497917 0.207813 0.506250 0.215625 0.502083 0.214062 0.447917 0.209375 0.443750 0.176563 0.443750 0.170313 0.462500
13 0.896875 0.431250 0.893750 0.439583 0.887500 0.441667 0.887500 0.456250 0.882812 0.466667 0.882812 0.531250 0.915625 0.527083 0.915625 0.518750 0.918750 0.516667 0.920312 0.477083 0.915625 0.466667 0.918750 0.460417 0.904687 0.450000 0.906250 0.435417
14 0.726562 0.268750 0.725000 0.297917 0.698438 0.310417 0.690625 0.508333 0.720313 0.518750 0.732812 0.550000 0.746875 0.533333 0.828125 0.554167 0.845313 0.529167 0.876563 0.539583 0.885938 0.441667 0.907813 0.425000 0.893750 0.404167 0.890625 0.331250 0.845313 0.281250 0.804688 0.285417 0.775000 0.260417