0 0.000000 0.850000 0.000000 0.997917 0.998437 0.997917 0.926562 0.791667 0.692187 0.643750 0.648438 0.677083 0.629687 0.562500 0.478125 0.470833
1 0.537500 0.493750 0.535937 0.508333 0.540625 0.514583 0.629687 0.560417 0.634375 0.516667 0.571875 0.508333 0.554688 0.502083 0.551562 0.493750
1 0.450000 0.477083 0.000000 0.633333 0.000000 0.847917
2 0.754687 0.372917 0.737500 0.360417 0.739062 0.333333 0.712500 0.289583 0.703125 0.291667 0.700000 0.310417 0.640625 0.310417 0.632812 0.354167 0.623437 0.350000 0.610938 0.368750 0.612500 0.387500 0.623437 0.400000 0.620313 0.416667 0.631250 0.422917 0.640625 0.410417 0.673438 0.406250 0.704688 0.368750 0.723437 0.366667 0.745313 0.379167
2 0.129688 0.333333 0.207813 0.362500 0.217188 0.400000 0.246875 0.400000 0.243750 0.347917 0.278125 0.318750 0.315625 0.335417 0.315625 0.372917 0.373437 0.414583 0.373437 0.385417 0.340625 0.381250 0.337500 0.312500 0.267188 0.306250 0.243750 0.287500 0.239063 0.302083 0.235937 0.287500 0.225000 0.300000 0.150000 0.291667
3 0.046875 0.604167 0.032813 0.604167 0.028125 0.600000 0.000000 0.602083 0.000000 0.631250 0.007812 0.627083 0.014063 0.627083 0.015625 0.622917 0.028125 0.620833 0.039062 0.612500 0.048438 0.610417
3 0.115625 0.395833 0.115625 0.397917 0.126562 0.406250 0.128125 0.414583 0.135937 0.414583 0.139063 0.418750 0.143750 0.418750 0.151562 0.408333 0.153125 0.408333 0.153125 0.406250 0.150000 0.404167 0.143750 0.404167 0.142187 0.400000 0.129688 0.400000 0.128125 0.397917
4 0.557813 0.462500 0.556250 0.466667 0.556250 0.497917 0.560937 0.502083 0.570312 0.502083 0.571875 0.506250 0.589063 0.508333 0.587500 0.502083 0.587500 0.462500 0.585938 0.460417
4 0.000000 0.600000 0.043750 0.616667 0.231250 0.550000 0.251563 0.508333 0.264062 0.537500 0.439063 0.462500 0.321875 0.395833 0.256250 0.404167 0.253125 0.427083 0.000000 0.397917
8 0.314063 0.414583 0.290625 0.416667 0.285938 0.425000 0.285938 0.429167 0.287500 0.431250 0.284375 0.435417 0.293750 0.435417 0.295312 0.431250 0.298438 0.431250 0.300000 0.429167 0.304688 0.429167 0.315625 0.435417
8 0.746875 0.381250 0.618750 0.416667 0.625000 0.306250 0.659375 0.297917 0.664062 0.229167 0.637500 0.143750 0.579688 0.141667 0.525000 0.181250 0.531250 0.270833 0.490625 0.406250 0.434375 0.270833 0.373437 0.412500 0.440625 0.475000 0.528125 0.452083 0.537500 0.491667 0.554688 0.420833 0.592187 0.510417 0.634375 0.514583 0.648438 0.454167
8 0.000000 0.031250 0.000000 0.395833 0.357812 0.410417 0.278125 0.320833 0.229687 0.406250 0.201563 0.360417 0.034375 0.287500 0.054688 0.239583 0.028125 0.237500 0.045312 0.202083 0.025000 0.200000 0.032813 0.112500 0.014063 0.116667
8 0.714063 0.077083 0.745313 0.091667 0.760938 0.141667 0.734375 0.120833 0.742188 0.229167 0.718750 0.218750 0.742188 0.268750 0.726562 0.297917 0.748437 0.370833 0.865625 0.272917 0.998437 0.214583 0.998437 0.000000 0.760938 0.000000 0.759375 0.029167 0.729688 0.031250 0.740625 0.068750
10 0.637500 0.306250 0.626563 0.306250 0.628125 0.308333 0.628125 0.325000 0.626563 0.329167 0.634375 0.333333 0.631250 0.343750 0.626563 0.347917 0.623437 0.347917 0.629687 0.354167 0.631250 0.354167 0.634375 0.345833 0.634375 0.337500 0.637500 0.335417 0.637500 0.327083 0.639062 0.325000 0.639062 0.310417
10 0.000000 0.000000 0.034375 0.285417 0.100000 0.325000 0.243750 0.285417 0.373437 0.383333 0.434375 0.268750 0.487500 0.406250 0.523438 0.181250 0.639062 0.143750 0.653125 0.308333 0.739062 0.291667 0.759375 0.141667 0.712500 0.077083 0.759375 0.000000
13 0.479687 0.456250 0.476562 0.468750 0.481250 0.472917 0.482812 0.489583 0.490625 0.489583 0.493750 0.502083 0.514062 0.497917 0.521875 0.500000 0.525000 0.506250 0.535937 0.506250 0.535937 0.470833 0.528125 0.454167 0.503125 0.452083 0.500000 0.456250
13 0.996875 0.216667 0.840625 0.291667 0.648438 0.456250 0.629687 0.575000 0.648438 0.675000 0.692187 0.641667 0.926562 0.789583 0.998437 0.991667