0 0.998437 0.731250 0.864062 0.670833 0.795312 0.727083 0.731250 0.547917 0.665625 0.587500 0.545312 0.447917 0.000000 0.939583 0.000000 0.997917 0.998437 0.997917
1 0.520312 0.456250 0.000000 0.708333 0.000000 0.937500
2 0.250000 0.372917 0.343750 0.395833 0.356250 0.356250 0.401562 0.352083 0.401562 0.385417 0.431250 0.391667 0.440625 0.412500 0.451562 0.412500 0.451562 0.381250 0.418750 0.381250 0.415625 0.322917 0.343750 0.327083 0.334375 0.316667 0.332813 0.327083 0.325000 0.316667 0.320312 0.331250 0.264062 0.331250
2 0.701562 0.277083 0.698438 0.279167 0.698438 0.293750 0.695312 0.295833 0.693750 0.310417 0.690625 0.314583 0.681250 0.310417 0.675000 0.318750 0.670312 0.335417 0.665625 0.337500 0.662500 0.350000 0.696875 0.327083 0.704688 0.327083 0.700000 0.306250 0.707812 0.300000 0.707812 0.287500
2 0.750000 0.114583 0.754687 0.122917 0.857812 0.116667 0.864062 0.083333 0.881250 0.068750 0.903125 0.027083 0.879687 0.000000 0.753125 0.000000
4 0.510938 0.447917 0.420312 0.408333 0.356250 0.447917 0.000000 0.414583 0.000000 0.706250
8 0.000000 0.185417 0.000000 0.412500 0.345313 0.445833 0.439063 0.412500 0.401562 0.354167 0.334375 0.397917 0.187500 0.347917 0.178125 0.210417 0.121875 0.095833 0.065625 0.091667 0.050000 0.133333 0.075000 0.252083
8 0.857812 0.118750 0.754687 0.125000 0.726562 0.039583 0.695312 0.141667 0.631250 0.129167 0.578125 0.168750 0.562500 0.381250 0.537500 0.391667 0.498437 0.266667 0.453125 0.414583 0.512500 0.454167 0.584375 0.425000 0.603125 0.460417 0.685937 0.270833 0.714063 0.337500 0.800000 0.329167
10 0.679688 0.275000 0.678125 0.277083 0.679688 0.279167 0.679688 0.291667 0.678125 0.295833 0.679688 0.297917 0.684375 0.297917 0.685937 0.300000 0.685937 0.304167 0.682813 0.306250 0.682813 0.308333 0.687500 0.312500 0.690625 0.312500 0.693750 0.304167 0.693750 0.295833 0.696875 0.293750 0.696875 0.275000 0.695312 0.275000 0.693750 0.279167 0.685937 0.272917 0.684375 0.275000
10 0.000000 0.183333 0.075000 0.250000 0.048438 0.133333 0.121875 0.093750 0.204687 0.360417 0.342187 0.314583 0.453125 0.379167 0.498437 0.264583 0.540625 0.391667 0.576562 0.168750 0.695312 0.139583 0.726562 0.037500 0.746875 0.110417 0.751563 0.000000 0.000000 0.000000
13 0.554688 0.427083 0.546875 0.445833 0.550000 0.462500 0.554688 0.464583 0.557813 0.472917 0.560937 0.472917 0.564063 0.466667 0.582812 0.466667 0.584375 0.472917 0.590625 0.472917 0.590625 0.441667 0.584375 0.427083
13 0.795312 0.329167 0.696875 0.329167 0.662500 0.352083 0.626563 0.418750 0.610938 0.420833 0.609375 0.539583 0.621875 0.541667 0.628125 0.518750 0.653125 0.529167 0.670312 0.587500 0.690625 0.579167 0.700000 0.545833 0.731250 0.545833 0.740625 0.568750 0.746875 0.416667
14 0.881250 0.000000 0.904687 0.033333 0.865625 0.083333 0.804688 0.320833 0.748437 0.416667 0.742188 0.583333 0.795312 0.725000 0.840625 0.727083 0.864062 0.668750 0.998437 0.729167 0.998437 0.000000