0 0.000000 0.820833 0.000000 0.997917 0.998437 0.997917 0.996875 0.875000 0.895312 0.814583 0.803125 0.852083 0.731250 0.629167 0.464062 0.470833
1 0.531250 0.500000 0.531250 0.512500 0.734375 0.625000 0.737500 0.572917 0.665625 0.550000 0.653125 0.527083
1 0.440625 0.477083 0.000000 0.620833 0.000000 0.818750
2 0.690625 0.443750 0.690625 0.456250 0.787500 0.452083 0.785937 0.447917 0.775000 0.452083 0.734375 0.452083 0.723437 0.443750 0.715625 0.447917 0.709375 0.445833 0.703125 0.435417
2 0.776563 0.414583 0.771875 0.406250 0.751563 0.406250 0.746875 0.410417 0.728125 0.412500 0.718750 0.418750 0.723437 0.418750 0.725000 0.414583 0.746875 0.414583 0.754687 0.422917 0.770312 0.422917 0.776563 0.418750
2 0.100000 0.312500 0.134375 0.339583 0.140625 0.387500 0.221875 0.389583 0.214062 0.358333 0.231250 0.314583 0.290625 0.318750 0.293750 0.362500 0.356250 0.408333 0.357812 0.379167 0.323437 0.375000 0.321875 0.302083 0.229687 0.289583 0.212500 0.270833 0.201563 0.283333 0.121875 0.272917
2 0.801562 0.218750 0.785937 0.208333 0.737500 0.312500 0.720313 0.314583 0.712500 0.289583 0.698438 0.310417 0.637500 0.308333 0.628125 0.354167 0.604688 0.368750 0.609375 0.416667 0.626563 0.431250 0.651563 0.406250 0.682813 0.412500 0.701562 0.372917 0.775000 0.381250 0.787500 0.410417 0.817187 0.410417 0.817187 0.360417 0.800000 0.329167 0.812500 0.306250 0.795312 0.302083 0.790625 0.266667 0.810937 0.258333
3 0.000000 0.581250 0.000000 0.618750 0.004687 0.618750 0.006250 0.616667 0.009375 0.616667 0.009375 0.614583 0.012500 0.612500 0.012500 0.597917 0.014063 0.595833 0.014063 0.591667 0.007812 0.591667 0.006250 0.587500 0.004687 0.587500 0.003125 0.583333
3 0.121875 0.552083 0.107813 0.552083 0.062500 0.566667 0.060937 0.570833 0.039062 0.572917 0.026562 0.581250 0.026562 0.585417 0.042188 0.600000 0.056250 0.600000 0.068750 0.591667 0.060937 0.581250 0.073438 0.570833 0.112500 0.564583
3 0.787500 0.458333 0.721875 0.460417 0.712500 0.489583 0.690625 0.462500 0.682813 0.466667 0.678125 0.514583 0.670312 0.506250 0.676562 0.468750 0.667188 0.462500 0.664062 0.545833 0.737500 0.570833 0.756250 0.508333 0.787500 0.477083
3 0.189062 0.400000 0.164062 0.400000 0.178125 0.414583 0.182812 0.502083 0.179688 0.537500 0.173437 0.545833 0.164062 0.543750 0.162500 0.560417 0.181250 0.554167 0.190625 0.533333 0.187500 0.447917 0.181250 0.441667 0.193750 0.406250
4 0.554688 0.462500 0.553125 0.468750 0.554688 0.506250 0.564063 0.506250 0.589063 0.516667 0.589063 0.464583 0.587500 0.462500
4 0.937500 0.395833 0.714063 0.420833 0.700000 0.435417 0.789062 0.452083 0.667188 0.458333 0.678125 0.468750 0.671875 0.506250 0.690625 0.460417 0.710938 0.487500 0.721875 0.458333 0.787500 0.456250 0.796875 0.477083 0.904687 0.439583
4 0.426563 0.460417 0.395313 0.456250 0.381250 0.425000 0.300000 0.385417 0.203125 0.389583 0.239063 0.397917 0.217188 0.400000 0.210938 0.418750 0.195312 0.406250 0.182812 0.431250 0.192188 0.508333 0.184375 0.552083 0.415625 0.481250
4 0.000000 0.387500 0.000000 0.579167 0.014063 0.612500 0.051562 0.602083 0.025000 0.585417 0.039062 0.570833 0.123438 0.552083 0.073438 0.572917 0.059375 0.600000 0.160938 0.564583 0.178125 0.537500 0.176563 0.414583 0.162500 0.402083
8 0.232813 0.404167 0.235937 0.408333 0.231250 0.414583 0.237500 0.422917 0.253125 0.425000 0.256250 0.420833 0.267188 0.418750 0.282813 0.427083 0.281250 0.400000 0.253125 0.400000 0.246875 0.406250
8 0.176563 0.395833 0.189062 0.397917 0.190625 0.402083 0.196875 0.404167 0.198437 0.408333 0.195312 0.410417 0.198437 0.416667 0.210938 0.416667 0.209375 0.408333 0.217188 0.397917 0.237500 0.397917 0.201563 0.391667
8 0.221875 0.327083 0.215625 0.366667 0.223438 0.389583 0.281250 0.393750 0.285938 0.379167 0.339062 0.402083 0.332813 0.385417 0.318750 0.383333 0.292187 0.362500 0.298438 0.335417 0.290625 0.320833 0.246875 0.310417
8 0.000000 0.260417 0.000000 0.360417 0.012500 0.368750 0.006250 0.383333 0.125000 0.402083 0.170313 0.397917 0.139063 0.387500 0.134375 0.343750 0.118750 0.322917 0.006250 0.268750 0.010937 0.250000
8 0.787500 0.397917 0.723437 0.370833 0.607812 0.416667 0.664062 0.222917 0.634375 0.131250 0.521875 0.160417 0.478125 0.408333 0.423438 0.264583 0.357812 0.385417 0.428125 0.475000 0.525000 0.452083 0.546875 0.497917 0.553125 0.412500 0.590625 0.516667 0.642188 0.525000 0.667188 0.456250
8 0.815625 0.000000 0.839063 0.062500 0.825000 0.081250 0.804688 0.035417 0.818750 0.175000 0.784375 0.164583 0.812500 0.250000 0.792188 0.266667 0.814063 0.306250 0.801562 0.329167 0.818750 0.406250 0.989062 0.377083 0.998437 0.000000
10 0.631250 0.300000 0.625000 0.300000 0.625000 0.322917 0.623437 0.325000 0.631250 0.331250 0.625000 0.343750 0.620313 0.343750 0.620313 0.350000 0.625000 0.356250 0.631250 0.341667 0.631250 0.333333 0.635938 0.320833 0.635938 0.308333 0.637500 0.304167
10 0.000000 0.258333 0.321875 0.300000 0.346875 0.377083 0.423438 0.262500 0.478125 0.406250 0.543750 0.135417 0.634375 0.129167 0.648438 0.308333 0.729688 0.314583 0.782813 0.158333 0.817187 0.175000 0.803125 0.035417 0.837500 0.062500 0.814063 0.000000 0.000000 0.000000
13 0.665625 0.472917 0.662500 0.472917 0.654687 0.481250 0.654687 0.487500 0.646875 0.504167 0.646875 0.510417 0.653125 0.520833 0.656250 0.537500 0.662500 0.543750 0.664062 0.541667 0.664062 0.512500 0.665625 0.510417
13 0.464062 0.464583 0.471875 0.475000 0.470313 0.485417 0.473438 0.491667 0.482812 0.489583 0.487500 0.506250 0.493750 0.506250 0.495312 0.502083 0.515625 0.502083 0.520312 0.510417 0.529687 0.512500 0.532813 0.483333 0.529687 0.481250 0.529687 0.464583 0.525000 0.454167 0.496875 0.452083 0.482812 0.456250 0.475000 0.450000
13 0.998437 0.368750 0.921875 0.406250 0.904687 0.441667 0.757812 0.508333 0.734375 0.660417 0.760938 0.789583 0.803125 0.850000 0.854688 0.858333 0.910937 0.814583 0.998437 0.877083