0 0.000000 0.820833 0.000000 0.997917 0.998437 0.997917 0.995313 0.864583 0.870313 0.781250 0.785937 0.831250 0.720313 0.622917 0.467187 0.470833
1 0.534375 0.497917 0.534375 0.514583 0.721875 0.622917 0.725000 0.566667 0.665625 0.550000 0.653125 0.527083 0.589063 0.518750
1 0.442188 0.477083 0.000000 0.620833 0.000000 0.818750
2 0.782813 0.452083 0.770312 0.429167 0.773438 0.416667 0.768750 0.408333 0.717187 0.420833 0.765625 0.425000 0.765625 0.447917 0.742188 0.452083 0.729688 0.441667 0.709375 0.445833 0.704688 0.437500 0.689063 0.445833 0.689063 0.456250
2 0.104688 0.314583 0.137500 0.333333 0.150000 0.379167 0.170313 0.393750 0.223438 0.391667 0.223438 0.331250 0.253125 0.306250 0.292187 0.318750 0.304688 0.350000 0.296875 0.364583 0.360938 0.410417 0.360938 0.381250 0.326562 0.377083 0.323437 0.302083 0.234375 0.291667 0.223438 0.275000 0.218750 0.287500 0.215625 0.272917 0.206250 0.285417 0.126562 0.275000
2 0.807813 0.233333 0.781250 0.218750 0.732812 0.316667 0.714063 0.291667 0.700000 0.312500 0.640625 0.308333 0.629687 0.356250 0.607812 0.368750 0.612500 0.418750 0.625000 0.431250 0.651563 0.408333 0.684375 0.412500 0.703125 0.375000 0.775000 0.381250 0.792188 0.412500 0.815625 0.410417 0.814063 0.379167 0.803125 0.377083 0.810937 0.362500 0.790625 0.331250 0.809375 0.314583 0.789062 0.283333 0.806250 0.266667
3 0.782813 0.458333 0.667188 0.462500 0.664062 0.545833 0.726562 0.564583 0.743750 0.504167 0.765625 0.479167 0.782813 0.475000
3 0.189062 0.400000 0.175000 0.404167 0.187500 0.410417 0.193750 0.529167 0.176563 0.558333 0.192188 0.550000 0.196875 0.520833 0.195312 0.441667 0.203125 0.406250
3 0.000000 0.362500 0.000000 0.560417 0.015625 0.575000 0.018750 0.439583 0.014063 0.395833 0.029687 0.375000
4 0.556250 0.464583 0.554688 0.466667 0.554688 0.506250 0.565625 0.506250 0.590625 0.516667 0.590625 0.466667 0.587500 0.462500
4 0.767188 0.433333 0.765625 0.427083 0.759375 0.431250 0.757812 0.427083 0.745313 0.429167 0.734375 0.422917 0.710938 0.425000 0.700000 0.437500 0.704688 0.435417 0.709375 0.443750 0.715625 0.443750 0.717187 0.439583 0.729688 0.439583 0.740625 0.445833 0.742188 0.450000 0.751563 0.450000 0.753125 0.445833 0.765625 0.445833
4 0.910937 0.400000 0.789062 0.412500 0.776563 0.431250 0.784375 0.452083 0.776563 0.456250 0.782813 0.456250 0.785937 0.472917 0.815625 0.458333 0.876563 0.439583 0.889062 0.408333
4 0.020313 0.385417 0.020313 0.564583 0.014063 0.577083 0.000000 0.562500 0.000000 0.618750 0.178125 0.560417 0.192188 0.529167 0.185938 0.410417
4 0.428125 0.460417 0.395313 0.456250 0.382812 0.425000 0.292187 0.383333 0.287500 0.397917 0.242188 0.395833 0.287500 0.402083 0.287500 0.435417 0.242188 0.427083 0.239063 0.408333 0.218750 0.425000 0.204687 0.406250 0.193750 0.550000 0.418750 0.481250
8 0.000000 0.264583 0.000000 0.360417 0.026562 0.389583 0.189062 0.397917 0.218750 0.422917 0.239063 0.406250 0.285938 0.433333 0.287500 0.404167 0.240625 0.395833 0.292187 0.381250 0.342187 0.402083 0.295312 0.364583 0.300000 0.327083 0.256250 0.308333 0.226562 0.327083 0.223438 0.393750 0.164062 0.393750 0.129688 0.329167 0.039062 0.291667 0.017188 0.254167
8 0.787500 0.400000 0.723437 0.370833 0.610938 0.418750 0.665625 0.222917 0.637500 0.133333 0.523438 0.162500 0.482812 0.406250 0.426563 0.266667 0.359375 0.406250 0.429688 0.475000 0.543750 0.429167 0.534375 0.495833 0.553125 0.429167 0.592187 0.516667 0.651563 0.525000 0.667188 0.456250
8 0.773438 0.000000 0.809375 0.008333 0.832812 0.070833 0.820312 0.091667 0.800000 0.045833 0.814063 0.177083 0.781250 0.204167 0.809375 0.233333 0.790625 0.283333 0.810937 0.314583 0.792188 0.331250 0.815625 0.408333 0.939063 0.391667 0.996875 0.345833 0.998437 0.000000
10 0.626563 0.300000 0.625000 0.306250 0.628125 0.320833 0.625000 0.325000 0.625000 0.329167 0.631250 0.331250 0.632812 0.335417 0.626563 0.345833 0.621875 0.345833 0.623437 0.354167 0.628125 0.356250 0.634375 0.337500 0.634375 0.331250 0.637500 0.329167 0.637500 0.310417 0.639062 0.308333 0.635938 0.302083
10 0.000000 0.262500 0.323437 0.300000 0.351562 0.379167 0.426563 0.264583 0.478125 0.408333 0.545312 0.137500 0.637500 0.131250 0.648438 0.308333 0.732812 0.314583 0.812500 0.177083 0.798438 0.045833 0.831250 0.070833 0.771875 0.000000 0.000000 0.000000
13 0.665625 0.472917 0.654687 0.481250 0.654687 0.487500 0.648438 0.500000 0.648438 0.512500 0.653125 0.518750 0.656250 0.537500 0.662500 0.541667 0.664062 0.504167 0.665625 0.502083
13 0.468750 0.458333 0.465625 0.468750 0.473438 0.472917 0.471875 0.483333 0.475000 0.491667 0.485938 0.491667 0.489063 0.506250 0.517188 0.502083 0.521875 0.510417 0.532813 0.510417 0.532813 0.464583 0.526563 0.454167 0.498437 0.452083 0.495312 0.456250 0.484375 0.456250 0.475000 0.452083
13 0.998437 0.343750 0.889062 0.410417 0.873437 0.443750 0.745313 0.504167 0.725000 0.668750 0.750000 0.783333 0.785937 0.829167 0.834375 0.831250 0.870313 0.779167 0.998437 0.866667