0 0.998437 0.718750 0.785937 0.608333 0.740625 0.656250 0.701562 0.529167 0.659375 0.562500 0.610938 0.447917 0.562500 0.441667 0.007812 0.939583 0.000000 0.997917 0.998437 0.997917
1 0.543750 0.450000 0.000000 0.720833 0.000000 0.945833
2 0.279687 0.368750 0.281250 0.381250 0.368750 0.395833 0.375000 0.360417 0.423438 0.350000 0.423438 0.387500 0.451562 0.387500 0.462500 0.410417 0.473438 0.410417 0.473438 0.379167 0.439063 0.377083 0.435937 0.322917 0.350000 0.318750 0.346875 0.331250 0.295312 0.333333
2 0.701562 0.302083 0.695312 0.308333 0.693750 0.316667 0.689063 0.325000 0.685937 0.327083 0.685937 0.333333 0.695312 0.331250 0.700000 0.339583 0.712500 0.337500 0.712500 0.331250 0.715625 0.329167 0.715625 0.322917 0.712500 0.325000 0.707812 0.316667 0.707812 0.302083
2 0.712500 0.000000 0.703125 0.083333 0.703125 0.181250 0.751563 0.177083 0.737500 0.175000 0.734375 0.162500 0.709375 0.164583 0.717187 0.016667 0.728125 0.002083
4 0.532813 0.447917 0.443750 0.406250 0.390625 0.418750 0.393750 0.441667 0.000000 0.445833 0.000000 0.718750
8 0.000000 0.222917 0.000000 0.443750 0.393750 0.439583 0.460938 0.408333 0.421875 0.387500 0.423438 0.352083 0.375000 0.362500 0.368750 0.397917 0.235937 0.366667 0.204687 0.197917 0.157812 0.116667 0.092188 0.154167 0.110937 0.250000
8 0.775000 0.177083 0.704688 0.185417 0.696875 0.108333 0.621875 0.135417 0.587500 0.197917 0.604688 0.256250 0.576562 0.312500 0.584375 0.372917 0.559375 0.387500 0.515625 0.262500 0.471875 0.404167 0.534375 0.450000 0.600000 0.416667 0.610938 0.445833 0.701562 0.300000 0.714063 0.337500 0.740625 0.335417
10 0.000000 0.220833 0.110937 0.247917 0.090625 0.154167 0.157812 0.114583 0.235937 0.364583 0.364063 0.316667 0.473438 0.377083 0.518750 0.260417 0.560937 0.387500 0.592187 0.166667 0.701562 0.114583 0.710938 0.000000 0.000000 0.000000
13 0.603125 0.418750 0.578125 0.420833 0.570312 0.427083 0.567187 0.437500 0.570312 0.450000 0.568750 0.452083 0.576562 0.466667 0.579688 0.466667 0.581250 0.460417 0.600000 0.458333 0.603125 0.464583 0.609375 0.462500 0.609375 0.431250
13 0.737500 0.329167 0.667188 0.345833 0.631250 0.412500 0.615625 0.414583 0.615625 0.520833 0.628125 0.525000 0.634375 0.502083 0.646875 0.508333 0.659375 0.560417 0.678125 0.560417 0.687500 0.529167 0.701562 0.527083 0.707812 0.543750 0.707812 0.420833
14 0.729688 0.000000 0.710938 0.164583 0.776563 0.185417 0.709375 0.420833 0.718750 0.622917 0.754687 0.658333 0.785937 0.606250 0.998437 0.716667 0.998437 0.000000