0 0.000000 0.854167 0.000000 0.997917 0.998437 0.997917 0.998437 0.945833 0.882812 0.877083 0.832812 0.720833 0.675000 0.625000 0.632812 0.656250 0.615625 0.552083 0.479687 0.470833
1 0.539062 0.493750 0.537500 0.506250 0.546875 0.516667 0.603125 0.543750 0.604688 0.547917 0.617188 0.547917 0.620313 0.512500 0.576562 0.508333 0.575000 0.504167 0.556250 0.500000 0.553125 0.493750
1 0.451562 0.479167 0.000000 0.639583 0.000000 0.852083
2 0.139063 0.333333 0.223438 0.372917 0.239063 0.410417 0.254688 0.404167 0.254688 0.343750 0.282813 0.320833 0.323437 0.343750 0.318750 0.377083 0.378125 0.418750 0.376563 0.387500 0.343750 0.383333 0.342187 0.316667 0.257812 0.308333 0.253125 0.291667 0.243750 0.306250 0.232813 0.291667 0.231250 0.304167 0.157812 0.297917
2 0.720313 0.293750 0.703125 0.291667 0.700000 0.310417 0.643750 0.310417 0.635938 0.352083 0.623437 0.352083 0.610938 0.368750 0.612500 0.383333 0.623437 0.395833 0.620313 0.418750 0.635938 0.422917 0.643750 0.410417 0.668750 0.410417 0.682813 0.385417 0.714063 0.366667 0.717187 0.352083 0.732812 0.339583 0.717187 0.325000
3 0.246875 0.422917 0.246875 0.425000 0.251563 0.425000 0.257812 0.435417 0.257812 0.458333 0.260937 0.460417 0.264062 0.477083 0.264062 0.441667 0.268750 0.431250 0.268750 0.427083 0.262500 0.422917
3 0.137500 0.406250 0.139063 0.412500 0.146875 0.414583 0.154688 0.425000 0.156250 0.435417 0.162500 0.433333 0.167187 0.437500 0.170313 0.433333 0.170313 0.425000 0.176563 0.418750 0.176563 0.412500 0.168750 0.410417 0.167187 0.406250 0.154688 0.406250 0.153125 0.404167
4 0.557813 0.464583 0.557813 0.497917 0.565625 0.502083 0.575000 0.502083 0.576562 0.506250 0.590625 0.506250 0.589063 0.502083 0.589063 0.475000 0.585938 0.458333 0.565625 0.458333
4 0.000000 0.637500 0.260937 0.543750 0.260937 0.502083 0.270313 0.539583 0.442188 0.464583 0.328125 0.400000 0.264062 0.410417 0.264062 0.479167 0.245312 0.422917 0.165625 0.439583 0.137500 0.412500 0.000000 0.400000
8 0.323437 0.425000 0.320312 0.418750 0.285938 0.420833 0.284375 0.425000 0.271875 0.422917 0.271875 0.435417 0.278125 0.435417 0.279687 0.439583 0.301563 0.439583 0.303125 0.435417 0.307812 0.433333 0.321875 0.437500
8 0.000000 0.012500 0.003125 0.402083 0.364063 0.414583 0.282813 0.322917 0.237500 0.412500 0.212500 0.366667 0.040625 0.295833 0.065625 0.245833 0.037500 0.247917 0.043750 0.125000 0.025000 0.131250 0.034375 0.093750 0.014063 0.100000
8 0.998437 0.000000 0.740625 0.006250 0.704688 0.093750 0.748437 0.150000 0.734375 0.339583 0.668750 0.412500 0.609375 0.370833 0.660937 0.295833 0.645312 0.166667 0.529687 0.175000 0.496875 0.404167 0.435937 0.275000 0.378125 0.416667 0.539062 0.491667 0.556250 0.429167 0.620313 0.510417 0.789062 0.310417 0.998437 0.216667
10 0.637500 0.306250 0.628125 0.306250 0.628125 0.331250 0.632812 0.331250 0.634375 0.333333 0.632812 0.341667 0.626563 0.347917 0.626563 0.350000 0.631250 0.354167 0.634375 0.352083 0.634375 0.343750 0.639062 0.333333 0.639062 0.325000 0.642188 0.316667 0.642188 0.310417
10 0.000000 0.000000 0.067187 0.245833 0.040625 0.293750 0.131250 0.341667 0.253125 0.289583 0.378125 0.385417 0.437500 0.272917 0.489063 0.408333 0.528125 0.175000 0.639062 0.145833 0.653125 0.308333 0.731250 0.302083 0.746875 0.150000 0.703125 0.093750 0.756250 0.000000
13 0.482812 0.456250 0.479687 0.468750 0.484375 0.472917 0.484375 0.487500 0.492188 0.487500 0.498437 0.502083 0.506250 0.497917 0.520312 0.497917 0.528125 0.506250 0.535937 0.506250 0.537500 0.477083 0.532813 0.456250 0.520312 0.452083 0.506250 0.452083 0.501563 0.456250 0.487500 0.452083
13 0.998437 0.218750 0.789062 0.312500 0.659375 0.435417 0.617188 0.550000 0.632812 0.654167 0.675000 0.622917 0.832812 0.718750 0.884375 0.877083 0.968750 0.950000 0.998437 0.943750