0 0.000000 0.800000 0.000000 0.997917 0.998437 0.997917 0.920312 0.754167 0.453125 0.470833
1 0.529687 0.504167 0.559375 0.543750 0.920312 0.752083 0.926562 0.656250
1 0.429688 0.479167 0.139063 0.550000 0.000000 0.610417 0.000000 0.797917
2 0.539062 0.431250 0.528125 0.431250 0.528125 0.439583 0.523438 0.447917 0.523438 0.456250 0.521875 0.458333 0.525000 0.466667 0.528125 0.464583 0.528125 0.460417 0.531250 0.456250 0.537500 0.456250 0.540625 0.452083 0.543750 0.443750 0.543750 0.439583 0.542188 0.435417 0.539062 0.433333
2 0.054688 0.322917 0.060937 0.362500 0.198437 0.377083 0.201563 0.312500 0.235937 0.293750 0.281250 0.316667 0.279687 0.358333 0.343750 0.397917 0.332813 0.364583 0.309375 0.368750 0.309375 0.295833 0.214062 0.279167 0.209375 0.262500 0.198437 0.275000 0.193750 0.258333 0.184375 0.270833 0.095312 0.258333
2 0.884375 0.225000 0.807813 0.200000 0.737500 0.320833 0.704688 0.295833 0.693750 0.318750 0.632812 0.312500 0.604688 0.422917 0.687500 0.416667 0.739062 0.372917 0.796875 0.412500 0.729688 0.420833 0.706250 0.466667 0.828125 0.466667 0.790625 0.447917 0.879687 0.414583 0.860938 0.314583 0.882812 0.285417 0.857812 0.254167
3 0.131250 0.383333 0.092188 0.379167 0.104688 0.400000 0.107813 0.541667 0.006250 0.566667 0.000000 0.589583 0.051562 0.570833 0.092188 0.577083 0.128125 0.558333
4 0.092188 0.579167 0.068750 0.581250 0.062500 0.579167 0.060937 0.572917 0.051562 0.572917 0.050000 0.577083 0.014063 0.583333 0.006250 0.591667 0.000000 0.591667 0.000000 0.608333
4 0.551562 0.468750 0.546875 0.510417 0.587500 0.525000 0.589063 0.468750
4 0.998437 0.404167 0.846875 0.414583 0.839063 0.435417 0.792188 0.447917 0.828125 0.468750 0.682813 0.468750 0.679688 0.564583 0.926562 0.654167 0.968750 0.547917 0.998437 0.520833
4 0.000000 0.370833 0.000000 0.568750 0.101562 0.547917 0.107813 0.535417 0.107813 0.441667 0.100000 0.393750 0.090625 0.381250
4 0.412500 0.437500 0.256250 0.364583 0.254688 0.385417 0.132812 0.383333 0.129688 0.558333 0.412500 0.481250 0.403125 0.447917
8 0.253125 0.418750 0.253125 0.389583 0.251563 0.389583 0.250000 0.393750 0.245312 0.393750 0.243750 0.395833 0.232813 0.395833 0.228125 0.391667 0.223438 0.391667 0.220312 0.395833 0.223438 0.402083 0.226562 0.404167 0.225000 0.406250 0.226562 0.408333 0.228125 0.406250 0.232813 0.406250
8 0.196875 0.322917 0.192188 0.352083 0.200000 0.377083 0.254688 0.383333 0.256250 0.362500 0.325000 0.397917 0.320312 0.383333 0.275000 0.354167 0.281250 0.341667 0.275000 0.312500 0.265625 0.318750 0.246875 0.300000 0.226562 0.295833
8 0.000000 0.264583 0.000000 0.368750 0.089063 0.383333 0.090625 0.372917 0.056250 0.358333 0.051562 0.310417 0.043750 0.291667
8 0.795312 0.412500 0.726562 0.375000 0.603125 0.422917 0.664062 0.227083 0.634375 0.129167 0.515625 0.160417 0.470313 0.410417 0.415625 0.262500 0.339062 0.404167 0.434375 0.477083 0.489063 0.454167 0.495312 0.395833 0.496875 0.454167 0.545312 0.439583 0.529687 0.502083 0.548438 0.429167 0.589063 0.527083 0.646875 0.537500 0.729688 0.418750
8 0.881250 0.000000 0.887500 0.037500 0.860938 0.068750 0.878125 0.077083 0.890625 0.131250 0.848437 0.170833 0.882812 0.197917 0.885938 0.231250 0.859375 0.254167 0.867188 0.287500 0.884375 0.285417 0.862500 0.314583 0.884375 0.358333 0.881250 0.414583 0.998437 0.402083 0.998437 0.000000 0.917188 0.000000 0.907813 0.020833
10 0.000000 0.000000 0.000000 0.262500 0.054688 0.320833 0.193750 0.256250 0.309375 0.293750 0.345313 0.375000 0.415625 0.260417 0.450000 0.410417 0.540625 0.129167 0.634375 0.127083 0.639062 0.310417 0.717187 0.320833 0.793750 0.206250 0.879687 0.204167 0.846875 0.170833 0.889062 0.131250 0.879687 0.000000
13 0.998437 0.522917 0.970313 0.547917 0.929688 0.643750 0.920312 0.741667 0.957812 0.904167 0.987500 0.916667 0.998437 0.991667
13 0.681250 0.477083 0.665625 0.489583 0.659375 0.510417 0.656250 0.512500 0.656250 0.537500 0.664062 0.545833 0.671875 0.560417 0.678125 0.560417 0.678125 0.508333
13 0.456250 0.460417 0.454688 0.470833 0.460938 0.475000 0.460938 0.491667 0.464062 0.495833 0.475000 0.491667 0.481250 0.514583 0.490625 0.508333 0.507812 0.508333 0.514062 0.516667 0.526563 0.516667 0.528125 0.489583 0.520312 0.456250 0.490625 0.454167 0.479687 0.458333 0.464062 0.454167