0 0.000000 0.785417 0.000000 0.997917 0.998437 0.997917 0.998437 0.812500 0.454688 0.472917
1 0.537500 0.508333 0.534375 0.527083 0.998437 0.810417 0.989062 0.691667
1 0.432812 0.479167 0.085938 0.554167 0.000000 0.602083 0.000000 0.783333
2 0.550000 0.435417 0.534375 0.435417 0.531250 0.437500 0.531250 0.443750 0.529687 0.445833 0.529687 0.460417 0.531250 0.462500 0.531250 0.466667 0.535937 0.466667 0.535937 0.464583 0.539062 0.460417 0.545312 0.460417 0.546875 0.458333 0.550000 0.458333 0.551562 0.454167 0.551562 0.437500
2 0.000000 0.254167 0.003125 0.358333 0.192188 0.362500 0.193750 0.310417 0.231250 0.277083 0.281250 0.304167 0.276562 0.347917 0.345313 0.402083 0.345313 0.372917 0.310937 0.364583 0.309375 0.287500 0.214062 0.268750 0.209375 0.250000 0.096875 0.243750 0.037500 0.316667
2 0.971875 0.270833 0.946875 0.254167 0.950000 0.220833 0.825000 0.200000 0.751563 0.327083 0.723437 0.302083 0.640625 0.314583 0.612500 0.422917 0.696875 0.422917 0.759375 0.375000 0.818750 0.418750 0.748437 0.427083 0.740625 0.475000 0.892188 0.477083 0.864062 0.450000 0.965625 0.414583 0.970313 0.354167 0.943750 0.300000
3 0.209375 0.445833 0.206250 0.450000 0.207813 0.464583 0.206250 0.493750 0.203125 0.495833 0.203125 0.531250 0.220312 0.527083 0.221875 0.510417 0.220312 0.475000 0.217188 0.472917 0.217188 0.477083 0.214062 0.479167 0.209375 0.470833
3 0.204687 0.402083 0.203125 0.404167 0.206250 0.410417 0.207813 0.435417 0.212500 0.435417 0.210938 0.433333 0.215625 0.425000 0.220312 0.427083 0.225000 0.435417 0.225000 0.420833 0.228125 0.418750 0.226562 0.412500 0.228125 0.408333 0.225000 0.404167 0.220312 0.402083
3 0.084375 0.360417 0.029687 0.354167 0.040625 0.372917 0.045312 0.414583 0.043750 0.533333 0.037500 0.550000 0.000000 0.556250 0.000000 0.600000 0.079687 0.564583
4 0.557813 0.472917 0.554688 0.516667 0.600000 0.533333 0.601562 0.477083 0.593750 0.472917
4 0.998437 0.416667 0.931250 0.418750 0.915625 0.441667 0.865625 0.450000 0.892188 0.479167 0.710938 0.477083 0.709375 0.579167 0.998437 0.695833
4 0.000000 0.358333 0.000000 0.554167 0.040625 0.545833 0.042188 0.533333 0.040625 0.379167 0.028125 0.358333
4 0.418750 0.462500 0.382812 0.456250 0.350000 0.406250 0.245312 0.350000 0.240625 0.372917 0.085938 0.360417 0.078125 0.545833 0.206250 0.533333 0.207813 0.443750 0.223438 0.495833 0.214062 0.531250 0.415625 0.481250
8 0.156250 0.375000 0.164062 0.381250 0.190625 0.385417 0.193750 0.389583 0.190625 0.395833 0.192188 0.404167 0.200000 0.408333 0.201563 0.400000 0.220312 0.400000 0.231250 0.404167 0.232813 0.412500 0.240625 0.412500 0.239063 0.385417 0.203125 0.379167 0.201563 0.375000 0.198437 0.379167
8 0.195312 0.310417 0.190625 0.343750 0.195312 0.364583 0.240625 0.370833 0.245312 0.347917 0.321875 0.391667 0.318750 0.375000 0.301563 0.370833 0.275000 0.347917 0.282813 0.333333 0.278125 0.304167 0.264062 0.306250 0.246875 0.285417 0.240625 0.289583 0.229687 0.279167
8 0.346875 0.372917 0.420312 0.477083 0.490625 0.462500 0.498437 0.395833 0.500000 0.454167 0.553125 0.437500 0.537500 0.506250 0.556250 0.433333 0.601562 0.535417 0.651563 0.547917 0.748437 0.425000 0.817187 0.418750 0.745313 0.377083 0.610938 0.422917 0.678125 0.227083 0.648438 0.127083 0.528125 0.147917 0.471875 0.412500 0.420312 0.260417
8 0.950000 0.002083 0.970313 0.029167 0.945312 0.060417 0.979688 0.081250 0.937500 0.131250 0.973437 0.139583 0.962500 0.183333 0.976562 0.195833 0.945312 0.181250 0.928125 0.212500 0.950000 0.218750 0.948438 0.254167 0.973437 0.270833 0.945312 0.300000 0.971875 0.354167 0.964063 0.418750 0.996875 0.416667 0.998437 0.000000
10 0.000000 0.000000 0.026562 0.310417 0.189062 0.243750 0.346875 0.370833 0.420312 0.258333 0.453125 0.410417 0.550000 0.125000 0.650000 0.127083 0.654687 0.314583 0.751563 0.325000 0.825000 0.197917 0.975000 0.195833 0.962500 0.000000
13 0.709375 0.481250 0.690625 0.495833 0.678125 0.525000 0.679688 0.552083 0.685937 0.558333 0.687500 0.568750 0.698438 0.577083 0.704688 0.577083 0.704688 0.537500
13 0.456250 0.468750 0.464062 0.477083 0.465625 0.495833 0.482812 0.497917 0.484375 0.516667 0.510938 0.514583 0.529687 0.527083 0.534375 0.525000 0.535937 0.483333 0.528125 0.458333 0.498437 0.454167 0.490625 0.464583 0.464062 0.456250