0 0.000000 0.791667 0.000000 0.997917 0.998437 0.997917 0.998437 0.816667 0.456250 0.475000
1 0.565625 0.518750 0.562500 0.543750 0.998437 0.814583 0.998437 0.702083 0.881250 0.656250 0.865625 0.629167 0.817187 0.631250 0.793750 0.585417 0.670312 0.566667
1 0.434375 0.479167 0.000000 0.589583 0.000000 0.789583
2 0.540625 0.456250 0.550000 0.458333 0.551562 0.460417 0.551562 0.456250 0.554688 0.450000 0.567187 0.450000 0.568750 0.447917 0.571875 0.447917 0.573438 0.433333 0.571875 0.431250 0.548438 0.431250
2 0.000000 0.295833 0.118750 0.318750 0.125000 0.270833 0.145313 0.287500 0.204687 0.256250 0.259375 0.300000 0.257812 0.335417 0.334375 0.383333 0.329688 0.356250 0.303125 0.360417 0.301563 0.272917 0.193750 0.250000 0.189062 0.229167 0.175000 0.243750 0.168750 0.225000 0.148438 0.241667 0.065625 0.220833
2 0.998437 0.175000 0.900000 0.154167 0.803125 0.312500 0.757812 0.316667 0.748437 0.287500 0.662500 0.302083 0.639062 0.387500 0.676562 0.443750 0.859375 0.356250 0.926562 0.402083 0.843750 0.416667 0.843750 0.487500 0.998437 0.487500
3 0.051562 0.347917 0.015625 0.352083 0.023438 0.410417 0.015625 0.589583 0.075000 0.572917 0.075000 0.383333 0.082812 0.362500
4 0.885938 0.493750 0.881250 0.654167 0.998437 0.700000 0.998437 0.489583
4 0.584375 0.477083 0.584375 0.531250 0.651563 0.556250 0.651563 0.479167
4 0.000000 0.297917 0.000000 0.587500 0.014063 0.352083 0.039062 0.316667 0.123438 0.352083 0.120313 0.383333 0.078125 0.375000 0.073438 0.577083 0.417187 0.481250 0.321875 0.385417 0.126562 0.272917 0.118750 0.320833
5 0.554688 0.250000 0.554688 0.256250 0.582812 0.277083 0.590625 0.291667 0.587500 0.383333 0.590625 0.381250 0.592187 0.287500 0.584375 0.275000
8 0.026562 0.333333 0.026562 0.345833 0.051562 0.345833 0.076563 0.356250 0.089063 0.368750 0.085938 0.375000 0.121875 0.379167 0.118750 0.337500 0.048438 0.318750 0.032813 0.320833
8 0.146875 0.285417 0.309375 0.377083 0.296875 0.356250 0.257812 0.337500 0.257812 0.300000 0.229687 0.291667 0.217188 0.264583 0.175000 0.262500
8 0.335938 0.360417 0.418750 0.477083 0.490625 0.422917 0.498437 0.464583 0.496875 0.393750 0.501563 0.464583 0.506250 0.404167 0.507812 0.450000 0.575000 0.433333 0.565625 0.516667 0.584375 0.429167 0.654687 0.481250 0.653125 0.558333 0.776563 0.583333 0.843750 0.414583 0.925000 0.402083 0.834375 0.354167 0.659375 0.437500 0.632812 0.364583 0.710938 0.195833 0.676562 0.083333 0.540625 0.108333 0.473438 0.410417 0.420312 0.250000
10 0.000000 0.000000 0.000000 0.293750 0.065625 0.218750 0.301563 0.270833 0.334375 0.366667 0.420312 0.247917 0.454688 0.408333 0.568750 0.079167 0.678125 0.083333 0.712500 0.202083 0.660937 0.302083 0.785937 0.318750 0.881250 0.164583 0.998437 0.172917 0.998437 0.000000
13 0.915625 0.485417 0.854688 0.479167 0.812500 0.516667 0.792188 0.564583 0.807813 0.618750 0.821875 0.631250 0.850000 0.622917 0.876563 0.633333 0.884375 0.493750
13 0.460938 0.462500 0.457813 0.475000 0.468750 0.479167 0.471875 0.502083 0.490625 0.500000 0.492188 0.522917 0.500000 0.533333 0.537500 0.529167 0.560937 0.543750 0.565625 0.500000 0.556250 0.464583 0.507812 0.452083 0.501563 0.468750 0.479687 0.454167