0 0.000000 0.737500 0.000000 0.997917 0.998437 0.997917 0.998437 0.825000 0.621875 0.591667 0.537500 0.600000 0.426563 0.468750
1 0.670312 0.572917 0.659375 0.612500 0.998437 0.822917 0.998437 0.685417 0.881250 0.664583
1 0.400000 0.479167 0.000000 0.570833 0.000000 0.735417
2 0.548438 0.425000 0.556250 0.422917 0.556250 0.414583 0.559375 0.412500 0.562500 0.420833 0.575000 0.422917 0.579688 0.429167 0.609375 0.429167 0.614062 0.433333 0.610938 0.427083 0.606250 0.427083 0.595313 0.414583 0.571875 0.408333 0.559375 0.408333
2 0.129688 0.187500 0.135937 0.229167 0.128125 0.245833 0.134375 0.260417 0.209375 0.308333 0.217188 0.335417 0.267188 0.364583 0.265625 0.341667 0.237500 0.331250 0.226562 0.212500
2 0.998437 0.100000 0.881250 0.302083 0.873437 0.258333 0.798438 0.281250 0.784375 0.237500 0.765625 0.270833 0.703125 0.260417 0.682813 0.304167 0.793750 0.320833 0.815625 0.362500 0.950000 0.395833 0.964063 0.356250 0.998437 0.354167
4 0.667188 0.470833 0.678125 0.510417 0.671875 0.568750 0.895312 0.658333 0.895312 0.481250
4 0.000000 0.197917 0.000000 0.543750 0.031250 0.537500 0.040625 0.564583 0.060937 0.527083 0.210938 0.520833 0.379688 0.477083 0.379688 0.452083 0.271875 0.412500 0.268750 0.366667
5 0.609375 0.077083 0.607812 0.089583 0.643750 0.120833 0.664062 0.152083 0.660937 0.316667 0.668750 0.150000 0.659375 0.129167
8 0.935937 0.156250 0.915625 0.168750 0.904687 0.162500 0.903125 0.150000 0.892188 0.160417 0.882812 0.152083 0.875000 0.158333 0.868750 0.183333 0.881250 0.193750 0.859375 0.220833 0.882812 0.227083 0.868750 0.250000 0.878125 0.266667 0.871875 0.300000 0.884375 0.297917 0.926562 0.245833 0.928125 0.225000 0.943750 0.189583 0.940625 0.177083 0.928125 0.177083
8 0.000000 0.118750 0.000000 0.195833 0.051562 0.216667 0.212500 0.331250 0.207813 0.308333 0.132812 0.260417 0.131250 0.179167 0.073438 0.170833 0.057813 0.158333 0.068750 0.145833 0.040625 0.125000 0.031250 0.133333 0.021875 0.108333
8 0.265625 0.312500 0.271875 0.410417 0.381250 0.470833 0.473438 0.450000 0.476562 0.377083 0.506250 0.466667 0.650000 0.445833 0.656250 0.377083 0.667188 0.468750 0.895312 0.479167 0.901563 0.664583 0.998437 0.683333 0.998437 0.356250 0.929688 0.400000 0.681250 0.304167 0.771875 0.106250 0.731250 0.000000 0.531250 0.010417 0.490625 0.404167 0.421875 0.395833 0.384375 0.206250 0.348438 0.329167
9 0.032813 0.541667 0.031250 0.539583 0.026562 0.539583 0.025000 0.541667 0.015625 0.541667 0.014063 0.543750 0.000000 0.545833 0.000000 0.568750 0.032813 0.564583
9 0.181250 0.518750 0.057813 0.531250 0.060937 0.547917 0.050000 0.560417 0.165625 0.529167
10 0.690625 0.225000 0.707812 0.262500 0.765625 0.268750 0.784375 0.235417 0.798438 0.279167 0.851562 0.266667 0.881250 0.229167 0.857812 0.225000 0.876563 0.154167 0.935937 0.154167 0.945312 0.185417 0.996875 0.102083 0.998437 0.000000 0.732812 0.000000 0.721875 0.062500 0.767188 0.050000 0.753125 0.091667 0.775000 0.095833 0.742188 0.143750 0.754687 0.210417 0.720313 0.237500
10 0.000000 0.000000 0.000000 0.116667 0.226562 0.210417 0.240625 0.335417 0.314063 0.268750 0.348438 0.327083 0.384375 0.204167 0.423438 0.395833 0.462500 0.358333 0.509375 0.381250 0.470313 0.281250 0.535937 0.172917 0.535937 0.000000
13 0.429688 0.456250 0.426563 0.466667 0.443750 0.472917 0.443750 0.495833 0.453125 0.506250 0.481250 0.502083 0.495312 0.510417 0.498437 0.483333 0.489063 0.456250 0.464062 0.447917 0.453125 0.447917 0.442188 0.462500 0.435937 0.454167
13 0.507812 0.468750 0.500000 0.554167 0.528125 0.564583 0.534375 0.595833 0.550000 0.595833 0.554688 0.579167 0.587500 0.581250 0.657813 0.610417 0.676562 0.547917 0.676562 0.510417 0.665625 0.468750 0.645312 0.439583 0.579688 0.431250 0.557813 0.414583 0.521875 0.468750