0 0.998437 0.833333 0.570312 0.560417 0.525000 0.487500 0.459375 0.483333 0.482812 0.497917 0.000000 0.854167 0.000000 0.997917 0.998437 0.997917
1 0.640625 0.545833 0.639062 0.568750 0.998437 0.831250 0.998437 0.670833 0.750000 0.610417
1 0.481250 0.497917 0.273438 0.520833 0.148438 0.581250 0.010937 0.591667 0.000000 0.852083
2 0.717187 0.500000 0.764062 0.510417 0.781250 0.489583 0.801562 0.497917 0.823438 0.472917 0.854688 0.497917 0.881250 0.475000 0.903125 0.479167 0.912500 0.497917 0.918750 0.487500 0.912500 0.458333 0.889062 0.425000 0.762500 0.397917 0.726562 0.431250
2 0.998437 0.233333 0.979688 0.239583 0.953125 0.258333 0.940625 0.279167 0.931250 0.279167 0.929688 0.310417 0.934375 0.318750 0.957812 0.310417 0.973437 0.289583 0.984375 0.289583 0.993750 0.295833 0.995313 0.306250 0.998437 0.306250
2 0.071875 0.066667 0.070312 0.106250 0.157812 0.168750 0.209375 0.241667 0.243750 0.241667 0.248438 0.287500 0.264062 0.256250 0.268750 0.279167 0.287500 0.260417 0.301563 0.302083 0.290625 0.156250 0.146875 0.112500 0.137500 0.085417 0.123438 0.104167 0.114062 0.068750
3 0.635938 0.493750 0.642188 0.512500 0.640625 0.543750 0.726562 0.575000 0.739062 0.564583 0.746875 0.570833 0.750000 0.552083 0.743750 0.543750 0.743750 0.529167 0.756250 0.512500 0.739062 0.504167
4 0.762500 0.510417 0.753125 0.510417 0.757812 0.514583 0.750000 0.516667 0.748437 0.527083 0.745313 0.529167 0.745313 0.543750 0.751563 0.552083 0.751563 0.560417 0.745313 0.575000 0.742188 0.572917 0.742188 0.566667 0.734375 0.568750 0.740625 0.570833 0.742188 0.579167 0.754687 0.581250 0.764062 0.564583
4 0.000000 0.077083 0.000000 0.579167 0.103125 0.556250 0.148438 0.579167 0.226562 0.531250 0.457813 0.487500 0.454688 0.456250 0.339062 0.422917 0.335938 0.389583 0.167187 0.325000 0.165625 0.204167
8 0.570312 0.393750 0.568750 0.460417 0.582812 0.464583 0.585938 0.416667 0.585938 0.422917 0.579688 0.431250 0.576562 0.422917 0.576562 0.400000 0.573438 0.400000
8 0.690625 0.000000 0.604688 0.202083 0.656250 0.366667 0.587500 0.458333 0.715625 0.502083 0.762500 0.395833 0.889062 0.422917 0.915625 0.500000 0.781250 0.491667 0.756250 0.581250 0.998437 0.668750 0.998437 0.308333 0.928125 0.310417 0.998437 0.231250 0.998437 0.000000
8 0.000000 0.000000 0.000000 0.075000 0.167187 0.204167 0.167187 0.322917 0.459375 0.481250 0.545312 0.464583 0.550000 0.414583 0.564063 0.460417 0.564063 0.375000 0.535937 0.416667 0.489063 0.362500 0.473438 0.185417 0.418750 0.335417 0.376563 0.197917 0.301563 0.304167 0.287500 0.262500 0.251563 0.291667 0.068750 0.106250 0.064062 0.000000
9 0.682813 0.562500 0.750000 0.608333 0.885938 0.641667 0.814063 0.604167 0.742188 0.581250 0.740625 0.572917 0.725000 0.577083
9 0.110937 0.558333 0.006250 0.577083 0.000000 0.581250 0.000000 0.604167 0.006250 0.604167 0.010937 0.589583 0.023438 0.583333 0.110937 0.570833
10 0.065625 0.000000 0.120313 0.100000 0.290625 0.154167 0.303125 0.300000 0.376563 0.195833 0.418750 0.333333 0.473438 0.183333 0.507812 0.402083 0.575000 0.372917 0.581250 0.429167 0.654687 0.366667 0.603125 0.202083 0.689063 0.000000
13 0.510938 0.468750 0.507812 0.481250 0.528125 0.487500 0.531250 0.502083 0.539062 0.504167 0.539062 0.522917 0.557813 0.543750 0.565625 0.537500 0.570312 0.558333 0.609375 0.552083 0.628125 0.568750 0.637500 0.566667 0.640625 0.512500 0.618750 0.460417 0.589063 0.456250 0.584375 0.468750 0.570312 0.462500