0 0.015625 0.997917 0.998437 0.997917 0.998437 0.725000 0.681250 0.562500 0.600000 0.572917 0.475000 0.468750
1 0.710938 0.539583 0.709375 0.572917 0.998437 0.722917 0.998437 0.641667 0.889062 0.618750
1 0.456250 0.489583 0.003125 0.645833 0.000000 0.997917
2 0.625000 0.352083 0.623437 0.352083 0.623437 0.354167 0.618750 0.360417 0.617188 0.360417 0.614062 0.364583 0.610938 0.364583 0.610938 0.366667 0.601562 0.377083 0.601562 0.383333 0.620313 0.381250 0.621875 0.379167 0.621875 0.364583 0.623437 0.362500
2 0.998437 0.291667 0.901563 0.287500 0.839063 0.333333 0.812500 0.364583 0.807813 0.456250 0.871875 0.458333 0.893750 0.443750 0.906250 0.460417 0.946875 0.462500 0.979688 0.416667 0.998437 0.429167
2 0.000000 0.068750 0.000000 0.129167 0.121875 0.177083 0.156250 0.212500 0.146875 0.231250 0.212500 0.268750 0.196875 0.229167 0.210938 0.185417 0.200000 0.112500
4 0.693750 0.458333 0.710938 0.489583 0.714063 0.539583 0.925000 0.587500 0.950000 0.558333 0.943750 0.464583
4 0.000000 0.312500 0.000000 0.647917 0.428125 0.487500 0.426563 0.454167 0.198437 0.414583 0.178125 0.366667
8 0.876563 0.452083 0.876563 0.460417 0.904687 0.460417 0.904687 0.456250 0.903125 0.452083 0.901563 0.452083 0.900000 0.447917 0.895312 0.447917 0.893750 0.445833 0.884375 0.445833
8 0.979688 0.418750 0.967187 0.427083 0.945312 0.464583 0.951562 0.558333 0.942187 0.583333 0.976562 0.600000 0.998437 0.602083 0.998437 0.431250
8 0.568750 0.375000 0.568750 0.383333 0.564063 0.387500 0.562500 0.402083 0.557813 0.410417 0.551562 0.404167 0.551562 0.379167 0.546875 0.372917 0.546875 0.447917 0.557813 0.433333 0.570312 0.433333 0.571875 0.377083
8 0.000000 0.131250 0.000000 0.310417 0.237500 0.379167 0.198437 0.412500 0.423438 0.452083 0.426563 0.408333 0.429688 0.477083 0.507812 0.464583 0.523438 0.393750 0.542188 0.445833 0.535937 0.352083 0.510938 0.397917 0.462500 0.362500 0.426563 0.145833 0.357812 0.343750 0.325000 0.114583 0.226562 0.137500 0.209375 0.272917
8 0.573438 0.433333 0.610938 0.412500 0.690625 0.456250 0.806250 0.456250 0.810937 0.364583 0.901563 0.285417 0.996875 0.291667 0.998437 0.000000 0.643750 0.000000 0.618750 0.052083 0.665625 0.091667 0.640625 0.097917 0.625000 0.172917 0.668750 0.212500 0.648438 0.241667 0.676562 0.272917 0.620313 0.383333 0.576562 0.375000
9 0.718750 0.541667 0.889062 0.616667 0.998437 0.639583 0.998437 0.604167 0.940625 0.581250 0.909375 0.587500
9 0.185938 0.372917 0.185938 0.397917 0.201563 0.397917 0.209375 0.391667 0.229687 0.391667 0.235937 0.383333 0.235937 0.379167 0.232813 0.379167 0.231250 0.375000 0.214062 0.372917 0.200000 0.356250 0.190625 0.358333 0.190625 0.366667
10 0.000000 0.000000 0.001563 0.068750 0.200000 0.110417 0.210938 0.177083 0.325000 0.112500 0.343750 0.339583 0.426563 0.143750 0.490625 0.395833 0.518750 0.341667 0.557813 0.408333 0.568750 0.350000 0.600000 0.381250 0.676562 0.270833 0.623437 0.172917 0.664062 0.091667 0.617188 0.052083 0.642188 0.000000
13 0.482812 0.458333 0.515625 0.491667 0.532813 0.489583 0.534375 0.516667 0.546875 0.529167 0.565625 0.520833 0.570312 0.545833 0.595313 0.543750 0.600000 0.570833 0.640625 0.556250 0.681250 0.560417 0.701562 0.577083 0.709375 0.489583 0.681250 0.445833 0.579688 0.427083 0.546875 0.450000 0.521875 0.445833 0.507812 0.466667 0.501563 0.452083