0 0.000000 0.743750 0.000000 0.997917 0.998437 0.997917 0.996875 0.843750 0.778125 0.700000 0.621875 0.691667 0.545312 0.541667 0.445312 0.470833
1 0.812500 0.712500 0.998437 0.843750 0.996875 0.722917 0.867188 0.664583 0.846875 0.706250
1 0.526563 0.508333 0.526563 0.525000 0.531250 0.529167 0.534375 0.529167 0.542188 0.539583 0.545312 0.539583 0.546875 0.543750 0.548438 0.543750 0.548438 0.539583 0.550000 0.537500 0.548438 0.535417 0.548438 0.531250 0.551562 0.529167 0.551562 0.525000 0.554688 0.518750 0.546875 0.518750 0.534375 0.510417
1 0.415625 0.483333 0.007812 0.552083 0.000000 0.741667
2 0.581250 0.450000 0.582812 0.447917 0.589063 0.458333 0.593750 0.460417 0.620313 0.427083 0.631250 0.422917 0.637500 0.416667 0.623437 0.414583 0.621875 0.410417 0.598437 0.408333 0.585938 0.427083 0.581250 0.439583
2 0.964063 0.258333 0.926562 0.260417 0.923438 0.266667 0.898438 0.275000 0.898438 0.308333 0.918750 0.295833 0.940625 0.302083 0.948438 0.275000
2 0.114062 0.158333 0.123438 0.187500 0.115625 0.210417 0.135937 0.237500 0.196875 0.270833 0.206250 0.308333 0.254688 0.345833 0.270313 0.339583 0.264062 0.331250 0.253125 0.339583 0.242188 0.195833
3 0.510938 0.452083 0.521875 0.466667 0.526563 0.506250 0.546875 0.516667 0.556250 0.516667 0.571875 0.497917 0.564063 0.491667 0.567187 0.477083 0.578125 0.477083 0.581250 0.483333 0.592187 0.462500 0.582812 0.450000 0.576562 0.477083 0.539062 0.475000 0.531250 0.470833 0.517188 0.445833
4 0.851562 0.497917 0.873437 0.570833 0.867188 0.662500 0.998437 0.722917 0.998437 0.508333
4 0.000000 0.166667 0.000000 0.541667 0.153125 0.537500 0.396875 0.477083 0.395313 0.452083 0.257812 0.397917 0.253125 0.343750
5 0.720313 0.000000 0.771875 0.056250 0.765625 0.268750 0.779687 0.066667 0.770312 0.039583 0.739062 0.000000
8 0.501563 0.385417 0.500000 0.454167 0.506250 0.456250 0.506250 0.431250 0.507812 0.429167 0.507812 0.414583 0.509375 0.412500 0.509375 0.393750 0.503125 0.389583
8 0.256250 0.343750 0.256250 0.393750 0.320312 0.433333 0.393750 0.450000 0.381250 0.418750 0.395313 0.416667 0.398438 0.475000 0.481250 0.450000 0.482812 0.425000 0.496875 0.450000 0.496875 0.368750 0.476562 0.366667 0.473438 0.408333 0.442188 0.395833 0.406250 0.200000 0.367188 0.270833 0.367188 0.325000 0.328125 0.252083 0.325000 0.277083 0.303125 0.260417 0.273438 0.293750 0.276562 0.331250
8 0.007812 0.054167 0.000000 0.164583 0.207813 0.304167 0.196875 0.272917 0.115625 0.214583 0.114062 0.129167 0.062500 0.112500 0.042188 0.089583 0.039062 0.064583 0.025000 0.085417
8 0.740625 0.000000 0.781250 0.066667 0.775000 0.214583 0.809375 0.210417 0.825000 0.191667 0.815625 0.175000 0.821875 0.131250 0.814063 0.112500 0.853125 0.066667 0.853125 0.045833 0.829688 0.052083 0.853125 0.002083 0.803125 0.004167 0.790625 0.031250 0.793750 0.000000
8 0.564063 0.000000 0.575000 0.131250 0.500000 0.266667 0.543750 0.375000 0.510938 0.447917 0.576562 0.475000 0.598437 0.406250 0.751563 0.435417 0.756250 0.395833 0.851562 0.495833 0.998437 0.506250 0.998437 0.154167 0.935937 0.150000 0.917188 0.225000 0.965625 0.258333 0.940625 0.304167 0.842187 0.231250 0.764062 0.270833 0.764062 0.045833 0.718750 0.000000
9 0.092188 0.533333 0.045312 0.535417 0.043750 0.539583 0.000000 0.543750 0.000000 0.558333 0.018750 0.545833 0.046875 0.550000 0.067187 0.539583 0.089063 0.537500
10 0.998437 0.000000 0.851562 0.000000 0.831250 0.052083 0.853125 0.043750 0.854688 0.066667 0.815625 0.112500 0.826562 0.191667 0.776563 0.214583 0.771875 0.258333 0.818750 0.264583 0.842187 0.229167 0.896875 0.277083 0.923438 0.264583 0.945312 0.229167 0.915625 0.225000 0.942187 0.191667 0.926562 0.179167 0.934375 0.150000 0.998437 0.152083
10 0.000000 0.000000 0.001563 0.070833 0.242188 0.193750 0.254688 0.339583 0.328125 0.250000 0.367188 0.322917 0.406250 0.197917 0.443750 0.395833 0.540625 0.381250 0.498437 0.266667 0.573438 0.131250 0.562500 0.000000
13 0.448437 0.458333 0.446875 0.470833 0.465625 0.479167 0.464062 0.502083 0.476562 0.516667 0.482812 0.518750 0.492188 0.512500 0.514062 0.516667 0.518750 0.525000 0.525000 0.522917 0.525000 0.483333 0.520312 0.466667 0.512500 0.458333 0.482812 0.450000 0.470313 0.456250 0.454688 0.452083
13 0.567187 0.479167 0.548438 0.597917 0.606250 0.622917 0.621875 0.689583 0.648438 0.687500 0.654687 0.664583 0.809375 0.716667 0.860938 0.683333 0.870313 0.558333 0.832812 0.468750 0.651563 0.416667 0.620313 0.429167 0.581250 0.485417