0 0.000000 0.966667 0.998437 0.997917 0.998437 0.718750 0.692187 0.570833 0.604688 0.589583 0.448437 0.464583
1 0.732812 0.587500 0.998437 0.716667 0.998437 0.650000 0.923438 0.629167 0.740625 0.545833
1 0.429688 0.487500 0.000000 0.652083 0.000000 0.964583
2 0.375000 0.437500 0.373437 0.427083 0.348438 0.397917 0.318750 0.410417 0.314063 0.427083 0.303125 0.427083 0.303125 0.420833 0.292187 0.412500 0.268750 0.412500 0.256250 0.418750 0.320312 0.433333
2 0.607812 0.337500 0.585938 0.358333 0.576562 0.375000 0.585938 0.381250 0.585938 0.416667 0.595313 0.422917 0.604688 0.422917 0.607812 0.414583 0.596875 0.414583 0.595313 0.404167 0.592187 0.402083 0.593750 0.372917 0.601562 0.364583 0.606250 0.364583 0.610938 0.350000
2 0.284375 0.341667 0.287500 0.341667 0.289062 0.345833 0.292187 0.345833 0.293750 0.350000 0.298438 0.352083 0.314063 0.352083 0.315625 0.350000 0.314063 0.337500 0.317188 0.333333 0.326562 0.339583 0.331250 0.331250 0.321875 0.331250 0.320312 0.327083 0.290625 0.327083
2 0.998437 0.231250 0.975000 0.229167 0.843750 0.333333 0.839063 0.445833 0.956250 0.435417 0.998437 0.445833
2 0.000000 0.035417 0.000000 0.143750 0.134375 0.229167 0.114062 0.181250 0.114062 0.147917 0.132812 0.102083 0.145313 0.108333 0.139063 0.068750
4 0.715625 0.452083 0.739062 0.489583 0.743750 0.545833 0.998437 0.602083 0.998437 0.447917
4 0.000000 0.650000 0.400000 0.487500 0.401562 0.452083 0.004687 0.375000
4 0.292187 0.352083 0.306250 0.377083 0.300000 0.395833 0.292187 0.400000 0.287500 0.410417 0.303125 0.418750 0.303125 0.425000 0.314063 0.425000 0.312500 0.412500 0.332813 0.402083 0.342187 0.402083 0.346875 0.393750 0.353125 0.391667
8 0.554688 0.366667 0.554688 0.420833 0.560937 0.414583 0.584375 0.416667 0.584375 0.381250 0.562500 0.366667 0.559375 0.368750
8 0.551562 0.366667 0.545312 0.368750 0.545312 0.372917 0.542188 0.375000 0.542188 0.385417 0.537500 0.389583 0.537500 0.397917 0.532813 0.404167 0.528125 0.402083 0.529687 0.414583 0.528125 0.443750 0.537500 0.425000 0.550000 0.418750
8 0.392188 0.127083 0.370312 0.158333 0.373437 0.214583 0.351562 0.218750 0.359375 0.287500 0.300000 0.354167 0.353125 0.387500 0.401562 0.475000 0.490625 0.452083 0.498437 0.389583 0.500000 0.437500 0.510938 0.400000 0.518750 0.439583 0.509375 0.343750 0.487500 0.343750 0.485938 0.391667 0.434375 0.356250 0.443750 0.333333 0.425000 0.327083 0.446875 0.312500
8 0.270313 0.050000 0.250000 0.075000 0.229687 0.045833 0.226562 0.110417 0.190625 0.033333 0.168750 0.097917 0.146875 0.066667 0.115625 0.147917 0.134375 0.231250 0.000000 0.145833 0.004687 0.372917 0.237500 0.418750 0.298438 0.395833 0.282813 0.341667 0.309375 0.197917 0.289062 0.195833
8 0.662500 0.000000 0.620313 0.118750 0.660937 0.156250 0.642188 0.208333 0.676562 0.245833 0.614062 0.312500 0.596875 0.412500 0.837500 0.445833 0.842187 0.333333 0.998437 0.229167 0.998437 0.000000
9 0.756250 0.550000 0.923438 0.627083 0.998437 0.647917 0.998437 0.604167 0.957812 0.587500 0.912500 0.591667 0.834375 0.562500
10 0.000000 0.000000 0.164062 0.095833 0.190625 0.031250 0.226562 0.108333 0.270313 0.047917 0.292187 0.325000 0.357812 0.287500 0.396875 0.122917 0.464062 0.391667 0.521875 0.335417 0.534375 0.400000 0.532813 0.320833 0.576562 0.372917 0.675000 0.245833 0.618750 0.118750 0.660937 0.000000
13 0.456250 0.458333 0.492188 0.487500 0.512500 0.483333 0.529687 0.529167 0.556250 0.520833 0.562500 0.554167 0.595313 0.552083 0.604688 0.587500 0.637500 0.566667 0.692187 0.568750 0.726562 0.589583 0.739062 0.545833 0.735938 0.485417 0.685937 0.427083 0.560937 0.416667 0.526563 0.452083 0.498437 0.439583