0 0.000000 0.743750 0.000000 0.997917 0.998437 0.997917 0.996875 0.877083 0.814063 0.802083 0.740625 0.827083 0.703125 0.710417 0.592187 0.645833 0.592187 0.572917 0.451562 0.470833
1 0.543750 0.512500 0.542188 0.529167 0.546875 0.535417 0.551562 0.537500 0.554688 0.543750 0.559375 0.543750 0.565625 0.552083 0.571875 0.554167 0.573438 0.558333 0.579688 0.560417 0.585938 0.568750 0.592187 0.570833 0.595313 0.545833 0.598437 0.543750 0.596875 0.537500 0.573438 0.531250
1 0.423438 0.485417 0.098437 0.525000 0.075000 0.560417 0.000000 0.552083 0.000000 0.741667
2 0.609375 0.435417 0.629687 0.429167 0.632812 0.433333 0.632812 0.445833 0.637500 0.450000 0.646875 0.429167 0.673438 0.429167 0.675000 0.425000 0.679688 0.425000 0.679688 0.418750 0.625000 0.406250 0.612500 0.420833
2 0.792188 0.275000 0.787500 0.275000 0.787500 0.283333 0.771875 0.300000 0.762500 0.300000 0.754687 0.316667 0.748437 0.314583 0.750000 0.325000 0.770312 0.331250 0.781250 0.343750 0.781250 0.366667 0.787500 0.366667 0.800000 0.356250 0.809375 0.341667 0.798438 0.306250 0.800000 0.285417
2 0.098437 0.112500 0.101562 0.147917 0.084375 0.172917 0.134375 0.206250 0.153125 0.235417 0.178125 0.241667 0.195312 0.260417 0.200000 0.289583 0.254688 0.329167 0.245312 0.177083 0.121875 0.139583
3 0.701562 0.427083 0.651563 0.429167 0.637500 0.452083 0.629687 0.431250 0.606250 0.435417 0.598437 0.479167 0.550000 0.477083 0.537500 0.447917 0.523438 0.445833 0.521875 0.458333 0.537500 0.468750 0.546875 0.514583 0.601562 0.535417 0.623437 0.512500 0.623437 0.487500 0.640625 0.491667
4 0.000000 0.145833 0.000000 0.550000 0.075000 0.558333 0.098437 0.522917 0.403125 0.477083 0.400000 0.450000 0.235937 0.379167 0.231250 0.312500
5 0.887500 0.000000 0.881250 0.000000 0.864062 0.225000 0.873437 0.208333
8 0.229687 0.310417 0.235937 0.377083 0.398438 0.450000 0.403125 0.414583 0.404687 0.472917 0.517188 0.456250 0.509375 0.370833 0.485938 0.364583 0.482812 0.406250 0.451562 0.393750 0.415625 0.191667 0.375000 0.260417 0.373437 0.316667 0.332813 0.233333 0.273438 0.275000 0.260937 0.327083
8 0.912500 0.014583 0.903125 0.014583 0.895312 0.020833 0.889062 0.020833 0.885938 0.027083 0.887500 0.039583 0.885938 0.041667 0.884375 0.068750 0.892188 0.062500 0.895312 0.062500 0.898438 0.052083 0.910937 0.035417
8 0.584375 0.000000 0.598437 0.110417 0.515625 0.250000 0.560937 0.366667 0.523438 0.408333 0.546875 0.472917 0.598437 0.477083 0.625000 0.404167 0.851562 0.385417 0.998437 0.441667 0.998437 0.150000 0.939063 0.243750 0.907813 0.202083 0.795312 0.268750 0.865625 0.183333 0.879687 0.000000
8 0.007812 0.000000 0.000000 0.143750 0.196875 0.285417 0.189062 0.254167 0.082812 0.172917 0.100000 0.147917 0.101562 0.112500 0.085938 0.104167 0.095312 0.083333 0.046875 0.079167 0.009375 0.029167
10 0.865625 0.185417 0.857812 0.197917 0.835938 0.195833 0.820312 0.212500 0.817187 0.233333 0.800000 0.237500 0.807813 0.243750 0.806250 0.254167 0.817187 0.256250 0.818750 0.247917 0.825000 0.254167 0.832812 0.252083 0.835938 0.243750 0.848437 0.235417 0.846875 0.227083 0.860938 0.227083 0.864062 0.220833
10 0.998437 0.000000 0.890625 0.010417 0.912500 0.012500 0.914062 0.027083 0.882812 0.072917 0.873437 0.220833 0.890625 0.204167 0.918750 0.204167 0.921875 0.247917 0.970313 0.200000 0.960938 0.183333 0.967187 0.150000 0.998437 0.147917
10 0.010937 0.000000 0.107813 0.131250 0.243750 0.172917 0.256250 0.325000 0.328125 0.231250 0.373437 0.314583 0.415625 0.189583 0.453125 0.393750 0.559375 0.372917 0.514062 0.250000 0.596875 0.110417 0.582812 0.000000
13 0.451562 0.466667 0.454688 0.472917 0.473438 0.479167 0.473438 0.502083 0.490625 0.525000 0.506250 0.516667 0.529687 0.522917 0.534375 0.531250 0.540625 0.529167 0.542188 0.489583 0.532813 0.464583 0.520312 0.456250 0.462500 0.452083
13 0.623437 0.489583 0.593750 0.560417 0.592187 0.641667 0.703125 0.708333 0.740625 0.825000 0.793750 0.835417 0.814063 0.800000 0.998437 0.877083 0.998437 0.443750 0.854688 0.400000 0.767188 0.406250