0 0.000000 0.739583 0.000000 0.997917 0.998437 0.997917 0.996875 0.843750 0.864062 0.750000 0.656250 0.729167 0.559375 0.552083 0.446875 0.468750
1 0.867188 0.752083 0.998437 0.843750 0.998437 0.727083 0.960938 0.712500 0.956250 0.735417 0.935937 0.758333
1 0.531250 0.508333 0.529687 0.525000 0.537500 0.529167 0.548438 0.539583 0.550000 0.543750 0.553125 0.543750 0.562500 0.554167 0.564063 0.533333 0.568750 0.525000 0.548438 0.518750
1 0.418750 0.483333 0.143750 0.520833 0.125000 0.547917 0.000000 0.552083 0.000000 0.737500
2 0.657813 0.416667 0.606250 0.406250 0.596875 0.416667 0.589063 0.435417 0.587500 0.475000 0.604688 0.477083 0.628125 0.445833
2 0.106250 0.145833 0.112500 0.172917 0.103125 0.185417 0.120313 0.216667 0.193750 0.266667 0.200000 0.300000 0.246875 0.339583 0.242188 0.189583
3 0.515625 0.445833 0.512500 0.454167 0.520312 0.458333 0.529687 0.475000 0.531250 0.506250 0.570312 0.522917 0.589063 0.500000 0.582812 0.495833 0.582812 0.483333 0.585938 0.477083 0.595313 0.477083 0.534375 0.472917 0.529687 0.450000
4 0.935937 0.504167 0.954688 0.541667 0.967187 0.600000 0.962500 0.710417 0.998437 0.725000 0.998437 0.510417
4 0.000000 0.158333 0.000000 0.541667 0.125000 0.545833 0.143750 0.518750 0.396875 0.477083 0.396875 0.452083 0.248438 0.393750 0.234375 0.322917
5 0.789062 0.000000 0.804688 0.020833 0.809375 0.041667 0.798438 0.252083 0.817187 0.043750 0.803125 0.004167
8 0.503125 0.383333 0.501563 0.454167 0.509375 0.456250 0.510938 0.393750
8 0.498437 0.452083 0.501563 0.370833 0.476562 0.370833 0.475000 0.408333 0.428125 0.362500 0.439063 0.339583 0.407813 0.195833 0.368750 0.266667 0.368750 0.322917 0.326562 0.243750 0.246875 0.341667 0.248438 0.391667 0.310937 0.408333 0.312500 0.429167 0.395313 0.450000 0.396875 0.418750 0.398438 0.472917 0.482812 0.450000 0.484375 0.422917
8 0.000000 0.054167 0.001563 0.158333 0.198437 0.297917 0.193750 0.268750 0.128125 0.227083 0.103125 0.189583 0.106250 0.112500 0.046875 0.093750 0.025000 0.066667 0.025000 0.041667 0.012500 0.062500
8 0.868750 0.000000 0.817187 0.000000 0.807813 0.010417 0.818750 0.043750 0.807813 0.204167 0.823438 0.204167 0.840625 0.185417 0.831250 0.168750 0.839063 0.120833 0.829688 0.102083 0.871875 0.056250 0.873437 0.035417 0.848437 0.039583
8 0.565625 0.008333 0.579688 0.131250 0.506250 0.258333 0.548438 0.372917 0.512500 0.452083 0.585938 0.475000 0.606250 0.404167 0.785937 0.429167 0.787500 0.389583 0.789062 0.431250 0.998437 0.508333 0.998437 0.160417 0.945312 0.150000 0.951562 0.237500 0.876563 0.212500 0.787500 0.256250 0.792188 0.004167
10 0.779687 0.193750 0.773438 0.197917 0.773438 0.204167 0.782813 0.208333 0.785937 0.206250 0.789062 0.212500 0.789062 0.225000 0.785937 0.239583 0.782813 0.243750 0.779687 0.243750 0.779687 0.247917 0.787500 0.254167 0.792188 0.254167 0.795312 0.247917 0.798438 0.214583 0.793750 0.212500 0.787500 0.204167 0.785937 0.197917
10 0.870313 0.000000 0.850000 0.039583 0.873437 0.033333 0.873437 0.056250 0.831250 0.102083 0.842187 0.185417 0.809375 0.202083 0.804688 0.243750 0.875000 0.235417 0.876563 0.210417 0.892188 0.241667 0.951562 0.235417 0.925000 0.222917 0.950000 0.195833 0.943750 0.150000 0.981250 0.141667 0.998437 0.158333 0.998437 0.000000
10 0.000000 0.000000 0.000000 0.052083 0.106250 0.143750 0.243750 0.189583 0.250000 0.341667 0.326562 0.241667 0.368750 0.320833 0.407813 0.193750 0.445312 0.395833 0.546875 0.377083 0.504687 0.258333 0.578125 0.131250 0.576562 0.000000
13 0.448437 0.462500 0.448437 0.470833 0.467187 0.477083 0.468750 0.506250 0.473438 0.506250 0.481250 0.518750 0.496875 0.512500 0.520312 0.518750 0.523438 0.527083 0.528125 0.527083 0.529687 0.483333 0.520312 0.460417 0.490625 0.452083 0.462500 0.458333 0.456250 0.452083
13 0.565625 0.533333 0.562500 0.612500 0.631250 0.647917 0.662500 0.731250 0.703125 0.702083 0.935937 0.756250 0.957812 0.725000 0.953125 0.541667 0.915625 0.475000 0.867188 0.445833 0.665625 0.416667 0.585938 0.479167