0 0.003125 0.997917 0.998437 0.997917 0.998437 0.735417 0.451562 0.479167 0.478125 0.495833
1 0.698438 0.541667 0.693750 0.568750 0.998437 0.733333 0.998437 0.639583 0.851562 0.612500
1 0.476562 0.493750 0.000000 0.645833 0.000000 0.997917
2 0.792188 0.468750 0.900000 0.475000 0.921875 0.439583 0.946875 0.458333 0.965625 0.414583 0.979688 0.406250 0.998437 0.431250 0.998437 0.333333 0.862500 0.325000 0.798438 0.381250
2 0.000000 0.039583 0.000000 0.077083 0.050000 0.152083 0.090625 0.156250 0.121875 0.204167 0.173437 0.193750 0.195312 0.233333 0.207813 0.216667 0.235937 0.227083 0.242188 0.272917 0.262500 0.287500 0.243750 0.131250 0.070312 0.093750 0.062500 0.060417 0.040625 0.083333 0.032813 0.045833
4 0.685937 0.468750 0.700000 0.495833 0.701562 0.539583 0.878125 0.583333 0.896875 0.560417 0.895312 0.477083
4 0.000000 0.291667 0.000000 0.643750 0.450000 0.487500 0.412500 0.404167 0.379688 0.437500 0.265625 0.416667 0.264062 0.370833
8 0.989062 0.410417 0.967187 0.414583 0.946875 0.460417 0.928125 0.441667 0.910937 0.452083 0.896875 0.477083 0.898438 0.560417 0.887500 0.585417 0.929688 0.606250 0.998437 0.620833 0.998437 0.433333
8 0.565625 0.379167 0.565625 0.443750 0.568750 0.412500 0.570312 0.439583 0.585938 0.439583 0.587500 0.389583 0.582812 0.393750 0.579688 0.410417 0.573438 0.414583 0.568750 0.379167
8 0.000000 0.079167 0.000000 0.289583 0.264062 0.368750 0.265625 0.414583 0.412500 0.402083 0.443750 0.452083 0.446875 0.410417 0.465625 0.481250 0.528125 0.464583 0.543750 0.395833 0.560937 0.450000 0.559375 0.362500 0.510938 0.402083 0.475000 0.345833 0.451562 0.156250 0.375000 0.352083 0.364063 0.150000 0.276562 0.170833 0.259375 0.289583
8 0.657813 0.000000 0.646875 0.095833 0.625000 0.104167 0.662500 0.125000 0.632812 0.208333 0.678125 0.310417 0.629687 0.391667 0.592187 0.385417 0.590625 0.439583 0.790625 0.468750 0.796875 0.381250 0.862500 0.322917 0.998437 0.331250 0.998437 0.000000
9 0.739062 0.554167 0.851562 0.610417 0.998437 0.637500 0.998437 0.622917 0.929688 0.608333 0.885938 0.581250
10 0.000000 0.000000 0.040625 0.081250 0.243750 0.129167 0.257812 0.216667 0.364063 0.147917 0.376563 0.339583 0.451562 0.154167 0.507812 0.397917 0.565625 0.350000 0.576562 0.412500 0.676562 0.310417 0.631250 0.208333 0.660937 0.125000 0.623437 0.104167 0.656250 0.000000
13 0.503125 0.456250 0.503125 0.472917 0.528125 0.477083 0.534375 0.495833 0.546875 0.491667 0.546875 0.514583 0.557813 0.527083 0.573438 0.520833 0.578125 0.543750 0.596875 0.539583 0.603125 0.564583 0.621875 0.554167 0.693750 0.564583 0.700000 0.504167 0.675000 0.454167 0.596875 0.433333 0.562500 0.452083 0.539062 0.450000 0.528125 0.466667 0.512500 0.450000