0 0.000000 0.895833 0.000000 0.997917 0.998437 0.997917 0.998437 0.833333 0.885938 0.893750 0.810937 0.750000 0.646875 0.670833 0.631250 0.587500 0.560937 0.589583 0.442188 0.468750 0.376563 0.483333 0.414062 0.502083
1 0.412500 0.500000 0.376563 0.489583 0.001563 0.612500 0.000000 0.893750
2 0.214062 0.291667 0.214062 0.295833 0.239063 0.308333 0.248438 0.318750 0.262500 0.325000 0.265625 0.331250 0.275000 0.331250 0.279687 0.325000 0.287500 0.329167 0.284375 0.312500 0.290625 0.306250 0.253125 0.300000 0.250000 0.295833 0.250000 0.281250 0.240625 0.281250 0.240625 0.293750 0.237500 0.297917
2 0.712500 0.285417 0.695312 0.291667 0.693750 0.262500 0.681250 0.258333 0.671875 0.270833 0.668750 0.306250 0.654687 0.314583 0.651563 0.306250 0.637500 0.331250 0.573438 0.383333 0.590625 0.397917 0.590625 0.418750 0.635938 0.422917 0.629687 0.395833 0.634375 0.360417 0.657813 0.352083 0.656250 0.322917 0.670312 0.308333 0.706250 0.318750
4 0.000000 0.352083 0.000000 0.612500 0.375000 0.491667 0.375000 0.447917
8 0.565625 0.372917 0.562500 0.375000 0.560937 0.439583 0.564063 0.431250 0.568750 0.429167 0.570312 0.425000 0.579688 0.425000 0.587500 0.420833 0.590625 0.408333 0.589063 0.397917 0.576562 0.389583 0.571875 0.381250 0.567187 0.379167
8 0.557813 0.372917 0.546875 0.375000 0.546875 0.381250 0.542188 0.383333 0.542188 0.391667 0.535937 0.397917 0.535937 0.406250 0.528125 0.410417 0.526563 0.472917 0.534375 0.470833 0.537500 0.458333 0.546875 0.462500 0.554688 0.450000 0.559375 0.397917
8 0.634375 0.306250 0.632812 0.308333 0.632812 0.318750 0.631250 0.320833 0.625000 0.320833 0.628125 0.327083 0.626563 0.331250 0.623437 0.331250 0.618750 0.325000 0.617188 0.335417 0.614062 0.337500 0.614062 0.343750 0.615625 0.345833 0.618750 0.345833 0.620313 0.341667 0.640625 0.325000 0.637500 0.316667 0.637500 0.310417
8 0.998437 0.000000 0.804688 0.000000 0.803125 0.106250 0.767188 0.050000 0.748437 0.072917 0.762500 0.147917 0.790625 0.145833 0.767188 0.231250 0.715625 0.218750 0.732812 0.262500 0.706250 0.320833 0.657813 0.322917 0.634375 0.418750 0.695312 0.479167 0.803125 0.420833 0.998437 0.418750
8 0.000000 0.000000 0.000000 0.129167 0.101562 0.247917 0.065625 0.270833 0.089063 0.335417 0.034375 0.358333 0.373437 0.418750 0.378125 0.477083 0.481250 0.464583 0.490625 0.408333 0.514062 0.447917 0.504687 0.350000 0.471875 0.412500 0.414062 0.318750 0.390625 0.087500 0.335938 0.185417 0.348438 0.256250 0.265625 0.333333 0.160938 0.247917 0.223438 0.135417 0.218750 0.018750
9 0.000000 0.131250 0.000000 0.350000 0.031250 0.356250 0.043750 0.341667 0.084375 0.339583 0.085938 0.316667 0.064062 0.270833 0.082812 0.272917 0.100000 0.256250 0.095312 0.216667
10 0.162500 0.247917 0.306250 0.308333 0.390625 0.085417 0.415625 0.318750 0.471875 0.410417 0.518750 0.335417 0.525000 0.412500 0.537500 0.314583 0.576562 0.381250 0.728125 0.266667 0.717187 0.214583 0.765625 0.231250 0.789062 0.145833 0.746875 0.072917 0.803125 0.104167 0.807813 0.012500 0.200000 0.000000 0.225000 0.135417
13 0.523438 0.506250 0.525000 0.462500 0.521875 0.452083 0.495312 0.445833 0.487500 0.462500 0.475000 0.468750 0.460938 0.464583 0.459375 0.456250 0.451562 0.454167 0.446875 0.458333 0.443750 0.468750 0.446875 0.472917 0.473438 0.477083 0.479687 0.483333 0.479687 0.495833 0.484375 0.502083 0.501563 0.500000 0.510938 0.506250
13 0.535937 0.462500 0.526563 0.554167 0.565625 0.589583 0.631250 0.585417 0.646875 0.668750 0.678125 0.652083 0.810937 0.747917 0.879687 0.887500 0.946875 0.897917 0.975000 0.829167 0.998437 0.831250 0.998437 0.420833 0.784375 0.427083 0.701562 0.497917 0.637500 0.425000