0 0.000000 0.875000 0.000000 0.997917 0.998437 0.997917 0.892188 0.937500 0.793750 0.750000 0.628125 0.664583 0.614062 0.564583 0.440625 0.468750 0.346875 0.485417 0.398438 0.514583
1 0.545312 0.500000 0.543750 0.518750 0.615625 0.564583 0.620313 0.520833 0.587500 0.504167 0.587500 0.520833 0.584375 0.522917 0.581250 0.518750 0.582812 0.504167 0.548438 0.504167
1 0.396875 0.508333 0.346875 0.495833 0.000000 0.614583 0.000000 0.872917
1 0.434375 0.472917 0.428125 0.472917 0.418750 0.479167 0.406250 0.479167 0.404687 0.483333 0.384375 0.481250 0.385937 0.487500 0.428125 0.487500 0.434375 0.481250
2 0.179688 0.260417 0.187500 0.270833 0.204687 0.279167 0.210938 0.287500 0.221875 0.291667 0.231250 0.289583 0.248438 0.306250 0.253125 0.302083 0.243750 0.275000 0.218750 0.270833 0.214062 0.250000 0.204687 0.247917 0.201563 0.266667
2 0.864062 0.212500 0.831250 0.204167 0.745313 0.247917 0.746875 0.210417 0.726562 0.206250 0.712500 0.268750 0.607812 0.354167 0.612500 0.408333 0.653125 0.414583 0.670312 0.472917 0.675000 0.441667 0.704688 0.443750 0.753125 0.383333 0.793750 0.360417 0.776563 0.322917 0.795312 0.266667 0.848437 0.252083
4 0.626563 0.500000 0.628125 0.502083 0.631250 0.500000 0.631250 0.497917 0.634375 0.495833 0.635938 0.491667 0.639062 0.491667 0.640625 0.487500 0.645312 0.487500 0.650000 0.481250 0.653125 0.481250 0.654687 0.477083 0.651563 0.477083 0.650000 0.479167 0.643750 0.479167 0.642188 0.477083 0.626563 0.477083 0.625000 0.479167 0.625000 0.491667 0.626563 0.493750
4 0.582812 0.470833 0.570312 0.468750 0.568750 0.475000 0.557813 0.475000 0.556250 0.472917 0.554688 0.475000 0.553125 0.472917 0.553125 0.500000 0.554688 0.502083 0.581250 0.502083 0.582812 0.500000
4 0.000000 0.354167 0.000000 0.612500 0.345313 0.500000 0.343750 0.439583
5 0.562500 0.264583 0.593750 0.310417 0.585938 0.520833 0.595313 0.302083
8 0.595313 0.377083 0.589063 0.466667 0.590625 0.491667 0.596875 0.437500 0.603125 0.414583 0.610938 0.408333 0.610938 0.383333
8 0.575000 0.343750 0.568750 0.352083 0.560937 0.352083 0.557813 0.366667 0.554688 0.362500 0.553125 0.377083 0.546875 0.389583 0.543750 0.387500 0.543750 0.404167 0.539062 0.406250 0.537500 0.439583 0.545312 0.450000 0.546875 0.472917 0.550000 0.466667 0.554688 0.472917 0.584375 0.466667 0.590625 0.370833 0.575000 0.354167
8 0.653125 0.281250 0.651563 0.291667 0.648438 0.295833 0.643750 0.295833 0.643750 0.308333 0.642188 0.310417 0.639062 0.310417 0.637500 0.304167 0.634375 0.302083 0.632812 0.314583 0.628125 0.320833 0.631250 0.329167 0.637500 0.329167 0.642188 0.320833 0.662500 0.302083 0.654687 0.289583
8 0.998437 0.037500 0.965625 0.091667 0.921875 0.118750 0.935937 0.143750 0.907813 0.158333 0.867188 0.135417 0.871875 0.179167 0.829688 0.187500 0.865625 0.214583 0.848437 0.254167 0.796875 0.266667 0.778125 0.322917 0.787500 0.354167 0.998437 0.287500
8 0.359375 0.014583 0.307812 0.122917 0.323437 0.212500 0.240625 0.260417 0.250000 0.308333 0.189062 0.310417 0.173437 0.395833 0.343750 0.437500 0.345313 0.372917 0.317188 0.368750 0.342187 0.360417 0.348438 0.477083 0.378125 0.435417 0.390625 0.481250 0.489063 0.462500 0.520312 0.364583 0.489063 0.325000 0.470313 0.408333 0.403125 0.285417 0.434375 0.268750
9 0.000000 0.129167 0.000000 0.352083 0.193750 0.389583 0.185938 0.312500 0.221875 0.297917
10 0.000000 0.127083 0.264062 0.277083 0.376563 0.008333 0.425000 0.341667 0.470313 0.406250 0.525000 0.316667 0.542188 0.404167 0.590625 0.368750 0.562500 0.262500 0.610938 0.381250 0.726562 0.204167 0.935937 0.141667 0.998437 0.000000 0.000000 0.000000
11 0.381250 0.437500 0.378125 0.437500 0.375000 0.441667 0.375000 0.450000 0.373437 0.452083 0.373437 0.483333 0.370312 0.487500 0.376563 0.487500 0.375000 0.485417 0.376563 0.479167 0.381250 0.483333 0.381250 0.487500 0.384375 0.487500 0.384375 0.483333 0.381250 0.479167 0.381250 0.468750 0.385937 0.464583 0.385937 0.460417 0.382812 0.454167
13 0.443750 0.456250 0.443750 0.470833 0.482812 0.481250 0.482812 0.495833 0.498437 0.512500 0.503125 0.506250 0.517188 0.506250 0.542188 0.516667 0.540625 0.441667 0.503125 0.437500 0.489063 0.464583 0.475000 0.462500 0.471875 0.468750 0.467187 0.456250 0.459375 0.462500 0.454688 0.452083
13 0.604688 0.414583 0.592187 0.502083 0.621875 0.520833 0.628125 0.662500 0.671875 0.654167 0.846875 0.802083 0.892188 0.935417 0.998437 0.995833 0.998437 0.289583 0.796875 0.358333 0.670312 0.475000 0.653125 0.416667