0 0.000000 0.883333 0.000000 0.997917 0.998437 0.997917 0.998437 0.904167 0.926562 0.833333 0.900000 0.883333 0.818750 0.835417 0.776563 0.656250 0.612500 0.641667 0.551562 0.529167 0.446875 0.468750 0.373437 0.485417 0.414062 0.506250
1 0.535937 0.497917 0.535937 0.502083 0.534375 0.504167 0.534375 0.514583 0.542188 0.518750 0.546875 0.525000 0.551562 0.527083 0.551562 0.514583 0.553125 0.512500 0.553125 0.502083 0.545312 0.502083 0.543750 0.504167 0.540625 0.500000 0.537500 0.502083
1 0.412500 0.502083 0.373437 0.489583 0.000000 0.608333 0.000000 0.881250
1 0.443750 0.475000 0.437500 0.470833 0.434375 0.475000 0.423438 0.479167 0.379688 0.479167 0.379688 0.481250 0.414062 0.487500 0.434375 0.487500 0.443750 0.481250
2 0.212500 0.279167 0.245312 0.302083 0.275000 0.293750 0.245312 0.285417 0.242188 0.268750 0.234375 0.268750 0.232813 0.283333
2 0.781250 0.250000 0.775000 0.250000 0.768750 0.256250 0.750000 0.260417 0.748437 0.264583 0.734375 0.270833 0.735938 0.272917 0.746875 0.272917 0.748437 0.277083 0.757812 0.272917 0.764062 0.279167 0.762500 0.283333 0.770312 0.279167 0.779687 0.264583
2 0.715625 0.245833 0.695312 0.252083 0.689063 0.295833 0.603125 0.364583 0.600000 0.387500 0.587500 0.379167 0.604688 0.393750 0.601562 0.425000 0.643750 0.404167 0.675000 0.402083 0.681250 0.410417 0.675000 0.368750 0.684375 0.337500 0.710938 0.331250 0.715625 0.306250 0.704688 0.289583 0.715625 0.279167
4 0.803125 0.487500 0.823438 0.531250 0.821875 0.581250 0.964063 0.570833 0.985938 0.558333 0.998437 0.537500 0.998437 0.504167
4 0.539062 0.497917 0.542188 0.500000 0.542188 0.489583 0.543750 0.487500 0.545312 0.489583 0.545312 0.500000 0.554688 0.500000 0.557813 0.489583 0.570312 0.472917 0.564063 0.470833 0.560937 0.475000 0.546875 0.475000 0.545312 0.470833 0.542188 0.475000 0.539062 0.472917 0.537500 0.475000 0.539062 0.479167
4 0.000000 0.341667 0.000000 0.606250 0.371875 0.491667 0.368750 0.441667
8 0.579688 0.375000 0.573438 0.454167 0.576562 0.454167 0.582812 0.427083 0.589063 0.422917 0.601562 0.422917 0.603125 0.393750 0.589063 0.389583 0.585938 0.381250
8 0.568750 0.362500 0.556250 0.372917 0.546875 0.389583 0.545312 0.404167 0.537500 0.406250 0.534375 0.435417 0.537500 0.472917 0.545312 0.468750 0.546875 0.472917 0.567187 0.470833 0.571875 0.385417 0.575000 0.383333 0.575000 0.368750
8 0.665625 0.300000 0.659375 0.304167 0.660937 0.308333 0.654687 0.316667 0.650000 0.310417 0.646875 0.297917 0.645312 0.308333 0.642188 0.312500 0.637500 0.312500 0.637500 0.322917 0.634375 0.325000 0.628125 0.320833 0.628125 0.329167 0.623437 0.333333 0.626563 0.343750 0.645312 0.329167 0.656250 0.314583 0.660937 0.314583 0.667188 0.306250
8 0.909375 0.000000 0.923438 0.029167 0.887500 0.141667 0.854688 0.137500 0.848437 0.191667 0.829688 0.145833 0.787500 0.156250 0.829688 0.175000 0.770312 0.281250 0.717187 0.264583 0.712500 0.331250 0.676562 0.381250 0.685937 0.412500 0.782813 0.431250 0.803125 0.485417 0.998437 0.502083 0.998437 0.000000
8 0.000000 0.000000 0.000000 0.322917 0.367188 0.441667 0.371875 0.381250 0.379688 0.477083 0.490625 0.460417 0.496875 0.391667 0.520312 0.443750 0.509375 0.345833 0.475000 0.410417 0.415625 0.308333 0.443750 0.291667 0.392188 0.060417 0.332813 0.160417 0.346875 0.239583 0.245312 0.304167 0.068750 0.168750 0.068750 0.025000 0.121875 0.000000
9 0.000000 0.325000 0.000000 0.339583 0.029687 0.345833 0.031250 0.350000 0.048438 0.352083 0.050000 0.356250 0.073438 0.356250 0.037500 0.347917 0.026562 0.341667 0.025000 0.337500 0.015625 0.335417 0.009375 0.327083
10 0.065625 0.156250 0.298438 0.295833 0.392188 0.058333 0.417187 0.308333 0.475000 0.408333 0.528125 0.331250 0.531250 0.410417 0.553125 0.297917 0.596875 0.387500 0.701562 0.241667 0.807813 0.214583 0.787500 0.154167 0.856250 0.187500 0.921875 0.029167 0.070312 0.025000
13 0.448437 0.470833 0.485938 0.481250 0.484375 0.495833 0.489063 0.495833 0.493750 0.506250 0.515625 0.502083 0.521875 0.510417 0.525000 0.506250 0.532813 0.512500 0.535937 0.495833 0.532813 0.447917 0.503125 0.443750 0.495312 0.460417 0.476562 0.470833 0.473438 0.464583 0.464062 0.464583 0.460938 0.454167 0.451562 0.454167
13 0.584375 0.427083 0.556250 0.581250 0.595313 0.585417 0.623437 0.643750 0.776563 0.654167 0.831250 0.850000 0.900000 0.881250 0.926562 0.831250 0.998437 0.902083 0.998437 0.539583 0.964063 0.572917 0.821875 0.583333 0.782813 0.433333 0.675000 0.404167