0 0.000000 0.868750 0.000000 0.997917 0.998437 0.997917 0.935937 0.897917 0.796875 0.860417 0.751563 0.656250 0.435937 0.470833 0.329688 0.487500 0.389062 0.520833
1 0.553125 0.516667 0.565625 0.543750 0.754687 0.656250 0.754687 0.579167 0.729688 0.585417 0.718750 0.570833 0.653125 0.560417 0.645312 0.545833 0.576562 0.525000 0.598437 0.516667
1 0.387500 0.520833 0.325000 0.500000 0.000000 0.602083 0.000000 0.866667
1 0.435937 0.475000 0.429688 0.470833 0.418750 0.479167 0.412500 0.479167 0.410938 0.483333 0.390625 0.483333 0.389062 0.485417 0.390625 0.491667 0.401562 0.491667 0.403125 0.495833 0.418750 0.495833 0.420312 0.491667 0.425000 0.491667 0.426563 0.487500 0.434375 0.483333
2 0.146875 0.237500 0.185938 0.268750 0.215625 0.268750 0.217188 0.260417 0.220312 0.260417 0.215625 0.254167 0.198437 0.252083 0.196875 0.233333 0.193750 0.229167 0.182812 0.231250 0.181250 0.247917 0.173437 0.247917 0.167187 0.235417 0.164062 0.235417 0.162500 0.243750
2 0.998437 0.497917 0.989062 0.406250 0.945312 0.306250 0.957812 0.289583 0.935937 0.270833 0.965625 0.220833 0.935937 0.156250 0.771875 0.239583 0.771875 0.197917 0.750000 0.195833 0.735938 0.260417 0.615625 0.356250 0.623437 0.427083 0.723437 0.422917 0.734375 0.466667 0.837500 0.477083 0.875000 0.508333
3 0.000000 0.122917 0.000000 0.341667 0.056250 0.356250 0.053125 0.314583 0.032813 0.262500 0.037500 0.245833 0.078125 0.227083 0.153125 0.245833
4 0.656250 0.485417 0.653125 0.558333 0.668750 0.558333 0.673438 0.547917 0.684375 0.543750 0.715625 0.562500 0.709375 0.554167 0.709375 0.539583 0.720313 0.489583
4 0.600000 0.479167 0.589063 0.479167 0.579688 0.475000 0.576562 0.483333 0.570312 0.483333 0.568750 0.479167 0.557813 0.477083 0.554688 0.483333 0.554688 0.512500 0.598437 0.514583
4 0.000000 0.343750 0.000000 0.595833 0.321875 0.508333 0.323437 0.435417
5 0.332813 0.347917 0.328125 0.383333 0.326562 0.502083
5 0.578125 0.241667 0.612500 0.289583 0.601562 0.537500 0.615625 0.291667
8 0.612500 0.383333 0.604688 0.506250 0.607812 0.516667 0.617188 0.518750 0.610938 0.508333 0.614062 0.464583 0.621875 0.433333 0.621875 0.389583
8 0.579688 0.343750 0.567187 0.352083 0.553125 0.387500 0.546875 0.389583 0.545312 0.410417 0.531250 0.410417 0.528125 0.397917 0.526563 0.404167 0.528125 0.439583 0.537500 0.439583 0.542188 0.412500 0.542188 0.439583 0.554688 0.452083 0.554688 0.481250 0.557813 0.475000 0.570312 0.481250 0.579688 0.472917 0.601562 0.475000 0.606250 0.383333
8 0.681250 0.281250 0.675000 0.289583 0.676562 0.293750 0.673438 0.300000 0.665625 0.297917 0.660937 0.281250 0.659375 0.291667 0.654687 0.297917 0.650000 0.295833 0.650000 0.310417 0.646875 0.310417 0.642188 0.302083 0.639062 0.316667 0.634375 0.320833 0.635938 0.327083 0.645312 0.329167 0.656250 0.314583 0.668750 0.308333 0.681250 0.295833 0.684375 0.289583 0.681250 0.287500
8 0.968750 0.164583 0.967187 0.183333 0.982812 0.220833 0.956250 0.227083 0.959375 0.256250 0.937500 0.270833 0.959375 0.289583 0.946875 0.306250 0.985938 0.389583 0.996875 0.429167 0.989062 0.447917 0.998437 0.450000 0.998437 0.175000 0.992188 0.181250
8 0.521875 0.435417 0.504687 0.333333 0.467187 0.410417 0.396875 0.277083 0.434375 0.256250 0.403125 0.245833 0.376563 0.000000 0.328125 0.008333 0.287500 0.229167 0.034375 0.258333 0.075000 0.366667 0.325000 0.435417 0.328125 0.360417 0.293750 0.350000 0.332813 0.345833 0.332813 0.477083
9 0.668750 0.560417 0.681250 0.560417 0.682813 0.564583 0.700000 0.564583 0.706250 0.568750 0.717187 0.568750 0.715625 0.564583 0.710938 0.564583 0.704688 0.556250 0.701562 0.556250 0.700000 0.552083 0.690625 0.552083 0.684375 0.545833 0.673438 0.550000
9 0.604688 0.520833 0.604688 0.533333 0.603125 0.535417 0.604688 0.539583 0.639062 0.541667 0.637500 0.537500 0.631250 0.535417 0.629687 0.531250 0.626563 0.531250 0.620313 0.527083 0.617188 0.520833
10 0.378125 0.000000 0.435937 0.256250 0.398438 0.277083 0.467187 0.408333 0.476562 0.333333 0.523438 0.377083 0.526563 0.312500 0.531250 0.408333 0.578125 0.341667 0.607812 0.381250 0.578125 0.239583 0.621875 0.383333 0.750000 0.193750 0.771875 0.237500 0.935937 0.154167 0.978125 0.225000 0.967187 0.164583 0.998437 0.172917 0.998437 0.000000
10 0.000000 0.000000 0.000000 0.120833 0.148438 0.237500 0.193750 0.227083 0.198437 0.250000 0.220312 0.256250 0.220312 0.233333 0.243750 0.258333 0.257812 0.208333 0.287500 0.227083 0.279687 0.183333 0.312500 0.189583 0.293750 0.091667 0.321875 0.093750 0.320312 0.027083 0.337500 0.047917 0.337500 0.000000
11 0.382812 0.435417 0.378125 0.441667 0.378125 0.450000 0.375000 0.456250 0.373437 0.491667 0.378125 0.491667 0.378125 0.479167 0.381250 0.475000 0.382812 0.485417 0.385937 0.491667 0.389062 0.491667 0.385937 0.477083 0.385937 0.452083 0.384375 0.450000 0.385937 0.437500
13 0.734375 0.468750 0.710938 0.554167 0.760938 0.587500 0.756250 0.731250 0.798438 0.860417 0.867188 0.912500 0.935937 0.895833 0.998437 0.950000 0.998437 0.500000 0.875000 0.510417 0.837500 0.479167
13 0.440625 0.458333 0.439063 0.466667 0.437500 0.468750 0.439063 0.472917 0.446875 0.472917 0.448437 0.475000 0.453125 0.475000 0.454688 0.477083 0.464062 0.477083 0.465625 0.481250 0.467187 0.477083 0.467187 0.468750 0.465625 0.466667 0.456250 0.466667 0.453125 0.462500 0.453125 0.458333 0.451562 0.456250 0.442188 0.456250
13 0.471875 0.468750 0.471875 0.485417 0.481250 0.483333 0.482812 0.502083 0.500000 0.522917 0.506250 0.522917 0.507812 0.516667 0.535937 0.520833 0.545312 0.531250 0.551562 0.529167 0.551562 0.445833 0.510938 0.437500 0.489063 0.468750
13 0.645312 0.412500 0.628125 0.414583 0.628125 0.420833 0.625000 0.425000 0.623437 0.433333 0.620313 0.437500 0.620313 0.441667 0.623437 0.445833 0.626563 0.445833 0.628125 0.443750 0.640625 0.439583 0.640625 0.437500 0.643750 0.435417 0.643750 0.429167 0.645312 0.427083 0.645312 0.420833 0.642188 0.414583
14 0.723437 0.425000 0.678125 0.420833 0.654687 0.431250 0.643750 0.414583 0.646875 0.427083 0.640625 0.441667 0.620313 0.443750 0.614062 0.512500 0.651563 0.547917 0.656250 0.483333 0.723437 0.487500 0.732812 0.475000 0.735938 0.458333 0.721875 0.443750