0 0.000000 0.883333 0.000000 0.997917 0.998437 0.997917 0.900000 0.914583 0.832812 0.675000 0.631250 0.658333 0.556250 0.531250 0.450000 0.468750 0.370312 0.485417 0.414062 0.506250
1 0.539062 0.502083 0.537500 0.504167 0.537500 0.514583 0.539062 0.516667 0.542188 0.516667 0.546875 0.522917 0.551562 0.525000 0.553125 0.529167 0.556250 0.529167 0.557813 0.531250 0.557813 0.520833 0.560937 0.512500 0.560937 0.502083 0.548438 0.502083 0.546875 0.504167 0.545312 0.504167 0.543750 0.500000 0.542188 0.502083
1 0.412500 0.502083 0.367188 0.493750 0.001563 0.606250 0.000000 0.881250
1 0.440625 0.479167 0.437500 0.472917 0.426563 0.479167 0.381250 0.479167 0.381250 0.481250 0.417187 0.485417 0.418750 0.487500 0.434375 0.487500
2 0.212500 0.277083 0.250000 0.304167 0.267188 0.304167 0.275000 0.295833 0.275000 0.289583 0.245312 0.285417 0.243750 0.270833 0.239063 0.264583 0.234375 0.264583 0.234375 0.275000 0.231250 0.279167
2 0.798438 0.239583 0.787500 0.243750 0.784375 0.247917 0.773438 0.250000 0.770312 0.254167 0.765625 0.254167 0.760938 0.258333 0.750000 0.260417 0.750000 0.262500 0.765625 0.268750 0.778125 0.266667 0.779687 0.277083 0.784375 0.279167 0.792188 0.266667 0.795312 0.254167 0.798438 0.252083
2 0.725000 0.243750 0.707812 0.237500 0.696875 0.289583 0.667188 0.300000 0.657813 0.320833 0.601562 0.368750 0.606250 0.422917 0.692187 0.395833 0.684375 0.370833 0.692187 0.335417 0.721875 0.325000 0.731250 0.306250 0.715625 0.287500
2 0.023438 0.118750 0.021875 0.122917 0.026562 0.131250 0.032813 0.133333 0.034375 0.137500 0.037500 0.137500 0.057813 0.158333 0.054688 0.139583 0.050000 0.129167 0.045312 0.129167 0.042188 0.125000 0.032813 0.125000 0.029687 0.120833 0.025000 0.120833
3 0.000000 0.216667 0.000000 0.341667 0.170313 0.383333 0.121875 0.310417 0.109375 0.229167 0.187500 0.287500 0.239063 0.300000 0.059375 0.164583 0.079687 0.212500
4 0.840625 0.489583 0.860938 0.531250 0.860938 0.612500 0.906250 0.600000 0.998437 0.595833 0.998437 0.504167
4 0.539062 0.475000 0.539062 0.497917 0.542188 0.500000 0.545312 0.491667 0.546875 0.493750 0.546875 0.502083 0.548438 0.500000 0.560937 0.500000 0.562500 0.502083 0.567187 0.489583 0.571875 0.483333 0.571875 0.472917 0.565625 0.470833 0.562500 0.477083 0.560937 0.475000 0.550000 0.475000 0.546875 0.470833 0.543750 0.475000 0.542188 0.472917
4 0.000000 0.343750 0.000000 0.606250 0.371875 0.491667 0.367188 0.441667
5 0.554688 0.295833 0.573438 0.316667 0.581250 0.337500 0.575000 0.481250 0.582812 0.327083
8 0.584375 0.375000 0.581250 0.375000 0.581250 0.418750 0.578125 0.456250 0.585938 0.427083 0.593750 0.420833 0.604688 0.422917 0.606250 0.389583 0.593750 0.389583 0.587500 0.383333
8 0.575000 0.366667 0.564063 0.364583 0.559375 0.377083 0.553125 0.381250 0.550000 0.393750 0.545312 0.395833 0.545312 0.404167 0.539062 0.406250 0.539062 0.472917 0.546875 0.468750 0.562500 0.475000 0.565625 0.468750 0.571875 0.470833 0.576562 0.408333
8 0.650000 0.297917 0.648438 0.297917 0.646875 0.308333 0.640625 0.310417 0.640625 0.320833 0.639062 0.322917 0.632812 0.316667 0.631250 0.327083 0.626563 0.333333 0.629687 0.341667 0.642188 0.329167 0.645312 0.329167 0.646875 0.325000 0.650000 0.325000 0.651563 0.320833 0.657813 0.318750 0.657813 0.314583 0.654687 0.312500
8 0.050000 0.247917 0.048438 0.250000 0.050000 0.277083 0.056250 0.291667 0.064062 0.295833 0.065625 0.287500 0.068750 0.289583 0.076563 0.287500 0.078125 0.289583 0.081250 0.285417 0.081250 0.281250 0.079687 0.279167 0.079687 0.264583 0.076563 0.256250 0.067187 0.254167 0.065625 0.250000 0.062500 0.250000 0.056250 0.243750 0.053125 0.247917
8 0.523438 0.433333 0.510938 0.343750 0.476562 0.410417 0.417187 0.308333 0.443750 0.287500 0.392188 0.054167 0.331250 0.156250 0.345313 0.235417 0.295312 0.295833 0.107813 0.233333 0.175000 0.387500 0.367188 0.439583 0.345313 0.377083 0.371875 0.377083 0.382812 0.477083
8 0.998437 0.000000 0.957812 0.000000 0.917188 0.110417 0.893750 0.108333 0.885938 0.175000 0.851562 0.129167 0.806250 0.141667 0.850000 0.160417 0.789062 0.231250 0.784375 0.281250 0.732812 0.254167 0.726562 0.320833 0.690625 0.345833 0.693750 0.395833 0.809375 0.425000 0.842187 0.489583 0.998437 0.502083
8 0.000000 0.000000 0.000000 0.214583 0.007812 0.204167 0.034375 0.214583 0.079687 0.210417 0.079687 0.195833 0.056250 0.168750 0.065625 0.166667 0.020313 0.122917 0.050000 0.127083 0.065625 0.095833 0.054688 0.079167 0.060937 0.062500 0.053125 0.037500 0.029687 0.018750 0.031250 0.000000
10 0.029687 0.006250 0.062500 0.164583 0.289062 0.293750 0.395313 0.054167 0.478125 0.408333 0.495312 0.331250 0.543750 0.404167 0.573438 0.314583 0.603125 0.385417 0.707812 0.235417 0.792188 0.241667 0.848437 0.160417 0.806250 0.139583 0.885938 0.172917 0.956250 0.000000
13 0.453125 0.454167 0.451562 0.470833 0.471875 0.477083 0.478125 0.472917 0.496875 0.506250 0.515625 0.502083 0.523438 0.510417 0.535937 0.512500 0.537500 0.454167 0.534375 0.445833 0.503125 0.443750 0.496875 0.460417 0.478125 0.470833 0.475000 0.464583 0.467187 0.464583 0.462500 0.454167
13 0.589063 0.425000 0.557813 0.581250 0.614062 0.600000 0.631250 0.656250 0.832812 0.672917 0.901563 0.914583 0.998437 0.983333 0.998437 0.597917 0.860938 0.614583 0.856250 0.518750 0.809375 0.427083 0.693750 0.397917