0 0.000000 0.868750 0.000000 0.997917 0.992188 0.997917 0.853125 0.925000 0.789062 0.679167 0.437500 0.470833 0.329688 0.487500 0.389062 0.520833
1 0.556250 0.516667 0.554688 0.533333 0.793750 0.675000 0.798438 0.608333 0.776563 0.604167 0.767188 0.583333 0.739062 0.589583 0.728125 0.572917 0.659375 0.562500 0.646875 0.545833 0.614062 0.545833 0.579688 0.525000 0.603125 0.516667
1 0.387500 0.520833 0.323437 0.502083 0.000000 0.595833 0.000000 0.866667
1 0.435937 0.472917 0.431250 0.472917 0.429688 0.470833 0.420312 0.479167 0.410938 0.479167 0.409375 0.483333 0.396875 0.483333 0.393750 0.485417 0.395313 0.487500 0.393750 0.491667 0.404687 0.491667 0.406250 0.495833 0.420312 0.495833 0.421875 0.491667 0.426563 0.491667 0.428125 0.487500 0.437500 0.481250
2 0.146875 0.235417 0.184375 0.266667 0.192188 0.266667 0.200000 0.258333 0.212500 0.260417 0.218750 0.256250 0.198437 0.250000 0.196875 0.233333 0.189062 0.227083 0.182812 0.229167 0.181250 0.245833 0.170313 0.241667 0.162500 0.229167 0.160938 0.239583
2 0.989062 0.241667 0.946875 0.156250 0.779687 0.237500 0.779687 0.197917 0.756250 0.193750 0.740625 0.260417 0.620313 0.354167 0.625000 0.427083 0.731250 0.422917 0.743750 0.475000 0.842187 0.475000 0.896875 0.522917 0.998437 0.514583 0.993750 0.281250 0.973437 0.262500
3 0.000000 0.118750 0.003125 0.345833 0.031250 0.341667 0.037500 0.287500 0.025000 0.258333 0.029687 0.220833 0.048438 0.214583 0.115625 0.245833 0.150000 0.243750
4 0.662500 0.487500 0.659375 0.560417 0.693750 0.560417 0.725000 0.570833 0.718750 0.552083 0.729688 0.493750 0.678125 0.485417
4 0.557813 0.479167 0.557813 0.514583 0.603125 0.514583 0.604688 0.479167 0.582812 0.477083 0.579688 0.483333 0.573438 0.483333 0.571875 0.479167
4 0.000000 0.343750 0.000000 0.593750 0.321875 0.506250 0.323437 0.435417
5 0.332813 0.347917 0.328125 0.358333 0.325000 0.502083
5 0.582812 0.237500 0.617188 0.289583 0.606250 0.537500 0.620313 0.287500
7 0.295312 0.343750 0.295312 0.350000 0.298438 0.352083 0.310937 0.352083 0.312500 0.354167 0.323437 0.354167 0.325000 0.356250 0.328125 0.356250 0.329688 0.354167 0.329688 0.347917 0.328125 0.347917 0.326562 0.343750 0.309375 0.343750 0.307812 0.341667 0.296875 0.341667
8 0.529687 0.400000 0.529687 0.429167 0.528125 0.431250 0.528125 0.437500 0.529687 0.439583 0.539062 0.439583 0.539062 0.435417 0.540625 0.433333 0.540625 0.408333 0.537500 0.406250 0.534375 0.410417 0.532813 0.410417 0.529687 0.404167
8 0.618750 0.389583 0.615625 0.395833 0.609375 0.500000 0.612500 0.504167 0.612500 0.518750 0.615625 0.520833 0.621875 0.518750 0.615625 0.512500 0.618750 0.462500 0.626563 0.433333 0.623437 0.427083 0.625000 0.395833
8 0.582812 0.343750 0.571875 0.352083 0.568750 0.347917 0.568750 0.362500 0.562500 0.362500 0.545312 0.410417 0.543750 0.439583 0.556250 0.447917 0.557813 0.477083 0.573438 0.481250 0.582812 0.475000 0.604688 0.477083 0.610938 0.383333 0.595313 0.372917
8 0.689063 0.289583 0.682813 0.281250 0.678125 0.289583 0.679688 0.295833 0.670312 0.300000 0.665625 0.283333 0.662500 0.281250 0.662500 0.293750 0.657813 0.297917 0.654687 0.295833 0.651563 0.310417 0.648438 0.310417 0.645312 0.302083 0.643750 0.314583 0.639062 0.320833 0.640625 0.331250 0.646875 0.329167 0.657813 0.314583 0.667188 0.310417
8 0.993750 0.208333 0.990625 0.218750 0.996875 0.220833 0.995313 0.229167 0.998437 0.233333 0.985938 0.250000 0.976562 0.254167 0.975000 0.262500 0.995313 0.281250 0.992188 0.289583 0.984375 0.291667 0.982812 0.306250 0.998437 0.331250 0.998437 0.208333
8 0.525000 0.427083 0.504687 0.333333 0.467187 0.410417 0.398438 0.275000 0.434375 0.254167 0.384375 0.000000 0.328125 0.004167 0.312500 0.187500 0.243750 0.258333 0.025000 0.231250 0.026562 0.352083 0.318750 0.431250 0.323437 0.475000 0.296875 0.339583 0.334375 0.347917 0.334375 0.477083
9 0.607812 0.522917 0.607812 0.537500 0.606250 0.539583 0.612500 0.539583 0.614062 0.543750 0.645312 0.543750 0.637500 0.535417 0.632812 0.535417 0.631250 0.531250 0.626563 0.531250 0.623437 0.527083 0.621875 0.520833
10 0.385937 0.000000 0.435937 0.254167 0.400000 0.275000 0.467187 0.408333 0.478125 0.333333 0.525000 0.372917 0.528125 0.312500 0.532813 0.408333 0.568750 0.345833 0.610938 0.381250 0.582812 0.235417 0.623437 0.383333 0.756250 0.191667 0.779687 0.235417 0.946875 0.154167 0.996875 0.233333 0.998437 0.000000
10 0.000000 0.000000 0.000000 0.116667 0.148438 0.235417 0.189062 0.225000 0.220312 0.252083 0.220312 0.229167 0.243750 0.256250 0.257812 0.202083 0.287500 0.222917 0.279687 0.179167 0.310937 0.187500 0.293750 0.083333 0.321875 0.089583 0.323437 0.022917 0.339062 0.041667 0.337500 0.000000
11 0.381250 0.435417 0.381250 0.445833 0.376563 0.456250 0.378125 0.470833 0.373437 0.491667 0.379688 0.491667 0.378125 0.487500 0.382812 0.472917 0.389062 0.491667 0.392188 0.491667 0.393750 0.487500 0.389062 0.481250 0.387500 0.437500
13 0.746875 0.468750 0.720313 0.554167 0.739062 0.587500 0.800000 0.608333 0.792188 0.752083 0.843750 0.904167 0.915625 0.981250 0.998437 0.995833 0.998437 0.516667 0.896875 0.525000 0.842187 0.477083
13 0.442188 0.458333 0.439063 0.466667 0.439063 0.472917 0.446875 0.472917 0.454688 0.477083 0.465625 0.477083 0.467187 0.481250 0.468750 0.477083 0.467187 0.466667 0.464062 0.464583 0.462500 0.466667 0.460938 0.464583 0.459375 0.466667 0.456250 0.466667 0.454688 0.464583 0.454688 0.456250 0.446875 0.456250 0.445312 0.454167
13 0.473438 0.468750 0.471875 0.483333 0.481250 0.483333 0.484375 0.502083 0.501563 0.522917 0.521875 0.516667 0.553125 0.531250 0.556250 0.514583 0.553125 0.445833 0.512500 0.437500 0.490625 0.470833
14 0.617188 0.512500 0.626563 0.529167 0.657813 0.550000 0.662500 0.485417 0.731250 0.491667 0.745313 0.466667 0.743750 0.456250 0.734375 0.447917 0.731250 0.425000 0.634375 0.414583 0.620313 0.462500