0 0.000000 0.887500 0.000000 0.997917 0.998437 0.997917 0.951562 0.854167 0.728125 0.691667 0.689063 0.712500 0.659375 0.600000 0.573438 0.602083 0.443750 0.470833 0.373437 0.485417 0.412500 0.502083
1 0.410938 0.500000 0.373437 0.489583 0.001563 0.612500 0.000000 0.885417
1 0.437500 0.472917 0.435937 0.470833 0.425000 0.479167 0.414062 0.479167 0.412500 0.483333 0.401562 0.483333 0.400000 0.479167 0.373437 0.479167 0.373437 0.481250 0.406250 0.487500 0.431250 0.487500 0.434375 0.485417
2 0.214062 0.289583 0.245312 0.314583 0.251563 0.314583 0.253125 0.318750 0.259375 0.318750 0.273438 0.329167 0.285938 0.329167 0.285938 0.322917 0.279687 0.312500 0.279687 0.302083 0.248438 0.295833 0.246875 0.281250 0.237500 0.279167 0.235937 0.291667
2 0.725000 0.275000 0.700000 0.287500 0.700000 0.256250 0.685937 0.252083 0.671875 0.302083 0.653125 0.306250 0.587500 0.372917 0.593750 0.418750 0.646875 0.418750 0.645312 0.358333 0.670312 0.350000 0.667188 0.312500 0.684375 0.295833 0.721875 0.304167
4 0.715625 0.479167 0.717187 0.487500 0.729688 0.508333 0.731250 0.527083 0.735938 0.522917 0.734375 0.508333 0.740625 0.495833 0.756250 0.493750 0.757812 0.497917 0.762500 0.497917 0.770312 0.487500
4 0.000000 0.352083 0.000000 0.612500 0.371875 0.491667 0.368750 0.445833
8 0.567187 0.370833 0.562500 0.450000 0.571875 0.425000 0.584375 0.425000 0.592187 0.418750 0.592187 0.393750 0.579688 0.389583 0.575000 0.379167 0.568750 0.377083
8 0.559375 0.364583 0.557813 0.370833 0.546875 0.375000 0.537500 0.404167 0.532813 0.410417 0.529687 0.408333 0.528125 0.472917 0.535937 0.468750 0.539062 0.475000 0.545312 0.475000 0.540625 0.466667 0.542188 0.458333 0.548438 0.454167 0.554688 0.462500 0.559375 0.456250
8 0.120313 0.364583 0.121875 0.364583 0.125000 0.370833 0.128125 0.370833 0.131250 0.375000 0.132812 0.381250 0.145313 0.383333 0.146875 0.387500 0.150000 0.383333 0.153125 0.383333 0.153125 0.377083 0.151562 0.372917 0.143750 0.366667 0.140625 0.366667 0.139063 0.364583 0.128125 0.364583 0.126562 0.362500
8 0.637500 0.304167 0.635938 0.304167 0.634375 0.314583 0.628125 0.316667 0.628125 0.325000 0.625000 0.329167 0.620313 0.320833 0.620313 0.329167 0.615625 0.337500 0.617188 0.345833 0.621875 0.343750 0.623437 0.339583 0.634375 0.329167 0.637500 0.329167 0.642188 0.320833 0.645312 0.320833 0.645312 0.318750 0.643750 0.320833 0.639062 0.314583
8 0.514062 0.445833 0.504687 0.347917 0.470313 0.410417 0.412500 0.316667 0.439063 0.300000 0.389062 0.079167 0.284375 0.333333 0.114062 0.254167 0.068750 0.287500 0.235937 0.379167 0.195312 0.400000 0.367188 0.445833 0.368750 0.385417 0.375000 0.477083 0.481250 0.462500 0.490625 0.406250
8 0.998437 0.000000 0.848437 0.000000 0.843750 0.062500 0.796875 0.008333 0.796875 0.110417 0.826562 0.110417 0.789062 0.225000 0.773438 0.191667 0.734375 0.200000 0.753125 0.247917 0.721875 0.306250 0.668750 0.312500 0.646875 0.416667 0.771875 0.485417 0.851562 0.422917 0.998437 0.397917
8 0.000000 0.000000 0.000000 0.122917 0.148438 0.256250 0.181250 0.268750 0.126562 0.220833 0.160938 0.200000 0.150000 0.120833 0.184375 0.114583 0.196875 0.093750 0.178125 0.047917 0.184375 0.002083
9 0.000000 0.125000 0.000000 0.350000 0.128125 0.381250 0.118750 0.364583 0.139063 0.362500 0.148438 0.387500 0.187500 0.397917 0.234375 0.381250 0.078125 0.306250 0.067187 0.287500 0.104688 0.252083 0.146875 0.262500 0.150000 0.289583 0.196875 0.287500
10 0.128125 0.225000 0.301563 0.304167 0.389062 0.077083 0.414062 0.316667 0.470313 0.408333 0.521875 0.335417 0.525000 0.412500 0.542188 0.308333 0.587500 0.387500 0.685937 0.250000 0.745313 0.256250 0.734375 0.197917 0.787500 0.225000 0.825000 0.108333 0.779687 0.029167 0.843750 0.060417 0.846875 0.000000 0.184375 0.000000 0.198437 0.093750
13 0.445312 0.460417 0.446875 0.472917 0.478125 0.481250 0.479687 0.495833 0.489063 0.506250 0.501563 0.500000 0.525000 0.510417 0.526563 0.468750 0.523438 0.450000 0.493750 0.445833 0.487500 0.460417 0.473438 0.468750 0.467187 0.462500 0.460938 0.464583 0.456250 0.454167 0.448437 0.454167
13 0.998437 0.945833 0.998437 0.400000 0.846875 0.427083 0.732812 0.529167 0.679688 0.427083 0.601562 0.416667 0.543750 0.458333 0.531250 0.558333 0.578125 0.602083 0.659375 0.597917 0.681250 0.704167 0.728125 0.689583 0.939063 0.841667