0 0.000000 0.879167 0.000000 0.997917 0.998437 0.997917 0.995313 0.900000 0.845313 0.785417 0.767188 0.789583 0.729688 0.633333 0.600000 0.629167 0.537500 0.518750 0.445312 0.468750 0.373437 0.485417 0.414062 0.502083
1 0.412500 0.502083 0.368750 0.493750 0.001563 0.608333 0.000000 0.877083
2 0.209375 0.281250 0.229687 0.293750 0.231250 0.297917 0.242188 0.300000 0.243750 0.304167 0.250000 0.306250 0.276562 0.297917 0.275000 0.293750 0.245312 0.289583 0.243750 0.270833 0.237500 0.268750 0.234375 0.270833 0.235937 0.281250 0.232813 0.285417
2 0.759375 0.260417 0.712500 0.281250 0.712500 0.250000 0.695312 0.247917 0.684375 0.297917 0.659375 0.302083 0.646875 0.327083 0.593750 0.372917 0.600000 0.425000 0.628125 0.408333 0.670312 0.414583 0.662500 0.379167 0.671875 0.343750 0.696875 0.339583 0.692187 0.295833 0.704688 0.281250 0.748437 0.291667
4 0.773438 0.487500 0.789062 0.520833 0.790625 0.558333 0.879687 0.547917 0.889062 0.512500 0.920312 0.512500 0.937500 0.497917
4 0.000000 0.343750 0.000000 0.608333 0.371875 0.491667 0.368750 0.443750
5 0.548438 0.302083 0.573438 0.339583 0.568750 0.454167 0.575000 0.333333
8 0.579688 0.377083 0.576562 0.377083 0.576562 0.381250 0.573438 0.383333 0.573438 0.420833 0.570312 0.445833 0.571875 0.458333 0.576562 0.431250 0.585938 0.422917 0.598437 0.425000 0.600000 0.393750 0.596875 0.389583 0.589063 0.389583
8 0.564063 0.364583 0.548438 0.381250 0.542188 0.404167 0.534375 0.406250 0.534375 0.425000 0.531250 0.427083 0.534375 0.475000 0.542188 0.468750 0.550000 0.475000 0.560937 0.475000 0.557813 0.464583 0.565625 0.454167 0.570312 0.368750
8 0.643750 0.302083 0.643750 0.308333 0.639062 0.314583 0.635938 0.312500 0.634375 0.316667 0.635938 0.322917 0.631250 0.327083 0.626563 0.320833 0.625000 0.331250 0.620313 0.337500 0.623437 0.341667 0.623437 0.345833 0.651563 0.318750 0.648438 0.316667
8 0.859375 0.000000 0.890625 0.058333 0.856250 0.164583 0.771875 0.170833 0.809375 0.189583 0.754687 0.289583 0.695312 0.293750 0.698438 0.339583 0.664062 0.381250 0.671875 0.414583 0.750000 0.433333 0.771875 0.485417 0.942187 0.495833 0.998437 0.454167 0.998437 0.000000
8 0.000000 0.000000 0.000000 0.341667 0.367188 0.443750 0.371875 0.381250 0.378125 0.477083 0.490625 0.460417 0.495312 0.391667 0.518750 0.443750 0.509375 0.347917 0.475000 0.412500 0.415625 0.312500 0.392188 0.066667 0.332813 0.164583 0.346875 0.243750 0.250000 0.308333 0.076563 0.179167 0.148438 0.000000
10 0.076563 0.168750 0.301563 0.297917 0.392188 0.064583 0.417187 0.312500 0.475000 0.410417 0.525000 0.331250 0.529687 0.410417 0.548438 0.300000 0.595313 0.387500 0.695312 0.245833 0.790625 0.225000 0.771875 0.168750 0.851562 0.168750 0.889062 0.056250 0.857812 0.000000 0.150000 0.000000
13 0.448437 0.456250 0.448437 0.470833 0.482812 0.481250 0.484375 0.495833 0.492188 0.506250 0.514062 0.502083 0.529687 0.512500 0.532813 0.458333 0.528125 0.450000 0.498437 0.445833 0.490625 0.462500 0.475000 0.470833 0.468750 0.460417 0.464062 0.464583 0.460938 0.456250
13 0.560937 0.458333 0.545312 0.570833 0.587500 0.581250 0.595313 0.622917 0.729688 0.631250 0.768750 0.789583 0.821875 0.810417 0.845313 0.783333 0.998437 0.902083 0.998437 0.456250 0.889062 0.514583 0.879687 0.550000 0.789062 0.558333 0.743750 0.431250 0.628125 0.410417