0 0.000000 0.352083 0.000000 0.997917 0.998437 0.997917 0.998437 0.868750 0.814063 0.760417 0.798438 0.675000 0.625000 0.545833
1 0.621875 0.543750 0.625000 0.543750 0.640625 0.560417 0.653125 0.564583 0.668750 0.575000 0.670312 0.579167 0.675000 0.581250 0.678125 0.566667 0.675000 0.572917 0.671875 0.572917 0.662500 0.562500 0.625000 0.537500
1 0.000000 0.535417 0.000000 0.727083 0.015625 0.687500 0.021875 0.633333 0.020313 0.583333
1 0.364063 0.489583 0.507812 0.543750 0.534375 0.543750 0.557813 0.510417 0.570312 0.512500 0.548438 0.497917 0.551562 0.508333 0.484375 0.514583
1 0.000000 0.329167 0.003125 0.352083 0.251563 0.443750 0.193750 0.408333
2 0.600000 0.433333 0.600000 0.435417 0.593750 0.441667 0.592187 0.447917 0.592187 0.464583 0.589063 0.468750 0.581250 0.472917 0.582812 0.481250 0.585938 0.483333 0.590625 0.481250 0.598437 0.468750 0.595313 0.462500 0.595313 0.458333 0.598437 0.454167 0.600000 0.441667 0.603125 0.439583 0.603125 0.435417
2 0.743750 0.397917 0.737500 0.404167 0.737500 0.410417 0.734375 0.416667 0.732812 0.437500 0.731250 0.439583 0.734375 0.450000 0.737500 0.441667 0.745313 0.433333 0.748437 0.414583 0.750000 0.412500 0.760938 0.414583 0.756250 0.414583 0.754687 0.412500 0.756250 0.410417 0.746875 0.408333 0.743750 0.404167
2 0.000000 0.000000 0.000000 0.120833 0.134375 0.183333 0.098437 0.131250 0.092188 0.075000 0.095312 0.050000 0.125000 0.039583 0.121875 0.020833 0.071875 0.000000
3 0.000000 0.297917 0.000000 0.327083 0.004687 0.327083 0.015625 0.333333 0.029687 0.335417 0.031250 0.339583 0.037500 0.341667 0.040625 0.339583 0.039062 0.335417 0.040625 0.329167 0.035937 0.320833 0.014063 0.308333 0.006250 0.308333 0.003125 0.304167 0.003125 0.300000
5 0.825000 0.385417 0.820312 0.389583 0.803125 0.497917 0.800000 0.500000 0.798438 0.535417 0.801562 0.535417
5 0.725000 0.368750 0.718750 0.425000 0.706250 0.485417 0.703125 0.537500
8 0.998437 0.295833 0.984375 0.316667 0.956250 0.287500 0.907813 0.341667 0.900000 0.308333 0.873437 0.345833 0.864062 0.316667 0.840625 0.383333 0.765625 0.389583 0.717187 0.447917 0.706250 0.533333 0.795312 0.533333 0.823438 0.383333 0.803125 0.537500 0.846875 0.570833 0.854688 0.539583 0.998437 0.475000
8 0.000000 0.122917 0.039062 0.341667 0.701562 0.537500 0.717187 0.410417 0.671875 0.454167 0.628125 0.333333 0.582812 0.483333 0.567187 0.335417 0.604688 0.327083 0.520312 0.227083 0.568750 0.233333 0.585938 0.000000 0.109375 0.000000 0.134375 0.185417
9 0.143750 0.385417 0.318750 0.475000 0.457813 0.506250 0.181250 0.389583
10 0.554688 0.039583 0.614062 0.060417 0.553125 0.141667 0.590625 0.139583 0.570312 0.233333 0.521875 0.225000 0.600000 0.302083 0.568750 0.335417 0.589063 0.439583 0.632812 0.329167 0.671875 0.452083 0.726562 0.368750 0.723437 0.454167 0.743750 0.395833 0.840625 0.381250 0.864062 0.314583 0.998437 0.293750 0.998437 0.000000 0.587500 0.000000
11 0.606250 0.479167 0.600000 0.479167 0.590625 0.502083 0.587500 0.529167 0.575000 0.556250 0.578125 0.566667 0.582812 0.566667 0.582812 0.556250 0.592187 0.539583 0.596875 0.550000 0.595313 0.568750 0.604688 0.570833 0.604688 0.520833 0.610938 0.516667 0.610938 0.489583
13 0.612500 0.504167 0.612500 0.516667 0.606250 0.520833 0.606250 0.533333 0.610938 0.537500 0.614062 0.537500 0.615625 0.539583 0.621875 0.541667 0.625000 0.535417 0.625000 0.520833 0.623437 0.518750 0.623437 0.510417 0.620313 0.508333 0.615625 0.508333 0.614062 0.504167
13 0.550000 0.493750 0.550000 0.497917 0.554688 0.502083 0.560937 0.502083 0.562500 0.506250 0.567187 0.506250 0.571875 0.512500 0.579688 0.516667 0.587500 0.516667 0.589063 0.514583 0.587500 0.510417 0.589063 0.502083 0.582812 0.497917 0.573438 0.497917 0.571875 0.500000 0.570312 0.497917 0.570312 0.489583 0.567187 0.479167 0.557813 0.479167 0.554688 0.483333 0.553125 0.491667
13 0.998437 0.866667 0.998437 0.477083 0.937500 0.489583 0.875000 0.550000 0.854688 0.541667 0.850000 0.572917 0.754687 0.520833 0.682813 0.560417 0.678125 0.614583 0.723437 0.656250 0.803125 0.679167 0.814063 0.758333 0.871875 0.764583