0 0.171875 0.477083 0.170313 0.510417 0.231250 0.520833 0.231250 0.483333
0 0.000000 0.983333 0.998437 0.997917 0.998437 0.770833 0.593750 0.575000 0.532813 0.487500 0.240625 0.487500 0.346875 0.597917
1 0.704688 0.547917 0.695312 0.595833 0.998437 0.768750 0.996875 0.670833 0.943750 0.635417 0.818750 0.618750 0.704688 0.562500 0.756250 0.554167
1 0.340625 0.562500 0.170313 0.512500 0.179688 0.554167 0.001563 0.625000 0.000000 0.981250 0.331250 0.618750
1 0.240625 0.472917 0.240625 0.485417 0.437500 0.502083 0.442188 0.485417 0.439063 0.472917 0.428125 0.483333 0.393750 0.489583
1 0.171875 0.468750 0.171875 0.475000 0.176563 0.477083 0.207813 0.477083 0.209375 0.481250 0.231250 0.481250 0.231250 0.470833 0.223438 0.468750 0.192188 0.468750 0.190625 0.466667 0.178125 0.468750 0.173437 0.466667
2 0.845313 0.197917 0.728125 0.302083 0.735938 0.320833 0.732812 0.406250 0.718750 0.414583 0.726562 0.483333 0.767188 0.489583 0.770312 0.425000 0.800000 0.393750 0.829688 0.391667
2 0.998437 0.022917 0.948438 0.058333 0.940625 0.143750 0.854688 0.189583 0.840625 0.391667 0.876563 0.395833 0.895312 0.425000 0.873437 0.570833 0.893750 0.568750 0.943750 0.343750 0.998437 0.316667
4 0.706250 0.483333 0.706250 0.537500 0.775000 0.547917 0.776563 0.535417 0.768750 0.514583 0.768750 0.491667
4 0.000000 0.325000 0.000000 0.625000 0.178125 0.554167 0.168750 0.529167 0.173437 0.385417
5 0.582812 0.270833 0.573438 0.445833 0.576562 0.443750
5 0.246875 0.204167 0.239063 0.237500 0.234375 0.537500
5 0.792188 0.000000 0.842187 0.060417 0.853125 0.112500 0.823438 0.616667 0.859375 0.106250 0.840625 0.041667
7 0.164062 0.193750 0.165625 0.210417 0.235937 0.220833 0.237500 0.225000 0.242188 0.220833 0.242188 0.204167 0.218750 0.202083 0.217188 0.197917 0.203125 0.197917 0.189062 0.191667 0.167187 0.189583
8 0.843750 0.391667 0.839063 0.397917 0.828125 0.581250 0.857812 0.581250 0.871875 0.570833 0.868750 0.554167 0.879687 0.533333 0.881250 0.489583 0.893750 0.450000 0.893750 0.425000 0.879687 0.400000
8 0.796875 0.397917 0.768750 0.435417 0.776563 0.552083 0.793750 0.575000 0.812500 0.581250 0.817187 0.572917 0.829688 0.393750
8 0.614062 0.358333 0.601562 0.364583 0.601562 0.383333 0.595313 0.400000 0.589063 0.389583 0.584375 0.402083 0.579688 0.402083 0.579688 0.372917 0.578125 0.437500 0.589063 0.416667 0.610938 0.406250
8 0.806250 0.222917 0.759375 0.254167 0.745313 0.233333 0.731250 0.268750 0.720313 0.260417 0.710938 0.312500 0.729688 0.320833 0.712500 0.377083 0.695312 0.377083 0.665625 0.285417 0.651563 0.312500 0.646875 0.297917 0.617188 0.360417 0.615625 0.404167 0.696875 0.420833 0.706250 0.481250 0.725000 0.481250 0.726562 0.302083
8 0.000000 0.091667 0.000000 0.322917 0.167187 0.377083 0.175000 0.445833 0.231250 0.464583 0.239063 0.227083 0.167187 0.187500 0.250000 0.206250 0.245312 0.466667 0.500000 0.470833 0.526563 0.377083 0.526563 0.483333 0.571875 0.450000 0.542188 0.316667 0.493750 0.406250 0.434375 0.310417 0.454688 0.210417 0.412500 0.191667 0.462500 0.160417 0.410938 0.150000 0.418750 0.000000 0.281250 0.000000 0.260937 0.122917 0.201563 0.077083 0.137500 0.175000
9 0.828125 0.583333 0.825000 0.616667 0.829688 0.620833 0.890625 0.631250 0.945312 0.629167 0.946875 0.616667 0.932813 0.606250 0.931250 0.587500 0.893750 0.572917 0.871875 0.572917 0.857812 0.583333
9 0.704688 0.539583 0.704688 0.545833 0.739062 0.545833 0.759375 0.556250 0.706250 0.560417 0.812500 0.612500 0.814063 0.583333 0.793750 0.577083 0.775000 0.550000
9 0.173437 0.447917 0.173437 0.464583 0.176563 0.466667 0.190625 0.464583 0.192188 0.466667 0.231250 0.468750 0.231250 0.466667 0.221875 0.466667 0.220312 0.462500 0.209375 0.462500 0.207813 0.458333 0.203125 0.458333 0.193750 0.452083 0.185938 0.452083 0.184375 0.447917
10 0.854688 0.187500 0.940625 0.141667 0.946875 0.058333 0.968750 0.029167 0.975000 0.039583 0.995313 0.025000 0.998437 0.000000 0.812500 0.000000 0.857812 0.075000
10 0.420312 0.000000 0.445312 0.116667 0.412500 0.150000 0.464062 0.166667 0.414062 0.200000 0.451562 0.197917 0.435937 0.310417 0.493750 0.404167 0.521875 0.300000 0.568750 0.381250 0.581250 0.268750 0.581250 0.402083 0.665625 0.283333 0.712500 0.375000 0.718750 0.260417 0.845313 0.195833 0.848437 0.081250 0.790625 0.000000
10 0.000000 0.000000 0.000000 0.089583 0.093750 0.164583 0.137500 0.172917 0.150000 0.154167 0.137500 0.106250 0.181250 0.156250 0.201563 0.075000 0.256250 0.125000 0.240625 0.058333 0.287500 0.070833 0.271875 0.045833 0.290625 0.039583 0.279687 0.000000
11 0.453125 0.435417 0.445312 0.437500 0.443750 0.452083 0.439063 0.460417 0.439063 0.470833 0.443750 0.479167 0.443750 0.485417 0.439063 0.489583 0.439063 0.502083 0.442188 0.502083 0.443750 0.506250 0.446875 0.506250 0.450000 0.502083 0.451562 0.468750 0.454688 0.458333
13 0.464062 0.464583 0.467187 0.470833 0.481250 0.472917 0.484375 0.477083 0.500000 0.475000 0.506250 0.485417 0.525000 0.487500 0.525000 0.468750 0.521875 0.462500 0.510938 0.460417 0.500000 0.472917 0.493750 0.454167 0.490625 0.452083 0.484375 0.460417 0.481250 0.456250 0.481250 0.447917 0.471875 0.445833
13 0.539062 0.470833 0.531250 0.512500 0.548438 0.529167 0.557813 0.522917 0.565625 0.547917 0.576562 0.539583 0.590625 0.570833 0.618750 0.558333 0.664062 0.575000 0.675000 0.591667 0.696875 0.585417 0.704688 0.537500 0.696875 0.422917 0.614062 0.406250
13 0.998437 0.318750 0.951562 0.333333 0.914062 0.437500 0.893750 0.570833 0.931250 0.585417 0.948438 0.616667 0.948438 0.641667 0.998437 0.670833