0 0.000000 0.870833 0.000000 0.997917 0.998437 0.997917 0.996875 0.802083 0.440625 0.468750 0.309375 0.487500 0.378125 0.533333
1 0.581250 0.520833 0.590625 0.554167 0.998437 0.802083 0.998437 0.670833 0.929688 0.666667 0.896875 0.625000 0.846875 0.631250 0.823438 0.602083 0.725000 0.589583 0.610938 0.535417 0.637500 0.522917
1 0.376563 0.529167 0.295312 0.502083 0.285938 0.525000 0.001563 0.602083 0.000000 0.868750
1 0.309375 0.485417 0.384375 0.491667 0.385937 0.495833 0.387500 0.487500 0.350000 0.483333 0.335938 0.477083 0.318750 0.477083 0.315625 0.472917 0.314063 0.477083 0.310937 0.472917
1 0.442188 0.479167 0.434375 0.470833 0.431250 0.470833 0.425000 0.477083 0.417187 0.477083 0.412500 0.479167 0.410938 0.483333 0.403125 0.483333 0.403125 0.487500 0.404687 0.489583 0.404687 0.495833 0.425000 0.495833 0.429688 0.487500 0.434375 0.487500 0.439063 0.481250 0.442188 0.481250
2 0.123438 0.214583 0.159375 0.241667 0.165625 0.241667 0.170313 0.235417 0.192188 0.235417 0.181250 0.227083 0.181250 0.212500 0.173437 0.206250 0.167187 0.208333 0.165625 0.225000 0.139063 0.218750 0.134375 0.212500 0.134375 0.204167 0.129688 0.200000 0.131250 0.214583
2 0.998437 0.118750 0.837500 0.206250 0.829688 0.162500 0.801562 0.156250 0.782813 0.233333 0.662500 0.314583 0.651563 0.422917 0.715625 0.393750 0.832812 0.433333 0.826562 0.470833 0.998437 0.481250
4 0.729688 0.491667 0.721875 0.572917 0.725000 0.587500 0.823438 0.600000 0.818750 0.564583 0.832812 0.508333 0.815625 0.500000
4 0.584375 0.483333 0.581250 0.518750 0.603125 0.520833 0.610938 0.516667 0.637500 0.520833 0.639062 0.510417 0.634375 0.502083 0.634375 0.485417 0.631250 0.481250 0.604688 0.477083 0.601562 0.483333
4 0.000000 0.343750 0.000000 0.597917 0.293750 0.516667 0.295312 0.425000
5 0.314063 0.333333 0.310937 0.333333 0.304688 0.506250 0.307812 0.506250
5 0.615625 0.191667 0.656250 0.252083 0.640625 0.552083 0.659375 0.252083
7 0.268750 0.316667 0.268750 0.325000 0.270313 0.327083 0.275000 0.325000 0.276562 0.327083 0.295312 0.329167 0.296875 0.331250 0.314063 0.331250 0.314063 0.322917 0.312500 0.320833 0.289062 0.318750 0.287500 0.316667 0.271875 0.316667 0.270313 0.314583
8 0.670312 0.420833 0.651563 0.425000 0.648438 0.452083 0.646875 0.529167 0.660937 0.533333 0.662500 0.537500 0.662500 0.529167 0.657813 0.522917 0.657813 0.502083
8 0.539062 0.393750 0.539062 0.429167 0.542188 0.429167 0.543750 0.433333 0.553125 0.433333 0.553125 0.420833 0.554688 0.416667 0.551562 0.412500 0.548438 0.412500 0.546875 0.414583 0.543750 0.410417 0.543750 0.406250 0.540625 0.404167 0.540625 0.393750
8 0.600000 0.327083 0.578125 0.350000 0.578125 0.364583 0.568750 0.366667 0.560937 0.385417 0.557813 0.435417 0.581250 0.441667 0.584375 0.481250 0.631250 0.479167 0.639062 0.508333 0.645312 0.393750 0.640625 0.402083 0.629687 0.370833 0.623437 0.379167 0.612500 0.366667
8 0.714063 0.277083 0.707812 0.277083 0.704688 0.268750 0.698438 0.275000 0.698438 0.285417 0.690625 0.289583 0.681250 0.270833 0.679688 0.283333 0.670312 0.287500 0.670312 0.300000 0.662500 0.293750 0.662500 0.302083 0.657813 0.308333 0.657813 0.322917 0.662500 0.320833 0.662500 0.312500 0.673438 0.310417
8 0.000000 0.125000 0.053125 0.358333 0.295312 0.422917 0.303125 0.470833 0.309375 0.333333 0.267188 0.316667 0.312500 0.318750 0.310937 0.470833 0.532813 0.429167 0.514062 0.331250 0.471875 0.408333 0.421875 0.329167 0.384375 0.000000 0.307812 0.000000 0.304688 0.156250 0.223438 0.233333
9 0.643750 0.531250 0.645312 0.539583 0.642188 0.552083 0.653125 0.556250 0.689063 0.558333 0.687500 0.552083 0.675000 0.545833 0.667188 0.539583 0.665625 0.535417 0.662500 0.539583 0.660937 0.535417 0.651563 0.535417 0.650000 0.531250
9 0.000000 0.175000 0.000000 0.341667 0.051562 0.356250 0.045312 0.343750 0.051562 0.310417 0.020313 0.266667 0.021875 0.256250 0.031250 0.256250 0.029687 0.237500 0.043750 0.222917
10 0.385937 0.000000 0.404687 0.220833 0.439063 0.231250 0.398438 0.254167 0.471875 0.406250 0.495312 0.316667 0.535937 0.381250 0.539062 0.300000 0.542188 0.404167 0.600000 0.325000 0.646875 0.393750 0.654687 0.252083 0.615625 0.189583 0.659375 0.304167 0.782813 0.231250 0.801562 0.154167 0.837500 0.204167 0.998437 0.116667 0.998437 0.000000
10 0.000000 0.000000 0.000000 0.122917 0.110937 0.208333 0.165625 0.222917 0.173437 0.204167 0.201563 0.233333 0.200000 0.200000 0.223438 0.231250 0.240625 0.172917 0.268750 0.204167 0.264062 0.152083 0.303125 0.156250 0.287500 0.141667 0.303125 0.122917 0.282813 0.041667 0.317188 0.041667 0.306250 0.000000
11 0.398438 0.433333 0.390625 0.452083 0.387500 0.495833 0.392188 0.495833 0.390625 0.489583 0.395313 0.483333 0.398438 0.485417 0.398438 0.491667 0.403125 0.495833 0.401562 0.479167 0.406250 0.452083 0.403125 0.447917 0.403125 0.437500
13 0.445312 0.456250 0.445312 0.460417 0.443750 0.462500 0.443750 0.470833 0.445312 0.472917 0.451562 0.472917 0.453125 0.475000 0.457813 0.475000 0.459375 0.477083 0.473438 0.477083 0.473438 0.468750 0.470313 0.464583 0.460938 0.464583 0.459375 0.462500 0.459375 0.456250 0.457813 0.454167 0.446875 0.454167
13 0.478125 0.470833 0.476562 0.481250 0.487500 0.483333 0.492188 0.506250 0.506250 0.522917 0.512500 0.516667 0.515625 0.531250 0.535937 0.525000 0.576562 0.543750 0.582812 0.502083 0.579688 0.441667 0.528125 0.431250 0.496875 0.475000 0.490625 0.464583
13 0.678125 0.404167 0.659375 0.522917 0.701562 0.568750 0.721875 0.570833 0.732812 0.487500 0.835938 0.512500 0.820312 0.564583 0.835938 0.622917 0.884375 0.618750 0.929688 0.664583 0.998437 0.668750 0.996875 0.479167 0.825000 0.470833 0.832812 0.435417