0 0.000000 0.385417 0.000000 0.491667 0.107813 0.620833 0.000000 0.997917 0.998437 0.997917 0.998437 0.841667 0.859375 0.816667 0.818750 0.718750 0.548438 0.493750 0.531250 0.537500 0.512500 0.479167 0.451562 0.518750
1 0.573438 0.512500 0.582812 0.518750 0.590625 0.527083 0.598437 0.529167 0.600000 0.533333 0.610938 0.535417 0.610938 0.527083 0.612500 0.525000 0.607812 0.525000 0.603125 0.520833 0.595313 0.518750 0.579688 0.508333 0.576562 0.508333
1 0.006250 0.493750 0.000000 0.902083 0.079687 0.752083 0.106250 0.647917 0.104688 0.612500 0.075000 0.554167
1 0.000000 0.364583 0.010937 0.387500 0.481250 0.518750 0.509375 0.489583 0.501563 0.472917 0.462500 0.489583 0.346875 0.475000
2 0.675000 0.345833 0.675000 0.385417 0.664062 0.418750 0.657813 0.416667 0.659375 0.431250 0.675000 0.425000 0.675000 0.408333 0.685937 0.383333 0.696875 0.383333 0.696875 0.379167 0.678125 0.370833
2 0.998437 0.247917 0.893750 0.316667 0.912500 0.322917 0.904687 0.408333 0.998437 0.402083
2 0.000000 0.004167 0.000000 0.164583 0.065625 0.189583 0.059375 0.150000 0.045312 0.133333 0.035937 0.068750 0.045312 0.054167 0.067187 0.056250 0.056250 0.016667 0.046875 0.008333
3 0.000000 0.352083 0.000000 0.362500 0.043750 0.372917 0.045312 0.377083 0.064062 0.377083 0.068750 0.372917 0.079687 0.379167 0.084375 0.377083 0.084375 0.368750 0.071875 0.368750 0.068750 0.372917 0.057813 0.358333 0.029687 0.354167 0.017188 0.345833 0.012500 0.345833 0.007812 0.354167
4 0.000000 0.270833 0.001563 0.287500 0.084375 0.329167 0.098437 0.345833 0.137500 0.350000 0.162500 0.335417 0.114062 0.302083
5 0.737500 0.352083 0.717187 0.468750 0.717187 0.491667 0.720313 0.487500 0.720313 0.472917 0.723437 0.470833 0.728125 0.420833 0.731250 0.418750 0.739062 0.360417
8 0.982812 0.243750 0.887500 0.281250 0.865625 0.254167 0.809375 0.312500 0.803125 0.281250 0.779687 0.314583 0.773438 0.291667 0.756250 0.350000 0.704688 0.360417 0.675000 0.427083 0.656250 0.429167 0.657813 0.393750 0.648438 0.481250 0.715625 0.491667 0.737500 0.350000 0.721875 0.485417 0.792188 0.429167 0.903125 0.408333 0.910937 0.322917 0.892188 0.316667
8 0.050000 0.000000 0.067187 0.189583 0.000000 0.166667 0.000000 0.268750 0.164062 0.335417 0.000000 0.287500 0.000000 0.350000 0.346875 0.472917 0.645312 0.483333 0.646875 0.362500 0.620313 0.425000 0.582812 0.304167 0.546875 0.431250 0.539062 0.289583 0.476562 0.243750 0.543750 0.068750 0.485938 0.047917 0.520312 0.000000
10 0.487500 0.043750 0.545312 0.064583 0.493750 0.141667 0.526563 0.141667 0.509375 0.227083 0.475000 0.227083 0.540625 0.289583 0.545312 0.418750 0.582812 0.302083 0.620313 0.422917 0.664062 0.327083 0.662500 0.418750 0.676562 0.350000 0.754687 0.350000 0.773438 0.289583 0.998437 0.245833 0.998437 0.000000 0.521875 0.000000
11 0.540625 0.445833 0.531250 0.447917 0.529687 0.466667 0.526563 0.470833 0.525000 0.483333 0.526563 0.506250 0.521875 0.531250 0.535937 0.535417 0.534375 0.522917 0.539062 0.497917 0.543750 0.487500 0.545312 0.456250
13 0.556250 0.479167 0.553125 0.487500 0.550000 0.489583 0.550000 0.502083 0.553125 0.502083 0.554688 0.506250 0.564063 0.506250 0.565625 0.508333 0.573438 0.510417 0.576562 0.506250 0.576562 0.489583 0.575000 0.485417 0.571875 0.483333 0.570312 0.479167
13 0.503125 0.468750 0.503125 0.472917 0.504687 0.472917 0.507812 0.477083 0.512500 0.477083 0.514062 0.481250 0.520312 0.481250 0.521875 0.483333 0.525000 0.481250 0.525000 0.470833 0.526563 0.468750 0.525000 0.466667 0.525000 0.460417 0.523438 0.458333 0.520312 0.458333 0.518750 0.456250 0.510938 0.456250 0.509375 0.464583 0.506250 0.468750
13 0.998437 0.839583 0.998437 0.404167 0.792188 0.431250 0.737500 0.491667 0.654687 0.479167 0.612500 0.527083 0.612500 0.568750 0.692187 0.597917 0.700000 0.658333 0.739062 0.654167 0.818750 0.716667 0.851562 0.808333 0.889062 0.822917 0.915625 0.793750