0 0.000000 0.331250 0.000000 0.997917 0.998437 0.997917 0.996875 0.872917 0.892188 0.831250 0.867188 0.725000 0.653125 0.562500
1 0.654687 0.556250 0.654687 0.562500 0.667188 0.575000 0.701562 0.595833 0.715625 0.610417 0.715625 0.600000 0.703125 0.595833 0.692187 0.583333 0.687500 0.583333
1 0.557813 0.531250 0.557813 0.537500 0.578125 0.529167 0.595313 0.529167 0.598437 0.533333 0.617188 0.539583 0.625000 0.547917 0.626563 0.541667 0.618750 0.535417 0.600000 0.531250 0.582812 0.518750 0.578125 0.527083 0.565625 0.522917 0.560937 0.531250
1 0.420312 0.504167 0.421875 0.512500 0.526563 0.554167 0.534375 0.554167 0.550000 0.539583 0.537500 0.529167 0.503125 0.527083
1 0.000000 0.310417 0.000000 0.329167 0.243750 0.429167 0.168750 0.383333
2 0.798438 0.435417 0.792188 0.431250 0.789062 0.431250 0.785937 0.427083 0.784375 0.429167 0.782813 0.425000 0.776563 0.425000 0.771875 0.439583 0.771875 0.450000 0.770312 0.452083 0.771875 0.460417 0.775000 0.460417 0.778125 0.456250 0.778125 0.452083 0.782813 0.443750 0.782813 0.437500 0.784375 0.435417
2 0.000000 0.000000 0.001563 0.100000 0.159375 0.177083 0.142187 0.141667 0.132812 0.079167 0.142187 0.037500 0.164062 0.035417 0.159375 0.020833 0.071875 0.000000
5 0.879687 0.406250 0.875000 0.412500 0.851562 0.518750 0.845313 0.560417 0.850000 0.568750 0.878125 0.433333
5 0.048438 0.129167 0.018750 0.300000 0.023438 0.318750 0.029687 0.318750
8 0.000000 0.100000 0.018750 0.314583 0.048438 0.127083 0.081250 0.341667 0.551562 0.539583 0.646875 0.495833 0.709375 0.597917 0.843750 0.564583 0.879687 0.404167 0.854688 0.566667 0.998437 0.566667 0.998437 0.327083 0.712500 0.477083 0.667188 0.343750 0.610938 0.447917 0.635938 0.312500 0.553125 0.231250 0.606250 0.241667 0.629687 0.000000 0.148438 0.000000 0.159375 0.179167
9 0.031250 0.304167 0.284375 0.454167 0.500000 0.522917 0.170313 0.364583 0.081250 0.343750
10 0.596875 0.041667 0.654687 0.062500 0.589063 0.147917 0.631250 0.145833 0.607812 0.241667 0.554688 0.231250 0.637500 0.312500 0.639062 0.352083 0.600000 0.341667 0.617188 0.454167 0.667188 0.341667 0.712500 0.475000 0.745313 0.408333 0.762500 0.466667 0.776563 0.422917 0.895312 0.402083 0.921875 0.333333 0.935937 0.362500 0.998437 0.325000 0.998437 0.000000 0.631250 0.000000
10 0.073438 0.000000 0.110937 0.010417 0.118750 0.008333 0.140625 0.016667 0.156250 0.016667 0.154688 0.008333 0.151562 0.008333 0.146875 0.000000
11 0.646875 0.497917 0.640625 0.497917 0.635938 0.516667 0.628125 0.527083 0.625000 0.556250 0.615625 0.572917 0.615625 0.579167 0.620313 0.581250 0.623437 0.570833 0.631250 0.566667 0.631250 0.585417 0.628125 0.589583 0.632812 0.593750 0.639062 0.591667 0.637500 0.577083 0.640625 0.560417 0.653125 0.560417 0.654687 0.531250 0.648438 0.518750
13 0.718750 0.591667 0.714063 0.639583 0.765625 0.689583 0.871875 0.729167 0.881250 0.818750 0.998437 0.872917 0.998437 0.568750 0.965625 0.593750 0.945312 0.583333 0.915625 0.631250 0.910937 0.606250 0.818750 0.552083 0.768750 0.550000