0 0.265625 0.487500 0.265625 0.502083 0.282813 0.502083 0.282813 0.497917 0.284375 0.495833 0.285938 0.495833 0.285938 0.485417 0.281250 0.485417 0.279687 0.483333 0.268750 0.483333 0.268750 0.485417 0.267188 0.487500
0 0.000000 0.879167 0.000000 0.997917 0.998437 0.997917 0.996875 0.810417 0.439063 0.468750 0.292187 0.485417 0.367188 0.547917
1 0.601562 0.531250 0.600000 0.560417 0.998437 0.810417 0.998437 0.677083 0.968750 0.691667 0.937500 0.650000 0.776563 0.618750 0.773438 0.583333 0.685937 0.577083 0.623437 0.543750 0.668750 0.535417
1 0.365625 0.535417 0.265625 0.504167 0.259375 0.531250 0.000000 0.600000 0.000000 0.877083
1 0.442188 0.477083 0.439063 0.477083 0.434375 0.472917 0.431250 0.472917 0.428125 0.477083 0.425000 0.477083 0.423438 0.479167 0.421875 0.477083 0.417187 0.477083 0.414062 0.479167 0.412500 0.483333 0.412500 0.495833 0.414062 0.497917 0.423438 0.497917 0.425000 0.495833 0.428125 0.495833 0.429688 0.491667 0.432812 0.491667 0.434375 0.487500 0.439063 0.485417 0.442188 0.481250
1 0.292187 0.472917 0.293750 0.485417 0.396875 0.495833 0.396875 0.483333 0.357812 0.485417
2 0.685937 0.306250 0.673438 0.316667 0.670312 0.306250 0.664062 0.310417 0.673438 0.318750 0.656250 0.343750 0.662500 0.350000 0.667188 0.368750 0.664062 0.377083 0.664062 0.439583 0.678125 0.425000
2 0.178125 0.218750 0.170313 0.210417 0.168750 0.191667 0.162500 0.187500 0.154688 0.189583 0.153125 0.206250 0.109375 0.195833 0.107813 0.191667 0.115625 0.204167 0.128125 0.214583 0.146875 0.222917
2 0.998437 0.125000 0.875000 0.191667 0.867188 0.141667 0.835938 0.139583 0.815625 0.222917 0.693750 0.304167 0.685937 0.420833 0.765625 0.385417 0.889062 0.408333 0.951562 0.445833 0.967187 0.508333 0.998437 0.477083
4 0.796875 0.504167 0.792188 0.620833 0.815625 0.620833 0.823438 0.581250 0.843750 0.591667 0.860938 0.585417 0.873437 0.591667 0.879687 0.631250 0.934375 0.639583 0.931250 0.608333 0.943750 0.529167
4 0.604688 0.489583 0.603125 0.527083 0.618750 0.529167 0.626563 0.525000 0.660937 0.529167 0.665625 0.533333 0.660937 0.508333 0.660937 0.489583 0.657813 0.485417 0.637500 0.485417 0.620313 0.479167 0.617188 0.489583
4 0.000000 0.337500 0.000000 0.595833 0.267188 0.522917 0.268750 0.416667
5 0.296875 0.310417 0.292187 0.310417 0.284375 0.508333 0.290625 0.491667
5 0.646875 0.154167 0.690625 0.218750 0.673438 0.568750 0.695312 0.229167
7 0.243750 0.289583 0.243750 0.300000 0.260937 0.300000 0.262500 0.304167 0.296875 0.308333 0.295312 0.295833 0.281250 0.295833 0.279687 0.291667
8 0.684375 0.422917 0.678125 0.543750 0.684375 0.550000 0.707812 0.554167 0.709375 0.541667 0.700000 0.537500 0.698438 0.518750 0.704688 0.458333 0.715625 0.420833
8 0.612500 0.320833 0.603125 0.337500 0.596875 0.331250 0.559375 0.414583 0.545312 0.393750 0.545312 0.425000 0.564063 0.429167 0.567187 0.418750 0.568750 0.431250 0.598437 0.439583 0.604688 0.487500 0.620313 0.477083 0.657813 0.483333 0.670312 0.533333 0.676562 0.431250 0.662500 0.439583 0.662500 0.395833 0.651563 0.402083 0.640625 0.368750 0.631250 0.377083
8 0.743750 0.258333 0.734375 0.260417 0.725000 0.275000 0.721875 0.275000 0.717187 0.266667 0.710938 0.272917 0.712500 0.283333 0.703125 0.287500 0.695312 0.275000 0.693750 0.302083 0.704688 0.297917 0.706250 0.293750 0.731250 0.277083 0.743750 0.264583
8 0.000000 0.110417 0.000000 0.335417 0.259375 0.408333 0.285938 0.470833 0.290625 0.310417 0.242188 0.300000 0.279687 0.289583 0.292187 0.470833 0.540625 0.429167 0.509375 0.322917 0.476562 0.410417 0.414062 0.337500 0.434375 0.252083 0.396875 0.237500 0.440625 0.212500 0.401562 0.202083 0.396875 0.000000 0.273438 0.004167 0.296875 0.131250 0.256250 0.122917 0.267188 0.181250 0.223438 0.141667 0.209375 0.208333 0.173437 0.170833 0.175000 0.222917
9 0.782813 0.587500 0.778125 0.618750 0.796875 0.627083 0.937500 0.647917 0.923438 0.637500 0.879687 0.633333 0.871875 0.591667 0.860938 0.587500 0.843750 0.593750 0.823438 0.583333 0.815625 0.622917 0.792188 0.622917 0.789062 0.583333
9 0.678125 0.545833 0.675000 0.562500 0.676562 0.570833 0.685937 0.575000 0.739062 0.579167 0.739062 0.572917 0.732812 0.566667 0.720313 0.562500 0.710938 0.552083 0.704688 0.556250 0.703125 0.552083 0.684375 0.552083
9 0.625000 0.543750 0.628125 0.547917 0.637500 0.550000 0.640625 0.554167 0.643750 0.554167 0.651563 0.560417 0.657813 0.560417 0.659375 0.564583 0.665625 0.566667 0.668750 0.541667 0.628125 0.541667
10 0.389062 0.016667 0.403125 0.202083 0.442188 0.212500 0.398438 0.237500 0.435937 0.252083 0.415625 0.337500 0.475000 0.408333 0.500000 0.314583 0.542188 0.385417 0.546875 0.295833 0.554688 0.412500 0.612500 0.318750 0.662500 0.393750 0.692187 0.241667 0.646875 0.152083 0.706250 0.285417 0.815625 0.220833 0.835938 0.137500 0.875000 0.189583 0.998437 0.122917 0.998437 0.000000
10 0.000000 0.108333 0.098437 0.189583 0.153125 0.204167 0.162500 0.185417 0.182812 0.214583 0.176563 0.168750 0.209375 0.206250 0.223438 0.139583 0.267188 0.179167 0.254688 0.122917 0.295312 0.131250 0.271875 0.004167 0.314063 0.002083 0.000000 0.000000
11 0.406250 0.431250 0.404687 0.441667 0.398438 0.452083 0.398438 0.470833 0.401562 0.472917 0.401562 0.481250 0.398438 0.483333 0.398438 0.497917 0.403125 0.497917 0.404687 0.481250 0.406250 0.497917 0.410938 0.500000 0.410938 0.483333 0.415625 0.477083 0.412500 0.475000 0.415625 0.470833 0.415625 0.452083 0.410938 0.443750 0.410938 0.431250
13 0.445312 0.460417 0.445312 0.472917 0.451562 0.472917 0.457813 0.477083 0.468750 0.477083 0.470313 0.481250 0.475000 0.481250 0.476562 0.472917 0.473438 0.466667 0.462500 0.466667 0.457813 0.454167 0.456250 0.456250 0.454688 0.454167 0.448437 0.454167
13 0.479687 0.472917 0.481250 0.487500 0.498437 0.491667 0.500000 0.512500 0.514062 0.529167 0.526563 0.529167 0.526563 0.543750 0.570312 0.539583 0.585938 0.558333 0.596875 0.558333 0.603125 0.456250 0.593750 0.437500 0.543750 0.427083 0.501563 0.479167 0.493750 0.466667
13 0.775000 0.425000 0.771875 0.429167 0.775000 0.437500 0.770312 0.452083 0.776563 0.454167 0.781250 0.460417 0.795312 0.460417 0.798438 0.470833 0.798438 0.462500 0.800000 0.460417 0.798438 0.454167 0.793750 0.445833 0.784375 0.445833 0.782813 0.441667 0.779687 0.441667 0.778125 0.439583 0.779687 0.427083
13 0.726562 0.395833 0.714063 0.431250 0.846875 0.429167 0.832812 0.406250 0.934375 0.443750 0.901563 0.447917 0.881250 0.508333 0.793750 0.495833 0.771875 0.585417 0.796875 0.502083 0.918750 0.527083 0.923438 0.497917 0.945312 0.529167 0.940625 0.662500 0.998437 0.675000 0.998437 0.479167 0.960938 0.514583 0.953125 0.450000 0.906250 0.416667
14 0.939063 0.454167 0.907813 0.425000 0.818750 0.414583 0.846875 0.431250 0.775000 0.410417 0.764062 0.439583 0.725000 0.425000 0.710938 0.437500 0.700000 0.533333 0.760938 0.591667 0.778125 0.568750 0.793750 0.493750 0.881250 0.506250 0.900000 0.487500 0.901563 0.445833