0 0.000000 0.116667 0.000000 0.997917 0.998437 0.997917 0.998437 0.947917
1 0.165625 0.250000 0.189062 0.277083 0.203125 0.287500 0.214062 0.289583 0.245312 0.314583 0.243750 0.302083 0.232813 0.300000 0.223438 0.289583 0.218750 0.289583
2 0.529687 0.202083 0.510938 0.283333 0.550000 0.302083 0.564063 0.283333 0.570312 0.308333 0.582812 0.310417 0.587500 0.304167 0.587500 0.225000 0.546875 0.218750 0.542188 0.204167
2 0.295312 0.122917 0.298438 0.197917 0.414062 0.252083 0.504687 0.277083 0.521875 0.197917 0.453125 0.183333 0.453125 0.143750 0.437500 0.143750 0.428125 0.177083 0.365625 0.175000 0.356250 0.156250 0.304688 0.145833 0.304688 0.122917
2 0.139063 0.100000 0.143750 0.108333 0.143750 0.114583 0.153125 0.116667 0.162500 0.122917 0.173437 0.120833 0.176563 0.112500 0.178125 0.114583 0.181250 0.112500 0.181250 0.104167 0.179688 0.102083 0.170313 0.102083 0.168750 0.097917 0.165625 0.102083 0.159375 0.097917 0.153125 0.097917 0.151562 0.100000 0.145313 0.097917 0.146875 0.100000 0.145313 0.102083
3 0.134375 0.191667 0.135937 0.195833 0.132812 0.195833 0.132812 0.206250 0.128125 0.216667 0.160938 0.245833 0.189062 0.264583 0.184375 0.258333 0.184375 0.245833 0.178125 0.237500 0.178125 0.231250 0.185938 0.225000 0.184375 0.220833 0.157812 0.200000
3 0.059375 0.160417 0.065625 0.168750 0.084375 0.179167 0.085938 0.183333 0.115625 0.204167 0.114062 0.200000 0.096875 0.189583 0.100000 0.181250 0.109375 0.179167 0.090625 0.156250 0.073438 0.150000 0.071875 0.156250 0.068750 0.154167 0.060937 0.162500
4 0.179688 0.231250 0.187500 0.252083 0.185938 0.258333 0.198437 0.272917 0.223438 0.287500 0.232813 0.297917 0.246875 0.300000 0.253125 0.266667 0.251563 0.258333 0.242188 0.252083 0.237500 0.254167 0.229687 0.243750 0.206250 0.229167 0.185938 0.222917
5 0.501563 0.291667 0.457813 0.466667 0.459375 0.481250
5 0.556250 0.000000 0.553125 0.085417 0.503125 0.287500 0.520312 0.241667 0.559375 0.070833
8 0.000000 0.000000 0.057813 0.162500 0.246875 0.252083 0.998437 0.945833 0.998437 0.000000 0.620313 0.012500 0.582812 0.312500 0.298438 0.200000 0.248438 0.050000 0.162500 0.125000
9 0.889062 0.843750 0.892188 0.852083 0.900000 0.856250 0.901563 0.860417 0.906250 0.862500 0.910937 0.870833 0.917188 0.872917 0.920312 0.877083 0.928125 0.879167 0.926562 0.868750 0.921875 0.866667 0.917188 0.860417 0.909375 0.858333 0.904687 0.854167 0.901563 0.847917
9 0.632812 0.633333 0.685937 0.677083 0.728125 0.725000 0.784375 0.768750 0.795312 0.766667 0.723437 0.695833
10 0.673438 0.000000 0.557813 0.000000 0.560937 0.070833 0.529687 0.200000 0.587500 0.220833 0.584375 0.185417 0.603125 0.189583 0.596875 0.152083 0.626563 0.185417 0.607812 0.112500 0.617188 0.100000 0.609375 0.077083 0.623437 0.083333 0.618750 0.012500 0.645312 0.056250 0.642188 0.010417 0.660937 0.027083
10 0.075000 0.000000 0.139063 0.097917 0.181250 0.100000 0.214062 0.033333 0.267188 0.068750 0.304688 0.143750 0.428125 0.175000 0.453125 0.141667 0.453125 0.181250 0.510938 0.195833 0.556250 0.052083 0.551562 0.000000
13 0.098437 0.185417 0.098437 0.189583 0.103125 0.189583 0.104688 0.193750 0.114062 0.197917 0.123438 0.210417 0.129688 0.210417 0.131250 0.195833 0.132812 0.193750 0.134375 0.195833 0.131250 0.181250 0.121875 0.170833 0.117188 0.170833 0.115625 0.177083 0.109375 0.177083 0.106250 0.181250
13 0.000000 0.070833 0.000000 0.114583 0.009375 0.120833 0.023438 0.141667 0.040625 0.147917 0.050000 0.158333 0.057813 0.158333 0.064062 0.143750 0.057813 0.139583 0.056250 0.122917 0.026562 0.100000 0.020313 0.083333