0 0.000000 0.712500 0.000000 0.997917 0.998437 0.997917 0.996875 0.870833 0.498437 0.487500
1 0.550000 0.504167 0.998437 0.870833 0.998437 0.681250 0.856250 0.654167
1 0.457813 0.489583 0.343750 0.489583 0.323437 0.508333 0.265625 0.493750 0.260937 0.529167 0.004687 0.577083 0.000000 0.710417
2 0.679688 0.360417 0.675000 0.358333 0.668750 0.364583 0.665625 0.362500 0.651563 0.362500 0.648438 0.377083 0.654687 0.385417 0.656250 0.391667 0.662500 0.391667 0.665625 0.395833 0.671875 0.393750 0.678125 0.381250
2 0.000000 0.000000 0.000000 0.379167 0.051562 0.387500 0.126562 0.320833 0.217188 0.362500 0.242188 0.429167 0.425000 0.422917 0.454688 0.487500 0.464062 0.456250 0.532813 0.468750 0.176563 0.083333 0.215625 0.083333 0.178125 0.000000
3 0.632812 0.493750 0.629687 0.543750 0.698438 0.575000 0.707812 0.572917 0.715625 0.562500 0.715625 0.529167 0.718750 0.514583 0.725000 0.508333 0.718750 0.504167 0.710938 0.508333 0.689063 0.497917 0.634375 0.497917
4 0.703125 0.577083 0.885938 0.662500 0.998437 0.679167 0.998437 0.531250 0.959375 0.525000 0.954688 0.541667 0.932813 0.539583 0.928125 0.518750 0.725000 0.510417 0.718750 0.558333
4 0.559375 0.489583 0.560937 0.493750 0.559375 0.506250 0.576562 0.516667 0.582812 0.516667 0.592187 0.522917 0.598437 0.522917 0.595313 0.512500 0.598437 0.506250 0.598437 0.493750 0.593750 0.493750 0.592187 0.489583 0.581250 0.489583 0.579688 0.487500 0.560937 0.487500
4 0.425000 0.466667 0.425000 0.481250 0.421875 0.487500 0.421875 0.495833 0.434375 0.495833 0.435937 0.491667 0.450000 0.491667 0.450000 0.489583 0.453125 0.487500 0.454688 0.470833 0.451562 0.468750
4 0.412500 0.458333 0.390625 0.458333 0.387500 0.470833 0.373437 0.464583 0.367188 0.466667 0.362500 0.483333 0.356250 0.491667 0.415625 0.495833 0.412500 0.491667
4 0.000000 0.381250 0.000000 0.568750 0.170313 0.537500 0.162500 0.477083 0.190625 0.462500 0.181250 0.445833 0.203125 0.477083 0.179688 0.502083 0.212500 0.512500 0.200000 0.537500 0.262500 0.522917 0.262500 0.422917
5 0.604688 0.243750 0.601562 0.245833 0.609375 0.258333 0.628125 0.272917 0.639062 0.291667 0.637500 0.391667 0.642188 0.293750 0.634375 0.275000
8 0.192188 0.450000 0.181250 0.447917 0.192188 0.460417 0.179688 0.472917 0.171875 0.466667 0.164062 0.477083 0.173437 0.520833 0.171875 0.537500 0.146875 0.547917 0.198437 0.537500 0.195312 0.529167 0.210938 0.516667 0.192188 0.495833 0.184375 0.504167 0.176563 0.497917 0.201563 0.477083
8 0.437500 0.441667 0.425000 0.425000 0.400000 0.431250 0.385937 0.447917 0.346875 0.443750 0.346875 0.487500 0.359375 0.485417 0.367188 0.464583 0.387500 0.468750 0.390625 0.456250 0.410938 0.454167 0.414062 0.491667 0.420312 0.495833 0.423438 0.466667 0.431250 0.460417
8 0.051562 0.379167 0.059375 0.391667 0.228125 0.425000 0.217188 0.364583 0.150000 0.327083 0.117188 0.322917 0.090625 0.341667 0.095312 0.368750 0.076563 0.358333
8 0.495312 0.400000 0.550000 0.502083 0.543750 0.387500 0.554688 0.502083 0.618750 0.470833 0.998437 0.529167 0.998437 0.000000 0.762500 0.006250 0.725000 0.129167 0.737500 0.277083 0.676562 0.389583 0.609375 0.410417 0.550000 0.356250
10 0.176563 0.081250 0.451562 0.393750 0.551562 0.354167 0.610938 0.408333 0.637500 0.291667 0.600000 0.245833 0.643750 0.293750 0.639062 0.381250 0.735938 0.277083 0.728125 0.081250 0.787500 0.000000 0.179688 0.000000 0.217188 0.083333
13 0.606250 0.475000 0.600000 0.489583 0.600000 0.506250 0.596875 0.512500 0.598437 0.520833 0.606250 0.522917 0.615625 0.529167 0.617188 0.533333 0.626563 0.533333 0.626563 0.497917 0.629687 0.477083 0.618750 0.472917
13 0.506250 0.477083 0.506250 0.491667 0.514062 0.493750 0.518750 0.512500 0.525000 0.506250 0.537500 0.508333 0.542188 0.516667 0.546875 0.516667 0.548438 0.500000 0.543750 0.472917 0.526563 0.468750 0.521875 0.472917 0.509375 0.472917
13 0.464062 0.458333 0.460938 0.466667 0.459375 0.483333 0.457813 0.485417 0.459375 0.495833 0.476562 0.495833 0.478125 0.497917 0.485938 0.495833 0.485938 0.470833 0.482812 0.468750 0.481250 0.460417 0.478125 0.458333
13 0.264062 0.414583 0.265625 0.491667 0.282813 0.491667 0.292187 0.506250 0.323437 0.506250 0.345313 0.487500 0.342187 0.447917 0.329688 0.420833 0.278125 0.410417