0 0.000000 0.662500 0.000000 0.997917 0.998437 0.997917 0.998437 0.947917 0.473438 0.483333
1 0.515625 0.504167 0.998437 0.945833 0.996875 0.781250 0.726562 0.633333 0.717187 0.593750
1 0.437500 0.487500 0.356250 0.479167 0.328125 0.497917 0.000000 0.531250 0.000000 0.660417
2 0.728125 0.468750 0.720313 0.468750 0.710938 0.477083 0.685937 0.475000 0.665625 0.493750 0.656250 0.495833 0.656250 0.502083 0.660937 0.508333 0.676562 0.512500 0.678125 0.518750 0.685937 0.522917 0.689063 0.516667 0.725000 0.522917
2 0.995313 0.181250 0.979688 0.177083 0.946875 0.202083 0.940625 0.266667 0.804688 0.345833 0.792188 0.333333 0.753125 0.360417 0.771875 0.366667 0.993750 0.283333
2 0.000000 0.000000 0.000000 0.345833 0.237500 0.410417 0.282813 0.377083 0.365625 0.450000 0.410938 0.425000 0.464062 0.481250 0.500000 0.464583 0.290625 0.220833 0.293750 0.179167 0.182812 0.000000
3 0.898438 0.668750 0.881250 0.714583 0.998437 0.783333 0.998437 0.716667 0.920312 0.693750
3 0.565625 0.504167 0.567187 0.531250 0.585938 0.539583 0.587500 0.543750 0.598437 0.543750 0.598437 0.539583 0.604688 0.533333 0.610938 0.533333 0.612500 0.529167 0.618750 0.527083 0.603125 0.504167 0.568750 0.497917
3 0.521875 0.491667 0.521875 0.502083 0.523438 0.502083 0.525000 0.506250 0.528125 0.506250 0.539062 0.516667 0.548438 0.516667 0.548438 0.497917 0.546875 0.497917 0.545312 0.493750 0.539062 0.493750 0.537500 0.489583 0.535937 0.491667
4 0.595313 0.545833 0.651563 0.579167 0.717187 0.591667 0.728125 0.525000 0.695312 0.518750 0.685937 0.525000 0.673438 0.512500 0.609375 0.508333 0.620313 0.527083
4 0.362500 0.479167 0.379688 0.481250 0.385937 0.487500 0.435937 0.483333 0.439063 0.466667 0.414062 0.460417 0.410938 0.468750 0.400000 0.452083 0.396875 0.456250 0.395313 0.452083 0.389062 0.452083 0.387500 0.456250 0.365625 0.456250 0.365625 0.472917
4 0.000000 0.347917 0.000000 0.529167 0.329688 0.491667 0.331250 0.427083 0.310937 0.435417
8 0.425000 0.441667 0.410938 0.427083 0.398438 0.433333 0.392188 0.433333 0.385937 0.445833 0.368750 0.447917 0.365625 0.454167 0.387500 0.454167 0.389062 0.450000 0.395313 0.450000 0.396875 0.454167 0.400000 0.450000 0.409375 0.460417 0.410938 0.466667 0.414062 0.458333 0.418750 0.458333
8 0.242188 0.410417 0.320312 0.433333 0.314063 0.400000 0.300000 0.385417 0.282813 0.379167 0.265625 0.379167 0.260937 0.383333 0.259375 0.391667
8 0.473438 0.406250 0.515625 0.502083 0.514062 0.402083 0.521875 0.489583 0.659375 0.508333 0.728125 0.466667 0.721875 0.627083 0.875000 0.712500 0.901563 0.666667 0.998437 0.714583 0.998437 0.281250 0.756250 0.368750 0.729688 0.277083 0.664062 0.227083 0.609375 0.264583 0.587500 0.416667 0.525000 0.364583
10 0.184375 0.000000 0.292187 0.220833 0.471875 0.410417 0.525000 0.362500 0.571875 0.420833 0.554688 0.314583 0.587500 0.414583 0.607812 0.264583 0.664062 0.225000 0.751563 0.350000 0.940625 0.264583 0.979688 0.175000 0.998437 0.235417 0.998437 0.000000
13 0.554688 0.483333 0.553125 0.495833 0.550000 0.497917 0.550000 0.518750 0.553125 0.518750 0.564063 0.527083 0.564063 0.504167 0.565625 0.502083 0.567187 0.483333
13 0.481250 0.464583 0.478125 0.483333 0.481250 0.491667 0.487500 0.493750 0.489063 0.506250 0.492188 0.506250 0.493750 0.502083 0.498437 0.502083 0.500000 0.506250 0.514062 0.510417 0.510938 0.477083 0.504687 0.470833 0.504687 0.464583 0.500000 0.460417 0.501563 0.462500 0.500000 0.466667
13 0.443750 0.456250 0.439063 0.468750 0.437500 0.485417 0.439063 0.487500 0.442188 0.487500 0.443750 0.491667 0.460938 0.491667 0.462500 0.475000 0.460938 0.472917 0.459375 0.462500 0.456250 0.458333 0.453125 0.458333 0.451562 0.456250
13 0.320312 0.416667 0.321875 0.433333 0.325000 0.433333 0.326562 0.425000 0.332813 0.427083 0.334375 0.441667 0.331250 0.458333 0.331250 0.485417 0.345313 0.487500 0.356250 0.477083 0.362500 0.477083 0.364063 0.447917 0.356250 0.431250 0.329688 0.416667