0 0.000000 0.706250 0.000000 0.997917 0.998437 0.997917 0.993750 0.877083 0.498437 0.487500
1 0.545312 0.504167 0.998437 0.881250 0.998437 0.666667 0.832812 0.645833
1 0.453125 0.487500 0.321875 0.508333 0.270313 0.491667 0.264062 0.529167 0.000000 0.577083 0.000000 0.704167
2 0.648438 0.362500 0.645312 0.366667 0.642188 0.377083 0.643750 0.381250 0.646875 0.383333 0.646875 0.391667 0.657813 0.400000 0.660937 0.397917 0.662500 0.393750 0.662500 0.385417 0.665625 0.381250 0.665625 0.362500 0.664062 0.364583 0.654687 0.364583 0.653125 0.362500
2 0.000000 0.000000 0.000000 0.379167 0.071875 0.391667 0.165625 0.331250 0.220312 0.362500 0.242188 0.429167 0.423438 0.425000 0.453125 0.485417 0.460938 0.456250 0.528125 0.466667 0.187500 0.102083 0.223438 0.093750 0.173437 0.000000
3 0.623437 0.493750 0.623437 0.543750 0.668750 0.560417 0.678125 0.568750 0.692187 0.568750 0.704688 0.554167 0.698438 0.520833 0.707812 0.508333 0.706250 0.504167 0.695312 0.508333 0.676562 0.497917
3 0.554688 0.487500 0.554688 0.491667 0.556250 0.493750 0.554688 0.502083 0.556250 0.502083 0.557813 0.506250 0.567187 0.506250 0.567187 0.504167 0.568750 0.502083 0.571875 0.502083 0.573438 0.497917 0.576562 0.497917 0.578125 0.500000 0.576562 0.502083 0.578125 0.502083 0.576562 0.497917 0.578125 0.495833 0.578125 0.489583 0.575000 0.489583 0.573438 0.487500
4 0.685937 0.570833 0.885938 0.660417 0.998437 0.664583 0.992188 0.531250 0.917188 0.520833 0.901563 0.535417 0.881250 0.514583 0.709375 0.508333 0.700000 0.520833 0.706250 0.554167
4 0.559375 0.508333 0.573438 0.516667 0.578125 0.516667 0.584375 0.520833 0.590625 0.520833 0.590625 0.493750 0.584375 0.493750 0.582812 0.489583 0.579688 0.489583 0.579688 0.495833 0.576562 0.500000 0.573438 0.500000 0.573438 0.502083 0.568750 0.504167 0.567187 0.508333
4 0.451562 0.470833 0.415625 0.466667 0.409375 0.456250 0.387500 0.458333 0.381250 0.466667 0.354687 0.462500 0.346875 0.468750 0.346875 0.487500 0.350000 0.491667 0.387500 0.491667 0.389062 0.495833 0.426563 0.495833 0.428125 0.491667 0.450000 0.487500
4 0.000000 0.381250 0.000000 0.545833 0.046875 0.543750 0.068750 0.560417 0.267188 0.522917 0.268750 0.416667 0.242188 0.431250
8 0.084375 0.556250 0.076563 0.554167 0.067187 0.562500 0.057813 0.550000 0.048438 0.550000 0.046875 0.545833 0.018750 0.550000 0.000000 0.547917 0.000000 0.575000 0.051562 0.568750 0.053125 0.564583 0.071875 0.562500
8 0.434375 0.439583 0.423438 0.427083 0.406250 0.427083 0.403125 0.433333 0.396875 0.431250 0.382812 0.447917 0.346875 0.441667 0.342187 0.445833 0.343750 0.464583 0.348438 0.468750 0.354687 0.460417 0.381250 0.464583 0.387500 0.456250 0.409375 0.454167 0.415625 0.464583 0.426563 0.464583
8 0.071875 0.387500 0.082812 0.397917 0.235937 0.425000 0.220312 0.364583 0.165625 0.333333 0.129688 0.331250 0.109375 0.345833 0.112500 0.375000 0.096875 0.362500 0.076563 0.375000
8 0.490625 0.400000 0.545312 0.502083 0.537500 0.387500 0.550000 0.502083 0.610938 0.470833 0.998437 0.531250 0.996875 0.000000 0.789062 0.000000 0.709375 0.106250 0.717187 0.287500 0.662500 0.397917 0.601562 0.406250 0.545312 0.356250
10 0.175000 0.000000 0.225000 0.093750 0.187500 0.100000 0.371875 0.285417 0.395313 0.354167 0.484375 0.404167 0.545312 0.354167 0.623437 0.391667 0.629687 0.295833 0.595313 0.252083 0.632812 0.291667 0.631250 0.381250 0.715625 0.287500 0.707812 0.106250 0.787500 0.006250
13 0.600000 0.475000 0.592187 0.493750 0.592187 0.520833 0.600000 0.522917 0.604688 0.529167 0.614062 0.529167 0.617188 0.533333 0.620313 0.477083 0.610938 0.472917
13 0.503125 0.472917 0.500000 0.487500 0.501563 0.491667 0.509375 0.493750 0.512500 0.510417 0.515625 0.512500 0.518750 0.506250 0.532813 0.508333 0.537500 0.516667 0.542188 0.516667 0.543750 0.493750 0.540625 0.479167 0.535937 0.470833 0.521875 0.468750 0.517188 0.472917 0.512500 0.470833
13 0.460938 0.458333 0.456250 0.466667 0.456250 0.477083 0.454688 0.479167 0.454688 0.491667 0.456250 0.495833 0.475000 0.495833 0.479687 0.497917 0.481250 0.495833 0.481250 0.485417 0.482812 0.483333 0.487500 0.483333 0.487500 0.472917 0.481250 0.470833 0.475000 0.458333
13 0.270313 0.414583 0.270313 0.489583 0.285938 0.491667 0.295312 0.506250 0.321875 0.506250 0.332813 0.491667 0.345313 0.487500 0.342187 0.447917 0.332813 0.425000 0.303125 0.414583