0 0.000000 0.691667 0.000000 0.997917 0.998437 0.997917 0.998437 0.904167 0.479687 0.483333
1 0.521875 0.497917 0.998437 0.902083 0.998437 0.750000 0.943750 0.725000 0.950000 0.633333 0.740625 0.606250
1 0.435937 0.485417 0.279687 0.489583 0.276562 0.516667 0.000000 0.566667 0.000000 0.689583
2 0.998437 0.191667 0.892188 0.260417 0.896875 0.310417 0.853125 0.435417 0.857812 0.450000 0.914062 0.331250 0.940625 0.379167 0.937500 0.450000 0.968750 0.470833 0.998437 0.354167
2 0.000000 0.000000 0.000000 0.379167 0.125000 0.404167 0.193750 0.350000 0.262500 0.433333 0.403125 0.420833 0.412500 0.460417 0.506250 0.466667 0.209375 0.145833 0.235937 0.137500 0.154688 0.000000
3 0.589063 0.531250 0.610938 0.539583 0.612500 0.543750 0.620313 0.543750 0.621875 0.547917 0.631250 0.547917 0.634375 0.539583 0.642188 0.533333 0.642188 0.527083 0.645312 0.525000 0.642188 0.512500 0.645312 0.510417 0.645312 0.502083 0.650000 0.502083 0.651563 0.497917 0.637500 0.497917 0.635938 0.493750 0.623437 0.493750 0.621875 0.489583 0.589063 0.489583
3 0.531250 0.485417 0.531250 0.500000 0.535937 0.502083 0.537500 0.506250 0.543750 0.506250 0.546875 0.510417 0.551562 0.510417 0.553125 0.512500 0.553125 0.504167 0.554688 0.502083 0.554688 0.493750 0.556250 0.491667 0.556250 0.487500 0.553125 0.487500 0.548438 0.483333 0.534375 0.483333
4 0.629687 0.550000 0.760938 0.610417 0.951562 0.631250 0.967187 0.531250 0.653125 0.497917
4 0.401562 0.487500 0.421875 0.487500 0.423438 0.485417 0.428125 0.485417 0.431250 0.483333 0.431250 0.479167 0.429688 0.477083 0.429688 0.468750 0.418750 0.462500 0.409375 0.462500 0.404687 0.466667 0.404687 0.481250
4 0.385937 0.458333 0.376563 0.466667 0.373437 0.464583 0.373437 0.456250 0.371875 0.460417 0.343750 0.458333 0.342187 0.479167 0.339062 0.485417 0.373437 0.487500 0.375000 0.491667 0.384375 0.491667
4 0.000000 0.381250 0.000000 0.554167 0.059375 0.527083 0.146875 0.535417 0.278125 0.512500 0.278125 0.416667 0.262500 0.435417
8 0.150000 0.535417 0.140625 0.537500 0.123438 0.527083 0.059375 0.529167 0.040625 0.541667 0.003125 0.552083 0.000000 0.564583
8 0.418750 0.441667 0.403125 0.422917 0.381250 0.431250 0.365625 0.447917 0.335938 0.439583 0.337500 0.485417 0.343750 0.456250 0.371875 0.458333 0.387500 0.450000 0.396875 0.456250 0.400000 0.487500 0.403125 0.466667 0.410938 0.460417
8 0.126562 0.397917 0.128125 0.406250 0.254688 0.429167 0.253125 0.406250 0.243750 0.381250 0.193750 0.352083 0.168750 0.354167
8 0.471875 0.400000 0.521875 0.495833 0.517188 0.389583 0.529687 0.483333 0.967187 0.529167 0.945312 0.725000 0.998437 0.747917 0.998437 0.356250 0.968750 0.472917 0.914062 0.333333 0.851562 0.443750 0.893750 0.218750 0.798438 0.064583 0.662500 0.137500 0.620313 0.391667 0.523438 0.356250
10 0.156250 0.000000 0.209375 0.143750 0.468750 0.404167 0.523438 0.354167 0.592187 0.397917 0.565625 0.270833 0.620313 0.389583 0.660937 0.137500 0.760938 0.060417 0.882812 0.181250 0.887500 0.262500 0.998437 0.189583 0.998437 0.000000
13 0.573438 0.470833 0.570312 0.472917 0.568750 0.481250 0.565625 0.483333 0.564063 0.510417 0.565625 0.516667 0.575000 0.516667 0.578125 0.520833 0.584375 0.522917 0.587500 0.472917
13 0.482812 0.472917 0.482812 0.487500 0.490625 0.491667 0.492188 0.506250 0.495312 0.506250 0.496875 0.502083 0.510938 0.502083 0.515625 0.510417 0.518750 0.510417 0.520312 0.489583 0.515625 0.468750 0.498437 0.468750 0.496875 0.470833 0.487500 0.468750
13 0.442188 0.456250 0.437500 0.464583 0.437500 0.477083 0.435937 0.479167 0.437500 0.491667 0.460938 0.491667 0.462500 0.487500 0.462500 0.475000 0.459375 0.466667 0.459375 0.460417 0.456250 0.456250
13 0.279687 0.416667 0.279687 0.487500 0.285938 0.487500 0.292187 0.497917 0.317188 0.497917 0.326562 0.487500 0.337500 0.483333 0.335938 0.450000 0.329688 0.427083 0.298438 0.416667