0 0.000000 0.697917 0.000000 0.997917 0.998437 0.997917 0.996875 0.897917 0.475000 0.485417
1 0.515625 0.497917 0.998437 0.900000 0.998437 0.739583 0.848437 0.670833 0.845313 0.604167 0.709375 0.591667
1 0.432812 0.489583 0.293750 0.495833 0.285938 0.518750 0.000000 0.570833 0.000000 0.695833
2 0.998437 0.181250 0.829688 0.295833 0.834375 0.318750 0.804688 0.420833 0.807813 0.450000 0.851562 0.341667 0.878125 0.377083 0.901563 0.285417 0.940625 0.252083 0.998437 0.235417
2 0.000000 0.000000 0.000000 0.387500 0.160938 0.418750 0.209375 0.366667 0.345313 0.458333 0.403125 0.427083 0.412500 0.464583 0.501563 0.466667 0.237500 0.191667 0.235937 0.135417 0.142187 0.000000
3 0.578125 0.489583 0.578125 0.529167 0.584375 0.529167 0.614062 0.543750 0.621875 0.529167 0.618750 0.508333 0.631250 0.497917 0.615625 0.493750 0.614062 0.489583
3 0.523438 0.487500 0.521875 0.497917 0.526563 0.502083 0.529687 0.502083 0.531250 0.506250 0.535937 0.506250 0.540625 0.510417 0.554688 0.514583 0.553125 0.512500 0.553125 0.502083 0.556250 0.489583 0.550000 0.489583 0.540625 0.483333
4 0.620313 0.508333 0.617188 0.547917 0.709375 0.589583 0.843750 0.602083 0.853125 0.510417 0.734375 0.510417 0.728125 0.497917 0.706250 0.495833 0.632812 0.497917
4 0.432812 0.468750 0.396875 0.466667 0.393750 0.458333 0.387500 0.456250 0.371875 0.462500 0.342187 0.458333 0.342187 0.487500 0.350000 0.491667 0.381250 0.491667 0.382812 0.495833 0.412500 0.491667 0.414062 0.487500 0.431250 0.485417
4 0.000000 0.389583 0.000000 0.568750 0.223438 0.527083 0.257812 0.443750 0.271875 0.458333 0.259375 0.518750 0.290625 0.514583 0.292187 0.425000 0.257812 0.441667
8 0.264062 0.445833 0.254688 0.447917 0.253125 0.454167 0.248438 0.456250 0.240625 0.468750 0.232813 0.502083 0.232813 0.514583 0.225000 0.527083 0.231250 0.527083 0.232813 0.522917 0.251563 0.522917 0.264062 0.510417 0.270313 0.470833 0.270313 0.458333
8 0.415625 0.445833 0.410938 0.437500 0.406250 0.437500 0.403125 0.429167 0.390625 0.431250 0.387500 0.437500 0.378125 0.437500 0.376563 0.441667 0.370312 0.445833 0.365625 0.458333 0.371875 0.460417 0.375000 0.456250 0.382812 0.458333 0.387500 0.454167 0.393750 0.456250 0.396875 0.464583 0.409375 0.462500 0.410938 0.452083
8 0.162500 0.414583 0.168750 0.422917 0.225000 0.429167 0.270313 0.439583 0.273438 0.420833 0.264062 0.408333 0.264062 0.397917 0.251563 0.385417 0.209375 0.368750 0.189062 0.383333 0.187500 0.406250 0.182812 0.406250 0.179688 0.395833
8 0.465625 0.404167 0.515625 0.495833 0.523438 0.404167 0.523438 0.485417 0.853125 0.508333 0.846875 0.666667 0.998437 0.737500 0.998437 0.237500 0.901563 0.287500 0.878125 0.379167 0.851562 0.343750 0.807813 0.452083 0.825000 0.241667 0.706250 0.120833 0.632812 0.181250 0.603125 0.395833 0.518750 0.358333
10 0.143750 0.000000 0.237500 0.189583 0.464062 0.406250 0.518750 0.356250 0.579688 0.402083 0.554688 0.283333 0.603125 0.393750 0.631250 0.181250 0.706250 0.118750 0.804688 0.195833 0.828125 0.295833 0.998437 0.179167 0.998437 0.000000
13 0.560937 0.472917 0.556250 0.487500 0.557813 0.491667 0.554688 0.502083 0.554688 0.512500 0.573438 0.520833 0.576562 0.472917 0.573438 0.470833
13 0.479687 0.468750 0.476562 0.479167 0.476562 0.487500 0.481250 0.489583 0.487500 0.497917 0.487500 0.506250 0.490625 0.506250 0.492188 0.502083 0.506250 0.502083 0.507812 0.508333 0.514062 0.508333 0.514062 0.487500 0.509375 0.470833 0.489063 0.468750 0.485938 0.464583 0.482812 0.464583
13 0.437500 0.458333 0.435937 0.460417 0.434375 0.477083 0.432812 0.479167 0.432812 0.487500 0.434375 0.491667 0.450000 0.491667 0.451562 0.495833 0.456250 0.495833 0.457813 0.491667 0.457813 0.468750 0.454688 0.466667 0.454688 0.462500 0.451562 0.458333
13 0.293750 0.425000 0.293750 0.493750 0.303125 0.502083 0.321875 0.502083 0.328125 0.493750 0.340625 0.487500 0.340625 0.452083 0.329688 0.431250 0.318750 0.431250 0.317188 0.427083