0 0.000000 0.870833 0.000000 0.997917 0.998437 0.997917 0.998437 0.754167 0.485938 0.483333
1 0.659375 0.535417 0.654687 0.562500 0.998437 0.752083 0.998437 0.622917 0.960938 0.608333 0.928125 0.622917 0.898438 0.589583 0.820312 0.587500
1 0.446875 0.508333 0.435937 0.489583 0.212500 0.560417 0.000000 0.566667 0.000000 0.868750
2 0.998437 0.172917 0.871875 0.275000 0.842187 0.254167 0.796875 0.283333 0.731250 0.279167 0.718750 0.306250 0.729688 0.327083 0.682813 0.343750 0.679688 0.370833 0.814063 0.362500 0.826562 0.333333 0.876563 0.312500 0.898438 0.339583 0.915625 0.320833 0.917188 0.339583 0.996875 0.337500
2 0.000000 0.000000 0.000000 0.429167 0.037500 0.464583 0.051562 0.410417 0.239063 0.425000 0.342187 0.352083 0.382812 0.402083 0.373437 0.460417 0.467187 0.443750 0.501563 0.483333 0.546875 0.452083 0.429688 0.377083 0.423438 0.320833 0.354687 0.306250 0.295312 0.233333 0.290625 0.166667 0.267188 0.206250 0.160938 0.000000
3 0.035937 0.445833 0.053125 0.514583 0.048438 0.537500 0.065625 0.552083 0.212500 0.558333 0.209375 0.470833 0.225000 0.450000 0.239063 0.460417 0.243750 0.427083 0.051562 0.412500 0.051562 0.435417
4 0.646875 0.479167 0.659375 0.533333 0.820312 0.585417 0.881250 0.585417 0.875000 0.556250 0.884375 0.497917 0.842187 0.500000 0.826562 0.518750 0.817187 0.504167 0.775000 0.489583
4 0.210938 0.556250 0.314063 0.537500 0.354687 0.512500 0.378125 0.516667 0.431250 0.495833 0.439063 0.468750 0.368750 0.460417 0.373437 0.495833 0.354687 0.512500 0.346875 0.456250 0.243750 0.443750 0.239063 0.462500 0.225000 0.452083 0.210938 0.470833
8 0.381250 0.402083 0.342187 0.354167 0.314063 0.362500 0.306250 0.379167 0.282813 0.375000 0.245312 0.406250 0.242188 0.425000 0.245312 0.441667 0.260937 0.441667 0.264062 0.427083 0.289062 0.431250 0.289062 0.447917 0.367188 0.460417 0.371875 0.418750
8 0.492188 0.352083 0.512500 0.437500 0.565625 0.481250 0.595313 0.447917 0.598437 0.345833 0.575000 0.316667 0.601562 0.341667 0.600000 0.447917 0.826562 0.516667 0.884375 0.495833 0.906250 0.439583 0.998437 0.427083 0.998437 0.337500 0.879687 0.314583 0.814063 0.364583 0.684375 0.383333 0.642188 0.304167 0.564063 0.291667
10 0.162500 0.000000 0.267188 0.204167 0.290625 0.164583 0.354687 0.304167 0.515625 0.412500 0.490625 0.352083 0.525000 0.300000 0.618750 0.289583 0.701562 0.347917 0.731250 0.277083 0.871875 0.272917 0.998437 0.170833 0.998437 0.000000
13 0.351562 0.458333 0.350000 0.506250 0.356250 0.510417 0.360938 0.506250 0.364063 0.500000 0.371875 0.495833 0.371875 0.468750 0.370312 0.468750 0.367188 0.462500
13 0.506250 0.470833 0.507812 0.491667 0.534375 0.506250 0.559375 0.502083 0.560937 0.539583 0.571875 0.543750 0.576562 0.558333 0.628125 0.550000 0.642188 0.564583 0.654687 0.560417 0.657813 0.522917 0.642188 0.462500 0.632812 0.452083 0.584375 0.452083 0.567187 0.483333 0.556250 0.468750 0.510938 0.460417
13 0.446875 0.445833 0.437500 0.487500 0.439063 0.506250 0.471875 0.506250 0.475000 0.510417 0.481250 0.510417 0.482812 0.477083 0.485938 0.475000 0.485938 0.466667 0.479687 0.466667 0.471875 0.447917
13 0.998437 0.429167 0.968750 0.425000 0.906250 0.441667 0.901563 0.470833 0.882812 0.504167 0.879687 0.581250 0.898438 0.587500 0.928125 0.620833 0.954688 0.606250 0.998437 0.620833
18 0.023438 0.427083 0.010937 0.437500 0.000000 0.431250 0.000000 0.564583 0.037500 0.554167 0.051562 0.522917 0.045312 0.477083 0.023438 0.445833