0 0.000000 0.864583 0.000000 0.997917 0.998437 0.997917 0.998437 0.747917 0.500000 0.483333
1 0.620313 0.516667 0.629687 0.547917 0.998437 0.745833 0.996875 0.591667 0.918750 0.572917 0.832812 0.583333 0.771875 0.545833
1 0.456250 0.504167 0.325000 0.535417 0.107813 0.518750 0.089063 0.552083 0.000000 0.562500 0.000000 0.862500
2 0.998437 0.100000 0.981250 0.175000 0.835938 0.285417 0.815625 0.266667 0.714063 0.291667 0.712500 0.335417 0.664062 0.375000 0.740625 0.385417 0.807813 0.345833 0.900000 0.366667 0.960938 0.320833 0.984375 0.375000 0.964063 0.383333 0.960938 0.470833 0.998437 0.497917
2 0.000000 0.000000 0.000000 0.560417 0.098437 0.543750 0.126562 0.443750 0.295312 0.439583 0.367188 0.381250 0.409375 0.422917 0.390625 0.464583 0.545312 0.462500 0.439063 0.381250 0.432812 0.331250 0.335938 0.285417 0.321875 0.212500 0.148438 0.000000
3 0.739062 0.500000 0.735938 0.502083 0.735938 0.506250 0.734375 0.508333 0.734375 0.541667 0.737500 0.545833 0.742188 0.545833 0.743750 0.543750 0.743750 0.504167
3 0.614062 0.479167 0.623437 0.516667 0.675000 0.529167 0.685937 0.537500 0.693750 0.537500 0.704688 0.527083 0.704688 0.489583 0.696875 0.481250 0.679688 0.483333 0.676562 0.477083
3 0.190625 0.456250 0.203125 0.472917 0.200000 0.529167 0.345313 0.527083 0.343750 0.445833 0.201563 0.437500 0.198437 0.454167
4 0.701562 0.483333 0.706250 0.489583 0.707812 0.518750 0.695312 0.539583 0.756250 0.547917 0.759375 0.487500 0.748437 0.489583 0.740625 0.500000 0.745313 0.504167 0.745313 0.543750 0.737500 0.547917 0.732812 0.541667 0.732812 0.493750
4 0.393750 0.466667 0.396875 0.475000 0.396875 0.495833 0.393750 0.500000 0.395313 0.506250 0.412500 0.506250 0.414062 0.502083 0.439063 0.495833 0.442188 0.491667 0.442188 0.468750 0.429688 0.464583
4 0.345313 0.456250 0.346875 0.468750 0.343750 0.470833 0.343750 0.518750 0.346875 0.520833 0.346875 0.525000 0.379688 0.516667 0.382812 0.506250 0.381250 0.464583 0.356250 0.462500
8 0.407813 0.422917 0.401562 0.408333 0.387500 0.404167 0.376563 0.383333 0.367188 0.383333 0.348438 0.404167 0.329688 0.400000 0.296875 0.439583 0.343750 0.443750 0.348438 0.458333 0.389062 0.462500 0.396875 0.433333
8 0.495312 0.362500 0.517188 0.443750 0.556250 0.468750 0.587500 0.452083 0.571875 0.333333 0.614062 0.477083 0.737500 0.500000 0.806250 0.433333 0.962500 0.466667 0.962500 0.383333 0.982812 0.375000 0.950000 0.322917 0.900000 0.368750 0.807813 0.347917 0.675000 0.391667 0.604688 0.306250 0.525000 0.320833
10 0.150000 0.000000 0.323437 0.212500 0.335938 0.283333 0.501563 0.404167 0.525000 0.318750 0.604688 0.304167 0.653125 0.360417 0.710938 0.335417 0.714063 0.289583 0.835938 0.283333 0.985938 0.168750 0.998437 0.000000
13 0.389062 0.464583 0.384375 0.464583 0.382812 0.466667 0.382812 0.502083 0.384375 0.506250 0.385937 0.502083 0.392188 0.500000 0.395313 0.495833 0.395313 0.475000 0.392188 0.466667
13 0.618750 0.535417 0.618750 0.497917 0.603125 0.452083 0.568750 0.454167 0.556250 0.470833 0.546875 0.464583 0.510938 0.470833 0.510938 0.489583 0.534375 0.500000 0.548438 0.497917 0.550000 0.527083 0.560937 0.537500 0.568750 0.537500 0.571875 0.529167 0.601562 0.529167 0.607812 0.539583
13 0.456250 0.450000 0.451562 0.464583 0.451562 0.481250 0.448437 0.483333 0.448437 0.495833 0.451562 0.497917 0.451562 0.502083 0.478125 0.502083 0.479687 0.506250 0.485938 0.506250 0.489063 0.500000 0.490625 0.468750 0.482812 0.464583 0.481250 0.454167 0.478125 0.450000
13 0.771875 0.445833 0.756250 0.533333 0.789062 0.568750 0.814063 0.560417 0.832812 0.581250 0.948438 0.572917 0.998437 0.591667 0.998437 0.500000 0.934375 0.452083 0.814063 0.435417
18 0.120313 0.450000 0.129688 0.456250 0.121875 0.477083 0.121875 0.508333 0.128125 0.527083 0.150000 0.529167 0.159375 0.508333 0.176563 0.537500 0.192188 0.537500 0.198437 0.529167 0.201563 0.472917 0.189062 0.464583 0.187500 0.452083 0.173437 0.447917 0.168750 0.456250 0.157812 0.456250 0.156250 0.441667