0 0.998437 0.770833 0.517188 0.493750 0.000000 0.847917 0.000000 0.997917 0.998437 0.997917
1 0.623437 0.525000 0.629687 0.547917 0.998437 0.768750 0.998437 0.666667 0.893750 0.629167 0.890625 0.579167 0.784375 0.577083
1 0.485938 0.510417 0.156250 0.531250 0.095312 0.587500 0.000000 0.577083 0.000000 0.845833
2 0.859375 0.304167 0.840625 0.314583 0.820312 0.300000 0.789062 0.320833 0.781250 0.312500 0.773438 0.322917 0.726562 0.320833 0.718750 0.341667 0.728125 0.343750 0.728125 0.360417 0.715625 0.372917 0.684375 0.370833 0.675000 0.385417 0.681250 0.410417 0.732812 0.414583 0.750000 0.395833 0.781250 0.387500 0.820312 0.404167 0.865625 0.402083 0.870313 0.393750 0.840625 0.331250
2 0.000000 0.000000 0.000000 0.329167 0.114062 0.360417 0.157812 0.529167 0.271875 0.518750 0.240625 0.481250 0.273438 0.422917 0.362500 0.450000 0.415625 0.402083 0.476562 0.495833 0.487500 0.456250 0.517188 0.491667 0.568750 0.475000 0.470313 0.393750 0.465625 0.347917 0.378125 0.306250 0.371875 0.250000 0.176563 0.002083
3 0.714063 0.508333 0.712500 0.512500 0.712500 0.522917 0.714063 0.525000 0.714063 0.537500 0.717187 0.545833 0.720313 0.545833 0.720313 0.543750 0.723437 0.541667 0.723437 0.525000 0.725000 0.522917 0.725000 0.518750 0.723437 0.516667 0.723437 0.512500
3 0.620313 0.489583 0.625000 0.518750 0.643750 0.529167 0.653125 0.529167 0.654687 0.533333 0.664062 0.533333 0.665625 0.537500 0.682813 0.541667 0.692187 0.529167 0.695312 0.516667 0.704688 0.516667 0.687500 0.493750 0.675000 0.495833 0.670312 0.489583
3 0.385937 0.456250 0.356250 0.456250 0.348438 0.497917 0.340625 0.493750 0.314063 0.495833 0.303125 0.518750 0.390625 0.520833 0.382812 0.477083
4 0.939063 0.510417 0.939063 0.641667 0.998437 0.664583 0.998437 0.510417
4 0.693750 0.497917 0.695312 0.506250 0.703125 0.508333 0.706250 0.516667 0.695312 0.518750 0.693750 0.529167 0.684375 0.541667 0.707812 0.550000 0.723437 0.547917 0.723437 0.543750 0.717187 0.547917 0.712500 0.537500 0.712500 0.504167
4 0.901563 0.481250 0.896875 0.500000 0.893750 0.620833 0.890625 0.622917 0.918750 0.635417 0.925000 0.493750 0.909375 0.491667
4 0.384375 0.466667 0.392188 0.520833 0.418750 0.516667 0.428125 0.508333 0.457813 0.506250 0.475000 0.495833 0.473438 0.475000 0.404687 0.468750 0.398438 0.456250 0.387500 0.458333
4 0.292187 0.464583 0.292187 0.470833 0.303125 0.481250 0.304688 0.497917 0.307812 0.502083 0.318750 0.491667 0.340625 0.491667 0.348438 0.495833 0.353125 0.475000 0.353125 0.460417 0.350000 0.466667 0.343750 0.466667 0.342187 0.462500 0.335938 0.462500 0.332813 0.454167 0.314063 0.454167 0.309375 0.462500 0.298438 0.458333
5 0.935937 0.420833 0.928125 0.435417 0.920312 0.641667 0.926562 0.647917 0.937500 0.643750 0.940625 0.441667
5 0.956250 0.000000 0.946875 0.000000 0.940625 0.233333 0.946875 0.227083
8 0.270313 0.427083 0.279687 0.452083 0.276562 0.458333 0.289062 0.456250 0.295312 0.460417 0.300000 0.450000 0.317188 0.452083 0.314063 0.450000 0.314063 0.437500 0.307812 0.429167 0.306250 0.431250 0.296875 0.429167 0.292187 0.435417 0.289062 0.435417 0.278125 0.425000
8 0.467187 0.470833 0.435937 0.464583 0.443750 0.427083 0.418750 0.404167 0.398438 0.420833 0.384375 0.420833 0.370312 0.431250 0.362500 0.452083 0.334375 0.454167 0.343750 0.464583 0.356250 0.454167 0.398438 0.454167 0.404687 0.466667
8 0.998437 0.150000 0.943750 0.235417 0.859375 0.264583 0.865625 0.404167 0.682813 0.414583 0.621875 0.333333 0.551562 0.345833 0.532813 0.418750 0.604688 0.466667 0.596875 0.360417 0.618750 0.487500 0.717187 0.508333 0.762500 0.458333 0.925000 0.491667 0.935937 0.418750 0.939063 0.508333 0.998437 0.508333
10 0.998437 0.000000 0.956250 0.004167 0.951562 0.200000 0.965625 0.189583 0.967187 0.166667 0.975000 0.154167 0.984375 0.158333 0.998437 0.147917
10 0.175000 0.000000 0.407813 0.339583 0.529687 0.414583 0.553125 0.345833 0.628125 0.331250 0.668750 0.387500 0.725000 0.362500 0.726562 0.318750 0.843750 0.312500 0.935937 0.231250 0.945312 0.000000
13 0.539062 0.477083 0.535937 0.495833 0.546875 0.497917 0.550000 0.506250 0.564063 0.508333 0.565625 0.527083 0.571875 0.535417 0.578125 0.535417 0.581250 0.529167 0.601562 0.529167 0.612500 0.539583 0.620313 0.539583 0.623437 0.512500 0.610938 0.470833 0.579688 0.468750 0.575000 0.477083
13 0.735938 0.468750 0.726562 0.504167 0.726562 0.550000 0.784375 0.575000 0.845313 0.568750 0.892188 0.579167 0.895312 0.504167 0.865625 0.481250 0.810937 0.464583 0.762500 0.460417
13 0.487500 0.458333 0.484375 0.462500 0.479687 0.489583 0.481250 0.506250 0.514062 0.510417 0.515625 0.487500 0.520312 0.481250 0.520312 0.477083 0.512500 0.475000 0.509375 0.464583 0.504687 0.458333
13 0.000000 0.331250 0.000000 0.575000 0.064062 0.564583 0.095312 0.585417 0.150000 0.543750 0.153125 0.441667 0.115625 0.383333 0.115625 0.364583
18 0.248438 0.458333 0.248438 0.472917 0.242188 0.481250 0.243750 0.500000 0.251563 0.500000 0.281250 0.522917 0.295312 0.522917 0.303125 0.516667 0.307812 0.504167 0.303125 0.497917 0.301563 0.481250 0.290625 0.470833 0.293750 0.460417 0.267188 0.460417 0.267188 0.452083 0.253125 0.452083