0 0.000000 0.847917 0.000000 0.997917 0.998437 0.997917 0.996875 0.768750 0.657813 0.572917 0.593750 0.579167 0.498437 0.483333
1 0.687500 0.552083 0.682813 0.585417 0.998437 0.768750 0.998437 0.637500 0.857812 0.618750
1 0.428125 0.483333 0.206250 0.556250 0.000000 0.572917 0.000000 0.845833 0.434375 0.512500
2 0.998437 0.191667 0.895312 0.279167 0.865625 0.250000 0.810937 0.283333 0.742188 0.275000 0.729688 0.300000 0.740625 0.327083 0.682813 0.347917 0.687500 0.381250 0.885938 0.341667 0.920312 0.314583 0.951562 0.327083 0.965625 0.308333 0.993750 0.335417
2 0.000000 0.000000 0.000000 0.370833 0.190625 0.389583 0.310937 0.322917 0.362500 0.381250 0.356250 0.450000 0.428125 0.481250 0.440625 0.437500 0.479687 0.481250 0.545312 0.454167 0.298438 0.233333 0.279687 0.135417 0.242188 0.164583 0.173437 0.002083
3 0.234375 0.406250 0.204687 0.400000 0.195312 0.402083 0.195312 0.408333 0.201563 0.414583 0.201563 0.433333 0.207813 0.468750 0.209375 0.458333 0.212500 0.456250 0.212500 0.437500 0.218750 0.429167 0.228125 0.433333 0.232813 0.425000 0.232813 0.412500 0.235937 0.408333
3 0.000000 0.372917 0.000000 0.570833 0.101562 0.575000 0.101562 0.500000 0.114062 0.460417 0.140625 0.485417 0.153125 0.539583 0.160938 0.431250 0.176563 0.410417 0.175000 0.389583
4 0.675000 0.485417 0.690625 0.550000 0.857812 0.616667 0.998437 0.635417 0.998437 0.510417 0.925000 0.518750 0.898438 0.539583 0.840625 0.500000
4 0.103125 0.568750 0.421875 0.491667 0.426563 0.464583 0.350000 0.452083 0.353125 0.487500 0.325000 0.504167 0.325000 0.445833 0.232813 0.427083 0.207813 0.470833 0.200000 0.414583 0.175000 0.412500 0.153125 0.541667 0.139063 0.485417 0.110937 0.468750
8 0.360938 0.381250 0.315625 0.327083 0.282813 0.331250 0.270313 0.350000 0.246875 0.341667 0.232813 0.358333 0.210938 0.362500 0.193750 0.389583 0.176563 0.389583 0.179688 0.412500 0.198437 0.397917 0.231250 0.402083 0.234375 0.427083 0.354687 0.450000 0.350000 0.402083
8 0.487500 0.341667 0.507812 0.435417 0.565625 0.500000 0.600000 0.445833 0.584375 0.308333 0.607812 0.335417 0.604688 0.443750 0.898438 0.537500 0.998437 0.508333 0.998437 0.333333 0.965625 0.310417 0.690625 0.385417 0.650000 0.297917 0.565625 0.279167
10 0.171875 0.000000 0.242188 0.162500 0.281250 0.135417 0.298438 0.231250 0.510938 0.410417 0.485938 0.341667 0.525000 0.287500 0.623437 0.279167 0.704688 0.350000 0.742188 0.272917 0.895312 0.277083 0.998437 0.189583 0.998437 0.000000
13 0.500000 0.472917 0.500000 0.487500 0.503125 0.491667 0.517188 0.491667 0.520312 0.500000 0.526563 0.500000 0.531250 0.506250 0.535937 0.502083 0.542188 0.502083 0.543750 0.506250 0.560937 0.506250 0.560937 0.483333 0.553125 0.466667 0.521875 0.466667 0.506250 0.458333
13 0.573438 0.472917 0.568750 0.554167 0.584375 0.554167 0.593750 0.577083 0.609375 0.564583 0.660937 0.570833 0.671875 0.587500 0.681250 0.585417 0.685937 0.533333 0.665625 0.456250 0.603125 0.445833
13 0.326562 0.445833 0.326562 0.456250 0.332813 0.477083 0.331250 0.483333 0.325000 0.489583 0.323437 0.500000 0.325000 0.502083 0.339062 0.502083 0.343750 0.493750 0.351562 0.487500 0.353125 0.458333 0.342187 0.447917
13 0.437500 0.441667 0.435937 0.452083 0.431250 0.456250 0.429688 0.506250 0.465625 0.506250 0.473438 0.510417 0.478125 0.500000 0.478125 0.468750 0.473438 0.464583 0.467187 0.441667