0 0.000000 0.862500 0.000000 0.997917 0.998437 0.997917 0.996875 0.754167 0.507812 0.485417
1 0.639062 0.527083 0.635938 0.554167 0.998437 0.756250 0.998437 0.608333 0.904687 0.618750 0.882812 0.593750 0.837500 0.593750 0.825000 0.570833 0.767188 0.570833
1 0.445312 0.489583 0.309375 0.539583 0.084375 0.531250 0.000000 0.560417 0.000000 0.610417 0.135937 0.587500 0.000000 0.635417 0.000000 0.860417 0.432812 0.527083
2 0.998437 0.179167 0.856250 0.289583 0.832812 0.266667 0.787500 0.295833 0.725000 0.291667 0.721875 0.339583 0.671875 0.358333 0.676562 0.393750 0.782813 0.381250 0.795312 0.347917 0.965625 0.360417 0.998437 0.318750
2 0.000000 0.000000 0.000000 0.558333 0.071875 0.533333 0.043750 0.522917 0.040625 0.429167 0.123438 0.435417 0.151562 0.368750 0.187500 0.425000 0.276562 0.431250 0.368750 0.370833 0.401562 0.414583 0.382812 0.458333 0.548438 0.464583 0.329688 0.272917 0.310937 0.187500 0.167187 0.000000
3 0.132812 0.452083 0.148438 0.472917 0.140625 0.531250 0.223438 0.537500 0.162500 0.452083 0.198437 0.443750 0.232813 0.450000 0.231250 0.535417 0.270313 0.539583 0.275000 0.431250 0.148438 0.422917 0.146875 0.443750
4 0.631250 0.483333 0.646875 0.529167 0.767188 0.568750 0.823438 0.568750 0.801562 0.550000 0.809375 0.502083 0.773438 0.510417 0.735938 0.489583
4 0.164062 0.445833 0.164062 0.452083 0.185938 0.483333 0.193750 0.506250 0.207813 0.522917 0.220312 0.527083 0.225000 0.537500 0.231250 0.537500 0.231250 0.450000
4 0.271875 0.539583 0.309375 0.537500 0.437500 0.495833 0.443750 0.468750 0.381250 0.460417 0.389062 0.491667 0.378125 0.500000 0.371875 0.460417 0.326562 0.454167 0.321875 0.437500 0.279687 0.433333
8 0.400000 0.414583 0.395313 0.400000 0.382812 0.395833 0.368750 0.372917 0.357812 0.370833 0.340625 0.379167 0.331250 0.391667 0.314063 0.387500 0.303125 0.402083 0.287500 0.406250 0.284375 0.431250 0.321875 0.435417 0.326562 0.452083 0.379688 0.460417 0.387500 0.447917 0.389062 0.427083
8 0.160938 0.372917 0.151562 0.370833 0.143750 0.379167 0.148438 0.397917 0.139063 0.414583 0.128125 0.420833 0.125000 0.437500 0.129688 0.452083 0.139063 0.443750 0.145313 0.443750 0.145313 0.425000 0.148438 0.420833 0.185938 0.425000 0.184375 0.410417 0.173437 0.400000 0.170313 0.385417
8 0.495312 0.360417 0.560937 0.477083 0.593750 0.454167 0.576562 0.325000 0.600000 0.352083 0.598437 0.454167 0.631250 0.481250 0.779687 0.508333 0.831250 0.445833 0.998437 0.450000 0.998437 0.320833 0.953125 0.366667 0.795312 0.350000 0.782813 0.383333 0.676562 0.395833 0.639062 0.314583 0.564063 0.304167
9 0.134375 0.587500 0.075000 0.587500 0.014063 0.604167 0.000000 0.612500 0.000000 0.633333 0.129688 0.595833
10 0.276562 0.202083 0.276562 0.206250 0.278125 0.206250 0.279687 0.210417 0.282813 0.212500 0.292187 0.225000 0.293750 0.225000 0.293750 0.222917 0.296875 0.220833 0.296875 0.216667 0.295312 0.214583 0.295312 0.210417 0.298438 0.208333 0.296875 0.206250 0.296875 0.195833 0.293750 0.200000 0.290625 0.197917 0.285938 0.197917 0.284375 0.195833 0.278125 0.202083
10 0.168750 0.000000 0.312500 0.187500 0.329688 0.270833 0.517188 0.410417 0.493750 0.360417 0.528125 0.312500 0.610938 0.300000 0.698438 0.356250 0.725000 0.289583 0.856250 0.287500 0.998437 0.177083 0.998437 0.000000
13 0.373437 0.462500 0.373437 0.485417 0.375000 0.487500 0.375000 0.491667 0.378125 0.497917 0.381250 0.495833 0.385937 0.495833 0.387500 0.491667 0.387500 0.472917 0.385937 0.470833 0.385937 0.466667 0.382812 0.466667 0.379688 0.462500
13 0.510938 0.472917 0.512500 0.491667 0.525000 0.491667 0.537500 0.506250 0.556250 0.506250 0.557813 0.535417 0.570312 0.547917 0.584375 0.539583 0.620313 0.543750 0.626563 0.554167 0.637500 0.547917 0.637500 0.510417 0.620313 0.458333 0.575000 0.456250 0.564063 0.479167 0.556250 0.468750 0.518750 0.466667
13 0.454688 0.447917 0.451562 0.462500 0.448437 0.464583 0.448437 0.506250 0.462500 0.506250 0.464062 0.502083 0.470313 0.502083 0.471875 0.506250 0.485938 0.508333 0.489063 0.502083 0.490625 0.468750 0.484375 0.466667 0.481250 0.454167 0.475000 0.447917
13 0.826562 0.452083 0.803125 0.550000 0.837500 0.591667 0.882812 0.591667 0.904687 0.616667 0.935937 0.618750 0.954688 0.602083 0.998437 0.606250 0.998437 0.452083 0.879687 0.439583
18 0.040625 0.431250 0.057813 0.441667 0.039062 0.468750 0.048438 0.475000 0.046875 0.527083 0.082812 0.531250 0.095312 0.516667 0.115625 0.541667 0.139063 0.531250 0.146875 0.472917 0.126562 0.456250 0.121875 0.435417 0.100000 0.447917 0.092188 0.443750 0.092188 0.425000