0 0.000000 0.652083 0.000000 0.997917 0.998437 0.997917 0.993750 0.879167 0.332813 0.477083 0.273438 0.479167 0.225000 0.597917 0.109375 0.589583
1 0.000000 0.650000 0.107813 0.587500 0.081250 0.587500 0.050000 0.602083 0.028125 0.579167 0.025000 0.552083 0.000000 0.562500
1 0.406250 0.518750 0.998437 0.881250 0.996875 0.700000 0.712500 0.602083 0.707812 0.564583 0.659375 0.581250 0.453125 0.508333
2 0.646875 0.416667 0.610938 0.410417 0.585938 0.416667 0.585938 0.425000 0.593750 0.418750 0.589063 0.433333 0.571875 0.456250 0.564063 0.454167 0.570312 0.427083 0.565625 0.427083 0.562500 0.416667 0.560937 0.460417 0.564063 0.466667 0.582812 0.462500 0.598437 0.468750 0.626563 0.460417 0.628125 0.437500
2 0.000000 0.131250 0.000000 0.425000 0.021875 0.408333 0.098437 0.439583 0.178125 0.393750 0.262500 0.416667 0.265625 0.477083 0.387500 0.439583 0.243750 0.314583 0.195312 0.343750 0.184375 0.202083 0.075000 0.181250 0.059375 0.154167 0.021875 0.170833
2 0.920312 0.170833 0.887500 0.108333 0.801562 0.164583 0.709375 0.145833 0.681250 0.193750 0.700000 0.225000 0.662500 0.254167 0.659375 0.322917 0.712500 0.322917 0.745313 0.247917 0.818750 0.235417
4 0.714063 0.468750 0.712500 0.600000 0.998437 0.700000 0.998437 0.477083
4 0.596875 0.468750 0.575000 0.464583 0.564063 0.470833 0.560937 0.466667 0.565625 0.531250 0.568750 0.514583 0.570312 0.518750 0.576562 0.514583 0.579688 0.520833 0.587500 0.483333
4 0.439063 0.462500 0.445312 0.466667 0.451562 0.487500 0.451562 0.506250 0.503125 0.529167 0.526563 0.529167 0.529687 0.497917 0.548438 0.481250 0.553125 0.466667
4 0.079687 0.439583 0.056250 0.435417 0.051562 0.441667 0.031250 0.441667 0.004687 0.427083 0.000000 0.431250 0.000000 0.560417 0.025000 0.550000 0.025000 0.531250 0.037500 0.489583 0.079687 0.460417 0.084375 0.445833
4 0.657813 0.420833 0.653125 0.420833 0.651563 0.425000 0.646875 0.427083 0.643750 0.425000 0.637500 0.433333 0.631250 0.435417 0.628125 0.441667 0.628125 0.460417 0.640625 0.454167 0.640625 0.452083 0.645312 0.450000 0.646875 0.445833 0.654687 0.443750 0.657813 0.437500 0.660937 0.435417 0.657813 0.431250
8 0.000000 0.427083 0.001563 0.429167 0.004687 0.425000 0.021875 0.437500 0.031250 0.439583 0.054688 0.437500 0.053125 0.429167 0.043750 0.416667 0.021875 0.410417 0.006250 0.416667 0.006250 0.420833
8 0.289062 0.204167 0.390625 0.450000 0.553125 0.460417 0.560937 0.141667 0.565625 0.454167 0.706250 0.387500 0.725000 0.475000 0.998437 0.475000 0.998437 0.129167 0.678125 0.331250 0.598437 0.129167 0.489063 0.135417 0.459375 0.050000 0.435937 0.135417 0.368750 0.077083
10 0.000000 0.000000 0.021875 0.168750 0.184375 0.200000 0.195312 0.341667 0.350000 0.391667 0.287500 0.204167 0.368750 0.075000 0.414062 0.139583 0.454688 0.047917 0.489063 0.133333 0.503125 0.060417 0.656250 0.250000 0.709375 0.143750 0.998437 0.127083 0.998437 0.000000
13 0.550000 0.479167 0.548438 0.483333 0.537500 0.489583 0.531250 0.497917 0.526563 0.518750 0.526563 0.527083 0.551562 0.539583 0.551562 0.487500 0.553125 0.485417 0.551562 0.479167
13 0.289062 0.456250 0.289062 0.477083 0.317188 0.477083 0.317188 0.468750 0.314063 0.468750 0.312500 0.466667 0.309375 0.454167 0.295312 0.454167 0.290625 0.458333
13 0.335938 0.466667 0.335938 0.487500 0.360938 0.487500 0.364063 0.506250 0.381250 0.506250 0.390625 0.527083 0.400000 0.527083 0.406250 0.516667 0.435937 0.516667 0.440625 0.522917 0.450000 0.518750 0.450000 0.487500 0.443750 0.466667 0.426563 0.447917 0.368750 0.456250 0.345313 0.452083
13 0.260937 0.416667 0.193750 0.395833 0.165625 0.414583 0.120313 0.416667 0.039062 0.489583 0.026562 0.531250 0.029687 0.579167 0.050000 0.600000 0.081250 0.585417 0.203125 0.583333 0.225000 0.595833 0.237500 0.554167 0.259375 0.554167
13 0.706250 0.389583 0.692187 0.395833 0.685937 0.427083 0.596875 0.470833 0.581250 0.520833 0.568750 0.516667 0.565625 0.533333 0.560937 0.479167 0.560937 0.547917 0.615625 0.562500 0.642188 0.556250 0.659375 0.579167 0.709375 0.562500