0 0.000000 0.677083 0.000000 0.997917 0.998437 0.997917 0.996875 0.843750 0.340625 0.481250 0.289062 0.483333 0.248438 0.591667 0.146875 0.585417
1 0.145313 0.583333 0.125000 0.583333 0.110937 0.595833 0.087500 0.593750 0.075000 0.556250 0.000000 0.583333 0.000000 0.675000
1 0.417187 0.518750 0.998437 0.843750 0.998437 0.677083 0.693750 0.587500 0.689063 0.547917 0.656250 0.568750 0.454688 0.504167
2 0.637500 0.412500 0.634375 0.410417 0.620313 0.410417 0.618750 0.414583 0.609375 0.414583 0.606250 0.418750 0.604688 0.433333 0.609375 0.437500 0.610938 0.454167 0.623437 0.441667 0.626563 0.443750 0.626563 0.435417 0.629687 0.433333 0.625000 0.427083 0.632812 0.416667 0.635938 0.416667
2 0.000000 0.133333 0.000000 0.425000 0.123438 0.456250 0.195312 0.404167 0.253125 0.408333 0.279687 0.481250 0.387500 0.447917 0.387500 0.422917 0.350000 0.420833 0.354687 0.393750 0.251563 0.322917 0.203125 0.358333 0.189062 0.212500 0.060937 0.172917 0.048438 0.193750
2 0.910937 0.168750 0.873437 0.104167 0.787500 0.164583 0.701562 0.145833 0.675000 0.195833 0.693750 0.204167 0.693750 0.225000 0.656250 0.250000 0.657813 0.320833 0.692187 0.320833 0.718750 0.260417 0.782813 0.245833
4 0.550000 0.466667 0.539062 0.464583 0.518750 0.470833 0.468750 0.468750 0.459375 0.481250 0.462500 0.485417 0.490625 0.483333 0.503125 0.487500 0.515625 0.481250 0.528125 0.497917 0.534375 0.485417 0.548438 0.477083
4 0.998437 0.458333 0.693750 0.462500 0.690625 0.577083 0.998437 0.675000
4 0.000000 0.581250 0.075000 0.554167 0.084375 0.500000 0.120313 0.458333 0.100000 0.456250 0.093750 0.445833 0.057813 0.452083 0.045312 0.441667 0.032813 0.447917 0.000000 0.441667
4 0.640625 0.410417 0.635938 0.418750 0.632812 0.418750 0.631250 0.422917 0.626563 0.427083 0.628125 0.431250 0.639062 0.435417 0.642188 0.439583 0.645312 0.439583 0.648438 0.433333 0.651563 0.433333 0.659375 0.425000 0.657813 0.420833 0.654687 0.418750 0.653125 0.412500
5 0.500000 0.081250 0.553125 0.164583 0.554688 0.545833 0.556250 0.160417
8 0.087500 0.445833 0.076563 0.429167 0.067187 0.425000 0.040625 0.427083 0.039062 0.431250 0.000000 0.427083 0.000000 0.439583 0.006250 0.445833 0.040625 0.443750 0.042188 0.439583 0.056250 0.445833 0.057813 0.450000 0.082812 0.450000
8 0.529687 0.116667 0.557813 0.160417 0.557813 0.477083 0.609375 0.458333 0.620313 0.408333 0.690625 0.425000 0.704688 0.464583 0.998437 0.456250 0.998437 0.133333 0.718750 0.262500 0.670312 0.329167 0.595313 0.139583 0.573438 0.160417 0.557813 0.102083
8 0.373437 0.093750 0.370312 0.164583 0.296875 0.218750 0.381250 0.368750 0.350000 0.418750 0.390625 0.425000 0.392188 0.385417 0.395313 0.450000 0.525000 0.520833 0.515625 0.483333 0.457813 0.479167 0.550000 0.460417 0.551562 0.164583 0.525000 0.118750 0.514062 0.152083 0.506250 0.108333 0.487500 0.150000 0.471875 0.091667 0.459375 0.122917 0.457813 0.068750 0.417187 0.156250
10 0.000000 0.000000 0.043750 0.189583 0.189062 0.210417 0.203125 0.356250 0.356250 0.393750 0.295312 0.218750 0.373437 0.091667 0.417187 0.154167 0.453125 0.066667 0.487500 0.147917 0.496875 0.081250 0.557813 0.100000 0.634375 0.258333 0.701562 0.143750 0.998437 0.122917 0.998437 0.000000
13 0.543750 0.479167 0.542188 0.483333 0.539062 0.483333 0.529687 0.493750 0.526563 0.518750 0.531250 0.525000 0.545312 0.529167 0.548438 0.535417 0.548438 0.479167
13 0.295312 0.460417 0.295312 0.481250 0.317188 0.481250 0.318750 0.479167 0.318750 0.475000 0.317188 0.472917 0.317188 0.458333 0.298438 0.458333
13 0.453125 0.508333 0.451562 0.479167 0.429688 0.447917 0.381250 0.452083 0.373437 0.458333 0.357812 0.452083 0.342187 0.468750 0.342187 0.487500 0.348438 0.493750 0.354687 0.487500 0.367188 0.491667 0.370312 0.506250 0.387500 0.506250 0.398438 0.525000 0.428125 0.514583 0.450000 0.520833
13 0.690625 0.427083 0.667188 0.422917 0.629687 0.452083 0.620313 0.445833 0.604688 0.464583 0.581250 0.472917 0.576562 0.504167 0.567187 0.502083 0.557813 0.479167 0.560937 0.537500 0.571875 0.529167 0.609375 0.554167 0.632812 0.543750 0.648438 0.564583 0.675000 0.564583 0.690625 0.539583
13 0.270313 0.416667 0.195312 0.406250 0.184375 0.425000 0.145313 0.435417 0.085938 0.500000 0.076563 0.545833 0.085938 0.589583 0.218750 0.577083 0.248438 0.589583 0.256250 0.556250 0.276562 0.545833