0 0.000000 0.741667 0.000000 0.997917 0.998437 0.997917 0.993750 0.764583 0.304688 0.487500 0.292187 0.577083 0.206250 0.572917
1 0.198437 0.577083 0.162500 0.589583 0.150000 0.552083 0.000000 0.616667 0.000000 0.739583
1 0.428125 0.510417 0.998437 0.766667 0.996875 0.625000 0.660937 0.531250
2 0.653125 0.408333 0.648438 0.400000 0.639062 0.397917 0.590625 0.400000 0.575000 0.427083 0.570312 0.443750 0.584375 0.445833 0.585938 0.452083 0.618750 0.439583
2 0.000000 0.145833 0.007812 0.441667 0.140625 0.466667 0.162500 0.445833 0.178125 0.472917 0.225000 0.422917 0.273438 0.420833 0.306250 0.485417 0.312500 0.460417 0.351562 0.481250 0.360938 0.445833 0.400000 0.439583 0.259375 0.335417 0.218750 0.368750 0.207813 0.239583 0.093750 0.208333 0.081250 0.227083
2 0.900000 0.160417 0.853125 0.089583 0.771875 0.150000 0.690625 0.139583 0.665625 0.187500 0.684375 0.197917 0.684375 0.214583 0.643750 0.247917 0.646875 0.318750 0.660937 0.318750 0.685937 0.268750
2 0.998437 0.056250 0.953125 0.106250 0.951562 0.118750 0.957812 0.120833 0.967187 0.114583 0.971875 0.120833 0.998437 0.114583
4 0.176563 0.475000 0.167187 0.475000 0.170313 0.487500 0.159375 0.500000 0.148438 0.468750 0.000000 0.470833 0.000000 0.614583 0.153125 0.550000 0.153125 0.516667
4 0.545312 0.466667 0.537500 0.452083 0.529687 0.460417 0.451562 0.458333 0.462500 0.479167 0.465625 0.497917 0.510938 0.508333 0.504687 0.502083 0.507812 0.491667 0.526563 0.491667 0.529687 0.479167
4 0.998437 0.420833 0.665625 0.443750 0.667188 0.547917 0.998437 0.625000
5 0.492188 0.112500 0.545312 0.193750 0.553125 0.527083 0.545312 0.179167
8 0.000000 0.408333 0.000000 0.468750 0.062500 0.468750 0.071875 0.462500 0.085938 0.470833 0.139063 0.466667 0.125000 0.447917 0.109375 0.447917 0.093750 0.464583 0.026562 0.456250 0.020313 0.445833 0.006250 0.441667 0.009375 0.420833
8 0.521875 0.135417 0.546875 0.179167 0.562500 0.460417 0.590625 0.397917 0.648438 0.397917 0.671875 0.445833 0.998437 0.418750 0.998437 0.116667 0.685937 0.270833 0.660937 0.320833 0.585938 0.147917 0.560937 0.170833 0.548438 0.116667
8 0.378125 0.127083 0.378125 0.189583 0.310937 0.243750 0.385937 0.360417 0.360938 0.422917 0.400000 0.425000 0.403125 0.387500 0.412500 0.433333 0.396875 0.450000 0.532813 0.456250 0.534375 0.166667 0.517188 0.145833 0.507812 0.166667 0.496875 0.135417 0.484375 0.166667 0.465625 0.118750 0.457813 0.145833 0.454688 0.095833 0.435937 0.168750
10 0.000000 0.143750 0.207813 0.237500 0.218750 0.366667 0.364063 0.395833 0.309375 0.243750 0.378125 0.125000 0.435937 0.166667 0.454688 0.093750 0.514062 0.164583 0.490625 0.112500 0.548438 0.114583 0.639062 0.247917 0.690625 0.137500 0.851562 0.087500 0.901563 0.160417 0.962500 0.131250 0.998437 0.000000 0.000000 0.000000
11 0.162500 0.447917 0.159375 0.447917 0.154688 0.452083 0.153125 0.464583 0.150000 0.468750 0.151562 0.475000 0.156250 0.477083 0.156250 0.483333 0.153125 0.485417 0.153125 0.487500 0.159375 0.497917 0.168750 0.487500 0.168750 0.479167 0.165625 0.477083 0.165625 0.475000 0.168750 0.472917 0.168750 0.470833 0.165625 0.468750 0.165625 0.462500 0.168750 0.460417 0.168750 0.458333
13 0.545312 0.468750 0.534375 0.479167 0.531250 0.479167 0.531250 0.483333 0.529687 0.485417 0.529687 0.506250 0.537500 0.512500 0.542188 0.512500 0.546875 0.516667 0.546875 0.512500 0.548438 0.510417 0.548438 0.497917 0.546875 0.495833 0.546875 0.468750
13 0.307812 0.468750 0.307812 0.485417 0.310937 0.487500 0.312500 0.485417 0.329688 0.485417 0.331250 0.483333 0.335938 0.483333 0.334375 0.472917 0.328125 0.464583 0.328125 0.462500 0.312500 0.462500
13 0.354687 0.466667 0.353125 0.487500 0.359375 0.493750 0.381250 0.491667 0.384375 0.506250 0.401562 0.502083 0.409375 0.516667 0.428125 0.508333 0.460938 0.508333 0.460938 0.479167 0.454688 0.462500 0.440625 0.447917 0.392188 0.452083 0.385937 0.460417 0.365625 0.447917 0.362500 0.454167 0.360938 0.447917
13 0.292187 0.431250 0.232813 0.420833 0.198437 0.443750 0.156250 0.514583 0.159375 0.583333 0.178125 0.587500 0.187500 0.572917 0.292187 0.575000 0.293750 0.552083 0.306250 0.547917 0.306250 0.502083
13 0.657813 0.414583 0.640625 0.418750 0.618750 0.441667 0.554688 0.464583 0.554688 0.520833 0.587500 0.520833 0.596875 0.529167 0.618750 0.520833 0.632812 0.535417 0.657813 0.533333 0.664062 0.516667 0.664062 0.443750