0 0.000000 0.964583 0.998437 0.997917 0.998437 0.772917 0.818750 0.727083 0.765625 0.583333 0.435937 0.479167 0.428125 0.541667 0.362500 0.550000
1 0.373437 0.539583 0.346875 0.550000 0.335938 0.520833 0.145313 0.637500 0.000000 0.652083 0.000000 0.962500
1 0.518750 0.497917 0.767188 0.585417 0.785937 0.529167 0.676562 0.504167 0.620313 0.508333 0.606250 0.493750 0.553125 0.487500
2 0.640625 0.429167 0.656250 0.439583 0.678125 0.433333 0.679688 0.429167 0.682813 0.429167 0.692187 0.418750 0.692187 0.395833 0.667188 0.397917 0.656250 0.395833 0.646875 0.410417
2 0.951562 0.333333 0.903125 0.383333 0.879687 0.368750 0.860938 0.385417 0.826562 0.379167 0.781250 0.425000 0.889062 0.412500
2 0.987500 0.129167 0.929688 0.070833 0.843750 0.139583 0.760938 0.139583 0.740625 0.183333 0.757812 0.193750 0.756250 0.214583 0.712500 0.250000 0.714063 0.300000 0.951562 0.175000 0.956250 0.143750
2 0.010937 0.000000 0.000000 0.425000 0.167187 0.481250 0.178125 0.418750 0.320312 0.470833 0.409375 0.429167 0.429688 0.481250 0.493750 0.437500 0.400000 0.362500 0.351562 0.368750 0.332813 0.277083 0.239063 0.268750 0.062500 0.083333 0.053125 0.000000
4 0.350000 0.472917 0.125000 0.470833 0.107813 0.495833 0.000000 0.489583 0.000000 0.650000 0.145313 0.635417 0.153125 0.616667 0.342187 0.518750
4 0.887500 0.414583 0.700000 0.437500 0.701562 0.510417 0.787500 0.527083 0.810937 0.477083 0.870313 0.439583
5 0.568750 0.175000 0.612500 0.227083 0.621875 0.506250 0.614062 0.218750
8 0.175000 0.425000 0.175000 0.437500 0.185938 0.458333 0.182812 0.477083 0.228125 0.475000 0.237500 0.466667 0.275000 0.470833 0.281250 0.477083 0.282813 0.466667 0.278125 0.462500 0.242188 0.468750 0.243750 0.454167 0.235937 0.462500 0.231250 0.439583 0.217188 0.425000 0.203125 0.435417 0.193750 0.435417 0.181250 0.420833
8 0.476562 0.187500 0.476562 0.235417 0.425000 0.281250 0.471875 0.358333 0.456250 0.422917 0.493750 0.420833 0.495312 0.383333 0.507812 0.433333 0.489063 0.447917 0.532813 0.443750 0.550000 0.485417 0.603125 0.495833 0.615625 0.460417 0.606250 0.212500 0.573438 0.185417 0.556250 0.202083 0.548438 0.175000 0.540625 0.189583 0.540625 0.156250 0.525000 0.208333
8 0.998437 0.129167 0.723437 0.302083 0.720313 0.218750 0.692187 0.264583 0.653125 0.170833 0.625000 0.202083 0.621875 0.156250 0.600000 0.166667 0.625000 0.454167 0.654687 0.439583 0.656250 0.393750 0.723437 0.435417 0.826562 0.377083 0.903125 0.381250 0.998437 0.289583
10 0.053125 0.010417 0.064062 0.083333 0.239063 0.266667 0.332813 0.275000 0.351562 0.366667 0.456250 0.395833 0.423438 0.281250 0.537500 0.154167 0.556250 0.200000 0.653125 0.168750 0.693750 0.262500 0.760938 0.137500 0.929688 0.068750 0.998437 0.127083 0.998437 0.000000
13 0.614062 0.462500 0.604688 0.472917 0.604688 0.487500 0.607812 0.495833 0.610938 0.495833 0.617188 0.500000 0.617188 0.493750 0.618750 0.491667 0.617188 0.487500 0.617188 0.462500
13 0.545312 0.464583 0.532813 0.445833 0.487500 0.450000 0.482812 0.456250 0.464062 0.452083 0.453125 0.466667 0.453125 0.481250 0.460938 0.487500 0.475000 0.483333 0.482812 0.495833 0.495312 0.495833 0.496875 0.491667 0.503125 0.502083 0.518750 0.495833 0.546875 0.495833
13 0.367188 0.433333 0.346875 0.493750 0.346875 0.547917 0.357812 0.547917 0.362500 0.537500 0.398438 0.533333 0.428125 0.539583 0.428125 0.460417 0.418750 0.458333 0.409375 0.431250
13 0.000000 0.427083 0.000000 0.487500 0.026562 0.491667 0.075000 0.487500 0.107813 0.493750 0.112500 0.479167 0.087500 0.477083 0.040625 0.441667
13 0.693750 0.418750 0.678125 0.435417 0.646875 0.443750 0.625000 0.456250 0.625000 0.500000 0.700000 0.506250 0.700000 0.435417
13 0.998437 0.291667 0.792188 0.510417 0.771875 0.629167 0.818750 0.725000 0.864062 0.737500 0.885938 0.712500 0.998437 0.770833