0 0.006250 0.997917 0.998437 0.997917 0.998437 0.754167 0.759375 0.664583 0.732812 0.564583 0.462500 0.479167 0.459375 0.531250 0.409375 0.527083
1 0.407813 0.529167 0.389062 0.535417 0.382812 0.508333 0.225000 0.597917 0.015625 0.608333 0.000000 0.997917
1 0.545312 0.497917 0.729688 0.562500 0.740625 0.527083 0.710938 0.510417 0.640625 0.508333 0.632812 0.497917 0.590625 0.489583
2 0.996875 0.118750 0.960938 0.085417 0.875000 0.152083 0.787500 0.156250 0.765625 0.197917 0.782813 0.202083 0.784375 0.222917 0.732812 0.268750 0.739062 0.308333 0.892188 0.245833 0.918750 0.225000 0.921875 0.200000 0.998437 0.172917
2 0.000000 0.000000 0.000000 0.158333 0.100000 0.260417 0.078125 0.258333 0.101562 0.352083 0.065625 0.412500 0.240625 0.466667 0.239063 0.414583 0.295312 0.460417 0.389062 0.466667 0.421875 0.425000 0.464062 0.477083 0.517188 0.447917 0.473438 0.383333 0.385937 0.364583 0.371875 0.281250 0.284375 0.270833 0.148438 0.122917 0.121875 0.004167 0.089063 0.075000
4 0.389062 0.468750 0.000000 0.464583 0.000000 0.695833 0.015625 0.685417 0.015625 0.606250 0.232813 0.593750 0.385937 0.506250
4 0.795312 0.437500 0.710938 0.447917 0.714063 0.514583 0.743750 0.518750 0.754687 0.487500 0.773438 0.464583 0.790625 0.456250 0.796875 0.447917
5 0.593750 0.195833 0.629687 0.227083 0.635938 0.247917 0.642188 0.506250 0.637500 0.239583 0.615625 0.208333
8 0.234375 0.418750 0.234375 0.431250 0.245312 0.452083 0.245312 0.458333 0.240625 0.460417 0.242188 0.466667 0.285938 0.466667 0.293750 0.462500 0.292187 0.447917 0.285938 0.450000 0.282813 0.441667 0.278125 0.439583 0.278125 0.429167 0.271875 0.416667 0.267188 0.416667 0.260937 0.427083 0.250000 0.427083 0.240625 0.416667
8 0.507812 0.202083 0.507812 0.247917 0.479687 0.256250 0.475000 0.287500 0.459375 0.291667 0.498437 0.356250 0.484375 0.418750 0.521875 0.420833 0.523438 0.397917 0.518750 0.447917 0.559375 0.443750 0.575000 0.487500 0.629687 0.495833 0.629687 0.229167 0.596875 0.202083 0.568750 0.204167 0.567187 0.172917 0.553125 0.222917
8 0.615625 0.202083 0.639062 0.239583 0.645312 0.458333 0.795312 0.435417 0.893750 0.325000 0.998437 0.277083 0.998437 0.175000 0.743750 0.316667 0.731250 0.268750 0.754687 0.222917 0.715625 0.279167 0.678125 0.187500 0.657813 0.218750 0.646875 0.170833
8 0.000000 0.160417 0.000000 0.462500 0.034375 0.443750 0.062500 0.402083 0.085938 0.404167 0.100000 0.352083 0.084375 0.327083 0.090625 0.293750 0.076563 0.260417 0.096875 0.272917 0.095312 0.252083 0.050000 0.187500
10 0.110937 0.000000 0.142187 0.112500 0.284375 0.268750 0.371875 0.279167 0.385937 0.362500 0.487500 0.395833 0.457813 0.291667 0.507812 0.200000 0.646875 0.168750 0.715625 0.277083 0.782813 0.222917 0.787500 0.154167 0.960938 0.083333 0.998437 0.120833 0.998437 0.000000
10 0.020313 0.000000 0.090625 0.072917 0.092188 0.060417 0.098437 0.064583 0.095312 0.008333 0.106250 0.004167 0.104688 0.000000
13 0.573438 0.487500 0.571875 0.466667 0.559375 0.445833 0.515625 0.450000 0.510938 0.456250 0.504687 0.450000 0.492188 0.450000 0.482812 0.464583 0.482812 0.481250 0.490625 0.485417 0.504687 0.481250 0.509375 0.491667 0.520312 0.495833 0.523438 0.489583 0.534375 0.502083 0.539062 0.495833 0.559375 0.495833 0.560937 0.491667 0.571875 0.495833
13 0.712500 0.441667 0.704688 0.435417 0.685937 0.445833 0.665625 0.447917 0.656250 0.458333 0.645312 0.460417 0.643750 0.491667 0.651563 0.479167 0.675000 0.506250 0.710938 0.508333 0.709375 0.447917
13 0.443750 0.431250 0.406250 0.429167 0.400000 0.437500 0.387500 0.493750 0.389062 0.533333 0.421875 0.522917 0.443750 0.522917 0.454688 0.531250 0.460938 0.527083 0.459375 0.456250 0.453125 0.456250 0.443750 0.439583
13 0.010937 0.460417 0.126562 0.475000 0.204687 0.477083 0.209375 0.468750 0.171875 0.462500 0.126562 0.425000 0.081250 0.414583 0.051562 0.416667 0.034375 0.445833
13 0.998437 0.279167 0.878125 0.339583 0.756250 0.487500 0.734375 0.602083 0.759375 0.662500 0.801562 0.647917 0.998437 0.752083