0 0.000000 0.785417 0.000000 0.997917 0.998437 0.997917 0.603125 0.602083 0.554688 0.608333 0.473438 0.479167 0.403125 0.466667 0.225000 0.585417 0.168750 0.552083
1 0.606250 0.604167 0.876563 0.891667 0.998437 0.966667 0.998437 0.804167 0.832812 0.716667 0.678125 0.602083 0.668750 0.629167
1 0.417187 0.477083 0.393750 0.462500 0.381250 0.468750 0.343750 0.470833 0.342187 0.487500 0.334375 0.506250 0.379688 0.495833 0.381250 0.491667 0.415625 0.481250
2 0.000000 0.000000 0.000000 0.218750 0.062500 0.297917 0.128125 0.247917 0.332813 0.331250 0.396875 0.414583 0.395313 0.462500 0.537500 0.445833 0.398438 0.289583 0.342187 0.325000 0.329688 0.118750
4 0.664062 0.504167 0.679688 0.602083 0.832812 0.714583 0.998437 0.802083 0.973437 0.756250 0.998437 0.668750 0.996875 0.560417
8 0.346875 0.379167 0.343750 0.468750 0.389062 0.464583 0.395313 0.450000 0.395313 0.414583 0.379688 0.397917
8 0.432812 0.000000 0.503125 0.175000 0.479687 0.212500 0.543750 0.297917 0.496875 0.414583 0.539062 0.433333 0.545312 0.385417 0.542188 0.456250 0.625000 0.458333 0.654687 0.502083 0.998437 0.560417 0.998437 0.000000
10 0.057813 0.002083 0.073438 0.037500 0.212500 0.054167 0.329688 0.116667 0.343750 0.325000 0.398438 0.287500 0.500000 0.391667 0.531250 0.368750 0.537500 0.270833 0.478125 0.212500 0.501563 0.175000 0.431250 0.000000
13 0.995313 0.670833 0.985938 0.687500 0.982812 0.702083 0.990625 0.720833 0.984375 0.735417 0.976562 0.743750 0.975000 0.756250 0.979688 0.766667 0.998437 0.779167 0.998437 0.670833
13 0.476562 0.460417 0.479687 0.502083 0.506250 0.504167 0.503125 0.529167 0.514062 0.529167 0.518750 0.547917 0.535937 0.545833 0.535937 0.568750 0.553125 0.577083 0.554688 0.606250 0.589063 0.595833 0.671875 0.622917 0.676562 0.541667 0.660937 0.520833 0.662500 0.504167 0.625000 0.460417 0.565625 0.452083 0.515625 0.462500 0.489063 0.445833
13 0.429688 0.450000 0.429688 0.458333 0.428125 0.460417 0.428125 0.470833 0.429688 0.472917 0.439063 0.472917 0.445312 0.477083 0.459375 0.477083 0.459375 0.462500 0.451562 0.447917 0.448437 0.447917 0.446875 0.445833 0.434375 0.445833
13 0.340625 0.341667 0.164062 0.250000 0.065625 0.302083 0.000000 0.220833 0.000000 0.783333 0.056250 0.745833 0.100000 0.635417 0.168750 0.550000 0.225000 0.583333 0.257812 0.531250 0.325000 0.537500