0 0.000000 0.708333 0.000000 0.997917 0.998437 0.997917 0.998437 0.906250 0.809375 0.754167 0.731250 0.777083 0.696875 0.662500 0.506250 0.491667 0.410938 0.479167 0.442188 0.495833 0.267188 0.572917 0.239063 0.654167 0.185938 0.614583
1 0.865625 0.785417 0.998437 0.904167 0.998437 0.810417
1 0.440625 0.493750 0.421875 0.483333 0.340625 0.495833 0.289062 0.489583 0.289062 0.541667 0.284375 0.558333 0.270313 0.570833 0.359375 0.537500
2 0.979688 0.281250 0.967187 0.279167 0.932813 0.312500 0.929688 0.335417 0.934375 0.331250 0.940625 0.337500 0.937500 0.356250 0.964063 0.350000 0.976562 0.341667 0.998437 0.339583 0.998437 0.312500
2 0.000000 0.004167 0.001563 0.043750 0.279687 0.275000 0.292187 0.487500 0.328125 0.479167 0.339062 0.375000 0.414062 0.416667 0.414062 0.477083 0.481250 0.454167 0.506250 0.489583 0.539062 0.445833 0.564063 0.481250 0.575000 0.431250 0.418750 0.291667 0.359375 0.335417 0.325000 0.079167
3 0.329688 0.435417 0.331250 0.475000 0.323437 0.491667 0.325000 0.493750 0.346875 0.491667 0.345313 0.475000 0.342187 0.472917 0.343750 0.464583 0.342187 0.439583 0.340625 0.435417
4 0.909375 0.518750 0.921875 0.525000 0.925000 0.547917 0.998437 0.585417 0.998437 0.522917 0.939063 0.518750 0.937500 0.514583
8 0.334375 0.379167 0.328125 0.429167 0.343750 0.439583 0.348438 0.491667 0.409375 0.481250 0.418750 0.450000 0.412500 0.416667 0.356250 0.381250
8 0.523438 0.010417 0.518750 0.079167 0.670312 0.185417 0.639062 0.356250 0.592187 0.368750 0.585938 0.260417 0.539062 0.364583 0.570312 0.464583 0.814063 0.439583 0.898438 0.516667 0.998437 0.520833 0.998437 0.341667 0.928125 0.335417 0.967187 0.277083 0.998437 0.310417 0.998437 0.000000
10 0.007812 0.000000 0.325000 0.077083 0.360938 0.335417 0.418750 0.289583 0.531250 0.393750 0.585938 0.258333 0.593750 0.368750 0.637500 0.356250 0.665625 0.166667 0.596875 0.168750 0.609375 0.129167 0.517188 0.079167 0.553125 0.000000
13 0.456250 0.460417 0.456250 0.468750 0.454688 0.470833 0.454688 0.481250 0.456250 0.483333 0.465625 0.483333 0.475000 0.487500 0.489063 0.487500 0.489063 0.470833 0.485938 0.464583 0.482812 0.462500 0.481250 0.456250 0.459375 0.456250
13 0.510938 0.468750 0.507812 0.502083 0.556250 0.522917 0.584375 0.587500 0.628125 0.587500 0.635938 0.643750 0.660937 0.629167 0.709375 0.677083 0.739062 0.781250 0.795312 0.745833 0.998437 0.808333 0.998437 0.587500 0.826562 0.447917 0.698438 0.435417 0.650000 0.466667 0.578125 0.456250 0.560937 0.489583 0.539062 0.447917
13 0.000000 0.041667 0.000000 0.706250 0.185938 0.612500 0.239063 0.652083 0.287500 0.541667 0.278125 0.275000