0 0.000000 0.664583 0.000000 0.997917 0.950000 0.997917 0.453125 0.475000 0.212500 0.535417 0.150000 0.656250
1 0.560937 0.581250 0.951562 0.997917 0.998437 0.997917 0.998437 0.825000 0.862500 0.743750 0.826562 0.691667 0.740625 0.664583 0.629687 0.581250 0.618750 0.604167
1 0.396875 0.466667 0.382812 0.456250 0.370312 0.456250 0.368750 0.460417 0.334375 0.462500 0.331250 0.483333 0.326562 0.491667 0.359375 0.485417 0.376563 0.477083 0.387500 0.477083 0.396875 0.472917
2 0.000000 0.000000 0.000000 0.164583 0.132812 0.279167 0.178125 0.262500 0.300000 0.310417 0.376563 0.402083 0.375000 0.454167 0.423438 0.435417 0.453125 0.472917 0.517188 0.443750 0.384375 0.285417 0.321875 0.312500 0.312500 0.114583
4 0.621875 0.497917 0.634375 0.585417 0.740625 0.662500 0.831250 0.693750 0.857812 0.616667 0.967187 0.602083 0.846875 0.539583
8 0.339062 0.377083 0.335938 0.460417 0.368750 0.458333 0.373437 0.454167 0.376563 0.437500 0.379688 0.435417 0.376563 0.406250 0.367188 0.393750
8 0.409375 0.016667 0.479687 0.193750 0.460938 0.225000 0.521875 0.316667 0.476562 0.410417 0.517188 0.429167 0.525000 0.385417 0.521875 0.454167 0.998437 0.606250 0.998437 0.000000
9 0.846875 0.718750 0.862500 0.741667 0.976562 0.808333 0.956250 0.785417 0.892188 0.747917 0.859375 0.718750
10 0.045312 0.000000 0.312500 0.112500 0.326562 0.316667 0.381250 0.281250 0.482812 0.387500 0.510938 0.364583 0.512500 0.283333 0.459375 0.225000 0.478125 0.193750 0.406250 0.022917 0.454688 0.004167
13 0.851562 0.625000 0.834375 0.697917 0.998437 0.822917 0.998437 0.608333 0.912500 0.604167
13 0.456250 0.456250 0.457813 0.491667 0.482812 0.497917 0.482812 0.522917 0.507812 0.535417 0.523438 0.583333 0.543750 0.575000 0.596875 0.581250 0.607812 0.600000 0.623437 0.597917 0.628125 0.535417 0.620313 0.497917 0.610938 0.497917 0.590625 0.458333 0.540625 0.445833 0.528125 0.456250 0.493750 0.456250 0.485938 0.445833
13 0.414062 0.437500 0.410938 0.445833 0.409375 0.464583 0.412500 0.466667 0.440625 0.468750 0.440625 0.460417 0.434375 0.441667 0.428125 0.441667 0.423438 0.437500
13 0.000000 0.166667 0.000000 0.662500 0.081250 0.631250 0.150000 0.654167 0.209375 0.535417 0.251563 0.547917 0.270313 0.502083 0.321875 0.514583 0.329688 0.337500 0.204687 0.270833 0.135937 0.283333