0 0.000000 0.716667 0.000000 0.997917 0.998437 0.997917 0.998437 0.872917 0.878125 0.883333 0.776563 0.656250 0.643750 0.654167 0.489063 0.491667 0.376563 0.479167 0.414062 0.495833
1 0.556250 0.497917 0.556250 0.514583 0.554688 0.518750 0.564063 0.529167 0.567187 0.529167 0.570312 0.533333 0.571875 0.533333 0.571875 0.520833 0.575000 0.516667 0.576562 0.504167 0.570312 0.504167 0.568750 0.500000 0.565625 0.500000 0.564063 0.497917
1 0.412500 0.493750 0.375000 0.479167 0.239063 0.516667 0.129688 0.487500 0.000000 0.489583 0.000000 0.714583
1 0.381250 0.475000 0.398438 0.481250 0.489063 0.489583 0.489063 0.483333 0.470313 0.483333 0.468750 0.479167 0.467187 0.483333 0.451562 0.483333 0.450000 0.479167 0.431250 0.483333 0.429688 0.479167
2 0.609375 0.327083 0.609375 0.341667 0.601562 0.345833 0.607812 0.364583 0.601562 0.414583 0.632812 0.422917 0.701562 0.418750 0.687500 0.412500 0.660937 0.368750 0.660937 0.354167 0.653125 0.350000 0.653125 0.335417 0.614062 0.333333
2 0.000000 0.000000 0.000000 0.487500 0.031250 0.487500 0.003125 0.435417 0.029687 0.400000 0.150000 0.406250 0.110937 0.487500 0.207813 0.466667 0.278125 0.350000 0.373437 0.400000 0.396875 0.475000 0.545312 0.439583 0.559375 0.495833 0.571875 0.425000 0.400000 0.281250 0.326562 0.325000 0.282813 0.283333 0.306250 0.237500 0.253125 0.000000
3 0.290625 0.506250 0.282813 0.485417 0.278125 0.427083 0.253125 0.418750 0.214062 0.422917 0.207813 0.468750 0.137500 0.468750 0.134375 0.497917 0.206250 0.502083 0.239063 0.514583
4 0.384375 0.452083 0.385937 0.456250 0.385937 0.464583 0.384375 0.466667 0.387500 0.472917 0.396875 0.472917 0.398438 0.470833 0.403125 0.470833 0.403125 0.466667 0.404687 0.464583 0.404687 0.452083 0.396875 0.452083 0.395313 0.450000 0.385937 0.450000
4 0.095312 0.395833 0.095312 0.408333 0.104688 0.414583 0.106250 0.425000 0.095312 0.462500 0.093750 0.489583 0.109375 0.487500 0.123438 0.470833 0.148438 0.460417 0.150000 0.408333 0.150000 0.416667 0.145313 0.418750 0.143750 0.410417 0.104688 0.406250 0.100000 0.402083 0.101562 0.395833
8 0.571875 0.427083 0.568750 0.431250 0.562500 0.433333 0.560937 0.443750 0.557813 0.445833 0.559375 0.491667 0.560937 0.495833 0.568750 0.497917 0.568750 0.485417 0.570312 0.483333
8 0.010937 0.406250 0.004687 0.435417 0.007812 0.456250 0.020313 0.475000 0.043750 0.491667 0.092188 0.491667 0.103125 0.414583 0.078125 0.404167
8 0.257812 0.354167 0.251563 0.416667 0.279687 0.427083 0.287500 0.502083 0.300000 0.506250 0.356250 0.491667 0.382812 0.472917 0.381250 0.425000 0.373437 0.402083 0.285938 0.354167
8 0.595313 0.343750 0.584375 0.356250 0.584375 0.343750 0.579688 0.343750 0.573438 0.502083 0.595313 0.437500 0.631250 0.422917 0.598437 0.412500 0.606250 0.364583 0.601562 0.356250 0.604688 0.350000
8 0.564063 0.233333 0.550000 0.254167 0.550000 0.295833 0.539062 0.291667 0.542188 0.310417 0.534375 0.310417 0.542188 0.345833 0.523438 0.337500 0.510938 0.387500 0.534375 0.391667 0.571875 0.422917 0.576562 0.327083 0.582812 0.335417 0.587500 0.318750 0.573438 0.314583 0.582812 0.279167 0.571875 0.266667 0.575000 0.247917
8 0.998437 0.000000 0.742188 0.000000 0.710938 0.031250 0.709375 0.085417 0.668750 0.112500 0.690625 0.160417 0.651563 0.302083 0.662500 0.368750 0.703125 0.414583 0.682813 0.425000 0.795312 0.506250 0.856250 0.397917 0.998437 0.339583
10 0.284375 0.283333 0.326562 0.322917 0.381250 0.266667 0.510938 0.377083 0.567187 0.231250 0.584375 0.354167 0.609375 0.318750 0.653125 0.333333 0.689063 0.160417 0.667188 0.112500 0.740625 0.000000 0.254688 0.000000 0.307812 0.237500
13 0.432812 0.452083 0.429688 0.466667 0.431250 0.481250 0.435937 0.481250 0.437500 0.477083 0.450000 0.477083 0.451562 0.481250 0.467187 0.481250 0.467187 0.462500 0.459375 0.447917 0.454688 0.445833 0.437500 0.445833
13 0.503125 0.445833 0.493750 0.460417 0.490625 0.495833 0.500000 0.504167 0.501563 0.512500 0.509375 0.514583 0.510938 0.506250 0.529687 0.506250 0.553125 0.518750 0.556250 0.495833 0.553125 0.458333 0.545312 0.441667 0.515625 0.439583
13 0.998437 0.870833 0.998437 0.341667 0.856250 0.400000 0.795312 0.508333 0.707812 0.429167 0.596875 0.437500 0.581250 0.591667 0.628125 0.600000 0.643750 0.652083 0.776563 0.654167 0.878125 0.881250