0 0.000000 0.687500 0.000000 0.997917 0.998437 0.997917 0.996875 0.864583 0.481250 0.504167 0.287500 0.468750 0.351562 0.508333
1 0.632812 0.541667 0.625000 0.585417 0.998437 0.866667 0.998437 0.702083 0.956250 0.700000
1 0.350000 0.504167 0.281250 0.477083 0.000000 0.537500 0.000000 0.685417
1 0.323437 0.475000 0.481250 0.502083 0.481250 0.487500 0.460938 0.483333 0.429688 0.487500 0.415625 0.479167 0.398438 0.483333 0.395313 0.477083 0.332813 0.468750
2 0.103125 0.233333 0.279687 0.339583 0.295312 0.408333 0.365625 0.431250 0.370312 0.475000 0.418750 0.433333 0.481250 0.485417 0.510938 0.402083 0.587500 0.416667 0.526563 0.366667 0.495312 0.383333 0.464062 0.316667 0.339062 0.197917 0.270313 0.264583 0.196875 0.200000 0.184375 0.227083 0.131250 0.227083 0.118750 0.197917
2 0.998437 0.133333 0.900000 0.191667 0.762500 0.320833 0.640625 0.302083 0.626563 0.404167 0.754687 0.372917 0.998437 0.410417
2 0.000000 0.000000 0.000000 0.170833 0.100000 0.231250 0.089063 0.214583 0.092188 0.187500 0.104688 0.183333 0.087500 0.162500 0.090625 0.070833 0.109375 0.035417 0.151562 0.043750 0.145313 0.004167
3 0.000000 0.172917 0.000000 0.183333 0.010937 0.185417 0.012500 0.189583 0.018750 0.189583 0.020313 0.193750 0.025000 0.193750 0.029687 0.200000 0.034375 0.200000 0.039062 0.204167 0.053125 0.206250 0.048438 0.202083 0.043750 0.202083 0.042188 0.197917 0.034375 0.195833 0.032813 0.191667 0.029687 0.191667 0.020313 0.183333
4 0.632812 0.475000 0.635938 0.541667 0.956250 0.697917 0.998437 0.700000 0.998437 0.581250 0.973437 0.572917 0.970313 0.497917
4 0.331250 0.427083 0.332813 0.452083 0.331250 0.464583 0.328125 0.466667 0.364063 0.472917 0.367188 0.435417 0.362500 0.431250
5 0.592187 0.187500 0.625000 0.229167 0.632812 0.254167 0.623437 0.450000 0.634375 0.254167 0.628125 0.229167
8 0.626563 0.406250 0.634375 0.475000 0.970313 0.495833 0.975000 0.572917 0.998437 0.579167 0.998437 0.427083 0.979688 0.400000 0.745313 0.375000
8 0.709375 0.312500 0.715625 0.312500 0.717187 0.314583 0.723437 0.314583 0.725000 0.316667 0.732812 0.314583 0.734375 0.318750 0.737500 0.316667 0.740625 0.318750 0.746875 0.318750 0.746875 0.316667 0.743750 0.314583 0.743750 0.310417 0.740625 0.302083 0.737500 0.302083 0.735938 0.300000 0.726562 0.300000 0.723437 0.304167 0.717187 0.306250 0.717187 0.310417 0.715625 0.312500 0.714063 0.310417 0.710938 0.310417
8 0.568750 0.189583 0.546875 0.233333 0.551562 0.266667 0.539062 0.260417 0.542188 0.287500 0.532813 0.281250 0.540625 0.322917 0.526563 0.318750 0.525000 0.333333 0.515625 0.316667 0.495312 0.381250 0.531250 0.366667 0.618750 0.439583 0.618750 0.306250 0.603125 0.337500 0.581250 0.325000 0.595313 0.308333 0.593750 0.291667 0.579688 0.293750 0.590625 0.250000
8 0.000000 0.185417 0.000000 0.535417 0.250000 0.493750 0.285938 0.470833 0.293750 0.395833 0.279687 0.341667
10 0.090625 0.214583 0.196875 0.197917 0.270313 0.262500 0.339062 0.195833 0.501563 0.358333 0.570312 0.187500 0.623437 0.370833 0.592187 0.185417 0.631250 0.341667 0.762500 0.318750 0.998437 0.131250 0.998437 0.000000 0.143750 0.000000
13 0.398438 0.445833 0.398438 0.481250 0.415625 0.477083 0.417187 0.481250 0.426563 0.481250 0.429688 0.485417 0.450000 0.483333 0.450000 0.460417 0.446875 0.458333 0.446875 0.452083 0.440625 0.441667 0.434375 0.437500 0.406250 0.435417
13 0.292187 0.410417 0.293750 0.429167 0.289062 0.470833 0.301563 0.470833 0.303125 0.466667 0.310937 0.466667 0.315625 0.475000 0.321875 0.475000 0.329688 0.464583 0.329688 0.425000 0.321875 0.414583 0.310937 0.414583 0.309375 0.410417
13 0.507812 0.406250 0.506250 0.427083 0.484375 0.454167 0.482812 0.510417 0.514062 0.541667 0.515625 0.562500 0.529687 0.568750 0.535937 0.550000 0.595313 0.558333 0.609375 0.581250 0.623437 0.581250 0.631250 0.472917 0.614062 0.433333 0.537500 0.404167