0 0.000000 0.714583 0.000000 0.997917 0.998437 0.997917 0.996875 0.843750 0.857812 0.739583 0.703125 0.718750 0.590625 0.550000 0.389062 0.479167
1 0.998437 0.843750 0.996875 0.735417 0.982812 0.727083 0.973437 0.706250 0.962500 0.727083 0.943750 0.739583 0.859375 0.739583
1 0.562500 0.500000 0.560937 0.502083 0.560937 0.516667 0.557813 0.522917 0.579688 0.539583 0.581250 0.543750 0.592187 0.550000 0.595313 0.514583 0.584375 0.508333 0.579688 0.508333 0.578125 0.504167 0.575000 0.508333 0.573438 0.504167
1 0.487500 0.483333 0.375000 0.472917 0.204687 0.522917 0.000000 0.497917 0.000000 0.712500 0.403125 0.500000 0.389062 0.477083
2 0.618750 0.329167 0.609375 0.412500 0.629687 0.408333 0.648438 0.418750 0.740625 0.414583 0.731250 0.395833 0.718750 0.406250 0.712500 0.402083 0.721875 0.383333 0.703125 0.381250 0.681250 0.333333
2 0.000000 0.000000 0.000000 0.389583 0.100000 0.391667 0.107813 0.502083 0.154688 0.506250 0.164062 0.406250 0.218750 0.406250 0.232813 0.329167 0.364063 0.391667 0.401562 0.475000 0.456250 0.443750 0.487500 0.481250 0.515625 0.433333 0.560937 0.466667 0.571875 0.418750 0.375000 0.258333 0.318750 0.316667 0.265625 0.275000 0.293750 0.222917 0.240625 0.000000
3 0.967187 0.668750 0.967187 0.679167 0.970313 0.685417 0.970313 0.700000 0.975000 0.706250 0.976562 0.716667 0.982812 0.725000 0.996875 0.727083 0.995313 0.716667 0.998437 0.706250 0.998437 0.681250 0.990625 0.681250 0.989062 0.677083 0.976562 0.675000 0.975000 0.670833
3 0.101562 0.466667 0.098437 0.464583 0.084375 0.466667 0.073438 0.477083 0.073438 0.497917 0.076563 0.502083 0.106250 0.502083 0.103125 0.493750 0.103125 0.483333 0.100000 0.472917
3 0.165625 0.406250 0.164062 0.466667 0.157812 0.479167 0.156250 0.506250 0.203125 0.520833 0.259375 0.510417 0.256250 0.422917 0.221875 0.408333
4 0.875000 0.495833 0.942187 0.550000 0.953125 0.579167 0.967187 0.593750 0.971875 0.620833 0.990625 0.616667 0.998437 0.622917 0.998437 0.493750
4 0.606250 0.466667 0.581250 0.468750 0.578125 0.470833 0.578125 0.502083 0.579688 0.506250 0.584375 0.506250 0.595313 0.512500 0.598437 0.487500 0.603125 0.481250 0.603125 0.477083 0.606250 0.472917
4 0.378125 0.445833 0.379688 0.460417 0.378125 0.464583 0.375000 0.466667 0.375000 0.470833 0.400000 0.475000 0.400000 0.458333 0.401562 0.456250 0.401562 0.447917 0.400000 0.445833 0.396875 0.447917 0.381250 0.447917
4 0.035937 0.383333 0.039062 0.418750 0.029687 0.491667 0.067187 0.487500 0.084375 0.464583 0.100000 0.460417 0.103125 0.439583 0.100000 0.393750 0.043750 0.393750
8 0.971875 0.622917 0.971875 0.641667 0.968750 0.643750 0.970313 0.652083 0.967187 0.666667 0.975000 0.668750 0.976562 0.672917 0.989062 0.675000 0.990625 0.679167 0.998437 0.679167 0.998437 0.625000 0.990625 0.618750 0.984375 0.618750 0.982812 0.622917
8 0.035937 0.395833 0.015625 0.393750 0.014063 0.389583 0.007812 0.393750 0.000000 0.391667 0.000000 0.495833 0.017188 0.495833 0.029687 0.487500 0.037500 0.418750
8 0.225000 0.337500 0.218750 0.402083 0.257812 0.422917 0.260937 0.506250 0.340625 0.491667 0.373437 0.472917 0.373437 0.418750 0.364063 0.393750 0.262500 0.337500
8 0.610938 0.310417 0.601562 0.341667 0.584375 0.350000 0.578125 0.468750 0.609375 0.464583 0.620313 0.433333 0.648438 0.416667 0.607812 0.412500 0.617188 0.335417
8 0.564063 0.225000 0.546875 0.260417 0.550000 0.289583 0.539062 0.285417 0.534375 0.306250 0.542188 0.341667 0.520312 0.333333 0.507812 0.385417 0.526563 0.383333 0.576562 0.425000 0.564063 0.433333 0.562500 0.468750 0.573438 0.470833 0.581250 0.350000 0.575000 0.304167 0.584375 0.275000 0.571875 0.262500 0.575000 0.239583
8 0.703125 0.047917 0.726562 0.110417 0.678125 0.291667 0.714063 0.402083 0.804688 0.433333 0.871875 0.495833 0.998437 0.491667 0.998437 0.000000 0.756250 0.000000
10 0.267188 0.275000 0.318750 0.314583 0.375000 0.256250 0.509375 0.372917 0.567187 0.222917 0.585938 0.350000 0.610938 0.308333 0.679688 0.331250 0.725000 0.110417 0.700000 0.050000 0.754687 0.000000 0.242188 0.000000 0.295312 0.222917
13 0.428125 0.452083 0.428125 0.477083 0.446875 0.477083 0.448437 0.481250 0.464062 0.481250 0.465625 0.477083 0.465625 0.462500 0.462500 0.454167 0.456250 0.445833 0.431250 0.445833
13 0.503125 0.441667 0.498437 0.454167 0.492188 0.458333 0.489063 0.479167 0.492188 0.500000 0.498437 0.502083 0.503125 0.516667 0.526563 0.508333 0.546875 0.514583 0.556250 0.522917 0.560937 0.500000 0.560937 0.468750 0.551562 0.441667 0.520312 0.435417 0.507812 0.443750
13 0.618750 0.437500 0.596875 0.504167 0.596875 0.608333 0.615625 0.618750 0.625000 0.597917 0.679688 0.643750 0.703125 0.716667 0.906250 0.741667 0.967187 0.718750 0.965625 0.593750 0.820312 0.447917 0.748437 0.416667