0 0.000000 0.685417 0.000000 0.997917 0.998437 0.997917 0.996875 0.864583 0.625000 0.583333 0.535937 0.593750 0.470313 0.504167 0.267188 0.468750 0.342187 0.516667
1 0.670312 0.562500 0.659375 0.610417 0.998437 0.866667 0.995313 0.712500
1 0.340625 0.504167 0.264062 0.477083 0.245312 0.495833 0.000000 0.533333 0.000000 0.683333 0.318750 0.531250
1 0.320312 0.470833 0.487500 0.506250 0.487500 0.489583 0.428125 0.489583
2 0.648438 0.314583 0.635938 0.364583 0.635938 0.372917 0.632812 0.375000 0.631250 0.404167 0.637500 0.404167 0.639062 0.408333 0.642188 0.404167
2 0.079687 0.212500 0.259375 0.320833 0.278125 0.402083 0.328125 0.393750 0.368750 0.435417 0.364063 0.475000 0.395313 0.477083 0.418750 0.433333 0.487500 0.487500 0.518750 0.397917 0.590625 0.410417 0.537500 0.364583 0.501563 0.379167 0.337500 0.187500 0.267188 0.256250 0.193750 0.191667 0.178125 0.220833 0.125000 0.218750 0.121875 0.191667 0.106250 0.227083
2 0.998437 0.137500 0.778125 0.320833 0.654687 0.300000 0.648438 0.404167 0.793750 0.362500 0.998437 0.387500
2 0.000000 0.000000 0.000000 0.162500 0.076563 0.210417 0.045312 0.183333 0.046875 0.154167 0.065625 0.143750 0.037500 0.114583 0.039062 0.020833 0.051562 0.000000
4 0.675000 0.479167 0.670312 0.560417 0.998437 0.714583 0.998437 0.504167
4 0.326562 0.427083 0.331250 0.447917 0.331250 0.460417 0.328125 0.468750 0.362500 0.475000 0.364063 0.447917 0.367188 0.435417 0.356250 0.429167
5 0.612500 0.158333 0.609375 0.164583 0.639062 0.195833 0.654687 0.227083 0.645312 0.425000 0.657813 0.229167 0.654687 0.214583
8 0.304688 0.406250 0.304688 0.408333 0.309375 0.408333 0.310937 0.412500 0.318750 0.412500 0.326562 0.425000 0.348438 0.427083 0.342187 0.416667 0.337500 0.416667 0.332813 0.410417 0.332813 0.404167 0.329688 0.402083 0.328125 0.395833 0.323437 0.393750 0.321875 0.395833 0.312500 0.395833
8 0.646875 0.406250 0.678125 0.479167 0.998437 0.502083 0.998437 0.389583 0.793750 0.364583
8 0.000000 0.225000 0.000000 0.531250 0.245312 0.493750 0.268750 0.466667 0.275000 0.370833 0.259375 0.322917 0.065625 0.206250 0.057813 0.239583
8 0.576562 0.185417 0.553125 0.233333 0.559375 0.262500 0.546875 0.256250 0.539062 0.279167 0.548438 0.318750 0.532813 0.316667 0.532813 0.347917 0.521875 0.314583 0.501563 0.377083 0.537500 0.362500 0.595313 0.412500 0.640625 0.422917 0.623437 0.297917 0.609375 0.337500 0.587500 0.320833 0.603125 0.302083 0.587500 0.293750 0.598437 0.245833 0.584375 0.235417 0.590625 0.216667
9 0.000000 0.164583 0.000000 0.222917 0.007812 0.229167 0.017188 0.220833 0.045312 0.227083 0.050000 0.237500 0.062500 0.233333 0.064062 0.222917 0.056250 0.212500 0.056250 0.202083 0.054688 0.206250 0.045312 0.191667
10 0.039062 0.035417 0.059375 0.197917 0.267188 0.254167 0.337500 0.185417 0.507812 0.358333 0.579688 0.183333 0.631250 0.377083 0.653125 0.227083 0.612500 0.156250 0.654687 0.297917 0.778125 0.318750 0.998437 0.135417 0.998437 0.000000
13 0.398438 0.447917 0.398438 0.483333 0.417187 0.481250 0.428125 0.487500 0.453125 0.485417 0.450000 0.452083 0.445312 0.450000 0.442188 0.441667 0.434375 0.437500 0.406250 0.435417
13 0.276562 0.406250 0.276562 0.439583 0.270313 0.466667 0.279687 0.466667 0.281250 0.470833 0.306250 0.468750 0.309375 0.475000 0.318750 0.475000 0.320312 0.468750 0.328125 0.464583 0.328125 0.435417 0.318750 0.414583 0.300000 0.410417 0.298438 0.406250
13 0.518750 0.400000 0.514062 0.429167 0.492188 0.454167 0.487500 0.514583 0.495312 0.529167 0.512500 0.522917 0.515625 0.554167 0.529687 0.547917 0.531250 0.587500 0.545312 0.591667 0.554688 0.568750 0.614062 0.577083 0.656250 0.610417 0.668750 0.579167 0.673438 0.479167 0.653125 0.435417 0.637500 0.420833