0 0.000000 0.695833 0.000000 0.997917 0.998437 0.997917 0.996875 0.864583 0.678125 0.625000 0.564063 0.639583 0.496875 0.518750 0.242188 0.470833 0.331250 0.527083
1 0.754687 0.606250 0.729688 0.662500 0.998437 0.864583 0.996875 0.710417
1 0.329688 0.518750 0.240625 0.481250 0.210938 0.508333 0.000000 0.537500 0.000000 0.693750 0.321875 0.537500
1 0.315625 0.477083 0.496875 0.516667 0.496875 0.497917 0.478125 0.493750 0.434375 0.497917 0.420312 0.489583 0.401562 0.493750 0.396875 0.483333
2 0.395313 0.456250 0.390625 0.458333 0.392188 0.464583 0.389062 0.468750 0.387500 0.475000 0.382812 0.475000 0.376563 0.468750 0.367188 0.468750 0.367188 0.477083 0.365625 0.479167 0.373437 0.479167 0.375000 0.481250 0.396875 0.481250 0.395313 0.477083
2 0.681250 0.295833 0.668750 0.295833 0.643750 0.404167 0.656250 0.404167 0.662500 0.397917 0.667188 0.406250 0.675000 0.408333
2 0.104688 0.189583 0.104688 0.220833 0.237500 0.308333 0.256250 0.402083 0.443750 0.439583 0.460938 0.491667 0.496875 0.495833 0.534375 0.395833 0.579688 0.395833 0.550000 0.364583 0.509375 0.379167 0.337500 0.175000 0.262500 0.250000 0.246875 0.216667 0.195312 0.214583 0.187500 0.177083 0.175000 0.216667
2 0.998437 0.152083 0.856250 0.283333 0.842187 0.283333 0.843750 0.260417 0.817187 0.320833 0.690625 0.297917 0.682813 0.402083 0.912500 0.339583 0.998437 0.354167
4 0.757812 0.495833 0.754687 0.604167 0.998437 0.710417 0.998437 0.510417
4 0.321875 0.427083 0.325000 0.460417 0.320312 0.472917 0.364063 0.479167 0.367188 0.466667 0.387500 0.472917 0.392188 0.454167 0.396875 0.456250 0.396875 0.464583 0.398438 0.445833 0.360938 0.433333 0.323437 0.431250
5 0.640625 0.118750 0.640625 0.131250 0.679688 0.172917 0.690625 0.202083 0.681250 0.410417 0.693750 0.193750
8 0.998437 0.508333 0.995313 0.354167 0.912500 0.341667 0.682813 0.404167 0.723437 0.427083 0.757812 0.493750
8 0.585938 0.179167 0.562500 0.227083 0.568750 0.262500 0.554688 0.254167 0.557813 0.283333 0.546875 0.279167 0.557813 0.320833 0.540625 0.316667 0.542188 0.352083 0.528125 0.316667 0.509375 0.377083 0.550000 0.362500 0.578125 0.397917 0.642188 0.404167 0.634375 0.300000 0.621875 0.333333 0.598437 0.320833 0.615625 0.304167 0.614062 0.289583 0.600000 0.291667 0.610938 0.243750 0.595313 0.229167 0.600000 0.202083
8 0.000000 0.164583 0.000000 0.535417 0.210938 0.506250 0.235937 0.485417 0.254688 0.402083 0.235937 0.308333
9 0.000000 0.154167 0.000000 0.162500 0.015625 0.172917 0.020313 0.168750 0.039062 0.185417 0.046875 0.185417 0.057813 0.200000 0.065625 0.200000 0.068750 0.208333 0.092188 0.220833 0.089063 0.212500 0.076563 0.206250 0.067187 0.193750 0.046875 0.185417 0.039062 0.177083 0.031250 0.177083 0.021875 0.166667 0.009375 0.164583
10 0.000000 0.000000 0.001563 0.154167 0.262500 0.247917 0.337500 0.172917 0.509375 0.356250 0.590625 0.177083 0.643750 0.395833 0.689063 0.202083 0.640625 0.116667 0.690625 0.295833 0.815625 0.318750 0.998437 0.150000 0.998437 0.000000
13 0.398438 0.456250 0.396875 0.477083 0.401562 0.491667 0.407813 0.491667 0.409375 0.487500 0.420312 0.487500 0.421875 0.491667 0.432812 0.491667 0.434375 0.495833 0.459375 0.491667 0.459375 0.475000 0.454688 0.456250 0.451562 0.456250 0.443750 0.441667 0.407813 0.437500
13 0.251563 0.406250 0.253125 0.429167 0.243750 0.468750 0.270313 0.470833 0.276562 0.477083 0.298438 0.470833 0.300000 0.477083 0.309375 0.481250 0.321875 0.470833 0.323437 0.437500 0.312500 0.414583 0.281250 0.404167
13 0.532813 0.400000 0.529687 0.427083 0.500000 0.460417 0.498437 0.529167 0.529687 0.541667 0.531250 0.577083 0.557813 0.577083 0.564063 0.637500 0.610938 0.614583 0.678125 0.622917 0.715625 0.662500 0.735938 0.652083 0.753125 0.622917 0.756250 0.489583 0.723437 0.429167 0.664062 0.400000