0 0.000000 0.710417 0.000000 0.997917 0.998437 0.997917 0.998437 0.854167 0.837500 0.743750 0.646875 0.760417 0.621875 0.652083 0.507812 0.531250 0.187500 0.475000 0.304688 0.545833
1 0.921875 0.793750 0.937500 0.810417 0.998437 0.852083 0.998437 0.766667 0.992188 0.770833 0.951562 0.770833 0.943750 0.766667 0.931250 0.789583
1 0.303125 0.531250 0.264062 0.504167 0.182812 0.487500 0.135937 0.529167 0.003125 0.545833 0.000000 0.708333 0.301563 0.550000
1 0.304688 0.483333 0.309375 0.491667 0.507812 0.529167 0.509375 0.504167 0.435937 0.504167 0.418750 0.493750 0.398438 0.500000 0.389062 0.489583
2 0.690625 0.285417 0.667188 0.372917 0.693750 0.362500 0.732812 0.360417 0.739062 0.293750
2 0.998437 0.179167 0.896875 0.275000 0.881250 0.275000 0.878125 0.258333 0.862500 0.312500 0.745313 0.293750 0.742188 0.366667 0.825000 0.372917 0.998437 0.318750
2 0.093750 0.177083 0.092188 0.214583 0.190625 0.289583 0.203125 0.375000 0.287500 0.410417 0.320312 0.393750 0.401562 0.450000 0.442188 0.439583 0.464062 0.497917 0.509375 0.502083 0.554688 0.383333 0.585938 0.379167 0.560937 0.354167 0.518750 0.375000 0.334375 0.160417 0.254688 0.239583 0.239063 0.208333 0.187500 0.208333 0.179688 0.160417 0.164062 0.210417 0.109375 0.210417
3 0.359375 0.437500 0.357812 0.487500 0.389062 0.487500 0.390625 0.491667 0.395313 0.491667 0.395313 0.460417 0.400000 0.450000 0.365625 0.441667
4 0.310937 0.431250 0.315625 0.441667 0.315625 0.452083 0.318750 0.454167 0.314063 0.479167 0.350000 0.487500 0.357812 0.485417 0.356250 0.435417
5 0.687500 0.045833 0.685937 0.058333 0.717187 0.087500 0.748437 0.139583 0.734375 0.347917 0.740625 0.364583 0.751563 0.133333 0.723437 0.083333
8 0.290625 0.410417 0.303125 0.414583 0.310937 0.429167 0.331250 0.429167 0.332813 0.433333 0.342187 0.433333 0.340625 0.427083 0.329688 0.414583 0.325000 0.400000 0.321875 0.400000 0.320312 0.395833 0.304688 0.397917 0.301563 0.402083 0.292187 0.406250
8 0.998437 0.514583 0.998437 0.320833 0.943750 0.347917 0.901563 0.343750 0.826562 0.372917 0.910937 0.395833
8 0.596875 0.168750 0.570312 0.222917 0.578125 0.256250 0.562500 0.247917 0.565625 0.277083 0.556250 0.272917 0.567187 0.318750 0.548438 0.314583 0.546875 0.358333 0.534375 0.314583 0.518750 0.372917 0.559375 0.339583 0.589063 0.381250 0.637500 0.393750 0.653125 0.383333 0.646875 0.300000 0.631250 0.333333 0.609375 0.318750 0.626563 0.300000 0.623437 0.283333 0.610938 0.287500 0.621875 0.233333
8 0.000000 0.150000 0.000000 0.545833 0.159375 0.516667 0.181250 0.493750 0.195312 0.427083 0.248438 0.400000 0.248438 0.379167 0.201563 0.375000 0.176563 0.270833
10 0.000000 0.000000 0.000000 0.147917 0.078125 0.204167 0.179688 0.158333 0.254688 0.237500 0.334375 0.158333 0.518750 0.356250 0.600000 0.166667 0.654687 0.381250 0.739062 0.289583 0.746875 0.139583 0.687500 0.043750 0.753125 0.133333 0.750000 0.293750 0.862500 0.310417 0.998437 0.177083 0.998437 0.000000
13 0.396875 0.460417 0.398438 0.497917 0.418750 0.491667 0.421875 0.500000 0.462500 0.500000 0.464062 0.485417 0.459375 0.460417 0.442188 0.441667 0.406250 0.441667
13 0.190625 0.447917 0.190625 0.472917 0.259375 0.485417 0.285938 0.479167 0.289062 0.487500 0.303125 0.487500 0.312500 0.479167 0.317188 0.462500 0.303125 0.416667 0.254688 0.402083 0.228125 0.404167 0.196875 0.427083
13 0.512500 0.466667 0.509375 0.543750 0.559375 0.554167 0.562500 0.620833 0.592187 0.610417 0.623437 0.652083 0.646875 0.758333 0.707812 0.720833 0.837500 0.741667 0.887500 0.793750 0.998437 0.764583 0.998437 0.516667 0.904687 0.393750 0.732812 0.362500 0.637500 0.395833 0.559375 0.381250