0 0.000000 0.702083 0.000000 0.997917 0.998437 0.997917 0.985938 0.858333 0.475000 0.502083 0.304688 0.472917 0.364063 0.508333
1 0.607812 0.527083 0.604688 0.568750 0.998437 0.868750 0.998437 0.654167 0.840625 0.643750
1 0.362500 0.504167 0.303125 0.479167 0.000000 0.547917 0.000000 0.700000
1 0.334375 0.475000 0.481250 0.502083 0.481250 0.487500 0.459375 0.483333 0.432812 0.487500 0.417187 0.479167 0.404687 0.483333 0.342187 0.470833
2 0.998437 0.129167 0.751563 0.327083 0.634375 0.310417 0.615625 0.408333 0.703125 0.387500 0.918750 0.406250 0.984375 0.458333 0.976562 0.593750 0.998437 0.620833
2 0.000000 0.000000 0.001563 0.172917 0.298438 0.352083 0.373437 0.475000 0.423438 0.435417 0.481250 0.485417 0.507812 0.408333 0.576562 0.425000 0.528125 0.370833 0.498437 0.387500 0.348438 0.214583 0.278125 0.279167 0.210938 0.214583 0.145313 0.239583 0.137500 0.114583 0.189062 0.089583 0.164062 0.002083
4 0.609375 0.477083 0.610938 0.527083 0.840625 0.641667 0.998437 0.652083 0.998437 0.622917 0.976562 0.595833 0.862500 0.587500 0.857812 0.487500
4 0.339062 0.431250 0.342187 0.435417 0.342187 0.447917 0.343750 0.450000 0.343750 0.466667 0.342187 0.468750 0.343750 0.470833 0.371875 0.475000 0.373437 0.437500 0.342187 0.435417
5 0.581250 0.212500 0.617188 0.264583 0.609375 0.475000 0.620313 0.266667 0.614062 0.247917
8 0.614062 0.408333 0.610938 0.472917 0.857812 0.485417 0.862500 0.585417 0.975000 0.593750 0.982812 0.458333 0.918750 0.408333 0.720313 0.389583
8 0.703125 0.318750 0.710938 0.320833 0.725000 0.320833 0.739062 0.325000 0.751563 0.325000 0.754687 0.320833 0.745313 0.322917 0.740625 0.314583 0.740625 0.310417 0.735938 0.304167 0.725000 0.302083 0.717187 0.306250 0.715625 0.310417 0.706250 0.312500
8 0.567187 0.200000 0.546875 0.239583 0.551562 0.270833 0.539062 0.264583 0.542188 0.293750 0.532813 0.289583 0.542188 0.327083 0.526563 0.322917 0.528125 0.352083 0.515625 0.320833 0.498437 0.385417 0.528125 0.368750 0.568750 0.402083 0.606250 0.464583 0.614062 0.308333 0.600000 0.341667 0.576562 0.329167 0.593750 0.310417 0.576562 0.293750 0.587500 0.258333
8 0.000000 0.172917 0.000000 0.545833 0.301563 0.479167 0.314063 0.410417 0.298438 0.354167
10 0.135937 0.200000 0.278125 0.277083 0.348438 0.212500 0.504687 0.362500 0.570312 0.197917 0.585938 0.339583 0.615625 0.264583 0.579688 0.212500 0.620313 0.258333 0.620313 0.370833 0.634375 0.308333 0.757812 0.318750 0.996875 0.129167 0.998437 0.000000 0.164062 0.000000 0.190625 0.089583 0.145313 0.097917
13 0.404687 0.447917 0.404687 0.481250 0.417187 0.477083 0.418750 0.481250 0.428125 0.481250 0.432812 0.485417 0.451562 0.483333 0.450000 0.454167 0.445312 0.454167 0.440625 0.441667 0.412500 0.437500
13 0.314063 0.414583 0.310937 0.431250 0.310937 0.456250 0.307812 0.468750 0.304688 0.470833 0.318750 0.468750 0.323437 0.475000 0.332813 0.475000 0.342187 0.466667 0.340625 0.435417 0.337500 0.433333 0.335938 0.425000 0.331250 0.420833
13 0.503125 0.414583 0.503125 0.433333 0.484375 0.468750 0.482812 0.506250 0.489063 0.516667 0.500000 0.512500 0.500000 0.531250 0.509375 0.537500 0.512500 0.554167 0.521875 0.554167 0.528125 0.539583 0.576562 0.545833 0.589063 0.564583 0.601562 0.566667 0.607812 0.475000 0.595313 0.437500 0.532813 0.410417