0 0.000000 0.697917 0.000000 0.997917 0.998437 0.997917 0.996875 0.870833 0.481250 0.504167 0.298438 0.472917 0.359375 0.510417
1 0.615625 0.531250 0.609375 0.572917 0.998437 0.870833 0.998437 0.670833 0.875000 0.660417
1 0.357812 0.504167 0.295312 0.477083 0.264062 0.497917 0.000000 0.543750 0.000000 0.695833
1 0.331250 0.472917 0.481250 0.502083 0.481250 0.487500 0.451562 0.483333 0.431250 0.489583 0.420312 0.483333 0.404687 0.485417 0.400000 0.479167
2 0.998437 0.129167 0.885938 0.197917 0.751563 0.327083 0.635938 0.308333 0.617188 0.412500 0.782813 0.385417 0.929688 0.402083 0.998437 0.450000
2 0.000000 0.000000 0.000000 0.175000 0.293750 0.352083 0.314063 0.414583 0.373437 0.437500 0.368750 0.475000 0.423438 0.435417 0.481250 0.485417 0.507812 0.406250 0.579688 0.422917 0.525000 0.368750 0.495312 0.387500 0.340625 0.208333 0.275000 0.275000 0.204687 0.212500 0.139063 0.233333 0.121875 0.104167 0.176563 0.079167 0.154688 0.000000
4 0.615625 0.472917 0.618750 0.533333 0.875000 0.658333 0.998437 0.668750 0.998437 0.575000 0.910937 0.566667 0.887500 0.489583
4 0.335938 0.431250 0.339062 0.443750 0.339062 0.464583 0.335938 0.468750 0.367188 0.475000 0.368750 0.456250 0.371875 0.454167 0.373437 0.443750 0.371875 0.437500
5 0.585938 0.202083 0.584375 0.210417 0.612500 0.239583 0.621875 0.264583 0.612500 0.466667 0.623437 0.264583 0.615625 0.239583
8 0.617188 0.414583 0.614062 0.470833 0.887500 0.487500 0.910937 0.564583 0.998437 0.572917 0.998437 0.452083 0.929688 0.404167 0.715625 0.385417
8 0.743750 0.322917 0.740625 0.310417 0.731250 0.300000 0.723437 0.302083 0.720313 0.306250 0.717187 0.306250 0.715625 0.310417 0.706250 0.312500 0.706250 0.314583 0.703125 0.316667 0.703125 0.318750 0.709375 0.316667 0.718750 0.320833
8 0.567187 0.195833 0.545312 0.239583 0.550000 0.270833 0.537500 0.264583 0.531250 0.285417 0.542188 0.325000 0.525000 0.320833 0.523438 0.333333 0.514062 0.320833 0.495312 0.385417 0.525000 0.366667 0.607812 0.456250 0.615625 0.310417 0.603125 0.337500 0.582812 0.337500 0.587500 0.254167
8 0.000000 0.177083 0.000000 0.541667 0.296875 0.475000 0.306250 0.410417 0.293750 0.354167
10 0.120313 0.189583 0.271875 0.272917 0.340625 0.206250 0.498437 0.362500 0.568750 0.193750 0.585938 0.339583 0.620313 0.264583 0.582812 0.204167 0.623437 0.254167 0.620313 0.370833 0.635938 0.306250 0.751563 0.325000 0.996875 0.129167 0.998437 0.000000 0.156250 0.000000 0.178125 0.079167 0.131250 0.081250
13 0.400000 0.452083 0.398438 0.477083 0.404687 0.483333 0.420312 0.481250 0.435937 0.487500 0.439063 0.483333 0.446875 0.485417 0.451562 0.481250 0.450000 0.460417 0.437500 0.441667 0.407813 0.437500
13 0.304688 0.414583 0.304688 0.447917 0.298438 0.470833 0.301563 0.470833 0.303125 0.475000 0.304688 0.470833 0.314063 0.468750 0.318750 0.475000 0.329688 0.475000 0.337500 0.464583 0.337500 0.443750 0.334375 0.429167 0.326562 0.418750
13 0.503125 0.412500 0.503125 0.429167 0.482812 0.470833 0.482812 0.510417 0.500000 0.516667 0.510938 0.558333 0.525000 0.558333 0.528125 0.543750 0.579688 0.550000 0.593750 0.568750 0.607812 0.570833 0.614062 0.472917 0.600000 0.437500 0.535937 0.408333