0 0.170313 0.364583 0.284375 0.662500 0.206250 0.997917 0.998437 0.997917 0.998437 0.806250 0.553125 0.612500
1 0.651563 0.625000 0.798438 0.720833 0.998437 0.804167 0.998437 0.766667 0.926562 0.754167 0.920312 0.706250 0.821875 0.691667 0.681250 0.616667
1 0.323437 0.427083 0.323437 0.433333 0.321875 0.437500 0.325000 0.437500 0.331250 0.443750 0.340625 0.445833 0.350000 0.454167 0.351562 0.452083 0.351562 0.445833 0.353125 0.441667 0.350000 0.441667 0.340625 0.435417 0.337500 0.435417 0.335938 0.431250 0.331250 0.431250 0.329688 0.427083
1 0.167187 0.362500 0.137500 0.356250 0.000000 0.481250 0.000000 0.997917 0.204687 0.997917 0.251563 0.835417 0.278125 0.620833
2 0.360938 0.327083 0.337500 0.352083 0.328125 0.352083 0.323437 0.356250 0.320312 0.364583 0.323437 0.366667 0.326562 0.383333 0.334375 0.375000 0.345313 0.375000 0.348438 0.370833 0.350000 0.362500 0.348438 0.358333 0.351562 0.356250 0.356250 0.339583 0.360938 0.335417
2 0.307812 0.333333 0.273438 0.247917 0.221875 0.289583 0.209375 0.333333 0.179688 0.337500 0.178125 0.350000 0.162500 0.360417 0.201563 0.370833 0.207813 0.352083 0.228125 0.368750 0.259375 0.370833 0.289062 0.354167 0.307812 0.360417
2 0.403125 0.302083 0.421875 0.402083 0.462500 0.422917 0.504687 0.364583 0.693750 0.443750 0.809375 0.566667 0.923438 0.591667 0.931250 0.658333 0.998437 0.579167 0.989062 0.139583 0.754687 0.037500 0.615625 0.216667 0.553125 0.235417 0.546875 0.187500 0.529687 0.243750 0.487500 0.254167 0.482812 0.214583 0.473438 0.264583
3 0.798438 0.556250 0.792188 0.635417 0.809375 0.675000 0.856250 0.666667 0.885938 0.695833 0.921875 0.702083 0.928125 0.681250 0.909375 0.656250 0.900000 0.683333 0.889062 0.681250 0.889062 0.645833 0.867188 0.616667 0.860938 0.577083 0.814063 0.552083 0.823438 0.556250 0.815625 0.568750
4 0.870313 0.575000 0.864062 0.595833 0.871875 0.622917 0.890625 0.645833 0.893750 0.658333 0.890625 0.681250 0.900000 0.681250 0.909375 0.654167 0.928125 0.672917 0.931250 0.635417 0.926562 0.597917
4 0.682813 0.502083 0.679688 0.614583 0.821875 0.689583 0.884375 0.695833 0.856250 0.668750 0.815625 0.681250 0.790625 0.635417 0.798438 0.545833
4 0.179688 0.322917 0.178125 0.320833 0.170313 0.322917 0.170313 0.331250 0.165625 0.343750 0.157812 0.343750 0.156250 0.345833 0.140625 0.343750 0.140625 0.352083 0.156250 0.358333 0.162500 0.358333 0.165625 0.354167 0.173437 0.354167 0.178125 0.345833 0.178125 0.327083
5 0.379688 0.218750 0.401562 0.258333 0.387500 0.402083 0.404687 0.262500
5 0.160938 0.129167 0.142187 0.268750 0.140625 0.331250 0.146875 0.310417
8 0.664062 0.454167 0.678125 0.472917 0.682813 0.500000 0.756250 0.522917 0.737500 0.489583 0.728125 0.479167 0.718750 0.477083 0.715625 0.464583 0.701562 0.456250 0.700000 0.450000 0.679688 0.445833 0.667188 0.447917
8 0.532813 0.395833 0.518750 0.393750 0.507812 0.381250 0.504687 0.366667 0.500000 0.366667 0.496875 0.379167 0.490625 0.379167 0.482812 0.393750 0.471875 0.402083 0.464062 0.425000 0.471875 0.443750 0.503125 0.414583 0.532813 0.404167
8 0.398438 0.322917 0.396875 0.358333 0.390625 0.400000 0.410938 0.397917 0.415625 0.391667 0.420312 0.395833 0.420312 0.402083 0.431250 0.381250 0.434375 0.366667 0.431250 0.352083 0.423438 0.339583 0.423438 0.331250 0.410938 0.331250
8 0.250000 0.229167 0.234375 0.277083 0.276562 0.247917 0.307812 0.325000 0.309375 0.360417 0.362500 0.327083 0.350000 0.370833 0.328125 0.383333 0.325000 0.425000 0.353125 0.439583 0.382812 0.408333 0.395313 0.316667 0.382812 0.304167 0.360938 0.322917 0.339062 0.289583 0.310937 0.295833 0.303125 0.250000
8 0.071875 0.000000 0.000000 0.000000 0.000000 0.479167 0.171875 0.318750 0.204687 0.335417 0.218750 0.300000 0.200000 0.195833 0.185938 0.216667 0.156250 0.200000 0.139063 0.331250 0.150000 0.202083
10 0.073438 0.000000 0.209375 0.279167 0.257812 0.225000 0.360938 0.320833 0.398438 0.297917 0.379688 0.216667 0.404687 0.297917 0.546875 0.185417 0.553125 0.233333 0.606250 0.220833 0.754687 0.035417 0.998437 0.143750 0.998437 0.000000
13 0.998437 0.581250 0.979688 0.593750 0.939063 0.643750 0.921875 0.704167 0.926562 0.752083 0.998437 0.764583
13 0.354687 0.437500 0.354687 0.475000 0.437500 0.502083 0.448437 0.539583 0.468750 0.531250 0.525000 0.564583 0.545312 0.606250 0.584375 0.602083 0.639062 0.631250 0.679688 0.612500 0.676562 0.472917 0.596875 0.416667 0.529687 0.406250 0.470313 0.445833 0.450000 0.416667 0.392188 0.400000
13 0.203125 0.366667 0.204687 0.375000 0.214062 0.379167 0.239063 0.377083 0.240625 0.391667 0.276562 0.422917 0.287500 0.418750 0.300000 0.429167 0.309375 0.425000 0.315625 0.437500 0.321875 0.433333 0.326562 0.385417 0.318750 0.364583 0.289062 0.356250 0.276562 0.368750 0.240625 0.375000 0.207813 0.354167