0 0.034375 0.381250 0.209375 0.489583 0.240625 0.575000 0.000000 0.841667 0.000000 0.997917 0.998437 0.997917 0.998437 0.914583 0.814063 0.785417 0.787500 0.702083
1 0.381250 0.493750 0.795312 0.706250 0.803125 0.629167
1 0.035937 0.385417 0.000000 0.425000 0.000000 0.839583 0.176563 0.687500 0.223438 0.627083 0.239063 0.575000 0.237500 0.533333 0.209375 0.491667
1 0.054688 0.350000 0.056250 0.354167 0.125000 0.383333 0.126562 0.368750 0.104688 0.364583 0.098437 0.358333 0.073438 0.352083 0.071875 0.347917 0.064062 0.345833
2 0.153125 0.202083 0.132812 0.197917 0.131250 0.206250 0.070312 0.206250 0.065625 0.218750 0.065625 0.279167 0.085938 0.289583 0.093750 0.254167 0.104688 0.235417 0.123438 0.220833 0.150000 0.241667
2 0.159375 0.202083 0.193750 0.335417 0.270313 0.308333 0.426563 0.377083 0.468750 0.516667 0.590625 0.466667 0.612500 0.558333 0.806250 0.631250 0.998437 0.502083 0.998437 0.297917 0.904687 0.466667 0.789062 0.372917 0.690625 0.400000 0.467187 0.081250 0.375000 0.179167 0.235937 0.131250
4 0.400000 0.420833 0.403125 0.447917 0.396875 0.487500 0.407813 0.487500 0.459375 0.510417 0.465625 0.439583 0.446875 0.427083
5 0.128125 0.133333 0.132812 0.147917 0.146875 0.164583 0.156250 0.187500 0.154688 0.229167 0.151562 0.231250 0.153125 0.243750 0.159375 0.200000 0.157812 0.181250 0.145313 0.156250
8 0.393750 0.395833 0.400000 0.418750 0.443750 0.425000 0.443750 0.416667 0.440625 0.416667 0.435937 0.410417 0.434375 0.393750 0.431250 0.391667 0.426563 0.379167 0.420312 0.377083 0.407813 0.381250
8 0.298438 0.333333 0.287500 0.331250 0.276562 0.318750 0.275000 0.312500 0.267188 0.310417 0.240625 0.337500 0.237500 0.356250 0.245312 0.362500 0.250000 0.375000 0.254688 0.375000 0.275000 0.360417 0.301563 0.352083
8 0.804688 0.156250 0.757812 0.227083 0.770312 0.268750 0.746875 0.254167 0.750000 0.293750 0.732812 0.285417 0.745313 0.343750 0.718750 0.335417 0.735938 0.381250 0.715625 0.368750 0.706250 0.389583 0.693750 0.341667 0.679688 0.370833 0.690625 0.397917 0.779687 0.368750 0.837500 0.414583 0.846875 0.402083 0.840625 0.337500 0.809375 0.356250 0.832812 0.327083 0.810937 0.310417 0.831250 0.243750 0.809375 0.225000 0.823438 0.200000
8 0.000000 0.054167 0.000000 0.412500 0.048438 0.350000 0.126562 0.366667 0.192188 0.331250 0.189062 0.268750 0.128125 0.222917 0.104688 0.237500 0.085938 0.291667 0.064062 0.279167 0.068750 0.206250 0.118750 0.197917 0.096875 0.181250 0.065625 0.195833
10 0.000000 0.000000 0.065625 0.193750 0.153125 0.200000 0.128125 0.131250 0.160938 0.195833 0.235937 0.129167 0.375000 0.177083 0.467187 0.079167 0.704688 0.391667 0.804688 0.154167 0.810937 0.356250 0.898438 0.464583 0.998437 0.295833 0.998437 0.000000
13 0.998437 0.504167 0.917188 0.562500 0.889062 0.556250 0.881250 0.587500 0.820312 0.606250 0.796875 0.681250 0.814063 0.783333 0.845313 0.793750 0.862500 0.779167 0.996875 0.912500
13 0.521875 0.479167 0.515625 0.502083 0.520312 0.543750 0.529687 0.543750 0.531250 0.537500 0.548438 0.539583 0.568750 0.550000 0.582812 0.566667 0.592187 0.554167 0.604688 0.558333 0.606250 0.512500 0.590625 0.468750 0.537500 0.456250
13 0.128125 0.362500 0.134375 0.397917 0.214062 0.418750 0.237500 0.445833 0.296875 0.458333 0.315625 0.481250 0.379688 0.495833 0.400000 0.470833 0.392188 0.395833 0.340625 0.362500 0.295312 0.354167 0.250000 0.377083 0.235937 0.354167 0.192188 0.333333 0.167187 0.333333