0 0.000000 0.714583 0.000000 0.997917 0.998437 0.997917 0.996875 0.864583 0.760938 0.787500 0.684375 0.827083 0.650000 0.687500 0.506250 0.533333 0.164062 0.468750 0.292187 0.547917
1 0.290625 0.535417 0.245312 0.504167 0.159375 0.483333 0.120313 0.531250 0.000000 0.554167 0.000000 0.712500 0.285938 0.558333
1 0.296875 0.487500 0.509375 0.533333 0.504687 0.504167 0.434375 0.508333 0.418750 0.497917 0.396875 0.502083 0.392188 0.493750 0.306250 0.481250
2 0.754687 0.291667 0.693750 0.281250 0.667188 0.381250 0.717187 0.350000 0.751563 0.341667
2 0.998437 0.185417 0.914062 0.268750 0.887500 0.272917 0.885938 0.258333 0.871875 0.308333 0.762500 0.291667 0.759375 0.341667 0.881250 0.337500 0.885938 0.350000 0.925000 0.350000 0.946875 0.329167 0.998437 0.331250
2 0.084375 0.175000 0.084375 0.210417 0.162500 0.272917 0.179688 0.368750 0.276562 0.408333 0.314063 0.391667 0.337500 0.433333 0.440625 0.439583 0.464062 0.500000 0.509375 0.506250 0.514062 0.460417 0.582812 0.375000 0.560937 0.352083 0.515625 0.375000 0.325000 0.152083 0.248438 0.233333 0.178125 0.204167 0.173437 0.154167 0.156250 0.206250 0.100000 0.206250
3 0.357812 0.439583 0.354687 0.454167 0.354687 0.487500 0.360938 0.487500 0.362500 0.491667 0.390625 0.491667 0.385937 0.447917
4 0.304688 0.429167 0.309375 0.445833 0.307812 0.481250 0.353125 0.487500 0.353125 0.454167 0.356250 0.437500 0.337500 0.435417 0.335938 0.431250 0.331250 0.431250 0.329688 0.435417 0.328125 0.431250
5 0.703125 0.016667 0.703125 0.035417 0.737500 0.066667 0.765625 0.120833 0.757812 0.341667 0.770312 0.114583 0.746875 0.066667
8 0.287500 0.406250 0.287500 0.410417 0.296875 0.414583 0.304688 0.427083 0.328125 0.429167 0.329688 0.433333 0.332813 0.429167 0.332813 0.422917 0.321875 0.408333 0.321875 0.402083 0.314063 0.393750 0.300000 0.395833 0.293750 0.404167
8 0.926562 0.350000 0.962500 0.356250 0.964063 0.360417 0.970313 0.358333 0.976562 0.362500 0.987500 0.362500 0.989062 0.366667 0.998437 0.366667 0.998437 0.333333 0.967187 0.329167 0.954688 0.333333 0.946875 0.331250 0.935937 0.337500 0.935937 0.341667
8 0.598437 0.164583 0.570312 0.218750 0.578125 0.254167 0.562500 0.243750 0.565625 0.272917 0.556250 0.268750 0.565625 0.318750 0.548438 0.312500 0.545312 0.358333 0.534375 0.312500 0.515625 0.372917 0.559375 0.337500 0.585938 0.375000 0.651563 0.395833 0.646875 0.295833 0.629687 0.331250 0.610938 0.318750 0.628125 0.295833 0.610938 0.283333 0.623437 0.243750
8 0.000000 0.152083 0.000000 0.552083 0.128125 0.525000 0.153125 0.497917 0.175000 0.425000 0.237500 0.400000 0.176563 0.366667 0.146875 0.254167
10 0.000000 0.000000 0.000000 0.150000 0.076563 0.204167 0.173437 0.152083 0.248438 0.231250 0.325000 0.150000 0.518750 0.354167 0.598437 0.162500 0.653125 0.391667 0.693750 0.279167 0.754687 0.289583 0.764062 0.120833 0.703125 0.014583 0.771875 0.114583 0.764062 0.291667 0.871875 0.306250 0.998437 0.183333 0.998437 0.000000
13 0.392188 0.464583 0.390625 0.483333 0.396875 0.500000 0.418750 0.495833 0.434375 0.506250 0.442188 0.506250 0.445312 0.500000 0.462500 0.500000 0.457813 0.464583 0.440625 0.441667 0.404687 0.441667
13 0.167187 0.456250 0.167187 0.468750 0.179688 0.475000 0.240625 0.477083 0.256250 0.487500 0.278125 0.481250 0.295312 0.491667 0.307812 0.475000 0.307812 0.445833 0.298438 0.418750 0.256250 0.402083 0.225000 0.400000 0.178125 0.425000
13 0.998437 0.368750 0.760938 0.341667 0.651563 0.397917 0.562500 0.379167 0.515625 0.460417 0.510938 0.550000 0.568750 0.562500 0.571875 0.637500 0.604688 0.629167 0.651563 0.687500 0.690625 0.829167 0.735938 0.833333 0.760938 0.785417 0.998437 0.864583