0 0.126562 0.316667 0.284375 0.520833 0.296875 0.625000 0.112500 0.997917 0.998437 0.997917 0.998437 0.802083 0.909375 0.712500 0.464062 0.535417
1 0.914062 0.716667 0.925000 0.731250 0.934375 0.733333 0.978125 0.766667 0.984375 0.775000 0.985938 0.787500 0.998437 0.800000 0.996875 0.754167
1 0.834375 0.695833 0.837500 0.700000 0.864062 0.702083 0.889062 0.710417 0.890625 0.706250 0.885938 0.706250 0.884375 0.702083 0.871875 0.695833 0.870313 0.691667 0.859375 0.687500 0.851562 0.689583 0.850000 0.687500 0.848437 0.691667 0.839063 0.689583
1 0.734375 0.652083 0.771875 0.666667 0.790625 0.679167 0.792188 0.683333 0.803125 0.685417 0.804688 0.689583 0.801562 0.679167 0.787500 0.666667 0.781250 0.666667 0.776563 0.660417 0.757812 0.654167 0.754687 0.647917 0.742188 0.643750
1 0.554688 0.547917 0.554688 0.558333 0.604688 0.593750 0.637500 0.602083 0.670312 0.627083 0.715625 0.641667 0.707812 0.618750 0.659375 0.608333
1 0.123438 0.333333 0.057813 0.410417 0.000000 0.414583 0.000000 0.997917 0.121875 0.985417 0.239063 0.785417 0.293750 0.635417 0.278125 0.512500
2 0.295312 0.258333 0.281250 0.260417 0.254688 0.285417 0.240625 0.287500 0.237500 0.300000 0.246875 0.306250 0.250000 0.314583 0.271875 0.314583 0.278125 0.302083 0.276562 0.300000 0.279687 0.297917 0.279687 0.285417
2 0.156250 0.187500 0.148438 0.206250 0.146875 0.252083 0.137500 0.289583 0.148438 0.297917 0.176563 0.300000 0.189062 0.293750 0.198437 0.300000 0.210938 0.289583 0.229687 0.297917 0.220312 0.287500 0.223438 0.260417 0.189062 0.166667 0.173437 0.170833
2 0.312500 0.256250 0.392188 0.381250 0.428125 0.329167 0.726562 0.552083 0.828125 0.550000 0.856250 0.685417 0.998437 0.756250 0.998437 0.468750 0.901563 0.514583 0.926562 0.447917 0.862500 0.260417 0.654687 0.072917 0.537500 0.202083 0.481250 0.206250 0.475000 0.160417 0.425000 0.212500 0.412500 0.172917
4 0.562500 0.462500 0.565625 0.500000 0.557813 0.547917 0.659375 0.606250 0.715625 0.616667 0.725000 0.539583 0.626563 0.479167
8 0.556250 0.427083 0.560937 0.435417 0.562500 0.460417 0.576562 0.460417 0.584375 0.466667 0.618750 0.475000 0.618750 0.468750 0.606250 0.445833 0.606250 0.437500 0.592187 0.418750 0.568750 0.418750 0.564063 0.425000
8 0.998437 0.400000 0.967187 0.383333 0.964063 0.404167 0.981250 0.435417 0.968750 0.431250 0.968750 0.460417 0.959375 0.466667 0.948438 0.431250 0.929688 0.445833 0.931250 0.420833 0.914062 0.395833 0.928125 0.464583 0.906250 0.466667 0.898438 0.508333 0.920312 0.516667 0.932813 0.481250 0.996875 0.468750
8 0.454688 0.360417 0.448437 0.360417 0.431250 0.341667 0.428125 0.331250 0.423438 0.341667 0.418750 0.341667 0.396875 0.364583 0.393750 0.383333 0.400000 0.397917 0.401562 0.393750 0.431250 0.375000 0.454688 0.372917
8 0.000000 0.000000 0.000000 0.412500 0.060937 0.406250 0.143750 0.312500 0.148438 0.197917 0.181250 0.164583 0.231250 0.297917 0.296875 0.258333 0.250000 0.316667 0.253125 0.370833 0.376563 0.362500 0.350000 0.275000 0.278125 0.256250 0.151562 0.139583 0.095312 0.000000
10 0.096875 0.000000 0.150000 0.135417 0.281250 0.256250 0.412500 0.170833 0.537500 0.200000 0.654687 0.070833 0.857812 0.250000 0.932813 0.447917 0.998437 0.397917 0.998437 0.000000
13 0.726562 0.554167 0.717187 0.616667 0.709375 0.618750 0.720313 0.647917 0.754687 0.645833 0.787500 0.664583 0.818750 0.700000 0.854688 0.685417 0.846875 0.608333 0.828125 0.552083 0.756250 0.529167
13 0.289062 0.377083 0.289062 0.416667 0.442188 0.502083 0.456250 0.529167 0.506250 0.535417 0.523438 0.554167 0.556250 0.543750 0.559375 0.435417 0.525000 0.402083 0.456250 0.372917 0.398438 0.400000 0.389062 0.379167 0.337500 0.352083
13 0.246875 0.375000 0.251563 0.322917 0.240625 0.302083 0.214062 0.291667 0.198437 0.302083 0.189062 0.295833 0.171875 0.302083 0.139063 0.293750 0.145313 0.310417 0.142187 0.314583 0.160938 0.320833 0.167187 0.335417 0.204687 0.360417 0.210938 0.356250