0 0.151562 0.329167 0.310937 0.591667 0.295312 0.756250 0.196875 0.997917 0.998437 0.997917 0.996875 0.754167 0.960938 0.781250 0.810937 0.670833 0.509375 0.570833
1 0.729688 0.645833 0.729688 0.654167 0.740625 0.662500 0.764062 0.664583 0.789062 0.679167 0.790625 0.683333 0.801562 0.685417 0.806250 0.681250 0.806250 0.675000 0.795312 0.666667 0.782813 0.664583 0.779687 0.660417 0.746875 0.656250 0.734375 0.652083
1 0.150000 0.329167 0.060937 0.447917 0.000000 0.454167 0.000000 0.997917 0.195312 0.997917 0.293750 0.756250 0.301563 0.560417
2 0.345313 0.293750 0.342187 0.291667 0.340625 0.295833 0.335938 0.295833 0.310937 0.320833 0.298438 0.322917 0.295312 0.335417 0.304688 0.345833 0.304688 0.350000 0.326562 0.345833 0.326562 0.333333 0.332813 0.325000 0.342187 0.295833
2 0.285938 0.331250 0.279687 0.322917 0.281250 0.285417 0.251563 0.212500 0.187500 0.254167 0.178125 0.279167 0.162500 0.279167 0.148438 0.325000 0.204687 0.352083 0.214062 0.339583 0.254688 0.335417 0.264062 0.325000
2 0.381250 0.279167 0.432812 0.402083 0.478125 0.352083 0.843750 0.587500 0.960938 0.591667 0.998437 0.756250 0.998437 0.304167 0.965625 0.229167 0.717187 0.062500 0.584375 0.216667 0.529687 0.222917 0.528125 0.179167 0.467187 0.237500 0.460938 0.197917 0.450000 0.247917
4 0.628125 0.485417 0.632812 0.520833 0.620313 0.585417 0.734375 0.650000 0.814063 0.668750 0.840625 0.579167
5 0.360938 0.197917 0.381250 0.239583 0.381250 0.270833 0.364063 0.383333 0.384375 0.262500 0.382812 0.237500
8 0.618750 0.447917 0.625000 0.458333 0.629687 0.485417 0.646875 0.487500 0.648438 0.491667 0.692187 0.506250 0.681250 0.479167 0.653125 0.437500 0.634375 0.437500
8 0.506250 0.385417 0.492188 0.379167 0.482812 0.368750 0.479687 0.356250 0.475000 0.354167 0.471875 0.364583 0.467187 0.364583 0.448437 0.383333 0.440625 0.408333 0.443750 0.410417 0.446875 0.425000 0.470313 0.404167 0.501563 0.393750
8 0.378125 0.304167 0.367188 0.381250 0.370312 0.377083 0.398438 0.381250 0.407813 0.362500 0.410938 0.347917 0.407813 0.329167 0.403125 0.325000 0.401562 0.310417 0.389062 0.304167
8 0.359375 0.277083 0.345313 0.279167 0.339062 0.291667 0.346875 0.293750 0.328125 0.333333 0.328125 0.345833 0.304688 0.352083 0.307812 0.372917 0.309375 0.366667 0.312500 0.372917 0.310937 0.387500 0.306250 0.383333 0.303125 0.395833 0.309375 0.391667 0.315625 0.406250 0.328125 0.414583 0.354687 0.383333 0.362500 0.385417 0.373437 0.300000
8 0.210938 0.200000 0.207813 0.241667 0.242188 0.210417 0.256250 0.216667 0.282813 0.285417 0.281250 0.322917 0.287500 0.331250 0.334375 0.297917 0.312500 0.256250 0.284375 0.260417 0.278125 0.218750 0.254688 0.197917 0.242188 0.202083 0.235937 0.187500 0.220312 0.187500
8 0.000000 0.000000 0.000000 0.452083 0.056250 0.447917 0.126562 0.370833 0.159375 0.281250 0.184375 0.264583 0.185938 0.231250 0.170313 0.227083 0.160938 0.097917 0.107813 0.000000
10 0.109375 0.000000 0.187500 0.252083 0.220312 0.185417 0.335938 0.293750 0.378125 0.277083 0.360938 0.195833 0.382812 0.275000 0.460938 0.195833 0.467187 0.235417 0.528125 0.177083 0.529687 0.220833 0.584375 0.214583 0.717187 0.060417 0.965625 0.227083 0.998437 0.302083 0.998437 0.000000
13 0.837500 0.593750 0.812500 0.670833 0.815625 0.695833 0.864062 0.708333 0.931250 0.745833 0.951562 0.775000 0.968750 0.777083 0.985938 0.747917 0.989062 0.712500 0.967187 0.602083 0.887500 0.566667 0.865625 0.566667
13 0.334375 0.414583 0.334375 0.445833 0.362500 0.450000 0.376563 0.475000 0.415625 0.477083 0.421875 0.506250 0.489063 0.531250 0.509375 0.568750 0.596875 0.593750 0.623437 0.575000 0.623437 0.458333 0.556250 0.408333 0.503125 0.393750 0.445312 0.427083 0.418750 0.391667 0.370312 0.379167
13 0.212500 0.343750 0.212500 0.356250 0.223438 0.360417 0.226562 0.370833 0.235937 0.372917 0.256250 0.391667 0.268750 0.389583 0.298438 0.408333 0.306250 0.381250 0.303125 0.345833 0.293750 0.335417 0.264062 0.327083 0.254688 0.337500 0.240625 0.333333