0 0.000000 0.712500 0.000000 0.997917 0.998437 0.997917 0.901563 0.929167 0.859375 0.987500 0.773438 0.972917 0.712500 0.762500 0.584375 0.664583 0.582812 0.575000 0.128125 0.462500 0.271875 0.558333
1 0.287500 0.485417 0.509375 0.537500 0.510938 0.508333 0.429688 0.508333 0.415625 0.497917 0.390625 0.504167 0.387500 0.493750
1 0.271875 0.539583 0.221875 0.504167 0.118750 0.479167 0.076563 0.539583 0.000000 0.552083 0.000000 0.710417 0.235937 0.589583 0.270313 0.558333
2 0.784375 0.320833 0.792188 0.320833 0.818750 0.310417 0.845313 0.306250 0.840625 0.300000 0.835938 0.302083 0.812500 0.300000 0.804688 0.295833 0.787500 0.293750
2 0.778125 0.291667 0.698438 0.279167 0.670312 0.383333 0.656250 0.402083 0.651563 0.427083 0.695312 0.372917 0.775000 0.329167
2 0.998437 0.197917 0.950000 0.247917 0.914062 0.270833 0.896875 0.268750 0.896875 0.250000 0.893750 0.268750 0.882812 0.275000 0.882812 0.297917 0.998437 0.295833
2 0.073438 0.164583 0.071875 0.204167 0.128125 0.264583 0.139063 0.370833 0.160938 0.350000 0.234375 0.395833 0.309375 0.391667 0.360938 0.439583 0.439063 0.439583 0.465625 0.502083 0.512500 0.506250 0.582812 0.366667 0.517188 0.372917 0.320312 0.141667 0.242188 0.222917 0.168750 0.195833 0.165625 0.160417 0.146875 0.197917 0.089063 0.197917
3 0.350000 0.452083 0.350000 0.487500 0.353125 0.487500 0.354687 0.491667 0.382812 0.491667 0.373437 0.460417 0.364063 0.472917 0.357812 0.466667 0.357812 0.462500
4 0.295312 0.427083 0.300000 0.437500 0.296875 0.479167 0.348438 0.487500 0.351562 0.450000 0.364063 0.470833 0.373437 0.458333 0.385937 0.491667 0.385937 0.466667 0.392188 0.447917 0.370312 0.447917 0.340625 0.431250
5 0.728125 0.000000 0.768750 0.041667 0.792188 0.093750 0.781250 0.325000 0.798438 0.097917 0.778125 0.041667 0.746875 0.000000
8 0.281250 0.404167 0.281250 0.408333 0.293750 0.418750 0.295312 0.425000 0.303125 0.425000 0.310937 0.429167 0.328125 0.429167 0.325000 0.425000 0.325000 0.420833 0.315625 0.412500 0.314063 0.402083 0.310937 0.400000 0.309375 0.393750 0.296875 0.393750 0.293750 0.397917
8 0.598437 0.160417 0.570312 0.216667 0.578125 0.250000 0.564063 0.239583 0.567187 0.272917 0.554688 0.268750 0.565625 0.314583 0.546875 0.310417 0.545312 0.358333 0.532813 0.312500 0.517188 0.370833 0.565625 0.352083 0.650000 0.377083 0.646875 0.295833 0.628125 0.331250 0.610938 0.316667 0.628125 0.291667 0.612500 0.283333 0.623437 0.233333 0.607812 0.216667 0.614062 0.195833
8 0.000000 0.150000 0.000000 0.550000 0.056250 0.543750 0.107813 0.502083 0.137500 0.400000 0.178125 0.414583 0.229687 0.393750 0.231250 0.375000 0.200000 0.383333 0.160938 0.352083 0.139063 0.372917 0.115625 0.243750
10 0.748437 0.000000 0.800000 0.097917 0.787500 0.291667 0.881250 0.297917 0.893750 0.252083 0.914062 0.268750 0.998437 0.195833 0.998437 0.000000
10 0.000000 0.000000 0.000000 0.147917 0.070312 0.202083 0.165625 0.158333 0.242188 0.220833 0.320312 0.139583 0.545312 0.356250 0.598437 0.158333 0.662500 0.387500 0.698438 0.277083 0.778125 0.289583 0.790625 0.093750 0.726562 0.000000
13 0.390625 0.452083 0.387500 0.466667 0.390625 0.502083 0.396875 0.502083 0.401562 0.495833 0.423438 0.497917 0.429688 0.506250 0.459375 0.502083 0.459375 0.479167 0.454688 0.470833 0.454688 0.460417 0.448437 0.458333 0.439063 0.441667 0.401562 0.437500
13 0.135937 0.408333 0.129688 0.456250 0.143750 0.466667 0.218750 0.475000 0.232813 0.485417 0.262500 0.479167 0.276562 0.489583 0.298438 0.475000 0.298438 0.437500 0.279687 0.408333 0.210938 0.395833 0.178125 0.416667 0.153125 0.404167
13 0.571875 0.372917 0.515625 0.464583 0.510938 0.554167 0.582812 0.572917 0.585938 0.664583 0.626563 0.656250 0.714063 0.762500 0.757812 0.952083 0.848437 0.987500 0.901563 0.927083 0.998437 0.985417 0.998437 0.297917 0.784375 0.322917 0.653125 0.429167 0.660937 0.385417