0 0.000000 0.954167 0.000000 0.997917 0.998437 0.997917 0.998437 0.947917 0.796875 0.775000 0.689063 0.733333 0.659375 0.633333 0.578125 0.625000 0.359375 0.433333
1 0.490625 0.491667 0.487500 0.497917 0.487500 0.506250 0.492188 0.512500 0.500000 0.516667 0.512500 0.529167 0.515625 0.529167 0.515625 0.522917 0.518750 0.510417 0.517188 0.508333 0.510938 0.508333 0.509375 0.504167 0.506250 0.504167 0.504687 0.500000 0.498437 0.497917 0.496875 0.493750 0.492188 0.493750
1 0.353125 0.431250 0.000000 0.487500 0.000000 0.952083
2 0.454688 0.316667 0.414062 0.354167 0.398438 0.385417 0.393750 0.412500 0.420312 0.439583 0.453125 0.414583 0.479687 0.422917 0.481250 0.393750
2 0.292187 0.239583 0.264062 0.266667 0.265625 0.297917 0.287500 0.322917 0.292187 0.337500 0.328125 0.366667 0.331250 0.337500 0.306250 0.272917 0.307812 0.252083
2 0.998437 0.072917 0.868750 0.222917 0.771875 0.254167 0.771875 0.187500 0.740625 0.268750 0.679688 0.293750 0.671875 0.247917 0.664062 0.302083 0.578125 0.372917 0.617188 0.400000 0.620313 0.454167 0.670312 0.485417 0.731250 0.404167 0.806250 0.489583 0.998437 0.452083
2 0.065625 0.000000 0.101562 0.037500 0.150000 0.039583 0.184375 0.060417 0.214062 0.095833 0.223438 0.129167 0.215625 0.066667 0.107813 0.008333
3 0.276562 0.427083 0.287500 0.425000 0.304688 0.433333 0.314063 0.433333 0.315625 0.431250 0.321875 0.433333 0.325000 0.422917 0.323437 0.420833 0.301563 0.420833 0.300000 0.418750 0.295312 0.422917 0.293750 0.420833 0.284375 0.420833 0.282813 0.416667 0.279687 0.416667 0.279687 0.422917
4 0.703125 0.525000 0.710938 0.558333 0.723437 0.558333 0.725000 0.554167 0.746875 0.547917 0.775000 0.529167 0.748437 0.529167 0.746875 0.525000 0.742188 0.525000 0.740625 0.529167 0.735938 0.529167 0.734375 0.525000
4 0.300000 0.360417 0.301563 0.418750 0.353125 0.422917 0.356250 0.431250 0.360938 0.406250 0.365625 0.410417 0.362500 0.433333 0.387500 0.439583 0.395313 0.400000 0.382812 0.395833 0.385937 0.404167 0.375000 0.410417 0.376563 0.395833 0.370312 0.393750 0.346875 0.416667 0.343750 0.402083 0.328125 0.387500 0.328125 0.368750 0.310937 0.354167 0.309375 0.362500
4 0.287500 0.343750 0.284375 0.358333 0.273438 0.370833 0.270313 0.381250 0.265625 0.385417 0.268750 0.387500 0.268750 0.393750 0.271875 0.393750 0.279687 0.408333 0.282813 0.402083 0.285938 0.385417
5 0.556250 0.243750 0.582812 0.300000 0.562500 0.464583 0.584375 0.295833
8 0.673438 0.487500 0.689063 0.493750 0.701562 0.522917 0.778125 0.527083 0.837500 0.491667 0.826562 0.472917 0.803125 0.489583 0.785937 0.450000 0.748437 0.431250 0.735938 0.406250 0.726562 0.412500 0.726562 0.425000 0.706250 0.427083 0.709375 0.439583 0.693750 0.447917
8 0.595313 0.366667 0.576562 0.379167 0.564063 0.464583 0.581250 0.454167 0.606250 0.454167 0.615625 0.441667 0.615625 0.429167 0.618750 0.425000 0.615625 0.400000 0.600000 0.381250
8 0.432812 0.312500 0.428125 0.341667 0.454688 0.314583 0.475000 0.368750 0.481250 0.422917 0.490625 0.431250 0.492188 0.491667 0.520312 0.508333 0.560937 0.466667 0.571875 0.375000 0.531250 0.364583 0.529687 0.383333 0.514062 0.360417 0.489063 0.366667 0.481250 0.325000
8 0.393750 0.281250 0.384375 0.300000 0.356250 0.289583 0.348438 0.297917 0.348438 0.320833 0.339062 0.312500 0.326562 0.316667 0.331250 0.343750 0.335938 0.339583 0.335938 0.360417 0.346875 0.372917 0.346875 0.414583 0.359375 0.391667 0.395313 0.397917 0.409375 0.358333 0.396875 0.358333
8 0.000000 0.000000 0.000000 0.485417 0.275000 0.427083 0.264062 0.385417 0.287500 0.341667 0.309375 0.358333 0.264062 0.297917 0.212500 0.095833 0.064062 0.000000
10 0.090625 0.000000 0.217188 0.066667 0.262500 0.264583 0.295312 0.237500 0.334375 0.314583 0.351562 0.208333 0.342187 0.318750 0.393750 0.279167 0.398438 0.358333 0.446875 0.306250 0.529687 0.381250 0.575000 0.356250 0.556250 0.241667 0.582812 0.352083 0.671875 0.245833 0.679688 0.291667 0.740625 0.266667 0.771875 0.185417 0.771875 0.252083 0.868750 0.220833 0.998437 0.070833 0.998437 0.000000
13 0.521875 0.504167 0.515625 0.564583 0.564063 0.581250 0.578125 0.622917 0.659375 0.631250 0.695312 0.737500 0.754687 0.737500 0.998437 0.945833 0.998437 0.454167 0.865625 0.479167 0.723437 0.560417 0.615625 0.443750
13 0.390625 0.416667 0.389062 0.441667 0.410938 0.445833 0.420312 0.468750 0.435937 0.487500 0.462500 0.487500 0.478125 0.506250 0.485938 0.506250 0.492188 0.472917 0.485938 0.427083 0.453125 0.416667 0.420312 0.441667
13 0.289062 0.358333 0.287500 0.385417 0.284375 0.402083 0.281250 0.408333 0.281250 0.414583 0.284375 0.418750 0.293750 0.418750 0.295312 0.420833 0.300000 0.414583 0.298438 0.408333 0.300000 0.377083 0.293750 0.358333