0 0.000000 0.964583 0.000000 0.997917 0.998437 0.997917 0.998437 0.918750 0.753125 0.754167 0.737500 0.656250 0.475000 0.487500
1 0.631250 0.558333 0.628125 0.575000 0.740625 0.658333 0.753125 0.614583 0.729688 0.612500 0.706250 0.591667
1 0.473438 0.487500 0.362500 0.485417 0.000000 0.572917 0.000000 0.962500
2 0.679688 0.414583 0.671875 0.414583 0.668750 0.420833 0.665625 0.420833 0.656250 0.435417 0.642188 0.447917 0.639062 0.456250 0.628125 0.458333 0.626563 0.464583 0.632812 0.470833 0.634375 0.485417 0.654687 0.477083 0.665625 0.477083 0.665625 0.462500
2 0.759375 0.350000 0.740625 0.362500 0.718750 0.368750 0.717187 0.372917 0.701562 0.375000 0.701562 0.379167 0.706250 0.375000 0.712500 0.379167 0.723437 0.377083 0.731250 0.381250 0.732812 0.377083 0.740625 0.372917 0.748437 0.383333 0.748437 0.387500 0.754687 0.387500
2 0.356250 0.358333 0.359375 0.377083 0.428125 0.418750 0.439063 0.477083 0.532813 0.506250 0.579688 0.454167 0.606250 0.450000 0.575000 0.347917 0.518750 0.410417 0.510938 0.443750 0.479687 0.435417 0.465625 0.460417 0.446875 0.389583 0.439063 0.414583 0.423438 0.306250 0.401562 0.295833
2 0.998437 0.206250 0.878125 0.270833 0.881250 0.210417 0.867188 0.208333 0.851562 0.287500 0.767188 0.345833 0.764062 0.383333 0.810937 0.400000 0.815625 0.470833 0.834375 0.489583 0.815625 0.525000 0.900000 0.537500 0.998437 0.508333
2 0.153125 0.047917 0.251563 0.189583 0.271875 0.270833 0.340625 0.335417 0.314063 0.304167 0.318750 0.250000 0.332813 0.227083 0.309375 0.097917
3 0.365625 0.483333 0.375000 0.487500 0.385937 0.487500 0.387500 0.491667 0.403125 0.491667 0.404687 0.487500 0.423438 0.485417 0.429688 0.481250 0.429688 0.477083 0.373437 0.475000 0.368750 0.477083
4 0.787500 0.529167 0.773438 0.533333 0.762500 0.525000 0.754687 0.529167 0.745313 0.525000 0.737500 0.572917 0.735938 0.608333 0.754687 0.612500 0.765625 0.597917 0.778125 0.593750 0.787500 0.556250 0.798438 0.541667 0.789062 0.535417
4 0.637500 0.508333 0.634375 0.556250 0.728125 0.602083 0.737500 0.525000 0.689063 0.520833 0.646875 0.510417 0.642188 0.502083
4 0.389062 0.422917 0.389062 0.475000 0.429688 0.475000 0.432812 0.441667 0.428125 0.433333 0.428125 0.425000 0.417187 0.427083 0.410938 0.422917
5 0.460938 0.243750 0.456250 0.243750 0.440625 0.414583
5 0.729688 0.193750 0.770312 0.270833 0.732812 0.610417 0.773438 0.268750
8 0.762500 0.385417 0.748437 0.493750 0.750000 0.522917 0.773438 0.531250 0.787500 0.527083 0.798438 0.539583 0.814063 0.525000 0.818750 0.510417 0.831250 0.506250 0.832812 0.489583 0.825000 0.475000 0.814063 0.470833 0.818750 0.441667 0.810937 0.439583 0.809375 0.400000 0.804688 0.395833 0.796875 0.406250 0.778125 0.387500
8 0.754687 0.389583 0.740625 0.375000 0.731250 0.383333 0.706250 0.377083 0.687500 0.383333 0.685937 0.397917 0.667188 0.416667 0.681250 0.414583 0.667188 0.477083 0.635938 0.485417 0.635938 0.506250 0.642188 0.500000 0.689063 0.518750 0.737500 0.522917
8 0.578125 0.356250 0.607812 0.433333 0.606250 0.458333 0.625000 0.462500 0.628125 0.456250 0.639062 0.454167 0.660937 0.427083 0.635938 0.393750 0.609375 0.406250 0.600000 0.360417
8 0.507812 0.329167 0.498437 0.350000 0.473438 0.343750 0.465625 0.352083 0.462500 0.375000 0.457813 0.368750 0.446875 0.375000 0.451562 0.404167 0.464062 0.420833 0.464062 0.458333 0.479687 0.433333 0.512500 0.439583 0.517188 0.412500 0.512500 0.408333
8 0.000000 0.000000 0.000000 0.570833 0.340625 0.491667 0.359375 0.391667 0.426563 0.422917 0.357812 0.377083 0.373437 0.320833 0.339062 0.337500 0.270313 0.270833 0.250000 0.189583 0.121875 0.004167
10 0.118750 0.000000 0.310937 0.097917 0.339062 0.331250 0.406250 0.291667 0.442188 0.372917 0.460938 0.241667 0.448437 0.370833 0.507812 0.327083 0.515625 0.410417 0.575000 0.345833 0.662500 0.425000 0.760938 0.347917 0.729688 0.191667 0.768750 0.341667 0.867188 0.206250 0.878125 0.268750 0.998437 0.204167 0.998437 0.000000
13 0.814063 0.527083 0.750000 0.622917 0.750000 0.747917 0.773438 0.766667 0.809375 0.756250 0.998437 0.916667 0.998437 0.510417 0.900000 0.539583
13 0.537500 0.489583 0.534375 0.506250 0.539062 0.525000 0.556250 0.539583 0.562500 0.554167 0.584375 0.547917 0.610938 0.558333 0.617188 0.572917 0.625000 0.575000 0.635938 0.525000 0.634375 0.487500 0.628125 0.466667 0.579688 0.456250 0.567187 0.472917
13 0.378125 0.397917 0.359375 0.393750 0.357812 0.427083 0.350000 0.462500 0.348438 0.487500 0.360938 0.487500 0.368750 0.475000 0.387500 0.470833 0.387500 0.416667