0 0.187500 0.379167 0.217188 0.716667 0.146875 0.997917 0.998437 0.997917 0.996875 0.843750 0.729688 0.677083 0.593750 0.656250 0.454688 0.522917
1 0.721875 0.675000 0.953125 0.829167 0.998437 0.843750 0.996875 0.760417 0.937500 0.760417 0.760938 0.666667
1 0.342187 0.439583 0.342187 0.447917 0.339062 0.450000 0.342187 0.450000 0.351562 0.456250 0.354687 0.460417 0.359375 0.460417 0.360938 0.464583 0.365625 0.464583 0.367188 0.466667 0.367188 0.462500 0.368750 0.460417 0.368750 0.452083 0.362500 0.452083 0.360938 0.447917 0.357812 0.447917 0.354687 0.443750 0.351562 0.443750 0.346875 0.439583
1 0.189062 0.375000 0.153125 0.368750 0.000000 0.450000 0.000000 0.997917 0.145313 0.997917 0.181250 0.897917 0.217188 0.687500
2 0.371875 0.356250 0.367188 0.358333 0.360938 0.364583 0.354687 0.364583 0.346875 0.370833 0.345313 0.375000 0.345313 0.391667 0.350000 0.391667 0.351562 0.387500 0.359375 0.387500 0.360938 0.385417 0.364063 0.385417 0.365625 0.383333 0.365625 0.375000 0.368750 0.372917 0.368750 0.368750 0.371875 0.362500
2 0.331250 0.347917 0.296875 0.260417 0.251563 0.300000 0.231250 0.347917 0.196875 0.339583 0.190625 0.354167 0.200000 0.354167 0.201563 0.368750 0.187500 0.372917 0.228125 0.387500 0.232813 0.366667 0.250000 0.385417 0.234375 0.391667 0.260937 0.402083 0.264062 0.387500 0.304688 0.366667 0.328125 0.370833
2 0.423438 0.312500 0.484375 0.433333 0.532813 0.370833 0.887500 0.562500 0.893750 0.727083 0.998437 0.760417 0.998437 0.056250 0.810937 0.000000 0.643750 0.218750 0.578125 0.237500 0.578125 0.187500 0.556250 0.247917 0.510938 0.262500 0.506250 0.220833 0.498437 0.270833
3 0.128125 0.181250 0.109375 0.212500 0.112500 0.268750 0.092188 0.289583 0.095312 0.345833 0.092188 0.368750 0.081250 0.383333 0.085938 0.408333 0.160938 0.366667 0.148438 0.335417 0.145313 0.258333
4 0.760938 0.525000 0.767188 0.577083 0.757812 0.664583 0.898438 0.735417 0.884375 0.664583 0.896875 0.595833 0.885938 0.579167 0.889062 0.566667 0.881250 0.572917 0.876563 0.560417
5 0.400000 0.222917 0.423438 0.268750 0.407813 0.408333 0.426563 0.266667
5 0.185938 0.143750 0.179688 0.150000 0.164062 0.291667 0.164062 0.354167 0.170313 0.354167 0.173437 0.327083 0.170313 0.256250
8 0.757812 0.504167 0.760938 0.522917 0.770312 0.522917 0.771875 0.527083 0.782813 0.527083 0.834375 0.545833 0.826562 0.518750 0.817187 0.516667 0.814063 0.508333 0.782813 0.487500 0.768750 0.489583
8 0.564063 0.404167 0.554688 0.404167 0.535937 0.385417 0.532813 0.372917 0.526563 0.372917 0.525000 0.385417 0.515625 0.387500 0.509375 0.400000 0.500000 0.406250 0.489063 0.435417 0.498437 0.456250 0.531250 0.425000 0.562500 0.412500
8 0.431250 0.331250 0.421875 0.331250 0.417187 0.350000 0.414062 0.391667 0.409375 0.408333 0.443750 0.402083 0.454688 0.391667 0.454688 0.360417 0.446875 0.350000 0.446875 0.343750 0.437500 0.341667
8 0.273438 0.247917 0.264062 0.287500 0.298438 0.258333 0.331250 0.339583 0.329688 0.372917 0.343750 0.387500 0.346875 0.368750 0.373437 0.356250 0.367188 0.383333 0.345313 0.393750 0.343750 0.437500 0.371875 0.450000 0.389062 0.412500 0.406250 0.410417 0.415625 0.327083 0.381250 0.331250 0.360938 0.302083 0.335938 0.310417 0.326562 0.264583
8 0.140625 0.227083 0.146875 0.258333 0.143750 0.277083 0.148438 0.285417 0.148438 0.308333 0.153125 0.320833 0.150000 0.335417 0.162500 0.354167 0.160938 0.310417 0.170313 0.252083 0.164062 0.250000 0.157812 0.239583 0.146875 0.239583
8 0.223438 0.208333 0.214062 0.231250 0.189062 0.216667 0.176563 0.222917 0.171875 0.256250 0.175000 0.356250 0.185938 0.345833 0.190625 0.352083 0.201563 0.335417 0.206250 0.345833 0.231250 0.345833 0.246875 0.304167 0.245312 0.291667 0.231250 0.293750
8 0.032813 0.000000 0.000000 0.000000 0.000000 0.447917 0.084375 0.408333 0.090625 0.289583 0.110937 0.268750 0.107813 0.212500 0.123438 0.179167 0.137500 0.212500 0.121875 0.127083 0.068750 0.085417 0.064062 0.045833
10 0.817187 0.000000 0.998437 0.054167 0.998437 0.000000
10 0.034375 0.000000 0.146875 0.237500 0.185938 0.141667 0.179688 0.216667 0.226562 0.210417 0.232813 0.293750 0.290625 0.245833 0.381250 0.329167 0.420312 0.302083 0.400000 0.220833 0.426563 0.308333 0.506250 0.218750 0.510938 0.260417 0.556250 0.245833 0.578125 0.185417 0.578125 0.235417 0.643750 0.216667 0.809375 0.002083
13 0.373437 0.441667 0.370312 0.491667 0.454688 0.520833 0.471875 0.564583 0.551562 0.591667 0.593750 0.654167 0.756250 0.668750 0.759375 0.518750 0.723437 0.456250 0.568750 0.410417 0.496875 0.458333 0.457813 0.395833
13 0.260937 0.395833 0.271875 0.418750 0.278125 0.418750 0.295312 0.435417 0.314063 0.435417 0.320312 0.443750 0.340625 0.447917 0.343750 0.389583 0.339062 0.377083 0.309375 0.366667 0.295312 0.379167 0.264062 0.389583