0 0.029687 0.997917 0.998437 0.997917 0.998437 0.866667 0.893750 0.839583 0.810937 0.645833 0.704688 0.664583 0.607812 0.587500 0.606250 0.522917 0.348438 0.502083 0.409375 0.535417
1 0.407813 0.527083 0.314063 0.508333 0.000000 0.656250 0.000000 0.997917 0.035937 0.991667
1 0.353125 0.500000 0.551562 0.516667 0.529687 0.504167 0.364063 0.493750
2 0.353125 0.293750 0.350000 0.437500 0.412500 0.445833 0.414062 0.372917 0.407813 0.372917 0.404687 0.381250 0.364063 0.316667 0.360938 0.295833 0.357812 0.300000
2 0.804688 0.279167 0.801562 0.425000 0.851562 0.431250 0.870313 0.454167 0.910937 0.454167 0.929688 0.414583 0.951562 0.402083 0.998437 0.445833 0.998437 0.322917 0.979688 0.316667 0.923438 0.341667 0.881250 0.400000 0.821875 0.270833
2 0.432812 0.454167 0.634375 0.477083 0.682813 0.425000 0.793750 0.422917 0.801562 0.281250 0.720313 0.318750 0.640625 0.412500 0.567187 0.258333 0.492188 0.370833 0.489063 0.412500 0.435937 0.414583
2 0.304688 0.220833 0.242188 0.314583 0.240625 0.339583 0.271875 0.341667 0.271875 0.354167 0.256250 0.352083 0.296875 0.383333 0.300000 0.404167 0.315625 0.410417 0.317188 0.437500 0.340625 0.437500 0.340625 0.245833 0.323437 0.243750
2 0.023438 0.200000 0.034375 0.214583 0.070312 0.227083 0.085938 0.245833 0.117188 0.268750 0.134375 0.270833 0.129688 0.260417 0.029687 0.197917
2 0.998437 0.100000 0.959375 0.129167 0.959375 0.143750 0.945312 0.156250 0.945312 0.162500 0.954688 0.162500 0.956250 0.166667 0.982812 0.162500 0.987500 0.170833 0.990625 0.168750 0.998437 0.177083
3 0.312500 0.508333 0.006250 0.583333 0.000000 0.654167 0.295312 0.533333
3 0.982812 0.450000 0.982812 0.456250 0.984375 0.458333 0.984375 0.475000 0.989062 0.477083 0.990625 0.481250 0.998437 0.481250 0.998437 0.447917 0.987500 0.447917 0.985938 0.450000
4 0.871875 0.456250 0.896875 0.508333 0.989062 0.481250 0.982812 0.475000 0.981250 0.456250
4 0.350000 0.439583 0.370312 0.462500 0.370312 0.491667 0.535937 0.506250 0.540625 0.483333 0.579688 0.466667 0.448437 0.458333 0.420312 0.445833 0.420312 0.487500 0.412500 0.447917
4 0.000000 0.283333 0.000000 0.585417 0.312500 0.506250 0.314063 0.445833 0.340625 0.441667 0.317188 0.439583 0.314063 0.410417
5 0.778125 0.239583 0.776563 0.245833 0.793750 0.252083 0.803125 0.268750 0.796875 0.350000 0.798438 0.422917 0.804688 0.270833 0.798438 0.254167
8 0.912500 0.454167 0.973437 0.456250 0.981250 0.454167 0.982812 0.447917 0.993750 0.445833 0.981250 0.425000 0.962500 0.420833 0.954688 0.406250 0.948438 0.404167 0.929688 0.416667 0.928125 0.422917 0.918750 0.431250
8 0.682813 0.347917 0.667188 0.347917 0.664062 0.354167 0.659375 0.354167 0.650000 0.375000 0.639062 0.372917 0.628125 0.354167 0.617188 0.352083 0.631250 0.379167 0.629687 0.408333 0.646875 0.408333 0.657813 0.385417 0.684375 0.352083
8 0.467187 0.289583 0.457813 0.327083 0.428125 0.327083 0.421875 0.335417 0.423438 0.366667 0.398438 0.366667 0.404687 0.379167 0.415625 0.372917 0.417187 0.475000 0.418750 0.445833 0.431250 0.443750 0.435937 0.412500 0.487500 0.412500
8 0.000000 0.191667 0.000000 0.281250 0.298438 0.404167 0.290625 0.377083 0.239063 0.339583 0.229687 0.277083 0.214062 0.329167 0.173437 0.268750 0.117188 0.270833 0.020313 0.191667
8 0.015625 0.185417 0.037500 0.183333 0.046875 0.177083 0.050000 0.179167 0.048438 0.177083 0.056250 0.172917 0.059375 0.175000 0.064062 0.168750 0.068750 0.168750 0.068750 0.164583 0.064062 0.160417 0.056250 0.158333 0.046875 0.160417 0.037500 0.156250 0.035937 0.160417 0.034375 0.158333 0.031250 0.160417 0.029687 0.164583 0.031250 0.166667 0.028125 0.170833 0.015625 0.175000 0.017188 0.177083
10 0.000000 0.000000 0.000000 0.189583 0.214062 0.327083 0.304688 0.218750 0.343750 0.277083 0.354687 0.008333 0.396875 0.370833 0.467187 0.287500 0.487500 0.391667 0.567187 0.256250 0.643750 0.372917 0.795312 0.252083 0.881250 0.397917 0.998437 0.320833 0.998437 0.179167 0.942187 0.158333 0.998437 0.000000
13 0.350000 0.443750 0.348438 0.500000 0.357812 0.495833 0.359375 0.497917 0.364063 0.491667 0.368750 0.491667 0.371875 0.487500 0.371875 0.477083 0.368750 0.475000 0.368750 0.462500 0.365625 0.460417 0.359375 0.447917 0.354687 0.447917
13 0.315625 0.445833 0.315625 0.481250 0.314063 0.483333 0.315625 0.491667 0.339062 0.491667 0.339062 0.458333 0.337500 0.454167 0.340625 0.452083 0.340625 0.443750 0.320312 0.443750
13 0.539062 0.487500 0.539062 0.510417 0.604688 0.516667 0.609375 0.587500 0.673438 0.597917 0.704688 0.662500 0.732812 0.625000 0.810937 0.643750 0.885938 0.829167 0.998437 0.864583 0.998437 0.483333 0.896875 0.510417 0.851562 0.433333 0.682813 0.427083 0.634375 0.479167 0.590625 0.460417