0 0.031250 0.997917 0.998437 0.997917 0.998437 0.747917 0.800000 0.643750 0.685937 0.654167 0.571875 0.518750 0.451562 0.504167
1 0.868750 0.677083 0.998437 0.745833 0.998437 0.660417 0.923438 0.637500 0.909375 0.643750 0.892188 0.639583 0.881250 0.645833
1 0.559375 0.514583 0.420312 0.489583 0.293750 0.560417 0.168750 0.552083 0.098437 0.604167 0.000000 0.547917 0.000000 0.997917 0.215625 0.810417 0.451562 0.502083
2 0.414062 0.450000 0.585938 0.472917 0.648438 0.458333 0.706250 0.385417 0.821875 0.362500 0.800000 0.314583 0.757812 0.322917 0.642188 0.433333 0.581250 0.300000 0.545312 0.337500 0.512500 0.431250 0.457813 0.431250 0.417187 0.358333
2 0.367188 0.270833 0.310937 0.352083 0.382812 0.408333 0.404687 0.450000 0.410938 0.343750 0.393750 0.310417 0.392188 0.289583 0.378125 0.285417
2 0.998437 0.112500 0.812500 0.277083 0.851562 0.306250 0.854688 0.385417 0.873437 0.368750 0.868750 0.322917 0.892188 0.312500 0.901563 0.275000 0.895312 0.233333 0.953125 0.162500 0.996875 0.145833
2 0.000000 0.000000 0.000000 0.287500 0.234375 0.329167 0.193750 0.277083 0.196875 0.193750 0.223438 0.158333 0.170313 0.000000
3 0.396875 0.497917 0.300000 0.520833 0.221875 0.516667 0.185938 0.545833 0.293750 0.558333 0.392188 0.514583
4 0.914062 0.483333 0.921875 0.510417 0.925000 0.616667 0.920312 0.635417 0.998437 0.658333 0.996875 0.493750 0.937500 0.497917 0.931250 0.487500
4 0.414062 0.452083 0.421875 0.491667 0.548438 0.502083 0.553125 0.487500 0.584375 0.475000 0.509375 0.468750 0.504687 0.460417 0.470313 0.456250 0.467187 0.445833 0.451562 0.456250
4 0.210938 0.375000 0.226562 0.435417 0.225000 0.514583 0.300000 0.518750 0.396875 0.495833 0.401562 0.450000 0.389062 0.420833 0.371875 0.425000 0.317188 0.395833
8 0.631250 0.425000 0.645312 0.431250 0.659375 0.422917 0.685937 0.379167 0.698438 0.366667 0.689063 0.362500 0.681250 0.368750 0.670312 0.389583 0.664062 0.389583 0.653125 0.372917 0.639062 0.362500 0.620313 0.377083 0.632812 0.406250
8 0.820312 0.368750 0.820312 0.372917 0.823438 0.381250 0.853125 0.385417 0.848437 0.370833 0.848437 0.364583 0.845313 0.362500 0.845313 0.358333 0.828125 0.358333 0.828125 0.360417 0.823438 0.364583 0.821875 0.368750
8 0.498437 0.312500 0.489063 0.341667 0.468750 0.341667 0.467187 0.347917 0.462500 0.339583 0.454688 0.347917 0.454688 0.379167 0.446875 0.372917 0.432812 0.375000 0.437500 0.391667 0.453125 0.393750 0.451562 0.420833 0.457813 0.429167 0.512500 0.429167 0.515625 0.410417 0.506250 0.400000 0.509375 0.393750
8 0.387500 0.418750 0.295312 0.347917 0.281250 0.295833 0.264062 0.331250 0.062500 0.302083 0.162500 0.325000 0.210938 0.372917
8 0.998437 0.145833 0.953125 0.164583 0.893750 0.239583 0.903125 0.272917 0.893750 0.312500 0.870313 0.322917 0.875000 0.368750 0.865625 0.387500 0.889062 0.406250 0.914062 0.481250 0.937500 0.495833 0.998437 0.495833
10 0.171875 0.000000 0.234375 0.325000 0.281250 0.293750 0.309375 0.352083 0.370312 0.268750 0.410938 0.341667 0.425000 0.156250 0.417187 0.356250 0.498437 0.310417 0.509375 0.404167 0.581250 0.297917 0.664062 0.387500 0.795312 0.312500 0.848437 0.362500 0.820312 0.260417 0.998437 0.110417 0.998437 0.000000
13 0.550000 0.493750 0.620313 0.589583 0.668750 0.597917 0.685937 0.652083 0.731250 0.627083 0.864062 0.679167 0.923438 0.616667 0.915625 0.485417 0.867188 0.389583 0.709375 0.385417 0.648438 0.460417 0.606250 0.456250
13 0.000000 0.289583 0.000000 0.545833 0.029687 0.556250 0.059375 0.600000 0.098437 0.602083 0.225000 0.512500 0.221875 0.410417 0.200000 0.354167 0.156250 0.325000