0 0.018750 0.997917 0.998437 0.997917 0.998437 0.927083 0.834375 0.660417 0.718750 0.679167 0.692187 0.614583 0.615625 0.595833 0.607812 0.525000 0.346875 0.500000 0.409375 0.535417
1 0.407813 0.531250 0.307812 0.504167 0.301563 0.531250 0.000000 0.650000 0.000000 0.997917
1 0.350000 0.500000 0.553125 0.516667 0.520312 0.504167 0.368750 0.489583
2 0.351562 0.289583 0.346875 0.433333 0.412500 0.443750 0.415625 0.372917 0.409375 0.370833 0.406250 0.383333 0.368750 0.322917 0.362500 0.300000
2 0.817187 0.277083 0.809375 0.420833 0.887500 0.429167 0.909375 0.454167 0.929688 0.454167 0.962500 0.408333 0.998437 0.420833 0.993750 0.322917 0.929688 0.343750 0.889062 0.404167 0.829688 0.272917
2 0.432812 0.454167 0.646875 0.477083 0.698438 0.425000 0.803125 0.418750 0.810937 0.279167 0.725000 0.318750 0.643750 0.412500 0.571875 0.254167 0.493750 0.370833 0.490625 0.412500 0.435937 0.412500
2 0.306250 0.214583 0.243750 0.306250 0.240625 0.331250 0.270313 0.335417 0.268750 0.350000 0.253125 0.350000 0.287500 0.370833 0.295312 0.400000 0.310937 0.406250 0.310937 0.433333 0.335938 0.435417 0.340625 0.241667 0.320312 0.237500
2 0.010937 0.195833 0.017188 0.193750 0.040625 0.206250 0.084375 0.245833 0.126562 0.260417 0.112500 0.243750 0.015625 0.185417
2 0.998437 0.108333 0.993750 0.112500 0.984375 0.114583 0.979688 0.122917 0.982812 0.125000 0.981250 0.131250 0.982812 0.133333 0.975000 0.143750 0.965625 0.150000 0.967187 0.156250 0.971875 0.154167 0.973437 0.158333 0.975000 0.156250 0.979688 0.160417 0.984375 0.158333 0.993750 0.160417 0.998437 0.156250
3 0.307812 0.508333 0.000000 0.583333 0.000000 0.647917 0.301563 0.529167
4 0.910937 0.456250 0.929688 0.502083 0.943750 0.510417 0.940625 0.518750 0.945312 0.527083 0.998437 0.514583 0.998437 0.462500 0.954688 0.464583
4 0.348438 0.437500 0.367188 0.458333 0.370312 0.491667 0.537500 0.506250 0.543750 0.481250 0.578125 0.468750 0.432812 0.456250 0.420312 0.445833 0.420312 0.479167 0.412500 0.445833
4 0.000000 0.279167 0.000000 0.581250 0.306250 0.506250 0.309375 0.445833 0.335938 0.439583 0.310937 0.435417 0.309375 0.406250
5 0.784375 0.237500 0.795312 0.252083 0.803125 0.250000 0.812500 0.264583 0.804688 0.404167 0.807813 0.420833 0.814063 0.258333
5 0.360938 0.000000 0.351562 0.012500 0.335938 0.510417 0.345313 0.508333
7 0.235937 0.333333 0.235937 0.335417 0.239063 0.339583 0.250000 0.345833 0.260937 0.345833 0.262500 0.347917 0.268750 0.347917 0.270313 0.345833 0.270313 0.337500 0.267188 0.337500 0.265625 0.335417 0.248438 0.335417 0.246875 0.333333
8 0.931250 0.454167 0.954688 0.462500 0.998437 0.460417 0.998437 0.422917 0.987500 0.422917 0.973437 0.410417 0.962500 0.410417 0.960938 0.414583 0.948438 0.420833 0.946875 0.429167 0.932813 0.441667
8 0.685937 0.354167 0.676562 0.352083 0.675000 0.347917 0.662500 0.354167 0.650000 0.379167 0.642188 0.375000 0.632812 0.358333 0.623437 0.356250 0.635938 0.379167 0.632812 0.385417 0.634375 0.408333 0.648438 0.408333
8 0.470313 0.289583 0.459375 0.327083 0.423438 0.335417 0.425000 0.366667 0.412500 0.358333 0.398438 0.368750 0.406250 0.381250 0.409375 0.368750 0.417187 0.372917 0.417187 0.475000 0.418750 0.445833 0.431250 0.443750 0.435937 0.410417 0.489063 0.412500
8 0.000000 0.193750 0.000000 0.277083 0.293750 0.400000 0.285938 0.370833 0.234375 0.335417 0.243750 0.320833 0.231250 0.275000 0.214062 0.325000 0.164062 0.258333 0.156250 0.272917 0.109375 0.258333
8 0.000000 0.125000 0.000000 0.150000 0.004687 0.152083 0.003125 0.150000 0.004687 0.147917 0.009375 0.150000 0.018750 0.141667 0.021875 0.143750 0.031250 0.137500 0.035937 0.137500 0.034375 0.129167 0.031250 0.129167 0.029687 0.125000 0.021875 0.125000 0.020313 0.122917 0.015625 0.125000 0.001563 0.122917
10 0.362500 0.000000 0.351562 0.287500 0.396875 0.370833 0.470313 0.287500 0.489063 0.391667 0.571875 0.252083 0.650000 0.377083 0.809375 0.279167 0.784375 0.235417 0.889062 0.402083 0.998437 0.325000 0.998437 0.158333 0.964063 0.152083 0.998437 0.000000
10 0.000000 0.000000 0.000000 0.122917 0.037500 0.133333 0.000000 0.152083 0.000000 0.191667 0.164062 0.256250 0.214062 0.322917 0.226562 0.272917 0.243750 0.308333 0.306250 0.212500 0.342187 0.268750 0.351562 0.000000
13 0.346875 0.441667 0.346875 0.497917 0.351562 0.497917 0.354687 0.493750 0.360938 0.495833 0.362500 0.491667 0.367188 0.491667 0.368750 0.487500 0.368750 0.466667 0.359375 0.447917
13 0.310937 0.445833 0.309375 0.487500 0.326562 0.487500 0.328125 0.491667 0.334375 0.491667 0.335938 0.441667 0.325000 0.441667
13 0.539062 0.489583 0.606250 0.516667 0.617188 0.595833 0.692187 0.612500 0.718750 0.677083 0.810937 0.647917 0.876563 0.693750 0.928125 0.847917 0.998437 0.925000 0.998437 0.516667 0.945312 0.529167 0.890625 0.433333 0.792188 0.416667