0 0.064062 0.997917 0.998437 0.997917 0.998437 0.764583 0.832812 0.691667 0.765625 0.725000 0.584375 0.518750 0.410938 0.502083 0.457813 0.522917
1 0.456250 0.518750 0.395313 0.502083 0.248438 0.583333 0.071875 0.572917 0.000000 0.606250 0.000000 0.997917 0.087500 0.972917
1 0.412500 0.500000 0.564063 0.516667 0.546875 0.508333 0.426563 0.493750
2 0.415625 0.352083 0.412500 0.450000 0.451562 0.454167 0.454688 0.389583 0.448437 0.389583 0.445312 0.400000
2 0.835938 0.343750 0.818750 0.308333 0.804688 0.312500 0.792188 0.322917 0.782813 0.316667 0.781250 0.320833 0.771875 0.320833 0.771875 0.331250 0.765625 0.337500 0.765625 0.377083 0.834375 0.350000
2 0.471875 0.454167 0.581250 0.477083 0.628125 0.454167 0.693750 0.460417 0.760938 0.379167 0.762500 0.337500 0.732812 0.345833 0.653125 0.433333 0.589063 0.295833 0.550000 0.337500 0.518750 0.429167 0.476562 0.431250
2 0.367188 0.264583 0.310937 0.345833 0.310937 0.356250 0.376563 0.404167 0.403125 0.450000 0.407813 0.329167 0.403125 0.312500 0.393750 0.306250 0.392188 0.281250 0.378125 0.279167
2 0.998437 0.131250 0.914062 0.206250 0.867188 0.233333 0.850000 0.260417 0.895312 0.291667 0.893750 0.341667 0.973437 0.339583 0.965625 0.318750 0.976562 0.308333 0.967187 0.291667 0.976562 0.279167 0.990625 0.289583 0.998437 0.277083 0.992188 0.195833
2 0.000000 0.000000 0.000000 0.256250 0.217188 0.300000 0.168750 0.254167 0.173437 0.156250 0.200000 0.125000 0.156250 0.002083
3 0.393750 0.502083 0.256250 0.531250 0.143750 0.527083 0.078125 0.570833 0.248438 0.581250 0.387500 0.518750
4 0.412500 0.452083 0.420312 0.491667 0.554688 0.508333 0.562500 0.487500 0.595313 0.477083 0.515625 0.470833 0.510938 0.456250 0.482812 0.447917 0.473438 0.456250
4 0.128125 0.350000 0.145313 0.393750 0.146875 0.527083 0.256250 0.529167 0.393750 0.500000 0.395313 0.435417 0.256250 0.368750
5 0.423438 0.133333 0.403125 0.506250 0.409375 0.506250
8 0.706250 0.366667 0.696875 0.362500 0.675000 0.391667 0.667188 0.389583 0.659375 0.372917 0.650000 0.370833 0.646875 0.364583 0.629687 0.375000 0.643750 0.404167 0.640625 0.422917 0.653125 0.431250 0.668750 0.422917 0.685937 0.391667
8 0.501563 0.310417 0.492188 0.341667 0.468750 0.345833 0.465625 0.339583 0.459375 0.347917 0.459375 0.379167 0.435937 0.375000 0.445312 0.397917 0.448437 0.387500 0.456250 0.389583 0.453125 0.454167 0.470313 0.452083 0.476562 0.429167 0.517188 0.429167 0.518750 0.408333 0.510938 0.400000
8 0.998437 0.279167 0.998437 0.283333 0.990625 0.291667 0.984375 0.289583 0.979688 0.281250 0.971875 0.285417 0.968750 0.291667 0.978125 0.308333 0.973437 0.316667 0.967187 0.318750 0.968750 0.329167 0.971875 0.331250 0.971875 0.337500 0.975000 0.341667 0.998437 0.341667
8 0.028125 0.264583 0.106250 0.312500 0.126562 0.347917 0.256250 0.366667 0.382812 0.427083 0.376563 0.406250 0.312500 0.362500 0.303125 0.316667 0.281250 0.291667 0.265625 0.325000 0.229687 0.302083
10 0.156250 0.000000 0.201563 0.125000 0.171875 0.260417 0.309375 0.345833 0.368750 0.262500 0.409375 0.333333 0.423438 0.131250 0.417187 0.352083 0.459375 0.377083 0.501563 0.308333 0.514062 0.404167 0.589063 0.293750 0.673438 0.389583 0.760938 0.314583 0.893750 0.339583 0.848437 0.260417 0.998437 0.129167 0.998437 0.000000
13 0.396875 0.450000 0.396875 0.466667 0.395313 0.468750 0.395313 0.495833 0.398438 0.497917 0.403125 0.497917 0.403125 0.452083 0.401562 0.450000
13 0.557813 0.493750 0.589063 0.518750 0.589063 0.558333 0.606250 0.547917 0.618750 0.581250 0.640625 0.562500 0.653125 0.616667 0.735938 0.647917 0.765625 0.722917 0.803125 0.727083 0.832812 0.689583 0.998437 0.762500 0.998437 0.343750 0.835938 0.347917 0.737500 0.395833 0.693750 0.462500 0.628125 0.456250
13 0.004687 0.258333 0.000000 0.604167 0.145313 0.522917 0.151562 0.491667 0.142187 0.385417 0.114062 0.322917