0 0.045312 0.997917 0.998437 0.997917 0.998437 0.833333 0.887500 0.725000 0.809375 0.758333 0.759375 0.612500 0.671875 0.633333 0.595313 0.518750 0.354687 0.502083 0.414062 0.529167
1 0.410938 0.522917 0.323437 0.508333 0.001563 0.666667 0.000000 0.997917 0.051562 0.989583
1 0.354687 0.500000 0.553125 0.514583 0.528125 0.502083 0.450000 0.493750
2 0.357812 0.293750 0.354687 0.439583 0.412500 0.445833 0.414062 0.375000 0.409375 0.372917 0.406250 0.383333 0.392188 0.370833 0.364063 0.316667 0.364063 0.302083
2 0.432812 0.452083 0.623437 0.466667 0.664062 0.425000 0.778125 0.414583 0.785937 0.281250 0.714063 0.316667 0.632812 0.410417 0.565625 0.258333 0.492188 0.368750 0.487500 0.414583 0.432812 0.416667
2 0.070312 0.233333 0.081250 0.245833 0.098437 0.252083 0.100000 0.256250 0.106250 0.256250 0.117188 0.268750 0.131250 0.272917 0.139063 0.279167 0.129688 0.264583 0.112500 0.258333 0.110937 0.254167 0.100000 0.250000 0.084375 0.237500
2 0.309375 0.227083 0.240625 0.337500 0.250000 0.350000 0.279687 0.350000 0.279687 0.362500 0.268750 0.362500 0.301563 0.383333 0.310937 0.412500 0.326562 0.416667 0.326562 0.439583 0.345313 0.439583 0.348438 0.287500 0.340625 0.250000 0.323437 0.247917
2 0.998437 0.087500 0.917188 0.166667 0.979688 0.195833 0.973437 0.310417 0.912500 0.337500 0.873437 0.393750 0.814063 0.268750 0.790625 0.279167 0.785937 0.414583 0.821875 0.425000 0.850000 0.475000 0.884375 0.460417 0.879687 0.429167 0.906250 0.404167 0.935937 0.412500 0.978125 0.347917 0.982812 0.302083 0.996875 0.306250
3 0.321875 0.508333 0.000000 0.593750 0.000000 0.666667 0.310937 0.529167
4 0.821875 0.447917 0.823438 0.454167 0.826562 0.456250 0.826562 0.460417 0.835938 0.481250 0.840625 0.481250 0.842187 0.479167 0.850000 0.477083 0.846875 0.470833 0.846875 0.462500 0.843750 0.452083 0.826562 0.452083 0.825000 0.447917
4 0.354687 0.441667 0.373437 0.464583 0.375000 0.491667 0.534375 0.502083 0.537500 0.481250 0.573438 0.464583 0.446875 0.458333 0.421875 0.445833 0.418750 0.470833 0.414062 0.447917
4 0.000000 0.285417 0.000000 0.591667 0.321875 0.506250 0.325000 0.445833 0.345313 0.443750 0.326562 0.441667 0.317188 0.410417
5 0.760938 0.243750 0.779687 0.256250 0.787500 0.270833 0.779687 0.414583 0.782813 0.418750 0.787500 0.262500 0.778125 0.250000
8 0.759375 0.422917 0.807813 0.429167 0.809375 0.433333 0.814063 0.433333 0.820312 0.445833 0.823438 0.445833 0.825000 0.431250 0.821875 0.427083 0.815625 0.427083 0.812500 0.420833 0.803125 0.420833 0.800000 0.416667 0.784375 0.416667 0.781250 0.420833 0.779687 0.416667
8 0.681250 0.343750 0.665625 0.343750 0.654687 0.354167 0.646875 0.372917 0.640625 0.366667 0.637500 0.368750 0.628125 0.352083 0.612500 0.347917 0.625000 0.375000 0.625000 0.404167 0.632812 0.408333 0.643750 0.404167 0.673438 0.356250 0.681250 0.350000
8 0.998437 0.304167 0.984375 0.302083 0.976562 0.327083 0.979688 0.347917 0.959375 0.364583 0.957812 0.381250 0.939063 0.393750 0.935937 0.414583 0.912500 0.404167 0.881250 0.429167 0.885938 0.460417 0.909375 0.454167 0.998437 0.362500
8 0.467187 0.291667 0.456250 0.327083 0.439063 0.327083 0.434375 0.335417 0.429688 0.325000 0.420312 0.335417 0.421875 0.368750 0.398438 0.364583 0.406250 0.381250 0.409375 0.370833 0.415625 0.375000 0.418750 0.468750 0.418750 0.447917 0.431250 0.443750 0.432812 0.414583 0.485938 0.414583
8 0.000000 0.193750 0.001563 0.285417 0.309375 0.408333 0.240625 0.345833 0.231250 0.281250 0.214062 0.312500 0.185938 0.281250 0.153125 0.289583 0.068750 0.235417 0.110937 0.202083 0.085938 0.202083 0.059375 0.233333
10 0.000000 0.000000 0.000000 0.191667 0.240625 0.327083 0.309375 0.225000 0.348438 0.285417 0.356250 0.029167 0.393750 0.370833 0.467187 0.289583 0.485938 0.391667 0.565625 0.256250 0.643750 0.370833 0.782813 0.283333 0.760938 0.241667 0.873437 0.391667 0.975000 0.304167 0.978125 0.195833 0.915625 0.166667 0.998437 0.000000
13 0.354687 0.447917 0.354687 0.497917 0.362500 0.497917 0.365625 0.495833 0.367188 0.491667 0.373437 0.491667 0.371875 0.464583 0.368750 0.462500 0.360938 0.447917
13 0.326562 0.445833 0.325000 0.452083 0.323437 0.491667 0.345313 0.491667 0.343750 0.447917 0.328125 0.447917
13 0.998437 0.831250 0.998437 0.364583 0.840625 0.483333 0.807813 0.431250 0.728125 0.420833 0.537500 0.483333 0.596875 0.510417 0.598437 0.572917 0.653125 0.579167 0.671875 0.631250 0.759375 0.610417 0.809375 0.756250 0.862500 0.762500 0.887500 0.722917