0 0.000000 0.539583 0.003125 0.575000 0.109375 0.570833 0.109375 0.539583 0.090625 0.543750 0.070312 0.539583 0.006250 0.543750
0 0.956250 0.718750 0.712500 0.585417 0.881250 0.514583 0.132812 0.539583 0.232813 0.625000 0.000000 0.854167 0.000000 0.997917 0.998437 0.997917
1 0.000000 0.852083 0.220312 0.643750 0.228125 0.604167 0.204687 0.583333 0.145313 0.572917 0.129688 0.585417 0.000000 0.572917
1 0.714063 0.572917 0.720313 0.595833 0.954688 0.716667 0.960938 0.672917 0.985938 0.620833 0.889062 0.572917 0.881250 0.533333 0.748437 0.550000
1 0.132812 0.531250 0.132812 0.537500 0.184375 0.537500 0.184375 0.531250 0.181250 0.529167
1 0.029687 0.531250 0.029687 0.539583 0.043750 0.539583 0.045312 0.537500 0.067187 0.537500 0.067187 0.535417 0.064062 0.535417 0.062500 0.531250 0.057813 0.531250 0.054688 0.529167 0.053125 0.525000 0.042188 0.525000 0.040625 0.527083 0.031250 0.529167
1 0.518750 0.527083 0.390625 0.512500 0.240625 0.516667 0.209375 0.535417
1 0.781250 0.518750 0.873437 0.516667 0.875000 0.512500 0.884375 0.512500 0.884375 0.504167 0.881250 0.497917 0.798438 0.497917 0.796875 0.508333 0.785937 0.508333
2 0.840625 0.497917 0.857812 0.497917 0.859375 0.495833 0.864062 0.495833 0.865625 0.493750 0.871875 0.493750 0.871875 0.485417 0.868750 0.481250 0.868750 0.479167 0.865625 0.479167 0.864062 0.477083 0.854688 0.477083 0.845313 0.487500 0.845313 0.491667 0.846875 0.493750 0.843750 0.497917
2 0.998437 0.243750 0.971875 0.254167 0.971875 0.247917 0.956250 0.247917 0.950000 0.252083 0.946875 0.262500 0.928125 0.270833 0.926562 0.314583 0.931250 0.314583 0.939063 0.297917 0.937500 0.285417 0.946875 0.277083 0.979688 0.279167 0.982812 0.287500 0.998437 0.295833
2 0.103125 0.216667 0.034375 0.316667 0.050000 0.341667 0.053125 0.391667 0.000000 0.387500 0.000000 0.425000 0.023438 0.429167 0.035937 0.445833 0.107813 0.443750
2 0.346875 0.400000 0.348438 0.456250 0.651563 0.464583 0.690625 0.425000 0.785937 0.422917 0.798438 0.495833 0.804688 0.454167 0.885938 0.445833 0.845313 0.364583 0.918750 0.322917 0.918750 0.275000 0.875000 0.316667 0.812500 0.189583 0.682813 0.268750 0.603125 0.368750 0.517188 0.181250 0.425000 0.333333 0.420312 0.397917
2 0.148438 0.143750 0.125000 0.181250 0.129688 0.443750 0.325000 0.443750 0.320312 0.293750 0.309375 0.379167 0.215625 0.225000 0.214062 0.189583 0.185938 0.185417
3 0.882812 0.533333 0.884375 0.564583 0.901563 0.579167 0.937500 0.589583 0.981250 0.612500 0.989062 0.612500 0.998437 0.600000 0.998437 0.566667 0.926562 0.552083
3 0.432812 0.500000 0.432812 0.512500 0.440625 0.514583 0.448437 0.512500 0.493750 0.514583 0.492188 0.502083 0.489063 0.500000 0.443750 0.502083 0.435937 0.493750
4 0.131250 0.447917 0.217188 0.452083 0.242188 0.514583 0.492188 0.500000 0.501563 0.477083 0.551562 0.452083
4 0.107813 0.445833 0.073438 0.439583 0.056250 0.447917 0.035937 0.447917 0.039062 0.495833 0.042188 0.502083 0.053125 0.506250 0.064062 0.487500 0.107813 0.468750
4 0.998437 0.400000 0.903125 0.416667 0.884375 0.450000 0.857812 0.462500 0.804688 0.456250 0.800000 0.495833 0.839063 0.497917 0.864062 0.475000 0.885938 0.504167 0.885938 0.535417 0.998437 0.564583
5 0.857812 0.062500 0.857812 0.079167 0.903125 0.070833 0.923438 0.093750 0.920312 0.320833 0.928125 0.087500 0.910937 0.066667
5 0.104688 0.000000 0.109375 0.581250 0.129688 0.583333 0.123438 0.004167
8 0.048438 0.358333 0.045312 0.356250 0.043750 0.358333 0.039062 0.358333 0.035937 0.362500 0.031250 0.364583 0.031250 0.366667 0.034375 0.368750 0.034375 0.372917 0.031250 0.375000 0.031250 0.377083 0.034375 0.379167 0.032813 0.383333 0.032813 0.391667 0.043750 0.391667 0.045312 0.393750 0.051562 0.391667 0.051562 0.385417 0.050000 0.383333 0.050000 0.362500
8 0.632812 0.329167 0.623437 0.322917 0.614062 0.322917 0.612500 0.320833 0.609375 0.322917 0.606250 0.329167 0.600000 0.333333 0.598437 0.364583 0.607812 0.366667 0.609375 0.362500 0.614062 0.362500 0.615625 0.354167 0.621875 0.347917
8 0.271875 0.285417 0.271875 0.289583 0.267188 0.291667 0.265625 0.297917 0.275000 0.314583 0.278125 0.316667 0.287500 0.337500 0.290625 0.339583 0.293750 0.335417 0.290625 0.331250 0.292187 0.322917 0.282813 0.318750 0.285938 0.316667 0.287500 0.302083 0.284375 0.300000 0.279687 0.285417
8 0.998437 0.297917 0.979688 0.281250 0.946875 0.279167 0.932813 0.314583 0.901563 0.331250 0.887500 0.358333 0.865625 0.327083 0.865625 0.370833 0.846875 0.364583 0.856250 0.402083 0.868750 0.404167 0.885938 0.435417 0.903125 0.414583 0.998437 0.397917
8 0.396875 0.268750 0.379688 0.320833 0.365625 0.316667 0.360938 0.331250 0.356250 0.316667 0.346875 0.327083 0.351562 0.362500 0.339062 0.354167 0.326562 0.360417 0.326562 0.435417 0.335938 0.454167 0.345313 0.454167 0.346875 0.397917 0.420312 0.395833
10 0.123438 0.000000 0.125000 0.179167 0.212500 0.185417 0.309375 0.377083 0.318750 0.291667 0.345313 0.362500 0.396875 0.266667 0.418750 0.383333 0.517188 0.179167 0.598437 0.331250 0.812500 0.187500 0.876563 0.314583 0.921875 0.093750 0.857812 0.060417 0.929688 0.087500 0.928125 0.268750 0.998437 0.241667 0.998437 0.000000
10 0.103125 0.000000 0.000000 0.000000 0.007812 0.391667 0.031250 0.391667 0.029687 0.364583 0.048438 0.356250 0.032813 0.316667 0.106250 0.210417
13 0.998437 0.602083 0.962500 0.672917 0.954688 0.731250 0.960938 0.814583 0.998437 0.864583
13 0.107813 0.470833 0.064062 0.489583 0.059375 0.502083 0.054688 0.504167 0.054688 0.527083 0.062500 0.529167 0.076563 0.541667 0.090625 0.541667 0.100000 0.531250 0.109375 0.531250
13 0.131250 0.456250 0.132812 0.529167 0.181250 0.527083 0.185938 0.537500 0.201563 0.537500 0.212500 0.529167 0.228125 0.529167 0.240625 0.514583 0.234375 0.475000 0.217188 0.454167 0.151562 0.450000
13 0.000000 0.427083 0.000000 0.537500 0.020313 0.541667 0.028125 0.537500 0.031250 0.527083 0.042188 0.522917 0.034375 0.445833 0.023438 0.431250
13 0.785937 0.425000 0.681250 0.431250 0.635938 0.485417 0.618750 0.447917 0.570312 0.441667 0.501563 0.479167 0.493750 0.506250 0.521875 0.529167 0.545312 0.516667 0.623437 0.527083 0.632812 0.506250 0.654687 0.522917 0.739062 0.522917 0.750000 0.510417 0.775000 0.522917 0.796875 0.506250