0 0.850000 0.393750 0.164062 0.639583 0.075000 0.716667 0.000000 0.706250 0.000000 0.997917 0.785937 0.997917 0.673438 0.633333
1 0.220312 0.614583 0.204687 0.604167 0.176563 0.602083 0.168750 0.556250 0.146875 0.560417 0.145313 0.568750 0.156250 0.593750 0.156250 0.616667 0.128125 0.637500 0.128125 0.654167 0.212500 0.622917
1 0.593750 0.477083 0.578125 0.462500 0.532813 0.477083 0.498437 0.479167 0.495312 0.483333 0.498437 0.502083 0.484375 0.516667
1 0.793750 0.397917 0.764062 0.402083 0.731250 0.416667 0.715625 0.418750 0.717187 0.429167
1 0.850000 0.391667 0.695312 0.575000 0.675000 0.633333 0.682813 0.741667 0.787500 0.997917 0.998437 0.997917 0.998437 0.539583 0.884375 0.389583
2 0.709375 0.364583 0.692187 0.281250 0.604688 0.277083 0.585938 0.206250 0.482812 0.254167 0.420312 0.093750 0.253125 0.208333 0.164062 0.333333 0.084375 0.308333 0.098437 0.243750 0.000000 0.118750 0.000000 0.425000 0.096875 0.464583 0.220312 0.460417 0.328125 0.362500 0.470313 0.362500 0.487500 0.418750 0.532813 0.341667
3 0.900000 0.404167 0.903125 0.416667 0.954688 0.491667 0.998437 0.537500 0.996875 0.477083
4 0.218750 0.462500 0.203125 0.458333 0.100000 0.468750 0.125000 0.493750 0.139063 0.522917 0.143750 0.556250 0.168750 0.554167 0.176563 0.504167
4 0.651563 0.400000 0.589063 0.400000 0.492188 0.416667 0.487500 0.427083 0.493750 0.477083 0.576562 0.462500 0.587500 0.439583 0.607812 0.443750 0.640625 0.435417
4 0.715625 0.414583 0.717187 0.416667 0.731250 0.414583 0.745313 0.406250 0.759375 0.402083 0.759375 0.385417 0.751563 0.383333 0.720313 0.385417 0.717187 0.389583
4 0.998437 0.275000 0.959375 0.291667 0.914062 0.337500 0.882812 0.352083 0.892188 0.360417 0.892188 0.404167 0.904687 0.402083 0.998437 0.481250
5 0.871875 0.039583 0.870313 0.079167 0.873437 0.091667 0.873437 0.133333 0.876563 0.147917 0.879687 0.143750 0.879687 0.108333
5 0.987500 0.000000 0.995313 0.062500 0.998437 0.229167 0.998437 0.000000
8 0.515625 0.410417 0.653125 0.397917 0.659375 0.383333 0.689063 0.375000 0.679688 0.375000 0.676562 0.354167 0.664062 0.347917 0.640625 0.354167 0.639062 0.377083 0.631250 0.379167 0.592187 0.350000 0.557813 0.343750 0.542188 0.358333 0.532813 0.343750 0.525000 0.393750
8 0.993750 0.127083 0.950000 0.133333 0.929688 0.106250 0.809375 0.172917 0.804688 0.225000 0.771875 0.233333 0.781250 0.318750 0.762500 0.341667 0.745313 0.322917 0.723437 0.368750 0.695312 0.372917 0.715625 0.408333 0.728125 0.381250 0.806250 0.393750 0.807813 0.350000 0.812500 0.393750 0.881250 0.385417 0.885938 0.345833 0.996875 0.277083
10 0.000000 0.000000 0.001563 0.120833 0.100000 0.243750 0.084375 0.306250 0.143750 0.327083 0.420312 0.091667 0.482812 0.252083 0.585938 0.204167 0.723437 0.366667 0.806250 0.175000 0.873437 0.145833 0.871875 0.037500 0.881250 0.141667 0.993750 0.125000 0.985938 0.000000
13 0.000000 0.427083 0.000000 0.704167 0.018750 0.695833 0.043750 0.716667 0.095312 0.706250 0.121875 0.672917 0.126562 0.637500 0.154688 0.616667 0.137500 0.522917 0.082812 0.443750
13 0.709375 0.385417 0.701562 0.375000 0.659375 0.385417 0.642188 0.425000 0.642188 0.435417 0.635938 0.437500 0.639062 0.441667 0.632812 0.454167 0.643750 0.454167 0.660937 0.464583 0.670312 0.445833 0.692187 0.447917 0.700000 0.435417 0.712500 0.439583 0.715625 0.416667
13 0.470313 0.364583 0.342187 0.362500 0.278125 0.387500 0.178125 0.504167 0.176563 0.600000 0.228125 0.616667 0.271875 0.595833 0.306250 0.612500 0.345313 0.564583 0.445312 0.531250 0.473438 0.543750 0.496875 0.489583
14 0.637500 0.439583 0.615625 0.441667 0.607812 0.445833 0.600000 0.445833 0.598437 0.441667 0.587500 0.441667 0.585938 0.452083 0.581250 0.456250 0.581250 0.460417 0.590625 0.468750 0.592187 0.475000 0.598437 0.475000 0.604688 0.458333 0.629687 0.456250 0.631250 0.447917