0 0.762500 0.997917 0.626563 0.727083 0.560937 0.460417 0.582812 0.435417 0.000000 0.714583 0.000000 0.997917
1 0.371875 0.493750 0.320312 0.520833 0.314063 0.545833 0.278125 0.535417 0.006250 0.587500 0.010937 0.639583 0.029687 0.666667 0.023438 0.695833 0.367188 0.518750
1 0.501563 0.447917 0.500000 0.445833 0.498437 0.447917 0.487500 0.447917 0.479687 0.454167 0.468750 0.456250 0.464062 0.460417 0.456250 0.462500 0.457813 0.472917 0.468750 0.466667 0.478125 0.464583 0.495312 0.450000
1 0.562500 0.447917 0.623437 0.614583 0.628125 0.727083 0.679688 0.781250 0.760938 0.995833 0.998437 0.997917 0.996875 0.587500
2 0.801562 0.000000 0.779687 0.104167 0.807813 0.100000 0.823438 0.120833 0.828125 0.225000 0.792188 0.266667 0.826562 0.247917 0.840625 0.293750 0.998437 0.214583 0.998437 0.000000
2 0.000000 0.000000 0.006250 0.585417 0.037500 0.579167 0.032813 0.491667 0.201563 0.439583 0.209375 0.356250 0.432812 0.414583 0.395313 0.293750 0.328125 0.310417 0.298438 0.212500 0.140625 0.247917 0.025000 0.000000
3 0.265625 0.535417 0.260937 0.520833 0.257812 0.525000 0.242188 0.525000 0.240625 0.529167 0.206250 0.535417 0.206250 0.547917 0.201563 0.554167 0.214062 0.554167 0.217188 0.550000 0.235937 0.547917 0.237500 0.543750 0.246875 0.543750 0.248438 0.539583
3 0.634375 0.447917 0.998437 0.589583 0.996875 0.510417
4 0.381250 0.443750 0.221875 0.450000 0.032813 0.493750 0.039062 0.579167 0.200000 0.554167 0.209375 0.531250 0.259375 0.518750 0.273438 0.535417 0.304688 0.495833 0.373437 0.491667
4 0.451562 0.431250 0.453125 0.435417 0.453125 0.443750 0.456250 0.452083 0.456250 0.460417 0.464062 0.458333 0.468750 0.454167 0.479687 0.452083 0.482812 0.447917 0.481250 0.443750 0.481250 0.431250
4 0.998437 0.216667 0.604688 0.395833 0.596875 0.439583 0.998437 0.512500
5 0.584375 0.097917 0.600000 0.318750 0.590625 0.118750
8 0.179688 0.456250 0.360938 0.437500 0.384375 0.450000 0.409375 0.414583 0.392188 0.389583 0.367188 0.393750 0.360938 0.420833 0.304688 0.368750 0.293750 0.377083 0.264062 0.360417 0.220312 0.379167 0.209375 0.358333 0.203125 0.439583 0.187500 0.439583
8 0.840625 0.270833 0.765625 0.268750 0.754687 0.204167 0.695312 0.179167 0.653125 0.229167 0.596875 0.208333 0.600000 0.320833 0.590625 0.214583 0.537500 0.229167 0.485938 0.291667 0.498437 0.377083 0.434375 0.414583 0.517188 0.443750 0.520312 0.400000 0.525000 0.441667 0.553125 0.437500 0.554688 0.391667 0.557813 0.437500 0.581250 0.433333 0.585938 0.316667 0.595313 0.404167
10 0.026562 0.000000 0.140625 0.245833 0.298438 0.210417 0.328125 0.308333 0.396875 0.293750 0.432812 0.412500 0.496875 0.377083 0.515625 0.239583 0.590625 0.212500 0.584375 0.095833 0.620313 0.235417 0.725000 0.175000 0.765625 0.266667 0.826562 0.225000 0.821875 0.120833 0.778125 0.104167 0.800000 0.000000
13 0.000000 0.550000 0.000000 0.712500 0.021875 0.700000 0.028125 0.666667 0.009375 0.639583
13 0.442188 0.416667 0.417187 0.416667 0.390625 0.433333 0.376563 0.485417 0.387500 0.491667 0.389062 0.477083 0.401562 0.485417 0.404687 0.525000 0.398438 0.527083 0.392188 0.512500 0.381250 0.514583 0.403125 0.527083 0.410938 0.500000 0.434375 0.502083 0.443750 0.483333 0.454688 0.487500 0.454688 0.452083
14 0.339062 0.504167 0.328125 0.504167 0.323437 0.508333 0.317188 0.495833 0.304688 0.497917 0.298438 0.504167 0.290625 0.520833 0.279687 0.520833 0.275000 0.535417 0.296875 0.533333 0.307812 0.543750 0.314063 0.543750 0.318750 0.539583 0.318750 0.520833
14 0.375000 0.481250 0.373437 0.497917 0.367188 0.502083 0.368750 0.518750 0.379688 0.514583 0.382812 0.510417 0.387500 0.512500 0.392188 0.510417 0.396875 0.516667 0.396875 0.522917 0.403125 0.525000 0.403125 0.497917 0.400000 0.485417 0.395313 0.479167 0.389062 0.479167 0.389062 0.491667 0.379688 0.493750