0 0.648438 0.414583 0.168750 0.639583 0.115625 0.727083 0.051562 0.681250 0.000000 0.702083 0.000000 0.997917 0.771875 0.997917 0.620313 0.435417
1 0.389062 0.520833 0.354687 0.508333 0.318750 0.525000 0.192188 0.541667 0.204687 0.595833 0.195312 0.622917
1 0.623437 0.425000 0.653125 0.612500 0.771875 0.995833 0.998437 0.997917 0.998437 0.541667 0.665625 0.416667
2 0.857812 0.000000 0.843750 0.066667 0.873437 0.060417 0.892188 0.083333 0.896875 0.193750 0.876563 0.220833 0.893750 0.214583 0.904687 0.250000 0.998437 0.197917 0.998437 0.000000
2 0.000000 0.031250 0.000000 0.322917 0.135937 0.343750 0.179688 0.481250 0.281250 0.441667 0.300000 0.350000 0.495312 0.393750 0.457813 0.281250 0.393750 0.300000 0.364063 0.208333 0.235937 0.254167 0.121875 0.000000
3 0.348438 0.508333 0.340625 0.502083 0.320312 0.504167 0.318750 0.508333 0.304688 0.508333 0.296875 0.512500 0.293750 0.522917 0.289062 0.525000 0.318750 0.522917 0.320312 0.518750 0.328125 0.518750 0.332813 0.514583 0.342187 0.512500 0.343750 0.506250 0.346875 0.510417
3 0.690625 0.425000 0.998437 0.539583 0.998437 0.470833
4 0.450000 0.431250 0.339062 0.431250 0.207813 0.458333 0.182812 0.483333 0.189062 0.533333 0.287500 0.527083 0.300000 0.508333 0.332813 0.500000 0.353125 0.508333 0.356250 0.491667 0.382812 0.472917 0.400000 0.481250 0.442188 0.466667
4 0.514062 0.412500 0.515625 0.429167 0.518750 0.435417 0.518750 0.441667 0.525000 0.439583 0.529687 0.435417 0.537500 0.433333 0.539062 0.429167 0.543750 0.429167 0.543750 0.414583 0.542188 0.412500 0.535937 0.412500 0.534375 0.410417
4 0.650000 0.381250 0.642188 0.379167 0.640625 0.383333 0.631250 0.383333 0.629687 0.385417 0.632812 0.395833 0.632812 0.402083 0.635938 0.408333 0.634375 0.410417 0.628125 0.410417 0.628125 0.412500 0.634375 0.412500 0.642188 0.408333 0.642188 0.397917 0.645312 0.389583 0.650000 0.385417
4 0.998437 0.200000 0.764062 0.333333 0.664062 0.368750 0.656250 0.406250 0.676562 0.425000 0.998437 0.468750
5 0.643750 0.072917 0.640625 0.079167 0.643750 0.081250 0.648438 0.179167 0.656250 0.243750 0.653125 0.154167
8 0.284375 0.439583 0.437500 0.420833 0.451562 0.429167 0.471875 0.393750 0.465625 0.379167 0.437500 0.375000 0.425000 0.404167 0.420312 0.393750 0.409375 0.400000 0.382812 0.364583 0.368750 0.368750 0.346875 0.354167 0.310937 0.375000 0.300000 0.352083
8 0.901563 0.237500 0.815625 0.229167 0.817187 0.177083 0.787500 0.154167 0.707812 0.208333 0.662500 0.177083 0.656250 0.245833 0.642188 0.187500 0.570312 0.227083 0.573438 0.268750 0.546875 0.272917 0.560937 0.356250 0.495312 0.395833 0.545312 0.429167 0.607812 0.383333 0.614062 0.414583 0.615625 0.352083 0.621875 0.414583 0.650000 0.379167 0.646875 0.291667 0.660937 0.377083
10 0.123438 0.000000 0.235937 0.252083 0.364063 0.206250 0.393750 0.297917 0.459375 0.281250 0.495312 0.391667 0.559375 0.356250 0.570312 0.225000 0.650000 0.193750 0.643750 0.070833 0.684375 0.204167 0.764062 0.152083 0.818750 0.177083 0.820312 0.229167 0.895312 0.193750 0.889062 0.079167 0.842187 0.066667 0.856250 0.000000
10 0.000000 0.029167 0.012500 0.039583 0.020313 0.037500 0.026562 0.029167 0.035937 0.029167 0.037500 0.022917 0.046875 0.022917 0.050000 0.016667 0.084375 0.000000 0.000000 0.000000
13 0.504687 0.400000 0.485938 0.397917 0.460938 0.408333 0.445312 0.450000 0.445312 0.475000 0.453125 0.487500 0.448437 0.491667 0.459375 0.491667 0.467187 0.502083 0.475000 0.477083 0.498437 0.477083 0.506250 0.462500 0.517188 0.466667 0.517188 0.435417
13 0.000000 0.325000 0.000000 0.700000 0.051562 0.679167 0.081250 0.725000 0.131250 0.716667 0.157812 0.685417 0.164062 0.643750 0.203125 0.610417 0.135937 0.345833
14 0.451562 0.487500 0.445312 0.481250 0.443750 0.456250 0.442188 0.468750 0.421875 0.470833 0.400000 0.483333 0.390625 0.472917 0.382812 0.475000 0.368750 0.493750 0.356250 0.493750 0.354687 0.502083 0.356250 0.506250 0.373437 0.506250 0.384375 0.518750 0.392188 0.518750 0.398438 0.497917 0.418750 0.491667 0.421875 0.500000 0.429688 0.500000