0 0.789062 0.997917 0.543750 0.485417 0.000000 0.643750 0.000000 0.997917
1 0.321875 0.510417 0.262500 0.525000 0.246875 0.560417 0.185938 0.535417 0.000000 0.539583 0.000000 0.641667 0.323437 0.537500 0.309375 0.531250
1 0.534375 0.497917 0.790625 0.997917 0.998437 0.997917 0.998437 0.712500 0.585938 0.497917
2 0.857812 0.000000 0.796875 0.179167 0.846875 0.208333 0.843750 0.287500 0.785937 0.350000 0.842187 0.339583 0.856250 0.402083 0.998437 0.366667 0.998437 0.000000
2 0.000000 0.000000 0.000000 0.418750 0.114062 0.418750 0.139063 0.304167 0.157812 0.337500 0.260937 0.345833 0.325000 0.420833 0.342187 0.391667 0.403125 0.431250 0.371875 0.300000 0.298438 0.302083 0.271875 0.185417 0.168750 0.168750 0.082812 0.195833
3 0.623437 0.512500 0.998437 0.704167 0.996875 0.639583 0.731250 0.547917 0.723437 0.497917 0.715625 0.539583
3 0.309375 0.472917 0.309375 0.481250 0.307812 0.483333 0.307812 0.506250 0.304688 0.508333 0.321875 0.508333 0.321875 0.502083 0.318750 0.500000 0.318750 0.481250 0.314063 0.477083 0.314063 0.472917
3 0.451562 0.464583 0.450000 0.462500 0.445312 0.462500 0.442188 0.458333 0.437500 0.458333 0.435937 0.481250 0.434375 0.483333 0.426563 0.483333 0.425000 0.479167 0.425000 0.485417 0.426563 0.487500 0.432812 0.487500 0.434375 0.485417 0.440625 0.485417 0.445312 0.481250 0.451562 0.481250
3 0.573438 0.456250 0.571875 0.495833 0.585938 0.495833 0.587500 0.497917 0.587500 0.456250
3 0.592187 0.450000 0.592187 0.510417 0.604688 0.510417 0.603125 0.487500 0.601562 0.493750 0.598437 0.487500 0.598437 0.450000
3 0.000000 0.420833 0.000000 0.537500 0.157812 0.539583 0.189062 0.525000 0.184375 0.512500 0.104688 0.514583 0.103125 0.422917
4 0.104688 0.512500 0.223438 0.516667 0.234375 0.495833 0.254688 0.495833 0.260937 0.512500 0.301563 0.510417 0.309375 0.470833 0.318750 0.479167 0.325000 0.462500 0.329688 0.502083 0.343750 0.458333 0.315625 0.445833 0.309375 0.462500 0.309375 0.441667 0.104688 0.420833
4 0.998437 0.368750 0.600000 0.452083 0.600000 0.487500 0.620313 0.520833 0.704688 0.537500 0.723437 0.495833 0.731250 0.545833 0.998437 0.639583
8 0.126562 0.318750 0.115625 0.418750 0.342187 0.445833 0.345313 0.458333 0.359375 0.433333 0.376563 0.433333 0.375000 0.406250 0.334375 0.397917 0.326562 0.422917 0.315625 0.406250 0.300000 0.410417 0.290625 0.372917 0.278125 0.383333 0.260937 0.347917 0.248438 0.358333 0.195312 0.325000 0.157812 0.339583 0.139063 0.306250
8 0.587500 0.264583 0.500000 0.277083 0.496875 0.320833 0.467187 0.320833 0.475000 0.412500 0.445312 0.422917 0.432812 0.404167 0.409375 0.433333 0.453125 0.481250 0.490625 0.481250 0.493750 0.437500 0.495312 0.481250 0.526563 0.483333 0.529687 0.414583 0.529687 0.483333 0.543750 0.483333 0.545312 0.439583 0.556250 0.483333 0.570312 0.368750 0.573438 0.454167 0.587500 0.454167
8 0.857812 0.366667 0.842187 0.341667 0.785937 0.352083 0.768750 0.327083 0.778125 0.277083 0.751563 0.237500 0.690625 0.239583 0.662500 0.277083 0.625000 0.281250 0.621875 0.302083 0.593750 0.270833 0.593750 0.447917 0.845313 0.408333
10 0.009375 0.000000 0.082812 0.193750 0.271875 0.183333 0.298438 0.300000 0.373437 0.300000 0.404687 0.431250 0.473438 0.412500 0.500000 0.275000 0.585938 0.262500 0.589063 0.131250 0.617188 0.300000 0.710938 0.233333 0.760938 0.245833 0.782813 0.345833 0.842187 0.287500 0.845313 0.208333 0.795312 0.179167 0.856250 0.000000
13 0.410938 0.435417 0.359375 0.435417 0.331250 0.483333 0.329688 0.514583 0.335938 0.527083 0.328125 0.533333 0.356250 0.556250 0.368750 0.522917 0.385937 0.520833 0.390625 0.529167 0.400000 0.529167 0.406250 0.512500 0.421875 0.516667 0.423438 0.472917 0.418750 0.445833
14 0.348438 0.500000 0.345313 0.504167 0.342187 0.504167 0.340625 0.518750 0.339062 0.520833 0.339062 0.529167 0.342187 0.531250 0.343750 0.537500 0.354687 0.547917 0.357812 0.537500 0.357812 0.510417 0.356250 0.510417 0.353125 0.504167
14 0.187500 0.537500 0.220312 0.539583 0.225000 0.547917 0.231250 0.543750 0.237500 0.558333 0.246875 0.558333 0.254688 0.547917 0.251563 0.533333 0.256250 0.527083 0.292187 0.512500 0.260937 0.514583 0.254688 0.497917 0.234375 0.497917 0.228125 0.502083 0.223438 0.518750 0.220312 0.512500 0.192188 0.520833