0 0.000000 0.597917 0.000000 0.997917 0.831250 0.997917 0.512500 0.508333 0.237500 0.541667 0.198437 0.625000 0.148438 0.581250
1 0.500000 0.518750 0.828125 0.993750 0.998437 0.997917 0.996875 0.791667 0.575000 0.547917 0.573438 0.525000
1 0.364063 0.510417 0.375000 0.506250 0.387500 0.506250 0.389062 0.502083 0.409375 0.500000 0.412500 0.497917 0.412500 0.489583 0.407813 0.487500 0.400000 0.489583 0.368750 0.487500 0.364063 0.489583
2 0.604688 0.425000 0.609375 0.431250 0.607812 0.445833 0.623437 0.427083 0.650000 0.429167 0.664062 0.439583 0.671875 0.454167 0.673438 0.472917 0.684375 0.464583 0.684375 0.452083 0.662500 0.416667 0.654687 0.412500 0.639062 0.418750 0.631250 0.412500 0.629687 0.397917
2 0.000000 0.054167 0.000000 0.222917 0.020313 0.212500 0.092188 0.268750 0.123438 0.254167 0.157812 0.318750 0.178125 0.302083 0.184375 0.360417 0.248438 0.393750 0.301563 0.370833 0.317188 0.414583 0.350000 0.422917 0.320312 0.268750 0.220312 0.252083 0.190625 0.087500 0.090625 0.070833 0.054688 0.039583 0.045312 0.064583
2 0.964063 0.000000 0.890625 0.147917 0.967187 0.185417 0.960938 0.339583 0.925000 0.345833 0.914062 0.320833 0.912500 0.379167 0.950000 0.362500 0.990625 0.402083 0.970313 0.458333 0.982812 0.460417 0.998437 0.458333 0.998437 0.000000
3 0.956250 0.639583 0.950000 0.670833 0.953125 0.702083 0.967187 0.700000 0.976562 0.679167 0.984375 0.683333 0.985938 0.693750 0.990625 0.695833 0.984375 0.702083 0.985938 0.710417 0.995313 0.714583 0.996875 0.700000 0.992188 0.695833 0.996875 0.691667 0.989062 0.664583 0.982812 0.656250 0.973437 0.654167 0.970313 0.639583
3 0.642188 0.581250 0.717187 0.622917 0.714063 0.606250 0.717187 0.600000 0.679688 0.581250 0.662500 0.581250 0.657813 0.585417
3 0.546875 0.479167 0.546875 0.520833 0.550000 0.522917 0.570312 0.522917 0.570312 0.516667 0.568750 0.514583 0.570312 0.508333 0.570312 0.483333 0.568750 0.479167
3 0.362500 0.456250 0.364063 0.487500 0.368750 0.485417 0.375000 0.487500 0.395313 0.487500 0.392188 0.483333 0.392188 0.477083 0.395313 0.472917 0.395313 0.462500 0.390625 0.462500 0.384375 0.458333 0.373437 0.458333 0.371875 0.456250 0.367188 0.458333
4 0.998437 0.760417 0.998437 0.460417 0.590625 0.472917 0.582812 0.550000 0.712500 0.593750 0.728125 0.631250
4 0.000000 0.362500 0.000000 0.475000 0.007812 0.485417 0.092188 0.477083 0.100000 0.420833 0.109375 0.425000 0.107813 0.483333 0.204687 0.487500 0.215625 0.464583 0.206250 0.458333 0.220312 0.437500 0.206250 0.414583
5 0.548438 0.362500 0.540625 0.522917 0.545312 0.520833
5 0.595313 0.079167 0.575000 0.545833 0.603125 0.095833
8 0.595313 0.343750 0.590625 0.343750 0.590625 0.362500 0.589063 0.364583 0.589063 0.397917 0.595313 0.389583 0.595313 0.385417 0.600000 0.381250 0.600000 0.360417 0.598437 0.358333 0.598437 0.347917
8 0.351562 0.425000 0.409375 0.487500 0.446875 0.491667 0.451562 0.445833 0.451562 0.491667 0.482812 0.500000 0.490625 0.427083 0.490625 0.500000 0.510938 0.502083 0.514062 0.456250 0.523438 0.502083 0.548438 0.360417 0.546875 0.477083 0.570312 0.479167 0.573438 0.522917 0.578125 0.458333 0.556250 0.452083 0.578125 0.433333 0.582812 0.312500 0.560937 0.275000 0.468750 0.272917 0.457813 0.325000 0.428125 0.316667 0.431250 0.422917 0.390625 0.402083
8 0.000000 0.225000 0.000000 0.360417 0.206250 0.412500 0.221875 0.437500 0.207813 0.460417 0.268750 0.410417 0.315625 0.414583 0.301563 0.372917 0.265625 0.370833 0.248438 0.395833 0.184375 0.362500 0.176563 0.302083 0.157812 0.320833 0.123438 0.256250 0.092188 0.270833 0.020313 0.214583
8 0.990625 0.406250 0.950000 0.364583 0.912500 0.381250 0.890625 0.329167 0.920312 0.293750 0.904687 0.183333 0.814063 0.164583 0.746875 0.220833 0.681250 0.225000 0.664062 0.279167 0.632812 0.291667 0.631250 0.408333 0.685937 0.464583 0.623437 0.429167 0.584375 0.470833 0.950000 0.466667
9 0.806250 0.672917 0.998437 0.791667 0.996875 0.760417 0.981250 0.760417 0.962500 0.743750 0.939063 0.743750 0.860938 0.689583
10 0.000000 0.000000 0.190625 0.085417 0.221875 0.252083 0.320312 0.266667 0.365625 0.431250 0.431250 0.420833 0.468750 0.270833 0.582812 0.310417 0.593750 0.077083 0.587500 0.454167 0.631250 0.291667 0.793750 0.166667 0.904687 0.181250 0.892188 0.329167 0.959375 0.339583 0.965625 0.185417 0.889062 0.143750 0.962500 0.000000
13 0.539062 0.479167 0.537500 0.479167 0.535937 0.483333 0.531250 0.483333 0.526563 0.491667 0.526563 0.495833 0.525000 0.497917 0.525000 0.508333 0.531250 0.518750 0.535937 0.518750 0.539062 0.512500 0.539062 0.487500 0.540625 0.485417
13 0.210938 0.477083 0.225000 0.504167 0.226562 0.550000 0.237500 0.539583 0.298438 0.539583 0.314063 0.554167 0.331250 0.529167 0.345313 0.525000 0.348438 0.537500 0.360938 0.529167 0.360938 0.456250 0.342187 0.416667 0.264062 0.414583
14 0.000000 0.477083 0.000000 0.595833 0.148438 0.579167 0.185938 0.622917 0.215625 0.600000 0.221875 0.497917 0.107813 0.485417 0.106250 0.422917 0.096875 0.425000 0.092188 0.479167 0.007812 0.487500