0 0.000000 0.727083 0.000000 0.997917 0.850000 0.997917 0.517188 0.504167 0.350000 0.512500
1 0.264062 0.566667 0.250000 0.556250 0.182812 0.552083 0.171875 0.562500 0.110937 0.570833 0.101562 0.606250 0.087500 0.593750 0.070312 0.604167 0.065625 0.660417
1 0.503125 0.520833 0.846875 0.993750 0.998437 0.997917 0.998437 0.768750 0.600000 0.560417 0.595313 0.529167
1 0.425000 0.487500 0.409375 0.483333 0.378125 0.489583 0.350000 0.487500 0.350000 0.510417 0.412500 0.495833 0.418750 0.487500
2 0.600000 0.414583 0.598437 0.414583 0.596875 0.422917 0.589063 0.422917 0.587500 0.429167 0.582812 0.433333 0.578125 0.431250 0.573438 0.433333 0.562500 0.447917 0.565625 0.452083 0.598437 0.454167
2 0.610938 0.414583 0.609375 0.454167 0.651563 0.418750 0.681250 0.414583 0.687500 0.429167 0.701562 0.433333 0.709375 0.466667 0.734375 0.462500 0.759375 0.477083 0.743750 0.404167 0.725000 0.391667 0.693750 0.400000 0.645312 0.381250
2 0.001563 0.000000 0.001563 0.204167 0.064062 0.204167 0.104688 0.289583 0.121875 0.250000 0.140625 0.335417 0.228125 0.377083 0.273438 0.345833 0.348438 0.414583 0.342187 0.316667 0.321875 0.310417 0.314063 0.250000 0.201563 0.229167 0.164062 0.031250
3 0.675000 0.558333 0.675000 0.600000 0.907813 0.720833 0.998437 0.737500 0.992188 0.720833 0.682813 0.583333
3 0.557813 0.477083 0.556250 0.479167 0.554688 0.522917 0.556250 0.525000 0.575000 0.525000 0.578125 0.527083 0.579688 0.525000 0.579688 0.508333 0.581250 0.506250 0.581250 0.479167
3 0.354687 0.447917 0.354687 0.487500 0.378125 0.487500 0.401562 0.481250 0.403125 0.462500 0.398438 0.462500 0.392188 0.456250 0.385937 0.456250 0.384375 0.452083 0.378125 0.452083 0.376563 0.447917
4 0.603125 0.468750 0.600000 0.558333 0.670312 0.589583 0.675000 0.556250 0.682813 0.581250 0.998437 0.725000 0.998437 0.483333
4 0.000000 0.479167 0.076563 0.487500 0.084375 0.512500 0.101562 0.516667 0.114062 0.450000 0.115625 0.508333 0.129688 0.512500 0.121875 0.481250 0.135937 0.497917 0.146875 0.462500 0.196875 0.406250 0.000000 0.347917
5 0.114062 0.452083 0.109375 0.462500 0.109375 0.481250 0.107813 0.483333 0.107813 0.502083 0.106250 0.504167 0.106250 0.516667 0.107813 0.518750 0.112500 0.516667 0.114062 0.512500 0.114062 0.500000 0.115625 0.497917 0.117188 0.458333
5 0.559375 0.362500 0.553125 0.475000 0.550000 0.477083 0.550000 0.522917 0.553125 0.522917
8 0.746875 0.477083 0.746875 0.468750 0.734375 0.464583 0.709375 0.468750 0.707812 0.447917 0.700000 0.443750 0.700000 0.433333 0.687500 0.431250 0.681250 0.416667 0.673438 0.422917 0.651563 0.420833 0.637500 0.439583 0.607812 0.456250 0.604688 0.466667 0.635938 0.477083 0.670312 0.479167 0.678125 0.470833
8 0.339062 0.414583 0.350000 0.485417 0.376563 0.445833 0.446875 0.487500 0.453125 0.439583 0.453125 0.487500 0.487500 0.497917 0.493750 0.420833 0.492188 0.497917 0.517188 0.502083 0.520312 0.454167 0.521875 0.506250 0.551562 0.475000 0.559375 0.360417 0.556250 0.475000 0.595313 0.527083 0.598437 0.456250 0.560937 0.447917 0.596875 0.420833 0.604688 0.341667 0.568750 0.264583 0.468750 0.260417 0.462500 0.310417 0.428125 0.304167 0.431250 0.416667
8 0.000000 0.204167 0.000000 0.345833 0.145313 0.383333 0.164062 0.404167 0.306250 0.391667 0.273438 0.347917 0.228125 0.379167 0.200000 0.347917 0.179688 0.358333 0.126562 0.322917 0.121875 0.252083 0.104688 0.291667 0.064062 0.206250
8 0.998437 0.029167 0.939063 0.041667 0.915625 0.104167 0.821875 0.141667 0.773438 0.129167 0.742188 0.225000 0.721875 0.202083 0.693750 0.237500 0.685937 0.391667 0.743750 0.402083 0.760938 0.477083 0.998437 0.481250
9 0.914062 0.722917 0.921875 0.727083 0.926562 0.735417 0.954688 0.747917 0.975000 0.766667 0.979688 0.762500 0.998437 0.766667 0.996875 0.754167 0.976562 0.747917 0.967187 0.731250
10 0.045312 0.000000 0.164062 0.029167 0.203125 0.229167 0.314063 0.247917 0.365625 0.427083 0.431250 0.414583 0.468750 0.258333 0.568750 0.262500 0.604688 0.335417 0.620313 0.014583 0.612500 0.414583 0.684375 0.389583 0.692187 0.237500 0.773438 0.127083 0.998437 0.027083
13 0.548438 0.479167 0.539062 0.479167 0.534375 0.489583 0.531250 0.491667 0.531250 0.495833 0.529687 0.497917 0.529687 0.508333 0.532813 0.510417 0.537500 0.518750 0.542188 0.518750 0.548438 0.514583
13 0.337500 0.416667 0.242188 0.387500 0.198437 0.410417 0.140625 0.479167 0.137500 0.522917 0.167187 0.545833 0.073438 0.587500 0.028125 0.716667 0.067187 0.652083 0.068750 0.604167 0.101562 0.604167 0.110937 0.568750 0.182812 0.550000 0.284375 0.568750 0.312500 0.533333 0.340625 0.543750
14 0.137500 0.500000 0.078125 0.525000 0.071875 0.500000 0.056250 0.493750 0.067187 0.487500 0.000000 0.481250 0.000000 0.725000 0.032813 0.708333 0.073438 0.585417 0.092188 0.566667 0.101562 0.575000 0.165625 0.545833 0.160938 0.529167 0.135937 0.522917