0 0.000000 0.610417 0.000000 0.997917 0.818750 0.997917 0.495312 0.502083 0.235937 0.550000 0.217188 0.612500 0.176563 0.566667
1 0.484375 0.514583 0.815625 0.993750 0.998437 0.997917 0.996875 0.768750 0.551562 0.516667
1 0.400000 0.493750 0.396875 0.493750 0.395313 0.489583 0.381250 0.489583 0.379688 0.493750 0.368750 0.493750 0.367188 0.497917 0.365625 0.495833 0.357812 0.495833 0.353125 0.497917 0.353125 0.510417 0.351562 0.512500 0.367188 0.506250 0.379688 0.506250 0.381250 0.502083 0.396875 0.500000 0.400000 0.497917
2 0.585938 0.416667 0.585938 0.420833 0.589063 0.422917 0.589063 0.429167 0.592187 0.429167 0.595313 0.422917 0.609375 0.422917 0.615625 0.418750 0.623437 0.418750 0.628125 0.427083 0.631250 0.427083 0.629687 0.414583 0.625000 0.414583 0.623437 0.410417 0.618750 0.408333 0.609375 0.410417 0.607812 0.414583 0.604688 0.414583 0.593750 0.406250
2 0.000000 0.087500 0.000000 0.250000 0.014063 0.266667 0.028125 0.247917 0.096875 0.297917 0.121875 0.281250 0.156250 0.343750 0.175000 0.333333 0.179688 0.381250 0.235937 0.406250 0.250000 0.379167 0.281250 0.379167 0.303125 0.425000 0.335938 0.429167 0.301563 0.277083 0.204687 0.266667 0.171875 0.110417 0.073438 0.097917 0.031250 0.066667 0.029687 0.091667
2 0.893750 0.000000 0.825000 0.154167 0.889062 0.191667 0.885938 0.302083 0.867188 0.333333 0.828125 0.339583 0.831250 0.366667 0.870313 0.345833 0.907813 0.383333 0.892188 0.439583 0.935937 0.435417 0.934375 0.406250 0.948438 0.435417 0.981250 0.433333 0.998437 0.366667 0.998437 0.000000
3 0.832812 0.677083 0.893750 0.702083 0.923438 0.702083 0.956250 0.725000 0.998437 0.727083 0.998437 0.706250 0.876563 0.654167 0.859375 0.650000 0.889062 0.681250 0.881250 0.693750 0.860938 0.675000
3 0.528125 0.472917 0.528125 0.506250 0.526563 0.508333 0.528125 0.514583 0.546875 0.516667 0.548438 0.514583 0.548438 0.475000 0.546875 0.472917
3 0.350000 0.460417 0.353125 0.495833 0.357812 0.493750 0.367188 0.495833 0.368750 0.491667 0.379688 0.491667 0.381250 0.487500 0.390625 0.487500 0.389062 0.485417 0.389062 0.466667 0.375000 0.464583 0.371875 0.460417 0.360938 0.460417 0.359375 0.458333
4 0.998437 0.704167 0.998437 0.433333 0.570312 0.468750 0.565625 0.539583 0.810937 0.668750 0.887500 0.689583 0.860938 0.647917
4 0.000000 0.495833 0.048438 0.506250 0.145313 0.497917 0.184375 0.512500 0.190625 0.497917 0.207813 0.497917 0.212500 0.475000 0.245312 0.437500 0.000000 0.387500
5 0.526563 0.364583 0.521875 0.470833 0.523438 0.516667 0.526563 0.514583
8 0.998437 0.368750 0.995313 0.372917 0.992188 0.385417 0.992188 0.404167 0.987500 0.408333 0.984375 0.420833 0.979688 0.425000 0.982812 0.431250 0.996875 0.431250 0.998437 0.427083
8 0.565625 0.312500 0.562500 0.318750 0.562500 0.416667 0.571875 0.418750 0.571875 0.412500 0.564063 0.404167 0.564063 0.393750 0.570312 0.391667 0.571875 0.385417 0.576562 0.383333 0.581250 0.358333 0.576562 0.339583 0.565625 0.331250 0.568750 0.322917 0.568750 0.312500
8 0.339062 0.431250 0.392188 0.487500 0.432812 0.491667 0.435937 0.445833 0.437500 0.491667 0.470313 0.495833 0.475000 0.429167 0.475000 0.497917 0.495312 0.495833 0.492188 0.447917 0.506250 0.497917 0.526563 0.362500 0.528125 0.470833 0.550000 0.475000 0.551562 0.514583 0.548438 0.281250 0.448437 0.275000 0.437500 0.327083 0.409375 0.322917 0.415625 0.420833 0.375000 0.404167
8 0.000000 0.252083 0.000000 0.385417 0.235937 0.435417 0.301563 0.422917 0.281250 0.381250 0.250000 0.381250 0.235937 0.408333 0.215625 0.385417 0.179688 0.383333 0.173437 0.333333 0.156250 0.345833 0.121875 0.283333 0.096875 0.300000 0.067187 0.270833 0.037500 0.272917 0.028125 0.250000 0.017188 0.268750
8 0.907813 0.385417 0.870313 0.347917 0.832812 0.370833 0.814063 0.325000 0.834375 0.300000 0.818750 0.202083 0.718750 0.193750 0.710938 0.229167 0.632812 0.239583 0.589063 0.322917 0.593750 0.402083 0.632812 0.427083 0.575000 0.433333 0.560937 0.464583 0.890625 0.437500
9 0.850000 0.687500 0.998437 0.768750 0.998437 0.729167 0.932813 0.720833
10 0.000000 0.000000 0.003125 0.087500 0.171875 0.108333 0.206250 0.266667 0.301563 0.275000 0.348438 0.433333 0.414062 0.420833 0.448437 0.272917 0.556250 0.304167 0.562500 0.091667 0.562500 0.445833 0.590625 0.304167 0.721875 0.189583 0.820312 0.202083 0.823438 0.335417 0.884375 0.302083 0.887500 0.191667 0.823438 0.154167 0.892188 0.000000
13 0.520312 0.477083 0.515625 0.477083 0.512500 0.479167 0.512500 0.481250 0.507812 0.487500 0.507812 0.506250 0.510938 0.506250 0.514062 0.512500 0.517188 0.512500 0.520312 0.510417
13 0.214062 0.491667 0.237500 0.504167 0.237500 0.547917 0.314063 0.550000 0.320312 0.533333 0.334375 0.527083 0.337500 0.537500 0.346875 0.537500 0.348438 0.460417 0.340625 0.435417 0.326562 0.425000 0.256250 0.427083 0.221875 0.468750
14 0.235937 0.504167 0.212500 0.493750 0.218750 0.475000 0.184375 0.514583 0.145313 0.500000 0.000000 0.497917 0.000000 0.608333 0.176563 0.564583 0.187500 0.606250 0.217188 0.610417 0.232813 0.577083