0 0.000000 0.577083 0.000000 0.997917 0.859375 0.997917 0.489063 0.543750 0.504687 0.508333 0.385937 0.483333
1 0.487500 0.533333 0.860938 0.997917 0.998437 0.997917 0.998437 0.770833 0.725000 0.654167 0.715625 0.556250
1 0.378125 0.481250 0.087500 0.493750 0.081250 0.539583 0.076563 0.493750 0.000000 0.493750 0.000000 0.575000
2 0.560937 0.418750 0.556250 0.420833 0.553125 0.431250 0.546875 0.431250 0.543750 0.445833 0.537500 0.441667 0.535937 0.445833 0.525000 0.450000 0.526563 0.466667 0.520312 0.475000 0.521875 0.481250 0.523438 0.477083 0.532813 0.472917 0.540625 0.456250 0.543750 0.456250 0.560937 0.437500
2 0.567187 0.427083 0.567187 0.435417 0.634375 0.445833 0.703125 0.439583 0.726562 0.447917 0.734375 0.395833 0.701562 0.387500 0.696875 0.366667 0.687500 0.383333 0.687500 0.368750 0.673438 0.377083 0.639062 0.362500 0.596875 0.406250 0.598437 0.431250 0.578125 0.435417
2 0.756250 0.393750 0.753125 0.454167 0.781250 0.452083 0.793750 0.431250 0.787500 0.406250 0.875000 0.343750 0.956250 0.350000 0.968750 0.412500 0.987500 0.418750 0.984375 0.487500 0.998437 0.491667 0.998437 0.314583 0.890625 0.337500 0.881250 0.308333 0.868750 0.341667
2 0.000000 0.108333 0.001563 0.281250 0.064062 0.300000 0.092188 0.260417 0.153125 0.264583 0.179688 0.295833 0.187500 0.360417 0.285938 0.391667 0.276562 0.270833 0.235937 0.258333 0.221875 0.156250
3 0.726562 0.450000 0.720313 0.462500 0.701562 0.462500 0.703125 0.441667 0.650000 0.447917 0.665625 0.458333 0.657813 0.493750 0.612500 0.493750 0.604688 0.475000 0.570312 0.470833 0.568750 0.543750 0.723437 0.558333
3 0.848437 0.437500 0.832812 0.437500 0.829688 0.458333 0.753125 0.456250 0.745313 0.658333 0.784375 0.689583 0.845313 0.695833 0.853125 0.531250 0.865625 0.485417 0.848437 0.466667
3 0.273438 0.425000 0.268750 0.481250 0.290625 0.483333 0.334375 0.475000 0.332813 0.447917 0.321875 0.450000 0.314063 0.462500 0.279687 0.464583 0.279687 0.425000
3 0.195312 0.408333 0.198437 0.450000 0.195312 0.454167 0.190625 0.443750 0.193750 0.485417 0.242188 0.483333 0.235937 0.418750 0.231250 0.416667 0.232813 0.437500 0.220312 0.450000 0.212500 0.445833 0.220312 0.435417 0.223438 0.414583 0.209375 0.406250
4 0.867188 0.485417 0.854688 0.531250 0.846875 0.697917 0.998437 0.768750 0.998437 0.493750
4 0.279687 0.462500 0.314063 0.460417 0.325000 0.445833 0.334375 0.447917 0.334375 0.441667 0.326562 0.441667 0.320312 0.435417 0.310937 0.433333 0.298438 0.435417 0.293750 0.431250 0.290625 0.435417 0.284375 0.435417 0.281250 0.431250
5 0.095312 0.375000 0.089063 0.375000 0.085938 0.391667 0.084375 0.443750 0.078125 0.477083 0.078125 0.537500 0.082812 0.531250
5 0.523438 0.202083 0.570312 0.264583 0.554688 0.539583 0.565625 0.545833 0.571875 0.260417
5 0.773438 0.000000 0.753125 0.008333 0.721875 0.647917 0.735938 0.654167
7 0.093750 0.295833 0.087500 0.318750 0.089063 0.333333 0.093750 0.341667 0.084375 0.347917 0.082812 0.366667 0.085938 0.375000 0.095312 0.372917 0.098437 0.377083 0.106250 0.377083 0.107813 0.352083 0.101562 0.347917 0.110937 0.337500 0.114062 0.329167 0.114062 0.314583 0.107813 0.295833
8 0.559375 0.441667 0.557813 0.441667 0.556250 0.445833 0.550000 0.450000 0.543750 0.458333 0.540625 0.458333 0.535937 0.470833 0.537500 0.472917 0.548438 0.472917 0.550000 0.475000 0.551562 0.475000 0.553125 0.470833 0.557813 0.470833 0.557813 0.464583 0.559375 0.462500
8 0.570312 0.435417 0.570312 0.468750 0.604688 0.472917 0.609375 0.477083 0.612500 0.491667 0.657813 0.491667 0.664062 0.472917 0.664062 0.458333 0.648438 0.447917
8 0.985938 0.418750 0.967187 0.412500 0.956250 0.352083 0.875000 0.345833 0.800000 0.389583 0.782813 0.452083 0.829688 0.456250 0.832812 0.435417 0.848437 0.435417 0.851562 0.470833 0.870313 0.485417 0.982812 0.487500
8 0.573438 0.266667 0.568750 0.414583 0.575000 0.404167 0.587500 0.402083 0.576562 0.391667 0.575000 0.375000 0.582812 0.370833 0.598437 0.343750 0.592187 0.312500 0.576562 0.300000 0.584375 0.281250
8 0.568750 0.264583 0.434375 0.206250 0.421875 0.270833 0.382812 0.258333 0.387500 0.393750 0.318750 0.420833 0.187500 0.362500 0.153125 0.266667 0.000000 0.281250 0.000000 0.491667 0.076563 0.491667 0.103125 0.287500 0.087500 0.491667 0.192188 0.485417 0.209375 0.404167 0.250000 0.479167 0.279687 0.422917 0.404687 0.483333 0.410938 0.425000 0.454688 0.495833 0.459375 0.425000 0.457813 0.495833 0.504687 0.502083 0.506250 0.433333 0.514062 0.502083
10 0.775000 0.000000 0.756250 0.391667 0.868750 0.339583 0.881250 0.306250 0.890625 0.335417 0.996875 0.318750 0.998437 0.000000
10 0.000000 0.000000 0.000000 0.106250 0.225000 0.158333 0.304688 0.412500 0.385937 0.393750 0.390625 0.243750 0.523438 0.200000 0.600000 0.335417 0.565625 0.433333 0.639062 0.360417 0.734375 0.393750 0.753125 0.000000
13 0.548438 0.475000 0.534375 0.472917 0.523438 0.479167 0.518750 0.487500 0.515625 0.500000 0.515625 0.512500 0.521875 0.520833 0.521875 0.527083 0.529687 0.529167 0.531250 0.525000 0.548438 0.527083 0.548438 0.483333 0.551562 0.481250