0 0.000000 0.702083 0.000000 0.997917 0.859375 0.997917 0.515625 0.504167 0.337500 0.514583
1 0.212500 0.572917 0.162500 0.566667 0.131250 0.583333 0.106250 0.577083 0.053125 0.593750 0.037500 0.637500 0.025000 0.639583 0.020313 0.618750 0.004687 0.627083 0.000000 0.700000 0.078125 0.654167 0.184375 0.612500 0.207813 0.593750
1 0.501563 0.518750 0.860938 0.997917 0.998437 0.997917 0.998437 0.754167 0.598437 0.556250 0.596875 0.522917
1 0.418750 0.485417 0.396875 0.481250 0.360938 0.489583 0.337500 0.487500 0.335938 0.514583 0.357812 0.506250 0.368750 0.506250 0.370312 0.502083 0.404687 0.495833
2 0.603125 0.416667 0.598437 0.418750 0.585938 0.414583 0.579688 0.427083 0.570312 0.427083 0.560937 0.439583 0.560937 0.443750 0.565625 0.445833 0.590625 0.445833 0.600000 0.450000
2 0.612500 0.408333 0.612500 0.450000 0.659375 0.408333 0.687500 0.404167 0.695312 0.422917 0.709375 0.425000 0.717187 0.456250 0.729688 0.450000 0.753125 0.466667 0.779687 0.464583 0.775000 0.441667 0.782813 0.429167 0.764062 0.389583 0.756250 0.389583 0.751563 0.406250 0.701562 0.391667 0.698438 0.375000 0.675000 0.383333 0.643750 0.372917
2 0.000000 0.000000 0.000000 0.179167 0.067187 0.283333 0.068750 0.250000 0.092188 0.239583 0.101562 0.329167 0.218750 0.377083 0.257812 0.341667 0.342187 0.414583 0.303125 0.243750 0.184375 0.225000 0.142187 0.018750
3 0.689063 0.556250 0.684375 0.600000 0.998437 0.752083 0.996875 0.706250 0.695312 0.581250
3 0.554688 0.470833 0.554688 0.520833 0.590625 0.520833 0.587500 0.512500 0.579688 0.506250 0.581250 0.475000
3 0.348438 0.447917 0.346875 0.487500 0.395313 0.481250 0.395313 0.462500 0.387500 0.462500 0.384375 0.458333 0.376563 0.464583 0.368750 0.462500 0.365625 0.468750 0.357812 0.464583 0.357812 0.460417 0.356250 0.462500 0.353125 0.458333 0.353125 0.447917
4 0.582812 0.483333 0.582812 0.497917 0.581250 0.500000 0.581250 0.506250 0.587500 0.510417 0.592187 0.520833 0.596875 0.520833 0.596875 0.516667 0.598437 0.514583 0.598437 0.489583 0.593750 0.485417 0.584375 0.485417
4 0.604688 0.489583 0.606250 0.558333 0.682813 0.589583 0.689063 0.554167 0.695312 0.579167 0.998437 0.706250 0.998437 0.464583 0.615625 0.468750
4 0.354687 0.447917 0.354687 0.458333 0.356250 0.460417 0.357812 0.458333 0.359375 0.460417 0.359375 0.464583 0.362500 0.466667 0.365625 0.466667 0.368750 0.460417 0.370312 0.462500 0.373437 0.460417 0.376563 0.462500 0.379688 0.458333 0.382812 0.458333 0.384375 0.456250 0.385937 0.456250 0.387500 0.460417 0.387500 0.456250 0.381250 0.456250 0.379688 0.452083 0.373437 0.452083 0.371875 0.447917
4 0.000000 0.358333 0.000000 0.491667 0.040625 0.491667 0.043750 0.508333 0.051562 0.477083 0.054688 0.518750 0.071875 0.522917 0.060937 0.485417 0.078125 0.506250 0.089063 0.493750 0.089063 0.529167 0.100000 0.527083 0.101562 0.477083 0.131250 0.443750 0.132812 0.391667
5 0.556250 0.352083 0.546875 0.518750 0.553125 0.520833
5 0.626563 0.000000 0.614062 0.002083 0.598437 0.554167
8 0.751563 0.466667 0.746875 0.456250 0.729688 0.452083 0.717187 0.458333 0.707812 0.425000 0.695312 0.425000 0.687500 0.406250 0.656250 0.412500 0.637500 0.437500 0.610938 0.452083 0.609375 0.460417 0.640625 0.470833 0.685937 0.470833 0.692187 0.460417
8 0.592187 0.302083 0.560937 0.254167 0.464062 0.254167 0.454688 0.308333 0.421875 0.300000 0.428125 0.412500 0.326562 0.414583 0.335938 0.485417 0.371875 0.445833 0.442188 0.487500 0.446875 0.437500 0.446875 0.487500 0.482812 0.491667 0.489063 0.412500 0.489063 0.491667 0.514062 0.495833 0.517188 0.447917 0.525000 0.497917 0.556250 0.350000 0.554688 0.468750 0.598437 0.487500 0.600000 0.452083 0.559375 0.443750 0.595313 0.414583
8 0.000000 0.181250 0.000000 0.356250 0.131250 0.387500 0.132812 0.441667 0.203125 0.383333 0.295312 0.387500 0.257812 0.343750 0.223438 0.379167 0.118750 0.343750 0.092188 0.318750 0.090625 0.239583 0.070312 0.250000 0.067187 0.285417
8 0.998437 0.000000 0.976562 0.000000 0.971875 0.050000 0.896875 0.056250 0.873437 0.097917 0.807813 0.072917 0.768750 0.191667 0.742188 0.164583 0.714063 0.202083 0.700000 0.364583 0.759375 0.381250 0.781250 0.466667 0.998437 0.462500
10 0.604688 0.364583 0.604688 0.366667 0.601562 0.368750 0.600000 0.377083 0.596875 0.379167 0.595313 0.383333 0.589063 0.385417 0.587500 0.389583 0.589063 0.393750 0.589063 0.402083 0.592187 0.402083 0.596875 0.408333 0.596875 0.414583 0.598437 0.416667 0.603125 0.414583 0.603125 0.375000 0.604688 0.372917
10 0.612500 0.406250 0.643750 0.370833 0.751563 0.404167 0.751563 0.377083 0.698438 0.364583 0.712500 0.202083 0.742188 0.162500 0.767188 0.191667 0.807813 0.070833 0.873437 0.095833 0.896875 0.054167 0.971875 0.047917 0.975000 0.000000 0.628125 0.000000
10 0.046875 0.000000 0.143750 0.018750 0.185938 0.225000 0.303125 0.241667 0.359375 0.429167 0.382812 0.391667 0.426563 0.412500 0.420312 0.300000 0.454688 0.306250 0.464062 0.252083 0.560937 0.252083 0.604688 0.347917 0.614062 0.000000
13 0.546875 0.472917 0.537500 0.472917 0.531250 0.479167 0.529687 0.483333 0.526563 0.502083 0.528125 0.506250 0.531250 0.508333 0.531250 0.512500 0.532813 0.512500 0.534375 0.516667 0.537500 0.516667 0.540625 0.512500 0.545312 0.512500 0.545312 0.504167 0.546875 0.502083
13 0.325000 0.414583 0.296875 0.389583 0.182812 0.395833 0.104688 0.472917 0.098437 0.579167 0.164062 0.564583 0.259375 0.581250 0.300000 0.537500 0.329688 0.547917 0.335938 0.487500
14 0.089063 0.495833 0.078125 0.508333 0.059375 0.487500 0.073438 0.522917 0.050000 0.514583 0.043750 0.535417 0.040625 0.493750 0.000000 0.493750 0.000000 0.620833 0.021875 0.616667 0.037500 0.635417 0.053125 0.591667 0.101562 0.575000 0.101562 0.541667 0.087500 0.529167