0 0.809375 0.997917 0.496875 0.500000 0.248438 0.550000 0.228125 0.608333 0.162500 0.575000 0.000000 0.616667 0.000000 0.997917
1 0.000000 0.583333 0.000000 0.614583 0.007812 0.614583 0.014063 0.610417 0.020313 0.610417 0.021875 0.606250 0.025000 0.606250 0.015625 0.600000 0.014063 0.593750 0.009375 0.589583 0.009375 0.583333
1 0.487500 0.512500 0.810937 0.997917 0.998437 0.997917 0.998437 0.766667 0.551562 0.514583
1 0.412500 0.489583 0.382812 0.489583 0.381250 0.493750 0.370312 0.493750 0.368750 0.497917 0.359375 0.495833 0.356250 0.497917 0.354687 0.512500 0.368750 0.506250 0.379688 0.506250 0.381250 0.502083 0.396875 0.500000 0.403125 0.495833 0.404687 0.491667 0.412500 0.491667
2 0.621875 0.410417 0.615625 0.408333 0.604688 0.414583 0.593750 0.410417 0.587500 0.397917 0.590625 0.385417 0.584375 0.379167 0.584375 0.372917 0.589063 0.406250 0.582812 0.414583 0.576562 0.406250 0.578125 0.412500 0.573438 0.418750 0.565625 0.416667 0.562500 0.420833 0.562500 0.443750 0.573438 0.429167 0.582812 0.431250 0.592187 0.418750 0.609375 0.418750
2 0.000000 0.097917 0.000000 0.245833 0.018750 0.268750 0.045312 0.254167 0.109375 0.308333 0.132812 0.289583 0.157812 0.343750 0.179688 0.337500 0.185938 0.383333 0.245312 0.408333 0.253125 0.381250 0.285938 0.377083 0.306250 0.425000 0.337500 0.429167 0.329688 0.333333 0.310937 0.331250 0.304688 0.281250 0.207813 0.268750 0.176563 0.118750 0.079687 0.108333 0.040625 0.079167 0.035937 0.102083
2 0.998437 0.000000 0.884375 0.000000 0.820312 0.147917 0.879687 0.191667 0.870313 0.325000 0.823438 0.335417 0.820312 0.360417 0.868750 0.343750 0.898438 0.383333 0.884375 0.433333 0.920312 0.429167 0.921875 0.397917 0.943750 0.416667 0.968750 0.358333 0.982812 0.372917 0.967187 0.412500 0.998437 0.397917
3 0.885938 0.656250 0.890625 0.668750 0.904687 0.683333 0.929688 0.689583 0.945312 0.700000 0.962500 0.697917 0.979688 0.704167 0.998437 0.700000 0.989062 0.691667 0.953125 0.681250 0.928125 0.666667
3 0.620313 0.562500 0.673438 0.591667 0.681250 0.591667 0.687500 0.581250 0.721875 0.589583 0.687500 0.577083 0.665625 0.562500 0.640625 0.558333 0.640625 0.570833
3 0.807813 0.547917 0.804688 0.562500 0.804688 0.620833 0.809375 0.629167 0.821875 0.627083 0.831250 0.631250 0.832812 0.597917 0.829688 0.593750 0.825000 0.595833 0.820312 0.589583 0.821875 0.583333 0.817187 0.579167 0.817187 0.570833 0.814063 0.568750 0.814063 0.560417 0.810937 0.558333
3 0.529687 0.468750 0.528125 0.512500 0.554688 0.512500 0.554688 0.529167 0.559375 0.535417 0.571875 0.535417 0.575000 0.468750 0.568750 0.462500 0.557813 0.464583 0.554688 0.510417 0.551562 0.468750
3 0.353125 0.462500 0.356250 0.495833 0.368750 0.495833 0.370312 0.491667 0.393750 0.487500 0.392188 0.466667 0.378125 0.464583 0.375000 0.460417 0.357812 0.460417 0.367188 0.466667 0.367188 0.479167 0.364063 0.481250 0.360938 0.468750 0.354687 0.466667
4 0.998437 0.695833 0.998437 0.425000 0.576562 0.468750 0.570312 0.537500 0.717187 0.583333 0.682813 0.595833 0.846875 0.683333 0.943750 0.704167 0.896875 0.654167
4 0.000000 0.514583 0.010937 0.497917 0.062500 0.497917 0.073438 0.527083 0.107813 0.520833 0.092188 0.508333 0.162500 0.502083 0.168750 0.529167 0.178125 0.502083 0.218750 0.497917 0.220312 0.477083 0.253125 0.439583 0.000000 0.391667
8 0.998437 0.400000 0.967187 0.414583 0.965625 0.406250 0.978125 0.395833 0.981250 0.372917 0.975000 0.360417 0.968750 0.360417 0.956250 0.379167 0.956250 0.400000 0.943750 0.418750 0.926562 0.400000 0.920312 0.402083 0.925000 0.420833 0.921875 0.429167 0.998437 0.422917
8 0.564063 0.304167 0.562500 0.418750 0.576562 0.412500 0.567187 0.402083 0.567187 0.393750 0.575000 0.387500 0.581250 0.366667 0.576562 0.337500 0.565625 0.331250 0.570312 0.312500
8 0.548438 0.281250 0.450000 0.275000 0.439063 0.327083 0.412500 0.316667 0.418750 0.420833 0.385937 0.427083 0.378125 0.404167 0.342187 0.431250 0.350000 0.456250 0.434375 0.491667 0.437500 0.443750 0.437500 0.491667 0.471875 0.495833 0.476562 0.414583 0.476562 0.495833 0.496875 0.495833 0.496875 0.452083 0.506250 0.495833 0.528125 0.360417 0.529687 0.466667 0.553125 0.477083 0.537500 0.447917 0.553125 0.425000
8 0.000000 0.247917 0.000000 0.389583 0.226562 0.435417 0.304688 0.425000 0.285938 0.379167 0.231250 0.408333 0.223438 0.387500 0.185938 0.385417 0.178125 0.337500 0.157812 0.345833 0.132812 0.291667 0.109375 0.310417 0.082812 0.281250 0.054688 0.281250 0.045312 0.256250 0.028125 0.275000
8 0.896875 0.383333 0.865625 0.343750 0.820312 0.366667 0.825000 0.341667 0.803125 0.322917 0.825000 0.295833 0.818750 0.237500 0.793750 0.191667 0.712500 0.195833 0.706250 0.233333 0.628125 0.243750 0.590625 0.302083 0.589063 0.397917 0.623437 0.412500 0.570312 0.433333 0.560937 0.460417 0.875000 0.435417
9 0.853125 0.685417 0.998437 0.764583 0.998437 0.702083 0.917188 0.706250
10 0.000000 0.000000 0.000000 0.095833 0.176563 0.116667 0.209375 0.268750 0.304688 0.279167 0.354687 0.435417 0.417187 0.420833 0.450000 0.272917 0.556250 0.300000 0.559375 0.095833 0.582812 0.412500 0.589063 0.302083 0.712500 0.193750 0.809375 0.206250 0.815625 0.335417 0.875000 0.297917 0.876563 0.187500 0.817187 0.154167 0.882812 0.000000
13 0.521875 0.475000 0.520312 0.477083 0.515625 0.477083 0.512500 0.479167 0.509375 0.487500 0.509375 0.491667 0.507812 0.493750 0.507812 0.500000 0.510938 0.502083 0.515625 0.510417 0.518750 0.510417 0.521875 0.506250 0.521875 0.491667 0.523438 0.489583 0.523438 0.477083
13 0.225000 0.497917 0.246875 0.504167 0.245312 0.550000 0.289062 0.541667 0.318750 0.550000 0.331250 0.527083 0.353125 0.529167 0.353125 0.466667 0.340625 0.431250 0.332813 0.427083 0.259375 0.431250 0.229687 0.470833
14 0.245312 0.504167 0.223438 0.497917 0.229687 0.472917 0.218750 0.500000 0.178125 0.504167 0.168750 0.531250 0.162500 0.504167 0.092188 0.510417 0.109375 0.520833 0.073438 0.529167 0.062500 0.500000 0.010937 0.500000 0.000000 0.516667 0.000000 0.581250 0.037500 0.606250 0.071875 0.583333 0.192188 0.572917 0.228125 0.606250 0.243750 0.575000