0 0.000000 0.627083 0.000000 0.997917 0.854688 0.997917 0.481250 0.535417 0.493750 0.504167 0.360938 0.489583 0.170313 0.539583 0.132812 0.625000
1 0.479687 0.522917 0.853125 0.995833 0.998437 0.997917 0.998437 0.785417 0.935937 0.758333 0.923438 0.720833 0.646875 0.604167 0.645312 0.541667
1 0.445312 0.493750 0.353125 0.477083 0.170313 0.489583 0.170313 0.537500 0.370312 0.485417
2 0.542188 0.435417 0.539062 0.435417 0.539062 0.439583 0.537500 0.441667 0.528125 0.441667 0.525000 0.450000 0.520312 0.450000 0.520312 0.454167 0.521875 0.456250 0.521875 0.466667 0.529687 0.466667 0.529687 0.464583 0.532813 0.462500 0.532813 0.458333 0.537500 0.454167 0.537500 0.447917 0.540625 0.443750
2 0.670312 0.368750 0.667188 0.454167 0.685937 0.454167 0.689063 0.443750 0.687500 0.420833 0.706250 0.393750 0.687500 0.387500 0.682813 0.368750 0.678125 0.372917
2 0.654687 0.375000 0.623437 0.364583 0.582812 0.410417 0.565625 0.408333 0.554688 0.422917 0.550000 0.420833 0.546875 0.435417 0.650000 0.450000
2 0.998437 0.439583 0.978125 0.429167 0.998437 0.402083 0.998437 0.316667 0.976562 0.320833 0.967187 0.283333 0.953125 0.322917 0.859375 0.339583 0.859375 0.316667 0.848437 0.312500 0.839063 0.343750 0.776563 0.372917 0.796875 0.379167 0.803125 0.402083 0.821875 0.397917 0.818750 0.425000 0.837500 0.418750 0.835938 0.445833 0.862500 0.479167 0.935937 0.479167 0.932813 0.456250
2 0.000000 0.000000 0.000000 0.237500 0.112500 0.304167 0.184375 0.295833 0.206250 0.320833 0.210938 0.375000 0.289062 0.395833 0.279687 0.283333 0.245312 0.270833 0.232813 0.181250 0.046875 0.145833
3 0.546875 0.470833 0.545312 0.533333 0.645312 0.539583 0.646875 0.520833 0.639062 0.518750 0.631250 0.497917 0.626563 0.497917 0.618750 0.514583 0.584375 0.493750 0.582812 0.472917
3 0.337500 0.445833 0.326562 0.447917 0.312500 0.462500 0.304688 0.462500 0.301563 0.466667 0.293750 0.466667 0.289062 0.450000 0.287500 0.454167 0.284375 0.447917 0.281250 0.475000 0.278125 0.481250 0.273438 0.481250 0.301563 0.483333 0.339062 0.475000
3 0.979688 0.456250 0.932813 0.458333 0.939063 0.502083 0.926562 0.735417 0.935937 0.756250 0.998437 0.777083 0.989062 0.714583 0.998437 0.441667
3 0.715625 0.441667 0.709375 0.458333 0.665625 0.456250 0.693750 0.460417 0.703125 0.479167 0.709375 0.472917 0.706250 0.581250 0.712500 0.606250 0.700000 0.618750 0.679688 0.608333 0.679688 0.622917 0.715625 0.622917 0.726562 0.454167
3 0.223438 0.416667 0.221875 0.443750 0.218750 0.445833 0.220312 0.485417 0.254688 0.485417 0.264062 0.481250 0.259375 0.477083 0.259375 0.460417 0.256250 0.458333 0.256250 0.437500 0.253125 0.427083 0.245312 0.427083 0.239063 0.418750 0.229687 0.414583
4 0.998437 0.560417 0.990625 0.681250 0.992188 0.727083 0.998437 0.731250
4 0.646875 0.518750 0.646875 0.481250 0.634375 0.489583 0.615625 0.489583 0.614062 0.493750 0.609375 0.489583 0.598437 0.489583 0.596875 0.493750 0.590625 0.493750 0.601562 0.497917 0.618750 0.512500 0.625000 0.497917 0.631250 0.495833 0.640625 0.518750
4 0.729688 0.477083 0.710938 0.625000 0.925000 0.720833 0.935937 0.481250
4 0.664062 0.458333 0.654687 0.600000 0.671875 0.618750 0.679688 0.606250 0.700000 0.616667 0.706250 0.604167 0.710938 0.606250 0.704688 0.581250 0.707812 0.472917 0.703125 0.481250 0.693750 0.462500
4 0.284375 0.431250 0.284375 0.445833 0.287500 0.452083 0.289062 0.447917 0.292187 0.462500 0.292187 0.458333 0.295312 0.454167 0.296875 0.456250 0.296875 0.464583 0.312500 0.460417 0.315625 0.454167 0.325000 0.450000 0.326562 0.445833 0.334375 0.445833 0.317188 0.435417 0.300000 0.433333 0.295312 0.441667 0.290625 0.431250
5 0.551562 0.289583 0.539062 0.468750 0.539062 0.531250 0.542188 0.522917 0.543750 0.533333
5 0.685937 0.000000 0.671875 0.004167 0.646875 0.602083 0.668750 0.418750
7 0.175000 0.335417 0.167187 0.343750 0.165625 0.352083 0.167187 0.377083 0.164062 0.379167 0.162500 0.397917 0.170313 0.402083 0.176563 0.400000 0.175000 0.379167 0.181250 0.366667 0.181250 0.345833 0.178125 0.343750 0.178125 0.339583
8 0.546875 0.437500 0.548438 0.466667 0.582812 0.470833 0.584375 0.491667 0.634375 0.487500 0.648438 0.477083 0.650000 0.452083 0.646875 0.447917 0.587500 0.445833 0.585938 0.441667
8 0.689063 0.420833 0.687500 0.454167 0.709375 0.456250 0.715625 0.439583 0.725000 0.445833 0.729688 0.475000 0.859375 0.477083 0.834375 0.445833 0.837500 0.420833 0.817187 0.425000 0.821875 0.400000 0.803125 0.404167 0.796875 0.381250 0.775000 0.372917 0.757812 0.381250 0.746875 0.368750 0.726562 0.397917 0.707812 0.395833
8 0.585938 0.337500 0.539062 0.229167 0.460938 0.218750 0.382812 0.268750 0.390625 0.385417 0.353125 0.414583 0.117188 0.302083 0.165625 0.414583 0.182812 0.345833 0.175000 0.487500 0.218750 0.485417 0.229687 0.412500 0.268750 0.481250 0.290625 0.429167 0.404687 0.483333 0.409375 0.427083 0.409375 0.483333 0.451562 0.491667 0.454688 0.437500 0.454688 0.491667 0.493750 0.497917 0.496875 0.435417 0.501563 0.497917 0.548438 0.289583 0.546875 0.422917
10 0.687500 0.000000 0.671875 0.322917 0.687500 0.385417 0.767188 0.377083 0.839063 0.341667 0.848437 0.310417 0.859375 0.337500 0.948438 0.322917 0.967187 0.281250 0.976562 0.318750 0.998437 0.314583 0.998437 0.000000
10 0.007812 0.000000 0.046875 0.143750 0.234375 0.181250 0.304688 0.414583 0.384375 0.397917 0.379688 0.272917 0.420312 0.279167 0.431250 0.216667 0.539062 0.227083 0.579688 0.408333 0.654687 0.372917 0.671875 0.000000
13 0.535937 0.470833 0.520312 0.468750 0.507812 0.485417 0.506250 0.506250 0.514062 0.520833 0.517188 0.522917 0.521875 0.516667 0.532813 0.516667 0.534375 0.514583
13 0.000000 0.239583 0.000000 0.625000 0.084375 0.595833 0.101562 0.625000 0.132812 0.622917 0.170313 0.522917 0.168750 0.429167 0.142187 0.341667 0.110937 0.302083