0 0.000000 0.572917 0.000000 0.997917 0.868750 0.997917 0.520312 0.579167 0.517188 0.514583 0.376563 0.489583
1 0.500000 0.541667 0.867188 0.995833 0.998437 0.997917 0.998437 0.791667 0.904687 0.779167 0.800000 0.706250 0.803125 0.591667
1 0.387500 0.487500 0.517188 0.512500 0.517188 0.508333 0.442188 0.497917 0.426563 0.489583 0.390625 0.483333
1 0.384375 0.487500 0.037500 0.489583 0.031250 0.539583 0.026562 0.489583 0.000000 0.489583 0.000000 0.570833
2 0.573438 0.427083 0.570312 0.425000 0.557813 0.437500 0.557813 0.443750 0.553125 0.450000 0.546875 0.445833 0.542188 0.456250 0.535937 0.452083 0.534375 0.472917 0.529687 0.481250 0.543750 0.477083 0.543750 0.468750 0.548438 0.462500 0.551562 0.450000 0.553125 0.458333 0.564063 0.450000 0.570312 0.454167 0.576562 0.443750
2 0.609375 0.410417 0.610938 0.441667 0.748437 0.456250 0.750000 0.572917 0.803125 0.589583 0.815625 0.385417 0.757812 0.397917 0.762500 0.427083 0.717187 0.393750 0.712500 0.372917 0.703125 0.389583 0.701562 0.375000 0.651563 0.366667
2 0.981250 0.335417 0.920312 0.345833 0.909375 0.312500 0.898438 0.320833 0.895312 0.350000 0.846875 0.364583 0.839063 0.550000 0.848437 0.468750 0.881250 0.464583 0.903125 0.435417 0.895312 0.406250 0.906250 0.383333
2 0.000000 0.087500 0.000000 0.266667 0.035937 0.281250 0.051562 0.247917 0.068750 0.264583 0.084375 0.241667 0.153125 0.250000 0.175000 0.283333 0.182812 0.352083 0.290625 0.391667 0.282813 0.266667 0.240625 0.254167 0.225000 0.141667
3 0.590625 0.479167 0.589063 0.558333 0.748437 0.572917 0.754687 0.483333 0.643750 0.504167 0.631250 0.483333
3 0.576562 0.479167 0.570312 0.479167 0.570312 0.506250 0.565625 0.533333 0.565625 0.545833 0.568750 0.545833 0.571875 0.550000 0.571875 0.529167 0.573438 0.527083 0.573438 0.512500 0.576562 0.497917
3 0.850000 0.468750 0.831250 0.725000 0.904687 0.777083 0.998437 0.789583 0.998437 0.489583 0.967187 0.468750
3 0.023438 0.339583 0.007812 0.347917 0.000000 0.343750 0.000000 0.487500 0.026562 0.487500 0.035937 0.352083
3 0.059375 0.320833 0.037500 0.487500 0.339062 0.475000 0.337500 0.452083 0.278125 0.456250 0.273438 0.433333 0.242188 0.431250 0.168750 0.375000 0.109375 0.385417 0.079687 0.325000 0.110937 0.320833 0.071875 0.297917
4 0.273438 0.422917 0.271875 0.433333 0.273438 0.431250 0.276562 0.435417 0.278125 0.454167 0.289062 0.450000 0.296875 0.456250 0.307812 0.456250 0.312500 0.445833 0.315625 0.450000 0.321875 0.447917 0.328125 0.454167 0.337500 0.450000 0.337500 0.441667 0.320312 0.435417 0.318750 0.431250 0.300000 0.425000 0.293750 0.431250 0.285938 0.431250 0.278125 0.420833
5 0.045312 0.352083 0.034375 0.360417 0.034375 0.422917 0.023438 0.520833 0.026562 0.537500 0.035937 0.533333 0.032813 0.497917 0.048438 0.370833
5 0.540625 0.187500 0.592187 0.254167 0.573438 0.554167 0.579688 0.522917 0.585938 0.560417 0.595313 0.260417 0.582812 0.229167
5 0.864062 0.000000 0.839063 0.000000 0.798438 0.691667 0.829688 0.710417
7 0.046875 0.258333 0.037500 0.279167 0.042188 0.310417 0.035937 0.316667 0.032813 0.314583 0.029687 0.345833 0.031250 0.350000 0.045312 0.350000 0.053125 0.358333 0.059375 0.358333 0.065625 0.331250 0.057813 0.320833 0.068750 0.306250 0.071875 0.283333 0.070312 0.270833 0.064062 0.260417
8 0.579688 0.441667 0.570312 0.456250 0.564063 0.452083 0.553125 0.460417 0.551562 0.452083 0.550000 0.462500 0.545312 0.468750 0.545312 0.477083 0.562500 0.477083 0.564063 0.481250 0.568750 0.481250 0.570312 0.477083 0.576562 0.477083
8 0.590625 0.437500 0.590625 0.477083 0.631250 0.481250 0.634375 0.495833 0.643750 0.502083 0.678125 0.502083 0.685937 0.491667 0.754687 0.481250 0.754687 0.468750 0.745313 0.456250 0.687500 0.462500 0.668750 0.452083
8 0.998437 0.322917 0.964063 0.352083 0.945312 0.356250 0.935937 0.372917 0.923438 0.370833 0.906250 0.385417 0.904687 0.402083 0.896875 0.406250 0.904687 0.435417 0.885938 0.450000 0.882812 0.464583 0.967187 0.466667 0.976562 0.481250 0.998437 0.487500
8 0.601562 0.310417 0.593750 0.312500 0.592187 0.370833 0.589063 0.372917 0.598437 0.372917 0.600000 0.362500 0.610938 0.352083 0.612500 0.333333 0.604688 0.325000 0.606250 0.316667
8 0.000000 0.275000 0.000000 0.341667 0.003125 0.345833 0.007812 0.345833 0.015625 0.337500 0.023438 0.337500 0.029687 0.341667 0.029687 0.287500
8 0.071875 0.254167 0.073438 0.297917 0.112500 0.320833 0.081250 0.325000 0.109375 0.383333 0.168750 0.372917 0.242188 0.429167 0.310937 0.429167 0.298438 0.393750 0.182812 0.354167 0.173437 0.283333 0.153125 0.252083 0.109375 0.241667
8 0.443750 0.204167 0.432812 0.268750 0.390625 0.256250 0.393750 0.397917 0.362500 0.414583 0.350000 0.375000 0.315625 0.429167 0.340625 0.475000 0.350000 0.450000 0.350000 0.477083 0.387500 0.462500 0.412500 0.487500 0.418750 0.429167 0.417187 0.487500 0.503125 0.506250 0.520312 0.439583 0.526563 0.506250 0.532813 0.454167 0.579688 0.420833 0.590625 0.275000 0.560937 0.218750 0.453125 0.227083
10 0.562500 0.222917 0.564063 0.229167 0.568750 0.229167 0.571875 0.233333 0.571875 0.243750 0.573438 0.245833 0.571875 0.247917 0.571875 0.258333 0.576562 0.256250 0.578125 0.260417 0.582812 0.256250 0.584375 0.258333 0.584375 0.268750 0.585938 0.266667 0.590625 0.272917 0.590625 0.254167 0.589063 0.250000 0.567187 0.220833
10 0.865625 0.000000 0.846875 0.362500 0.895312 0.347917 0.909375 0.310417 0.920312 0.343750 0.979688 0.335417 0.998437 0.320833 0.998437 0.000000
10 0.000000 0.000000 0.003125 0.087500 0.225000 0.139583 0.326562 0.420833 0.392188 0.397917 0.398438 0.241667 0.553125 0.225000 0.540625 0.185417 0.614062 0.333333 0.585938 0.439583 0.651563 0.364583 0.762500 0.425000 0.815625 0.383333 0.837500 0.000000
13 0.539062 0.479167 0.534375 0.491667 0.529687 0.493750 0.529687 0.525000 0.537500 0.537500 0.542188 0.537500 0.545312 0.531250 0.564063 0.537500 0.568750 0.506250 0.568750 0.483333 0.564063 0.483333 0.562500 0.479167