0 0.000000 0.572917 0.000000 0.997917 0.868750 0.997917 0.506250 0.558333 0.520312 0.516667 0.368750 0.489583
1 0.501563 0.545833 0.867188 0.995833 0.998437 0.997917 0.998437 0.812500 0.948438 0.810417 0.825000 0.722917 0.825000 0.597917
1 0.389062 0.485417 0.389062 0.491667 0.520312 0.514583
1 0.384375 0.483333 0.020313 0.483333 0.015625 0.514583 0.029687 0.533333 0.000000 0.545833 0.000000 0.570833
2 0.551562 0.447917 0.546875 0.450000 0.546875 0.454167 0.545312 0.456250 0.539062 0.456250 0.537500 0.454167 0.534375 0.456250 0.534375 0.464583 0.535937 0.466667 0.535937 0.475000 0.534375 0.477083 0.534375 0.481250 0.535937 0.483333 0.545312 0.481250 0.546875 0.470833 0.550000 0.466667 0.550000 0.452083
2 0.609375 0.416667 0.617188 0.443750 0.731250 0.460417 0.737500 0.481250 0.764062 0.481250 0.754687 0.577083 0.829688 0.595833 0.842187 0.375000 0.765625 0.400000 0.770312 0.429167 0.723437 0.397917 0.715625 0.372917 0.706250 0.389583 0.704688 0.375000 0.654687 0.368750
2 0.998437 0.337500 0.925000 0.347917 0.923438 0.318750 0.904687 0.322917 0.903125 0.350000 0.875000 0.354167 0.868750 0.491667 0.878125 0.497917 0.881250 0.466667 0.910937 0.466667 0.934375 0.437500 0.928125 0.422917 0.932813 0.389583 0.946875 0.370833 0.971875 0.366667
2 0.000000 0.083333 0.000000 0.260417 0.020313 0.270833 0.040625 0.235417 0.060937 0.277083 0.075000 0.241667 0.145313 0.241667 0.171875 0.279167 0.179688 0.352083 0.292187 0.391667 0.282813 0.264583 0.239063 0.250000 0.221875 0.135417
3 0.579688 0.483333 0.578125 0.483333 0.575000 0.493750 0.573438 0.525000 0.570312 0.531250 0.570312 0.550000 0.576562 0.554167 0.576562 0.529167 0.578125 0.527083 0.578125 0.512500 0.579688 0.510417
3 0.595313 0.483333 0.595313 0.562500 0.648438 0.560417 0.753125 0.577083 0.759375 0.485417 0.692187 0.497917 0.689063 0.508333 0.643750 0.508333 0.635938 0.485417
3 0.881250 0.468750 0.879687 0.497917 0.870313 0.495833 0.859375 0.737500 0.948438 0.808333 0.998437 0.810417 0.998437 0.470833
3 0.268750 0.472917 0.268750 0.481250 0.271875 0.483333 0.301563 0.483333 0.340625 0.477083 0.339062 0.472917 0.326562 0.472917 0.321875 0.466667 0.295312 0.466667 0.271875 0.462500
3 0.142187 0.477083 0.126562 0.458333 0.114062 0.452083 0.096875 0.462500 0.070312 0.462500 0.057813 0.454167 0.035937 0.479167 0.020313 0.472917 0.020313 0.481250 0.029687 0.485417 0.142187 0.483333
3 0.210938 0.397917 0.187500 0.400000 0.179688 0.447917 0.175000 0.431250 0.170313 0.481250 0.239063 0.477083 0.232813 0.452083 0.214062 0.456250 0.200000 0.439583 0.201563 0.429167 0.207813 0.433333 0.217188 0.422917
4 0.295312 0.427083 0.292187 0.462500 0.321875 0.464583 0.326562 0.470833 0.339062 0.470833 0.337500 0.456250 0.340625 0.454167 0.340625 0.441667 0.329688 0.439583 0.328125 0.435417 0.320312 0.435417 0.318750 0.431250 0.310937 0.431250 0.306250 0.427083
4 0.273438 0.420833 0.273438 0.425000 0.271875 0.427083 0.271875 0.456250 0.270313 0.458333 0.270313 0.462500 0.271875 0.460417 0.273438 0.462500 0.281250 0.462500 0.281250 0.452083 0.282813 0.450000 0.282813 0.425000 0.281250 0.425000 0.279687 0.420833
4 0.201563 0.431250 0.201563 0.439583 0.209375 0.452083 0.220312 0.456250 0.226562 0.450000 0.232813 0.450000 0.237500 0.458333 0.243750 0.462500 0.243750 0.439583 0.231250 0.431250 0.228125 0.441667 0.220312 0.422917 0.220312 0.412500 0.215625 0.429167 0.207813 0.435417 0.203125 0.435417
5 0.848437 0.347917 0.823438 0.718750 0.859375 0.731250 0.871875 0.589583 0.870313 0.372917
5 0.018750 0.345833 0.001563 0.545833 0.020313 0.543750 0.028125 0.533333 0.014063 0.514583 0.032813 0.352083
5 0.545312 0.181250 0.598437 0.258333 0.578125 0.558333 0.582812 0.539583 0.590625 0.562500 0.600000 0.252083
5 0.881250 0.000000 0.871875 0.002083 0.862500 0.045833 0.865625 0.081250 0.859375 0.093750 0.857812 0.139583 0.875000 0.125000 0.881250 0.137500 0.884375 0.127083 0.887500 0.004167 0.881250 0.014583
7 0.031250 0.245833 0.021875 0.260417 0.021875 0.272917 0.018750 0.275000 0.026562 0.304167 0.014063 0.306250 0.010937 0.341667 0.043750 0.352083 0.050000 0.329167 0.048438 0.316667 0.043750 0.312500 0.054688 0.297917 0.057813 0.281250 0.051562 0.254167 0.045312 0.247917
8 0.590625 0.441667 0.589063 0.477083 0.595313 0.443750 0.595313 0.477083 0.635938 0.483333 0.643750 0.506250 0.689063 0.506250 0.692187 0.495833 0.743750 0.483333 0.734375 0.481250 0.728125 0.462500
8 0.998437 0.343750 0.984375 0.347917 0.971875 0.368750 0.946875 0.372917 0.934375 0.389583 0.929688 0.422917 0.935937 0.437500 0.918750 0.450000 0.912500 0.468750 0.998437 0.468750
8 0.603125 0.310417 0.600000 0.310417 0.598437 0.314583 0.596875 0.360417 0.593750 0.375000 0.600000 0.375000 0.603125 0.364583 0.609375 0.356250 0.612500 0.356250 0.614062 0.352083 0.614062 0.337500 0.607812 0.325000 0.607812 0.316667
8 0.021875 0.470833 0.114062 0.450000 0.168750 0.485417 0.179688 0.400000 0.210938 0.395833 0.245312 0.439583 0.237500 0.470833 0.267188 0.479167 0.271875 0.420833 0.290625 0.462500 0.312500 0.414583 0.275000 0.379167 0.179688 0.354167 0.157812 0.258333 0.104688 0.237500 0.065625 0.252083 0.059375 0.287500 0.082812 0.310417
8 0.315625 0.416667 0.343750 0.477083 0.412500 0.487500 0.420312 0.429167 0.417187 0.491667 0.462500 0.500000 0.470313 0.418750 0.467187 0.502083 0.520312 0.508333 0.521875 0.441667 0.525000 0.506250 0.550000 0.445833 0.546875 0.481250 0.581250 0.481250 0.584375 0.441667 0.553125 0.452083 0.585938 0.414583 0.595313 0.275000 0.560937 0.218750 0.453125 0.227083 0.445312 0.202083 0.434375 0.270833 0.393750 0.254167 0.396875 0.397917 0.362500 0.414583 0.350000 0.375000
8 0.876563 0.127083 0.856250 0.141667 0.845313 0.345833 0.868750 0.358333 0.870313 0.370833 0.882812 0.135417 0.879687 0.139583
9 0.062500 0.289583 0.045312 0.312500 0.051562 0.325000 0.048438 0.350000 0.032813 0.354167 0.023438 0.454167 0.048438 0.414583 0.050000 0.364583 0.075000 0.341667 0.081250 0.310417
9 0.000000 0.262500 0.000000 0.437500 0.009375 0.443750 0.017188 0.377083 0.017188 0.345833 0.009375 0.341667 0.012500 0.306250 0.023438 0.300000 0.017188 0.277083 0.020313 0.272917
10 0.585938 0.416667 0.584375 0.420833 0.576562 0.427083 0.571875 0.425000 0.564063 0.437500 0.557813 0.441667 0.557813 0.447917 0.554688 0.452083 0.554688 0.458333 0.564063 0.452083 0.576562 0.454167 0.584375 0.439583
10 0.890625 0.000000 0.875000 0.352083 0.903125 0.347917 0.912500 0.314583 0.925000 0.318750 0.925000 0.345833 0.996875 0.337500 0.998437 0.000000
10 0.000000 0.000000 0.000000 0.081250 0.221875 0.133333 0.326562 0.420833 0.395313 0.397917 0.392188 0.254167 0.434375 0.268750 0.445312 0.200000 0.595313 0.272917 0.545312 0.179167 0.601562 0.252083 0.590625 0.439583 0.654687 0.366667 0.768750 0.427083 0.842187 0.372917 0.864062 0.000000
13 0.540625 0.483333 0.537500 0.491667 0.531250 0.497917 0.531250 0.527083 0.537500 0.533333 0.539062 0.539583 0.545312 0.539583 0.546875 0.533333 0.568750 0.539583 0.571875 0.516667 0.571875 0.485417