0 0.587500 0.556250 0.587500 0.570833 0.639062 0.570833 0.634375 0.566667 0.632812 0.560417 0.618750 0.554167 0.600000 0.552083 0.595313 0.560417 0.589063 0.560417
0 0.000000 0.608333 0.000000 0.997917 0.929688 0.997917 0.560937 0.606250 0.573438 0.520833 0.368750 0.497917
1 0.560937 0.585417 0.928125 0.995833 0.998437 0.997917 0.998437 0.625000 0.835938 0.604167 0.828125 0.637500 0.753125 0.641667 0.665625 0.572917
1 0.470313 0.504167 0.350000 0.479167 0.318750 0.500000 0.125000 0.485417 0.110937 0.510417 0.000000 0.510417 0.000000 0.606250 0.368750 0.495833
2 0.545312 0.439583 0.542188 0.441667 0.542188 0.458333 0.543750 0.462500 0.542188 0.464583 0.542188 0.468750 0.539062 0.472917 0.540625 0.481250 0.545312 0.481250 0.545312 0.479167 0.553125 0.470833 0.553125 0.464583 0.556250 0.460417 0.556250 0.445833 0.551562 0.445833 0.550000 0.441667 0.546875 0.441667
2 0.693750 0.335417 0.639062 0.393750 0.645312 0.404167 0.640625 0.466667 0.610938 0.462500 0.612500 0.472917 0.657813 0.481250 0.676562 0.510417 0.681250 0.418750 0.693750 0.397917 0.720313 0.395833 0.721875 0.347917
2 0.998437 0.295833 0.901563 0.354167 0.903125 0.406250 0.840625 0.412500 0.768750 0.364583 0.764062 0.337500 0.754687 0.360417 0.732812 0.352083 0.729688 0.402083 0.881250 0.439583 0.881250 0.477083 0.845313 0.510417 0.837500 0.602083 0.984375 0.616667
2 0.000000 0.000000 0.014063 0.358333 0.026562 0.362500 0.031250 0.318750 0.087500 0.306250 0.096875 0.283333 0.128125 0.327083 0.215625 0.352083 0.267188 0.393750 0.253125 0.235417 0.187500 0.220833 0.140625 0.027083
3 0.770312 0.468750 0.771875 0.479167 0.782813 0.481250 0.785937 0.491667 0.781250 0.537500 0.795312 0.616667 0.810937 0.637500 0.828125 0.635417 0.834375 0.622917 0.843750 0.514583 0.840625 0.479167
3 0.329688 0.447917 0.328125 0.452083 0.328125 0.464583 0.326562 0.466667 0.326562 0.477083 0.323437 0.479167 0.325000 0.481250 0.329688 0.481250 0.331250 0.483333 0.334375 0.483333 0.339062 0.475000 0.339062 0.462500 0.335938 0.454167 0.331250 0.447917
3 0.318750 0.439583 0.298438 0.437500 0.290625 0.477083 0.285938 0.468750 0.198437 0.468750 0.195312 0.495833 0.231250 0.497917 0.314063 0.487500
4 0.765625 0.468750 0.757812 0.633333 0.809375 0.637500 0.793750 0.616667 0.779687 0.537500 0.782813 0.483333 0.773438 0.483333
4 0.726562 0.468750 0.718750 0.616667 0.743750 0.631250 0.754687 0.472917
4 0.682813 0.470833 0.678125 0.485417 0.671875 0.595833 0.690625 0.600000 0.707812 0.612500 0.715625 0.468750
4 0.196875 0.468750 0.285938 0.466667 0.290625 0.475000 0.293750 0.447917 0.301563 0.435417 0.276562 0.416667 0.271875 0.433333 0.270313 0.416667 0.250000 0.416667 0.245312 0.425000 0.218750 0.420833 0.214062 0.410417 0.201563 0.410417
4 0.000000 0.358333 0.000000 0.508333 0.082812 0.502083 0.090625 0.387500
5 0.996875 0.525000 0.992188 0.529167 0.989062 0.577083 0.990625 0.595833 0.987500 0.597917 0.985938 0.614583 0.989062 0.622917 0.998437 0.622917
5 0.764062 0.397917 0.745313 0.631250 0.753125 0.639583 0.757812 0.637500
5 0.710938 0.000000 0.739062 0.062500 0.717187 0.618750 0.743750 0.050000
7 0.445312 0.445833 0.443750 0.462500 0.445312 0.460417 0.446875 0.466667 0.451562 0.468750 0.451562 0.472917 0.446875 0.477083 0.445312 0.483333 0.443750 0.479167 0.442188 0.491667 0.445312 0.487500 0.450000 0.487500 0.451562 0.491667 0.456250 0.491667 0.459375 0.447917
8 0.604688 0.443750 0.600000 0.445833 0.598437 0.450000 0.587500 0.445833 0.587500 0.491667 0.593750 0.477083 0.600000 0.472917 0.610938 0.472917 0.610938 0.464583 0.607812 0.458333 0.607812 0.450000
8 0.767188 0.408333 0.765625 0.466667 0.840625 0.477083 0.846875 0.516667 0.879687 0.477083 0.881250 0.443750 0.864062 0.427083 0.818750 0.425000
8 0.729688 0.404167 0.726562 0.466667 0.751563 0.466667 0.754687 0.470833 0.757812 0.462500 0.760938 0.406250 0.745313 0.402083
8 0.720313 0.397917 0.698438 0.397917 0.687500 0.408333 0.681250 0.431250 0.684375 0.470833 0.715625 0.466667 0.717187 0.408333
8 0.028125 0.331250 0.028125 0.362500 0.092188 0.387500 0.089063 0.508333 0.132812 0.485417 0.115625 0.445833 0.120313 0.402083 0.153125 0.425000 0.148438 0.487500 0.193750 0.491667 0.201563 0.408333 0.270313 0.414583 0.270313 0.389583 0.128125 0.329167 0.096875 0.285417 0.087500 0.308333 0.073438 0.295833
8 0.000000 0.260417 0.000000 0.356250 0.012500 0.358333 0.012500 0.352083 0.009375 0.350000 0.014063 0.325000 0.009375 0.318750 0.009375 0.291667 0.012500 0.289583 0.012500 0.272917
8 0.653125 0.293750 0.582812 0.162500 0.443750 0.145833 0.423438 0.225000 0.381250 0.212500 0.389062 0.389583 0.275000 0.414583 0.323437 0.477083 0.331250 0.445833 0.396875 0.487500 0.417187 0.418750 0.417187 0.485417 0.454688 0.443750 0.470313 0.497917 0.478125 0.397917 0.476562 0.497917 0.570312 0.512500 0.575000 0.477083 0.578125 0.516667 0.579688 0.422917 0.637500 0.389583 0.614062 0.352083
9 0.476562 0.500000 0.485938 0.502083 0.487500 0.506250 0.512500 0.506250 0.570312 0.516667 0.567187 0.508333 0.526563 0.508333 0.525000 0.504167
9 0.401562 0.485417 0.401562 0.491667 0.415625 0.491667 0.417187 0.495833 0.435937 0.495833 0.453125 0.502083 0.470313 0.502083 0.467187 0.497917 0.453125 0.497917 0.451562 0.493750 0.437500 0.493750 0.435937 0.489583 0.420312 0.487500 0.412500 0.489583
10 0.721875 0.000000 0.745313 0.050000 0.732812 0.350000 0.754687 0.358333 0.764062 0.335417 0.768750 0.362500 0.840625 0.410417 0.903125 0.404167 0.901563 0.352083 0.998437 0.293750 0.998437 0.000000
10 0.021875 0.000000 0.142187 0.027083 0.176563 0.195833 0.254688 0.235417 0.310937 0.416667 0.387500 0.389583 0.379688 0.212500 0.423438 0.222917 0.443750 0.143750 0.582812 0.160417 0.629687 0.233333 0.639062 0.389583 0.585938 0.425000 0.614062 0.464583 0.723437 0.341667 0.709375 0.000000
13 0.581250 0.504167 0.578125 0.537500 0.582812 0.543750 0.584375 0.506250 0.589063 0.558333 0.610938 0.550000 0.650000 0.570833 0.659375 0.558333 0.673438 0.554167 0.676562 0.512500 0.657813 0.483333 0.600000 0.475000
13 0.120313 0.404167 0.120313 0.464583 0.123438 0.475000 0.148438 0.475000 0.153125 0.466667 0.151562 0.425000