0 0.000000 0.570833 0.000000 0.997917 0.907813 0.997917 0.848437 0.825000 0.892188 0.683333 0.856250 0.645833 0.815625 0.681250 0.610938 0.545833 0.331250 0.493750
1 0.957812 0.652083 0.959375 0.854167 0.970313 0.870833 0.993750 0.866667 0.998437 0.883333 0.998437 0.664583
1 0.845313 0.612500 0.843750 0.641667 0.893750 0.672917 0.850000 0.820833 0.882812 0.945833 0.909375 0.997917 0.998437 0.997917 0.998437 0.966667 0.921875 0.941667 0.904687 0.881250 0.909375 0.845833 0.940625 0.862500 0.937500 0.643750 0.895312 0.622917 0.887500 0.643750 0.884375 0.622917
1 0.000000 0.493750 0.000000 0.568750 0.314063 0.491667 0.689063 0.564583 0.301563 0.464583 0.198437 0.477083 0.193750 0.504167 0.192188 0.475000
2 0.659375 0.502083 0.707812 0.506250 0.726562 0.477083 0.764062 0.479167 0.773438 0.460417 0.881250 0.477083 0.914062 0.422917 0.895312 0.395833 0.818750 0.358333 0.812500 0.316667 0.796875 0.345833 0.789062 0.322917 0.771875 0.331250 0.732812 0.306250 0.656250 0.381250
2 0.000000 0.070833 0.000000 0.237500 0.109375 0.308333 0.118750 0.277083 0.120313 0.360417 0.198437 0.393750 0.171875 0.145833 0.087500 0.122917 0.076563 0.087500 0.064062 0.085417 0.060937 0.114583 0.010937 0.102083
3 0.818750 0.489583 0.835938 0.543750 0.850000 0.543750 0.859375 0.556250 0.851562 0.564583 0.843750 0.562500 0.846875 0.610417 0.876563 0.618750 0.879687 0.493750
3 0.204687 0.397917 0.206250 0.408333 0.198437 0.475000 0.229687 0.479167 0.232813 0.406250 0.217188 0.404167
3 0.201563 0.389583 0.173437 0.381250 0.179688 0.393750 0.170313 0.462500 0.118750 0.447917 0.000000 0.443750 0.000000 0.491667 0.092188 0.487500 0.103125 0.464583 0.106250 0.485417 0.178125 0.481250 0.192188 0.472917
4 0.956250 0.556250 0.956250 0.622917 0.959375 0.622917 0.957812 0.618750 0.960938 0.612500 0.970313 0.608333 0.998437 0.608333 0.998437 0.564583 0.960938 0.560417
4 0.893750 0.552083 0.893750 0.558333 0.890625 0.560417 0.890625 0.620833 0.935937 0.627083 0.939063 0.620833 0.935937 0.558333 0.920312 0.550000 0.910937 0.550000 0.907813 0.554167
4 0.879687 0.545833 0.876563 0.560417 0.876563 0.579167 0.878125 0.581250 0.878125 0.595833 0.881250 0.597917 0.881250 0.612500 0.878125 0.618750 0.881250 0.618750 0.881250 0.612500 0.884375 0.610417 0.882812 0.606250 0.882812 0.585417 0.884375 0.583333 0.884375 0.560417 0.885938 0.558333 0.885938 0.552083 0.882812 0.552083
4 0.585938 0.522917 0.689063 0.554167 0.693750 0.527083 0.704688 0.508333 0.587500 0.497917
4 0.535937 0.491667 0.535937 0.497917 0.542188 0.506250 0.554688 0.506250 0.560937 0.508333 0.570312 0.516667 0.579688 0.516667 0.581250 0.518750 0.582812 0.493750 0.571875 0.493750 0.570312 0.489583 0.537500 0.489583
4 0.278125 0.431250 0.270313 0.427083 0.260937 0.427083 0.260937 0.441667 0.257812 0.443750 0.257812 0.450000 0.243750 0.452083 0.232813 0.447917 0.232813 0.464583 0.254688 0.466667 0.256250 0.470833 0.271875 0.470833 0.273438 0.466667 0.279687 0.466667 0.281250 0.441667
4 0.000000 0.347917 0.000000 0.441667 0.173437 0.454167 0.178125 0.385417 0.115625 0.360417 0.107813 0.400000 0.107813 0.360417 0.065625 0.350000 0.059375 0.366667
5 0.892188 0.525000 0.885938 0.525000 0.885938 0.610417 0.882812 0.612500 0.882812 0.620833 0.885938 0.622917 0.887500 0.641667
5 0.953125 0.464583 0.939063 0.483333 0.942187 0.862500 0.909375 0.847917 0.904687 0.870833 0.921875 0.939583 0.998437 0.964583 0.996875 0.875000 0.957812 0.854167
5 0.115625 0.277083 0.112500 0.281250 0.112500 0.322917 0.109375 0.325000 0.107813 0.397917 0.114062 0.364583 0.115625 0.310417 0.118750 0.297917 0.118750 0.279167
5 0.934375 0.233333 0.928125 0.241667 0.931250 0.258333 0.942187 0.258333 0.946875 0.270833 0.950000 0.350000 0.951562 0.229167
7 0.892188 0.458333 0.882812 0.468750 0.882812 0.495833 0.885938 0.497917 0.885938 0.502083 0.881250 0.504167 0.881250 0.522917 0.892188 0.522917 0.892188 0.518750 0.895312 0.516667 0.895312 0.504167 0.892188 0.502083 0.892188 0.497917 0.895312 0.495833 0.896875 0.466667
7 0.420312 0.431250 0.417187 0.441667 0.418750 0.477083 0.414062 0.479167 0.414062 0.487500 0.417187 0.485417 0.434375 0.487500 0.437500 0.431250
7 0.464062 0.420833 0.456250 0.420833 0.456250 0.433333 0.457813 0.435417 0.456250 0.439583 0.453125 0.441667 0.453125 0.445833 0.451562 0.447917 0.453125 0.450000 0.453125 0.456250 0.451562 0.458333 0.453125 0.466667 0.456250 0.464583 0.459375 0.466667 0.460938 0.464583 0.462500 0.431250 0.465625 0.429167
7 0.931250 0.260417 0.921875 0.347917 0.929688 0.402083 0.923438 0.418750 0.925000 0.470833 0.937500 0.487500 0.939063 0.472917 0.951562 0.466667 0.946875 0.279167 0.942187 0.260417
8 0.960938 0.614583 0.959375 0.618750 0.960938 0.622917 0.956250 0.625000 0.957812 0.650000 0.981250 0.654167 0.992188 0.662500 0.998437 0.662500 0.998437 0.610417 0.982812 0.608333
8 0.954688 0.468750 0.956250 0.554167 0.960938 0.558333 0.998437 0.562500 0.998437 0.466667 0.982812 0.462500 0.975000 0.468750
8 0.765625 0.470833 0.765625 0.479167 0.778125 0.485417 0.878125 0.489583 0.884375 0.502083 0.881250 0.479167 0.859375 0.468750 0.828125 0.462500 0.773438 0.462500
8 0.898438 0.458333 0.896875 0.495833 0.893750 0.497917 0.896875 0.504167 0.893750 0.550000 0.907813 0.552083 0.920312 0.547917 0.935937 0.556250 0.939063 0.552083 0.937500 0.489583 0.929688 0.475000 0.906250 0.466667
8 0.000000 0.239583 0.000000 0.345833 0.059375 0.364583 0.065625 0.347917 0.107813 0.354167 0.107813 0.308333 0.034375 0.268750
8 0.696875 0.239583 0.598437 0.079167 0.421875 0.035417 0.401562 0.125000 0.339062 0.120833 0.339062 0.397917 0.306250 0.345833 0.281250 0.404167 0.196875 0.381250 0.360938 0.477083 0.382812 0.397917 0.381250 0.475000 0.437500 0.429167 0.451562 0.491667 0.462500 0.377083 0.459375 0.495833 0.654687 0.502083 0.660937 0.406250 0.631250 0.464583 0.578125 0.435417 0.670312 0.366667 0.640625 0.318750
9 0.457813 0.497917 0.459375 0.506250 0.564063 0.522917 0.581250 0.520833 0.537500 0.504167 0.525000 0.510417 0.518750 0.504167
9 0.334375 0.470833 0.334375 0.477083 0.373437 0.491667 0.451562 0.502083 0.451562 0.493750 0.414062 0.489583 0.412500 0.483333 0.381250 0.479167 0.378125 0.487500 0.371875 0.477083 0.360938 0.479167
10 0.667188 0.368750 0.654687 0.366667 0.642188 0.379167 0.626563 0.379167 0.625000 0.389583 0.617188 0.395833 0.617188 0.408333 0.606250 0.408333 0.600000 0.427083 0.589063 0.416667 0.579688 0.437500 0.585938 0.443750 0.596875 0.439583 0.603125 0.454167 0.614062 0.450000 0.620313 0.460417 0.631250 0.462500 0.631250 0.445833 0.653125 0.406250 0.662500 0.406250 0.662500 0.393750 0.653125 0.385417
10 0.000000 0.000000 0.006250 0.097917 0.173437 0.145833 0.200000 0.341667 0.276562 0.402083 0.350000 0.362500 0.348438 0.087500 0.531250 0.029167 0.698438 0.239583 0.671875 0.362500 0.812500 0.314583 0.923438 0.468750 0.951562 0.227083 0.953125 0.462500 0.998437 0.464583 0.998437 0.000000
13 0.721875 0.483333 0.690625 0.543750 0.687500 0.629167 0.792188 0.643750 0.807813 0.654167 0.815625 0.679167 0.832812 0.681250 0.845313 0.610417 0.842187 0.562500 0.856250 0.550000 0.834375 0.543750 0.815625 0.487500