0 0.000000 0.572917 0.000000 0.997917 0.998437 0.997917 0.976562 0.727083 0.918750 0.666667 0.896875 0.716667 0.734375 0.662500 0.731250 0.593750 0.332813 0.497917
1 0.918750 0.633333 0.917188 0.664583 0.953125 0.685417 0.971875 0.706250 0.998437 0.820833 0.998437 0.660417 0.953125 0.643750 0.948438 0.660417 0.943750 0.639583
1 0.000000 0.500000 0.000000 0.570833 0.310937 0.495833 0.735938 0.570833 0.289062 0.464583 0.178125 0.479167 0.170313 0.516667 0.170313 0.479167
2 0.664062 0.379167 0.675000 0.387500 0.667188 0.502083 0.754687 0.510417 0.798438 0.456250 0.912500 0.472917 0.920312 0.431250 0.935937 0.418750 0.901563 0.379167 0.834375 0.352083 0.826562 0.306250 0.814063 0.341667 0.806250 0.316667 0.745313 0.300000
2 0.000000 0.093750 0.000000 0.254167 0.073438 0.297917 0.085938 0.260417 0.104688 0.335417 0.085938 0.352083 0.181250 0.379167 0.193750 0.337500 0.165625 0.139583 0.073438 0.112500 0.064062 0.077083 0.053125 0.075000 0.048438 0.106250
3 0.882812 0.491667 0.896875 0.510417 0.896875 0.520833 0.901563 0.529167 0.901563 0.539583 0.904687 0.541667 0.906250 0.550000 0.918750 0.554167 0.920312 0.504167 0.923438 0.502083 0.923438 0.493750
3 0.193750 0.387500 0.193750 0.397917 0.185938 0.406250 0.181250 0.431250 0.178125 0.477083 0.223438 0.481250 0.225000 0.406250 0.210938 0.404167 0.204687 0.397917 0.204687 0.389583
3 0.176563 0.383333 0.164062 0.389583 0.159375 0.443750 0.150000 0.460417 0.121875 0.445833 0.000000 0.447917 0.000000 0.497917 0.162500 0.483333 0.173437 0.468750 0.178125 0.404167 0.170313 0.389583
4 0.998437 0.564583 0.989062 0.566667 0.985938 0.558333 0.979688 0.562500 0.967187 0.560417 0.965625 0.566667 0.970313 0.566667 0.970313 0.572917 0.953125 0.570833 0.954688 0.610417 0.998437 0.618750
4 0.595313 0.525000 0.720313 0.562500 0.735938 0.558333 0.754687 0.512500 0.596875 0.497917
4 0.539062 0.489583 0.540625 0.500000 0.545312 0.495833 0.551562 0.495833 0.557813 0.500000 0.560937 0.506250 0.570312 0.508333 0.579688 0.516667 0.587500 0.516667 0.590625 0.520833 0.589063 0.493750 0.578125 0.493750 0.576562 0.489583
4 0.278125 0.429167 0.254688 0.427083 0.251563 0.452083 0.239063 0.447917 0.240625 0.431250 0.225000 0.429167 0.225000 0.468750 0.250000 0.468750 0.254688 0.472917 0.278125 0.466667
4 0.000000 0.354167 0.000000 0.445833 0.121875 0.443750 0.150000 0.458333 0.168750 0.383333 0.085938 0.354167 0.078125 0.404167 0.075000 0.368750 0.056250 0.364583 0.056250 0.347917 0.034375 0.345833 0.026562 0.362500
5 0.948438 0.529167 0.945312 0.641667 0.948438 0.658333 0.951562 0.658333 0.953125 0.531250
5 0.184375 0.404167 0.179688 0.404167 0.175000 0.468750 0.170313 0.489583 0.170313 0.514583 0.173437 0.506250
5 0.085938 0.262500 0.076563 0.358333 0.078125 0.402083 0.082812 0.383333 0.084375 0.329167 0.089063 0.306250 0.089063 0.275000
7 0.950000 0.456250 0.940625 0.468750 0.940625 0.491667 0.943750 0.493750 0.945312 0.502083 0.939063 0.504167 0.939063 0.527083 0.956250 0.529167 0.956250 0.504167 0.953125 0.500000 0.956250 0.497917 0.959375 0.487500 0.957812 0.458333
7 0.421875 0.431250 0.420312 0.433333 0.420312 0.454167 0.423438 0.456250 0.429688 0.450000 0.434375 0.450000 0.437500 0.454167 0.437500 0.464583 0.442188 0.433333 0.439063 0.431250 0.437500 0.433333
7 0.465625 0.416667 0.460938 0.416667 0.459375 0.420833 0.459375 0.429167 0.464062 0.437500 0.462500 0.439583 0.460938 0.437500 0.456250 0.441667 0.454688 0.447917 0.456250 0.450000 0.456250 0.466667 0.462500 0.466667 0.464062 0.464583 0.464062 0.452083 0.465625 0.450000 0.464062 0.435417 0.468750 0.425000
7 0.190625 0.343750 0.182812 0.350000 0.184375 0.352083 0.181250 0.358333 0.181250 0.377083 0.182812 0.379167 0.178125 0.383333 0.178125 0.391667 0.176563 0.393750 0.178125 0.402083 0.184375 0.402083 0.185938 0.404167 0.190625 0.402083 0.192188 0.397917 0.192188 0.385417 0.189062 0.381250 0.190625 0.379167 0.189062 0.377083 0.192188 0.375000 0.193750 0.368750 0.193750 0.352083
8 0.953125 0.608333 0.951562 0.629167 0.953125 0.641667 0.978125 0.647917 0.979688 0.652083 0.998437 0.658333 0.998437 0.620833 0.957812 0.614583
8 0.959375 0.464583 0.960938 0.487500 0.954688 0.500000 0.957812 0.529167 0.954688 0.531250 0.953125 0.568750 0.970313 0.570833 0.964063 0.566667 0.967187 0.558333 0.985938 0.556250 0.989062 0.564583 0.998437 0.562500 0.998437 0.466667
8 0.792188 0.466667 0.792188 0.477083 0.923438 0.491667 0.921875 0.550000 0.932813 0.579167 0.918750 0.587500 0.920312 0.631250 0.943750 0.637500 0.942187 0.466667 0.918750 0.462500 0.906250 0.475000 0.834375 0.456250
8 0.090625 0.306250 0.089063 0.308333 0.089063 0.314583 0.087500 0.316667 0.087500 0.327083 0.085938 0.329167 0.085938 0.347917 0.089063 0.347917 0.090625 0.345833 0.096875 0.345833 0.096875 0.343750 0.103125 0.337500 0.103125 0.335417 0.100000 0.331250 0.100000 0.320833 0.098437 0.318750 0.098437 0.312500 0.092188 0.310417
8 0.000000 0.256250 0.000000 0.352083 0.026562 0.360417 0.031250 0.341667 0.076563 0.345833 0.079687 0.300000 0.065625 0.295833 0.045312 0.275000
8 0.710938 0.229167 0.539062 0.012500 0.493750 0.060417 0.421875 0.018750 0.403125 0.110417 0.335938 0.110417 0.339062 0.402083 0.309375 0.347917 0.284375 0.404167 0.190625 0.381250 0.362500 0.481250 0.384375 0.400000 0.382812 0.477083 0.454688 0.495833 0.465625 0.379167 0.465625 0.497917 0.665625 0.502083 0.673438 0.408333 0.637500 0.466667 0.585938 0.431250 0.681250 0.360417 0.653125 0.310417
9 0.460938 0.500000 0.464062 0.508333 0.590625 0.525000 0.570312 0.510417 0.543750 0.504167 0.534375 0.512500 0.525000 0.504167
9 0.332813 0.472917 0.332813 0.479167 0.376563 0.495833 0.454688 0.506250 0.451562 0.493750 0.435937 0.489583 0.423438 0.493750 0.410938 0.483333 0.384375 0.479167 0.379688 0.489583 0.376563 0.479167 0.362500 0.483333 0.359375 0.477083
10 0.676562 0.364583 0.651563 0.364583 0.656250 0.370833 0.653125 0.375000 0.639062 0.370833 0.628125 0.391667 0.631250 0.400000 0.617188 0.404167 0.610938 0.422917 0.596875 0.416667 0.587500 0.431250 0.589063 0.439583 0.601562 0.439583 0.609375 0.454167 0.623437 0.450000 0.637500 0.464583 0.634375 0.452083 0.646875 0.420833 0.662500 0.402083 0.673438 0.406250 0.673438 0.387500 0.662500 0.379167
10 0.000000 0.000000 0.000000 0.091667 0.167187 0.139583 0.195312 0.345833 0.345313 0.387500 0.345313 0.072917 0.535937 0.008333 0.712500 0.229167 0.682813 0.358333 0.826562 0.304167 0.920312 0.462500 0.998437 0.464583 0.998437 0.000000
13 0.770312 0.485417 0.737500 0.552083 0.732812 0.658333 0.750000 0.662500 0.754687 0.647917 0.881250 0.683333 0.890625 0.710417 0.909375 0.714583 0.918750 0.591667 0.892188 0.504167 0.878125 0.485417 0.787500 0.475000