0 0.000000 0.591667 0.000000 0.997917 0.998437 0.997917 0.998437 0.700000 0.740625 0.593750 0.334375 0.514583
1 0.000000 0.504167 0.000000 0.589583 0.334375 0.512500 0.676562 0.568750 0.998437 0.697917 0.718750 0.564583 0.278125 0.460417
2 0.740625 0.366667 0.756250 0.377083 0.748437 0.518750 0.998437 0.550000 0.998437 0.316667 0.975000 0.310417 0.960938 0.268750 0.943750 0.295833 0.862500 0.254167
2 0.000000 0.000000 0.000000 0.318750 0.034375 0.331250 0.034375 0.362500 0.137500 0.372917 0.176563 0.356250 0.134375 0.070833 0.025000 0.039583 0.020313 0.004167
3 0.000000 0.320833 0.000000 0.502083 0.018750 0.502083 0.026562 0.470833 0.157812 0.489583 0.160938 0.383333 0.065625 0.362500 0.062500 0.443750 0.029687 0.445833 0.034375 0.333333
4 0.675000 0.512500 0.671875 0.550000 0.998437 0.664583 0.998437 0.552083
4 0.592187 0.504167 0.600000 0.514583 0.598437 0.518750 0.592187 0.518750 0.626563 0.529167 0.628125 0.533333 0.645312 0.537500 0.662500 0.547917 0.668750 0.545833 0.670312 0.510417 0.604688 0.497917
4 0.264062 0.425000 0.226562 0.416667 0.221875 0.439583 0.210938 0.441667 0.209375 0.422917 0.187500 0.420833 0.181250 0.425000 0.179688 0.454167 0.173437 0.458333 0.179688 0.472917 0.223438 0.477083 0.226562 0.485417 0.254688 0.477083 0.259375 0.470833
4 0.031250 0.364583 0.028125 0.402083 0.029687 0.429167 0.026562 0.431250 0.026562 0.437500 0.029687 0.443750 0.059375 0.445833 0.060937 0.429167 0.064062 0.427083 0.064062 0.366667
7 0.671875 0.470833 0.668750 0.472917 0.667188 0.477083 0.667188 0.483333 0.668750 0.485417 0.667188 0.489583 0.667188 0.500000 0.670312 0.502083 0.678125 0.502083 0.678125 0.493750 0.676562 0.489583 0.679688 0.485417 0.681250 0.485417 0.681250 0.475000 0.679688 0.475000 0.676562 0.470833
7 0.493750 0.435417 0.490625 0.441667 0.490625 0.454167 0.492188 0.456250 0.489063 0.460417 0.489063 0.466667 0.490625 0.468750 0.500000 0.468750 0.501563 0.462500 0.498437 0.458333 0.498437 0.456250 0.501563 0.454167 0.501563 0.435417
7 0.395313 0.389583 0.390625 0.395833 0.390625 0.397917 0.389062 0.400000 0.389062 0.412500 0.393750 0.416667 0.401562 0.416667 0.404687 0.412500 0.404687 0.395833 0.403125 0.393750
8 0.176563 0.297917 0.181250 0.347917 0.162500 0.368750 0.192188 0.381250 0.195312 0.406250 0.187500 0.418750 0.209375 0.420833 0.210938 0.439583 0.220312 0.439583 0.226562 0.414583 0.264062 0.422917 0.262500 0.458333 0.271875 0.460417 0.276562 0.387500 0.259375 0.389583 0.243750 0.358333 0.237500 0.362500 0.203125 0.337500 0.193750 0.312500
8 0.343750 0.000000 0.312500 0.170833 0.356250 0.402083 0.318750 0.343750 0.276562 0.458333 0.375000 0.491667 0.398438 0.377083 0.393750 0.481250 0.489063 0.506250 0.506250 0.318750 0.496875 0.506250 0.676562 0.468750 0.746875 0.516667 0.700000 0.389583 0.795312 0.325000 0.764062 0.256250 0.842187 0.143750 0.785937 0.047917
9 0.496875 0.508333 0.496875 0.525000 0.660937 0.547917 0.596875 0.520833 0.582812 0.529167 0.567187 0.518750
9 0.331250 0.477083 0.331250 0.483333 0.378125 0.506250 0.489063 0.522917 0.489063 0.508333 0.403125 0.485417 0.393750 0.485417 0.390625 0.500000 0.389062 0.483333 0.378125 0.481250 0.375000 0.493750 0.371875 0.479167
9 0.285938 0.477083 0.282813 0.472917 0.279687 0.472917 0.278125 0.468750 0.273438 0.468750 0.271875 0.464583 0.262500 0.460417 0.260937 0.470833 0.254688 0.479167 0.232813 0.483333 0.232813 0.485417 0.281250 0.487500 0.285938 0.483333
10 0.692187 0.410417 0.682813 0.395833 0.670312 0.420833 0.659375 0.420833 0.657813 0.433333 0.651563 0.425000 0.618750 0.416667 0.601562 0.420833 0.596875 0.445833 0.601562 0.439583 0.637500 0.441667 0.646875 0.468750 0.653125 0.470833 0.664062 0.456250 0.676562 0.454167
10 0.756250 0.329167 0.748437 0.333333 0.760938 0.341667 0.757812 0.347917 0.737500 0.341667 0.728125 0.360417 0.718750 0.364583 0.717187 0.372917 0.726562 0.377083 0.725000 0.385417 0.701562 0.389583 0.704688 0.402083 0.721875 0.406250 0.751563 0.435417 0.754687 0.377083 0.739062 0.366667 0.773438 0.333333
10 0.706250 0.000000 0.706250 0.027083 0.735938 0.025000 0.731250 0.054167 0.785937 0.045833 0.782813 0.106250 0.801562 0.093750 0.810937 0.141667 0.842187 0.145833 0.815625 0.214583 0.773438 0.229167 0.795312 0.245833 0.765625 0.256250 0.773438 0.297917 0.800000 0.310417 0.864062 0.252083 0.943750 0.293750 0.960938 0.266667 0.998437 0.314583 0.998437 0.000000
10 0.018750 0.000000 0.025000 0.037500 0.135937 0.070833 0.171875 0.283333 0.203125 0.335417 0.295312 0.400000 0.325000 0.341667 0.348438 0.414583 0.353125 0.256250 0.318750 0.231250 0.345313 0.227083 0.346875 0.195833 0.310937 0.170833 0.342187 0.141667 0.323437 0.095833 0.342187 0.000000
13 0.140625 0.366667 0.140625 0.375000 0.154688 0.377083 0.164062 0.385417 0.162500 0.427083 0.159375 0.429167 0.160938 0.456250 0.162500 0.450000 0.178125 0.454167 0.179688 0.425000 0.185938 0.422917 0.185938 0.414583 0.193750 0.406250 0.193750 0.387500 0.182812 0.375000