0 0.000000 0.589583 0.000000 0.997917 0.998437 0.997917 0.996875 0.733333 0.348438 0.520833
1 0.000000 0.393750 0.000000 0.587500 0.348438 0.518750 0.998437 0.733333 0.987500 0.677083 0.454688 0.545833 0.373437 0.475000 0.346875 0.512500 0.129688 0.472917
2 0.000000 0.000000 0.000000 0.391667 0.089063 0.414583 0.121875 0.402083 0.131250 0.345833 0.100000 0.322917 0.103125 0.289583 0.196875 0.285417 0.146875 0.002083
4 0.800000 0.556250 0.796875 0.583333 0.814063 0.581250 0.820312 0.612500 0.998437 0.681250 0.998437 0.610417
4 0.673438 0.535417 0.676562 0.560417 0.698438 0.568750 0.717187 0.562500 0.742188 0.575000 0.767188 0.577083 0.775000 0.552083 0.775000 0.541667 0.710938 0.527083 0.678125 0.529167
4 0.260937 0.425000 0.267188 0.429167 0.331250 0.441667 0.331250 0.435417 0.328125 0.435417 0.326562 0.431250 0.309375 0.427083 0.292187 0.416667 0.282813 0.416667 0.262500 0.410417
4 0.092188 0.416667 0.096875 0.433333 0.123438 0.435417 0.129688 0.470833 0.187500 0.472917 0.228125 0.464583 0.232813 0.429167 0.253125 0.422917 0.256250 0.408333 0.240625 0.385417 0.243750 0.368750 0.139063 0.331250 0.132812 0.335417 0.123438 0.402083
5 0.654687 0.429167 0.634375 0.593750 0.646875 0.602083 0.660937 0.489583 0.656250 0.489583 0.653125 0.522917 0.650000 0.477083 0.657813 0.464583 0.651563 0.445833
5 0.351562 0.429167 0.350000 0.433333 0.350000 0.450000 0.343750 0.466667 0.342187 0.508333 0.346875 0.510417 0.353125 0.508333 0.356250 0.464583 0.354687 0.456250 0.356250 0.431250
5 0.470313 0.383333 0.467187 0.383333 0.456250 0.485417 0.456250 0.520833
5 0.270313 0.310417 0.265625 0.320833 0.256250 0.406250 0.253125 0.481250
5 0.681250 0.187500 0.659375 0.372917 0.665625 0.370833
7 0.650000 0.416667 0.648438 0.429167 0.654687 0.431250 0.653125 0.445833 0.654687 0.456250 0.659375 0.462500 0.653125 0.468750 0.651563 0.485417 0.673438 0.491667 0.676562 0.487500 0.676562 0.472917 0.662500 0.466667 0.676562 0.460417 0.681250 0.437500 0.671875 0.422917 0.667188 0.420833 0.656250 0.427083
7 0.560937 0.395833 0.557813 0.406250 0.573438 0.414583 0.579688 0.429167 0.585938 0.435417 0.579688 0.447917 0.579688 0.454167 0.585938 0.456250 0.587500 0.452083 0.584375 0.441667 0.592187 0.439583 0.590625 0.427083 0.603125 0.414583 0.603125 0.406250 0.579688 0.395833
7 0.656250 0.375000 0.651563 0.379167 0.648438 0.387500 0.648438 0.397917 0.651563 0.406250 0.654687 0.410417 0.662500 0.410417 0.668750 0.404167 0.668750 0.400000 0.670312 0.397917 0.670312 0.385417 0.668750 0.383333 0.668750 0.379167 0.665625 0.375000
7 0.468750 0.333333 0.459375 0.345833 0.459375 0.354167 0.457813 0.356250 0.459375 0.358333 0.459375 0.370833 0.467187 0.381250 0.478125 0.381250 0.484375 0.368750 0.485938 0.352083 0.479687 0.337500 0.476562 0.337500 0.475000 0.333333
7 0.265625 0.275000 0.265625 0.277083 0.262500 0.279167 0.260937 0.283333 0.260937 0.293750 0.262500 0.295833 0.264062 0.304167 0.265625 0.304167 0.267188 0.308333 0.270313 0.308333 0.271875 0.310417 0.278125 0.306250 0.279687 0.302083 0.282813 0.300000 0.282813 0.289583 0.279687 0.281250 0.276562 0.277083 0.267188 0.277083
8 0.209375 0.218750 0.206250 0.235417 0.193750 0.239583 0.198437 0.285417 0.164062 0.279167 0.151562 0.297917 0.200000 0.325000 0.207813 0.352083 0.243750 0.366667 0.242188 0.385417 0.256250 0.404167 0.265625 0.318750 0.260937 0.279167 0.234375 0.279167 0.223438 0.260417 0.228125 0.237500
8 0.378125 0.000000 0.431250 0.408333 0.278125 0.308333 0.262500 0.408333 0.440625 0.502083 0.475000 0.331250 0.473438 0.502083 0.639062 0.560417 0.681250 0.185417 0.662500 0.420833 0.784375 0.506250 0.687500 0.456250 0.656250 0.554167 0.998437 0.608333 0.998437 0.510417 0.810937 0.477083 0.842187 0.381250 0.998437 0.372917 0.998437 0.000000
9 0.654687 0.558333 0.656250 0.600000 0.935937 0.677083 0.978125 0.675000 0.820312 0.614583 0.809375 0.581250 0.784375 0.606250 0.764062 0.597917 0.762500 0.577083
9 0.356250 0.466667 0.354687 0.491667 0.378125 0.475000 0.437500 0.537500 0.634375 0.591667 0.629687 0.545833 0.600000 0.531250 0.587500 0.545833 0.560937 0.500000 0.479687 0.491667 0.473438 0.504167 0.462500 0.487500 0.456250 0.522917 0.454688 0.485417 0.439063 0.504167 0.435937 0.479167
9 0.259375 0.427083 0.256250 0.483333 0.270313 0.485417 0.317188 0.477083 0.331250 0.481250 0.342187 0.491667 0.345313 0.454167 0.334375 0.443750
9 0.253125 0.425000 0.240625 0.425000 0.234375 0.429167 0.232813 0.458333 0.228125 0.466667 0.207813 0.466667 0.192188 0.472917 0.251563 0.481250
10 0.678125 0.427083 0.682813 0.437500 0.673438 0.462500 0.678125 0.475000 0.687500 0.454167 0.698438 0.483333 0.717187 0.462500 0.750000 0.464583 0.775000 0.487500 0.776563 0.506250 0.782813 0.506250 0.778125 0.445833 0.765625 0.447917 0.756250 0.427083 0.748437 0.435417 0.756250 0.447917 0.751563 0.456250 0.737500 0.445833 0.715625 0.458333 0.704688 0.447917 0.689063 0.450000
10 0.998437 0.375000 0.964063 0.395833 0.921875 0.385417 0.932813 0.400000 0.928125 0.414583 0.867188 0.414583 0.842187 0.383333 0.823438 0.410417 0.812500 0.477083 0.834375 0.441667 0.860938 0.429167 0.889062 0.445833 0.917188 0.493750 0.946875 0.487500 0.982812 0.529167 0.998437 0.508333 0.990625 0.418750
10 0.468750 0.218750 0.471875 0.233333 0.464062 0.241667 0.468750 0.254167 0.468750 0.266667 0.475000 0.283333 0.479687 0.281250 0.482812 0.287500 0.484375 0.283333 0.487500 0.285417 0.490625 0.297917 0.490625 0.285417 0.485938 0.268750 0.493750 0.268750 0.493750 0.250000 0.478125 0.250000 0.475000 0.245833 0.478125 0.235417 0.478125 0.218750
10 0.146875 0.000000 0.193750 0.237500 0.212500 0.216667 0.234375 0.277083 0.276562 0.275000 0.335938 0.383333 0.375000 0.372917 0.400000 0.322917 0.426563 0.412500 0.417187 0.297917 0.443750 0.247917 0.398438 0.216667 0.404687 0.085417 0.357812 0.062500 0.385937 0.070833 0.392188 0.020833
13 0.104688 0.289583 0.101562 0.322917 0.118750 0.331250 0.129688 0.345833 0.131250 0.335417 0.139063 0.329167 0.206250 0.352083 0.204687 0.333333 0.173437 0.306250 0.148438 0.295833