0 0.000000 0.645833 0.000000 0.997917 0.998437 0.997917 0.996875 0.768750 0.453125 0.608333 0.476562 0.556250 0.404687 0.479167 0.309375 0.570833
1 0.453125 0.604167 0.998437 0.768750 0.996875 0.710417 0.789062 0.670833 0.478125 0.556250
1 0.000000 0.643750 0.207813 0.575000 0.309375 0.568750 0.331250 0.533333 0.354687 0.533333 0.375000 0.472917 0.292187 0.508333 0.090625 0.495833 0.073438 0.422917 0.000000 0.408333
2 0.867188 0.556250 0.879687 0.558333 0.887500 0.564583 0.889062 0.568750 0.896875 0.570833 0.901563 0.575000 0.912500 0.575000 0.910937 0.562500 0.907813 0.560417 0.898438 0.562500 0.895312 0.552083 0.892188 0.550000 0.892188 0.543750 0.889062 0.541667 0.882812 0.541667 0.871875 0.556250
2 0.176563 0.000000 0.000000 0.000000 0.001563 0.408333 0.075000 0.422917 0.098437 0.322917 0.121875 0.318750 0.128125 0.291667 0.204687 0.316667 0.209375 0.289583 0.231250 0.289583
4 0.968750 0.587500 0.967187 0.650000 0.996875 0.658333 0.998437 0.662500 0.998437 0.593750
4 0.810937 0.543750 0.804688 0.587500 0.823438 0.585417 0.834375 0.602083 0.842187 0.600000 0.843750 0.591667 0.854688 0.597917 0.846875 0.600000 0.851562 0.606250 0.885938 0.620833 0.912500 0.620833 0.918750 0.595833 0.914062 0.577083 0.892188 0.572917 0.879687 0.560417
4 0.801562 0.543750 0.792188 0.543750 0.784375 0.547917 0.782813 0.545833 0.773438 0.545833 0.773438 0.568750 0.771875 0.570833 0.773438 0.585417 0.779687 0.585417 0.787500 0.589583 0.795312 0.587500 0.793750 0.581250 0.800000 0.554167 0.798438 0.545833
4 0.279687 0.400000 0.276562 0.443750 0.293750 0.435417 0.309375 0.443750 0.379688 0.454167 0.379688 0.443750 0.365625 0.437500 0.357812 0.441667 0.304688 0.422917
4 0.073438 0.454167 0.089063 0.462500 0.090625 0.493750 0.239063 0.485417 0.243750 0.447917 0.267188 0.443750 0.271875 0.395833 0.212500 0.341667 0.104688 0.316667
5 0.810937 0.508333 0.806250 0.508333 0.803125 0.543750 0.800000 0.545833 0.787500 0.654167 0.789062 0.668750 0.795312 0.656250
5 0.389062 0.437500 0.382812 0.437500 0.381250 0.462500 0.376563 0.470833 0.373437 0.535417 0.378125 0.537500 0.384375 0.535417 0.389062 0.477083
5 0.781250 0.395833 0.756250 0.647917 0.764062 0.647917 0.784375 0.427083 0.779687 0.420833 0.787500 0.404167
5 0.529687 0.372917 0.526563 0.372917 0.510938 0.550000 0.514062 0.547917
5 0.287500 0.293750 0.267188 0.445833 0.265625 0.502083 0.271875 0.481250
5 0.817187 0.070833 0.785937 0.350000 0.793750 0.339583
7 0.796875 0.475000 0.795312 0.479167 0.795312 0.502083 0.798438 0.502083 0.800000 0.506250 0.829688 0.506250 0.831250 0.508333 0.832812 0.506250 0.832812 0.491667 0.834375 0.489583 0.832812 0.479167 0.823438 0.479167 0.815625 0.475000
7 0.825000 0.410417 0.812500 0.412500 0.807813 0.416667 0.807813 0.420833 0.804688 0.422917 0.801562 0.431250 0.803125 0.456250 0.812500 0.470833 0.821875 0.470833 0.829688 0.466667 0.837500 0.454167 0.837500 0.447917 0.840625 0.445833 0.837500 0.425000 0.834375 0.422917 0.832812 0.416667
7 0.793750 0.350000 0.779687 0.352083 0.776563 0.354167 0.771875 0.364583 0.773438 0.387500 0.778125 0.393750 0.781250 0.393750 0.782813 0.397917 0.785937 0.397917 0.793750 0.391667 0.798438 0.391667 0.801562 0.387500 0.803125 0.362500
7 0.532813 0.314583 0.520312 0.320833 0.515625 0.329167 0.514062 0.337500 0.515625 0.358333 0.521875 0.368750 0.526563 0.370833 0.534375 0.370833 0.540625 0.366667 0.545312 0.360417 0.545312 0.354167 0.548438 0.352083 0.546875 0.329167 0.539062 0.316667
7 0.284375 0.252083 0.281250 0.254167 0.278125 0.260417 0.276562 0.260417 0.276562 0.277083 0.284375 0.291667 0.293750 0.291667 0.296875 0.287500 0.300000 0.287500 0.301563 0.285417 0.301563 0.264583 0.298438 0.262500 0.298438 0.258333 0.296875 0.258333 0.295312 0.254167
8 0.801562 0.466667 0.787500 0.468750 0.781250 0.475000 0.776563 0.512500 0.776563 0.543750 0.784375 0.545833 0.801562 0.541667 0.804688 0.508333 0.800000 0.508333 0.793750 0.502083 0.793750 0.479167 0.796875 0.472917 0.804688 0.472917
8 0.253125 0.227083 0.253125 0.241667 0.243750 0.254167 0.231250 0.239583 0.232813 0.289583 0.209375 0.291667 0.204687 0.314583 0.234375 0.339583 0.254688 0.387500 0.271875 0.393750 0.282813 0.300000 0.271875 0.291667 0.267188 0.270833 0.270313 0.235417
8 0.395313 0.000000 0.446875 0.193750 0.550000 0.245833 0.462500 0.289583 0.471875 0.425000 0.301563 0.293750 0.282813 0.402083 0.489063 0.516667 0.548438 0.270833 0.520312 0.497917 0.754687 0.591667 0.817187 0.068750 0.784375 0.447917 0.912500 0.406250 0.810937 0.541667 0.965625 0.652083 0.998437 0.000000
9 0.803125 0.591667 0.800000 0.658333 0.998437 0.710417 0.996875 0.660417 0.921875 0.643750 0.907813 0.627083 0.851562 0.608333 0.845313 0.600000 0.853125 0.597917 0.843750 0.593750 0.834375 0.604167 0.823438 0.587500
9 0.771875 0.583333 0.765625 0.620833 0.765625 0.647917 0.776563 0.652083 0.787500 0.652083 0.793750 0.591667 0.773438 0.587500
9 0.404687 0.475000 0.492188 0.570833 0.754687 0.637500 0.757812 0.587500 0.725000 0.589583 0.692187 0.543750 0.687500 0.558333 0.685937 0.512500 0.643750 0.504167 0.612500 0.527083 0.520312 0.500000 0.510938 0.552083 0.512500 0.497917 0.492188 0.493750 0.487500 0.518750 0.482812 0.491667
9 0.265625 0.445833 0.245312 0.447917 0.239063 0.487500 0.195312 0.487500 0.178125 0.497917 0.164062 0.495833 0.264062 0.502083
9 0.270313 0.502083 0.292187 0.506250 0.350000 0.491667 0.375000 0.470833 0.379688 0.456250 0.287500 0.437500 0.275000 0.445833
10 0.781250 0.456250 0.781250 0.472917 0.787500 0.466667 0.793750 0.466667 0.795312 0.464583 0.801562 0.464583 0.806250 0.472917 0.810937 0.472917 0.810937 0.468750 0.803125 0.460417 0.800000 0.447917 0.796875 0.450000 0.789062 0.450000 0.787500 0.447917 0.784375 0.450000 0.784375 0.454167
10 0.771875 0.439583 0.770312 0.441667 0.767188 0.441667 0.764062 0.447917 0.764062 0.458333 0.762500 0.460417 0.762500 0.468750 0.760938 0.470833 0.760938 0.487500 0.764062 0.489583 0.767188 0.489583 0.767188 0.483333 0.770312 0.477083 0.771875 0.450000 0.773438 0.447917 0.773438 0.441667
10 0.998437 0.389583 0.992188 0.400000 0.992188 0.420833 0.987500 0.433333 0.989062 0.450000 0.993750 0.458333 0.995313 0.466667 0.998437 0.466667
10 0.873437 0.387500 0.879687 0.418750 0.898438 0.422917 0.901563 0.441667 0.890625 0.447917 0.884375 0.425000 0.862500 0.425000 0.859375 0.439583 0.865625 0.452083 0.843750 0.441667 0.826562 0.472917 0.856250 0.495833 0.854688 0.510417 0.887500 0.522917 0.895312 0.516667 0.896875 0.477083 0.920312 0.437500 0.912500 0.408333 0.907813 0.416667 0.893750 0.414583 0.887500 0.393750
10 0.960938 0.364583 0.957812 0.364583 0.951562 0.372917 0.940625 0.375000 0.935937 0.379167 0.934375 0.397917 0.940625 0.425000 0.951562 0.425000 0.954688 0.420833 0.954688 0.395833 0.957812 0.391667 0.960938 0.377083
10 0.587500 0.295833 0.573438 0.308333 0.554688 0.312500 0.559375 0.329167 0.565625 0.333333 0.556250 0.350000 0.570312 0.347917 0.570312 0.402083 0.581250 0.414583 0.579688 0.383333 0.587500 0.379167 0.592187 0.358333 0.598437 0.352083 0.595313 0.347917 0.590625 0.358333 0.582812 0.356250 0.584375 0.343750 0.598437 0.329167 0.584375 0.320833 0.593750 0.308333
10 0.178125 0.000000 0.226562 0.250000 0.265625 0.227083 0.281250 0.297917 0.295312 0.252083 0.289062 0.297917 0.382812 0.397917 0.445312 0.333333 0.453125 0.414583 0.476562 0.418750 0.460938 0.289583 0.503125 0.227083 0.532813 0.283333 0.553125 0.227083 0.531250 0.177083 0.493750 0.214583 0.445312 0.193750 0.446875 0.020833
13 0.125000 0.297917 0.123438 0.318750 0.135937 0.318750 0.148438 0.327083 0.201563 0.341667 0.220312 0.335417 0.220312 0.329167 0.175000 0.302083 0.128125 0.293750