0 0.000000 0.691667 0.000000 0.997917 0.998437 0.997917 0.996875 0.808333 0.526563 0.660417 0.401562 0.485417 0.379688 0.564583
1 0.420312 0.497917 0.526563 0.658333 0.567187 0.641667 0.568750 0.670833 0.998437 0.808333 0.998437 0.727083 0.904687 0.706250 0.934375 0.766667 0.875000 0.754167 0.889062 0.697917 0.514062 0.600000
1 0.367188 0.487500 0.271875 0.525000 0.000000 0.525000 0.000000 0.689583 0.164062 0.612500 0.307812 0.604167 0.381250 0.560417 0.364063 0.552083
2 0.915625 0.518750 0.912500 0.520833 0.889062 0.520833 0.890625 0.531250 0.901563 0.537500 0.898438 0.547917 0.893750 0.550000 0.893750 0.554167 0.896875 0.558333 0.906250 0.560417 0.914062 0.558333 0.912500 0.552083 0.915625 0.550000 0.915625 0.541667 0.910937 0.537500 0.910937 0.533333 0.917188 0.527083
2 0.754687 0.431250 0.750000 0.431250 0.746875 0.443750 0.740625 0.447917 0.737500 0.456250 0.737500 0.462500 0.740625 0.466667 0.746875 0.466667 0.750000 0.462500 0.751563 0.458333 0.751563 0.443750 0.754687 0.441667
2 0.160938 0.000000 0.000000 0.000000 0.000000 0.425000 0.015625 0.287500 0.092188 0.314583 0.101562 0.287500 0.220312 0.287500
4 0.923438 0.562500 0.920312 0.602083 0.931250 0.608333 0.935937 0.629167 0.984375 0.647917 0.993750 0.641667 0.998437 0.629167 0.998437 0.587500 0.951562 0.581250 0.937500 0.572917 0.934375 0.564583
4 0.854688 0.550000 0.850000 0.587500 0.884375 0.591667 0.885938 0.595833 0.900000 0.597917 0.907813 0.595833 0.912500 0.562500 0.896875 0.560417 0.895312 0.556250 0.875000 0.556250
4 0.826562 0.543750 0.823438 0.545833 0.823438 0.560417 0.825000 0.562500 0.823438 0.581250 0.828125 0.581250 0.835938 0.585417 0.835938 0.577083 0.837500 0.575000 0.837500 0.545833 0.831250 0.545833 0.829688 0.543750
4 0.256250 0.395833 0.253125 0.454167 0.290625 0.443750 0.373437 0.460417 0.371875 0.452083 0.289062 0.425000 0.284375 0.408333
4 0.010937 0.295833 0.000000 0.522917 0.206250 0.500000 0.214062 0.456250 0.243750 0.452083 0.248438 0.393750 0.228125 0.383333 0.220312 0.358333
5 0.926562 0.514583 0.917188 0.514583 0.917188 0.550000 0.898438 0.670833 0.898438 0.735417 0.903125 0.731250 0.907813 0.662500 0.918750 0.620833
5 0.381250 0.437500 0.376563 0.443750 0.373437 0.495833 0.370312 0.497917 0.370312 0.529167 0.365625 0.550000 0.368750 0.556250 0.381250 0.554167 0.379688 0.525000 0.385937 0.450000
5 0.860938 0.414583 0.854688 0.414583 0.828125 0.675000 0.834375 0.685417 0.842187 0.683333
5 0.548438 0.360417 0.543750 0.364583 0.526563 0.564583 0.532813 0.558333
5 0.262500 0.270833 0.240625 0.518750 0.246875 0.506250
5 0.903125 0.000000 0.890625 0.025000 0.864062 0.320833 0.873437 0.316667
7 0.906250 0.472917 0.904687 0.512500 0.926562 0.512500 0.928125 0.516667 0.954688 0.518750 0.957812 0.487500 0.956250 0.477083
7 0.946875 0.391667 0.935937 0.389583 0.934375 0.393750 0.925000 0.395833 0.914062 0.414583 0.912500 0.431250 0.917188 0.454167 0.931250 0.468750 0.953125 0.462500 0.964063 0.443750 0.965625 0.420833 0.962500 0.418750 0.959375 0.406250
7 0.848437 0.393750 0.846875 0.408333 0.848437 0.408333 0.850000 0.412500 0.879687 0.414583 0.879687 0.397917 0.881250 0.395833 0.876563 0.391667 0.870313 0.393750 0.868750 0.389583 0.851562 0.391667
7 0.685937 0.375000 0.687500 0.385417 0.692187 0.389583 0.734375 0.397917 0.737500 0.406250 0.732812 0.414583 0.737500 0.422917 0.732812 0.431250 0.742188 0.433333 0.740625 0.414583 0.753125 0.395833 0.746875 0.381250 0.731250 0.383333 0.717187 0.372917 0.695312 0.368750
7 0.859375 0.325000 0.850000 0.335417 0.846875 0.358333 0.850000 0.360417 0.851562 0.370833 0.862500 0.379167 0.876563 0.377083 0.878125 0.372917 0.882812 0.370833 0.885938 0.362500 0.889062 0.341667 0.885938 0.333333 0.875000 0.322917
7 0.551562 0.293750 0.539062 0.300000 0.529687 0.318750 0.529687 0.335417 0.534375 0.350000 0.550000 0.360417 0.557813 0.358333 0.564063 0.350000 0.568750 0.335417 0.567187 0.310417 0.560937 0.300000
7 0.256250 0.227083 0.251563 0.235417 0.253125 0.239583 0.250000 0.241667 0.254688 0.262500 0.259375 0.268750 0.262500 0.268750 0.264062 0.272917 0.270313 0.272917 0.278125 0.268750 0.279687 0.260417 0.282813 0.258333 0.281250 0.256250 0.281250 0.241667 0.278125 0.237500 0.278125 0.233333 0.271875 0.227083
8 0.859375 0.481250 0.854688 0.547917 0.875000 0.554167 0.892188 0.554167 0.900000 0.537500 0.889062 0.531250 0.884375 0.514583 0.873437 0.512500 0.873437 0.500000 0.876563 0.497917
8 0.228125 0.237500 0.229687 0.256250 0.220312 0.289583 0.175000 0.287500 0.164062 0.300000 0.217188 0.331250 0.232813 0.364583 0.228125 0.381250 0.248438 0.391667 0.259375 0.270833 0.250000 0.237500 0.242188 0.258333 0.234375 0.256250
8 0.540625 0.281250 0.517188 0.214583 0.490625 0.281250 0.468750 0.281250 0.479687 0.427083 0.454688 0.414583 0.450000 0.339583 0.385937 0.408333 0.376563 0.366667 0.314063 0.302083 0.271875 0.306250 0.265625 0.275000 0.256250 0.393750 0.360938 0.450000 0.381250 0.435417 0.410938 0.481250 0.426563 0.458333 0.428125 0.481250 0.495312 0.495833 0.498437 0.525000 0.532813 0.487500
8 0.904687 0.000000 0.873437 0.318750 0.890625 0.343750 0.862500 0.447917 0.912500 0.450000 0.915625 0.406250 0.950000 0.391667 0.964063 0.450000 0.923438 0.470833 0.956250 0.475000 0.957812 0.508333 0.928125 0.518750 0.926562 0.552083 0.998437 0.585417 0.998437 0.000000
8 0.460938 0.000000 0.450000 0.162500 0.543750 0.154167 0.551562 0.291667 0.606250 0.277083 0.628125 0.320833 0.592187 0.425000 0.581250 0.343750 0.550000 0.362500 0.537500 0.502083 0.743750 0.531250 0.804688 0.610417 0.846875 0.472917 0.810937 0.435417 0.851562 0.439583 0.895312 0.000000
9 0.859375 0.760417 0.918750 0.787500 0.985938 0.804167 0.979688 0.795833 0.956250 0.785417 0.889062 0.768750 0.875000 0.760417
9 0.865625 0.737500 0.873437 0.745833 0.875000 0.752083 0.887500 0.752083 0.889062 0.756250 0.909375 0.764583 0.921875 0.762500 0.932813 0.766667 0.931250 0.762500 0.920312 0.758333 0.923438 0.747917 0.904687 0.735417 0.898438 0.737500 0.895312 0.733333 0.882812 0.733333 0.875000 0.729167 0.875000 0.733333 0.871875 0.731250
9 0.921875 0.604167 0.906250 0.704167 0.998437 0.725000 0.998437 0.660417 0.982812 0.645833 0.935937 0.631250 0.929688 0.608333
9 0.850000 0.589583 0.842187 0.685417 0.895312 0.700000 0.906250 0.600000
9 0.384375 0.470833 0.382812 0.512500 0.393750 0.483333 0.425000 0.495833 0.509375 0.595833 0.826562 0.681250 0.834375 0.587500 0.773438 0.606250 0.743750 0.533333 0.656250 0.543750 0.537500 0.504167 0.526563 0.566667 0.529687 0.504167 0.501563 0.500000 0.496875 0.527083 0.495312 0.497917
9 0.243750 0.454167 0.214062 0.458333 0.212500 0.489583 0.206250 0.502083 0.173437 0.500000 0.139063 0.516667 0.239063 0.518750
9 0.251563 0.452083 0.245312 0.518750 0.250000 0.522917 0.328125 0.506250 0.367188 0.485417 0.362500 0.502083 0.367188 0.533333 0.375000 0.462500
10 0.862500 0.450000 0.859375 0.479167 0.878125 0.497917 0.875000 0.512500 0.884375 0.512500 0.885938 0.518750 0.915625 0.516667 0.903125 0.512500 0.904687 0.472917 0.921875 0.470833 0.923438 0.466667 0.915625 0.450000 0.906250 0.447917 0.903125 0.437500 0.873437 0.441667
10 0.812500 0.435417 0.810937 0.464583 0.818750 0.462500 0.826562 0.468750 0.840625 0.464583 0.845313 0.470833 0.848437 0.470833 0.850000 0.458333 0.848437 0.437500 0.845313 0.437500 0.843750 0.441667 0.837500 0.441667 0.831250 0.447917 0.820312 0.447917 0.817187 0.443750 0.817187 0.435417
10 0.606250 0.279167 0.592187 0.295833 0.571875 0.291667 0.565625 0.302083 0.573438 0.329167 0.568750 0.350000 0.582812 0.343750 0.581250 0.402083 0.592187 0.422917 0.587500 0.385417 0.598437 0.379167 0.604688 0.356250 0.600000 0.339583 0.612500 0.320833 0.620313 0.327083 0.626563 0.320833 0.603125 0.310417 0.614062 0.293750
10 0.734375 0.260417 0.729688 0.260417 0.718750 0.270833 0.717187 0.283333 0.714063 0.285417 0.714063 0.304167 0.710938 0.310417 0.710938 0.327083 0.726562 0.335417 0.728125 0.325000 0.723437 0.318750 0.723437 0.310417 0.726562 0.306250 0.739062 0.302083 0.737500 0.295833 0.729688 0.289583 0.739062 0.270833 0.739062 0.264583
10 0.162500 0.000000 0.221875 0.268750 0.271875 0.225000 0.271875 0.304167 0.314063 0.300000 0.385937 0.406250 0.450000 0.337500 0.479687 0.425000 0.467187 0.281250 0.517188 0.212500 0.548438 0.293750 0.564063 0.202083 0.543750 0.156250 0.501563 0.185417 0.448437 0.162500 0.459375 0.000000
13 0.100000 0.291667 0.100000 0.316667 0.184375 0.339583 0.220312 0.356250 0.225000 0.375000 0.231250 0.372917 0.225000 0.343750 0.184375 0.310417 0.126562 0.291667