0 0.000000 0.583333 0.000000 0.997917 0.998437 0.997917 0.998437 0.706250 0.290625 0.529167
1 0.000000 0.443750 0.000000 0.581250 0.290625 0.527083 0.759375 0.608333 0.998437 0.704167 0.996875 0.660417 0.301563 0.477083 0.287500 0.508333 0.264062 0.458333 0.140625 0.493750
2 0.671875 0.477083 0.670312 0.483333 0.675000 0.495833 0.675000 0.506250 0.668750 0.516667 0.673438 0.508333 0.681250 0.512500 0.693750 0.512500 0.696875 0.514583 0.695312 0.497917 0.692187 0.491667 0.693750 0.481250 0.687500 0.481250 0.685937 0.479167 0.679688 0.481250
2 0.996875 0.195833 0.948438 0.237500 0.957812 0.279167 0.912500 0.268750 0.828125 0.341667 0.837500 0.362500 0.831250 0.537500 0.954688 0.554167 0.998437 0.541667
2 0.057813 0.000000 0.000000 0.000000 0.000000 0.441667 0.037500 0.439583 0.029687 0.404167 0.045312 0.325000 0.118750 0.304167
4 0.771875 0.531250 0.768750 0.585417 0.998437 0.662500 0.998437 0.543750 0.954688 0.556250
4 0.637500 0.516667 0.637500 0.529167 0.670312 0.529167 0.671875 0.556250 0.764062 0.581250 0.767188 0.529167 0.762500 0.525000 0.701562 0.520833 0.673438 0.510417 0.665625 0.520833 0.646875 0.522917
4 0.068750 0.400000 0.075000 0.433333 0.068750 0.466667 0.112500 0.472917 0.121875 0.489583 0.190625 0.485417 0.195312 0.447917 0.207813 0.443750 0.196875 0.422917 0.200000 0.404167 0.189062 0.395833 0.084375 0.372917 0.085938 0.393750
5 0.523438 0.470833 0.517188 0.470833 0.515625 0.514583 0.510938 0.545833 0.512500 0.547917 0.517188 0.547917 0.517188 0.527083 0.520312 0.516667 0.520312 0.483333
5 0.298438 0.425000 0.296875 0.439583 0.290625 0.441667 0.289062 0.445833 0.287500 0.506250 0.292187 0.506250 0.293750 0.500000 0.293750 0.468750 0.298438 0.464583
7 0.768750 0.472917 0.765625 0.475000 0.762500 0.483333 0.762500 0.491667 0.765625 0.500000 0.760938 0.502083 0.760938 0.514583 0.762500 0.516667 0.778125 0.518750 0.779687 0.510417 0.778125 0.504167 0.775000 0.502083 0.779687 0.495833 0.779687 0.491667 0.782813 0.489583 0.782813 0.483333 0.779687 0.481250 0.778125 0.475000
7 0.520312 0.422917 0.515625 0.429167 0.515625 0.445833 0.518750 0.452083 0.514062 0.456250 0.514062 0.464583 0.512500 0.466667 0.517188 0.468750 0.529687 0.468750 0.529687 0.456250 0.526563 0.454167 0.529687 0.445833 0.532813 0.443750 0.532813 0.431250 0.531250 0.431250 0.526563 0.422917
7 0.528125 0.387500 0.521875 0.387500 0.520312 0.389583 0.518750 0.389583 0.518750 0.391667 0.517188 0.393750 0.517188 0.404167 0.518750 0.406250 0.518750 0.410417 0.520312 0.410417 0.523438 0.414583 0.528125 0.412500 0.531250 0.408333 0.531250 0.406250 0.532813 0.404167 0.532813 0.393750 0.531250 0.391667 0.531250 0.389583 0.529687 0.389583
7 0.385937 0.360417 0.378125 0.364583 0.375000 0.372917 0.375000 0.387500 0.378125 0.393750 0.385937 0.397917 0.390625 0.397917 0.392188 0.393750 0.395313 0.393750 0.395313 0.389583 0.396875 0.387500 0.396875 0.372917 0.395313 0.368750 0.392188 0.366667 0.392188 0.364583
7 0.217188 0.327083 0.217188 0.329167 0.215625 0.331250 0.214062 0.331250 0.214062 0.335417 0.212500 0.337500 0.212500 0.339583 0.214062 0.341667 0.214062 0.345833 0.218750 0.352083 0.225000 0.352083 0.226562 0.350000 0.228125 0.350000 0.228125 0.347917 0.229687 0.345833 0.231250 0.345833 0.231250 0.335417 0.229687 0.333333 0.229687 0.331250 0.225000 0.327083
8 0.118750 0.243750 0.112500 0.250000 0.118750 0.310417 0.084375 0.312500 0.073438 0.329167 0.129688 0.352083 0.140625 0.383333 0.196875 0.397917 0.201563 0.437500 0.209375 0.443750 0.217188 0.366667 0.210938 0.337500 0.187500 0.327083 0.165625 0.285417 0.139063 0.285417 0.139063 0.256250
8 0.217188 0.443750 0.362500 0.493750 0.387500 0.350000 0.382812 0.481250 0.514062 0.514583 0.532813 0.260417 0.523438 0.518750 0.632812 0.547917 0.650000 0.395833 0.712500 0.387500 0.701562 0.518750 0.825000 0.533333 0.743750 0.402083 0.957812 0.277083 0.998437 0.000000 0.310937 0.000000 0.348438 0.410417 0.229687 0.347917
9 0.518750 0.545833 0.742188 0.579167 0.671875 0.558333 0.670312 0.531250 0.635938 0.531250 0.634375 0.547917 0.625000 0.550000 0.606250 0.525000 0.520312 0.518750
9 0.295312 0.468750 0.362500 0.518750 0.510938 0.543750 0.512500 0.516667 0.462500 0.493750 0.403125 0.485417 0.393750 0.493750 0.381250 0.481250 0.376563 0.508333 0.375000 0.481250 0.367188 0.479167 0.362500 0.495833 0.359375 0.479167
9 0.182812 0.489583 0.223438 0.491667 0.246875 0.479167 0.248438 0.454167 0.239063 0.447917 0.215625 0.445833 0.212500 0.477083 0.209375 0.470833 0.209375 0.445833 0.198437 0.445833 0.193750 0.481250 0.190625 0.487500
10 0.618750 0.414583 0.614062 0.418750 0.614062 0.425000 0.618750 0.429167 0.615625 0.435417 0.610938 0.429167 0.596875 0.433333 0.596875 0.447917 0.600000 0.460417 0.606250 0.460417 0.606250 0.452083 0.614062 0.441667 0.621875 0.439583 0.621875 0.433333 0.618750 0.425000
10 0.717187 0.393750 0.704688 0.389583 0.701562 0.402083 0.678125 0.400000 0.676562 0.404167 0.660937 0.404167 0.657813 0.393750 0.653125 0.393750 0.646875 0.441667 0.656250 0.447917 0.670312 0.475000 0.696875 0.477083 0.693750 0.458333 0.704688 0.429167 0.718750 0.410417
10 0.832812 0.358333 0.821875 0.358333 0.828125 0.368750 0.817187 0.377083 0.817187 0.391667 0.807813 0.391667 0.804688 0.379167 0.787500 0.379167 0.776563 0.404167 0.759375 0.385417 0.756250 0.397917 0.745313 0.402083 0.792188 0.462500 0.792188 0.481250 0.801562 0.481250 0.807813 0.460417 0.818750 0.460417 0.828125 0.472917
10 0.998437 0.104167 0.967187 0.122917 0.940625 0.114583 0.939063 0.137500 0.951562 0.135417 0.953125 0.164583 0.937500 0.181250 0.940625 0.202083 0.923438 0.218750 0.934375 0.233333 0.951562 0.231250 0.998437 0.195833
10 0.059375 0.000000 0.112500 0.247917 0.203125 0.337500 0.228125 0.327083 0.248438 0.383333 0.284375 0.383333 0.314063 0.327083 0.328125 0.408333 0.346875 0.410417 0.348438 0.279167 0.321875 0.270833 0.331250 0.189583 0.282813 0.147917 0.314063 0.139583 0.298438 0.102083 0.318750 0.095833 0.273438 0.060417 0.310937 0.002083
13 0.039062 0.443750 0.064062 0.437500 0.070312 0.445833 0.067187 0.400000 0.084375 0.393750 0.084375 0.370833 0.139063 0.383333 0.137500 0.366667 0.110937 0.341667 0.045312 0.327083 0.031250 0.404167