0 0.000000 0.577083 0.000000 0.997917 0.998437 0.997917 0.998437 0.722917 0.331250 0.535417
1 0.000000 0.408333 0.000000 0.575000 0.331250 0.533333 0.998437 0.720833 0.998437 0.681250
2 0.729688 0.497917 0.731250 0.506250 0.735938 0.512500 0.732812 0.527083 0.740625 0.537500 0.746875 0.535417 0.754687 0.537500 0.760938 0.533333 0.762500 0.525000 0.759375 0.520833 0.750000 0.520833 0.743750 0.514583 0.743750 0.510417 0.750000 0.502083
2 0.995313 0.352083 0.987500 0.358333 0.992188 0.377083 0.979688 0.383333 0.978125 0.397917 0.959375 0.400000 0.954688 0.383333 0.935937 0.568750 0.940625 0.577083 0.998437 0.589583
2 0.000000 0.000000 0.000000 0.406250 0.070312 0.416667 0.060937 0.368750 0.073438 0.302083 0.162500 0.289583 0.156250 0.229167 0.171875 0.210417 0.146875 0.189583 0.109375 0.000000
4 0.901563 0.577083 0.896875 0.641667 0.998437 0.679167 0.995313 0.587500
4 0.715625 0.535417 0.710938 0.562500 0.740625 0.562500 0.743750 0.579167 0.889062 0.639583 0.895312 0.575000
4 0.635938 0.539583 0.635938 0.543750 0.648438 0.543750 0.650000 0.547917 0.662500 0.545833 0.689063 0.552083 0.693750 0.543750 0.693750 0.525000 0.690625 0.520833 0.654687 0.516667 0.650000 0.520833 0.650000 0.527083 0.646875 0.531250 0.640625 0.531250
4 0.242188 0.412500 0.242188 0.431250 0.245312 0.433333 0.275000 0.435417 0.279687 0.439583 0.293750 0.439583 0.296875 0.443750 0.296875 0.437500 0.293750 0.431250 0.284375 0.431250 0.278125 0.425000 0.265625 0.422917 0.253125 0.414583
4 0.084375 0.439583 0.123438 0.452083 0.126562 0.470833 0.171875 0.477083 0.215625 0.464583 0.217188 0.433333 0.235937 0.427083 0.235937 0.412500 0.221875 0.404167 0.220312 0.377083 0.107813 0.354167 0.109375 0.418750
5 0.585938 0.479167 0.579688 0.479167 0.578125 0.485417 0.578125 0.506250 0.570312 0.566667 0.571875 0.570833 0.576562 0.570833 0.579688 0.564583 0.579688 0.541667 0.587500 0.491667
5 0.328125 0.431250 0.320312 0.431250 0.318750 0.485417 0.315625 0.487500 0.317188 0.502083 0.325000 0.500000 0.325000 0.466667 0.326562 0.464583 0.325000 0.445833
5 0.248438 0.327083 0.245312 0.327083 0.240625 0.400000 0.234375 0.429167 0.232813 0.481250 0.235937 0.481250
5 0.603125 0.247917 0.589063 0.379167 0.593750 0.379167 0.598437 0.339583
7 0.904687 0.500000 0.903125 0.504167 0.896875 0.504167 0.896875 0.508333 0.890625 0.514583 0.890625 0.525000 0.896875 0.535417 0.885938 0.539583 0.887500 0.554167 0.910937 0.558333 0.912500 0.543750 0.904687 0.539583 0.917188 0.529167 0.918750 0.514583 0.912500 0.504167 0.906250 0.504167
7 0.600000 0.427083 0.592187 0.422917 0.582812 0.427083 0.581250 0.452083 0.584375 0.456250 0.578125 0.460417 0.579688 0.477083 0.598437 0.477083 0.598437 0.462500 0.592187 0.462500 0.589063 0.458333 0.596875 0.454167 0.601562 0.443750
7 0.503125 0.404167 0.503125 0.406250 0.504687 0.406250 0.506250 0.410417 0.509375 0.410417 0.510938 0.412500 0.517188 0.412500 0.518750 0.414583 0.537500 0.414583 0.535937 0.406250 0.532813 0.404167 0.528125 0.404167 0.521875 0.400000 0.515625 0.400000 0.512500 0.397917
7 0.585938 0.381250 0.582812 0.385417 0.581250 0.385417 0.581250 0.404167 0.587500 0.412500 0.592187 0.412500 0.595313 0.410417 0.600000 0.397917 0.600000 0.389583 0.598437 0.385417 0.596875 0.385417 0.593750 0.381250
7 0.437500 0.347917 0.425000 0.347917 0.421875 0.350000 0.417187 0.362500 0.418750 0.372917 0.425000 0.387500 0.431250 0.387500 0.432812 0.383333 0.437500 0.383333 0.442188 0.377083 0.443750 0.362500
7 0.245312 0.295833 0.242188 0.300000 0.242188 0.304167 0.240625 0.306250 0.240625 0.314583 0.242188 0.316667 0.242188 0.320833 0.245312 0.325000 0.256250 0.325000 0.256250 0.322917 0.259375 0.320833 0.259375 0.304167 0.256250 0.300000 0.254688 0.300000 0.253125 0.295833
8 0.943750 0.477083 0.937500 0.477083 0.939063 0.487500 0.925000 0.489583 0.914062 0.500000 0.920312 0.522917 0.912500 0.537500 0.906250 0.539583 0.914062 0.543750 0.914062 0.556250 0.903125 0.560417 0.903125 0.575000 0.935937 0.575000 0.934375 0.558333
8 0.760938 0.456250 0.756250 0.495833 0.745313 0.510417 0.764062 0.525000 0.760938 0.543750 0.895312 0.572917 0.896875 0.558333 0.885938 0.554167 0.884375 0.539583 0.895312 0.535417 0.889062 0.514583 0.907813 0.495833 0.879687 0.487500 0.864062 0.508333 0.845313 0.462500 0.798438 0.420833 0.785937 0.420833
8 0.160938 0.222917 0.165625 0.287500 0.123438 0.289583 0.114062 0.304167 0.157812 0.320833 0.175000 0.339583 0.178125 0.360417 0.223438 0.377083 0.223438 0.404167 0.235937 0.410417 0.245312 0.329167 0.234375 0.291667 0.221875 0.275000 0.190625 0.270833 0.184375 0.262500 0.189062 0.239583 0.171875 0.220833
8 0.242188 0.410417 0.404687 0.495833 0.437500 0.345833 0.421875 0.481250 0.573438 0.527083 0.603125 0.245833 0.582812 0.533333 0.707812 0.575000 0.742188 0.389583 0.990625 0.377083 0.998437 0.000000 0.317188 0.004167 0.393750 0.406250 0.357812 0.322917 0.298438 0.379167 0.250000 0.327083
9 0.581250 0.541667 0.579688 0.568750 0.850000 0.625000 0.743750 0.581250 0.740625 0.564583 0.710938 0.564583 0.706250 0.577083 0.687500 0.570833 0.687500 0.552083
9 0.326562 0.466667 0.409375 0.527083 0.570312 0.564583 0.571875 0.527083 0.535937 0.514583 0.529687 0.531250 0.528125 0.504167 0.509375 0.493750 0.421875 0.483333 0.418750 0.512500 0.417187 0.479167 0.406250 0.479167 0.401562 0.497917 0.396875 0.475000
9 0.240625 0.433333 0.237500 0.481250 0.250000 0.483333 0.281250 0.475000 0.295312 0.464583 0.310937 0.464583 0.317188 0.477083 0.317188 0.458333 0.301563 0.445833
9 0.232813 0.431250 0.218750 0.433333 0.215625 0.466667 0.196875 0.468750 0.173437 0.477083 0.218750 0.477083 0.220312 0.481250 0.231250 0.481250 0.234375 0.441667
10 0.696875 0.450000 0.695312 0.445833 0.689063 0.441667 0.689063 0.437500 0.685937 0.445833 0.679688 0.445833 0.676562 0.439583 0.668750 0.441667 0.662500 0.439583 0.654687 0.447917 0.648438 0.447917 0.646875 0.452083 0.648438 0.468750 0.654687 0.472917 0.657813 0.470833 0.659375 0.462500 0.667188 0.452083 0.671875 0.450000 0.682813 0.452083
10 0.625000 0.431250 0.623437 0.435417 0.623437 0.441667 0.625000 0.443750 0.625000 0.450000 0.626563 0.452083 0.626563 0.464583 0.631250 0.466667 0.637500 0.462500 0.637500 0.456250 0.639062 0.454167 0.639062 0.443750 0.637500 0.441667 0.631250 0.441667
10 0.953125 0.381250 0.921875 0.412500 0.881250 0.391667 0.860938 0.435417 0.839063 0.402083 0.856250 0.377083 0.828125 0.395833 0.798438 0.381250 0.806250 0.410417 0.754687 0.410417 0.742188 0.391667 0.721875 0.489583 0.751563 0.500000 0.764062 0.447917 0.798438 0.418750 0.825000 0.433333 0.864062 0.506250 0.879687 0.485417 0.912500 0.502083 0.943750 0.475000
10 0.429688 0.250000 0.428125 0.258333 0.429688 0.279167 0.440625 0.297917 0.446875 0.297917 0.443750 0.295833 0.442188 0.281250 0.448437 0.272917 0.448437 0.268750 0.435937 0.272917 0.431250 0.266667 0.431250 0.260417 0.434375 0.258333 0.434375 0.250000
10 0.110937 0.000000 0.148438 0.189583 0.185938 0.262500 0.239063 0.310417 0.253125 0.293750 0.296875 0.377083 0.332813 0.375000 0.362500 0.320833 0.371875 0.400000 0.390625 0.408333 0.378125 0.304167 0.401562 0.270833 0.364063 0.245833 0.371875 0.135417 0.323437 0.095833 0.348438 0.106250 0.340625 0.045833 0.359375 0.041667 0.317188 0.014583 0.329688 0.000000
13 0.062500 0.383333 0.075000 0.422917 0.092188 0.433333 0.107813 0.418750 0.107813 0.352083 0.176563 0.360417 0.175000 0.343750 0.139063 0.312500 0.078125 0.300000