0 0.000000 0.589583 0.000000 0.997917 0.998437 0.997917 0.998437 0.702083 0.296875 0.527083
1 0.000000 0.445833 0.000000 0.587500 0.296875 0.525000 0.753125 0.602083 0.998437 0.700000 0.996875 0.658333 0.301563 0.477083 0.289062 0.508333 0.251563 0.456250 0.150000 0.493750
2 0.668750 0.475000 0.667188 0.477083 0.667188 0.485417 0.671875 0.489583 0.668750 0.508333 0.687500 0.512500 0.689063 0.510417 0.689063 0.504167 0.685937 0.497917 0.689063 0.495833 0.689063 0.493750 0.687500 0.493750 0.685937 0.489583 0.689063 0.485417 0.689063 0.479167 0.685937 0.477083 0.670312 0.477083
2 0.996875 0.204167 0.976562 0.197917 0.940625 0.229167 0.931250 0.285417 0.898438 0.270833 0.823438 0.331250 0.815625 0.529167 0.940625 0.547917 0.973437 0.533333 0.976562 0.550000 0.998437 0.552083
2 0.000000 0.000000 0.000000 0.443750 0.040625 0.445833 0.046875 0.335417 0.100000 0.339583 0.123438 0.304167 0.060937 0.004167
3 0.976562 0.552083 0.975000 0.566667 0.971875 0.568750 0.971875 0.622917 0.976562 0.635417 0.975000 0.645833 0.982812 0.647917 0.984375 0.643750 0.998437 0.641667 0.985938 0.620833 0.990625 0.602083 0.989062 0.595833 0.993750 0.589583 0.993750 0.581250 0.998437 0.579167 0.998437 0.554167
4 0.995313 0.581250 0.995313 0.589583 0.992188 0.591667 0.990625 0.595833 0.990625 0.600000 0.992188 0.602083 0.990625 0.604167 0.990625 0.610417 0.987500 0.612500 0.987500 0.620833 0.990625 0.625000 0.992188 0.631250 0.998437 0.635417 0.998437 0.581250
4 0.757812 0.525000 0.756250 0.579167 0.975000 0.647917 0.973437 0.535417 0.953125 0.535417 0.940625 0.550000
4 0.632812 0.504167 0.629687 0.533333 0.642188 0.529167 0.648438 0.541667 0.657813 0.529167 0.665625 0.547917 0.751563 0.577083 0.754687 0.520833 0.673438 0.510417 0.654687 0.518750 0.650000 0.504167
4 0.567187 0.508333 0.567187 0.520833 0.579688 0.522917 0.589063 0.529167 0.603125 0.529167 0.604688 0.533333 0.609375 0.533333 0.614062 0.502083 0.571875 0.500000
4 0.082812 0.400000 0.078125 0.468750 0.126562 0.475000 0.131250 0.489583 0.150000 0.491667 0.195312 0.481250 0.203125 0.445833 0.203125 0.406250 0.095312 0.379167 0.093750 0.397917
5 0.296875 0.441667 0.292187 0.445833 0.292187 0.458333 0.290625 0.460417 0.292187 0.466667 0.289062 0.468750 0.289062 0.506250 0.293750 0.506250 0.295312 0.502083 0.295312 0.458333 0.296875 0.456250
5 0.529687 0.229167 0.518750 0.385417 0.521875 0.385417 0.525000 0.358333
7 0.757812 0.468750 0.757812 0.470833 0.753125 0.472917 0.750000 0.479167 0.750000 0.487500 0.753125 0.495833 0.748437 0.497917 0.748437 0.510417 0.764062 0.514583 0.764062 0.502083 0.762500 0.502083 0.760938 0.497917 0.767188 0.491667 0.768750 0.479167 0.767188 0.472917 0.762500 0.468750
7 0.515625 0.420833 0.510938 0.427083 0.510938 0.433333 0.509375 0.435417 0.509375 0.441667 0.514062 0.452083 0.507812 0.456250 0.507812 0.466667 0.525000 0.466667 0.525000 0.456250 0.523438 0.456250 0.521875 0.452083 0.525000 0.447917 0.528125 0.435417 0.525000 0.427083 0.520312 0.420833
7 0.521875 0.387500 0.518750 0.387500 0.517188 0.389583 0.515625 0.389583 0.515625 0.391667 0.514062 0.393750 0.512500 0.393750 0.512500 0.395833 0.510938 0.397917 0.510938 0.404167 0.512500 0.406250 0.512500 0.408333 0.517188 0.414583 0.520312 0.414583 0.521875 0.412500 0.523438 0.412500 0.525000 0.410417 0.525000 0.408333 0.528125 0.404167 0.528125 0.397917 0.526563 0.395833 0.526563 0.393750
7 0.379688 0.364583 0.373437 0.375000 0.373437 0.387500 0.379688 0.397917 0.392188 0.397917 0.392188 0.395833 0.395313 0.393750 0.393750 0.389583 0.395313 0.387500 0.395313 0.377083 0.392188 0.368750 0.390625 0.368750 0.389062 0.364583
8 0.120313 0.250000 0.115625 0.262500 0.125000 0.318750 0.100000 0.322917 0.101562 0.339583 0.137500 0.362500 0.140625 0.387500 0.203125 0.404167 0.203125 0.443750 0.214062 0.445833 0.215625 0.341667 0.201563 0.343750 0.198437 0.331250 0.187500 0.331250 0.165625 0.289583 0.135937 0.287500 0.139063 0.262500
8 0.218750 0.445833 0.362500 0.491667 0.387500 0.347917 0.381250 0.481250 0.509375 0.512500 0.529687 0.227083 0.515625 0.516667 0.626563 0.543750 0.642188 0.397917 0.703125 0.387500 0.689063 0.512500 0.814063 0.529167 0.732812 0.400000 0.935937 0.279167 0.918750 0.139583 0.998437 0.006250 0.296875 0.000000 0.346875 0.408333 0.231250 0.354167
9 0.514062 0.543750 0.726562 0.570833 0.665625 0.550000 0.657813 0.531250 0.648438 0.543750 0.632812 0.531250 0.626563 0.545833 0.571875 0.522917 0.515625 0.518750
9 0.296875 0.470833 0.364063 0.518750 0.507812 0.537500 0.509375 0.514583 0.442188 0.489583 0.396875 0.485417 0.392188 0.493750 0.381250 0.483333 0.376563 0.508333 0.373437 0.481250 0.364063 0.481250 0.360938 0.493750 0.359375 0.479167
9 0.173437 0.489583 0.223438 0.491667 0.242188 0.485417 0.248438 0.477083 0.246875 0.452083 0.220312 0.450000 0.218750 0.464583 0.214062 0.466667 0.214062 0.447917 0.203125 0.447917 0.196875 0.481250 0.190625 0.487500
10 0.612500 0.410417 0.609375 0.416667 0.609375 0.422917 0.614062 0.429167 0.609375 0.435417 0.606250 0.429167 0.593750 0.431250 0.593750 0.445833 0.596875 0.452083 0.596875 0.458333 0.603125 0.458333 0.603125 0.452083 0.612500 0.439583 0.615625 0.439583 0.615625 0.427083
10 0.714063 0.408333 0.703125 0.389583 0.693750 0.391667 0.692187 0.402083 0.670312 0.400000 0.656250 0.406250 0.646875 0.393750 0.639062 0.437500 0.650000 0.441667 0.667188 0.472917 0.693750 0.475000 0.692187 0.450000
10 0.807813 0.354167 0.810937 0.372917 0.800000 0.379167 0.803125 0.389583 0.792188 0.389583 0.787500 0.375000 0.773438 0.375000 0.762500 0.402083 0.745313 0.389583 0.734375 0.400000 0.771875 0.433333 0.781250 0.458333 0.787500 0.458333 0.787500 0.477083 0.796875 0.477083 0.804688 0.456250 0.818750 0.464583 0.826562 0.362500
10 0.887500 0.272917 0.881250 0.270833 0.878125 0.275000 0.875000 0.270833 0.865625 0.272917 0.864062 0.275000 0.865625 0.291667 0.859375 0.295833 0.857812 0.291667 0.853125 0.293750 0.850000 0.291667 0.845313 0.283333 0.843750 0.289583 0.850000 0.297917 0.850000 0.306250 0.854688 0.300000 0.860938 0.297917 0.862500 0.293750 0.879687 0.283333
10 0.998437 0.056250 0.987500 0.102083 0.948438 0.129167 0.923438 0.129167 0.920312 0.143750 0.929688 0.145833 0.929688 0.170833 0.914062 0.187500 0.918750 0.204167 0.904687 0.231250 0.935937 0.231250 0.976562 0.195833 0.998437 0.204167
10 0.059375 0.000000 0.115625 0.258333 0.201563 0.341667 0.229687 0.331250 0.246875 0.387500 0.284375 0.383333 0.314063 0.331250 0.342187 0.412500 0.329688 0.193750 0.282813 0.150000 0.306250 0.158333 0.298438 0.114583 0.318750 0.104167 0.275000 0.077083 0.309375 0.010417
13 0.226562 0.429167 0.226562 0.435417 0.229687 0.437500 0.229687 0.445833 0.232813 0.447917 0.235937 0.447917 0.237500 0.450000 0.246875 0.450000 0.246875 0.445833 0.248438 0.443750 0.248438 0.435417 0.246875 0.435417 0.245312 0.431250 0.242188 0.431250 0.240625 0.429167 0.234375 0.429167 0.232813 0.427083 0.229687 0.427083
13 0.045312 0.443750 0.059375 0.447917 0.073438 0.439583 0.079687 0.445833 0.079687 0.404167 0.092188 0.397917 0.092188 0.381250 0.107813 0.377083 0.139063 0.387500 0.137500 0.364583 0.115625 0.345833 0.051562 0.331250 0.039062 0.379167 0.039062 0.418750