0 0.000000 0.845833 0.000000 0.997917 0.801562 0.997917 0.464062 0.833333
1 0.000000 0.504167 0.000000 0.843750 0.407813 0.820833 0.803125 0.997917 0.998437 0.997917 0.998437 0.850000 0.703125 0.722917 0.548438 0.531250 0.495312 0.545833 0.481250 0.618750 0.478125 0.502083 0.332813 0.552083
2 0.000000 0.000000 0.004687 0.183333 0.256250 0.293750 0.273438 0.283333 0.303125 0.306250 0.301563 0.279167 0.329688 0.279167 0.285938 0.000000
3 0.998437 0.400000 0.979688 0.408333 0.937500 0.691667 0.937500 0.735417 0.992188 0.766667
4 0.326562 0.372917 0.318750 0.454167 0.409375 0.450000 0.481250 0.470833 0.479687 0.462500 0.476562 0.468750 0.454688 0.450000 0.401562 0.431250 0.395313 0.410417 0.351562 0.389583 0.332813 0.364583
4 0.000000 0.181250 0.000000 0.502083 0.114062 0.518750 0.254688 0.502083 0.265625 0.450000 0.307812 0.452083 0.318750 0.331250 0.293750 0.302083 0.284375 0.314583
5 0.498437 0.439583 0.492188 0.441667 0.475000 0.591667 0.468750 0.610417 0.481250 0.616667 0.489063 0.614583 0.489063 0.575000 0.498437 0.518750 0.501563 0.458333
5 0.756250 0.325000 0.718750 0.604167 0.718750 0.652083 0.762500 0.339583
5 0.345313 0.195833 0.320312 0.333333 0.300000 0.543750 0.310937 0.506250
5 0.785937 0.125000 0.776563 0.143750 0.773438 0.191667 0.768750 0.202083 0.768750 0.220833 0.778125 0.220833 0.782813 0.162500 0.789062 0.133333
7 0.750000 0.222917 0.732812 0.247917 0.732812 0.287500 0.737500 0.304167 0.750000 0.320833 0.775000 0.325000 0.785937 0.318750 0.798438 0.297917 0.801562 0.254167 0.785937 0.227083
7 0.339062 0.125000 0.326562 0.139583 0.326562 0.170833 0.335938 0.189583 0.342187 0.193750 0.356250 0.195833 0.364063 0.187500 0.368750 0.175000 0.368750 0.152083 0.364063 0.139583 0.356250 0.129167 0.353125 0.129167 0.351562 0.125000
8 0.301563 0.281250 0.298438 0.300000 0.310937 0.310417 0.312500 0.314583 0.315625 0.314583 0.323437 0.320833 0.326562 0.310417 0.326562 0.295833 0.328125 0.293750 0.326562 0.281250 0.321875 0.281250 0.320312 0.291667 0.312500 0.297917 0.307812 0.289583 0.307812 0.283333
8 0.751563 0.343750 0.729688 0.395833 0.659375 0.181250 0.600000 0.264583 0.595313 0.441667 0.562500 0.347917 0.498437 0.416667 0.432812 0.312500 0.390625 0.304167 0.371875 0.231250 0.332813 0.316667 0.343750 0.381250 0.482812 0.470833 0.498437 0.437500 0.500000 0.481250 0.623437 0.522917 0.626563 0.560417 0.632812 0.527083 0.725000 0.554167
8 0.598437 0.000000 0.628125 0.008333 0.600000 0.060417 0.685937 0.027083 0.659375 0.075000 0.718750 0.066667 0.735938 0.227083 0.790625 0.133333 0.806250 0.302083 0.762500 0.341667 0.735938 0.558333 0.940625 0.635417 0.998437 0.275000 0.918750 0.345833 0.910937 0.302083 0.998437 0.214583 0.998437 0.000000
9 0.500000 0.483333 0.498437 0.550000 0.551562 0.531250 0.703125 0.720833 0.998437 0.847917 0.998437 0.768750 0.932813 0.727083 0.934375 0.629167 0.889062 0.618750 0.881250 0.650000 0.871875 0.616667 0.734375 0.560417 0.718750 0.654167 0.723437 0.552083 0.632812 0.529167 0.626563 0.562500 0.623437 0.525000
9 0.304688 0.543750 0.346875 0.547917 0.362500 0.535417 0.446875 0.516667 0.481250 0.502083 0.485938 0.472917 0.409375 0.452083 0.315625 0.456250
9 0.306250 0.456250 0.265625 0.452083 0.254688 0.504167 0.128125 0.508333 0.117188 0.518750 0.143750 0.533333 0.298438 0.541667
10 0.804688 0.293750 0.801562 0.293750 0.796875 0.300000 0.795312 0.308333 0.789062 0.312500 0.785937 0.320833 0.776563 0.322917 0.775000 0.327083 0.764062 0.327083 0.764062 0.339583 0.767188 0.339583 0.768750 0.335417 0.775000 0.331250 0.779687 0.331250 0.793750 0.322917 0.793750 0.318750 0.800000 0.312500 0.804688 0.302083
10 0.857812 0.279167 0.860938 0.287500 0.882812 0.287500 0.884375 0.283333 0.887500 0.281250 0.890625 0.275000 0.892188 0.275000 0.892188 0.270833 0.889062 0.270833 0.887500 0.268750 0.879687 0.268750 0.878125 0.270833 0.862500 0.268750 0.859375 0.270833 0.857812 0.275000 0.859375 0.277083
10 0.998437 0.216667 0.979688 0.220833 0.960938 0.256250 0.960938 0.285417 0.948438 0.308333 0.925000 0.312500 0.914062 0.295833 0.917188 0.343750 0.928125 0.329167 0.965625 0.329167 0.971875 0.291667 0.998437 0.272917 0.998437 0.266667 0.984375 0.262500 0.998437 0.239583
10 0.287500 0.000000 0.331250 0.250000 0.325000 0.139583 0.370312 0.152083 0.337500 0.279167 0.371875 0.229167 0.498437 0.414583 0.562500 0.345833 0.595313 0.439583 0.598437 0.264583 0.659375 0.179167 0.746875 0.366667 0.720313 0.197917 0.748437 0.135417 0.709375 0.058333 0.653125 0.068750 0.685937 0.029167 0.600000 0.062500 0.626563 0.008333
13 0.260937 0.289583 0.264062 0.291667 0.262500 0.297917 0.264062 0.300000 0.267188 0.300000 0.268750 0.304167 0.284375 0.312500 0.287500 0.312500 0.287500 0.308333 0.282813 0.302083 0.285938 0.297917 0.293750 0.300000 0.295312 0.304167 0.296875 0.302083 0.284375 0.291667 0.276562 0.289583 0.273438 0.285417 0.271875 0.289583