0 0.000000 0.654167 0.000000 0.997917 0.998437 0.997917 0.998437 0.822917 0.592187 0.693750 0.582812 0.635417 0.510938 0.650000 0.407813 0.489583 0.381250 0.560417 0.364063 0.518750 0.235937 0.593750 0.160938 0.562500
1 0.428125 0.502083 0.510938 0.647917 0.582812 0.633333 0.571875 0.675000 0.998437 0.820833 0.998437 0.733333 0.935937 0.716667 0.928125 0.762500 0.912500 0.708333 0.518750 0.604167
1 0.364063 0.489583 0.271875 0.525000 0.018750 0.510417 0.000000 0.525000 0.000000 0.652083 0.071875 0.637500 0.160938 0.560417 0.220312 0.591667 0.315625 0.547917 0.350000 0.564583
2 0.898438 0.527083 0.898438 0.533333 0.901563 0.535417 0.901563 0.545833 0.898438 0.547917 0.895312 0.560417 0.907813 0.560417 0.909375 0.564583 0.918750 0.566667 0.921875 0.572917 0.926562 0.575000 0.942187 0.575000 0.942187 0.560417 0.926562 0.562500 0.920312 0.545833 0.910937 0.537500 0.912500 0.525000
2 0.765625 0.397917 0.750000 0.414583 0.750000 0.420833 0.756250 0.429167 0.759375 0.422917 0.764062 0.425000 0.764062 0.435417 0.759375 0.443750 0.743750 0.445833 0.740625 0.454167 0.745313 0.470833 0.756250 0.477083 0.762500 0.487500 0.767188 0.481250 0.775000 0.418750 0.773438 0.408333
2 0.000000 0.000000 0.000000 0.277083 0.089063 0.308333 0.103125 0.281250 0.156250 0.295833 0.220312 0.285417 0.162500 0.000000
4 0.975000 0.616667 0.978125 0.622917 0.978125 0.637500 0.981250 0.637500 0.982812 0.641667 0.987500 0.645833 0.990625 0.645833 0.992188 0.647917 0.998437 0.647917 0.998437 0.627083 0.995313 0.627083 0.992188 0.622917 0.990625 0.622917 0.989062 0.618750
4 0.875000 0.556250 0.875000 0.591667 0.882812 0.589583 0.909375 0.595833 0.910937 0.600000 0.931250 0.604167 0.937500 0.602083 0.940625 0.579167 0.921875 0.575000 0.918750 0.568750 0.909375 0.566667 0.907813 0.562500 0.881250 0.560417 0.879687 0.556250
4 0.832812 0.547917 0.832812 0.564583 0.831250 0.566667 0.829688 0.579167 0.832812 0.583333 0.856250 0.585417 0.856250 0.572917 0.857812 0.570833 0.857812 0.556250 0.856250 0.554167 0.857812 0.552083 0.851562 0.552083 0.842187 0.547917
4 0.254688 0.393750 0.250000 0.439583 0.309375 0.443750 0.357812 0.456250 0.356250 0.447917 0.289062 0.425000 0.285938 0.408333
4 0.000000 0.279167 0.000000 0.522917 0.039062 0.502083 0.121875 0.512500 0.201563 0.493750 0.207813 0.458333 0.223438 0.454167 0.217188 0.441667 0.240625 0.439583 0.246875 0.393750 0.220312 0.375000 0.217188 0.354167
5 0.957812 0.520833 0.948438 0.520833 0.921875 0.722917 0.921875 0.750000 0.928125 0.760417
5 0.385937 0.437500 0.378125 0.437500 0.378125 0.464583 0.373437 0.485417 0.367188 0.558333 0.381250 0.558333 0.381250 0.520833 0.387500 0.456250
5 0.885938 0.379167 0.875000 0.408333 0.846875 0.685417 0.853125 0.695833 0.860938 0.695833
5 0.554688 0.356250 0.550000 0.356250 0.531250 0.568750 0.537500 0.564583
5 0.259375 0.264583 0.239063 0.522917 0.264062 0.268750
5 0.926562 0.000000 0.917188 0.000000 0.884375 0.316667 0.895312 0.314583
7 0.964063 0.389583 0.948438 0.402083 0.943750 0.425000 0.945312 0.445833 0.959375 0.472917 0.934375 0.477083 0.932813 0.516667 0.989062 0.522917 0.990625 0.477083 0.970313 0.479167 0.965625 0.472917 0.978125 0.470833 0.993750 0.454167 0.996875 0.414583 0.984375 0.393750
7 0.895312 0.316667 0.876563 0.320833 0.868750 0.333333 0.867188 0.360417 0.879687 0.375000 0.895312 0.375000 0.901563 0.370833 0.907813 0.360417 0.909375 0.333333 0.901563 0.320833 0.898438 0.318750 0.896875 0.320833
7 0.551562 0.289583 0.545312 0.293750 0.537500 0.308333 0.535937 0.318750 0.537500 0.337500 0.543750 0.350000 0.550000 0.354167 0.562500 0.354167 0.568750 0.350000 0.575000 0.337500 0.576562 0.329167 0.575000 0.308333 0.571875 0.300000 0.562500 0.289583
7 0.253125 0.218750 0.248438 0.229167 0.250000 0.231250 0.248438 0.241667 0.256250 0.262500 0.260937 0.264583 0.271875 0.264583 0.279687 0.256250 0.279687 0.245833 0.281250 0.243750 0.278125 0.229167 0.275000 0.222917 0.267188 0.216667
8 0.879687 0.493750 0.878125 0.525000 0.875000 0.527083 0.876563 0.529167 0.875000 0.554167 0.879687 0.554167 0.881250 0.558333 0.893750 0.558333 0.896875 0.547917 0.900000 0.545833 0.900000 0.535417 0.896875 0.533333 0.896875 0.527083 0.900000 0.525000 0.890625 0.518750 0.889062 0.514583 0.879687 0.512500 0.881250 0.502083
8 0.945312 0.447917 0.921875 0.483333 0.921875 0.516667 0.912500 0.529167 0.912500 0.537500 0.921875 0.545833 0.926562 0.560417 0.943750 0.558333 0.946875 0.520833 0.931250 0.516667 0.931250 0.497917 0.935937 0.472917 0.957812 0.472917
8 0.998437 0.431250 0.995313 0.454167 0.978125 0.472917 0.967187 0.472917 0.992188 0.477083 0.989062 0.525000 0.959375 0.520833 0.951562 0.602083 0.995313 0.625000
8 0.231250 0.239583 0.232813 0.252083 0.220312 0.287500 0.171875 0.285417 0.164062 0.295833 0.215625 0.327083 0.229687 0.343750 0.225000 0.377083 0.246875 0.391667 0.259375 0.275000 0.248438 0.247917 0.237500 0.256250
8 0.545312 0.281250 0.520312 0.212500 0.471875 0.279167 0.481250 0.427083 0.459375 0.418750 0.451562 0.339583 0.389062 0.406250 0.376563 0.362500 0.350000 0.362500 0.314063 0.300000 0.271875 0.302083 0.265625 0.270833 0.254688 0.391667 0.359375 0.456250 0.385937 0.435417 0.414062 0.481250 0.431250 0.433333 0.429688 0.481250 0.496875 0.495833 0.501563 0.527083 0.506250 0.497917 0.537500 0.495833
8 0.467187 0.000000 0.453125 0.152083 0.553125 0.129167 0.568750 0.291667 0.632812 0.316667 0.590625 0.404167 0.554688 0.358333 0.545312 0.506250 0.745313 0.535417 0.815625 0.614583 0.867188 0.491667 0.821875 0.447917 0.870313 0.454167 0.881250 0.377083 0.884375 0.441667 0.942187 0.377083 0.998437 0.425000 0.998437 0.000000 0.928125 0.000000 0.895312 0.377083 0.915625 0.000000
9 0.950000 0.608333 0.935937 0.714583 0.998437 0.731250 0.998437 0.650000 0.978125 0.639583 0.973437 0.616667
9 0.870313 0.591667 0.862500 0.695833 0.923438 0.710417 0.935937 0.604167
9 0.387500 0.466667 0.384375 0.514583 0.396875 0.487500 0.434375 0.502083 0.518750 0.602083 0.845313 0.689583 0.854688 0.587500 0.800000 0.614583 0.778125 0.575000 0.754687 0.581250 0.745313 0.537500 0.671875 0.550000 0.551562 0.508333 0.531250 0.570833 0.535937 0.504167 0.506250 0.500000 0.500000 0.529167 0.496875 0.497917
9 0.240625 0.454167 0.209375 0.458333 0.206250 0.491667 0.201563 0.495833 0.126562 0.504167 0.123438 0.512500 0.232813 0.520833
9 0.248438 0.452083 0.245312 0.522917 0.328125 0.506250 0.365625 0.489583 0.362500 0.516667 0.371875 0.510417 0.375000 0.460417 0.325000 0.450000 0.331250 0.456250 0.320312 0.458333 0.284375 0.445833
10 0.823438 0.447917 0.823438 0.462500 0.828125 0.468750 0.834375 0.470833 0.839063 0.466667 0.850000 0.466667 0.854688 0.475000 0.859375 0.475000 0.867188 0.481250 0.870313 0.456250 0.857812 0.450000 0.860938 0.441667 0.845313 0.441667 0.840625 0.447917 0.826562 0.445833
10 0.939063 0.418750 0.921875 0.416667 0.921875 0.429167 0.928125 0.439583 0.923438 0.450000 0.914062 0.437500 0.882812 0.445833 0.881250 0.512500 0.889062 0.512500 0.898438 0.522917 0.912500 0.522917 0.920312 0.516667 0.920312 0.483333 0.943750 0.445833
10 0.565625 0.260417 0.562500 0.287500 0.578125 0.318750 0.571875 0.345833 0.585938 0.343750 0.585938 0.397917 0.590625 0.402083 0.592187 0.383333 0.600000 0.381250 0.609375 0.352083 0.606250 0.337500 0.618750 0.318750 0.626563 0.327083 0.631250 0.316667 0.609375 0.308333 0.618750 0.291667 0.612500 0.277083 0.596875 0.291667 0.568750 0.293750 0.564063 0.281250 0.571875 0.262500
10 0.750000 0.260417 0.743750 0.256250 0.729688 0.260417 0.721875 0.275000 0.720313 0.304167 0.714063 0.331250 0.720313 0.329167 0.735938 0.335417 0.735938 0.320833 0.731250 0.310417 0.734375 0.304167 0.742188 0.304167 0.748437 0.297917 0.745313 0.289583 0.739062 0.287500 0.739062 0.281250 0.748437 0.268750
10 0.164062 0.000000 0.221875 0.266667 0.267188 0.214583 0.271875 0.300000 0.317188 0.300000 0.389062 0.404167 0.451562 0.337500 0.481250 0.425000 0.470313 0.279167 0.520312 0.210417 0.556250 0.287500 0.570312 0.193750 0.553125 0.131250 0.509375 0.175000 0.451562 0.152083 0.478125 0.114583 0.451562 0.100000 0.470313 0.004167
13 0.093750 0.295833 0.095312 0.310417 0.154688 0.325000 0.218750 0.352083 0.221875 0.345833 0.220312 0.335417 0.209375 0.322917 0.176563 0.302083 0.109375 0.283333 0.096875 0.285417