0 0.218750 0.997917 0.998437 0.997917 0.998437 0.866667 0.492188 0.500000
1 0.634375 0.727083 0.621875 0.729167 0.621875 0.735417 0.628125 0.741667 0.632812 0.741667 0.634375 0.752083 0.639062 0.758333 0.637500 0.762500 0.615625 0.764583 0.615625 0.768750 0.621875 0.768750 0.625000 0.777083 0.631250 0.779167 0.632812 0.772917 0.642188 0.772917 0.642188 0.758333 0.648438 0.747917 0.651563 0.747917 0.646875 0.741667 0.645312 0.731250
2 0.000000 0.000000 0.000000 0.275000 0.075000 0.279167 0.157812 0.318750 0.246875 0.295833 0.148438 0.000000
3 0.365625 0.508333 0.000000 0.581250 0.000000 0.637500 0.256250 0.560417
4 0.000000 0.375000 0.000000 0.579167 0.370312 0.491667 0.487500 0.495833
8 0.998437 0.552083 0.939063 0.168750 0.818750 0.233333 0.781250 0.000000 0.701562 0.000000 0.651563 0.114583 0.703125 0.341667 0.662500 0.404167 0.625000 0.341667 0.575000 0.427083 0.548438 0.333333 0.484375 0.427083 0.314063 0.239583 0.268750 0.375000 0.246875 0.297917 0.159375 0.318750 0.367188 0.472917 0.731250 0.512500 0.735938 0.595833 0.756250 0.516667
9 0.542188 0.666667 0.539062 0.670833 0.545312 0.675000 0.545312 0.687500 0.546875 0.689583 0.545312 0.706250 0.550000 0.706250 0.551562 0.710417 0.553125 0.706250 0.560937 0.706250 0.557813 0.691667 0.556250 0.697917 0.553125 0.697917 0.550000 0.693750 0.556250 0.685417 0.557813 0.687500 0.560937 0.685417 0.560937 0.677083 0.559375 0.675000 0.546875 0.675000 0.545312 0.668750
9 0.510938 0.502083 0.998437 0.864583 0.996875 0.552083 0.756250 0.518750 0.735938 0.597917 0.731250 0.514583
9 0.493750 0.497917 0.370312 0.493750 0.318750 0.539583 0.000000 0.639583 0.000000 0.997917 0.220312 0.995833 0.395313 0.718750
10 0.782813 0.000000 0.831250 0.077083 0.818750 0.231250 0.840625 0.216667 0.840625 0.181250 0.929688 0.150000 0.928125 0.206250 0.948438 0.202083 0.928125 0.235417 0.940625 0.312500 0.971875 0.327083 0.998437 0.408333 0.998437 0.000000
10 0.150000 0.000000 0.265625 0.372917 0.312500 0.237500 0.339062 0.331250 0.404687 0.335417 0.484375 0.425000 0.525000 0.422917 0.548438 0.331250 0.575000 0.425000 0.625000 0.339583 0.645312 0.404167 0.701562 0.347917 0.650000 0.137500 0.700000 0.000000
13 0.000000 0.277083 0.003125 0.375000 0.271875 0.435417 0.246875 0.372917 0.225000 0.352083 0.075000 0.281250