0 0.000000 0.562500 0.000000 0.997917 0.998437 0.997917 0.998437 0.937500 0.612500 0.579167 0.575000 0.587500 0.554688 0.695833 0.470313 0.575000
1 0.612500 0.566667 0.612500 0.577083 0.628125 0.597917 0.648438 0.610417 0.682813 0.652083 0.714063 0.670833 0.634375 0.579167
2 0.373437 0.229167 0.373437 0.237500 0.370312 0.250000 0.370312 0.266667 0.367188 0.277083 0.367188 0.293750 0.381250 0.293750 0.379688 0.258333 0.376563 0.256250 0.376563 0.241667
2 0.000000 0.000000 0.000000 0.164583 0.031250 0.175000 0.035937 0.154167 0.070312 0.195833 0.351562 0.316667 0.367188 0.193750 0.332813 0.000000
3 0.346875 0.456250 0.348438 0.475000 0.440625 0.472917 0.443750 0.468750
3 0.268750 0.416667 0.265625 0.445833 0.273438 0.479167 0.279687 0.470833 0.332813 0.472917 0.334375 0.462500 0.326562 0.466667 0.317188 0.450000 0.300000 0.450000 0.287500 0.443750 0.287500 0.395833 0.278125 0.427083
4 0.362500 0.339583 0.350000 0.454167 0.551562 0.491667 0.529687 0.468750 0.528125 0.477083 0.453125 0.450000 0.443750 0.427083 0.392188 0.400000 0.384375 0.354167
4 0.000000 0.166667 0.000000 0.560417 0.268750 0.543750 0.282813 0.472917 0.264062 0.425000 0.287500 0.393750 0.289062 0.443750 0.334375 0.472917 0.346875 0.325000 0.331250 0.316667 0.321875 0.356250 0.303125 0.300000 0.070312 0.197917 0.035937 0.156250
5 0.576562 0.456250 0.565625 0.456250 0.543750 0.660417 0.534375 0.677083 0.554688 0.693750 0.560937 0.691667
5 0.951562 0.289583 0.935937 0.287500 0.882812 0.747917 0.895312 0.735417
5 0.989062 0.000000 0.982812 0.000000 0.973437 0.014583 0.976562 0.037500 0.959375 0.064583 0.951562 0.141667 0.964063 0.137500 0.967187 0.141667 0.970313 0.135417
7 0.987500 0.145833 0.948438 0.141667 0.928125 0.150000 0.914062 0.166667 0.906250 0.185417 0.901563 0.235417 0.907813 0.258333 0.923438 0.279167 0.945312 0.289583 0.967187 0.287500 0.998437 0.262500 0.998437 0.158333
7 0.370312 0.070833 0.357812 0.085417 0.354687 0.097917 0.354687 0.122917 0.365625 0.147917 0.378125 0.158333 0.389062 0.158333 0.400000 0.152083 0.404687 0.141667 0.407813 0.108333 0.395313 0.077083 0.384375 0.070833
7 0.973437 0.018750 0.967187 0.020833 0.942187 0.056250 0.937500 0.077083 0.939063 0.087500 0.954688 0.066667 0.957812 0.066667 0.967187 0.047917 0.971875 0.043750 0.975000 0.037500
8 0.995313 0.268750 0.951562 0.291667 0.909375 0.620833 0.998437 0.658333
8 0.895312 0.610417 0.934375 0.285417 0.815625 0.375000 0.739062 0.160417 0.667188 0.260417 0.653125 0.454167 0.617188 0.360417 0.548438 0.431250 0.431250 0.320833 0.421875 0.243750 0.362500 0.327083 0.453125 0.447917 0.557813 0.497917 0.576562 0.454167 0.576562 0.512500 0.693750 0.543750 0.700000 0.589583 0.710938 0.547917
8 0.990625 0.000000 0.970313 0.139583 0.987500 0.143750 0.998437 0.156250 0.998437 0.000000
8 0.981250 0.000000 0.829688 0.000000 0.820312 0.014583 0.837500 0.070833 0.823438 0.091667 0.857812 0.079167 0.862500 0.093750 0.823438 0.166667 0.851562 0.202083 0.832812 0.218750 0.835938 0.239583 0.900000 0.233333 0.912500 0.166667 0.950000 0.139583 0.957812 0.068750 0.939063 0.089583 0.940625 0.056250
9 0.576562 0.514583 0.565625 0.629167 0.578125 0.581250 0.628125 0.570833 0.878125 0.858333 0.998437 0.935417 0.998437 0.660417 0.910937 0.622917 0.882812 0.750000 0.892188 0.618750 0.710938 0.550000 0.700000 0.591667 0.693750 0.545833
9 0.334375 0.475000 0.284375 0.472917 0.268750 0.545833 0.096875 0.554167 0.075000 0.577083 0.320312 0.593750
9 0.343750 0.477083 0.331250 0.595833 0.435937 0.591667 0.470313 0.572917 0.479687 0.600000 0.540625 0.668750 0.559375 0.500000 0.450000 0.470833
10 0.334375 0.000000 0.351562 0.108333 0.370312 0.068750 0.409375 0.108333 0.362500 0.325000 0.421875 0.241667 0.432812 0.320833 0.548438 0.429167 0.617188 0.358333 0.653125 0.452083 0.665625 0.260417 0.735938 0.158333 0.815625 0.372917 0.923438 0.281250 0.834375 0.239583 0.860938 0.093750 0.821875 0.091667 0.828125 0.000000
13 0.293750 0.293750 0.314063 0.308333 0.315625 0.325000 0.312500 0.327083 0.312500 0.333333 0.315625 0.339583 0.312500 0.341667 0.312500 0.347917 0.321875 0.354167 0.328125 0.350000 0.326562 0.331250 0.329688 0.329167 0.328125 0.318750 0.331250 0.314583 0.337500 0.314583 0.348438 0.325000 0.350000 0.320833 0.326562 0.302083