0 0.170313 0.997917 0.998437 0.997917 0.998437 0.939583 0.539062 0.550000 0.410938 0.764583
2 0.000000 0.000000 0.000000 0.322917 0.068750 0.343750 0.118750 0.304167 0.264062 0.347917 0.335938 0.331250 0.254688 0.000000
3 0.423438 0.531250 0.000000 0.550000 0.000000 0.614583 0.334375 0.564583
4 0.000000 0.325000 0.000000 0.547917 0.546875 0.539583
8 0.998437 0.091667 0.993750 0.097917 0.984375 0.097917 0.978125 0.102083 0.975000 0.097917 0.973437 0.100000 0.964063 0.097917 0.962500 0.102083 0.957812 0.104167 0.954688 0.116667 0.956250 0.120833 0.965625 0.127083 0.970313 0.127083 0.971875 0.129167 0.970313 0.131250 0.975000 0.129167 0.979688 0.131250 0.982812 0.127083 0.995313 0.125000 0.998437 0.120833
8 0.998437 0.647917 0.998437 0.247917 0.862500 0.327083 0.857812 0.158333 0.787500 0.081250 0.701562 0.216667 0.715625 0.472917 0.678125 0.406250 0.625000 0.481250 0.607812 0.389583 0.537500 0.470833 0.389062 0.281250 0.337500 0.397917 0.265625 0.347917 0.428125 0.502083 0.559375 0.545833 0.564063 0.495833 0.587500 0.558333 0.593750 0.495833 0.592187 0.558333 0.765625 0.585417 0.770312 0.662500 0.779687 0.589583
8 0.970313 0.000000 0.967187 0.010417 0.973437 0.018750 0.971875 0.020833 0.981250 0.027083 0.984375 0.031250 0.984375 0.035417 0.985938 0.033333 0.987500 0.039583 0.990625 0.037500 0.998437 0.050000 0.998437 0.000000
9 0.000000 0.616667 0.000000 0.997917 0.175000 0.995833 0.410938 0.762500 0.539062 0.547917 0.998437 0.937500 0.996875 0.647917 0.779687 0.591667 0.770312 0.664583 0.765625 0.587500 0.429688 0.529167
10 0.256250 0.000000 0.337500 0.395833 0.389062 0.279167 0.537500 0.468750 0.601562 0.387500 0.625000 0.479167 0.678125 0.404167 0.696875 0.468750 0.740625 0.433333 0.700000 0.216667 0.782813 0.079167 0.859375 0.158333 0.862500 0.325000 0.998437 0.245833 0.968750 0.000000
13 0.326562 0.416667 0.326562 0.425000 0.329688 0.425000 0.331250 0.427083 0.331250 0.433333 0.334375 0.435417 0.332813 0.439583 0.326562 0.439583 0.326562 0.447917 0.332813 0.450000 0.334375 0.445833 0.337500 0.452083 0.345313 0.452083 0.345313 0.447917 0.342187 0.443750 0.340625 0.431250 0.337500 0.429167 0.337500 0.422917 0.334375 0.412500 0.332813 0.416667
13 0.082812 0.343750 0.135937 0.377083 0.176563 0.387500 0.171875 0.379167 0.156250 0.375000 0.146875 0.347917 0.114062 0.331250 0.114062 0.320833 0.106250 0.327083 0.098437 0.343750
15 0.070312 0.343750 0.098437 0.341667 0.110937 0.322917 0.146875 0.345833 0.156250 0.372917 0.179688 0.391667 0.320312 0.445833 0.332813 0.437500 0.325000 0.416667 0.334375 0.406250 0.320312 0.385417 0.223438 0.322917 0.106250 0.306250 0.096875 0.333333 0.081250 0.327083