0 0.206250 0.997917 0.998437 0.997917 0.998437 0.852083 0.460938 0.493750
2 0.000000 0.000000 0.000000 0.277083 0.098437 0.316667 0.109375 0.302083 0.192188 0.289583 0.087500 0.000000
3 0.329688 0.508333 0.004687 0.587500 0.000000 0.643750 0.200000 0.575000
4 0.000000 0.587500 0.348438 0.487500 0.459375 0.487500 0.000000 0.400000
8 0.995313 0.231250 0.981250 0.250000 0.981250 0.262500 0.979688 0.266667 0.987500 0.277083 0.987500 0.283333 0.993750 0.289583 0.998437 0.289583 0.998437 0.231250
8 0.998437 0.518750 0.998437 0.343750 0.951562 0.381250 0.896875 0.297917 0.879687 0.131250 0.795312 0.164583 0.781250 0.004167 0.642188 0.020833 0.675000 0.327083 0.631250 0.389583 0.593750 0.327083 0.543750 0.414583 0.515625 0.322917 0.454688 0.420833 0.296875 0.331250 0.271875 0.231250 0.226562 0.375000 0.192188 0.247917 0.107813 0.318750 0.337500 0.475000 0.704688 0.493750 0.710938 0.575000 0.725000 0.495833
9 0.510938 0.504167 0.998437 0.850000 0.998437 0.520833 0.725000 0.497917 0.710938 0.577083 0.704688 0.495833
9 0.464062 0.489583 0.334375 0.493750 0.318750 0.527083 0.000000 0.645833 0.000000 0.997917 0.207813 0.995833 0.381250 0.691667
10 0.139063 0.302083 0.125000 0.302083 0.117188 0.306250 0.109375 0.304167 0.107813 0.306250 0.103125 0.306250 0.100000 0.314583 0.103125 0.318750 0.106250 0.318750 0.110937 0.312500 0.114062 0.314583 0.115625 0.318750 0.118750 0.318750 0.123438 0.306250 0.128125 0.306250 0.131250 0.314583 0.135937 0.314583 0.139063 0.308333
10 0.757812 0.000000 0.768750 0.027083 0.781250 0.002083 0.796875 0.045833 0.796875 0.164583 0.879687 0.129167 0.893750 0.147917 0.882812 0.183333 0.901563 0.179167 0.882812 0.214583 0.898438 0.297917 0.923438 0.302083 0.951562 0.379167 0.989062 0.383333 0.998437 0.291667 0.978125 0.264583 0.998437 0.229167 0.998437 0.000000
10 0.089063 0.000000 0.221875 0.370833 0.270313 0.229167 0.296875 0.329167 0.371875 0.331250 0.454688 0.418750 0.493750 0.414583 0.515625 0.320833 0.543750 0.412500 0.593750 0.325000 0.612500 0.389583 0.673438 0.327083 0.615625 0.110417 0.660937 0.000000
13 0.000000 0.279167 0.000000 0.397917 0.223438 0.439583 0.223438 0.416667 0.178125 0.354167