0 0.762500 0.995833 0.450000 0.475000 0.000000 0.777083 0.000000 0.997917
3 0.000000 0.431250 0.000000 0.456250 0.012500 0.456250 0.014063 0.454167 0.018750 0.454167 0.018750 0.450000 0.021875 0.443750 0.021875 0.435417 0.020313 0.433333 0.017188 0.433333 0.015625 0.431250
4 0.337500 0.429167 0.337500 0.435417 0.368750 0.445833 0.370312 0.450000 0.434375 0.464583 0.434375 0.458333 0.423438 0.447917 0.418750 0.452083 0.381250 0.441667 0.379688 0.437500
4 0.000000 0.281250 0.000000 0.429167 0.023438 0.433333 0.028125 0.429167 0.032813 0.383333 0.034375 0.302083 0.003125 0.289583
8 0.956250 0.029167 0.954688 0.037500 0.968750 0.045833 0.968750 0.062500 0.981250 0.062500 0.989062 0.079167 0.998437 0.081250 0.998437 0.018750 0.990625 0.022917 0.982812 0.035417 0.979688 0.025000 0.976562 0.027083 0.970313 0.020833 0.970313 0.016667
8 0.000000 0.000000 0.053125 0.427083 0.493750 0.506250 0.504687 0.410417 0.500000 0.508333 0.998437 0.643750 0.981250 0.116667 0.845313 0.225000 0.809375 0.487500 0.746875 0.368750 0.645312 0.393750 0.629687 0.300000 0.581250 0.406250 0.520312 0.277083 0.437500 0.395833 0.348438 0.254167 0.162500 0.245833 0.140625 0.029167
9 0.310937 0.916667 0.295312 0.916667 0.285938 0.925000 0.284375 0.920833 0.270313 0.920833 0.264062 0.925000 0.259375 0.925000 0.257812 0.920833 0.256250 0.935417 0.260937 0.937500 0.265625 0.954167 0.267188 0.939583 0.271875 0.933333 0.279687 0.929167 0.282813 0.933333 0.300000 0.931250 0.303125 0.935417 0.309375 0.927083
9 0.312500 0.885417 0.312500 0.891667 0.317188 0.891667 0.320312 0.897917 0.326562 0.891667 0.331250 0.893750 0.334375 0.887500 0.337500 0.887500 0.340625 0.893750 0.348438 0.893750 0.348438 0.885417 0.343750 0.881250 0.339062 0.881250 0.335938 0.879167 0.334375 0.883333 0.331250 0.883333 0.329688 0.879167 0.326562 0.883333 0.317188 0.883333
9 0.545312 0.812500 0.543750 0.825000 0.537500 0.827083 0.537500 0.875000 0.539062 0.877083 0.548438 0.872917 0.546875 0.866667 0.548438 0.858333 0.545312 0.854167 0.548438 0.850000 0.548438 0.831250 0.551562 0.829167 0.551562 0.822917
9 0.537500 0.779167 0.526563 0.777083 0.526563 0.787500 0.475000 0.800000 0.468750 0.820833 0.475000 0.818750 0.479687 0.839583 0.489063 0.847917 0.485938 0.856250 0.495312 0.875000 0.504687 0.856250 0.515625 0.889583 0.525000 0.879167 0.523438 0.862500 0.509375 0.852083 0.503125 0.856250 0.498437 0.839583 0.521875 0.831250 0.529687 0.787500 0.545312 0.808333 0.545312 0.791667
9 0.328125 0.768750 0.326562 0.766667 0.321875 0.772917 0.310937 0.768750 0.310937 0.775000 0.304688 0.783333 0.304688 0.795833 0.306250 0.787500 0.310937 0.785417 0.315625 0.789583 0.315625 0.793750 0.318750 0.795833 0.317188 0.797917 0.320312 0.804167 0.329688 0.785417 0.328125 0.783333 0.326562 0.785417 0.321875 0.783333 0.323437 0.779167 0.326562 0.779167 0.326562 0.770833
9 0.451562 0.737500 0.395313 0.714583 0.326562 0.729167 0.323437 0.756250 0.329688 0.733333 0.365625 0.772917 0.367188 0.816667 0.385937 0.804167 0.373437 0.787500 0.398438 0.785417 0.368750 0.881250 0.404687 0.881250 0.412500 0.850000 0.420312 0.881250 0.368750 0.885417 0.365625 0.908333 0.357812 0.889583 0.339062 0.945833 0.390625 0.950000 0.412500 0.897917 0.428125 0.925000 0.439063 0.856250 0.460938 0.820833 0.464062 0.837500
9 0.398438 0.693750 0.403125 0.689583 0.409375 0.693750 0.414062 0.691667 0.423438 0.695833 0.426563 0.679167 0.431250 0.672917 0.434375 0.677083 0.435937 0.672917 0.443750 0.668750 0.439063 0.664583 0.429688 0.664583 0.423438 0.658333 0.404687 0.660417 0.396875 0.666667
9 0.484375 0.508333 0.764062 0.997917 0.998437 0.997917 0.998437 0.645833
9 0.000000 0.775000 0.443750 0.472917 0.340625 0.437500 0.331250 0.466667 0.329688 0.437500 0.100000 0.395833 0.079687 0.416667 0.075000 0.389583 0.053125 0.429167 0.034375 0.383333 0.020313 0.454167 0.000000 0.458333
10 0.107813 0.000000 0.189062 0.187500 0.156250 0.239583 0.348438 0.252083 0.437500 0.393750 0.520312 0.275000 0.581250 0.404167 0.629687 0.297917 0.645312 0.391667 0.746875 0.366667 0.809375 0.485417 0.846875 0.218750 0.998437 0.129167 0.953125 0.037500 0.998437 0.000000