0 0.771875 0.995833 0.428125 0.468750 0.000000 0.777083 0.000000 0.997917
3 0.000000 0.454167 0.096875 0.450000 0.103125 0.435417 0.084375 0.431250 0.082812 0.427083 0.006250 0.425000 0.000000 0.420833
4 0.909375 0.562500 0.914062 0.585417 0.929688 0.595833 0.950000 0.589583 0.951562 0.585417 0.987500 0.585417 0.998437 0.595833 0.998437 0.568750 0.921875 0.558333
4 0.321875 0.433333 0.409375 0.454167 0.406250 0.445833 0.409375 0.441667 0.401562 0.437500 0.400000 0.431250 0.389062 0.431250 0.389062 0.439583 0.382812 0.441667 0.367188 0.431250 0.362500 0.433333 0.323437 0.422917
4 0.276562 0.422917 0.284375 0.422917 0.285938 0.425000 0.292187 0.425000 0.293750 0.427083 0.301563 0.427083 0.303125 0.429167 0.315625 0.431250 0.315625 0.420833 0.314063 0.418750 0.304688 0.418750 0.298438 0.414583 0.292187 0.414583 0.290625 0.416667 0.278125 0.416667
4 0.000000 0.285417 0.000000 0.418750 0.103125 0.433333 0.109375 0.331250
8 0.025000 0.052083 0.000000 0.283333 0.110937 0.397917 0.456250 0.491667 0.473438 0.412500 0.471875 0.495833 0.848437 0.593750 0.857812 0.677083 0.998437 0.647917 0.907813 0.570833 0.998437 0.566667 0.998437 0.000000 0.812500 0.020833 0.740625 0.452083 0.590625 0.306250 0.512500 0.395833 0.490625 0.281250 0.412500 0.385417 0.320312 0.250000 0.178125 0.245833 0.131250 0.000000
9 0.312500 0.916667 0.307812 0.922917 0.307812 0.933333 0.303125 0.943750 0.300000 0.935417 0.295312 0.937500 0.292187 0.950000 0.296875 0.947917 0.298438 0.954167 0.295312 0.958333 0.292187 0.956250 0.293750 0.960417 0.289062 0.977083 0.293750 0.975000 0.295312 0.958333 0.300000 0.950000 0.304688 0.952083 0.304688 0.966667 0.307812 0.970833 0.312500 0.960417
9 0.282813 0.822917 0.282813 0.825000 0.290625 0.825000 0.292187 0.827083 0.295312 0.825000 0.304688 0.825000 0.309375 0.831250 0.325000 0.829167 0.325000 0.820833 0.321875 0.816667 0.317188 0.818750 0.304688 0.816667 0.300000 0.810417 0.293750 0.810417 0.290625 0.814583 0.292187 0.816667 0.290625 0.820833
9 0.268750 0.729167 0.268750 0.762500 0.354687 0.785417 0.329688 0.825000 0.354687 0.816667 0.346875 0.920833 0.368750 0.941667 0.376563 0.912500 0.418750 0.937500 0.451562 0.835417 0.453125 0.881250 0.478125 0.868750 0.443750 0.822917 0.439063 0.858333 0.403125 0.841667 0.373437 0.887500 0.382812 0.800000 0.392188 0.827083 0.415625 0.820833 0.410938 0.779167 0.448437 0.804167 0.423438 0.697917 0.387500 0.716667 0.392188 0.750000 0.362500 0.741667 0.376563 0.693750 0.328125 0.754167
9 0.435937 0.479167 0.773438 0.997917 0.998437 0.997917 0.998437 0.650000 0.882812 0.608333 0.868750 0.683333 0.848437 0.595833
9 0.000000 0.775000 0.425000 0.466667 0.109375 0.395833 0.096875 0.452083 0.000000 0.456250
10 0.179688 0.245833 0.212500 0.206250 0.250000 0.262500 0.320312 0.247917 0.412500 0.383333 0.453125 0.383333 0.490625 0.279167 0.546875 0.395833 0.590625 0.304167 0.601562 0.389583 0.695312 0.366667 0.740625 0.450000 0.740625 0.306250 0.818750 0.216667 0.756250 0.175000 0.834375 0.129167 0.804688 0.039583 0.840625 0.008333 0.132812 0.000000
10 0.048438 0.000000 0.000000 0.000000 0.003125 0.131250 0.007812 0.114583 0.021875 0.127083 0.025000 0.122917 0.018750 0.106250 0.023438 0.095833 0.029687 0.097917 0.023438 0.052083 0.028125 0.047917 0.046875 0.058333 0.057813 0.039583 0.060937 0.018750