0 0.803125 0.997917 0.545312 0.537500 0.471875 0.479167 0.000000 0.810417 0.000000 0.997917
1 0.590625 0.556250 0.998437 0.733333 0.995313 0.716667
2 0.898438 0.497917 0.898438 0.512500 0.901563 0.514583 0.901563 0.529167 0.912500 0.537500 0.915625 0.537500 0.920312 0.529167 0.920312 0.518750 0.923438 0.516667 0.928125 0.497917 0.920312 0.497917 0.918750 0.495833 0.901563 0.495833
4 0.343750 0.431250 0.343750 0.443750 0.468750 0.475000 0.462500 0.456250 0.451562 0.452083 0.429688 0.454167 0.385937 0.437500
4 0.289062 0.425000 0.289062 0.427083 0.306250 0.433333 0.318750 0.433333 0.320312 0.435417 0.337500 0.439583 0.337500 0.427083 0.331250 0.427083 0.323437 0.422917
8 0.000000 0.000000 0.017188 0.414583 0.529687 0.516667 0.540625 0.412500 0.535937 0.516667 0.998437 0.637500 0.998437 0.152083 0.907813 0.325000 0.912500 0.539583 0.684375 0.275000 0.618750 0.410417 0.553125 0.260417 0.509375 0.397917 0.357812 0.227083 0.250000 0.212500 0.185938 0.327083 0.096875 0.166667 0.154688 0.135417 0.121875 0.000000
9 0.546875 0.891667 0.548438 0.920833 0.553125 0.920833 0.556250 0.916667 0.554688 0.910417 0.560937 0.906250 0.565625 0.912500 0.565625 0.925000 0.575000 0.925000 0.576562 0.929167 0.579688 0.925000 0.590625 0.935417 0.598437 0.933333 0.600000 0.908333 0.603125 0.904167 0.598437 0.891667 0.576562 0.889583 0.571875 0.900000 0.562500 0.893750 0.557813 0.906250 0.553125 0.893750
9 0.492188 0.885417 0.478125 0.922917 0.475000 0.952083 0.481250 0.950000 0.489063 0.962500 0.498437 0.954167 0.506250 0.960417 0.514062 0.933333 0.525000 0.935417 0.534375 0.931250 0.529687 0.929167 0.529687 0.922917 0.521875 0.925000 0.518750 0.933333 0.517188 0.927083 0.509375 0.927083 0.506250 0.922917 0.506250 0.891667
9 0.534375 0.768750 0.492188 0.764583 0.492188 0.779167 0.484375 0.793750 0.487500 0.787500 0.492188 0.791667 0.489063 0.814583 0.496875 0.831250 0.507812 0.833333 0.512500 0.825000 0.504687 0.814583 0.510938 0.789583 0.518750 0.802083 0.529687 0.800000 0.531250 0.793750 0.521875 0.785417 0.529687 0.768750 0.535937 0.777083
9 0.475000 0.760417 0.473438 0.764583 0.464062 0.764583 0.457813 0.781250 0.457813 0.793750 0.451562 0.804167 0.451562 0.816667 0.448437 0.816667 0.450000 0.835417 0.454688 0.831250 0.456250 0.835417 0.464062 0.816667 0.473438 0.806250 0.476562 0.785417 0.485938 0.779167 0.484375 0.772917 0.482812 0.781250 0.476562 0.779167 0.478125 0.770833
9 0.384375 0.729167 0.367188 0.729167 0.351562 0.758333 0.339062 0.714583 0.320312 0.720833 0.325000 0.739583 0.289062 0.750000 0.287500 0.766667 0.276562 0.775000 0.279687 0.802083 0.303125 0.783333 0.304688 0.808333 0.309375 0.800000 0.315625 0.810417 0.331250 0.804167 0.332813 0.785417 0.315625 0.770833 0.353125 0.766667 0.364063 0.750000 0.384375 0.745833
9 0.531250 0.697917 0.514062 0.695833 0.506250 0.702083 0.492188 0.704167 0.485938 0.708333 0.484375 0.714583 0.476562 0.725000 0.479687 0.725000 0.487500 0.737500 0.501563 0.737500 0.507812 0.733333 0.515625 0.737500 0.528125 0.735417 0.531250 0.727083
9 0.509375 0.516667 0.804688 0.997917 0.998437 0.997917 0.998437 0.735417 0.595313 0.560417 0.996875 0.716667 0.998437 0.639583 0.923438 0.581250
9 0.000000 0.808333 0.470313 0.477083 0.353125 0.445833 0.337500 0.472917 0.318750 0.435417 0.040625 0.387500 0.021875 0.418750 0.000000 0.383333
10 0.109375 0.033333 0.156250 0.135417 0.098437 0.166667 0.185938 0.325000 0.250000 0.210417 0.296875 0.279167 0.357812 0.225000 0.509375 0.395833 0.553125 0.258333 0.618750 0.408333 0.684375 0.272917 0.703125 0.381250 0.818750 0.354167 0.901563 0.493750 0.906250 0.325000 0.998437 0.150000 0.998437 0.000000