0 0.782813 0.997917 0.467187 0.479167 0.000000 0.795833 0.000000 0.997917
2 0.854688 0.491667 0.854688 0.502083 0.857812 0.504167 0.857812 0.516667 0.871875 0.516667 0.873437 0.512500 0.873437 0.500000 0.870313 0.491667 0.868750 0.489583 0.867188 0.491667 0.864062 0.491667 0.862500 0.489583 0.857812 0.489583
3 0.909375 0.602083 0.998437 0.637500 0.998437 0.602083 0.990625 0.602083 0.989062 0.597917 0.945312 0.591667 0.940625 0.602083 0.923438 0.597917 0.920312 0.602083
4 0.342187 0.435417 0.342187 0.441667 0.371875 0.445833 0.382812 0.454167 0.426563 0.462500 0.428125 0.466667 0.432812 0.460417 0.437500 0.466667 0.450000 0.468750 0.435937 0.445833 0.432812 0.454167 0.376563 0.437500
8 0.000000 0.000000 0.000000 0.431250 0.510938 0.512500 0.521875 0.412500 0.517188 0.512500 0.998437 0.600000 0.998437 0.139583 0.878125 0.254167 0.857812 0.518750 0.654687 0.285417 0.600000 0.408333 0.535937 0.268750 0.495312 0.397917 0.248438 0.214583 0.178125 0.327083 0.140625 0.041667
9 0.307812 0.852083 0.304688 0.856250 0.304688 0.864583 0.303125 0.866667 0.298438 0.866667 0.295312 0.872917 0.296875 0.870833 0.300000 0.872917 0.300000 0.875000 0.295312 0.879167 0.295312 0.883333 0.292187 0.885417 0.292187 0.893750 0.295312 0.895833 0.296875 0.893750 0.304688 0.893750 0.306250 0.891667 0.309375 0.893750 0.309375 0.875000 0.307812 0.872917 0.309375 0.870833 0.309375 0.854167
9 0.256250 0.827083 0.251563 0.822917 0.248438 0.822917 0.246875 0.818750 0.242188 0.816667 0.235937 0.820833 0.232813 0.827083 0.226562 0.827083 0.225000 0.831250 0.221875 0.833333 0.221875 0.839583 0.223438 0.843750 0.226562 0.845833 0.232813 0.845833 0.234375 0.841667 0.248438 0.841667 0.250000 0.839583 0.253125 0.839583 0.256250 0.835417
9 0.371875 0.806250 0.370312 0.810417 0.365625 0.806250 0.368750 0.816667 0.354687 0.822917 0.359375 0.841667 0.351562 0.870833 0.346875 0.872917 0.351562 0.879167 0.346875 0.887500 0.351562 0.883333 0.354687 0.897917 0.359375 0.885417 0.371875 0.877083 0.370312 0.866667 0.375000 0.847917 0.387500 0.839583 0.387500 0.822917 0.378125 0.820833
9 0.467187 0.727083 0.467187 0.741667 0.473438 0.737500 0.475000 0.741667 0.481250 0.743750 0.484375 0.756250 0.485938 0.756250 0.487500 0.747917 0.490625 0.750000 0.493750 0.758333 0.498437 0.756250 0.500000 0.752083 0.498437 0.743750 0.492188 0.743750 0.490625 0.747917 0.485938 0.741667 0.487500 0.739583 0.485938 0.737500 0.484375 0.739583 0.482812 0.733333 0.475000 0.727083 0.473438 0.720833
9 0.353125 0.708333 0.346875 0.700000 0.331250 0.706250 0.329688 0.739583 0.312500 0.741667 0.306250 0.733333 0.303125 0.737500 0.303125 0.745833 0.307812 0.747917 0.306250 0.758333 0.314063 0.758333 0.321875 0.747917 0.323437 0.758333 0.332813 0.762500 0.332813 0.772917 0.340625 0.770833 0.342187 0.758333 0.343750 0.766667 0.353125 0.762500 0.350000 0.758333 0.353125 0.739583 0.348438 0.737500 0.353125 0.727083 0.357812 0.727083
9 0.493750 0.510417 0.781250 0.995833 0.998437 0.997917 0.998437 0.722917 0.589063 0.554167 0.998437 0.710417 0.996875 0.637500
9 0.000000 0.793750 0.454688 0.475000 0.350000 0.443750 0.335938 0.472917 0.314063 0.433333 0.067187 0.395833 0.046875 0.422917 0.045312 0.393750 0.009375 0.385417
10 0.107813 0.002083 0.178125 0.325000 0.248438 0.212500 0.495312 0.395833 0.535937 0.266667 0.600000 0.406250 0.654687 0.283333 0.671875 0.383333 0.782813 0.358333 0.864062 0.489583 0.876563 0.254167 0.998437 0.137500 0.998437 0.000000