0 0.810937 0.997917 0.482812 0.483333 0.000000 0.816667 0.000000 0.997917
2 0.914062 0.537500 0.917188 0.539583 0.926562 0.537500 0.932813 0.527083 0.932813 0.520833 0.937500 0.510417 0.942187 0.508333 0.945312 0.502083 0.950000 0.502083 0.950000 0.500000 0.914062 0.500000 0.914062 0.527083 0.912500 0.529167
4 0.345313 0.431250 0.345313 0.443750 0.467187 0.475000 0.459375 0.456250 0.451562 0.450000 0.450000 0.456250 0.437500 0.456250 0.387500 0.437500
4 0.295312 0.429167 0.309375 0.431250 0.310937 0.435417 0.312500 0.433333 0.320312 0.433333 0.321875 0.435417 0.337500 0.439583 0.337500 0.427083 0.326562 0.425000 0.325000 0.422917 0.315625 0.422917 0.312500 0.420833 0.304688 0.427083
8 0.000000 0.000000 0.009375 0.412500 0.529687 0.518750 0.545312 0.414583 0.540625 0.518750 0.998437 0.641667 0.998437 0.145833 0.917188 0.541667 0.695312 0.275000 0.626563 0.410417 0.560937 0.260417 0.468750 0.402083 0.360938 0.220833 0.254688 0.208333 0.187500 0.325000 0.090625 0.158333 0.150000 0.122917 0.114062 0.000000
9 0.409375 0.889583 0.409375 0.891667 0.407813 0.893750 0.398438 0.893750 0.396875 0.895833 0.396875 0.897917 0.393750 0.904167 0.395313 0.906250 0.396875 0.912500 0.407813 0.912500 0.409375 0.910417 0.410938 0.910417 0.412500 0.912500 0.414062 0.910417 0.415625 0.910417 0.415625 0.900000 0.409375 0.891667
9 0.395313 0.833333 0.392188 0.833333 0.392188 0.835417 0.385937 0.841667 0.384375 0.841667 0.381250 0.835417 0.378125 0.833333 0.375000 0.835417 0.371875 0.841667 0.367188 0.841667 0.365625 0.843750 0.365625 0.847917 0.368750 0.847917 0.376563 0.860417 0.379688 0.860417 0.379688 0.854167 0.381250 0.852083 0.387500 0.850000 0.389062 0.845833 0.393750 0.845833 0.395313 0.841667
9 0.589063 0.797917 0.562500 0.768750 0.542188 0.822917 0.529687 0.791667 0.520312 0.812500 0.496875 0.812500 0.492188 0.833333 0.476562 0.833333 0.471875 0.872917 0.435937 0.843750 0.425000 0.850000 0.460938 0.925000 0.489063 0.925000 0.498437 0.902083 0.503125 0.925000 0.545312 0.918750 0.556250 0.897917 0.579688 0.922917 0.603125 0.902083
9 0.418750 0.752083 0.407813 0.747917 0.407813 0.727083 0.392188 0.704167 0.379688 0.704167 0.371875 0.718750 0.354687 0.708333 0.339062 0.727083 0.343750 0.735417 0.340625 0.750000 0.351562 0.756250 0.353125 0.762500 0.359375 0.760417 0.356250 0.772917 0.368750 0.756250 0.400000 0.760417 0.403125 0.754167 0.415625 0.756250
9 0.501563 0.508333 0.557813 0.541667 0.531250 0.550000 0.804688 0.991667 0.998437 0.997917 0.996875 0.735417 0.595313 0.560417 0.998437 0.727083 0.998437 0.643750 0.950000 0.593750
9 0.000000 0.814583 0.473438 0.479167 0.353125 0.445833 0.339062 0.472917 0.320312 0.435417 0.023438 0.383333 0.009375 0.414583 0.000000 0.383333
10 0.104688 0.235417 0.104688 0.241667 0.110937 0.245833 0.120313 0.243750 0.125000 0.250000 0.125000 0.256250 0.128125 0.258333 0.128125 0.262500 0.129688 0.262500 0.131250 0.258333 0.132812 0.260417 0.139063 0.250000 0.137500 0.241667 0.125000 0.235417 0.120313 0.235417 0.112500 0.231250 0.107813 0.231250 0.107813 0.233333
10 0.103125 0.014583 0.151562 0.122917 0.092188 0.158333 0.187500 0.322917 0.254688 0.206250 0.300000 0.277083 0.360938 0.218750 0.468750 0.400000 0.520312 0.410417 0.560937 0.258333 0.626563 0.408333 0.695312 0.272917 0.710938 0.381250 0.832812 0.356250 0.950000 0.497917 0.923438 0.322917 0.998437 0.000000