0 0.000000 0.739583 0.000000 0.997917 0.859375 0.997917 0.640625 0.800000 0.642188 0.718750 0.596875 0.710417 0.429688 0.470833
1 0.789062 0.677083 0.785937 0.737500 0.890625 0.762500 0.998437 0.772917 0.998437 0.712500
1 0.559375 0.654167 0.596875 0.708333 0.621875 0.704167 0.643750 0.720833 0.715625 0.712500 0.768750 0.725000 0.775000 0.683333 0.720313 0.668750
4 0.135937 0.379167 0.162500 0.402083 0.410938 0.462500 0.407813 0.447917
5 0.829688 0.208333 0.812500 0.254167 0.771875 0.810417
7 0.848437 0.081250 0.835938 0.081250 0.820312 0.093750 0.803125 0.127083 0.793750 0.168750 0.795312 0.202083 0.801562 0.214583 0.821875 0.214583 0.832812 0.204167 0.848437 0.172917 0.859375 0.110417 0.857812 0.095833
8 0.000000 0.122917 0.001563 0.381250 0.392188 0.397917 0.473438 0.539583 0.778125 0.650000 0.810937 0.277083 0.617188 0.302083 0.571875 0.062500 0.473438 0.383333 0.304688 0.247917 0.264062 0.129167 0.190625 0.170833 0.070312 0.045833
8 0.893750 0.000000 0.871875 0.064583 0.882812 0.091667 0.828125 0.225000 0.792188 0.639583 0.998437 0.675000 0.998437 0.000000
9 0.626563 0.762500 0.640625 0.797917 0.860938 0.997917 0.998437 0.997917 0.998437 0.775000 0.785937 0.739583 0.771875 0.812500 0.767188 0.727083 0.650000 0.716667
9 0.789062 0.670833 0.843750 0.689583 0.998437 0.710417 0.998437 0.677083 0.821875 0.650000 0.793750 0.650000
9 0.471875 0.539583 0.557813 0.654167 0.775000 0.672917 0.771875 0.647917 0.656250 0.622917 0.528125 0.552083
9 0.000000 0.737500 0.418750 0.466667 0.000000 0.381250
10 0.000000 0.120833 0.070312 0.043750 0.190625 0.168750 0.264062 0.127083 0.304688 0.245833 0.473438 0.381250 0.570312 0.060417 0.617188 0.300000 0.740625 0.252083 0.787500 0.297917 0.801562 0.127083 0.879687 0.095833 0.892188 0.000000 0.000000 0.000000