0 0.000000 0.891667 0.000000 0.997917 0.862500 0.997917 0.790625 0.893750 0.889062 0.839583 0.896875 0.764583 0.553125 0.604167 0.404687 0.477083
1 0.821875 0.866667 0.884375 0.860417 0.998437 0.891667 0.998437 0.791667 0.884375 0.745833 0.898438 0.764583 0.882812 0.779167 0.896875 0.802083 0.893750 0.835417 0.851562 0.841667
1 0.596875 0.566667 0.600000 0.585417 0.998437 0.600000 0.995313 0.585417
1 0.515625 0.566667 0.539062 0.589583 0.546875 0.589583 0.562500 0.581250 0.590625 0.581250 0.590625 0.566667
4 0.179688 0.429167 0.210938 0.447917 0.262500 0.454167 0.265625 0.445833 0.268750 0.454167 0.407813 0.470833 0.404687 0.456250
5 0.604688 0.343750 0.600000 0.350000 0.592187 0.585417
7 0.606250 0.295833 0.601562 0.295833 0.596875 0.306250 0.596875 0.318750 0.593750 0.322917 0.593750 0.339583 0.598437 0.347917 0.600000 0.347917 0.604688 0.341667 0.604688 0.337500 0.606250 0.335417 0.606250 0.310417 0.607812 0.308333 0.607812 0.300000
8 0.778125 0.064583 0.737500 0.114583 0.726562 0.204167 0.703125 0.202083 0.690625 0.268750 0.714063 0.293750 0.607812 0.331250 0.598437 0.547917 0.998437 0.558333 0.985938 0.233333 0.940625 0.231250 0.942187 0.187500 0.906250 0.216667 0.903125 0.183333 0.843750 0.210417 0.839063 0.252083 0.807813 0.197917 0.834375 0.118750
8 0.000000 0.000000 0.034375 0.533333 0.046875 0.445833 0.392188 0.414583 0.460938 0.512500 0.590625 0.547917 0.553125 0.145833 0.478125 0.231250 0.471875 0.391667 0.406250 0.385417 0.264062 0.191667 0.135937 0.191667 0.085938 0.100000 0.110937 0.041667 0.064062 0.081250 0.075000 0.000000
9 0.792188 0.893750 0.795312 0.916667 0.859375 0.995833 0.998437 0.997917 0.993750 0.889583 0.870313 0.862500 0.818750 0.868750
9 0.540625 0.591667 0.998437 0.789583 0.998437 0.602083
9 0.596875 0.554167 0.998437 0.585417 0.998437 0.560417
9 0.464062 0.516667 0.510938 0.564583 0.590625 0.564583 0.590625 0.550000 0.576562 0.541667 0.551562 0.541667 0.496875 0.518750
9 0.000000 0.889583 0.412500 0.475000 0.046875 0.447917 0.034375 0.535417 0.028125 0.447917 0.000000 0.447917
10 0.007812 0.129167 0.000000 0.129167 0.000000 0.164583 0.001563 0.166667 0.000000 0.170833 0.000000 0.168750 0.006250 0.160417 0.009375 0.162500 0.014063 0.162500 0.015625 0.160417 0.012500 0.154167 0.014063 0.150000 0.012500 0.145833 0.012500 0.137500
10 0.062500 0.029167 0.068750 0.085417 0.112500 0.041667 0.067187 0.147917 0.114062 0.095833 0.153125 0.208333 0.264062 0.189583 0.406250 0.383333 0.470313 0.391667 0.529687 0.129167 0.578125 0.325000 0.698438 0.306250 0.795312 0.058333 0.839063 0.250000 0.904687 0.181250 0.998437 0.260417 0.998437 0.000000