0 0.790625 0.997917 0.489063 0.483333 0.000000 0.758333 0.000000 0.997917 0.614062 0.997917 0.584375 0.970833 0.609375 0.958333 0.623437 0.997917
4 0.162500 0.364583 0.164062 0.400000 0.176563 0.383333 0.462500 0.468750 0.443750 0.445833
5 0.595313 0.231250 0.592187 0.233333 0.589063 0.308333 0.578125 0.402083 0.590625 0.310417
8 0.000000 0.133333 0.000000 0.356250 0.445312 0.402083 0.537500 0.579167 0.998437 0.860417 0.993750 0.147917 0.776563 0.260417 0.710938 0.206250 0.714063 0.000000 0.656250 0.000000 0.518750 0.383333 0.310937 0.108333 0.229687 0.170833 0.120313 0.018750
9 0.585938 0.962500 0.585938 0.970833 0.590625 0.970833 0.593750 0.975000 0.593750 0.981250 0.604688 0.987500 0.606250 0.991667 0.609375 0.991667 0.615625 0.997917 0.621875 0.997917 0.617188 0.993750 0.614062 0.985417 0.614062 0.979167 0.610938 0.977083 0.610938 0.960417 0.609375 0.960417 0.607812 0.968750 0.596875 0.966667 0.595313 0.962500 0.593750 0.966667 0.589063 0.966667
9 0.432812 0.837500 0.432812 0.843750 0.428125 0.847917 0.426563 0.854167 0.435937 0.860417 0.437500 0.866667 0.439063 0.866667 0.440625 0.862500 0.443750 0.862500 0.445312 0.866667 0.446875 0.866667 0.450000 0.862500 0.454688 0.860417 0.454688 0.854167 0.457813 0.852083 0.456250 0.847917 0.457813 0.841667 0.446875 0.833333 0.440625 0.833333 0.439063 0.837500
9 0.492188 0.810417 0.471875 0.847917 0.485938 0.864583 0.476562 0.900000 0.457813 0.908333 0.462500 0.927083 0.479687 0.925000 0.479687 0.895833 0.501563 0.908333 0.506250 0.883333 0.526563 0.933333 0.539062 0.916667 0.551562 0.922917 0.553125 0.972917 0.567187 0.970833 0.573438 0.950000 0.582812 0.960417 0.584375 0.935417 0.607812 0.904167 0.590625 0.877083 0.595313 0.841667 0.539062 0.833333 0.548438 0.812500 0.532813 0.793750 0.523438 0.808333
9 0.440625 0.758333 0.446875 0.760417 0.448437 0.758333 0.454688 0.758333 0.459375 0.754167 0.467187 0.754167 0.467187 0.747917 0.465625 0.745833 0.465625 0.737500 0.467187 0.735417 0.465625 0.733333 0.451562 0.733333 0.443750 0.743750 0.443750 0.747917 0.440625 0.752083
9 0.540625 0.581250 0.792188 0.997917 0.998437 0.997917 0.995313 0.858333 0.843750 0.800000 0.695312 0.685417 0.681250 0.650000
9 0.000000 0.756250 0.473438 0.468750 0.000000 0.358333
10 0.714063 0.002083 0.701562 0.137500 0.735938 0.120833 0.742188 0.141667 0.712500 0.206250 0.768750 0.227083 0.776563 0.258333 0.779687 0.189583 0.818750 0.225000 0.859375 0.225000 0.856250 0.187500 0.910937 0.183333 0.900000 0.150000 0.917188 0.133333 0.967187 0.175000 0.987500 0.143750 0.998437 0.162500 0.998437 0.000000
10 0.000000 0.131250 0.120313 0.016667 0.209375 0.066667 0.229687 0.168750 0.310937 0.106250 0.353125 0.237500 0.384375 0.206250 0.468750 0.372917 0.521875 0.381250 0.575000 0.325000 0.545312 0.308333 0.593750 0.185417 0.579688 0.118750 0.650000 0.083333 0.665625 0.008333 0.000000 0.000000