0 0.785937 0.997917 0.689063 0.881250 0.734375 0.754167 0.617188 0.729167 0.437500 0.472917 0.000000 0.735417 0.000000 0.997917
1 0.959375 0.739583 0.942187 0.733333 0.928125 0.733333 0.928125 0.762500 0.925000 0.764583 0.925000 0.789583 0.921875 0.791667 0.925000 0.804167 0.928125 0.806250 0.935937 0.802083 0.935937 0.768750 0.943750 0.762500 0.943750 0.747917
1 0.578125 0.685417 0.623437 0.731250 0.665625 0.745833 0.703125 0.737500 0.737500 0.758333 0.850000 0.772917 0.895312 0.762500 0.900000 0.737500 0.829688 0.714583
4 0.140625 0.379167 0.157812 0.400000 0.403125 0.464583 0.412500 0.456250 0.398438 0.441667
5 0.982812 0.108333 0.959375 0.125000 0.896875 0.768750 0.900000 0.954167
7 0.998437 0.000000 0.937500 0.002083 0.923438 0.041667 0.917188 0.100000 0.925000 0.120833 0.935937 0.127083 0.962500 0.122917 0.998437 0.089583
8 0.998437 0.091667 0.982812 0.112500 0.931250 0.670833 0.998437 0.693750
8 0.000000 0.116667 0.000000 0.379167 0.395313 0.414583 0.620313 0.616667 0.907813 0.679167 0.918750 0.056250 0.853125 0.262500 0.645312 0.302083 0.581250 0.043750 0.481250 0.375000 0.268750 0.127083 0.187500 0.166667 0.071875 0.039583
8 0.937500 0.000000 0.928125 0.000000 0.931250 0.008333 0.929688 0.016667 0.923438 0.018750 0.914062 0.027083 0.914062 0.041667 0.915625 0.043750 0.914062 0.045833 0.917188 0.047917 0.917188 0.052083 0.920312 0.052083 0.929688 0.016667
9 0.998437 0.695833 0.929688 0.681250 0.928125 0.731250 0.960938 0.741667 0.921875 0.802083 0.900000 0.956250 0.896875 0.762500 0.737500 0.760417 0.693750 0.891667 0.787500 0.997917 0.998437 0.997917
9 0.470313 0.531250 0.576562 0.683333 0.903125 0.725000 0.906250 0.681250 0.714063 0.639583 0.692187 0.654167
9 0.000000 0.733333 0.415625 0.466667 0.000000 0.381250
10 0.000000 0.114583 0.071875 0.037500 0.187500 0.164583 0.268750 0.125000 0.304688 0.241667 0.481250 0.372917 0.504687 0.166667 0.581250 0.041667 0.645312 0.300000 0.781250 0.227083 0.818750 0.287500 0.929688 0.008333 0.000000 0.000000