0 0.864062 0.997917 0.509375 0.493750 0.468750 0.485417 0.000000 0.889583 0.000000 0.997917
4 0.448437 0.456250 0.448437 0.477083 0.450000 0.477083 0.451562 0.481250 0.460938 0.481250 0.462500 0.477083 0.468750 0.477083 0.468750 0.472917 0.470313 0.470833 0.470313 0.462500 0.465625 0.462500 0.464062 0.460417 0.460938 0.460417 0.454688 0.456250
4 0.339062 0.427083 0.339062 0.445833 0.350000 0.445833 0.392188 0.464583 0.412500 0.466667 0.431250 0.477083 0.445312 0.477083 0.445312 0.454167 0.346875 0.425000
4 0.193750 0.391667 0.193750 0.416667 0.239063 0.425000 0.250000 0.433333 0.265625 0.429167 0.334375 0.443750 0.332813 0.420833
4 0.109375 0.375000 0.110937 0.397917 0.143750 0.402083 0.154688 0.408333 0.181250 0.412500 0.181250 0.400000 0.184375 0.397917 0.184375 0.387500 0.140625 0.379167 0.139063 0.375000
5 0.834375 0.000000 0.820312 0.000000 0.792188 0.343750 0.809375 0.312500
8 0.000000 0.000000 0.000000 0.391667 0.443750 0.397917 0.496875 0.491667 0.528125 0.395833 0.865625 0.997917 0.998437 0.997917 0.998437 0.000000 0.835938 0.000000 0.795312 0.345833 0.818750 0.000000 0.643750 0.000000 0.614062 0.202083 0.679688 0.229167 0.545312 0.410417 0.281250 0.052083 0.168750 0.000000 0.145313 0.110417
9 0.510938 0.493750 0.587500 0.610417 0.584375 0.579167 0.556250 0.529167 0.551562 0.489583 0.545312 0.481250 0.546875 0.470833 0.526563 0.483333 0.521875 0.493750
9 0.000000 0.887500 0.465625 0.483333 0.196875 0.418750 0.182812 0.456250 0.179688 0.414583 0.000000 0.393750
10 0.185938 0.000000 0.220312 0.056250 0.301563 0.070833 0.331250 0.175000 0.357812 0.133333 0.371875 0.247917 0.418750 0.281250 0.442188 0.237500 0.475000 0.377083 0.500000 0.350000 0.545312 0.408333 0.553125 0.327083 0.678125 0.229167 0.662500 0.187500 0.612500 0.202083 0.668750 0.089583 0.642188 0.000000
10 0.115625 0.000000 0.117188 0.020833 0.129688 0.016667 0.135937 0.025000 0.139063 0.052083 0.132812 0.070833 0.142187 0.075000 0.139063 0.100000 0.145313 0.108333 0.156250 0.106250 0.157812 0.093750 0.167187 0.089583 0.162500 0.060417 0.165625 0.050000 0.162500 0.022917 0.167187 0.000000