0 0.000000 0.977083 0.929688 0.997917 0.471875 0.489583 0.429688 0.489583
4 0.498437 0.427083 0.495312 0.431250 0.495312 0.445833 0.492188 0.460417 0.492188 0.477083 0.498437 0.479167 0.498437 0.487500 0.506250 0.468750 0.510938 0.466667 0.510938 0.452083 0.512500 0.450000 0.512500 0.431250 0.506250 0.431250
4 0.218750 0.410417 0.223438 0.439583 0.367188 0.464583 0.393750 0.481250 0.415625 0.472917 0.443750 0.485417 0.445312 0.477083 0.443750 0.460417 0.418750 0.454167 0.415625 0.466667 0.414062 0.452083
4 0.582812 0.377083 0.553125 0.404167 0.542188 0.441667 0.517188 0.435417 0.515625 0.458333 0.529687 0.445833 0.540625 0.460417 0.539062 0.481250 0.578125 0.495833 0.587500 0.443750 0.579688 0.414583
4 0.000000 0.372917 0.003125 0.414583 0.037500 0.414583 0.046875 0.425000 0.068750 0.425000 0.073438 0.414583 0.132812 0.422917 0.135937 0.435417 0.140625 0.425000 0.209375 0.431250 0.207813 0.406250
8 0.537500 0.456250 0.531250 0.452083 0.529687 0.447917 0.521875 0.452083 0.521875 0.454167 0.515625 0.460417 0.515625 0.481250 0.520312 0.481250 0.521875 0.477083 0.532813 0.477083 0.534375 0.481250 0.537500 0.472917 0.537500 0.462500 0.539062 0.460417
8 0.070312 0.422917 0.092188 0.425000 0.093750 0.429167 0.106250 0.431250 0.129688 0.431250 0.131250 0.433333 0.134375 0.429167 0.132812 0.425000 0.120313 0.425000 0.107813 0.420833 0.079687 0.420833 0.078125 0.416667 0.073438 0.416667
8 0.518750 0.402083 0.517188 0.433333 0.525000 0.433333 0.535937 0.439583 0.542188 0.439583 0.542188 0.431250 0.543750 0.427083 0.542188 0.425000 0.542188 0.420833 0.539062 0.418750 0.535937 0.410417 0.531250 0.406250 0.523438 0.406250
8 0.796875 0.000000 0.725000 0.060417 0.717187 0.129167 0.687500 0.097917 0.670312 0.166667 0.634375 0.122917 0.601562 0.175000 0.632812 0.231250 0.596875 0.212500 0.578125 0.497917 0.732812 0.783333 0.998437 0.935417 0.998437 0.000000
8 0.000000 0.000000 0.000000 0.370833 0.207813 0.404167 0.140625 0.433333 0.207813 0.441667 0.209375 0.485417 0.243750 0.443750 0.218750 0.408333 0.414062 0.450000 0.418750 0.383333 0.418750 0.452083 0.489063 0.481250 0.512500 0.375000 0.475000 0.333333 0.446875 0.368750 0.404687 0.187500 0.364063 0.247917 0.317188 0.214583 0.329688 0.164583 0.301563 0.195833 0.312500 0.114583 0.281250 0.158333 0.257812 0.106250 0.267188 0.000000 0.232813 0.039583 0.232813 0.000000
9 0.757812 0.804167 0.928125 0.995833 0.998437 0.997917 0.998437 0.937500 0.920312 0.922917 0.771875 0.802083
9 0.484375 0.485417 0.717187 0.758333 0.715625 0.729167 0.670312 0.662500 0.665625 0.631250 0.618750 0.575000 0.610938 0.518750 0.537500 0.479167 0.515625 0.483333 0.512500 0.497917 0.509375 0.483333
9 0.000000 0.975000 0.443750 0.487500 0.217188 0.445833 0.209375 0.487500 0.201563 0.439583 0.000000 0.414583
10 0.251563 0.045833 0.281250 0.156250 0.314063 0.114583 0.303125 0.195833 0.329688 0.162500 0.318750 0.214583 0.360938 0.256250 0.404687 0.185417 0.448437 0.368750 0.475000 0.331250 0.542188 0.418750 0.592187 0.364583 0.595313 0.212500 0.631250 0.231250 0.600000 0.175000 0.629687 0.181250 0.634375 0.120833 0.670312 0.164583 0.687500 0.095833 0.717187 0.127083 0.723437 0.060417 0.778125 0.054167 0.795312 0.000000 0.268750 0.000000