0 0.000000 0.931250 0.000000 0.997917 0.904687 0.997917 0.467187 0.489583 0.385937 0.487500 0.346875 0.572917
2 0.389062 0.414583 0.389062 0.422917 0.393750 0.425000 0.398438 0.431250 0.401562 0.431250 0.406250 0.435417 0.412500 0.435417 0.414062 0.439583 0.426563 0.439583 0.426563 0.433333 0.410938 0.414583
2 0.639062 0.375000 0.634375 0.425000 0.643750 0.410417 0.650000 0.408333 0.659375 0.441667 0.656250 0.466667 0.667188 0.466667 0.665625 0.439583 0.670312 0.431250 0.657813 0.406250 0.651563 0.406250 0.645312 0.400000
3 0.528125 0.393750 0.526563 0.439583 0.578125 0.437500 0.590625 0.425000 0.601562 0.462500 0.623437 0.468750 0.631250 0.491667 0.682813 0.500000 0.692187 0.479167 0.631250 0.464583 0.632812 0.316667
4 0.628125 0.518750 0.623437 0.470833 0.601562 0.464583 0.590625 0.427083 0.559375 0.441667 0.501563 0.431250 0.500000 0.452083 0.514062 0.447917 0.521875 0.481250 0.576562 0.500000 0.579688 0.441667 0.587500 0.435417 0.593750 0.468750 0.585938 0.470833 0.581250 0.502083 0.606250 0.510417 0.618750 0.491667
4 0.485938 0.422917 0.481250 0.422917 0.481250 0.433333 0.475000 0.450000 0.475000 0.472917 0.478125 0.485417 0.482812 0.464583 0.485938 0.462500 0.485938 0.458333 0.496875 0.452083 0.496875 0.429167
4 0.035937 0.372917 0.037500 0.422917 0.418750 0.485417 0.417187 0.456250
4 0.000000 0.364583 0.000000 0.425000 0.015625 0.422917 0.017188 0.420833 0.017188 0.408333 0.020313 0.406250 0.018750 0.404167 0.018750 0.379167 0.020313 0.375000 0.015625 0.368750 0.006250 0.368750
4 0.639062 0.310417 0.631250 0.312500 0.634375 0.316667 0.631250 0.404167 0.639062 0.341667
5 0.510938 0.333333 0.498437 0.333333 0.503125 0.350000 0.495312 0.468750 0.496875 0.502083 0.501563 0.370833 0.504687 0.368750 0.504687 0.341667
8 0.587500 0.437500 0.584375 0.437500 0.581250 0.441667 0.581250 0.450000 0.579688 0.452083 0.581250 0.456250 0.578125 0.466667 0.578125 0.500000 0.579688 0.500000 0.584375 0.470833 0.587500 0.466667 0.592187 0.468750 0.590625 0.464583 0.590625 0.450000 0.587500 0.443750
8 0.650000 0.410417 0.643750 0.412500 0.639062 0.422917 0.634375 0.427083 0.632812 0.433333 0.632812 0.464583 0.639062 0.464583 0.648438 0.470833 0.654687 0.466667 0.654687 0.456250 0.657813 0.452083 0.656250 0.450000 0.657813 0.441667 0.654687 0.435417
8 0.503125 0.400000 0.501563 0.429167 0.509375 0.429167 0.510938 0.433333 0.518750 0.433333 0.520312 0.435417 0.523438 0.433333 0.523438 0.427083 0.525000 0.425000 0.525000 0.406250 0.518750 0.410417 0.514062 0.402083
8 0.670312 0.043750 0.701562 0.106250 0.659375 0.141667 0.698438 0.195833 0.654687 0.218750 0.679688 0.272917 0.651563 0.295833 0.695312 0.650000 0.770312 0.804167 0.840625 0.814583 0.845313 0.887500 0.998437 0.997917 0.998437 0.000000
8 0.000000 0.000000 0.015625 0.506250 0.035937 0.370833 0.381250 0.443750 0.379688 0.362500 0.420312 0.485417 0.473438 0.472917 0.496875 0.383333 0.454688 0.320833 0.420312 0.352083 0.367188 0.133333 0.331250 0.195833 0.264062 0.175000 0.237500 0.085417 0.200000 0.100000 0.228125 0.000000 0.184375 0.056250 0.176563 0.000000
9 0.451562 0.483333 0.895312 0.987500 0.957812 0.997917 0.842187 0.885417 0.860938 0.868750 0.840625 0.816667 0.754687 0.787500 0.764062 0.743750 0.693750 0.650000 0.696875 0.583333 0.670312 0.558333 0.689063 0.504167 0.617188 0.520833 0.504687 0.454167 0.496875 0.504167 0.495312 0.456250
9 0.403125 0.500000 0.042188 0.420833 0.018750 0.510417 0.000000 0.427083 0.000000 0.929167
10 0.229687 0.000000 0.201563 0.100000 0.237500 0.083333 0.264062 0.172917 0.328125 0.193750 0.367188 0.131250 0.425000 0.356250 0.454688 0.318750 0.498437 0.391667 0.510938 0.331250 0.520312 0.408333 0.639062 0.308333 0.646875 0.400000 0.685937 0.389583 0.650000 0.297917 0.678125 0.272917 0.653125 0.218750 0.696875 0.195833 0.657813 0.141667 0.700000 0.106250 0.668750 0.043750 0.764062 0.000000
10 0.207813 0.000000 0.175000 0.002083 0.175000 0.020833 0.170313 0.029167 0.171875 0.031250 0.167187 0.043750 0.164062 0.045833 0.165625 0.054167 0.168750 0.054167 0.171875 0.047917 0.184375 0.054167 0.184375 0.045833 0.192188 0.039583 0.192188 0.022917 0.201563 0.008333 0.206250 0.006250