0 0.000000 0.847917 0.000000 0.997917 0.821875 0.997917 0.475000 0.497917 0.289062 0.508333 0.309375 0.591667
1 0.175000 0.504167 0.187500 0.510417 0.243750 0.518750 0.245312 0.522917 0.262500 0.522917 0.262500 0.508333 0.251563 0.512500 0.246875 0.504167 0.210938 0.504167 0.200000 0.500000 0.176563 0.500000
1 0.000000 0.483333 0.000000 0.491667 0.168750 0.506250 0.165625 0.497917
2 0.998437 0.429167 0.987500 0.416667 0.953125 0.418750 0.939063 0.408333 0.920312 0.416667 0.862500 0.416667 0.857812 0.502083 0.887500 0.491667 0.943750 0.502083 0.968750 0.495833 0.996875 0.508333
3 0.490625 0.454167 0.492188 0.452083 0.496875 0.452083 0.500000 0.447917 0.501563 0.447917 0.503125 0.443750 0.509375 0.443750 0.512500 0.439583 0.518750 0.435417 0.510938 0.435417 0.509375 0.431250 0.503125 0.431250 0.501563 0.429167 0.498437 0.431250 0.495312 0.429167 0.490625 0.439583
3 0.878125 0.100000 0.546875 0.372917 0.546875 0.433333 0.600000 0.433333 0.601562 0.472917 0.621875 0.441667 0.628125 0.485417 0.650000 0.485417 0.676562 0.412500 0.701562 0.533333 0.725000 0.485417 0.729688 0.539583 0.751563 0.547917 0.793750 0.485417 0.856250 0.506250
4 0.545312 0.435417 0.543750 0.487500 0.637500 0.518750 0.651563 0.518750 0.657813 0.506250 0.654687 0.481250 0.650000 0.487500 0.626563 0.485417 0.621875 0.443750 0.620313 0.466667 0.604688 0.466667 0.601562 0.475000 0.593750 0.460417 0.600000 0.435417 0.587500 0.435417 0.582812 0.427083
4 0.482812 0.416667 0.478125 0.464583 0.479687 0.460417 0.481250 0.466667 0.485938 0.418750 0.487500 0.456250 0.495312 0.427083 0.518750 0.433333 0.510938 0.443750 0.529687 0.450000 0.531250 0.477083 0.535937 0.481250 0.532813 0.437500
4 0.334375 0.389583 0.345313 0.402083 0.360938 0.406250 0.367188 0.416667 0.390625 0.433333 0.418750 0.435417 0.412500 0.422917 0.403125 0.418750 0.404687 0.414583 0.398438 0.414583 0.392188 0.408333 0.390625 0.395833 0.364063 0.393750 0.362500 0.389583
4 0.000000 0.379167 0.000000 0.481250 0.014063 0.450000 0.029687 0.477083 0.042188 0.454167 0.162500 0.466667 0.170313 0.508333 0.201563 0.475000 0.243750 0.487500 0.267188 0.527083 0.271875 0.506250 0.285938 0.522917 0.292187 0.485417 0.325000 0.491667 0.328125 0.450000 0.331250 0.487500 0.387500 0.506250 0.389062 0.456250
5 0.332813 0.308333 0.329688 0.310417 0.328125 0.445833 0.332813 0.389583
5 0.556250 0.185417 0.534375 0.191667 0.546875 0.206250 0.534375 0.545833 0.554688 0.206250 0.568750 0.193750
7 0.301563 0.293750 0.300000 0.297917 0.301563 0.310417 0.301563 0.335417 0.300000 0.337500 0.301563 0.341667 0.321875 0.345833 0.323437 0.350000 0.328125 0.350000 0.329688 0.345833 0.329688 0.331250 0.328125 0.329167 0.329688 0.306250 0.325000 0.302083 0.318750 0.302083 0.310937 0.295833
8 0.770312 0.550000 0.796875 0.591667 0.832812 0.600000 0.851562 0.591667 0.857812 0.514583 0.998437 0.531250 0.998437 0.508333 0.887500 0.493750 0.851562 0.508333 0.820312 0.479167 0.773438 0.502083
8 0.528125 0.450000 0.521875 0.445833 0.515625 0.445833 0.512500 0.450000 0.503125 0.447917 0.493750 0.456250 0.489063 0.456250 0.487500 0.481250 0.492188 0.487500 0.496875 0.487500 0.506250 0.481250 0.514062 0.454167 0.523438 0.454167 0.529687 0.466667
8 0.945312 0.433333 0.942187 0.433333 0.939063 0.439583 0.931250 0.441667 0.931250 0.456250 0.929688 0.462500 0.926562 0.464583 0.934375 0.487500 0.948438 0.485417 0.953125 0.481250 0.954688 0.477083 0.953125 0.472917 0.957812 0.466667 0.948438 0.456250 0.951562 0.439583
8 0.675000 0.414583 0.667188 0.439583 0.667188 0.464583 0.656250 0.479167 0.659375 0.506250 0.653125 0.520833 0.685937 0.533333 0.700000 0.533333 0.700000 0.508333 0.690625 0.487500 0.692187 0.458333 0.689063 0.456250 0.685937 0.425000
8 0.000000 0.000000 0.000000 0.377083 0.325000 0.443750 0.301563 0.291667 0.334375 0.387500 0.420312 0.431250 0.332813 0.391667 0.389062 0.495833 0.426563 0.452083 0.467187 0.491667 0.482812 0.414583 0.532813 0.435417 0.448437 0.287500 0.415625 0.345833 0.343750 0.000000 0.200000 0.000000 0.184375 0.075000 0.140625 0.000000
9 0.000000 0.845833 0.237500 0.631250 0.309375 0.589583 0.312500 0.566667 0.264062 0.525000 0.000000 0.493750
9 0.289062 0.493750 0.289062 0.506250 0.389062 0.506250 0.382812 0.508333 0.381250 0.502083 0.368750 0.493750 0.354687 0.493750 0.350000 0.502083 0.346875 0.489583 0.331250 0.489583 0.328125 0.502083 0.323437 0.489583 0.292187 0.487500
9 0.178125 0.489583 0.178125 0.497917 0.246875 0.502083 0.246875 0.493750 0.243750 0.489583 0.221875 0.487500 0.220312 0.483333 0.212500 0.483333 0.210938 0.479167 0.185938 0.475000
9 0.457813 0.493750 0.823438 0.997917 0.998437 0.997917 0.998437 0.533333 0.857812 0.516667 0.831250 0.602083 0.557813 0.489583 0.534375 0.547917 0.523438 0.456250
9 0.001563 0.479167 0.168750 0.495833 0.162500 0.468750 0.042188 0.456250 0.037500 0.477083 0.029687 0.479167 0.021875 0.452083 0.014063 0.452083 0.015625 0.464583
10 0.345313 0.000000 0.418750 0.350000 0.448437 0.285417 0.523438 0.404167 0.537500 0.185417 0.570312 0.193750 0.548438 0.370833 0.876563 0.095833 0.862500 0.414583 0.998437 0.427083 0.998437 0.000000
10 0.142187 0.000000 0.146875 0.016667 0.153125 0.020833 0.164062 0.043750 0.178125 0.058333 0.182812 0.072917 0.189062 0.070833 0.189062 0.062500 0.193750 0.054167 0.192188 0.050000 0.201563 0.031250 0.196875 0.006250 0.200000 0.002083
11 0.426563 0.454167 0.421875 0.460417 0.421875 0.475000 0.425000 0.479167 0.425000 0.491667 0.421875 0.502083 0.423438 0.506250 0.426563 0.506250 0.429688 0.500000 0.432812 0.506250 0.434375 0.506250 0.435937 0.483333 0.434375 0.481250 0.434375 0.475000 0.429688 0.464583 0.429688 0.456250