0 0.000000 0.862500 0.000000 0.997917 0.829688 0.997917 0.478125 0.497917 0.304688 0.504167 0.318750 0.583333
1 0.195312 0.497917 0.195312 0.506250 0.225000 0.508333 0.245312 0.514583 0.271875 0.516667 0.278125 0.510417 0.278125 0.504167 0.262500 0.508333 0.256250 0.502083
1 0.029687 0.487500 0.185938 0.502083 0.181250 0.495833 0.076563 0.485417
2 0.998437 0.425000 0.948438 0.420833 0.943750 0.412500 0.926562 0.420833 0.853125 0.420833 0.848437 0.514583 0.879687 0.495833 0.953125 0.506250 0.978125 0.497917 0.982812 0.508333 0.998437 0.508333
2 0.393750 0.410417 0.393750 0.414583 0.392188 0.416667 0.393750 0.418750 0.390625 0.425000 0.392188 0.425000 0.398438 0.433333 0.401562 0.435417 0.423438 0.435417 0.418750 0.425000 0.410938 0.420833 0.410938 0.416667 0.404687 0.414583 0.400000 0.410417
3 0.868750 0.114583 0.553125 0.372917 0.548438 0.429167 0.617188 0.414583 0.612500 0.462500 0.592187 0.458333 0.621875 0.472917 0.626563 0.412500 0.628125 0.475000 0.660937 0.477083 0.678125 0.414583 0.695312 0.529167 0.750000 0.547917 0.768750 0.497917 0.814063 0.477083 0.846875 0.508333
4 0.678125 0.514583 0.670312 0.470833 0.626563 0.475000 0.626563 0.414583 0.621875 0.475000 0.600000 0.475000 0.590625 0.458333 0.603125 0.439583 0.610938 0.462500 0.617188 0.416667 0.610938 0.435417 0.587500 0.427083 0.546875 0.435417 0.546875 0.487500 0.640625 0.518750
4 0.482812 0.416667 0.478125 0.447917 0.482812 0.477083 0.487500 0.477083 0.490625 0.441667 0.492188 0.462500 0.512500 0.445833 0.528125 0.447917 0.535937 0.458333 0.537500 0.477083 0.539062 0.435417 0.525000 0.435417 0.493750 0.420833 0.490625 0.414583
4 0.000000 0.377083 0.000000 0.475000 0.026562 0.487500 0.037500 0.466667 0.171875 0.470833 0.193750 0.506250 0.203125 0.472917 0.278125 0.502083 0.281250 0.527083 0.293750 0.502083 0.301563 0.537500 0.307812 0.481250 0.334375 0.491667 0.337500 0.447917 0.339062 0.493750 0.390625 0.485417 0.395313 0.506250 0.395313 0.456250
5 0.342187 0.312500 0.339062 0.312500 0.335938 0.445833 0.340625 0.445833 0.337500 0.439583 0.340625 0.437500
5 0.560937 0.195833 0.537500 0.202083 0.550000 0.216667 0.537500 0.543750 0.543750 0.539583 0.553125 0.235417 0.570312 0.202083
7 0.310937 0.300000 0.312500 0.302083 0.310937 0.343750 0.312500 0.345833 0.320312 0.345833 0.323437 0.350000 0.337500 0.350000 0.337500 0.312500 0.339062 0.310417 0.325000 0.302083
8 0.857812 0.512500 0.860938 0.518750 0.909375 0.527083 0.998437 0.533333 0.998437 0.510417 0.982812 0.510417 0.978125 0.500000 0.953125 0.508333 0.879687 0.497917 0.865625 0.500000
8 0.765625 0.504167 0.765625 0.543750 0.760938 0.547917 0.771875 0.554167 0.796875 0.589583 0.825000 0.593750 0.842187 0.585417 0.840625 0.560417 0.846875 0.510417 0.832812 0.489583 0.820312 0.487500 0.818750 0.479167 0.814063 0.479167 0.809375 0.487500 0.795312 0.487500
8 0.948438 0.435417 0.943750 0.441667 0.935937 0.443750 0.935937 0.454167 0.929688 0.464583 0.931250 0.477083 0.940625 0.493750 0.946875 0.493750 0.951562 0.487500 0.954688 0.487500 0.959375 0.481250 0.957812 0.475000 0.962500 0.470833 0.954688 0.460417
8 0.671875 0.416667 0.668750 0.460417 0.679688 0.493750 0.679688 0.514583 0.671875 0.525000 0.667188 0.525000 0.695312 0.531250 0.685937 0.502083 0.687500 0.445833 0.684375 0.427083 0.678125 0.416667
8 0.000000 0.000000 0.000000 0.375000 0.334375 0.443750 0.317188 0.297917 0.339062 0.443750 0.395313 0.454167 0.396875 0.497917 0.431250 0.452083 0.470313 0.495833 0.482812 0.414583 0.537500 0.433333 0.453125 0.289583 0.410938 0.329167 0.350000 0.004167 0.220312 0.000000 0.196875 0.083333 0.151562 0.000000
9 0.000000 0.860417 0.318750 0.581250 0.323437 0.558333 0.235937 0.512500 0.000000 0.487500
9 0.304688 0.495833 0.307812 0.506250 0.389062 0.506250 0.389062 0.500000 0.364063 0.493750 0.362500 0.489583 0.357812 0.493750 0.353125 0.485417 0.340625 0.489583 0.335938 0.500000 0.332813 0.489583 0.323437 0.487500 0.318750 0.481250 0.309375 0.481250 0.307812 0.493750
9 0.196875 0.489583 0.196875 0.495833 0.206250 0.497917 0.259375 0.500000 0.257812 0.487500 0.248438 0.485417 0.246875 0.481250 0.232813 0.481250 0.231250 0.477083 0.203125 0.475000
9 0.034375 0.479167 0.120313 0.489583 0.128125 0.481250 0.135937 0.491667 0.185938 0.493750 0.184375 0.477083 0.134375 0.472917 0.121875 0.481250 0.106250 0.468750 0.076563 0.468750 0.059375 0.479167 0.037500 0.468750
9 0.475000 0.485417 0.828125 0.995833 0.998437 0.997917 0.998437 0.535417 0.848437 0.516667 0.843750 0.585417 0.812500 0.595833 0.545312 0.487500 0.537500 0.545833 0.525000 0.447917
10 0.335938 0.000000 0.420312 0.341667 0.453125 0.287500 0.528125 0.404167 0.539062 0.195833 0.571875 0.202083 0.551562 0.372917 0.860938 0.110417 0.853125 0.418750 0.998437 0.422917 0.998437 0.000000
10 0.153125 0.000000 0.159375 0.025000 0.167187 0.031250 0.179688 0.058333 0.189062 0.064583 0.196875 0.081250 0.201563 0.079167 0.204687 0.045833 0.207813 0.041667 0.215625 0.045833 0.212500 0.020833 0.218750 0.000000
11 0.431250 0.454167 0.426563 0.466667 0.431250 0.483333 0.429688 0.485417 0.429688 0.506250 0.434375 0.500000 0.439063 0.506250 0.440625 0.497917 0.432812 0.487500 0.434375 0.485417 0.434375 0.479167 0.437500 0.477083 0.435937 0.456250