0 0.000000 0.862500 0.000000 0.997917 0.834375 0.997917 0.481250 0.497917 0.329688 0.504167 0.345313 0.568750
1 0.225000 0.495833 0.226562 0.500000 0.251563 0.502083 0.253125 0.506250 0.271875 0.506250 0.292187 0.512500 0.301563 0.510417 0.301563 0.504167 0.281250 0.504167 0.278125 0.500000 0.250000 0.497917 0.239063 0.493750
2 0.998437 0.429167 0.956250 0.431250 0.950000 0.420833 0.931250 0.429167 0.831250 0.429167 0.826562 0.516667 0.859375 0.525000 0.871875 0.506250 0.900000 0.502083 0.940625 0.512500 0.981250 0.508333 0.998437 0.518750
2 0.385937 0.414583 0.390625 0.425000 0.396875 0.425000 0.398438 0.418750 0.401562 0.429167 0.407813 0.435417 0.423438 0.435417 0.425000 0.437500 0.429688 0.435417 0.426563 0.427083 0.421875 0.425000 0.417187 0.416667 0.404687 0.406250 0.395313 0.410417 0.389062 0.410417
3 0.500000 0.422917 0.500000 0.456250 0.514062 0.452083 0.521875 0.443750 0.529687 0.443750 0.539062 0.452083 0.542188 0.450000 0.543750 0.439583 0.526563 0.435417 0.525000 0.431250 0.518750 0.431250
3 0.848437 0.147917 0.554688 0.379167 0.556250 0.462500 0.581250 0.456250 0.600000 0.491667 0.665625 0.487500 0.690625 0.533333 0.757812 0.547917 0.754687 0.510417 0.798438 0.477083 0.825000 0.520833
4 0.550000 0.445833 0.550000 0.487500 0.635938 0.518750 0.660937 0.522917 0.670312 0.514583 0.665625 0.489583 0.632812 0.493750 0.615625 0.487500 0.600000 0.493750 0.579688 0.472917 0.581250 0.458333 0.562500 0.470833
4 0.353125 0.447917 0.353125 0.491667 0.354687 0.487500 0.373437 0.487500 0.375000 0.491667 0.400000 0.495833 0.404687 0.502083 0.404687 0.483333 0.407813 0.481250 0.407813 0.460417 0.404687 0.456250 0.390625 0.456250 0.389062 0.452083 0.375000 0.452083 0.373437 0.447917
4 0.000000 0.364583 0.000000 0.464583 0.301563 0.502083 0.304688 0.518750 0.318750 0.500000 0.325000 0.531250 0.329688 0.489583 0.348438 0.491667 0.348438 0.443750
5 0.354687 0.316667 0.350000 0.495833 0.353125 0.375000 0.356250 0.372917
5 0.564063 0.216667 0.542188 0.218750 0.553125 0.233333 0.540625 0.539583 0.556250 0.252083 0.571875 0.227083
7 0.328125 0.306250 0.328125 0.350000 0.337500 0.350000 0.339062 0.352083 0.345313 0.352083 0.346875 0.356250 0.351562 0.356250 0.353125 0.352083 0.353125 0.327083 0.351562 0.325000 0.353125 0.316667 0.332813 0.306250
8 0.662500 0.522917 0.662500 0.525000 0.665625 0.525000 0.671875 0.529167 0.678125 0.529167 0.679688 0.531250 0.687500 0.531250 0.684375 0.527083 0.684375 0.508333 0.671875 0.508333 0.671875 0.514583
8 0.862500 0.522917 0.998437 0.543750 0.998437 0.520833 0.985938 0.518750 0.981250 0.510417 0.940625 0.514583 0.904687 0.510417 0.896875 0.504167 0.871875 0.508333
8 0.756250 0.510417 0.759375 0.541667 0.756250 0.552083 0.768750 0.575000 0.784375 0.587500 0.820312 0.585417 0.821875 0.525000 0.825000 0.522917 0.801562 0.479167
8 0.953125 0.452083 0.945312 0.454167 0.943750 0.458333 0.940625 0.460417 0.940625 0.468750 0.937500 0.483333 0.943750 0.489583 0.943750 0.497917 0.956250 0.497917 0.962500 0.491667 0.962500 0.487500 0.959375 0.485417 0.962500 0.483333 0.954688 0.475000 0.954688 0.456250
8 0.675000 0.422917 0.670312 0.422917 0.670312 0.433333 0.667188 0.435417 0.665625 0.447917 0.667188 0.470833 0.671875 0.477083 0.670312 0.491667 0.671875 0.487500 0.681250 0.485417 0.684375 0.460417 0.684375 0.443750 0.681250 0.431250
8 0.000000 0.000000 0.000000 0.362500 0.348438 0.441667 0.332813 0.304167 0.354687 0.443750 0.412500 0.491667 0.443750 0.452083 0.479687 0.495833 0.496875 0.418750 0.543750 0.435417 0.460938 0.293750 0.429688 0.347917 0.348438 0.000000 0.267188 0.000000 0.229687 0.093750 0.170313 0.000000
9 0.331250 0.489583 0.331250 0.502083 0.403125 0.506250 0.400000 0.497917 0.375000 0.493750 0.373437 0.489583 0.354687 0.489583 0.350000 0.497917 0.346875 0.489583
9 0.000000 0.860417 0.346875 0.552083 0.290625 0.512500 0.000000 0.466667
9 0.481250 0.493750 0.831250 0.995833 0.998437 0.997917 0.998437 0.545833 0.826562 0.518750 0.821875 0.585417 0.560937 0.489583 0.540625 0.541667 0.529687 0.445833
10 0.350000 0.000000 0.429688 0.345833 0.460938 0.291667 0.535937 0.406250 0.542188 0.216667 0.573438 0.222917 0.553125 0.387500 0.845313 0.143750 0.831250 0.425000 0.998437 0.427083 0.998437 0.000000
10 0.182812 0.039583 0.215625 0.085417 0.220312 0.081250 0.229687 0.091667 0.240625 0.070833 0.239063 0.031250 0.248438 0.016667 0.259375 0.029167 0.256250 0.020833 0.264062 0.014583 0.267188 0.002083 0.171875 0.000000
11 0.439063 0.454167 0.435937 0.460417 0.435937 0.477083 0.437500 0.479167 0.437500 0.485417 0.435937 0.487500 0.435937 0.502083 0.440625 0.502083 0.442188 0.497917 0.446875 0.502083 0.446875 0.479167 0.443750 0.475000 0.443750 0.454167