0 0.000000 0.868750 0.000000 0.997917 0.831250 0.997917 0.478125 0.497917 0.312500 0.504167 0.329688 0.577083
1 0.203125 0.497917 0.207813 0.506250 0.228125 0.506250 0.264062 0.516667 0.285938 0.512500 0.285938 0.504167 0.275000 0.504167 0.270313 0.508333 0.267188 0.502083
1 0.045312 0.479167 0.048438 0.485417 0.193750 0.502083 0.193750 0.495833
2 0.998437 0.425000 0.951562 0.422917 0.945312 0.414583 0.846875 0.420833 0.846875 0.516667 0.860938 0.518750 0.867188 0.502083 0.879687 0.497917 0.956250 0.508333 0.979688 0.502083 0.998437 0.512500
2 0.381250 0.410417 0.382812 0.422917 0.390625 0.425000 0.398438 0.435417 0.403125 0.435417 0.404687 0.439583 0.426563 0.439583 0.428125 0.437500 0.425000 0.427083 0.412500 0.414583 0.406250 0.412500 0.400000 0.400000 0.393750 0.400000 0.392188 0.404167 0.385937 0.404167
3 0.493750 0.452083 0.495312 0.454167 0.501563 0.454167 0.509375 0.447917 0.510938 0.443750 0.515625 0.443750 0.518750 0.439583 0.525000 0.437500 0.523438 0.431250 0.507812 0.431250 0.504687 0.425000 0.500000 0.425000 0.498437 0.441667 0.495312 0.445833 0.495312 0.450000
3 0.864062 0.125000 0.553125 0.375000 0.548438 0.433333 0.629687 0.422917 0.632812 0.472917 0.657813 0.475000 0.676562 0.414583 0.701562 0.533333 0.723437 0.487500 0.734375 0.543750 0.809375 0.481250 0.845313 0.514583
4 0.343750 0.447917 0.343750 0.487500 0.346875 0.483333 0.357812 0.483333 0.362500 0.493750 0.365625 0.487500 0.368750 0.491667 0.376563 0.491667 0.378125 0.487500 0.382812 0.491667 0.384375 0.485417 0.393750 0.483333 0.396875 0.487500 0.396875 0.506250 0.396875 0.483333 0.400000 0.481250 0.396875 0.456250
4 0.546875 0.439583 0.550000 0.487500 0.637500 0.518750 0.657813 0.520833 0.673438 0.506250 0.662500 0.485417 0.665625 0.466667 0.657813 0.477083 0.631250 0.472917 0.629687 0.425000 0.620313 0.435417 0.617188 0.425000 0.610938 0.437500 0.565625 0.431250
4 0.000000 0.375000 0.006250 0.475000 0.192188 0.481250 0.196875 0.506250 0.223438 0.477083 0.287500 0.514583 0.314063 0.487500 0.337500 0.491667 0.340625 0.447917
5 0.345313 0.312500 0.339062 0.495833 0.342187 0.495833
5 0.564063 0.202083 0.539062 0.206250 0.553125 0.241667 0.537500 0.543750 0.543750 0.543750 0.554688 0.239583 0.560937 0.218750 0.571875 0.214583
7 0.315625 0.302083 0.317188 0.306250 0.315625 0.345833 0.320312 0.345833 0.323437 0.350000 0.337500 0.350000 0.340625 0.352083 0.342187 0.347917 0.342187 0.312500 0.337500 0.308333 0.328125 0.306250 0.325000 0.302083
8 0.865625 0.508333 0.865625 0.518750 0.989062 0.535417 0.989062 0.514583 0.979688 0.504167 0.956250 0.510417 0.942187 0.504167 0.879687 0.500000
8 0.762500 0.504167 0.757812 0.516667 0.757812 0.543750 0.753125 0.547917 0.771875 0.556250 0.792188 0.589583 0.835938 0.587500 0.839063 0.518750 0.829688 0.495833 0.809375 0.483333
8 0.950000 0.435417 0.943750 0.443750 0.937500 0.443750 0.937500 0.456250 0.931250 0.468750 0.932813 0.477083 0.940625 0.489583 0.940625 0.493750 0.948438 0.495833 0.954688 0.487500 0.962500 0.483333 0.964063 0.468750 0.959375 0.464583 0.957812 0.454167 0.954688 0.452083 0.954688 0.443750
8 0.675000 0.416667 0.667188 0.439583 0.668750 0.479167 0.664062 0.485417 0.675000 0.506250 0.659375 0.522917 0.685937 0.533333 0.700000 0.533333 0.698438 0.500000 0.690625 0.475000 0.692187 0.452083 0.679688 0.418750
8 0.000000 0.000000 0.000000 0.372917 0.337500 0.443750 0.325000 0.300000 0.343750 0.445833 0.396875 0.454167 0.398438 0.497917 0.434375 0.452083 0.459375 0.495833 0.490625 0.414583 0.539062 0.433333 0.456250 0.291667 0.423438 0.345833 0.354687 0.010417 0.229687 0.000000 0.201563 0.083333 0.154688 0.000000
9 0.312500 0.493750 0.312500 0.502083 0.325000 0.502083 0.326562 0.506250 0.395313 0.506250 0.393750 0.500000 0.368750 0.493750 0.367188 0.489583 0.362500 0.495833 0.357812 0.485417 0.346875 0.485417 0.342187 0.497917 0.339062 0.497917 0.334375 0.487500 0.320312 0.487500
9 0.140625 0.483333 0.143750 0.485417 0.140625 0.489583 0.192188 0.493750 0.190625 0.487500 0.192188 0.483333 0.178125 0.483333 0.176563 0.487500 0.175000 0.483333 0.164062 0.483333 0.162500 0.481250 0.143750 0.481250
9 0.000000 0.866667 0.329688 0.575000 0.329688 0.554167 0.285938 0.520833 0.000000 0.481250
9 0.206250 0.489583 0.209375 0.495833 0.246875 0.497917 0.246875 0.491667 0.245312 0.491667 0.242188 0.485417 0.239063 0.483333 0.225000 0.483333 0.223438 0.479167 0.210938 0.479167 0.209375 0.485417
9 0.059375 0.479167 0.073438 0.483333 0.129688 0.487500 0.129688 0.483333 0.128125 0.485417 0.107813 0.479167 0.093750 0.470833 0.073438 0.475000 0.071875 0.479167
9 0.464062 0.487500 0.828125 0.993750 0.998437 0.997917 0.998437 0.537500 0.842187 0.516667 0.837500 0.587500 0.796875 0.593750 0.759375 0.550000 0.548438 0.487500 0.537500 0.545833 0.528125 0.445833 0.490625 0.500000
10 0.339062 0.000000 0.423438 0.343750 0.456250 0.289583 0.532813 0.404167 0.539062 0.204167 0.573438 0.208333 0.551562 0.381250 0.862500 0.120833 0.846875 0.418750 0.998437 0.422917 0.998437 0.000000
10 0.156250 0.000000 0.162500 0.008333 0.164062 0.027083 0.201563 0.081250 0.207813 0.081250 0.210938 0.047917 0.214062 0.045833 0.218750 0.058333 0.223438 0.054167 0.220312 0.012500 0.228125 0.000000
11 0.431250 0.456250 0.428125 0.466667 0.429688 0.468750 0.429688 0.477083 0.432812 0.483333 0.429688 0.502083 0.431250 0.502083 0.432812 0.506250 0.432812 0.504167 0.437500 0.500000 0.440625 0.506250 0.442188 0.506250 0.442188 0.489583 0.443750 0.483333 0.439063 0.472917 0.435937 0.454167