0 0.000000 0.952083 0.000000 0.997917 0.912500 0.997917 0.434375 0.487500
3 0.637500 0.339583 0.637500 0.377083 0.634375 0.418750 0.639062 0.418750 0.639062 0.397917 0.646875 0.395833 0.650000 0.391667 0.651563 0.379167 0.654687 0.377083 0.653125 0.358333 0.650000 0.358333 0.645312 0.350000 0.640625 0.347917
3 0.629687 0.316667 0.531250 0.395833 0.528125 0.433333 0.559375 0.439583 0.562500 0.429167 0.623437 0.408333
4 0.489063 0.422917 0.484375 0.422917 0.484375 0.437500 0.479687 0.450000 0.479687 0.487500 0.482812 0.485417 0.482812 0.477083 0.485938 0.475000 0.489063 0.458333 0.492188 0.454167 0.498437 0.454167 0.498437 0.429167
4 0.071875 0.387500 0.073438 0.418750 0.098437 0.435417 0.423438 0.483333 0.420312 0.456250 0.392188 0.447917 0.389062 0.483333 0.379688 0.443750
4 0.000000 0.372917 0.000000 0.418750 0.021875 0.420833 0.028125 0.433333 0.029687 0.429167 0.048438 0.431250 0.051562 0.420833 0.057813 0.414583 0.059375 0.383333
4 0.637500 0.316667 0.623437 0.410417 0.559375 0.441667 0.503125 0.431250 0.503125 0.450000 0.521875 0.454167 0.501563 0.475000 0.573438 0.495833 0.590625 0.433333 0.589063 0.502083 0.606250 0.508333 0.617188 0.481250 0.628125 0.518750 0.632812 0.487500 0.659375 0.491667 0.631250 0.464583
5 0.514062 0.337500 0.500000 0.337500 0.506250 0.343750 0.506250 0.354167 0.503125 0.356250 0.498437 0.500000 0.506250 0.343750
8 0.590625 0.435417 0.587500 0.437500 0.585938 0.435417 0.581250 0.445833 0.581250 0.460417 0.575000 0.487500 0.575000 0.497917 0.582812 0.502083 0.587500 0.502083 0.589063 0.491667 0.587500 0.470833 0.592187 0.466667 0.593750 0.454167 0.590625 0.445833 0.592187 0.441667
8 0.506250 0.400000 0.506250 0.418750 0.503125 0.420833 0.503125 0.427083 0.506250 0.429167 0.512500 0.429167 0.514062 0.433333 0.521875 0.433333 0.525000 0.435417 0.525000 0.431250 0.526563 0.429167 0.526563 0.408333 0.525000 0.410417 0.521875 0.410417 0.517188 0.402083
8 0.684375 0.000000 0.714063 0.066667 0.645312 0.093750 0.679688 0.152083 0.635938 0.160417 0.667188 0.216667 0.632812 0.245833 0.662500 0.287500 0.632812 0.295833 0.632812 0.464583 0.685937 0.520833 0.665625 0.612500 0.887500 0.850000 0.998437 0.870833 0.998437 0.000000
8 0.000000 0.000000 0.000000 0.370833 0.060937 0.383333 0.057813 0.506250 0.096875 0.435417 0.073438 0.383333 0.387500 0.445833 0.384375 0.366667 0.423438 0.485417 0.478125 0.475000 0.496875 0.370833 0.457813 0.320833 0.425000 0.356250 0.373437 0.143750 0.337500 0.204167 0.282813 0.191667 0.243750 0.091667 0.215625 0.114583 0.246875 0.035417 0.192188 0.068750 0.212500 0.000000
9 0.464062 0.487500 0.909375 0.995833 0.998437 0.997917 0.998437 0.872917 0.887500 0.852083 0.679688 0.639583 0.665625 0.497917 0.618750 0.520833
9 0.000000 0.950000 0.407813 0.497917 0.076563 0.433333 0.057813 0.508333 0.054688 0.435417 0.000000 0.420833
10 0.718750 0.000000 0.718750 0.002083 0.720313 0.002083 0.721875 0.006250 0.723437 0.006250 0.728125 0.012500 0.734375 0.016667 0.737500 0.016667 0.739062 0.012500 0.745313 0.010417 0.751563 0.002083 0.751563 0.000000
10 0.192188 0.060417 0.248438 0.035417 0.217188 0.114583 0.243750 0.089583 0.282813 0.189583 0.337500 0.202083 0.373437 0.141667 0.426563 0.356250 0.457813 0.318750 0.501563 0.391667 0.514062 0.335417 0.525000 0.408333 0.659375 0.304167 0.634375 0.160417 0.678125 0.143750 0.642188 0.097917 0.681250 0.106250 0.712500 0.050000 0.682813 0.000000 0.214062 0.000000