0 0.492188 0.516667 0.507812 0.493750 0.362500 0.495833 0.360938 0.545833 0.000000 0.710417 0.000000 0.997917 0.676562 0.997917
1 0.325000 0.512500 0.295312 0.504167 0.275000 0.529167 0.204687 0.547917 0.164062 0.529167 0.128125 0.570833 0.106250 0.570833 0.084375 0.543750 0.037500 0.541667 0.000000 0.602083 0.000000 0.708333 0.314063 0.547917
2 0.798438 0.541667 0.998437 0.608333 0.932813 0.577083 0.920312 0.522917 0.907813 0.514583 0.915625 0.572917 0.896875 0.570833 0.887500 0.556250 0.832812 0.552083 0.818750 0.531250
2 0.000000 0.050000 0.000000 0.177083 0.065625 0.245833 0.235937 0.310417 0.260937 0.368750 0.292187 0.368750 0.289062 0.464583 0.301563 0.435417 0.325000 0.439583 0.334375 0.397917 0.351562 0.422917 0.387500 0.406250 0.392188 0.368750 0.215625 0.175000 0.056250 0.056250
2 0.000000 0.000000 0.000000 0.008333 0.006250 0.010417 0.007812 0.008333 0.014063 0.008333 0.018750 0.012500 0.021875 0.008333 0.042188 0.016667 0.043750 0.012500 0.045312 0.014583 0.046875 0.012500 0.046875 0.008333 0.040625 0.000000
3 0.998437 0.000000 0.906250 0.000000 0.668750 0.222917 0.582812 0.358333 0.590625 0.454167 0.915625 0.570833 0.907813 0.512500 0.932813 0.575000 0.998437 0.602083
4 0.520312 0.391667 0.518750 0.397917 0.518750 0.427083 0.528125 0.418750 0.537500 0.418750 0.539062 0.414583 0.543750 0.414583 0.546875 0.408333 0.545312 0.406250 0.545312 0.410417 0.542188 0.412500 0.540625 0.410417 0.542188 0.404167 0.539062 0.404167 0.534375 0.397917 0.528125 0.393750
4 0.487500 0.368750 0.484375 0.370833 0.482812 0.452083 0.490625 0.447917 0.490625 0.416667 0.493750 0.412500 0.498437 0.416667 0.496875 0.445833 0.510938 0.435417 0.514062 0.418750 0.514062 0.385417
5 0.528125 0.333333 0.515625 0.333333 0.518750 0.360417 0.510938 0.510417 0.520312 0.339583
5 0.250000 0.331250 0.246875 0.345833 0.243750 0.400000 0.245312 0.441667 0.248438 0.433333 0.248438 0.356250 0.251563 0.354167
8 0.521875 0.356250 0.520312 0.389583 0.548438 0.408333 0.531250 0.425000 0.534375 0.435417 0.529687 0.443750 0.539062 0.450000 0.542188 0.464583 0.553125 0.466667 0.554688 0.477083 0.567187 0.477083 0.571875 0.462500 0.589063 0.454167 0.589063 0.427083 0.579688 0.414583 0.579688 0.385417 0.568750 0.385417 0.554688 0.362500 0.545312 0.364583 0.539062 0.375000 0.535937 0.364583
8 0.254688 0.331250 0.250000 0.356250 0.250000 0.437500 0.257812 0.412500 0.262500 0.433333 0.275000 0.431250 0.282813 0.422917 0.290625 0.368750 0.276562 0.366667 0.265625 0.358333 0.259375 0.368750
8 0.000000 0.179167 0.000000 0.412500 0.028125 0.400000 0.035937 0.362500 0.100000 0.427083 0.123438 0.389583 0.132812 0.414583 0.157812 0.418750 0.157812 0.389583 0.184375 0.383333 0.193750 0.402083 0.179688 0.422917 0.198437 0.435417 0.209375 0.400000 0.228125 0.402083 0.239063 0.445833 0.235937 0.312500 0.065625 0.247917
8 0.000000 0.010417 0.000000 0.047917 0.176563 0.139583 0.389062 0.362500 0.351562 0.425000 0.364063 0.493750 0.432812 0.502083 0.489063 0.454167 0.482812 0.370833 0.515625 0.383333 0.517188 0.322917 0.454688 0.225000 0.475000 0.150000 0.450000 0.118750 0.354687 0.187500 0.346875 0.091667 0.314063 0.079167 0.337500 0.031250 0.301563 0.000000
9 0.439063 0.470833 0.509375 0.493750 0.493750 0.516667 0.678125 0.997917 0.998437 0.997917 0.996875 0.608333 0.590625 0.456250 0.554688 0.479167 0.534375 0.420833 0.510938 0.512500 0.510938 0.437500 0.490625 0.487500 0.490625 0.452083
10 0.303125 0.004167 0.340625 0.037500 0.315625 0.079167 0.348438 0.091667 0.342187 0.175000 0.450000 0.116667 0.476562 0.150000 0.456250 0.222917 0.482812 0.227083 0.476562 0.272917 0.578125 0.387500 0.668750 0.220833 0.904687 0.000000
11 0.340625 0.397917 0.334375 0.400000 0.325000 0.441667 0.329688 0.458333 0.326562 0.537500 0.335938 0.541667 0.340625 0.479167 0.353125 0.472917 0.348438 0.408333
18 0.353125 0.445833 0.354687 0.472917 0.342187 0.479167 0.337500 0.537500 0.346875 0.529167 0.356250 0.529167 0.360938 0.543750 0.359375 0.497917 0.367188 0.485417 0.367188 0.475000 0.360938 0.447917
18 0.000000 0.414583 0.000000 0.600000 0.037500 0.539583 0.128125 0.568750 0.157812 0.529167 0.204687 0.545833 0.326562 0.502083 0.323437 0.443750 0.287500 0.464583 0.287500 0.406250 0.235937 0.447917 0.231250 0.406250 0.190625 0.435417 0.175000 0.410417 0.190625 0.395833 0.164062 0.383333 0.157812 0.420833 0.123438 0.391667 0.100000 0.429167 0.026562 0.364583 0.029687 0.400000