0 0.637500 0.993750 0.498437 0.508333 0.245312 0.516667 0.204687 0.597917 0.000000 0.635417 0.000000 0.997917
1 0.078125 0.535417 0.078125 0.543750 0.076563 0.545833 0.085938 0.558333 0.093750 0.562500 0.101562 0.560417 0.103125 0.564583 0.112500 0.564583 0.110937 0.560417 0.112500 0.537500 0.106250 0.533333 0.082812 0.533333
1 0.234375 0.525000 0.226562 0.533333 0.220312 0.535417 0.206250 0.533333 0.203125 0.535417 0.201563 0.579167 0.206250 0.579167 0.206250 0.572917 0.212500 0.566667 0.212500 0.556250 0.217188 0.543750 0.221875 0.539583 0.226562 0.539583
1 0.192188 0.525000 0.178125 0.539583 0.159375 0.539583 0.151562 0.533333 0.125000 0.535417 0.123438 0.560417 0.117188 0.568750 0.151562 0.570833 0.153125 0.575000 0.192188 0.575000
2 0.076563 0.218750 0.178125 0.285417 0.192188 0.347917 0.220312 0.375000 0.214062 0.439583 0.240625 0.468750 0.250000 0.445833 0.321875 0.433333 0.392188 0.462500 0.418750 0.429167 0.326562 0.306250 0.246875 0.239583 0.134375 0.208333
3 0.998437 0.018750 0.615625 0.331250 0.607812 0.395833 0.625000 0.422917 0.726562 0.412500 0.748437 0.475000 0.720313 0.564583 0.995313 0.685417
4 0.912500 0.510417 0.909375 0.508333 0.906250 0.514583 0.904687 0.527083 0.895312 0.545833 0.892188 0.543750 0.892188 0.537500 0.878125 0.531250 0.870313 0.535417 0.867188 0.545833 0.854688 0.545833 0.854688 0.552083 0.864062 0.554167 0.873437 0.564583 0.892188 0.568750 0.895312 0.572917 0.901563 0.570833 0.904687 0.543750 0.907813 0.541667 0.907813 0.531250 0.912500 0.522917
4 0.500000 0.468750 0.504687 0.470833 0.507812 0.443750 0.512500 0.462500 0.518750 0.454167 0.537500 0.443750 0.553125 0.441667 0.540625 0.435417 0.534375 0.427083 0.503125 0.412500 0.498437 0.443750
4 0.959375 0.406250 0.937500 0.404167 0.931250 0.414583 0.918750 0.420833 0.914062 0.454167 0.918750 0.437500 0.928125 0.433333 0.932813 0.487500 0.942187 0.481250 0.945312 0.472917 0.964063 0.477083 0.967187 0.470833 0.964063 0.456250 0.957812 0.450000 0.959375 0.431250 0.965625 0.422917 0.965625 0.414583
4 0.000000 0.375000 0.000000 0.520833 0.106250 0.531250 0.117188 0.564583 0.123438 0.535417 0.148438 0.531250 0.146875 0.516667 0.187500 0.514583 0.200000 0.579167 0.207813 0.414583 0.139063 0.404167 0.131250 0.379167 0.121875 0.397917
4 0.865625 0.372917 0.839063 0.420833 0.810937 0.427083 0.803125 0.414583 0.787500 0.414583 0.771875 0.429167 0.775000 0.447917 0.765625 0.468750 0.779687 0.483333 0.781250 0.508333 0.803125 0.527083 0.787500 0.543750 0.803125 0.558333 0.812500 0.543750 0.850000 0.543750 0.829688 0.525000 0.829688 0.497917 0.850000 0.447917 0.871875 0.429167
4 0.609375 0.333333 0.570312 0.404167 0.576562 0.447917 0.562500 0.447917 0.565625 0.485417 0.632812 0.533333 0.728125 0.570833 0.718750 0.560417 0.739062 0.537500 0.746875 0.472917 0.725000 0.412500 0.675000 0.431250 0.609375 0.416667
8 0.000000 0.000000 0.000000 0.372917 0.212500 0.433333 0.176563 0.285417 0.075000 0.225000 0.134375 0.206250 0.326562 0.304167 0.428125 0.420833 0.421875 0.508333 0.482812 0.502083 0.503125 0.410417 0.554688 0.441667 0.507812 0.489583 0.564063 0.464583 0.560937 0.395833 0.467187 0.304167 0.484375 0.250000 0.439063 0.218750 0.417187 0.295833 0.304688 0.041667 0.260937 0.102083 0.229687 0.000000
9 0.000000 0.522917 0.000000 0.633333 0.120313 0.620833 0.214062 0.587500 0.093750 0.564583 0.076563 0.550000 0.081250 0.531250
9 0.492188 0.518750 0.639062 0.997917 0.998437 0.997917 0.998437 0.687500 0.632812 0.535417 0.559375 0.462500
10 0.231250 0.000000 0.251563 0.095833 0.279687 0.037500 0.335938 0.068750 0.417187 0.293750 0.465625 0.220833 0.468750 0.304167 0.568750 0.410417 0.609375 0.331250 0.998437 0.016667
11 0.400000 0.441667 0.393750 0.462500 0.396875 0.479167 0.393750 0.525000 0.403125 0.529167 0.406250 0.520833 0.415625 0.520833 0.418750 0.516667 0.418750 0.508333 0.415625 0.502083 0.415625 0.493750 0.412500 0.491667 0.410938 0.458333 0.404687 0.441667
18 0.146875 0.518750 0.150000 0.531250 0.154688 0.535417 0.157812 0.533333 0.159375 0.537500 0.178125 0.537500 0.179688 0.533333 0.184375 0.533333 0.190625 0.522917 0.190625 0.518750 0.187500 0.516667 0.150000 0.516667
18 0.395313 0.479167 0.371875 0.447917 0.329688 0.435417 0.317188 0.450000 0.298438 0.437500 0.290625 0.445833 0.276562 0.437500 0.278125 0.450000 0.250000 0.447917 0.240625 0.470833 0.210938 0.441667 0.206250 0.531250 0.275000 0.508333 0.290625 0.529167 0.393750 0.506250