0 0.637500 0.995833 0.442188 0.500000 0.000000 0.525000 0.000000 0.997917
2 0.273438 0.375000 0.273438 0.377083 0.287500 0.377083 0.296875 0.385417 0.295312 0.397917 0.300000 0.397917 0.303125 0.383333 0.306250 0.391667 0.310937 0.383333 0.306250 0.375000 0.303125 0.379167 0.301563 0.372917 0.298438 0.372917 0.296875 0.368750 0.293750 0.368750 0.292187 0.372917 0.276562 0.372917
3 0.459375 0.422917 0.460938 0.427083 0.459375 0.431250 0.459375 0.443750 0.460938 0.445833 0.462500 0.443750 0.470313 0.443750 0.471875 0.439583 0.476562 0.439583 0.482812 0.433333 0.482812 0.431250 0.479687 0.427083 0.476562 0.427083 0.468750 0.420833 0.460938 0.420833
3 0.439063 0.408333 0.435937 0.414583 0.437500 0.418750 0.434375 0.447917 0.434375 0.468750 0.435937 0.470833 0.439063 0.466667 0.439063 0.454167 0.442188 0.447917 0.443750 0.466667 0.445312 0.418750 0.446875 0.416667 0.446875 0.410417
3 0.589063 0.300000 0.518750 0.366667 0.518750 0.385417 0.507812 0.393750 0.503125 0.435417 0.490625 0.435417 0.498437 0.445833 0.503125 0.435417 0.520312 0.429167 0.528125 0.437500 0.543750 0.422917 0.568750 0.433333 0.568750 0.425000 0.579688 0.416667
3 0.945312 0.000000 0.606250 0.285417 0.598437 0.425000 0.639062 0.433333 0.657813 0.272917 0.676562 0.552083 0.723437 0.554167 0.760938 0.393750 0.801562 0.435417 0.807813 0.547917 0.865625 0.543750 0.885938 0.591667 0.912500 0.527083 0.925000 0.641667 0.998437 0.668750 0.998437 0.433333 0.946875 0.408333 0.998437 0.368750 0.998437 0.000000
4 0.915625 0.533333 0.882812 0.529167 0.898438 0.541667 0.885938 0.593750 0.879687 0.591667 0.879687 0.564583 0.865625 0.545833 0.814063 0.554167 0.835938 0.575000 0.831250 0.606250 0.926562 0.643750 0.914062 0.581250
4 0.573438 0.516667 0.579688 0.418750 0.570312 0.425000 0.568750 0.435417 0.543750 0.425000 0.528125 0.439583 0.520312 0.433333 0.523438 0.425000 0.515625 0.437500 0.501563 0.435417 0.498437 0.447917 0.489063 0.431250 0.478125 0.439583 0.498437 0.447917 0.500000 0.477083 0.515625 0.491667
4 0.000000 0.379167 0.000000 0.456250 0.046875 0.464583 0.050000 0.502083 0.059375 0.466667 0.162500 0.477083 0.170313 0.422917 0.170313 0.475000 0.207813 0.481250 0.209375 0.512500 0.217188 0.481250 0.287500 0.487500 0.290625 0.522917 0.290625 0.441667
4 0.998437 0.370833 0.964063 0.379167 0.962500 0.383333 0.953125 0.387500 0.948438 0.400000 0.948438 0.408333 0.951562 0.410417 0.951562 0.427083 0.962500 0.425000 0.965625 0.435417 0.998437 0.431250
4 0.892188 0.368750 0.889062 0.364583 0.882812 0.362500 0.881250 0.364583 0.879687 0.362500 0.879687 0.352083 0.875000 0.350000 0.870313 0.354167 0.867188 0.354167 0.867188 0.360417 0.862500 0.366667 0.862500 0.383333 0.867188 0.383333 0.873437 0.372917 0.876563 0.375000 0.879687 0.385417 0.885938 0.383333 0.892188 0.377083
4 0.295312 0.347917 0.318750 0.362500 0.301563 0.366667 0.303125 0.377083 0.306250 0.372917 0.312500 0.383333 0.306250 0.393750 0.303125 0.385417 0.301563 0.400000 0.310937 0.404167 0.318750 0.416667 0.351562 0.425000 0.373437 0.422917 0.321875 0.362500
4 0.657813 0.275000 0.640625 0.433333 0.631250 0.429167 0.631250 0.400000 0.615625 0.433333 0.598437 0.427083 0.592187 0.520833 0.714063 0.560417 0.704688 0.545833 0.700000 0.558333 0.676562 0.554167 0.660937 0.520833 0.657813 0.447917 0.670312 0.420833 0.653125 0.414583
5 0.170313 0.425000 0.167187 0.427083 0.165625 0.447917 0.167187 0.475000 0.164062 0.477083 0.164062 0.508333 0.167187 0.510417 0.170313 0.508333 0.171875 0.479167 0.168750 0.475000 0.171875 0.450000
5 0.176563 0.166667 0.167187 0.414583 0.173437 0.414583 0.181250 0.193750
5 0.621875 0.000000 0.609375 0.004167 0.581250 0.385417 0.575000 0.689583
7 0.101562 0.120833 0.101562 0.210417 0.170313 0.237500 0.173437 0.164583
8 0.754687 0.395833 0.756250 0.425000 0.742188 0.445833 0.757812 0.458333 0.750000 0.468750 0.756250 0.479167 0.739062 0.481250 0.721875 0.520833 0.726562 0.547917 0.717187 0.562500 0.743750 0.591667 0.826562 0.606250 0.834375 0.575000 0.803125 0.543750 0.792188 0.508333 0.800000 0.435417 0.787500 0.410417 0.775000 0.416667
8 0.000000 0.000000 0.000000 0.377083 0.165625 0.412500 0.170313 0.239583 0.100000 0.210417 0.103125 0.118750 0.181250 0.175000 0.175000 0.414583 0.290625 0.439583 0.293750 0.502083 0.304688 0.452083 0.365625 0.491667 0.370312 0.445833 0.426563 0.491667 0.439063 0.406250 0.501563 0.433333 0.410938 0.325000 0.407813 0.252083 0.365625 0.312500 0.298438 0.135417 0.223438 0.110417 0.267188 0.079167 0.259375 0.004167
9 0.000000 0.458333 0.000000 0.522917 0.292187 0.522917 0.217188 0.483333 0.209375 0.514583 0.207813 0.483333 0.173437 0.479167 0.167187 0.512500 0.162500 0.479167 0.059375 0.468750 0.050000 0.504167 0.046875 0.466667
9 0.412500 0.493750 0.443750 0.500000 0.639062 0.997917 0.998437 0.997917 0.998437 0.670833 0.592187 0.522917 0.575000 0.691667 0.573438 0.518750 0.485938 0.441667
10 0.607812 0.283333 0.943750 0.000000 0.623437 0.000000
10 0.248438 0.000000 0.268750 0.079167 0.221875 0.104167 0.300000 0.135417 0.365625 0.310417 0.384375 0.252083 0.426563 0.275000 0.412500 0.325000 0.453125 0.335417 0.487500 0.402083 0.590625 0.295833 0.610938 0.000000
11 0.370312 0.447917 0.367188 0.452083 0.365625 0.462500 0.367188 0.468750 0.367188 0.510417 0.376563 0.510417 0.379688 0.506250 0.382812 0.510417 0.385937 0.487500 0.381250 0.477083 0.379688 0.458333 0.375000 0.454167 0.373437 0.447917
18 0.304688 0.458333 0.303125 0.491667 0.307812 0.497917 0.345313 0.497917 0.356250 0.493750 0.360938 0.487500 0.360938 0.475000 0.353125 0.462500 0.331250 0.462500 0.329688 0.458333 0.309375 0.456250