0 0.684375 0.993750 0.489063 0.516667 0.506250 0.491667 0.351562 0.495833 0.339062 0.554167 0.270313 0.504167 0.000000 0.597917 0.000000 0.997917
2 0.909375 0.000000 0.889062 0.000000 0.870313 0.016667 0.860938 0.029167 0.854688 0.031250 0.851562 0.037500 0.860938 0.033333 0.862500 0.029167 0.868750 0.027083 0.870313 0.022917 0.876563 0.020833 0.885938 0.010417 0.895312 0.008333 0.900000 0.002083 0.904687 0.004167
2 0.000000 0.000000 0.000000 0.185417 0.115625 0.264583 0.231250 0.279167 0.248438 0.312500 0.234375 0.347917 0.376563 0.372917 0.329688 0.302083 0.257812 0.264583 0.267188 0.239583 0.181250 0.135417 0.032813 0.002083
3 0.998437 0.000000 0.885938 0.012500 0.681250 0.197917 0.582812 0.352083 0.592187 0.454167 0.998437 0.585417
4 0.517188 0.427083 0.525000 0.418750 0.526563 0.414583 0.537500 0.414583 0.542188 0.412500 0.545312 0.406250 0.540625 0.400000 0.537500 0.400000 0.534375 0.395833 0.526563 0.393750 0.523438 0.389583 0.518750 0.387500 0.518750 0.414583 0.517188 0.416667
4 0.482812 0.364583 0.479687 0.452083 0.489063 0.445833 0.490625 0.412500 0.492188 0.445833 0.509375 0.439583 0.514062 0.383333
5 0.526563 0.320833 0.515625 0.320833 0.509375 0.510417 0.518750 0.337500
8 0.520312 0.352083 0.518750 0.385417 0.546875 0.406250 0.528125 0.427083 0.542188 0.450000 0.545312 0.481250 0.582812 0.477083 0.590625 0.460417 0.587500 0.418750 0.578125 0.408333 0.579688 0.375000 0.570312 0.383333 0.550000 0.356250 0.537500 0.372917 0.531250 0.358333
8 0.031250 0.000000 0.382812 0.362500 0.234375 0.350000 0.231250 0.281250 0.000000 0.187500 0.000000 0.397917 0.106250 0.362500 0.196875 0.422917 0.204687 0.347917 0.267188 0.466667 0.320312 0.389583 0.354687 0.495833 0.478125 0.454167 0.515625 0.333333 0.443750 0.097917 0.343750 0.172917 0.323437 0.000000
9 0.432812 0.479167 0.507812 0.491667 0.490625 0.516667 0.685937 0.997917 0.998437 0.997917 0.998437 0.587500 0.592187 0.456250 0.545312 0.483333 0.531250 0.416667 0.510938 0.512500 0.509375 0.441667 0.489063 0.485417 0.487500 0.450000
10 0.296875 0.050000 0.334375 0.058333 0.343750 0.170833 0.409375 0.089583 0.470313 0.127083 0.451562 0.193750 0.487500 0.237500 0.475000 0.266667 0.571875 0.381250 0.681250 0.195833 0.887500 0.000000 0.325000 0.000000
11 0.323437 0.391667 0.318750 0.393750 0.315625 0.412500 0.304688 0.437500 0.304688 0.447917 0.312500 0.462500 0.307812 0.522917 0.304688 0.525000 0.307812 0.533333 0.321875 0.485417 0.326562 0.479167 0.335938 0.479167 0.335938 0.431250 0.331250 0.406250
18 0.337500 0.441667 0.337500 0.479167 0.323437 0.485417 0.312500 0.527083 0.307812 0.535417 0.304688 0.531250 0.304688 0.537500 0.310937 0.543750 0.318750 0.537500 0.334375 0.537500 0.339062 0.552083 0.340625 0.504167 0.353125 0.491667 0.356250 0.470833 0.348438 0.447917
18 0.000000 0.400000 0.006250 0.600000 0.048438 0.589583 0.073438 0.547917 0.145313 0.564583 0.257812 0.527083 0.270313 0.502083 0.306250 0.514583 0.310937 0.462500 0.295312 0.437500 0.267188 0.468750 0.259375 0.422917 0.207813 0.433333 0.168750 0.387500 0.131250 0.427083 0.114062 0.404167 0.139063 0.391667 0.126562 0.368750 0.096875 0.366667 0.090625 0.406250