0 0.653125 0.993750 0.504687 0.500000 0.401562 0.502083 0.401562 0.535417 0.364063 0.520833 0.000000 0.677083 0.000000 0.997917
1 0.371875 0.508333 0.253125 0.525000 0.212500 0.550000 0.201563 0.525000 0.098437 0.533333 0.056250 0.577083 0.003125 0.543750 0.000000 0.675000 0.251563 0.581250
2 0.000000 0.000000 0.000000 0.183333 0.089063 0.243750 0.100000 0.531250 0.135937 0.529167 0.139063 0.452083 0.279687 0.414583 0.371875 0.466667 0.381250 0.425000 0.393750 0.443750 0.415625 0.400000
3 0.998437 0.000000 0.940625 0.020833 0.631250 0.291667 0.578125 0.379167 0.576562 0.472917 0.998437 0.633333
4 0.515625 0.447917 0.520312 0.443750 0.521875 0.439583 0.525000 0.439583 0.526563 0.435417 0.532813 0.433333 0.534375 0.429167 0.539062 0.429167 0.540625 0.425000 0.546875 0.425000 0.546875 0.422917 0.543750 0.420833 0.542188 0.416667 0.537500 0.416667 0.525000 0.406250 0.518750 0.406250 0.517188 0.412500 0.517188 0.429167 0.515625 0.431250
4 0.503125 0.395833 0.501563 0.412500 0.498437 0.416667 0.496875 0.412500 0.498437 0.420833 0.495312 0.435417 0.496875 0.439583 0.496875 0.431250 0.498437 0.429167 0.501563 0.431250 0.501563 0.452083 0.500000 0.454167 0.509375 0.456250 0.509375 0.422917 0.512500 0.402083 0.506250 0.395833
5 0.517188 0.389583 0.510938 0.422917 0.510938 0.468750 0.507812 0.487500 0.509375 0.512500
8 0.031250 0.429167 0.035937 0.445833 0.064062 0.447917 0.078125 0.458333 0.087500 0.460417 0.092188 0.468750 0.100000 0.454167 0.090625 0.443750 0.090625 0.435417 0.085938 0.441667 0.082812 0.435417
8 0.000000 0.185417 0.000000 0.418750 0.021875 0.429167 0.029687 0.418750 0.082812 0.429167 0.087500 0.243750 0.032813 0.197917
8 0.021875 0.000000 0.415625 0.397917 0.398438 0.497917 0.493750 0.491667 0.515625 0.387500 0.548438 0.422917 0.515625 0.487500 0.575000 0.472917 0.567187 0.385417 0.465625 0.272917 0.460938 0.181250 0.431250 0.177083 0.407813 0.264583 0.371875 0.214583 0.375000 0.135417 0.310937 0.004167 0.229687 0.000000 0.225000 0.043750 0.192188 0.000000
9 0.495312 0.512500 0.654687 0.997917 0.998437 0.997917 0.998437 0.635417 0.575000 0.475000
10 0.303125 0.002083 0.376563 0.135417 0.373437 0.214583 0.407813 0.262500 0.429688 0.177083 0.484375 0.210417 0.467187 0.272917 0.575000 0.400000 0.631250 0.289583 0.962500 0.000000
10 0.193750 0.000000 0.203125 0.010417 0.207813 0.022917 0.225000 0.041667 0.223438 0.033333 0.220312 0.031250 0.220312 0.020833 0.221875 0.018750 0.235937 0.020833 0.235937 0.016667 0.228125 0.004167 0.228125 0.000000
11 0.379688 0.431250 0.378125 0.431250 0.373437 0.452083 0.373437 0.468750 0.375000 0.470833 0.373437 0.502083 0.375000 0.500000 0.379688 0.502083 0.384375 0.491667 0.385937 0.495833 0.385937 0.489583 0.381250 0.481250 0.385937 0.470833 0.385937 0.462500 0.379688 0.454167
12 0.382812 0.427083 0.381250 0.454167 0.387500 0.462500 0.387500 0.470833 0.382812 0.481250 0.387500 0.489583 0.385937 0.497917 0.389062 0.520833 0.396875 0.522917 0.401562 0.510417 0.392188 0.477083 0.392188 0.447917 0.389062 0.443750 0.387500 0.429167
18 0.000000 0.420833 0.000000 0.537500 0.045312 0.575000 0.082812 0.560417 0.098437 0.531250 0.089063 0.464583 0.035937 0.447917 0.029687 0.429167 0.087500 0.435417 0.029687 0.420833 0.028125 0.431250
18 0.373437 0.470833 0.353125 0.452083 0.346875 0.462500 0.337500 0.447917 0.320312 0.452083 0.309375 0.429167 0.279687 0.416667 0.271875 0.439583 0.234375 0.427083 0.206250 0.454167 0.139063 0.454167 0.123438 0.497917 0.140625 0.531250 0.201563 0.522917 0.212500 0.547917 0.253125 0.522917 0.278125 0.531250 0.371875 0.506250