0 0.678125 0.997917 0.504687 0.493750 0.379688 0.497917 0.378125 0.539583 0.000000 0.710417 0.000000 0.997917
1 0.346875 0.508333 0.256250 0.535417 0.229687 0.525000 0.209375 0.550000 0.164062 0.520833 0.145313 0.562500 0.120313 0.570833 0.090625 0.539583 0.081250 0.589583 0.075000 0.539583 0.001563 0.554167 0.000000 0.708333 0.335938 0.537500
2 0.000000 0.000000 0.000000 0.202083 0.085938 0.256250 0.068750 0.316667 0.000000 0.250000 0.000000 0.458333 0.056250 0.454167 0.076563 0.537500 0.103125 0.429167 0.148438 0.410417 0.198437 0.435417 0.235937 0.402083 0.240625 0.452083 0.307812 0.435417 0.314063 0.470833 0.359375 0.410417 0.379688 0.483333 0.403125 0.385417 0.190625 0.197917 0.048438 0.000000
3 0.998437 0.000000 0.914062 0.004167 0.645312 0.254167 0.578125 0.364583 0.584375 0.456250 0.998437 0.622917
4 0.542188 0.408333 0.535937 0.406250 0.518750 0.393750 0.515625 0.393750 0.515625 0.433333 0.514062 0.441667 0.518750 0.429167 0.528125 0.422917 0.540625 0.418750 0.537500 0.414583
4 0.485938 0.379167 0.484375 0.410417 0.487500 0.412500 0.487500 0.433333 0.490625 0.435417 0.489063 0.445833 0.487500 0.439583 0.487500 0.454167 0.490625 0.454167 0.490625 0.431250 0.493750 0.427083 0.496875 0.435417 0.495312 0.454167 0.507812 0.445833 0.509375 0.389583 0.500000 0.383333 0.492188 0.387500
5 0.084375 0.520833 0.078125 0.529167 0.076563 0.587500 0.081250 0.587500 0.082812 0.585417 0.084375 0.550000 0.085938 0.547917
5 0.514062 0.370833 0.507812 0.454167 0.507812 0.508333 0.514062 0.433333
8 0.096875 0.308333 0.098437 0.335417 0.103125 0.339583 0.115625 0.331250 0.131250 0.358333 0.157812 0.337500 0.165625 0.339583 0.184375 0.329167 0.168750 0.308333 0.168750 0.302083 0.151562 0.295833 0.134375 0.300000 0.131250 0.295833 0.117188 0.312500 0.098437 0.302083
8 0.000000 0.204167 0.003125 0.256250 0.031250 0.279167 0.034375 0.287500 0.051562 0.283333 0.065625 0.300000 0.068750 0.314583 0.076563 0.314583 0.084375 0.256250 0.075000 0.229167 0.035937 0.210417
8 0.185938 0.193750 0.185938 0.189583 0.182812 0.183333 0.178125 0.183333 0.173437 0.179167 0.167187 0.181250 0.162500 0.187500 0.160938 0.185417 0.151562 0.185417 0.148438 0.187500 0.148438 0.191667 0.151562 0.191667 0.153125 0.189583 0.157812 0.193750 0.162500 0.193750 0.164062 0.191667 0.170313 0.191667 0.171875 0.193750
8 0.050000 0.000000 0.190625 0.195833 0.406250 0.387500 0.381250 0.495833 0.478125 0.481250 0.484375 0.372917 0.546875 0.412500 0.515625 0.439583 0.531250 0.489583 0.592187 0.464583 0.457813 0.245833 0.451562 0.145833 0.357812 0.206250 0.359375 0.133333 0.331250 0.129167 0.351562 0.081250 0.306250 0.000000
9 0.454688 0.487500 0.506250 0.493750 0.492188 0.516667 0.679688 0.997917 0.998437 0.997917 0.998437 0.625000 0.595313 0.466667 0.534375 0.493750 0.514062 0.443750 0.507812 0.510417 0.507812 0.447917 0.490625 0.491667 0.489063 0.464583
10 0.307812 0.004167 0.353125 0.081250 0.332813 0.129167 0.360938 0.133333 0.359375 0.206250 0.451562 0.143750 0.476562 0.175000 0.459375 0.245833 0.523438 0.362500 0.575000 0.391667 0.645312 0.252083 0.918750 0.000000
11 0.359375 0.412500 0.353125 0.416667 0.343750 0.447917 0.350000 0.470833 0.348438 0.529167 0.351562 0.533333 0.357812 0.533333 0.362500 0.522917 0.371875 0.520833 0.376563 0.497917 0.371875 0.493750 0.378125 0.487500
18 0.056250 0.456250 0.045312 0.447917 0.001563 0.456250 0.000000 0.545833 0.003125 0.550000 0.029687 0.554167 0.051562 0.543750 0.059375 0.533333 0.076563 0.541667 0.076563 0.489583
18 0.348438 0.470833 0.326562 0.445833 0.314063 0.472917 0.307812 0.437500 0.279687 0.468750 0.265625 0.454167 0.270313 0.431250 0.243750 0.456250 0.228125 0.431250 0.235937 0.404167 0.221875 0.402083 0.221875 0.422917 0.198437 0.437500 0.148438 0.412500 0.104688 0.429167 0.085938 0.529167 0.110937 0.564583 0.134375 0.566667 0.164062 0.518750 0.209375 0.547917 0.229687 0.522917 0.256250 0.533333 0.345313 0.508333