0 0.725000 0.997917 0.509375 0.543750 0.526563 0.497917 0.270313 0.518750 0.121875 0.677083 0.000000 0.697917 0.000000 0.997917
1 0.000000 0.537500 0.000000 0.695833 0.100000 0.652083 0.098437 0.641667 0.062500 0.643750 0.048438 0.664583 0.034375 0.656250 0.025000 0.618750 0.045312 0.577083 0.026562 0.570833
1 0.301563 0.512500 0.281250 0.508333 0.257812 0.525000 0.235937 0.525000 0.223438 0.508333 0.209375 0.533333 0.164062 0.547917 0.151562 0.597917 0.154688 0.616667 0.135937 0.633333 0.179688 0.602083 0.225000 0.543750 0.259375 0.543750 0.260937 0.522917 0.281250 0.514583 0.278125 0.527083 0.290625 0.529167
2 0.000000 0.000000 0.000000 0.429167 0.017188 0.364583 0.103125 0.433333 0.075000 0.395833 0.115625 0.312500 0.054688 0.206250 0.126562 0.218750 0.273438 0.331250 0.354687 0.314583 0.300000 0.233333 0.207813 0.179167 0.235937 0.162500 0.121875 0.000000
3 0.901563 0.000000 0.621875 0.327083 0.623437 0.389583 0.668750 0.452083 0.704688 0.443750 0.754687 0.502083 0.998437 0.579167 0.998437 0.000000
4 0.659375 0.443750 0.670312 0.460417 0.685937 0.468750 0.684375 0.466667 0.685937 0.462500 0.693750 0.460417 0.695312 0.456250 0.698438 0.456250 0.700000 0.462500 0.704688 0.456250 0.710938 0.456250 0.704688 0.450000 0.704688 0.445833 0.682813 0.443750 0.668750 0.454167 0.665625 0.447917
4 0.498437 0.347917 0.492188 0.350000 0.489063 0.450000 0.498437 0.443750 0.503125 0.408333 0.506250 0.443750 0.523438 0.439583 0.529687 0.418750 0.551562 0.406250 0.548438 0.389583
5 0.309375 0.331250 0.304688 0.350000 0.298438 0.510417 0.301563 0.510417
5 0.573438 0.231250 0.553125 0.231250 0.564063 0.243750 0.543750 0.543750 0.568750 0.245833 0.582812 0.239583
8 0.687500 0.470833 0.721875 0.485417 0.739062 0.487500 0.743750 0.491667 0.737500 0.483333 0.726562 0.477083 0.715625 0.458333 0.704688 0.458333 0.693750 0.470833
8 0.551562 0.408333 0.542188 0.410417 0.534375 0.416667 0.532813 0.420833 0.529687 0.420833 0.526563 0.429167 0.526563 0.435417 0.525000 0.437500 0.526563 0.443750 0.529687 0.443750 0.531250 0.439583 0.534375 0.439583 0.543750 0.416667 0.545312 0.414583 0.550000 0.414583
8 0.562500 0.356250 0.557813 0.414583 0.568750 0.443750 0.578125 0.439583 0.587500 0.447917 0.600000 0.439583 0.612500 0.454167 0.670312 0.464583 0.653125 0.433333 0.650000 0.408333 0.623437 0.393750 0.618750 0.354167 0.607812 0.350000 0.587500 0.385417 0.581250 0.385417
8 0.054688 0.208333 0.100000 0.264583 0.110937 0.308333 0.132812 0.268750 0.159375 0.281250 0.165625 0.427083 0.185938 0.383333 0.226562 0.381250 0.221875 0.422917 0.270313 0.418750 0.296875 0.506250 0.304688 0.337500 0.273438 0.333333 0.151562 0.235417 0.139063 0.245833 0.126562 0.220833
8 0.123438 0.000000 0.237500 0.162500 0.209375 0.179167 0.357812 0.310417 0.312500 0.320833 0.304688 0.510417 0.418750 0.512500 0.428125 0.468750 0.487500 0.450000 0.493750 0.345833 0.553125 0.391667 0.521875 0.270833 0.475000 0.252083 0.507812 0.145833 0.496875 0.104167 0.459375 0.131250 0.490625 0.000000 0.351562 0.004167 0.351562 0.062500 0.321875 0.070833 0.287500 0.029167 0.254688 0.112500 0.223438 0.000000
9 0.428125 0.470833 0.528125 0.497917 0.510938 0.543750 0.726562 0.997917 0.998437 0.997917 0.998437 0.581250 0.559375 0.416667 0.543750 0.545833 0.551562 0.412500 0.500000 0.487500 0.498437 0.450000
10 0.476562 0.252083 0.523438 0.270833 0.551562 0.364583 0.551562 0.231250 0.581250 0.231250 0.562500 0.354167 0.587500 0.383333 0.890625 0.000000 0.492188 0.000000 0.460938 0.131250 0.496875 0.102083 0.509375 0.145833
10 0.228125 0.070833 0.253125 0.091667 0.254688 0.110417 0.267188 0.095833 0.262500 0.075000 0.273438 0.070833 0.270313 0.041667 0.287500 0.027083 0.321875 0.068750 0.326562 0.054167 0.350000 0.062500 0.348438 0.008333 0.356250 0.002083 0.364063 0.014583 0.368750 0.000000 0.225000 0.000000 0.237500 0.041667
11 0.139063 0.268750 0.101562 0.331250 0.085938 0.383333 0.104688 0.406250 0.112500 0.514583 0.093750 0.535417 0.125000 0.616667 0.145313 0.622917 0.168750 0.470833 0.165625 0.302083
12 0.095312 0.537500 0.090625 0.537500 0.081250 0.547917 0.078125 0.547917 0.075000 0.554167 0.064062 0.560417 0.060937 0.566667 0.057813 0.566667 0.056250 0.570833 0.057813 0.579167 0.070312 0.581250 0.098437 0.579167 0.106250 0.583333
18 0.270313 0.420833 0.243750 0.410417 0.225000 0.429167 0.218750 0.412500 0.229687 0.397917 0.226562 0.383333 0.201563 0.391667 0.185938 0.385417 0.185938 0.402083 0.165625 0.429167 0.170313 0.481250 0.160938 0.545833 0.206250 0.533333 0.223438 0.506250 0.235937 0.522917 0.271875 0.512500 0.282813 0.477083 0.265625 0.439583
18 0.017188 0.366667 0.000000 0.431250 0.000000 0.535417 0.046875 0.577083 0.026562 0.618750 0.034375 0.654167 0.098437 0.639583 0.106250 0.672917 0.121875 0.675000 0.137500 0.625000 0.104688 0.583333 0.054688 0.575000 0.110937 0.516667 0.100000 0.395833 0.076563 0.395833 0.104688 0.429167 0.084375 0.435417 0.043750 0.412500 0.064062 0.389583