0 0.732812 0.997917 0.509375 0.537500 0.528125 0.497917 0.429688 0.479167 0.410938 0.518750 0.207813 0.537500 0.125000 0.583333 0.060937 0.716667 0.000000 0.697917 0.000000 0.997917
1 0.037500 0.681250 0.035937 0.677083 0.017188 0.677083 0.015625 0.681250 0.003125 0.681250 0.003125 0.683333 0.000000 0.685417 0.000000 0.695833 0.017188 0.691667 0.028125 0.685417 0.037500 0.685417
1 0.295312 0.518750 0.264062 0.510417 0.225000 0.531250 0.203125 0.510417 0.181250 0.543750 0.126562 0.556250 0.109375 0.581250 0.101562 0.643750 0.085938 0.658333 0.120313 0.631250 0.123438 0.583333 0.140625 0.566667 0.214062 0.533333 0.235937 0.537500 0.268750 0.518750
2 0.000000 0.000000 0.000000 0.377083 0.040625 0.381250 0.029687 0.356250 0.071875 0.291667 0.045312 0.229167 0.098437 0.235417 0.104688 0.210417 0.300000 0.329167 0.350000 0.300000 0.285938 0.210417 0.193750 0.152083 0.207813 0.122917 0.126562 0.002083
3 0.896875 0.000000 0.626563 0.322917 0.629687 0.383333 0.659375 0.370833 0.664062 0.412500 0.728125 0.435417 0.773438 0.506250 0.998437 0.566667 0.998437 0.000000
4 0.664062 0.414583 0.667188 0.443750 0.684375 0.464583 0.704688 0.468750 0.721875 0.454167 0.734375 0.464583 0.732812 0.447917 0.728125 0.437500 0.720313 0.437500 0.717187 0.431250 0.710938 0.433333 0.707812 0.427083 0.700000 0.427083 0.696875 0.422917 0.682813 0.425000 0.676562 0.418750 0.673438 0.420833 0.668750 0.412500
4 0.495312 0.345833 0.490625 0.445833 0.496875 0.427083 0.501563 0.433333 0.503125 0.408333 0.506250 0.443750 0.523438 0.439583 0.539062 0.410417 0.557813 0.397917
5 0.582812 0.216667 0.559375 0.218750 0.570312 0.231250 0.548438 0.547917 0.575000 0.243750 0.590625 0.227083
8 0.701562 0.470833 0.704688 0.470833 0.706250 0.475000 0.715625 0.483333 0.746875 0.483333 0.754687 0.487500 0.750000 0.483333 0.745313 0.483333 0.739062 0.475000 0.737500 0.468750 0.725000 0.456250 0.721875 0.456250 0.712500 0.462500 0.707812 0.468750
8 0.557813 0.404167 0.551562 0.404167 0.539062 0.412500 0.529687 0.425000 0.525000 0.439583 0.528125 0.447917 0.535937 0.443750 0.539062 0.452083 0.545312 0.454167 0.548438 0.466667 0.551562 0.466667 0.553125 0.462500 0.553125 0.441667
8 0.568750 0.362500 0.560937 0.470833 0.595313 0.466667 0.623437 0.433333 0.642188 0.450000 0.678125 0.460417 0.665625 0.443750 0.659375 0.372917 0.632812 0.395833 0.628125 0.352083 0.614062 0.345833 0.587500 0.385417
8 0.045312 0.233333 0.115625 0.260417 0.131250 0.433333 0.209375 0.375000 0.284375 0.510417 0.496875 0.454167 0.495312 0.343750 0.559375 0.395833 0.475000 0.247917 0.512500 0.133333 0.459375 0.118750 0.479687 0.000000 0.343750 0.000000 0.318750 0.060417 0.282813 0.014583 0.245312 0.108333 0.215625 0.000000 0.125000 0.000000 0.193750 0.150000 0.343750 0.281250 0.301563 0.331250 0.104688 0.212500
9 0.429688 0.470833 0.531250 0.500000 0.510938 0.537500 0.734375 0.997917 0.998437 0.997917 0.996875 0.566667 0.628125 0.435417 0.559375 0.468750 0.553125 0.550000 0.535937 0.445833 0.500000 0.489583 0.500000 0.452083
10 0.476562 0.247917 0.521875 0.262500 0.553125 0.362500 0.557813 0.218750 0.587500 0.216667 0.568750 0.341667 0.587500 0.383333 0.895312 0.000000 0.481250 0.000000 0.460938 0.118750 0.498437 0.085417 0.514062 0.133333
10 0.207813 0.020833 0.220312 0.060417 0.242188 0.070833 0.242188 0.106250 0.260937 0.087500 0.256250 0.062500 0.268750 0.058333 0.262500 0.035417 0.282813 0.012500 0.300000 0.022917 0.318750 0.058333 0.323437 0.041667 0.343750 0.052083 0.353125 0.043750 0.342187 0.000000 0.217188 0.000000 0.217188 0.020833
11 0.084375 0.243750 0.073438 0.291667 0.046875 0.314583 0.029687 0.368750 0.050000 0.389583 0.053125 0.477083 0.068750 0.510417 0.053125 0.529167 0.081250 0.560417 0.103125 0.614583 0.134375 0.470833 0.129688 0.356250 0.114062 0.310417 0.114062 0.260417
12 0.000000 0.572917 0.001563 0.606250 0.045312 0.612500 0.076563 0.647917 0.092188 0.650000 0.100000 0.643750 0.098437 0.602083 0.087500 0.595833 0.082812 0.566667 0.056250 0.531250
18 0.000000 0.606250 0.000000 0.683333 0.035937 0.675000 0.046875 0.714583 0.060937 0.714583 0.075000 0.700000 0.089063 0.652083 0.076563 0.650000 0.045312 0.614583
18 0.115625 0.477083 0.107813 0.475000 0.096875 0.483333 0.084375 0.500000 0.082812 0.506250 0.078125 0.510417 0.078125 0.516667 0.101562 0.516667 0.100000 0.510417 0.095312 0.508333 0.095312 0.504167 0.100000 0.502083 0.101562 0.497917 0.110937 0.495833
18 0.043750 0.379167 0.029687 0.385417 0.000000 0.379167 0.000000 0.570833 0.048438 0.533333 0.059375 0.508333 0.067187 0.510417 0.051562 0.477083
18 0.256250 0.418750 0.231250 0.406250 0.210938 0.427083 0.200000 0.400000 0.212500 0.393750 0.212500 0.379167 0.195312 0.372917 0.185938 0.391667 0.170313 0.385417 0.131250 0.435417 0.134375 0.483333 0.112500 0.575000 0.126562 0.554167 0.187500 0.537500 0.203125 0.508333 0.225000 0.529167 0.259375 0.516667 0.270313 0.472917 0.251563 0.441667