0 0.782813 0.997917 0.537500 0.560417 0.554688 0.504167 0.442188 0.483333 0.426563 0.527083 0.000000 0.727083 0.000000 0.997917
1 0.332813 0.550000 0.201563 0.522917 0.132812 0.562500 0.092188 0.525000 0.000000 0.595833 0.000000 0.725000
2 0.000000 0.000000 0.000000 0.100000 0.107813 0.183333 0.121875 0.231250 0.332813 0.250000 0.278125 0.150000 0.151562 0.000000
3 0.518750 0.341667 0.510938 0.347917 0.506250 0.450000 0.514062 0.439583 0.514062 0.418750 0.520312 0.433333 0.521875 0.410417 0.525000 0.443750 0.531250 0.429167 0.543750 0.439583 0.556250 0.410417 0.576562 0.402083
3 0.954688 0.000000 0.659375 0.327083 0.687500 0.397917 0.739062 0.387500 0.753125 0.429167 0.803125 0.433333 0.906250 0.529167 0.985938 0.539583 0.998437 0.000000
4 0.690625 0.400000 0.695312 0.408333 0.718750 0.404167 0.729688 0.422917 0.735938 0.412500 0.734375 0.447917 0.785937 0.475000 0.806250 0.464583 0.828125 0.466667 0.825000 0.456250 0.809375 0.456250 0.803125 0.435417 0.796875 0.447917 0.790625 0.437500 0.768750 0.435417 0.764062 0.416667 0.753125 0.431250 0.740625 0.414583 0.739062 0.389583 0.725000 0.400000 0.703125 0.400000 0.696875 0.389583
5 0.267188 0.250000 0.250000 0.431250 0.248438 0.531250
5 0.635938 0.129167 0.614062 0.137500 0.628125 0.156250 0.595313 0.581250 0.639062 0.160417 0.657813 0.147917
8 0.800000 0.472917 0.807813 0.481250 0.810937 0.477083 0.837500 0.481250 0.846875 0.491667 0.856250 0.487500 0.881250 0.506250 0.878125 0.497917 0.864062 0.493750 0.851562 0.485417 0.846875 0.477083 0.839063 0.477083 0.826562 0.466667 0.806250 0.466667
8 0.621875 0.360417 0.612500 0.483333 0.646875 0.470833 0.675000 0.439583 0.737500 0.454167 0.735938 0.414583 0.729688 0.425000 0.718750 0.406250 0.695312 0.410417 0.675000 0.383333 0.676562 0.345833 0.654687 0.327083 0.643750 0.339583 0.645312 0.352083
8 0.000000 0.102083 0.000000 0.383333 0.025000 0.395833 0.045312 0.356250 0.120313 0.335417 0.132812 0.377083 0.187500 0.400000 0.175000 0.431250 0.203125 0.445833 0.207813 0.500000 0.240625 0.502083 0.262500 0.250000 0.121875 0.233333 0.107813 0.185417
8 0.153125 0.000000 0.334375 0.243750 0.268750 0.250000 0.260937 0.495833 0.376563 0.514583 0.517188 0.460417 0.518750 0.339583 0.578125 0.397917 0.550000 0.475000 0.598437 0.516667 0.610938 0.379167 0.548438 0.339583 0.537500 0.254167 0.459375 0.266667 0.540625 0.070833 0.525000 0.018750 0.498437 0.052083 0.478125 0.000000 0.264062 0.000000 0.234375 0.079167 0.217188 0.000000
9 0.203125 0.510417 0.203125 0.520833 0.209375 0.520833 0.210938 0.522917 0.240625 0.522917 0.242188 0.527083 0.246875 0.522917 0.246875 0.504167 0.245312 0.502083 0.240625 0.504167 0.214062 0.504167 0.207813 0.502083 0.206250 0.508333
9 0.439063 0.487500 0.421875 0.472917 0.406250 0.475000 0.376563 0.516667 0.325000 0.504167 0.289062 0.508333 0.260937 0.497917 0.256250 0.487500 0.253125 0.527083 0.332813 0.547917 0.389062 0.539583 0.426563 0.525000
9 0.442188 0.479167 0.556250 0.504167 0.526563 0.525000 0.781250 0.995833 0.998437 0.997917 0.998437 0.535417 0.675000 0.441667 0.614062 0.481250 0.595313 0.583333 0.598437 0.518750 0.543750 0.441667 0.518750 0.493750 0.517188 0.462500
9 0.334375 0.385417 0.334375 0.397917 0.326562 0.400000 0.328125 0.410417 0.342187 0.414583 0.351562 0.429167 0.360938 0.425000 0.367188 0.435417 0.379688 0.443750 0.382812 0.450000 0.387500 0.450000 0.389062 0.414583 0.385937 0.400000 0.362500 0.393750 0.354687 0.385417 0.339062 0.381250
10 0.460938 0.266667 0.537500 0.252083 0.550000 0.339583 0.607812 0.383333 0.615625 0.133333 0.659375 0.139583 0.634375 0.356250 0.943750 0.000000 0.479687 0.000000 0.542188 0.070833
10 0.262500 0.000000 0.218750 0.000000 0.214062 0.020833 0.210938 0.020833 0.214062 0.033333 0.221875 0.039583 0.221875 0.054167 0.226562 0.068750 0.234375 0.077083 0.232813 0.058333 0.254688 0.035417 0.256250 0.025000 0.248438 0.016667 0.248438 0.008333 0.251563 0.002083 0.260937 0.006250
18 0.185938 0.400000 0.132812 0.379167 0.126562 0.343750 0.100000 0.333333 0.081250 0.356250 0.042188 0.360417 0.025000 0.397917 0.000000 0.385417 0.000000 0.593750 0.092188 0.522917 0.132812 0.560417 0.192188 0.537500 0.206250 0.472917 0.201563 0.445833 0.173437 0.431250