0 0.700000 0.997917 0.506250 0.558333 0.510938 0.493750 0.276562 0.504167 0.253125 0.593750 0.000000 0.691667 0.000000 0.997917
1 0.239063 0.572917 0.204687 0.587500 0.206250 0.531250 0.187500 0.535417 0.156250 0.508333 0.114062 0.510417 0.084375 0.556250 0.000000 0.572917 0.000000 0.689583
2 0.818750 0.466667 0.807813 0.539583 0.917188 0.579167 0.998437 0.591667 0.996875 0.533333 0.985938 0.531250 0.978125 0.562500 0.910937 0.543750 0.878125 0.560417 0.862500 0.543750 0.840625 0.462500 0.831250 0.456250
2 0.856250 0.427083 0.862500 0.435417 0.862500 0.439583 0.864062 0.437500 0.868750 0.454167 0.867188 0.458333 0.871875 0.456250 0.876563 0.466667 0.878125 0.464583 0.889062 0.464583 0.890625 0.460417 0.895312 0.460417 0.896875 0.445833 0.884375 0.425000 0.878125 0.425000 0.876563 0.420833 0.873437 0.420833 0.871875 0.422917 0.859375 0.422917
2 0.143750 0.370833 0.143750 0.383333 0.140625 0.385417 0.140625 0.441667 0.143750 0.443750 0.143750 0.450000 0.153125 0.452083 0.168750 0.433333 0.173437 0.406250 0.164062 0.406250 0.157812 0.395833 0.150000 0.391667 0.145313 0.383333
2 0.200000 0.327083 0.200000 0.337500 0.207813 0.360417 0.203125 0.364583 0.203125 0.385417 0.198437 0.391667 0.185938 0.395833 0.185938 0.402083 0.207813 0.408333 0.212500 0.383333 0.215625 0.381250 0.217188 0.368750 0.223438 0.360417 0.228125 0.341667 0.220312 0.329167 0.214062 0.331250 0.210938 0.327083
2 0.000000 0.000000 0.000000 0.143750 0.037500 0.172917 0.000000 0.204167 0.000000 0.360417 0.034375 0.408333 0.095312 0.425000 0.129688 0.343750 0.153125 0.350000 0.156250 0.277083 0.278125 0.331250 0.306250 0.372917 0.371875 0.339583 0.165625 0.093750 0.053125 0.000000
3 0.998437 0.000000 0.893750 0.000000 0.784375 0.093750 0.601562 0.337500 0.621875 0.454167 0.803125 0.537500 0.831250 0.454167 0.878125 0.558333 0.981250 0.558333 0.998437 0.533333
4 0.484375 0.354167 0.479687 0.452083 0.489063 0.454167 0.492188 0.412500 0.496875 0.414583 0.495312 0.450000 0.526563 0.418750 0.528125 0.385417 0.490625 0.354167
5 0.529687 0.277083 0.539062 0.295833 0.521875 0.527083 0.540625 0.289583 0.553125 0.281250
8 0.537500 0.358333 0.535937 0.387500 0.553125 0.404167 0.545312 0.418750 0.562500 0.435417 0.579688 0.425000 0.578125 0.454167 0.587500 0.472917 0.603125 0.475000 0.623437 0.456250 0.610938 0.416667 0.595313 0.402083 0.598437 0.358333 0.584375 0.362500 0.575000 0.385417 0.554688 0.356250 0.543750 0.368750
8 0.826562 0.281250 0.821875 0.281250 0.814063 0.293750 0.800000 0.304167 0.798438 0.308333 0.789062 0.312500 0.789062 0.314583 0.795312 0.318750 0.803125 0.318750 0.804688 0.314583 0.807813 0.314583 0.812500 0.308333 0.815625 0.308333 0.821875 0.300000
8 0.000000 0.145833 0.000000 0.202083 0.001563 0.204167 0.003125 0.200000 0.006250 0.200000 0.007812 0.195833 0.009375 0.197917 0.012500 0.195833 0.015625 0.189583 0.023438 0.183333 0.025000 0.185417 0.034375 0.183333 0.035937 0.172917 0.032813 0.170833 0.032813 0.166667 0.029687 0.166667 0.025000 0.160417 0.015625 0.156250 0.004687 0.145833
8 0.054688 0.000000 0.373437 0.339583 0.306250 0.375000 0.156250 0.279167 0.164062 0.404167 0.242188 0.329167 0.315625 0.487500 0.415625 0.506250 0.478125 0.452083 0.484375 0.352083 0.529687 0.383333 0.509375 0.272917 0.467187 0.260417 0.495312 0.187500 0.453125 0.179167 0.481250 0.054167 0.448437 0.016667 0.276562 0.118750 0.231250 0.089583 0.273438 0.075000 0.275000 0.000000
9 0.428125 0.464583 0.512500 0.493750 0.495312 0.525000 0.701562 0.997917 0.998437 0.997917 0.996875 0.591667 0.657813 0.466667 0.592187 0.477083 0.543750 0.414583 0.525000 0.529167 0.526563 0.420833 0.490625 0.485417
10 0.232813 0.089583 0.354687 0.106250 0.401562 0.002083 0.482812 0.054167 0.454688 0.179167 0.484375 0.150000 0.496875 0.187500 0.468750 0.260417 0.510938 0.272917 0.529687 0.352083 0.553125 0.279167 0.537500 0.356250 0.575000 0.383333 0.889062 0.000000 0.276562 0.000000 0.275000 0.075000
11 0.242188 0.331250 0.229687 0.339583 0.209375 0.404167 0.218750 0.414583 0.220312 0.508333 0.214062 0.529167 0.239063 0.516667 0.231250 0.483333 0.240625 0.466667 0.256250 0.466667 0.257812 0.377083 0.251563 0.343750
18 0.000000 0.362500 0.003125 0.575000 0.156250 0.506250 0.207813 0.531250 0.204687 0.585417 0.243750 0.570833 0.250000 0.593750 0.264062 0.516667 0.317188 0.481250 0.306250 0.429167 0.260937 0.400000 0.240625 0.516667 0.214062 0.531250 0.217188 0.414583 0.175000 0.400000 0.162500 0.445833 0.139063 0.441667 0.160938 0.356250 0.129688 0.345833 0.095312 0.427083 0.034375 0.410417