0 0.706250 0.997917 0.501563 0.529167 0.520312 0.497917 0.264062 0.508333 0.223438 0.614583 0.000000 0.695833 0.000000 0.997917
1 0.243750 0.525000 0.240625 0.525000 0.237500 0.537500 0.237500 0.547917 0.242188 0.554167 0.240625 0.568750 0.231250 0.575000 0.229687 0.579167 0.253125 0.564583 0.250000 0.541667 0.246875 0.537500 0.243750 0.539583 0.239063 0.537500 0.239063 0.533333 0.242188 0.531250
1 0.209375 0.585417 0.162500 0.608333 0.165625 0.543750 0.150000 0.545833 0.115625 0.510417 0.070312 0.514583 0.059375 0.529167 0.037500 0.520833 0.023438 0.556250 0.000000 0.577083 0.000000 0.693750
2 0.042188 0.400000 0.040625 0.404167 0.020313 0.404167 0.018750 0.406250 0.010937 0.406250 0.009375 0.410417 0.000000 0.410417 0.000000 0.412500 0.009375 0.412500 0.010937 0.414583 0.021875 0.412500 0.023438 0.414583 0.028125 0.414583 0.035937 0.422917 0.037500 0.416667 0.042188 0.412500
2 0.106250 0.350000 0.096875 0.364583 0.100000 0.389583 0.100000 0.420833 0.096875 0.425000 0.100000 0.445833 0.103125 0.450000 0.115625 0.450000 0.137500 0.412500 0.134375 0.397917 0.137500 0.379167 0.128125 0.354167 0.121875 0.358333
2 0.000000 0.000000 0.000000 0.395833 0.071875 0.366667 0.084375 0.322917 0.123438 0.337500 0.160938 0.252083 0.279687 0.337500 0.368750 0.329167 0.279687 0.245833 0.270313 0.197917 0.103125 0.002083
3 0.893750 0.000000 0.614062 0.333333 0.609375 0.393750 0.714063 0.497917 0.998437 0.600000 0.998437 0.000000
4 0.632812 0.429167 0.635938 0.450000 0.640625 0.456250 0.659375 0.466667 0.684375 0.464583 0.693750 0.477083 0.684375 0.447917 0.676562 0.441667 0.665625 0.443750 0.648438 0.433333 0.645312 0.437500
4 0.492188 0.352083 0.487500 0.454167 0.496875 0.458333 0.498437 0.422917 0.501563 0.422917 0.501563 0.456250 0.518750 0.443750 0.537500 0.418750 0.542188 0.389583
5 0.554688 0.260417 0.542188 0.262500 0.551562 0.275000 0.534375 0.533333 0.554688 0.277083 0.567187 0.268750
8 0.042188 0.393750 0.035937 0.383333 0.032813 0.387500 0.026562 0.387500 0.025000 0.391667 0.015625 0.395833 0.014063 0.400000 0.003125 0.400000 0.000000 0.397917 0.000000 0.408333 0.009375 0.408333 0.010937 0.404167 0.018750 0.404167 0.020313 0.402083 0.040625 0.402083 0.040625 0.395833
8 0.548438 0.370833 0.546875 0.391667 0.562500 0.404167 0.545312 0.420833 0.556250 0.435417 0.554688 0.468750 0.571875 0.466667 0.584375 0.479167 0.581250 0.491667 0.632812 0.483333 0.642188 0.470833 0.701562 0.487500 0.684375 0.466667 0.651563 0.466667 0.634375 0.450000 0.629687 0.416667 0.607812 0.393750 0.609375 0.360417 0.598437 0.358333 0.584375 0.389583 0.560937 0.356250
8 0.101562 0.000000 0.370312 0.325000 0.279687 0.339583 0.160938 0.254167 0.139063 0.387500 0.179688 0.402083 0.221875 0.314583 0.237500 0.402083 0.373437 0.512500 0.490625 0.460417 0.492188 0.350000 0.542188 0.387500 0.517188 0.270833 0.473438 0.258333 0.504687 0.166667 0.457813 0.162500 0.489063 0.031250 0.456250 0.000000 0.378125 0.020833 0.357812 0.093750 0.284375 0.072917 0.281250 0.122917 0.232813 0.058333 0.256250 0.000000
9 0.437500 0.479167 0.521875 0.497917 0.503125 0.529167 0.707812 0.997917 0.998437 0.997917 0.995313 0.597917 0.659375 0.475000 0.581250 0.493750 0.545312 0.427083 0.534375 0.535417 0.537500 0.420833 0.498437 0.487500
10 0.475000 0.258333 0.518750 0.270833 0.542188 0.354167 0.540625 0.262500 0.565625 0.262500 0.550000 0.366667 0.584375 0.387500 0.892188 0.000000 0.457813 0.000000 0.460938 0.039583 0.490625 0.031250 0.459375 0.162500 0.493750 0.133333 0.506250 0.166667
10 0.234375 0.058333 0.254688 0.066667 0.281250 0.120833 0.284375 0.070833 0.303125 0.060417 0.331250 0.095833 0.337500 0.081250 0.357812 0.091667 0.357812 0.056250 0.364063 0.045833 0.376563 0.050000 0.376563 0.020833 0.404687 0.018750 0.409375 0.004167 0.257812 0.000000 0.253125 0.014583 0.264062 0.035417
11 0.217188 0.314583 0.206250 0.322917 0.182812 0.387500 0.181250 0.404167 0.190625 0.412500 0.185938 0.529167 0.214062 0.470833 0.225000 0.472917 0.218750 0.489583 0.225000 0.495833 0.231250 0.477083 0.235937 0.375000 0.228125 0.325000
18 0.000000 0.414583 0.000000 0.575000 0.037500 0.518750 0.115625 0.508333 0.167187 0.543750 0.162500 0.606250 0.209375 0.583333 0.223438 0.612500 0.239063 0.525000 0.309375 0.487500 0.298438 0.425000 0.254688 0.389583 0.229687 0.493750 0.214062 0.472917 0.185938 0.531250 0.189062 0.412500 0.135937 0.389583 0.103125 0.452083 0.095312 0.364583 0.129688 0.347917 0.090625 0.325000 0.035937 0.425000