0 0.798438 0.997917 0.553125 0.579167 0.554688 0.504167 0.443750 0.485417 0.418750 0.537500 0.000000 0.743750 0.000000 0.997917
1 0.323437 0.562500 0.153125 0.539583 0.131250 0.568750 0.053125 0.591667 0.018750 0.550000 0.003125 0.552083 0.000000 0.741667
2 0.000000 0.000000 0.000000 0.110417 0.085938 0.183333 0.229687 0.222917 0.314063 0.225000 0.285938 0.156250 0.176563 0.000000
3 0.550000 0.366667 0.553125 0.377083 0.546875 0.375000 0.543750 0.393750 0.537500 0.387500 0.537500 0.379167 0.537500 0.387500 0.532813 0.387500 0.532813 0.368750 0.529687 0.391667 0.534375 0.397917 0.531250 0.435417 0.537500 0.414583 0.543750 0.433333 0.551562 0.429167 0.556250 0.418750 0.551562 0.414583 0.553125 0.393750 0.550000 0.389583 0.553125 0.379167 0.559375 0.375000
3 0.514062 0.364583 0.510938 0.387500 0.510938 0.450000 0.515625 0.443750 0.515625 0.425000 0.517188 0.422917 0.521875 0.427083 0.526563 0.414583 0.525000 0.408333 0.526563 0.404167 0.523438 0.406250 0.514062 0.389583
3 0.943750 0.000000 0.671875 0.318750 0.696875 0.331250 0.696875 0.377083 0.773438 0.360417 0.776563 0.320833 0.792188 0.379167 0.853125 0.383333 0.862500 0.352083 0.907813 0.437500 0.890625 0.472917 0.998437 0.541667 0.998437 0.000000
4 0.553125 0.414583 0.559375 0.414583 0.562500 0.408333 0.567187 0.408333 0.571875 0.402083 0.576562 0.402083 0.579688 0.395833 0.578125 0.395833 0.575000 0.389583 0.571875 0.389583 0.570312 0.385417 0.568750 0.385417 0.567187 0.389583 0.562500 0.389583 0.560937 0.387500 0.560937 0.379167 0.554688 0.379167 0.554688 0.387500 0.551562 0.389583 0.551562 0.391667 0.554688 0.393750
4 0.695312 0.375000 0.718750 0.408333 0.743750 0.397917 0.760938 0.418750 0.768750 0.452083 0.837500 0.477083 0.909375 0.460417 0.906250 0.437500 0.865625 0.391667 0.862500 0.354167 0.853125 0.385417 0.792188 0.381250 0.768750 0.354167
4 0.517188 0.337500 0.515625 0.389583 0.523438 0.404167 0.528125 0.404167 0.531250 0.420833 0.532813 0.397917 0.528125 0.391667 0.531250 0.368750 0.534375 0.368750 0.534375 0.387500 0.537500 0.377083 0.539062 0.387500 0.543750 0.391667 0.545312 0.375000 0.551562 0.377083 0.548438 0.364583 0.532813 0.352083 0.525000 0.339583
5 0.235937 0.218750 0.217188 0.547917 0.223438 0.547917
5 0.671875 0.079167 0.639062 0.091667 0.654687 0.112500 0.618750 0.600000 0.629687 0.597917 0.662500 0.139583 0.689063 0.100000
8 0.848437 0.475000 0.878125 0.477083 0.898438 0.487500 0.907813 0.485417 0.903125 0.479167 0.896875 0.481250 0.889062 0.472917 0.884375 0.470833 0.881250 0.472917 0.879687 0.468750 0.854688 0.466667 0.850000 0.468750
8 0.692187 0.327083 0.670312 0.320833 0.648438 0.335417 0.635938 0.502083 0.640625 0.485417 0.703125 0.456250 0.767188 0.452083 0.759375 0.418750 0.751563 0.420833 0.743750 0.400000 0.718750 0.410417 0.696875 0.385417
8 0.000000 0.112500 0.000000 0.329167 0.021875 0.310417 0.068750 0.322917 0.073438 0.377083 0.139063 0.395833 0.121875 0.425000 0.154688 0.447917 0.160938 0.510417 0.215625 0.510417 0.231250 0.225000 0.085938 0.185417
8 0.245312 0.000000 0.225000 0.064583 0.315625 0.225000 0.240625 0.222917 0.228125 0.506250 0.418750 0.535417 0.445312 0.472917 0.520312 0.454167 0.521875 0.335417 0.581250 0.395833 0.550000 0.439583 0.621875 0.529167 0.637500 0.356250 0.571875 0.362500 0.521875 0.235417 0.446875 0.252083 0.501563 0.195833 0.534375 0.002083
8 0.178125 0.000000 0.178125 0.002083 0.181250 0.004167 0.190625 0.018750 0.196875 0.022917 0.200000 0.029167 0.201563 0.029167 0.203125 0.025000 0.204687 0.027083 0.203125 0.025000 0.204687 0.022917 0.204687 0.010417 0.198437 0.006250 0.196875 0.002083 0.193750 0.000000
9 0.153125 0.537500 0.215625 0.541667 0.215625 0.512500 0.209375 0.516667 0.171875 0.516667 0.160938 0.512500
9 0.228125 0.543750 0.325000 0.564583 0.412500 0.537500 0.381250 0.531250 0.370312 0.539583 0.360938 0.529167 0.307812 0.535417 0.256250 0.525000 0.226562 0.504167
9 0.443750 0.477083 0.565625 0.508333 0.534375 0.527083 0.796875 0.995833 0.998437 0.997917 0.998437 0.543750 0.910937 0.487500 0.712500 0.456250 0.640625 0.487500 0.618750 0.602083 0.621875 0.531250 0.551562 0.441667 0.525000 0.493750 0.523438 0.447917
10 0.448437 0.252083 0.542188 0.247917 0.553125 0.337500 0.607812 0.381250 0.639062 0.352083 0.639062 0.089583 0.690625 0.089583 0.650000 0.333333 0.942187 0.000000 0.534375 0.000000 0.550000 0.043750 0.503125 0.195833
10 0.195312 0.000000 0.206250 0.010417 0.203125 0.033333 0.225000 0.060417 0.221875 0.047917 0.223438 0.035417 0.228125 0.035417 0.234375 0.022917 0.243750 0.018750 0.246875 0.004167 0.243750 0.000000
18 0.000000 0.331250 0.000000 0.552083 0.018750 0.547917 0.053125 0.589583 0.142187 0.558333 0.159375 0.485417 0.153125 0.447917 0.120313 0.425000 0.137500 0.395833 0.093750 0.370833 0.073438 0.379167 0.068750 0.325000 0.021875 0.312500