0 0.700000 0.995833 0.490625 0.527083 0.507812 0.493750 0.279687 0.504167 0.262500 0.587500 0.000000 0.687500 0.000000 0.997917
1 0.218750 0.527083 0.193750 0.531250 0.168750 0.504167 0.128125 0.504167 0.104688 0.552083 0.015625 0.570833 0.000000 0.583333 0.000000 0.685417 0.217188 0.581250
2 0.000000 0.000000 0.000000 0.152083 0.051562 0.181250 0.042188 0.245833 0.064062 0.279167 0.043750 0.297917 0.003125 0.264583 0.000000 0.375000 0.109375 0.397917 0.142187 0.350000 0.195312 0.356250 0.212500 0.410417 0.246875 0.335417 0.287500 0.418750 0.368750 0.341667 0.207813 0.145833
3 0.884375 0.000000 0.768750 0.104167 0.595313 0.339583 0.590625 0.397917 0.615625 0.450000 0.889062 0.568750 0.998437 0.570833 0.998437 0.000000
4 0.617188 0.452083 0.618750 0.456250 0.621875 0.456250 0.623437 0.458333 0.626563 0.458333 0.632812 0.462500 0.645312 0.460417 0.646875 0.464583 0.643750 0.447917 0.640625 0.447917 0.637500 0.443750 0.631250 0.443750 0.626563 0.447917 0.623437 0.447917 0.620313 0.452083
4 0.482812 0.356250 0.478125 0.429167 0.481250 0.443750 0.481250 0.431250 0.487500 0.433333 0.490625 0.404167 0.492188 0.443750 0.509375 0.433333 0.520312 0.418750 0.523438 0.383333
5 0.542188 0.281250 0.523438 0.281250 0.531250 0.289583 0.517188 0.525000 0.532813 0.302083 0.545312 0.287500
8 0.195312 0.358333 0.162500 0.358333 0.178125 0.366667 0.173437 0.377083 0.159375 0.372917 0.154688 0.387500 0.154688 0.435417 0.167187 0.450000 0.176563 0.441667 0.185938 0.402083 0.203125 0.408333 0.200000 0.402083 0.204687 0.395833 0.204687 0.370833
8 0.532813 0.356250 0.529687 0.387500 0.546875 0.404167 0.537500 0.420833 0.554688 0.441667 0.554688 0.462500 0.534375 0.479167 0.534375 0.497917 0.565625 0.495833 0.578125 0.477083 0.615625 0.477083 0.620313 0.458333 0.607812 0.420833 0.589063 0.397917 0.592187 0.358333 0.578125 0.362500 0.568750 0.383333 0.551562 0.356250 0.540625 0.368750
8 0.800000 0.291667 0.795312 0.291667 0.790625 0.302083 0.778125 0.312500 0.768750 0.316667 0.764062 0.320833 0.764062 0.322917 0.770312 0.327083 0.771875 0.325000 0.778125 0.325000 0.779687 0.320833 0.785937 0.318750 0.789062 0.312500 0.793750 0.310417 0.795312 0.306250 0.798438 0.304167 0.798438 0.293750
8 0.167187 0.289583 0.164062 0.293750 0.164062 0.302083 0.176563 0.304167 0.184375 0.316667 0.187500 0.339583 0.196875 0.345833 0.200000 0.339583 0.196875 0.314583 0.193750 0.312500 0.192188 0.300000 0.189062 0.291667 0.185938 0.289583 0.185938 0.285417 0.178125 0.285417 0.173437 0.291667
8 0.000000 0.154167 0.000000 0.268750 0.007812 0.258333 0.021875 0.258333 0.039062 0.281250 0.040625 0.293750 0.048438 0.295833 0.053125 0.285417 0.062500 0.283333 0.040625 0.245833 0.045312 0.237500 0.040625 0.216667 0.053125 0.187500 0.048438 0.179167 0.009375 0.164583
8 0.003125 0.000000 0.362500 0.322917 0.329688 0.425000 0.326562 0.387500 0.289062 0.412500 0.315625 0.493750 0.410938 0.506250 0.485938 0.452083 0.482812 0.354167 0.525000 0.381250 0.506250 0.272917 0.465625 0.260417 0.490625 0.187500 0.450000 0.183333 0.475000 0.060417 0.401562 0.010417 0.350000 0.114583 0.298438 0.083333 0.275000 0.125000 0.231250 0.095833 0.275000 0.089583 0.290625 0.000000
9 0.423438 0.475000 0.509375 0.493750 0.492188 0.527083 0.701562 0.997917 0.998437 0.997917 0.998437 0.572917 0.889062 0.570833 0.621875 0.458333 0.537500 0.502083 0.535937 0.410417 0.518750 0.527083 0.520312 0.420833 0.487500 0.485417 0.485938 0.454167
10 0.232813 0.097917 0.350000 0.112500 0.401562 0.008333 0.476562 0.060417 0.451562 0.183333 0.479687 0.154167 0.467187 0.260417 0.507812 0.272917 0.526563 0.352083 0.542188 0.279167 0.532813 0.354167 0.568750 0.381250 0.882812 0.000000 0.292187 0.000000 0.276562 0.089583
11 0.246875 0.337500 0.234375 0.352083 0.218750 0.402083 0.218750 0.418750 0.226562 0.420833 0.229687 0.437500 0.228125 0.522917 0.239063 0.522917 0.246875 0.472917 0.256250 0.464583 0.264062 0.475000 0.265625 0.466667 0.264062 0.385417 0.256250 0.347917
18 0.317188 0.462500 0.265625 0.402083 0.265625 0.475000 0.228125 0.525000 0.217188 0.408333 0.185938 0.404167 0.156250 0.450000 0.167187 0.360417 0.142187 0.352083 0.135937 0.389583 0.117188 0.368750 0.109375 0.400000 0.000000 0.377083 0.000000 0.581250 0.168750 0.502083 0.220312 0.527083 0.217188 0.579167 0.251563 0.564583 0.262500 0.585417 0.271875 0.514583 0.309375 0.500000