0 0.862500 0.997917 0.553125 0.554167 0.573438 0.504167 0.440625 0.485417 0.373437 0.587500 0.000000 0.779167 0.000000 0.997917
1 0.000000 0.777083 0.178125 0.672917 0.000000 0.639583
2 0.967187 0.000000 0.948438 0.000000 0.943750 0.008333 0.940625 0.008333 0.937500 0.014583 0.932813 0.016667 0.915625 0.037500 0.929688 0.027083 0.935937 0.027083 0.937500 0.022917 0.942187 0.022917 0.948438 0.012500 0.951562 0.012500 0.953125 0.008333
2 0.032813 0.000000 0.029687 0.006250 0.031250 0.008333 0.031250 0.014583 0.034375 0.018750 0.034375 0.022917 0.043750 0.025000 0.053125 0.035417 0.053125 0.027083 0.051562 0.025000 0.054688 0.018750 0.053125 0.006250 0.057813 0.000000
3 0.804688 0.156250 0.720313 0.250000 0.703125 0.318750 0.710938 0.295833 0.723437 0.297917 0.729688 0.262500 0.745313 0.279167 0.743750 0.316667 0.760938 0.245833 0.768750 0.300000 0.759375 0.318750 0.773438 0.293750 0.793750 0.314583
3 0.998437 0.000000 0.968750 0.000000 0.912500 0.039583 0.826562 0.133333 0.815625 0.308333 0.853125 0.297917 0.873437 0.239583 0.881250 0.279167 0.971875 0.239583 0.998437 0.189583
4 0.525000 0.320833 0.518750 0.320833 0.514062 0.445833 0.521875 0.420833 0.529687 0.433333 0.534375 0.385417 0.537500 0.435417 0.542188 0.420833 0.546875 0.435417 0.554688 0.435417 0.564063 0.408333 0.587500 0.391667
4 0.773438 0.295833 0.771875 0.308333 0.765625 0.312500 0.762500 0.320833 0.759375 0.320833 0.760938 0.325000 0.759375 0.341667 0.771875 0.360417 0.787500 0.366667 0.790625 0.325000 0.793750 0.322917 0.793750 0.316667 0.790625 0.316667 0.787500 0.308333 0.779687 0.304167
4 0.998437 0.191667 0.971875 0.241667 0.907813 0.279167 0.878125 0.279167 0.873437 0.241667 0.853125 0.300000 0.814063 0.306250 0.810937 0.350000 0.864062 0.345833 0.893750 0.429167 0.921875 0.447917 0.946875 0.447917 0.990625 0.406250 0.998437 0.420833
4 0.889062 0.087500 0.885938 0.091667 0.881250 0.141667 0.878125 0.145833 0.878125 0.168750 0.875000 0.183333 0.878125 0.185417 0.876563 0.193750 0.881250 0.189583 0.885938 0.162500 0.890625 0.104167
5 0.832812 0.000000 0.818750 0.008333 0.773438 0.720833 0.787500 0.710417
8 0.257812 0.472917 0.259375 0.479167 0.257812 0.485417 0.267188 0.493750 0.268750 0.497917 0.278125 0.502083 0.279687 0.506250 0.287500 0.506250 0.290625 0.502083 0.290625 0.489583 0.287500 0.487500 0.285938 0.481250 0.285938 0.468750 0.281250 0.468750 0.275000 0.477083 0.268750 0.477083 0.267188 0.483333 0.264062 0.483333 0.260937 0.475000
8 0.810937 0.352083 0.803125 0.470833 0.907813 0.460417 0.925000 0.472917 0.953125 0.466667 0.971875 0.487500 0.998437 0.481250 0.993750 0.410417 0.946875 0.450000 0.918750 0.450000 0.892188 0.429167 0.864062 0.347917
8 0.000000 0.327083 0.000000 0.568750 0.100000 0.560417 0.139063 0.522917 0.181250 0.516667 0.196875 0.456250 0.225000 0.464583 0.237500 0.491667 0.248438 0.460417 0.267188 0.454167 0.225000 0.416667 0.053125 0.379167
8 0.000000 0.020833 0.000000 0.054167 0.001563 0.058333 0.006250 0.062500 0.006250 0.064583 0.010937 0.064583 0.014063 0.056250 0.017188 0.058333 0.017188 0.050000 0.012500 0.039583 0.012500 0.031250
8 0.000000 0.077083 0.000000 0.231250 0.354687 0.383333 0.407813 0.558333 0.437500 0.466667 0.528125 0.452083 0.518750 0.318750 0.610938 0.506250 0.775000 0.547917 0.757812 0.272917 0.606250 0.372917 0.529687 0.222917 0.410938 0.247917 0.528125 0.000000 0.162500 0.000000 0.153125 0.089583 0.104688 0.020833 0.089063 0.152083
9 0.437500 0.468750 0.587500 0.506250 0.554688 0.554167 0.864062 0.997917 0.998437 0.997917 0.998437 0.483333 0.806250 0.466667 0.773438 0.722917 0.775000 0.550000 0.670312 0.550000 0.556250 0.437500 0.529687 0.493750 0.528125 0.454167
9 0.000000 0.233333 0.000000 0.325000 0.028125 0.360417 0.268750 0.447917 0.237500 0.493750 0.196875 0.458333 0.181250 0.518750 0.104688 0.560417 0.000000 0.570833 0.000000 0.637500 0.192188 0.670833 0.406250 0.560417 0.426563 0.497917 0.360938 0.458333 0.354687 0.385417
10 0.826562 0.131250 0.875000 0.079167 0.882812 0.060417 0.903125 0.050000 0.946875 0.000000 0.834375 0.000000
10 0.412500 0.247917 0.467187 0.258333 0.506250 0.212500 0.529687 0.220833 0.560937 0.279167 0.554688 0.331250 0.612500 0.370833 0.662500 0.308333 0.698438 0.314583 0.701562 0.264583 0.803125 0.158333 0.818750 0.000000 0.529687 0.000000 0.492188 0.154167 0.453125 0.187500 0.431250 0.175000
10 0.000000 0.075000 0.048438 0.083333 0.057813 0.131250 0.089063 0.150000 0.087500 0.058333 0.104688 0.058333 0.103125 0.020833 0.129688 0.037500 0.153125 0.087500 0.170313 0.070833 0.168750 0.029167 0.184375 0.018750 0.160938 0.000000 0.078125 0.000000 0.054688 0.010417 0.051562 0.037500 0.026562 0.000000 0.000000 0.000000 0.018750 0.050000 0.010937 0.066667 0.000000 0.056250