0 0.684375 0.993750 0.482812 0.522917 0.501563 0.491667 0.318750 0.497917 0.284375 0.577083 0.000000 0.695833 0.000000 0.997917
1 0.248438 0.518750 0.226562 0.529167 0.179688 0.504167 0.157812 0.545833 0.092188 0.568750 0.054688 0.560417 0.029687 0.531250 0.025000 0.589583 0.009375 0.589583 0.010937 0.556250 0.000000 0.572917 0.000000 0.693750 0.243750 0.572917
1 0.325000 0.502083 0.317188 0.500000 0.314063 0.504167 0.310937 0.504167 0.309375 0.508333 0.296875 0.508333 0.295312 0.522917 0.292187 0.529167 0.292187 0.537500 0.289062 0.539583 0.289062 0.547917 0.310937 0.537500 0.314063 0.533333 0.310937 0.525000 0.312500 0.520833 0.325000 0.512500
2 0.921875 0.552083 0.954688 0.554167 0.960938 0.560417 0.989062 0.566667 0.998437 0.575000 0.998437 0.564583 0.984375 0.552083 0.975000 0.535417 0.973437 0.520833 0.962500 0.502083 0.962500 0.493750 0.956250 0.495833 0.951562 0.508333 0.937500 0.510417 0.935937 0.522917 0.931250 0.525000 0.931250 0.537500 0.926562 0.539583
2 0.117188 0.168750 0.146875 0.195833 0.140625 0.227083 0.175000 0.314583 0.164062 0.402083 0.157812 0.327083 0.139063 0.345833 0.151562 0.406250 0.173437 0.404167 0.178125 0.370833 0.209375 0.387500 0.189062 0.400000 0.190625 0.454167 0.217188 0.414583 0.243750 0.416667 0.264062 0.360417 0.285938 0.402083 0.304688 0.362500 0.365625 0.350000 0.234375 0.202083 0.160938 0.154167
2 0.000000 0.000000 0.000000 0.172917 0.023438 0.183333 0.029687 0.139583 0.037500 0.183333 0.103125 0.214583 0.103125 0.147917 0.042188 0.129167 0.042188 0.160417 0.034375 0.114583 0.042188 0.102083 0.128125 0.122917 0.151562 0.112500 0.067187 0.002083
3 0.584375 0.339583 0.598437 0.447917 0.914062 0.556250 0.962500 0.491667 0.998437 0.562500 0.998437 0.000000 0.868750 0.000000 0.723437 0.139583
4 0.475000 0.356250 0.471875 0.372917 0.470313 0.445833 0.479687 0.443750 0.482812 0.410417 0.484375 0.441667 0.501563 0.433333 0.509375 0.422917 0.512500 0.391667 0.509375 0.379167
5 0.510938 0.293750 0.518750 0.302083 0.506250 0.516667 0.523438 0.300000 0.531250 0.297917
5 0.029687 0.141667 0.010937 0.589583 0.023438 0.589583
8 0.518750 0.352083 0.518750 0.383333 0.539062 0.400000 0.515625 0.416667 0.526563 0.495833 0.548438 0.495833 0.589063 0.477083 0.598437 0.450000 0.595313 0.418750 0.579688 0.397917 0.581250 0.358333 0.571875 0.370833 0.564063 0.366667 0.559375 0.379167 0.542188 0.352083 0.529687 0.368750
8 0.198437 0.312500 0.190625 0.318750 0.195312 0.337500 0.195312 0.352083 0.190625 0.362500 0.210938 0.379167 0.212500 0.397917 0.217188 0.400000 0.221875 0.397917 0.217188 0.352083 0.226562 0.345833 0.228125 0.335417 0.248438 0.347917 0.248438 0.329167 0.234375 0.320833 0.214062 0.322917 0.207813 0.314583
8 0.770312 0.310417 0.764062 0.312500 0.757812 0.300000 0.748437 0.300000 0.735938 0.316667 0.721875 0.322917 0.714063 0.333333 0.717187 0.335417 0.715625 0.337500 0.728125 0.343750 0.751563 0.318750 0.756250 0.318750 0.759375 0.322917 0.770312 0.318750
8 0.000000 0.175000 0.000000 0.333333 0.009375 0.343750 0.006250 0.352083 0.014063 0.370833 0.020313 0.333333 0.025000 0.191667 0.021875 0.183333
8 0.065625 0.000000 0.153125 0.118750 0.035937 0.114583 0.112500 0.191667 0.035937 0.185417 0.056250 0.406250 0.146875 0.412500 0.154688 0.322917 0.173437 0.381250 0.142187 0.147917 0.367188 0.347917 0.284375 0.404167 0.325000 0.497917 0.478125 0.450000 0.471875 0.360417 0.514062 0.350000 0.434375 0.045833 0.325000 0.135417 0.271875 0.110417 0.279687 0.000000
9 0.426563 0.477083 0.503125 0.491667 0.484375 0.522917 0.685937 0.997917 0.998437 0.997917 0.996875 0.575000 0.606250 0.452083 0.526563 0.497917 0.515625 0.422917 0.509375 0.518750 0.509375 0.425000 0.481250 0.483333 0.479687 0.445833
10 0.253125 0.133333 0.253125 0.137500 0.251563 0.139583 0.251563 0.141667 0.253125 0.143750 0.253125 0.145833 0.257812 0.150000 0.257812 0.152083 0.260937 0.152083 0.262500 0.154167 0.271875 0.154167 0.273438 0.152083 0.273438 0.139583 0.271875 0.137500 0.270313 0.137500 0.268750 0.135417 0.262500 0.135417 0.260937 0.133333 0.257812 0.133333 0.256250 0.131250 0.254688 0.131250
10 0.273438 0.110417 0.346875 0.127083 0.392188 0.037500 0.467187 0.087500 0.443750 0.200000 0.470313 0.172917 0.459375 0.262500 0.500000 0.277083 0.514062 0.347917 0.529687 0.293750 0.518750 0.350000 0.560937 0.377083 0.723437 0.137500 0.867188 0.000000 0.281250 0.000000 0.303125 0.037500
11 0.267188 0.362500 0.257812 0.368750 0.242188 0.429167 0.250000 0.435417 0.257812 0.508333 0.253125 0.522917 0.271875 0.522917 0.270313 0.489583 0.281250 0.470833 0.290625 0.485417 0.284375 0.408333 0.278125 0.377083
18 0.031250 0.350000 0.026562 0.529167 0.067187 0.564583 0.157812 0.543750 0.192188 0.502083 0.246875 0.518750 0.245312 0.568750 0.276562 0.554167 0.284375 0.575000 0.295312 0.508333 0.321875 0.491667 0.296875 0.429167 0.292187 0.485417 0.281250 0.472917 0.273438 0.522917 0.253125 0.525000 0.243750 0.418750 0.189062 0.454167 0.200000 0.379167 0.178125 0.372917 0.176563 0.402083 0.056250 0.408333 0.060937 0.375000
18 0.003125 0.335417 0.000000 0.570833 0.012500 0.543750 0.017188 0.358333 0.014063 0.372917