0 0.214062 0.527083 0.214062 0.535417 0.210938 0.537500 0.210938 0.550000 0.214062 0.554167 0.231250 0.552083 0.237500 0.556250 0.248438 0.556250 0.251563 0.545833 0.254688 0.543750 0.254688 0.539583 0.246875 0.529167 0.246875 0.525000 0.240625 0.525000 0.239063 0.520833 0.232813 0.518750 0.229687 0.512500 0.221875 0.516667 0.221875 0.520833
0 0.687500 0.995833 0.482812 0.520833 0.498437 0.491667 0.326562 0.497917 0.301563 0.568750 0.000000 0.697917 0.000000 0.997917
1 0.264062 0.520833 0.248438 0.525000 0.248438 0.558333 0.214062 0.556250 0.209375 0.537500 0.226562 0.512500 0.210938 0.510417 0.195312 0.539583 0.137500 0.560417 0.096875 0.537500 0.092188 0.579167 0.081250 0.558333 0.059375 0.581250 0.017188 0.581250 0.000000 0.595833 0.000000 0.695833 0.259375 0.564583
2 0.998437 0.589583 0.998437 0.535417 0.985938 0.535417 0.979688 0.543750 0.960938 0.535417 0.953125 0.558333 0.946875 0.564583 0.926562 0.560417 0.914062 0.545833 0.914062 0.552083 0.925000 0.560417
2 0.000000 0.000000 0.000000 0.193750 0.148438 0.208333 0.112500 0.237500 0.142187 0.325000 0.103125 0.352083 0.104688 0.416667 0.196875 0.414583 0.231250 0.350000 0.217188 0.464583 0.284375 0.368750 0.320312 0.429167 0.353125 0.360417 0.326562 0.306250 0.218750 0.208333 0.115625 0.179167 0.200000 0.177083 0.059375 0.000000
3 0.998437 0.000000 0.865625 0.000000 0.701562 0.160417 0.579688 0.341667 0.592187 0.450000 0.851562 0.543750 0.900000 0.541667 0.900000 0.487500 0.935937 0.562500 0.998437 0.533333
4 0.515625 0.385417 0.515625 0.406250 0.514062 0.408333 0.514062 0.414583 0.523438 0.408333 0.529687 0.408333 0.535937 0.404167 0.535937 0.400000 0.532813 0.395833 0.529687 0.393750 0.526563 0.393750 0.520312 0.387500
4 0.478125 0.358333 0.473438 0.360417 0.470313 0.447917 0.481250 0.439583 0.482812 0.408333 0.484375 0.439583 0.501563 0.433333 0.507812 0.425000 0.507812 0.379167
5 0.092188 0.456250 0.089063 0.539583 0.084375 0.556250 0.084375 0.577083 0.092188 0.577083 0.095312 0.543750 0.092188 0.522917
5 0.525000 0.302083 0.507812 0.302083 0.515625 0.310417 0.503125 0.514583 0.507812 0.502083 0.517188 0.312500
5 0.095312 0.191667 0.092188 0.420833 0.098437 0.416667 0.100000 0.218750
8 0.515625 0.352083 0.515625 0.383333 0.537500 0.400000 0.526563 0.416667 0.531250 0.452083 0.520312 0.470833 0.525000 0.489583 0.551562 0.491667 0.564063 0.477083 0.585938 0.475000 0.590625 0.466667 0.590625 0.418750 0.576562 0.402083 0.576562 0.362500 0.556250 0.375000 0.542188 0.352083 0.531250 0.366667
8 0.225000 0.352083 0.221875 0.360417 0.221875 0.366667 0.228125 0.375000 0.226562 0.383333 0.229687 0.391667 0.228125 0.397917 0.229687 0.402083 0.235937 0.404167 0.239063 0.397917 0.231250 0.377083 0.231250 0.366667 0.234375 0.360417 0.240625 0.360417 0.240625 0.354167
8 0.000000 0.195833 0.000000 0.393750 0.053125 0.393750 0.050000 0.362500 0.067187 0.356250 0.085938 0.402083 0.092188 0.229167
8 0.103125 0.189583 0.101562 0.416667 0.107813 0.412500 0.101562 0.352083 0.120313 0.331250 0.140625 0.325000 0.134375 0.300000 0.137500 0.262500 0.110937 0.237500 0.125000 0.214583 0.146875 0.210417
8 0.060937 0.000000 0.201563 0.177083 0.115625 0.177083 0.218750 0.206250 0.350000 0.331250 0.329688 0.495833 0.417187 0.491667 0.468750 0.447917 0.475000 0.356250 0.509375 0.381250 0.468750 0.187500 0.442188 0.210417 0.464062 0.106250 0.393750 0.056250 0.328125 0.150000 0.287500 0.122917 0.303125 0.000000
9 0.381250 0.502083 0.500000 0.491667 0.484375 0.520833 0.689063 0.997917 0.998437 0.997917 0.998437 0.591667 0.603125 0.452083 0.526563 0.493750 0.526563 0.410417 0.506250 0.516667 0.506250 0.431250 0.481250 0.483333 0.479687 0.441667
10 0.289062 0.122917 0.348438 0.141667 0.393750 0.054167 0.434375 0.060417 0.465625 0.106250 0.443750 0.210417 0.467187 0.183333 0.462500 0.262500 0.559375 0.372917 0.701562 0.158333 0.864062 0.000000 0.304688 0.000000
11 0.285938 0.370833 0.275000 0.379167 0.262500 0.422917 0.265625 0.450000 0.273438 0.458333 0.275000 0.514583 0.282813 0.512500 0.282813 0.489583 0.296875 0.470833 0.303125 0.470833 0.301563 0.414583 0.295312 0.385417
18 0.000000 0.404167 0.000000 0.593750 0.084375 0.554167 0.092188 0.454167 0.095312 0.533333 0.120313 0.558333 0.225000 0.508333 0.301563 0.566667 0.331250 0.485417 0.303125 0.431250 0.275000 0.516667 0.260937 0.427083 0.215625 0.464583 0.226562 0.395833 0.209375 0.385417 0.196875 0.416667 0.092188 0.422917 0.060937 0.358333 0.053125 0.395833