0 0.904687 0.466667 0.003125 0.558333 0.000000 0.997917 0.668750 0.997917 0.665625 0.683333 0.721875 0.614583 0.904687 0.552083
0 0.998437 0.406250 0.937500 0.408333 0.921875 0.416667 0.923438 0.429167 0.940625 0.431250 0.950000 0.445833 0.918750 0.464583 0.918750 0.547917 0.970313 0.543750 0.998437 0.531250
2 0.723437 0.314583 0.721875 0.314583 0.720313 0.325000 0.715625 0.333333 0.712500 0.333333 0.707812 0.337500 0.703125 0.337500 0.703125 0.343750 0.698438 0.350000 0.695312 0.360417 0.704688 0.360417 0.707812 0.354167 0.723437 0.350000 0.723437 0.341667 0.725000 0.339583
2 0.631250 0.310417 0.632812 0.320833 0.626563 0.331250 0.628125 0.366667 0.645312 0.362500 0.645312 0.339583 0.654687 0.316667 0.660937 0.333333 0.662500 0.362500 0.689063 0.360417 0.681250 0.341667 0.679688 0.312500
2 0.751563 0.287500 0.728125 0.295833 0.729688 0.312500 0.728125 0.345833 0.729688 0.347917 0.759375 0.339583 0.748437 0.318750 0.748437 0.295833 0.751563 0.293750
2 0.276562 0.285417 0.273438 0.289583 0.276562 0.320833 0.276562 0.360417 0.279687 0.362500 0.279687 0.381250 0.285938 0.383333 0.290625 0.375000 0.290625 0.366667 0.281250 0.327083 0.279687 0.295833
2 0.901563 0.237500 0.867188 0.241667 0.796875 0.270833 0.815625 0.285417 0.818750 0.318750 0.862500 0.306250 0.835938 0.310417 0.828125 0.293750 0.839063 0.279167 0.871875 0.266667 0.900000 0.266667
2 0.323437 0.191667 0.325000 0.212500 0.334375 0.218750 0.323437 0.233333 0.331250 0.239583 0.323437 0.252083 0.326562 0.339583 0.342187 0.375000 0.342187 0.256250 0.357812 0.279167 0.356250 0.343750 0.371875 0.377083 0.403125 0.327083 0.360938 0.239583
3 0.900000 0.300000 0.732812 0.347917 0.729688 0.364583 0.826562 0.397917 0.879687 0.406250 0.887500 0.368750 0.900000 0.347917
3 0.993750 0.268750 0.921875 0.289583 0.920312 0.366667 0.925000 0.404167 0.960938 0.397917 0.998437 0.402083
4 0.900000 0.268750 0.898438 0.264583 0.878125 0.270833 0.871875 0.268750 0.864062 0.275000 0.839063 0.281250 0.829688 0.293750 0.835938 0.308333 0.892188 0.297917 0.893750 0.293750 0.898438 0.293750
4 0.998437 0.233333 0.942187 0.270833 0.928125 0.258333 0.921875 0.266667 0.921875 0.285417 0.993750 0.266667 0.998437 0.329167
5 0.310937 0.212500 0.303125 0.222917 0.312500 0.233333 0.321875 0.443750 0.315625 0.466667 0.320312 0.502083 0.329688 0.510417 0.321875 0.252083 0.329688 0.239583 0.321875 0.233333 0.332813 0.218750
5 0.923438 0.193750 0.912500 0.210417 0.909375 0.254167 0.901563 0.233333 0.898438 0.425000 0.907813 0.427083 0.909375 0.554167 0.917188 0.550000
7 0.912500 0.220833 0.910937 0.216667 0.881250 0.220833 0.878125 0.222917 0.878125 0.235417 0.881250 0.235417 0.882812 0.233333 0.890625 0.233333 0.892188 0.231250 0.910937 0.231250
7 0.942187 0.000000 0.925000 0.002083 0.896875 0.047917 0.895312 0.120833 0.909375 0.118750 0.898438 0.185417 0.909375 0.210417 0.926562 0.160417 0.923438 0.127083 0.912500 0.112500 0.928125 0.100000 0.943750 0.068750
8 0.654687 0.318750 0.651563 0.322917 0.651563 0.331250 0.648438 0.333333 0.648438 0.337500 0.646875 0.339583 0.646875 0.345833 0.648438 0.347917 0.646875 0.352083 0.646875 0.362500 0.660937 0.362500 0.660937 0.352083 0.659375 0.350000 0.659375 0.333333 0.657813 0.331250 0.657813 0.325000
8 0.687500 0.268750 0.689063 0.283333 0.687500 0.293750 0.682813 0.300000 0.682813 0.341667 0.693750 0.362500 0.701562 0.343750 0.707812 0.295833 0.706250 0.293750 0.700000 0.302083 0.696875 0.297917 0.696875 0.270833
8 0.629687 0.304167 0.603125 0.266667 0.576562 0.341667 0.556250 0.327083 0.540625 0.243750 0.479687 0.252083 0.426563 0.341667 0.396875 0.302083 0.401562 0.335417 0.367188 0.379167 0.340625 0.258333 0.345313 0.370833 0.326562 0.341667 0.328125 0.393750 0.623437 0.366667
8 0.787500 0.231250 0.779687 0.239583 0.768750 0.237500 0.768750 0.264583 0.759375 0.281250 0.751563 0.285417 0.750000 0.318750 0.759375 0.335417 0.782813 0.335417 0.818750 0.316667 0.814063 0.285417 0.796875 0.275000 0.796875 0.254167
8 0.981250 0.070833 0.971875 0.081250 0.960938 0.070833 0.948438 0.083333 0.928125 0.147917 0.921875 0.247917 0.940625 0.268750 0.998437 0.231250 0.996875 0.110417 0.975000 0.131250
8 0.000000 0.000000 0.000000 0.558333 0.185938 0.506250 0.218750 0.456250 0.314063 0.422917 0.301563 0.216667 0.323437 0.189583 0.354687 0.214583 0.360938 0.172917 0.321875 0.052083 0.250000 0.025000 0.198437 0.079167 0.123438 0.000000
9 0.998437 0.533333 0.798438 0.577083 0.679688 0.660417 0.646875 0.760417 0.670312 0.997917 0.998437 0.997917
9 0.918750 0.427083 0.918750 0.460417 0.935937 0.454167 0.948438 0.445833 0.948438 0.439583 0.940625 0.433333 0.929688 0.431250 0.928125 0.429167 0.923438 0.431250 0.921875 0.427083
9 0.906250 0.427083 0.704688 0.362500 0.342187 0.389583 0.329688 0.512500 0.318750 0.414583 0.037500 0.554167 0.875000 0.470833
10 0.998437 0.000000 0.943750 0.000000 0.945312 0.068750 0.925000 0.104167 0.926562 0.145833 0.937500 0.102083 0.960938 0.068750 0.965625 0.079167 0.976562 0.068750 0.985938 0.072917 0.978125 0.133333 0.992188 0.106250 0.998437 0.112500
10 0.125000 0.000000 0.179688 0.072917 0.250000 0.022917 0.321875 0.050000 0.350000 0.220833 0.425000 0.339583 0.479687 0.250000 0.540625 0.241667 0.559375 0.329167 0.606250 0.262500 0.682813 0.316667 0.693750 0.266667 0.707812 0.335417 0.768750 0.235417 0.907813 0.214583 0.912500 0.000000
11 0.898438 0.358333 0.895312 0.358333 0.892188 0.362500 0.887500 0.375000 0.885938 0.414583 0.890625 0.418750 0.896875 0.418750 0.896875 0.377083 0.898438 0.375000