0 0.998437 0.247917 0.654687 0.362500 0.646875 0.437500 0.007812 0.775000 0.000000 0.997917 0.998437 0.997917
1 0.620313 0.389583 0.618750 0.372917 0.607812 0.372917 0.600000 0.377083 0.581250 0.379167 0.579688 0.381250 0.595313 0.383333 0.596875 0.387500 0.601562 0.385417 0.603125 0.387500
2 0.284375 0.352083 0.284375 0.360417 0.289062 0.370833 0.309375 0.370833 0.320312 0.364583 0.334375 0.366667 0.335938 0.362500 0.350000 0.362500 0.345313 0.337500 0.292187 0.337500
2 0.423438 0.295833 0.414062 0.295833 0.401562 0.306250 0.403125 0.318750 0.404687 0.314583 0.407813 0.329167 0.404687 0.331250 0.404687 0.350000 0.398438 0.352083 0.415625 0.352083 0.428125 0.345833 0.423438 0.341667 0.417187 0.318750 0.418750 0.304167
2 0.903125 0.231250 0.878125 0.237500 0.876563 0.233333 0.867188 0.233333 0.864062 0.239583 0.859375 0.241667 0.857812 0.239583 0.854688 0.243750 0.854688 0.254167 0.860938 0.258333 0.857812 0.272917 0.860938 0.272917 0.875000 0.254167 0.900000 0.243750
2 0.592187 0.245833 0.578125 0.250000 0.562500 0.227083 0.470313 0.264583 0.462500 0.275000 0.475000 0.281250 0.478125 0.316667 0.560937 0.272917
2 0.998437 0.160417 0.990625 0.158333 0.981250 0.166667 0.985938 0.175000 0.992188 0.177083 0.990625 0.179167 0.995313 0.191667 0.995313 0.197917 0.990625 0.202083 0.987500 0.214583 0.979688 0.225000 0.998437 0.212500
2 0.960938 0.129167 0.835938 0.129167 0.631250 0.197917 0.612500 0.225000 0.618750 0.237500 0.689063 0.212500 0.720313 0.252083 0.751563 0.237500 0.756250 0.210417 0.762500 0.237500 0.889062 0.206250 0.893750 0.143750 0.957812 0.152083 0.945312 0.143750
3 0.606250 0.239583 0.425000 0.352083 0.540625 0.372917 0.540625 0.345833 0.565625 0.320833 0.581250 0.358333 0.578125 0.379167 0.617188 0.370833
3 0.826562 0.158333 0.818750 0.156250 0.817187 0.160417 0.810937 0.160417 0.792188 0.181250 0.789062 0.195833 0.790625 0.214583 0.812500 0.214583 0.820312 0.200000 0.834375 0.195833 0.834375 0.191667 0.840625 0.183333 0.835938 0.179167 0.834375 0.181250 0.829688 0.175000 0.831250 0.170833 0.825000 0.166667
3 0.989062 0.158333 0.901563 0.141667 0.889062 0.208333 0.762500 0.239583 0.756250 0.212500 0.751563 0.239583 0.720313 0.254167 0.689063 0.214583 0.625000 0.233333 0.625000 0.366667 0.826562 0.316667 0.867188 0.231250 0.978125 0.225000
5 0.601562 0.156250 0.625000 0.395833 0.607812 0.166667
7 0.578125 0.139583 0.578125 0.154167 0.579688 0.156250 0.587500 0.156250 0.589063 0.154167 0.620313 0.154167 0.621875 0.156250 0.625000 0.154167 0.625000 0.141667 0.617188 0.137500 0.615625 0.139583 0.600000 0.139583 0.598437 0.137500
8 0.350000 0.281250 0.353125 0.295833 0.351562 0.310417 0.346875 0.316667 0.345313 0.335417 0.350000 0.352083 0.354687 0.358333 0.351562 0.362500 0.373437 0.358333 0.371875 0.310417 0.370312 0.308333 0.364063 0.314583 0.357812 0.297917 0.357812 0.281250
8 0.290625 0.335417 0.245312 0.277083 0.242188 0.360417 0.221875 0.372917 0.165625 0.270833 0.068750 0.287500 0.053125 0.306250 0.059375 0.333333 0.015625 0.345833 0.000000 0.431250 0.285938 0.372917
8 0.445312 0.229167 0.439063 0.237500 0.428125 0.237500 0.429688 0.266667 0.425000 0.270833 0.428125 0.285417 0.414062 0.283333 0.415625 0.293750 0.425000 0.295833 0.418750 0.310417 0.425000 0.341667 0.454688 0.331250 0.478125 0.314583 0.473438 0.281250 0.460938 0.275000 0.465625 0.268750 0.456250 0.262500
8 0.998437 0.214583 0.975000 0.229167 0.921875 0.233333 0.873437 0.258333 0.882812 0.258333 0.898438 0.283333 0.859375 0.295833 0.853125 0.277083 0.843750 0.279167 0.840625 0.312500 0.998437 0.245833
8 0.620313 0.156250 0.607812 0.156250 0.607812 0.164583 0.609375 0.166667 0.607812 0.177083 0.610938 0.187500 0.609375 0.197917 0.612500 0.214583 0.618750 0.206250 0.617188 0.195833 0.618750 0.189583 0.623437 0.183333 0.623437 0.166667 0.626563 0.164583
8 0.960938 0.070833 0.964063 0.087500 0.957812 0.106250 0.960938 0.112500 0.959375 0.127083 0.962500 0.129167 0.946875 0.143750 0.959375 0.147917 0.959375 0.152083 0.998437 0.158333 0.998437 0.100000 0.995313 0.102083 0.973437 0.077083
8 0.590625 0.064583 0.584375 0.077083 0.576562 0.066667 0.567187 0.079167 0.562500 0.131250 0.550000 0.125000 0.553125 0.154167 0.545312 0.168750 0.554688 0.216667 0.578125 0.247917 0.603125 0.235417 0.600000 0.156250 0.579688 0.158333 0.576562 0.139583 0.615625 0.137500 0.618750 0.112500 0.612500 0.118750 0.604688 0.100000 0.592187 0.127083
8 0.821875 0.010417 0.832812 0.043750 0.812500 0.041667 0.807813 0.075000 0.817187 0.093750 0.806250 0.114583 0.809375 0.139583 0.835938 0.127083 0.909375 0.137500 0.923438 0.116667 0.910937 0.116667 0.921875 0.043750 0.912500 0.045833 0.920312 0.004167 0.909375 0.014583 0.909375 0.000000 0.898438 0.010417 0.895312 0.000000 0.832812 0.000000
9 0.670312 0.400000 0.417187 0.352083 0.003125 0.431250 0.000000 0.779167
9 0.853125 0.281250 0.859375 0.293750 0.860938 0.291667 0.862500 0.293750 0.879687 0.293750 0.890625 0.287500 0.893750 0.283333 0.896875 0.283333 0.896875 0.279167 0.893750 0.279167 0.882812 0.260417 0.870313 0.260417 0.860938 0.275000 0.854688 0.275000
10 0.909375 0.002083 0.909375 0.012500 0.915625 0.000000 0.921875 0.004167 0.914062 0.045833 0.925000 0.045833 0.912500 0.093750 0.912500 0.116667 0.925000 0.114583 0.915625 0.137500 0.957812 0.127083 0.960938 0.068750 0.998437 0.097917 0.998437 0.000000
10 0.000000 0.381250 0.151562 0.264583 0.221875 0.370833 0.245312 0.275000 0.312500 0.337500 0.357812 0.279167 0.376563 0.356250 0.428125 0.235417 0.560937 0.225000 0.576562 0.064583 0.621875 0.202083 0.807813 0.139583 0.831250 0.000000 0.000000 0.000000
11 0.560937 0.322917 0.556250 0.339583 0.551562 0.335417 0.545312 0.339583 0.539062 0.364583 0.545312 0.372917 0.556250 0.372917 0.557813 0.377083 0.568750 0.375000 0.576562 0.379167 0.576562 0.368750 0.579688 0.364583 0.579688 0.358333 0.576562 0.354167 0.575000 0.343750 0.568750 0.335417 0.567187 0.325000