0 0.998437 0.212500 0.551562 0.383333 0.600000 0.416667 0.000000 0.837500 0.000000 0.997917 0.998437 0.997917
1 0.545312 0.404167 0.543750 0.385417 0.539062 0.385417 0.521875 0.393750 0.503125 0.395833 0.521875 0.404167 0.532813 0.402083 0.534375 0.400000 0.540625 0.400000 0.542188 0.402083 0.543750 0.400000
2 0.307812 0.331250 0.309375 0.339583 0.312500 0.341667 0.310937 0.347917 0.314063 0.352083 0.312500 0.356250 0.310937 0.354167 0.312500 0.372917 0.309375 0.377083 0.312500 0.372917 0.320312 0.375000 0.332813 0.370833 0.332813 0.362500 0.329688 0.360417 0.329688 0.356250 0.321875 0.339583 0.320312 0.327083 0.312500 0.327083
2 0.498437 0.270833 0.475000 0.245833 0.390625 0.281250 0.382812 0.293750 0.392188 0.302083 0.390625 0.325000 0.400000 0.331250 0.479687 0.287500
2 0.684375 0.166667 0.589063 0.197917 0.534375 0.225000 0.562500 0.237500 0.604688 0.216667 0.634375 0.210417
2 0.896875 0.164583 0.893750 0.164583 0.890625 0.168750 0.885938 0.168750 0.884375 0.170833 0.882812 0.170833 0.881250 0.166667 0.879687 0.170833 0.873437 0.175000 0.873437 0.179167 0.875000 0.181250 0.873437 0.189583 0.876563 0.200000 0.881250 0.193750 0.895312 0.181250 0.895312 0.177083 0.896875 0.175000
3 0.529687 0.262500 0.523438 0.254167 0.329688 0.372917 0.456250 0.391667 0.454688 0.366667 0.481250 0.337500 0.496875 0.393750 0.542188 0.383333
3 0.873437 0.181250 0.745313 0.139583 0.634375 0.212500 0.534375 0.250000 0.548438 0.377083 0.746875 0.318750 0.748437 0.291667 0.773438 0.266667 0.864062 0.231250
5 0.517188 0.160417 0.551562 0.412500 0.523438 0.170833
7 0.493750 0.143750 0.495312 0.158333 0.521875 0.158333 0.523438 0.160417 0.525000 0.158333 0.542188 0.158333 0.542188 0.143750 0.540625 0.141667 0.500000 0.137500
8 0.250000 0.304167 0.250000 0.310417 0.256250 0.320833 0.253125 0.322917 0.254688 0.335417 0.250000 0.343750 0.248438 0.360417 0.254688 0.387500 0.278125 0.383333 0.281250 0.368750 0.279687 0.341667 0.276562 0.333333 0.268750 0.341667 0.262500 0.322917 0.260937 0.306250
8 0.126562 0.300000 0.125000 0.312500 0.131250 0.331250 0.120313 0.329167 0.118750 0.335417 0.128125 0.360417 0.128125 0.370833 0.121875 0.377083 0.128125 0.391667 0.120313 0.408333 0.187500 0.402083 0.178125 0.393750 0.178125 0.379167 0.185938 0.368750 0.176563 0.360417 0.168750 0.333333 0.157812 0.320833 0.143750 0.329167 0.139063 0.312500
8 0.000000 0.306250 0.000000 0.437500 0.046875 0.425000 0.095312 0.422917 0.107813 0.414583 0.096875 0.391667 0.081250 0.383333 0.076563 0.368750 0.053125 0.345833 0.037500 0.318750 0.034375 0.300000 0.014063 0.295833
8 0.356250 0.245833 0.342187 0.258333 0.335938 0.254167 0.337500 0.304167 0.334375 0.308333 0.323437 0.302083 0.325000 0.314583 0.318750 0.322917 0.334375 0.366667 0.393750 0.335417 0.389062 0.325000 0.390625 0.302083 0.381250 0.287500 0.367188 0.281250
8 0.525000 0.160417 0.523438 0.168750 0.525000 0.170833 0.526563 0.195833 0.528125 0.197917 0.526563 0.208333 0.529687 0.210417 0.531250 0.225000 0.531250 0.208333 0.535937 0.204167 0.539062 0.179167 0.535937 0.175000 0.535937 0.160417
8 0.998437 0.145833 0.984375 0.191667 0.964063 0.204167 0.951562 0.200000 0.928125 0.145833 0.906250 0.152083 0.864062 0.233333 0.781250 0.264583 0.801562 0.262500 0.818750 0.283333 0.867188 0.254167 0.998437 0.210417
8 0.831250 0.102083 0.835938 0.112500 0.834375 0.122917 0.829688 0.127083 0.832812 0.145833 0.828125 0.154167 0.821875 0.156250 0.831250 0.164583 0.865625 0.177083 0.879687 0.168750 0.884375 0.154167 0.884375 0.145833 0.878125 0.143750 0.879687 0.127083 0.871875 0.122917 0.862500 0.127083 0.854688 0.114583 0.851562 0.116667 0.843750 0.112500 0.840625 0.104167
8 0.500000 0.077083 0.495312 0.087500 0.479687 0.083333 0.475000 0.143750 0.460938 0.139583 0.465625 0.168750 0.459375 0.168750 0.464062 0.220833 0.495312 0.264583 0.512500 0.252083 0.523438 0.225000 0.515625 0.160417 0.495312 0.160417 0.492188 0.143750 0.500000 0.135417 0.529687 0.137500 0.520312 0.112500 0.506250 0.127083
8 0.732812 0.000000 0.726562 0.031250 0.717187 0.035417 0.728125 0.062500 0.720313 0.072917 0.710938 0.060417 0.706250 0.083333 0.715625 0.108333 0.709375 0.158333 0.745313 0.137500 0.798438 0.152083 0.795312 0.120833 0.809375 0.070833 0.798438 0.062500 0.803125 0.031250 0.792188 0.041667 0.789062 0.020833 0.779687 0.033333 0.782813 0.000000 0.775000 0.018750 0.767188 0.000000
9 0.598437 0.416667 0.312500 0.375000 0.000000 0.439583 0.000000 0.835417
9 0.817187 0.281250 0.814063 0.275000 0.807813 0.275000 0.801562 0.264583 0.779687 0.264583 0.773438 0.268750 0.771875 0.277083 0.764062 0.281250 0.759375 0.289583 0.750000 0.291667 0.746875 0.300000 0.748437 0.316667 0.784375 0.306250
10 0.784375 0.000000 0.781250 0.033333 0.801562 0.027083 0.810937 0.070833 0.800000 0.152083 0.828125 0.152083 0.834375 0.100000 0.881250 0.127083 0.882812 0.168750 0.928125 0.143750 0.953125 0.200000 0.982812 0.191667 0.998437 0.143750 0.998437 0.000000
10 0.000000 0.304167 0.104688 0.410417 0.126562 0.297917 0.193750 0.368750 0.248438 0.366667 0.260937 0.304167 0.285938 0.381250 0.335938 0.252083 0.478125 0.243750 0.482812 0.079167 0.543750 0.143750 0.532813 0.220833 0.707812 0.158333 0.731250 0.000000 0.000000 0.000000
11 0.476562 0.339583 0.476562 0.350000 0.470313 0.362500 0.465625 0.356250 0.459375 0.360417 0.456250 0.366667 0.456250 0.385417 0.460938 0.391667 0.495312 0.391667 0.495312 0.379167 0.490625 0.364583 0.482812 0.350000 0.481250 0.339583
13 0.179688 0.379167 0.179688 0.393750 0.182812 0.397917 0.195312 0.400000 0.215625 0.391667 0.253125 0.387500 0.250000 0.368750 0.187500 0.368750