0 0.000000 0.570833 0.000000 0.997917 0.998437 0.997917 0.340625 0.458333 0.253125 0.462500 0.246875 0.385417 0.182812 0.354167
2 0.250000 0.320833 0.254688 0.320833 0.259375 0.331250 0.260937 0.320833 0.282813 0.320833 0.287500 0.302083 0.296875 0.293750 0.298438 0.285417 0.306250 0.275000 0.295312 0.270833 0.285938 0.279167 0.271875 0.281250 0.257812 0.270833 0.248438 0.281250
3 0.209375 0.352083 0.235937 0.372917 0.237500 0.377083 0.243750 0.379167 0.243750 0.358333 0.242188 0.358333 0.240625 0.354167 0.225000 0.352083 0.223438 0.347917 0.220312 0.345833 0.217188 0.347917 0.210938 0.347917
3 0.312500 0.329167 0.360938 0.477083 0.998437 0.975000 0.996875 0.514583 0.792188 0.466667 0.707812 0.387500 0.700000 0.289583
4 0.998437 0.514583 0.810937 0.429167 0.832812 0.337500 0.895312 0.335417 0.914062 0.379167 0.975000 0.383333 0.998437 0.360417 0.998437 0.279167 0.714063 0.302083 0.707812 0.372917 0.775000 0.418750 0.792188 0.464583 0.832812 0.464583 0.878125 0.506250
5 0.173437 0.000000 0.148438 0.000000 0.156250 0.029167 0.096875 0.350000 0.160938 0.025000 0.184375 0.020833
8 0.421875 0.179167 0.404687 0.187500 0.393750 0.170833 0.384375 0.229167 0.375000 0.216667 0.371875 0.239583 0.353125 0.222917 0.345313 0.237500 0.332813 0.216667 0.326562 0.247917 0.289062 0.302083 0.279687 0.345833 0.287500 0.350000 0.303125 0.314583 0.318750 0.329167 0.343750 0.314583 0.354687 0.325000 0.445312 0.314583 0.442188 0.260417 0.428125 0.264583
8 0.151562 0.089583 0.112500 0.297917 0.179688 0.337500 0.225000 0.345833 0.248438 0.318750 0.248438 0.285417 0.239063 0.281250 0.232813 0.233333 0.217188 0.241667 0.209375 0.231250 0.226562 0.208333 0.212500 0.118750 0.198437 0.100000 0.173437 0.112500
8 0.125000 0.029167 0.114062 0.064583 0.101562 0.054167 0.092188 0.095833 0.045312 0.068750 0.000000 0.091667 0.000000 0.227083 0.100000 0.291667 0.142187 0.089583
8 0.596875 0.000000 0.551562 0.164583 0.587500 0.300000 0.693750 0.289583 0.693750 0.247917 0.735938 0.206250 0.737500 0.120833 0.720313 0.116667 0.751563 0.066667 0.715625 0.077083 0.740625 0.010417 0.701562 0.062500 0.714063 0.000000 0.631250 0.000000 0.610938 0.045833
9 0.315625 0.418750 0.315625 0.425000 0.310937 0.433333 0.310937 0.437500 0.325000 0.445833 0.335938 0.456250 0.340625 0.456250 0.346875 0.464583 0.343750 0.456250 0.345313 0.441667 0.340625 0.427083 0.334375 0.420833
9 0.000000 0.568750 0.051562 0.518750 0.164062 0.350000 0.235937 0.375000 0.112500 0.300000 0.096875 0.352083 0.098437 0.291667 0.000000 0.229167
10 0.809375 0.389583 0.806250 0.400000 0.803125 0.404167 0.793750 0.406250 0.787500 0.410417 0.782813 0.410417 0.779687 0.412500 0.779687 0.414583 0.785937 0.414583 0.787500 0.418750 0.795312 0.418750 0.804688 0.425000 0.809375 0.412500 0.809375 0.400000 0.810937 0.397917
10 0.832812 0.339583 0.812500 0.429167 0.998437 0.512500 0.998437 0.362500 0.984375 0.364583 0.975000 0.385417 0.935937 0.389583 0.909375 0.377083 0.912500 0.343750 0.887500 0.337500 0.867188 0.356250
10 0.712500 0.004167 0.701562 0.060417 0.739062 0.006250 0.717187 0.079167 0.753125 0.070833 0.721875 0.116667 0.739062 0.120833 0.721875 0.202083 0.737500 0.206250 0.695312 0.247917 0.696875 0.287500 0.998437 0.272917 0.998437 0.000000
10 0.629687 0.000000 0.603125 0.000000 0.603125 0.006250 0.609375 0.010417 0.609375 0.039583 0.610938 0.043750 0.618750 0.033333 0.621875 0.033333 0.621875 0.031250 0.626563 0.027083 0.626563 0.014583 0.629687 0.006250
10 0.162500 0.025000 0.151562 0.087500 0.214062 0.118750 0.210938 0.231250 0.234375 0.233333 0.240625 0.281250 0.309375 0.272917 0.332813 0.214583 0.371875 0.237500 0.396875 0.168750 0.423438 0.179167 0.446875 0.314583 0.585938 0.300000 0.550000 0.164583 0.595313 0.000000 0.175000 0.000000 0.185938 0.020833
10 0.000000 0.000000 0.000000 0.089583 0.045312 0.066667 0.092188 0.093750 0.093750 0.066667 0.101562 0.052083 0.114062 0.062500 0.125000 0.027083 0.145313 0.081250 0.156250 0.016667 0.146875 0.000000
11 0.307812 0.316667 0.292187 0.333333 0.287500 0.352083 0.278125 0.345833 0.281250 0.320833 0.260937 0.322917 0.259375 0.333333 0.242188 0.320833 0.225000 0.347917 0.245312 0.358333 0.253125 0.395833 0.251563 0.458333 0.262500 0.462500 0.265625 0.454167 0.276562 0.475000 0.287500 0.464583 0.306250 0.475000 0.318750 0.402083