0 0.000000 0.589583 0.000000 0.997917 0.998437 0.997917 0.998437 0.916667 0.303125 0.504167 0.254688 0.591667 0.223438 0.479167
2 0.325000 0.356250 0.315625 0.362500 0.307812 0.375000 0.289062 0.372917 0.276562 0.393750 0.281250 0.414583 0.295312 0.443750 0.301563 0.435417 0.309375 0.435417 0.314063 0.389583 0.321875 0.377083
3 0.998437 0.000000 0.918750 0.010417 0.323437 0.408333 0.314063 0.481250 0.495312 0.539583 0.623437 0.652083 0.704688 0.625000 0.784375 0.722917 0.810937 0.695833 0.998437 0.835417 0.998437 0.327083 0.968750 0.314583 0.998437 0.297917
4 0.970313 0.310417 0.970313 0.314583 0.971875 0.314583 0.973437 0.318750 0.981250 0.318750 0.989062 0.325000 0.998437 0.325000 0.998437 0.300000 0.987500 0.300000 0.981250 0.304167 0.975000 0.304167 0.971875 0.306250
5 0.020313 0.006250 0.042188 0.085417 0.009375 0.525000 0.046875 0.087500 0.057813 0.054167 0.081250 0.050000
8 0.000000 0.279167 0.000000 0.414583 0.012500 0.418750 0.020313 0.322917 0.015625 0.322917 0.004687 0.308333 0.009375 0.297917 0.006250 0.281250
8 0.425000 0.187500 0.404687 0.202083 0.390625 0.189583 0.392188 0.268750 0.376563 0.250000 0.376563 0.279167 0.354687 0.264583 0.343750 0.279167 0.310937 0.435417 0.296875 0.445833 0.303125 0.475000 0.315625 0.412500 0.462500 0.314583 0.459375 0.272917 0.442188 0.283333
8 0.101562 0.158333 0.076563 0.206250 0.084375 0.245833 0.048438 0.252083 0.026562 0.422917 0.165625 0.456250 0.179688 0.356250 0.176563 0.454167 0.182812 0.435417 0.214062 0.464583 0.246875 0.450000 0.275000 0.389583 0.228125 0.239583 0.118750 0.212500
8 0.584375 0.056250 0.645312 0.195833 0.803125 0.091667 0.862500 0.004167 0.592187 0.000000
9 0.303125 0.477083 0.304688 0.506250 0.998437 0.914583 0.996875 0.835417 0.810937 0.697917 0.784375 0.725000 0.704688 0.627083 0.623437 0.654167 0.495312 0.541667
9 0.000000 0.587500 0.146875 0.497917 0.228125 0.466667 0.026562 0.425000 0.018750 0.522917 0.009375 0.527083 0.012500 0.422917 0.000000 0.416667
10 0.935937 0.000000 0.862500 0.000000 0.859375 0.022917 0.840625 0.045833 0.815625 0.062500 0.804688 0.089583
10 0.000000 0.000000 0.015625 0.320833 0.018750 0.004167 0.082812 0.050000 0.034375 0.293750 0.103125 0.156250 0.118750 0.210417 0.229687 0.239583 0.276562 0.391667 0.392188 0.266667 0.390625 0.187500 0.464062 0.314583 0.639062 0.197917 0.590625 0.000000
11 0.275000 0.395833 0.259375 0.410417 0.248438 0.450000 0.229687 0.462500 0.217188 0.508333 0.228125 0.550000 0.226562 0.572917 0.240625 0.579167 0.243750 0.568750 0.245312 0.589583 0.275000 0.579167 0.279687 0.550000 0.289062 0.552083 0.292187 0.568750 0.293750 0.487500 0.301563 0.464583
13 0.179688 0.441667 0.179688 0.454167 0.192188 0.454167 0.193750 0.456250 0.206250 0.456250 0.207813 0.454167 0.207813 0.443750 0.206250 0.441667 0.201563 0.441667 0.200000 0.439583 0.190625 0.439583 0.189062 0.437500 0.182812 0.437500