0 0.015625 0.293750 0.073438 0.502083 0.000000 0.716667 0.000000 0.997917 0.998437 0.997917 0.996875 0.897917
2 0.210938 0.275000 0.210938 0.277083 0.223438 0.277083 0.225000 0.279167 0.248438 0.279167 0.246875 0.270833 0.242188 0.266667 0.231250 0.250000 0.226562 0.250000 0.225000 0.247917 0.221875 0.254167 0.221875 0.262500 0.218750 0.266667 0.217188 0.264583
2 0.176563 0.212500 0.160938 0.202083 0.135937 0.212500 0.109375 0.197917 0.098437 0.204167 0.109375 0.227083 0.103125 0.250000 0.110937 0.250000 0.117188 0.260417 0.114062 0.297917 0.106250 0.314583 0.101562 0.312500 0.101562 0.322917 0.121875 0.297917 0.139063 0.289583 0.139063 0.275000 0.151562 0.258333 0.153125 0.239583
3 0.170313 0.281250 0.168750 0.362500 0.210938 0.356250 0.225000 0.408333 0.998437 0.897917 0.998437 0.545833 0.606250 0.441667 0.560937 0.402083 0.543750 0.289583
4 0.546875 0.302083 0.562500 0.402083 0.606250 0.439583 0.846875 0.483333 0.998437 0.543750 0.998437 0.314583
4 0.021875 0.272917 0.026562 0.283333 0.040625 0.287500 0.045312 0.293750 0.051562 0.293750 0.071875 0.308333 0.089063 0.314583 0.090625 0.318750 0.103125 0.320833 0.100000 0.314583 0.101562 0.310417 0.096875 0.306250 0.095312 0.291667 0.090625 0.287500 0.053125 0.281250 0.029687 0.268750 0.023438 0.268750
5 0.048438 0.000000 0.042188 0.004167 0.010937 0.172917 0.000000 0.197917 0.000000 0.268750
8 0.998437 0.185417 0.990625 0.185417 0.984375 0.216667 0.998437 0.231250 0.990625 0.262500 0.984375 0.262500 0.982812 0.243750 0.959375 0.258333 0.953125 0.233333 0.945312 0.291667 0.932813 0.279167 0.918750 0.281250 0.917188 0.308333 0.998437 0.312500
8 0.310937 0.139583 0.281250 0.129167 0.276562 0.183333 0.264062 0.170833 0.256250 0.195833 0.235937 0.177083 0.221875 0.222917 0.215625 0.166667 0.104688 0.325000 0.167187 0.368750 0.168750 0.281250 0.207813 0.279167 0.226562 0.241667 0.257812 0.283333 0.332813 0.281250
8 0.042188 0.054167 0.003125 0.264583 0.076563 0.283333 0.106250 0.243750 0.107813 0.227083 0.087500 0.197917 0.084375 0.160417 0.065625 0.177083 0.045312 0.152083 0.064062 0.122917 0.054688 0.072917
8 0.568750 0.000000 0.507812 0.000000 0.482812 0.070833 0.471875 0.025000 0.435937 0.158333 0.468750 0.287500 0.553125 0.279167 0.548438 0.247917 0.575000 0.227083 0.584375 0.170833 0.571875 0.139583 0.590625 0.102083 0.571875 0.102083 0.581250 0.054167 0.553125 0.089583 0.575000 0.018750
8 0.028125 0.000000 0.000000 0.000000 0.000000 0.195833 0.031250 0.058333 0.026562 0.064583 0.021875 0.054167 0.028125 0.035417 0.037500 0.029167
9 0.006250 0.268750 0.000000 0.714583 0.051562 0.600000 0.071875 0.502083 0.065625 0.425000 0.014063 0.293750 0.106250 0.329167
10 0.506250 0.287500 0.912500 0.310417 0.918750 0.279167 0.943750 0.291667 0.953125 0.231250 0.995313 0.245833 0.998437 0.000000 0.570312 0.000000 0.554688 0.089583 0.581250 0.052083 0.573438 0.102083 0.592187 0.102083 0.553125 0.281250
10 0.050000 0.000000 0.065625 0.122917 0.046875 0.152083 0.084375 0.158333 0.089063 0.197917 0.185938 0.214583 0.218750 0.164583 0.221875 0.220833 0.235937 0.175000 0.275000 0.183333 0.284375 0.127083 0.312500 0.139583 0.339062 0.268750 0.467187 0.287500 0.434375 0.158333 0.470313 0.025000 0.482812 0.068750 0.506250 0.000000
11 0.182812 0.345833 0.170313 0.364583 0.173437 0.368750 0.170313 0.379167 0.171875 0.418750 0.178125 0.414583 0.181250 0.422917 0.189062 0.420833 0.195312 0.429167 0.195312 0.418750 0.217188 0.395833 0.215625 0.389583 0.220312 0.379167 0.220312 0.368750 0.210938 0.358333 0.198437 0.358333
11 0.106250 0.250000 0.101562 0.252083 0.100000 0.258333 0.101562 0.266667 0.096875 0.270833 0.093750 0.285417 0.096875 0.291667 0.098437 0.306250 0.106250 0.312500 0.112500 0.297917 0.110937 0.291667 0.114062 0.289583 0.114062 0.275000 0.115625 0.272917 0.115625 0.260417 0.110937 0.252083
18 0.218750 0.397917 0.207813 0.406250 0.203125 0.414583 0.196875 0.418750 0.195312 0.425000 0.196875 0.429167 0.201563 0.429167 0.206250 0.435417 0.209375 0.435417 0.210938 0.429167 0.215625 0.422917 0.218750 0.425000 0.218750 0.431250 0.223438 0.429167 0.225000 0.410417 0.220312 0.404167