0 0.093750 0.322917 0.078125 0.491667 0.000000 0.635417 0.000000 0.997917 0.998437 0.997917 0.987500 0.927083
2 0.303125 0.291667 0.300000 0.285417 0.296875 0.285417 0.295312 0.281250 0.290625 0.277083 0.290625 0.275000 0.287500 0.275000 0.285938 0.283333 0.279687 0.291667 0.273438 0.293750 0.273438 0.300000 0.279687 0.300000 0.281250 0.297917 0.284375 0.297917 0.285938 0.300000 0.301563 0.300000
2 0.243750 0.239583 0.225000 0.233333 0.204687 0.243750 0.185938 0.231250 0.179688 0.237500 0.182812 0.281250 0.156250 0.310417 0.176563 0.314583 0.179688 0.333333 0.187500 0.322917 0.207813 0.314583 0.223438 0.266667 0.243750 0.245833
3 0.234375 0.304167 0.237500 0.350000 0.271875 0.337500 0.275000 0.422917 0.998437 0.933333 0.998437 0.537500 0.682813 0.452083 0.607812 0.293750
4 0.629687 0.302083 0.682813 0.450000 0.942187 0.508333 0.810937 0.435417 0.857812 0.420833 0.957812 0.466667 0.960938 0.502083 0.982812 0.454167 0.998437 0.508333 0.995313 0.300000
4 0.100000 0.297917 0.115625 0.314583 0.157812 0.329167 0.171875 0.345833 0.178125 0.347917 0.181250 0.341667 0.176563 0.329167 0.176563 0.316667 0.140625 0.310417 0.109375 0.293750 0.104688 0.300000
5 0.134375 0.000000 0.107813 0.004167 0.050000 0.320833 0.064062 0.279167 0.081250 0.287500 0.089063 0.204167 0.071875 0.233333 0.114062 0.004167
8 0.975000 0.452083 0.971875 0.456250 0.975000 0.464583 0.970313 0.466667 0.965625 0.458333 0.964063 0.481250 0.973437 0.497917 0.964063 0.497917 0.960938 0.512500 0.968750 0.527083 0.976562 0.533333 0.996875 0.537500 0.998437 0.510417 0.996875 0.500000 0.992188 0.495833 0.990625 0.466667 0.985938 0.458333 0.976562 0.456250
8 0.368750 0.162500 0.337500 0.147917 0.334375 0.202083 0.318750 0.191667 0.315625 0.218750 0.295312 0.195833 0.285938 0.239583 0.271875 0.183333 0.268750 0.214583 0.225000 0.266667 0.212500 0.310417 0.185938 0.327083 0.182812 0.356250 0.212500 0.377083 0.232813 0.304167 0.270313 0.300000 0.287500 0.272917 0.312500 0.304167 0.406250 0.295833 0.387500 0.277083 0.387500 0.239583 0.373437 0.243750
8 0.107813 0.043750 0.073438 0.235417 0.089063 0.202083 0.081250 0.268750 0.093750 0.293750 0.154688 0.310417 0.181250 0.281250 0.181250 0.247917 0.165625 0.195833 0.145313 0.206250 0.134375 0.193750 0.134375 0.177083 0.150000 0.164583 0.126562 0.083333 0.134375 0.064583
8 0.639062 0.000000 0.565625 0.000000 0.543750 0.066667 0.531250 0.018750 0.490625 0.170833 0.523438 0.295833 0.610938 0.293750 0.614062 0.252083 0.650000 0.214583 0.635938 0.214583 0.653125 0.183333 0.651563 0.141667 0.637500 0.135417 0.662500 0.093750 0.634375 0.097917 0.653125 0.041667 0.620313 0.072917
8 0.000000 0.000000 0.006250 0.012500 0.000000 0.029167 0.000000 0.235417 0.053125 0.270833 0.095312 0.052083 0.060937 0.018750 0.059375 0.000000
9 0.000000 0.237500 0.001563 0.633333 0.076563 0.491667 0.092188 0.322917 0.181250 0.354167 0.068750 0.281250 0.050000 0.322917 0.051562 0.270833
10 0.812500 0.431250 0.828125 0.450000 0.957812 0.512500 0.957812 0.468750 0.945312 0.472917 0.923438 0.454167 0.901563 0.452083 0.884375 0.433333 0.857812 0.422917
10 0.640625 0.000000 0.623437 0.081250 0.653125 0.039583 0.635938 0.097917 0.664062 0.095833 0.639062 0.135417 0.651563 0.214583 0.615625 0.252083 0.612500 0.295833 0.998437 0.300000 0.998437 0.000000
10 0.115625 0.004167 0.150000 0.145833 0.135937 0.193750 0.165625 0.193750 0.176563 0.237500 0.246875 0.241667 0.271875 0.181250 0.285938 0.237500 0.295312 0.193750 0.332813 0.202083 0.342187 0.145833 0.370312 0.162500 0.395313 0.289583 0.521875 0.295833 0.490625 0.154167 0.529687 0.018750 0.543750 0.064583 0.564063 0.000000
10 0.060937 0.000000 0.062500 0.018750 0.078125 0.029167 0.090625 0.050000 0.098437 0.052083 0.096875 0.050000 0.100000 0.043750 0.103125 0.020833 0.106250 0.018750 0.104688 0.014583 0.107813 0.000000
11 0.259375 0.327083 0.240625 0.352083 0.232813 0.341667 0.228125 0.343750 0.210938 0.379167 0.210938 0.412500 0.217188 0.420833 0.214062 0.435417 0.221875 0.439583 0.228125 0.422917 0.235937 0.450000 0.246875 0.450000 0.250000 0.443750 0.264062 0.450000 0.267188 0.412500 0.275000 0.397917 0.271875 0.343750