0 0.000000 0.268750 0.175000 0.566667 0.151562 0.756250 0.023438 0.997917 0.923438 0.997917 0.887500 0.791667
2 0.260937 0.237500 0.262500 0.241667 0.296875 0.247917 0.368750 0.252083 0.298438 0.222917 0.268750 0.216667 0.267188 0.212500
2 0.120313 0.212500 0.143750 0.220833 0.160938 0.220833 0.171875 0.225000 0.167187 0.214583 0.168750 0.212500 0.159375 0.200000 0.153125 0.183333 0.140625 0.181250 0.139063 0.177083 0.134375 0.191667 0.135937 0.193750 0.128125 0.200000
2 0.000000 0.110417 0.003125 0.191667 0.031250 0.216667 0.031250 0.191667 0.043750 0.181250 0.045312 0.156250 0.073438 0.137500 0.081250 0.166667 0.076563 0.191667 0.082812 0.208333 0.092188 0.210417 0.081250 0.135417 0.053125 0.112500 0.014063 0.118750
3 0.926562 0.722917 0.912500 0.766667 0.917188 0.787500 0.889062 0.791667 0.920312 0.887500 0.915625 0.966667 0.925000 0.997917 0.998437 0.997917 0.998437 0.760417
3 0.079687 0.214583 0.078125 0.283333 0.135937 0.314583 0.200000 0.270833 0.198437 0.377083 0.851562 0.770833 0.887500 0.493750 0.842187 0.539583 0.498437 0.393750 0.465625 0.279167
4 0.879687 0.433333 0.865625 0.431250 0.862500 0.437500 0.862500 0.450000 0.856250 0.458333 0.831250 0.470833 0.839063 0.485417 0.845313 0.475000 0.845313 0.466667 0.853125 0.464583 0.865625 0.454167 0.868750 0.456250 0.868750 0.475000
4 0.467187 0.308333 0.498437 0.391667 0.689063 0.450000 0.773438 0.502083 0.851562 0.445833 0.885938 0.372917 0.479687 0.285417
4 0.000000 0.195833 0.000000 0.254167 0.004687 0.256250 0.004687 0.250000 0.010937 0.227083 0.018750 0.216667 0.025000 0.216667 0.025000 0.212500 0.015625 0.206250 0.014063 0.202083 0.010937 0.202083 0.006250 0.195833
8 0.870313 0.618750 0.864062 0.650000 0.881250 0.650000 0.885938 0.691667 0.867188 0.691667 0.859375 0.675000 0.848437 0.766667 0.884375 0.789583 0.915625 0.787500 0.912500 0.756250 0.926562 0.720833 0.998437 0.756250 0.998437 0.695833 0.967187 0.645833 0.956250 0.647917 0.951562 0.622917 0.925000 0.675000 0.910937 0.612500
8 0.860938 0.160417 0.801562 0.229167 0.804688 0.279167 0.779687 0.258333 0.750000 0.320833 0.887500 0.366667 0.851562 0.447917 0.781250 0.495833 0.818750 0.487500 0.820312 0.527083 0.842187 0.537500 0.853125 0.514583 0.829688 0.470833 0.903125 0.422917 0.921875 0.377083 0.900000 0.375000 0.928125 0.325000 0.901563 0.329167 0.907813 0.260417 0.876563 0.277083 0.889062 0.225000 0.868750 0.243750
8 0.073438 0.139583 0.046875 0.156250 0.045312 0.181250 0.032813 0.191667 0.034375 0.214583 0.018750 0.218750 0.006250 0.250000 0.010937 0.264583 0.057813 0.289583 0.078125 0.287500 0.076563 0.218750 0.081250 0.208333 0.075000 0.191667 0.079687 0.166667
8 0.120313 0.077083 0.115625 0.079167 0.117188 0.102083 0.109375 0.114583 0.093750 0.118750 0.092188 0.137500 0.085938 0.139583 0.087500 0.195833 0.093750 0.210417 0.118750 0.214583 0.134375 0.193750 0.142187 0.170833 0.143750 0.145833 0.140625 0.141667 0.132812 0.150000 0.129688 0.143750 0.132812 0.093750
8 0.209375 0.072917 0.206250 0.122917 0.189062 0.114583 0.185938 0.137500 0.164062 0.114583 0.148438 0.175000 0.192188 0.245833 0.209375 0.231250 0.259375 0.239583 0.267188 0.185417 0.250000 0.175000 0.243750 0.093750 0.221875 0.091667
8 0.489063 0.008333 0.479687 0.020833 0.471875 0.000000 0.440625 0.000000 0.426563 0.056250 0.415625 0.056250 0.406250 0.027083 0.401562 0.068750 0.379688 0.097917 0.370312 0.154167 0.401562 0.266667 0.473438 0.260417 0.475000 0.233333 0.500000 0.204167 0.509375 0.112500 0.496875 0.102083 0.501563 0.070833 0.481250 0.093750 0.478125 0.079167 0.495312 0.035417
9 0.867188 0.643750 0.860938 0.666667 0.862500 0.679167 0.865625 0.681250 0.867188 0.689583 0.879687 0.691667 0.881250 0.693750 0.884375 0.691667 0.882812 0.689583 0.885938 0.679167 0.884375 0.660417 0.881250 0.658333 0.879687 0.650000 0.876563 0.645833
9 0.000000 0.297917 0.000000 0.997917 0.021875 0.997917 0.150000 0.756250 0.173437 0.566667 0.145313 0.468750
9 0.010937 0.266667 0.139063 0.339583 0.139063 0.316667 0.107813 0.295833 0.079687 0.285417 0.071875 0.291667 0.050000 0.289583
10 0.473438 0.000000 0.506250 0.175000 0.432812 0.272917 0.748437 0.333333 0.860938 0.158333 0.929688 0.318750 0.840625 0.483333 0.889062 0.493750 0.870313 0.616667 0.998437 0.693750 0.998437 0.000000
10 0.000000 0.000000 0.007812 0.114583 0.090625 0.137500 0.120313 0.075000 0.148438 0.179167 0.159375 0.118750 0.204687 0.122917 0.212500 0.070833 0.245312 0.093750 0.268750 0.214583 0.400000 0.262500 0.368750 0.150000 0.403125 0.029167 0.426563 0.054167 0.439063 0.000000
11 0.196875 0.268750 0.185938 0.277083 0.182812 0.300000 0.167187 0.308333 0.164062 0.293750 0.159375 0.297917 0.148438 0.291667 0.139063 0.322917 0.140625 0.379167 0.153125 0.379167 0.164062 0.368750 0.170313 0.391667 0.178125 0.383333 0.182812 0.391667 0.187500 0.387500 0.189062 0.368750 0.200000 0.341667 0.201563 0.289583