0 0.012500 0.302083 0.073438 0.529167 0.000000 0.735417 0.000000 0.997917 0.998437 0.997917 0.993750 0.889583
2 0.200000 0.275000 0.201563 0.277083 0.240625 0.277083 0.240625 0.268750 0.239063 0.264583 0.234375 0.264583 0.226562 0.252083 0.214062 0.245833 0.212500 0.250000 0.214062 0.256250 0.206250 0.264583 0.203125 0.264583 0.203125 0.268750
2 0.170313 0.210417 0.151562 0.197917 0.125000 0.208333 0.103125 0.195833 0.082812 0.197917 0.084375 0.208333 0.096875 0.216667 0.100000 0.235417 0.067187 0.279167 0.098437 0.287500 0.100000 0.310417 0.112500 0.293750 0.129688 0.287500 0.143750 0.237500
3 0.159375 0.281250 0.162500 0.354167 0.207813 0.347917 0.220312 0.408333 0.998437 0.891667 0.998437 0.543750 0.562500 0.422917 0.537500 0.289583
4 0.537500 0.300000 0.562500 0.420833 0.998437 0.541667 0.996875 0.314583
4 0.000000 0.262500 0.000000 0.272917 0.090625 0.318750 0.100000 0.304167 0.100000 0.291667 0.089063 0.285417 0.042188 0.279167 0.017188 0.264583 0.004687 0.268750
5 0.040625 0.000000 0.034375 0.000000 0.014063 0.120833 0.000000 0.166667 0.000000 0.222917
8 0.998437 0.164583 0.993750 0.197917 0.967187 0.191667 0.964063 0.216667 0.979688 0.239583 0.970313 0.262500 0.962500 0.260417 0.960938 0.243750 0.940625 0.258333 0.935937 0.233333 0.928125 0.291667 0.901563 0.279167 0.901563 0.310417 0.998437 0.314583
8 0.303125 0.139583 0.273438 0.125000 0.268750 0.181250 0.254688 0.170833 0.250000 0.195833 0.228125 0.175000 0.212500 0.220833 0.206250 0.162500 0.145313 0.237500 0.131250 0.287500 0.092188 0.318750 0.162500 0.366667 0.168750 0.254167 0.175000 0.275000 0.200000 0.277083 0.223438 0.237500 0.245312 0.279167 0.325000 0.279167
8 0.031250 0.058333 0.000000 0.260417 0.065625 0.279167 0.098437 0.229167 0.076563 0.193750 0.073438 0.156250 0.056250 0.172917 0.032813 0.150000 0.031250 0.137500 0.046875 0.131250 0.050000 0.112500 0.042188 0.070833
8 0.559375 0.000000 0.501563 0.000000 0.475000 0.070833 0.464062 0.025000 0.459375 0.072917 0.435937 0.104167 0.428125 0.172917 0.462500 0.287500 0.543750 0.277083 0.540625 0.243750 0.567187 0.222917 0.560937 0.204167 0.576562 0.172917 0.562500 0.139583 0.582812 0.104167 0.560937 0.102083 0.571875 0.056250 0.545312 0.089583
8 0.018750 0.000000 0.000000 0.000000 0.000000 0.170833 0.023438 0.054167 0.014063 0.043750 0.025000 0.020833
9 0.003125 0.275000 0.000000 0.733333 0.051562 0.620833 0.071875 0.529167 0.059375 0.418750 0.010937 0.302083 0.100000 0.331250
10 0.498437 0.287500 0.900000 0.310417 0.935937 0.231250 0.968750 0.262500 0.970313 0.185417 0.993750 0.195833 0.998437 0.000000 0.560937 0.000000 0.545312 0.091667 0.571875 0.054167 0.562500 0.102083 0.584375 0.104167 0.543750 0.279167
10 0.042188 0.000000 0.034375 0.150000 0.073438 0.154167 0.079687 0.195833 0.176563 0.212500 0.209375 0.160417 0.212500 0.218750 0.228125 0.172917 0.267188 0.181250 0.273438 0.122917 0.304688 0.139583 0.332813 0.266667 0.459375 0.287500 0.428125 0.147917 0.462500 0.025000 0.475000 0.068750 0.500000 0.000000
10 0.032813 0.000000 0.020313 0.000000 0.026562 0.010417 0.026562 0.020833 0.018750 0.031250 0.017188 0.035417 0.018750 0.039583 0.015625 0.043750 0.023438 0.050000 0.026562 0.043750 0.025000 0.039583 0.028125 0.037500 0.026562 0.033333 0.029687 0.027083 0.028125 0.020833 0.034375 0.004167
18 0.175000 0.347917 0.162500 0.368750 0.167187 0.383333 0.167187 0.414583 0.190625 0.429167 0.198437 0.425000 0.201563 0.435417 0.206250 0.435417 0.209375 0.425000 0.214062 0.433333 0.217188 0.429167 0.215625 0.397917 0.218750 0.383333 0.203125 0.364583 0.200000 0.352083 0.187500 0.356250