0 0.000000 0.514583 0.000000 0.997917 0.798438 0.997917 0.334375 0.479167 0.265625 0.466667 0.256250 0.600000 0.215625 0.570833 0.148438 0.650000 0.106250 0.489583
2 0.389062 0.356250 0.379688 0.368750 0.367188 0.364583 0.359375 0.375000 0.354687 0.387500 0.346875 0.397917 0.343750 0.418750 0.356250 0.418750 0.357812 0.414583 0.365625 0.418750 0.368750 0.416667 0.368750 0.402083 0.371875 0.393750 0.392188 0.370833
3 0.731250 0.000000 0.373437 0.393750 0.367188 0.475000 0.468750 0.610417 0.592187 0.664583 0.617188 0.772917 0.787500 0.985417 0.998437 0.997917 0.998437 0.000000
4 0.290625 0.454167 0.292187 0.456250 0.303125 0.456250 0.304688 0.460417 0.323437 0.460417 0.325000 0.464583 0.329688 0.464583 0.334375 0.456250 0.332813 0.450000 0.318750 0.447917 0.317188 0.445833 0.304688 0.445833 0.303125 0.441667 0.293750 0.441667
8 0.504687 0.093750 0.478125 0.116667 0.457813 0.100000 0.471875 0.127083 0.457813 0.204167 0.443750 0.170833 0.435937 0.218750 0.406250 0.200000 0.414062 0.277083 0.389062 0.331250 0.392188 0.366667 0.437500 0.337500 0.521875 0.227083 0.525000 0.166667 0.501563 0.133333
8 0.000000 0.237500 0.000000 0.366667 0.146875 0.408333 0.204687 0.318750 0.267188 0.445833 0.332813 0.447917 0.343750 0.495833 0.365625 0.475000 0.309375 0.231250 0.229687 0.214583 0.189062 0.247917 0.200000 0.210417 0.168750 0.193750 0.184375 0.154167 0.146875 0.143750 0.139063 0.087500 0.103125 0.152083 0.117188 0.193750 0.089063 0.185417 0.103125 0.218750
9 0.350000 0.489583 0.507812 0.706250 0.721875 0.912500 0.670312 0.806250 0.628125 0.789583 0.600000 0.745833 0.578125 0.658333 0.551562 0.664583 0.496875 0.593750 0.468750 0.612500 0.403125 0.493750
9 0.265625 0.447917 0.265625 0.464583 0.314063 0.470833 0.315625 0.475000 0.329688 0.475000 0.335938 0.481250 0.334375 0.462500 0.329688 0.466667 0.325000 0.466667 0.323437 0.462500 0.304688 0.462500 0.303125 0.458333 0.284375 0.456250
9 0.000000 0.512500 0.107813 0.487500 0.137500 0.418750 0.150000 0.408333 0.093750 0.402083 0.000000 0.368750
10 0.000000 0.235417 0.103125 0.216667 0.139063 0.085417 0.189062 0.245833 0.310937 0.231250 0.345313 0.402083 0.412500 0.277083 0.404687 0.200000 0.459375 0.200000 0.459375 0.095833 0.506250 0.093750 0.525000 0.225000 0.729688 0.000000 0.000000 0.000000
11 0.204687 0.320833 0.185938 0.327083 0.107813 0.489583 0.109375 0.595833 0.117188 0.612500 0.140625 0.614583 0.140625 0.647917 0.157812 0.639583 0.162500 0.616667 0.195312 0.620833 0.212500 0.600000 0.215625 0.568750 0.243750 0.560417 0.243750 0.516667 0.232813 0.535417 0.239063 0.395833
12 0.245312 0.397917 0.234375 0.400000 0.234375 0.433333 0.240625 0.481250 0.234375 0.535417 0.239063 0.533333 0.239063 0.518750 0.259375 0.502083 0.264062 0.466667 0.262500 0.418750 0.254688 0.404167
18 0.259375 0.504167 0.250000 0.510417 0.243750 0.520833 0.245312 0.560417 0.237500 0.572917 0.240625 0.581250 0.245312 0.583333 0.246875 0.606250 0.254688 0.600000 0.256250 0.560417 0.259375 0.558333 0.259375 0.541667 0.256250 0.539583 0.256250 0.531250 0.259375 0.529167