0 0.621875 0.997917 0.470313 0.508333 0.000000 0.570833 0.000000 0.997917
3 0.000000 0.245833 0.000000 0.366667 0.093750 0.391667 0.117188 0.385417 0.121875 0.362500 0.112500 0.339583 0.115625 0.306250
3 0.704688 0.000000 0.515625 0.397917 0.518750 0.491667 0.579688 0.585417 0.675000 0.483333 0.726562 0.612500 0.746875 0.891667 0.773438 0.875000 0.815625 0.995833 0.998437 0.997917 0.998437 0.000000
4 0.443750 0.470833 0.443750 0.483333 0.446875 0.483333 0.448437 0.485417 0.453125 0.485417 0.454688 0.487500 0.467187 0.487500 0.467187 0.477083 0.470313 0.475000 0.470313 0.472917 0.465625 0.472917 0.464062 0.470833 0.456250 0.470833 0.454688 0.468750 0.445312 0.468750
4 0.400000 0.452083 0.400000 0.464583 0.403125 0.468750 0.407813 0.468750 0.409375 0.470833 0.423438 0.470833 0.425000 0.472917 0.428125 0.472917 0.428125 0.468750 0.429688 0.466667 0.429688 0.460417 0.428125 0.456250 0.423438 0.456250 0.421875 0.454167 0.417187 0.454167 0.415625 0.452083
5 0.350000 0.322917 0.342187 0.445833 0.339062 0.447917 0.340625 0.483333 0.345313 0.402083 0.348438 0.400000
8 0.579688 0.185417 0.573438 0.245833 0.568750 0.258333 0.554688 0.264583 0.553125 0.295833 0.546875 0.302083 0.551562 0.320833 0.598437 0.220833 0.595313 0.195833 0.582812 0.216667
8 0.703125 0.000000 0.607812 0.000000 0.615625 0.029167 0.600000 0.025000 0.587500 0.041667 0.593750 0.066667 0.609375 0.064583 0.612500 0.079167 0.621875 0.075000 0.631250 0.083333 0.635938 0.102083 0.617188 0.108333 0.612500 0.118750 0.617188 0.133333 0.639062 0.137500
8 0.000000 0.116667 0.000000 0.243750 0.115625 0.304167 0.115625 0.397917 0.339062 0.460417 0.350000 0.320833 0.343750 0.460417 0.471875 0.472917 0.635938 0.841667 0.620313 0.995833 0.817187 0.997917 0.745313 0.891667 0.701562 0.531250 0.650000 0.479167 0.573438 0.585417 0.462500 0.247917 0.284375 0.343750 0.212500 0.000000 0.085938 0.077083 0.128125 0.150000
9 0.512500 0.616667 0.618750 0.985417 0.626563 0.931250 0.614062 0.916667 0.634375 0.872917 0.634375 0.841667 0.600000 0.804167 0.595313 0.718750 0.545312 0.650000 0.523438 0.643750
9 0.000000 0.368750 0.000000 0.568750 0.471875 0.497917 0.360938 0.460417 0.340625 0.485417 0.337500 0.458333 0.156250 0.429167 0.109375 0.393750
10 0.214062 0.000000 0.240625 0.025000 0.221875 0.097917 0.271875 0.139583 0.246875 0.237500 0.276562 0.258333 0.284375 0.341667 0.450000 0.235417 0.500000 0.420833 0.575000 0.189583 0.600000 0.216667 0.634375 0.143750 0.610938 0.127083 0.629687 0.083333 0.585938 0.054167 0.606250 0.000000
10 0.000000 0.000000 0.000000 0.114583 0.048438 0.152083 0.076563 0.135417 0.089063 0.162500 0.112500 0.139583 0.129688 0.145833 0.092188 0.106250 0.084375 0.077083 0.114062 0.064583 0.142187 0.093750 0.125000 0.041667 0.145313 0.000000