0 0.000000 0.510417 0.000000 0.997917 0.840625 0.997917 0.317188 0.477083 0.265625 0.466667 0.257812 0.593750 0.218750 0.560417 0.181250 0.625000 0.135937 0.589583 0.129688 0.483333
2 0.370312 0.354167 0.367188 0.354167 0.365625 0.360417 0.357812 0.366667 0.346875 0.362500 0.335938 0.377083 0.323437 0.400000 0.325000 0.420833 0.332813 0.416667 0.337500 0.418750 0.339062 0.414583 0.350000 0.414583 0.350000 0.402083 0.353125 0.393750 0.365625 0.381250 0.364063 0.372917 0.370312 0.362500
3 0.753125 0.000000 0.357812 0.389583 0.350000 0.472917 0.543750 0.633333 0.567187 0.714583 0.601562 0.702083 0.837500 0.995833 0.998437 0.997917 0.998437 0.000000
8 0.526563 0.631250 0.525000 0.633333 0.526563 0.635417 0.526563 0.639583 0.529687 0.643750 0.529687 0.647917 0.534375 0.650000 0.537500 0.654167 0.537500 0.662500 0.543750 0.666667 0.542188 0.664583 0.542188 0.658333 0.543750 0.656250 0.543750 0.635417 0.539062 0.633333 0.535937 0.629167 0.532813 0.631250
8 0.481250 0.112500 0.457813 0.133333 0.439063 0.118750 0.451562 0.145833 0.439063 0.212500 0.426563 0.185417 0.418750 0.229167 0.389062 0.208333 0.393750 0.283333 0.375000 0.308333 0.367188 0.377083 0.418750 0.343750 0.521875 0.229167 0.514062 0.218750 0.498437 0.235417 0.501563 0.185417 0.481250 0.150000
8 0.000000 0.225000 0.000000 0.372917 0.167187 0.422917 0.217188 0.331250 0.267188 0.450000 0.348438 0.472917 0.350000 0.420833 0.323437 0.420833 0.317188 0.343750 0.300000 0.343750 0.287500 0.227083 0.162500 0.212500 0.170313 0.160417 0.131250 0.147917 0.121875 0.091667 0.087500 0.158333 0.101562 0.197917 0.073438 0.187500 0.082812 0.220833 0.034375 0.200000
9 0.267188 0.452083 0.814063 0.975000 0.743750 0.875000 0.656250 0.812500 0.601562 0.704167 0.567187 0.716667 0.385937 0.489583
9 0.000000 0.508333 0.129688 0.481250 0.157812 0.420833 0.000000 0.375000
10 0.000000 0.222917 0.082812 0.218750 0.121875 0.089583 0.162500 0.210417 0.289062 0.227083 0.326562 0.393750 0.371875 0.345833 0.387500 0.208333 0.439063 0.210417 0.440625 0.114583 0.482812 0.112500 0.504687 0.237500 0.751563 0.000000 0.000000 0.000000
11 0.143750 0.460417 0.118750 0.520833 0.125000 0.525000 0.135937 0.508333 0.143750 0.560417 0.137500 0.589583 0.150000 0.602083 0.156250 0.587500 0.165625 0.587500 0.175000 0.620833 0.179688 0.610417 0.178125 0.577083 0.185938 0.570833 0.170313 0.550000
12 0.209375 0.331250 0.190625 0.356250 0.175000 0.414583 0.159375 0.420833 0.143750 0.458333 0.171875 0.550000 0.198437 0.597917 0.201563 0.556250 0.234375 0.547917 0.242188 0.510417 0.262500 0.497917 0.265625 0.464583 0.262500 0.414583
18 0.259375 0.497917 0.243750 0.510417 0.240625 0.539583 0.234375 0.550000 0.215625 0.558333 0.203125 0.556250 0.201563 0.570833 0.207813 0.568750 0.214062 0.575000 0.218750 0.558333 0.240625 0.560417 0.248438 0.575000 0.250000 0.593750 0.256250 0.593750