0 0.000000 0.570833 0.000000 0.997917 0.646875 0.997917 0.381250 0.487500 0.248438 0.481250 0.229687 0.656250 0.162500 0.608333 0.051562 0.750000 0.007812 0.693750 0.025000 0.572917
2 0.428125 0.375000 0.423438 0.375000 0.421875 0.372917 0.417187 0.375000 0.412500 0.387500 0.409375 0.389583 0.409375 0.393750 0.406250 0.395833 0.406250 0.402083 0.401562 0.410417 0.403125 0.416667 0.414062 0.420833 0.415625 0.397917 0.418750 0.395833 0.418750 0.391667 0.421875 0.385417 0.426563 0.383333
3 0.000000 0.262500 0.000000 0.356250 0.014063 0.358333 0.021875 0.350000 0.025000 0.337500 0.028125 0.335417 0.021875 0.325000 0.021875 0.306250 0.026562 0.285417 0.021875 0.277083
3 0.689063 0.000000 0.423438 0.385417 0.412500 0.485417 0.546875 0.710417 0.692187 0.812500 0.795312 0.997917 0.998437 0.997917 0.998437 0.000000
4 0.346875 0.447917 0.345313 0.452083 0.345313 0.464583 0.360938 0.464583 0.362500 0.468750 0.368750 0.468750 0.375000 0.472917 0.379688 0.472917 0.379688 0.456250 0.365625 0.456250 0.364063 0.452083 0.348438 0.452083
4 0.304688 0.433333 0.304688 0.447917 0.307812 0.450000 0.314063 0.450000 0.318750 0.454167 0.320312 0.452083 0.326562 0.452083 0.328125 0.454167 0.332813 0.450000 0.332813 0.441667 0.331250 0.437500 0.328125 0.435417 0.320312 0.435417 0.318750 0.433333 0.307812 0.433333 0.306250 0.431250
8 0.553125 0.716667 0.562500 0.731250 0.573438 0.737500 0.585938 0.777083 0.593750 0.779167 0.604688 0.797917 0.609375 0.793750 0.614062 0.797917 0.618750 0.791667 0.618750 0.783333 0.610938 0.781250 0.607812 0.775000 0.606250 0.756250 0.598437 0.768750 0.579688 0.745833 0.568750 0.716667 0.564063 0.720833
8 0.000000 0.168750 0.025000 0.366667 0.060937 0.377083 0.148438 0.258333 0.250000 0.437500 0.279687 0.335417 0.273438 0.437500 0.410938 0.487500 0.364063 0.239583 0.234375 0.260417 0.221875 0.143750 0.181250 0.131250 0.175000 0.072917 0.100000 0.264583
8 0.570312 0.016667 0.548438 0.020833 0.539062 0.050000 0.515625 0.031250 0.531250 0.070833 0.514062 0.160417 0.500000 0.118750 0.490625 0.181250 0.454688 0.156250 0.448437 0.208333 0.464062 0.227083 0.453125 0.229167 0.459375 0.254167 0.446875 0.270833 0.459375 0.291667 0.443750 0.302083 0.440625 0.360417 0.492188 0.308333 0.598437 0.131250 0.570312 0.066667
9 0.398438 0.493750 0.648438 0.997917 0.793750 0.997917 0.687500 0.808333 0.643750 0.768750 0.604688 0.800000 0.450000 0.508333
9 0.250000 0.439583 0.248438 0.479167 0.314063 0.470833 0.381250 0.485417 0.379688 0.475000 0.307812 0.452083 0.298438 0.441667 0.289062 0.445833 0.273438 0.439583 0.270313 0.458333 0.267188 0.439583
9 0.000000 0.358333 0.001563 0.522917 0.029687 0.437500 0.060937 0.379167
10 0.004687 0.204167 0.103125 0.260417 0.175000 0.070833 0.234375 0.258333 0.365625 0.239583 0.400000 0.412500 0.457813 0.291667 0.453125 0.156250 0.490625 0.179167 0.495312 0.116667 0.515625 0.156250 0.514062 0.031250 0.570312 0.014583 0.598437 0.129167 0.687500 0.000000 0.000000 0.000000
11 0.148438 0.260417 0.050000 0.395833 0.003125 0.522917 0.000000 0.568750 0.026562 0.572917 0.009375 0.693750 0.042188 0.697917 0.035937 0.750000 0.082812 0.731250 0.096875 0.685417 0.121875 0.689583 0.134375 0.583333 0.178125 0.560417 0.201563 0.370833
12 0.212500 0.368750 0.201563 0.368750 0.193750 0.383333 0.190625 0.485417 0.179688 0.556250 0.185938 0.537500 0.223438 0.529167 0.232813 0.506250 0.240625 0.512500 0.239063 0.495833 0.246875 0.483333 0.245312 0.406250 0.234375 0.385417
18 0.237500 0.508333 0.223438 0.531250 0.185938 0.539583 0.168750 0.577083 0.135937 0.583333 0.134375 0.647917 0.165625 0.606250 0.164062 0.618750 0.173437 0.627083 0.182812 0.610417 0.204687 0.610417 0.218750 0.660417 0.228125 0.656250 0.243750 0.593750