0 0.000000 0.583333 0.000000 0.604167 0.001563 0.602083 0.014063 0.602083 0.015625 0.600000 0.021875 0.600000 0.023438 0.595833 0.026562 0.595833 0.026562 0.589583 0.025000 0.587500 0.015625 0.587500 0.014063 0.585417 0.012500 0.587500 0.007812 0.587500 0.006250 0.583333
0 0.000000 0.727083 0.000000 0.997917 0.631250 0.997917 0.568750 0.866667 0.584375 0.810417 0.517188 0.762500 0.407813 0.489583 0.146875 0.504167 0.151562 0.654167 0.093750 0.789583 0.060937 0.797917 0.051562 0.727083
3 0.000000 0.252083 0.000000 0.343750 0.042188 0.300000 0.065625 0.297917 0.056250 0.285417 0.042188 0.279167 0.035937 0.270833
3 0.665625 0.000000 0.448437 0.389583 0.445312 0.483333 0.523438 0.552083 0.598437 0.795833 0.620313 0.712500 0.706250 0.997917 0.998437 0.997917 0.998437 0.000000
4 0.339062 0.435417 0.337500 0.454167 0.350000 0.460417 0.360938 0.460417 0.362500 0.464583 0.376563 0.464583 0.381250 0.470833 0.385937 0.468750 0.396875 0.475000 0.407813 0.475000 0.400000 0.466667 0.407813 0.460417 0.381250 0.456250 0.378125 0.464583 0.368750 0.458333 0.367188 0.441667
8 0.560937 0.614583 0.562500 0.625000 0.568750 0.641667 0.568750 0.647917 0.571875 0.647917 0.573438 0.652083 0.576562 0.654167 0.578125 0.660417 0.579688 0.660417 0.579688 0.647917 0.576562 0.639583 0.575000 0.625000 0.571875 0.622917 0.571875 0.618750 0.568750 0.614583 0.565625 0.614583 0.564063 0.616667
8 0.534375 0.566667 0.534375 0.577083 0.537500 0.583333 0.537500 0.589583 0.548438 0.602083 0.554688 0.602083 0.554688 0.597917 0.556250 0.595833 0.556250 0.577083 0.553125 0.572917 0.548438 0.572917 0.543750 0.564583
8 0.000000 0.131250 0.000000 0.250000 0.159375 0.414583 0.292187 0.445833 0.306250 0.331250 0.298438 0.445833 0.453125 0.518750 0.631250 0.995833 0.704688 0.997917 0.618750 0.712500 0.598437 0.797917 0.521875 0.552083 0.446875 0.491667 0.396875 0.239583 0.234375 0.277083 0.251563 0.181250 0.179688 0.033333 0.139063 0.193750 0.062500 0.227083
8 0.664062 0.000000 0.578125 0.000000 0.571875 0.072917 0.548438 0.014583 0.532813 0.108333 0.493750 0.077083 0.501563 0.122917 0.485938 0.145833 0.503125 0.160417 0.490625 0.179167 0.509375 0.210417 0.484375 0.218750 0.500000 0.262500 0.476562 0.341667 0.521875 0.260417 0.548438 0.245833
9 0.589063 0.827083 0.585938 0.837500 0.573438 0.850000 0.570312 0.866667 0.581250 0.885417 0.581250 0.900000 0.589063 0.920833 0.612500 0.939583 0.621875 0.937500 0.626563 0.918750 0.614062 0.895833 0.607812 0.895833 0.607812 0.906250 0.603125 0.908333 0.592187 0.891667 0.600000 0.864583
9 0.434375 0.516667 0.429688 0.531250 0.518750 0.762500 0.546875 0.797917 0.576562 0.800000 0.553125 0.752083 0.492188 0.672917 0.470313 0.556250 0.446875 0.512500
9 0.151562 0.406250 0.151562 0.502083 0.312500 0.477083 0.410938 0.491667 0.410938 0.479167 0.306250 0.447917 0.293750 0.462500 0.290625 0.445833
10 0.000000 0.129167 0.062500 0.225000 0.139063 0.191667 0.112500 0.147917 0.150000 0.150000 0.179688 0.031250 0.253125 0.181250 0.234375 0.275000 0.385937 0.227083 0.435937 0.414583 0.507812 0.210417 0.489063 0.083333 0.540625 0.100000 0.548438 0.012500 0.571875 0.070833 0.576562 0.000000 0.000000 0.000000
12 0.042188 0.302083 0.000000 0.352083 0.000000 0.581250 0.092188 0.581250 0.104688 0.552083 0.101562 0.639583 0.129688 0.635417 0.139063 0.572917 0.131250 0.533333 0.150000 0.502083 0.145313 0.381250 0.121875 0.333333 0.070312 0.300000
17 0.142187 0.622917 0.134375 0.643750 0.104688 0.639583 0.090625 0.656250 0.073438 0.633333 0.000000 0.635417 0.000000 0.725000 0.051562 0.725000 0.059375 0.791667 0.070312 0.804167 0.085938 0.797917 0.103125 0.762500 0.107813 0.718750 0.123438 0.733333 0.137500 0.714583 0.150000 0.654167
18 0.106250 0.556250 0.092188 0.583333 0.031250 0.585417 0.021875 0.602083 0.001563 0.604167 0.000000 0.633333 0.073438 0.631250 0.093750 0.652083 0.100000 0.643750