0 0.634375 0.997917 0.467187 0.508333 0.000000 0.566667 0.000000 0.997917
3 0.000000 0.245833 0.003125 0.366667 0.046875 0.381250 0.054688 0.372917 0.081250 0.372917 0.106250 0.387500 0.117188 0.383333 0.121875 0.362500 0.112500 0.339583 0.115625 0.306250
3 0.698438 0.000000 0.506250 0.410417 0.560937 0.579167 0.603125 0.514583 0.670312 0.577083 0.673438 0.758333 0.757812 0.997917 0.998437 0.997917 0.998437 0.000000
4 0.442188 0.468750 0.440625 0.472917 0.440625 0.483333 0.446875 0.483333 0.448437 0.485417 0.454688 0.485417 0.456250 0.487500 0.465625 0.487500 0.464062 0.485417 0.465625 0.483333 0.465625 0.479167 0.464062 0.477083 0.465625 0.472917 0.462500 0.470833 0.456250 0.470833 0.454688 0.468750
4 0.398438 0.450000 0.398438 0.460417 0.396875 0.462500 0.398438 0.466667 0.407813 0.466667 0.412500 0.470833 0.425000 0.470833 0.426563 0.468750 0.426563 0.456250 0.420312 0.456250 0.415625 0.452083 0.400000 0.452083
4 0.054688 0.375000 0.054688 0.381250 0.057813 0.383333 0.065625 0.383333 0.073438 0.387500 0.092188 0.389583 0.093750 0.391667 0.110937 0.391667 0.110937 0.389583 0.106250 0.389583 0.104688 0.385417 0.093750 0.385417 0.089063 0.377083 0.081250 0.375000 0.057813 0.377083
5 0.348438 0.337500 0.340625 0.416667 0.342187 0.429167 0.339062 0.431250 0.339062 0.481250
8 0.575000 0.191667 0.570312 0.195833 0.571875 0.233333 0.565625 0.239583 0.568750 0.250000 0.560937 0.264583 0.548438 0.270833 0.548438 0.297917 0.542188 0.306250 0.545312 0.322917 0.590625 0.227083 0.590625 0.202083 0.584375 0.204167 0.581250 0.222917 0.576562 0.222917
8 0.696875 0.000000 0.618750 0.000000 0.614062 0.012500 0.589063 0.000000 0.585938 0.022917 0.609375 0.064583 0.604688 0.070833 0.587500 0.058333 0.576562 0.089583 0.615625 0.108333 0.621875 0.127083 0.603125 0.135417 0.598437 0.152083 0.604688 0.160417 0.621875 0.162500
8 0.000000 0.118750 0.000000 0.243750 0.115625 0.304167 0.115625 0.397917 0.337500 0.456250 0.348438 0.335417 0.345313 0.458333 0.465625 0.470833 0.581250 0.685417 0.634375 0.995833 0.756250 0.997917 0.668750 0.577083 0.546875 0.562500 0.459375 0.247917 0.281250 0.343750 0.203125 0.000000 0.096875 0.091667 0.139063 0.160417
9 0.501563 0.587500 0.570312 0.829167 0.595313 0.833333 0.593750 0.779167 0.585938 0.768750 0.570312 0.779167 0.568750 0.750000 0.582812 0.747917 0.579688 0.685417 0.559375 0.660417 0.540625 0.608333
9 0.000000 0.368750 0.000000 0.564583 0.365625 0.495833 0.467187 0.506250 0.396875 0.466667 0.343750 0.458333 0.339062 0.483333 0.335938 0.458333
10 0.193750 0.025000 0.245312 0.039583 0.218750 0.085417 0.271875 0.133333 0.250000 0.243750 0.279687 0.262500 0.281250 0.341667 0.445312 0.235417 0.496875 0.420833 0.568750 0.195833 0.592187 0.220833 0.617188 0.168750 0.614062 0.108333 0.575000 0.089583 0.607812 0.064583 0.587500 0.000000
10 0.000000 0.000000 0.000000 0.116667 0.070312 0.160417 0.093750 0.147917 0.103125 0.170833 0.120313 0.150000 0.139063 0.158333 0.095312 0.091667 0.120313 0.079167 0.150000 0.106250 0.132812 0.060417 0.159375 0.000000