0 0.000000 0.635417 0.000000 0.997917 0.696875 0.997917 0.396875 0.489583 0.198437 0.500000 0.201563 0.627083 0.160938 0.729167 0.134375 0.660417 0.028125 0.718750 0.035937 0.631250
3 0.665625 0.000000 0.429688 0.400000 0.431250 0.487500 0.518750 0.583333 0.528125 0.656250 0.562500 0.612500 0.585938 0.783333 0.701562 0.997917 0.998437 0.997917 0.998437 0.000000
4 0.325000 0.435417 0.321875 0.450000 0.326562 0.456250 0.396875 0.477083 0.396875 0.460417 0.370312 0.456250 0.368750 0.452083 0.357812 0.456250 0.348438 0.439583
5 0.292187 0.322917 0.284375 0.414583 0.284375 0.462500 0.295312 0.325000
8 0.451562 0.520833 0.484375 0.625000 0.514062 0.664583 0.543750 0.745833 0.600000 0.818750 0.584375 0.783333 0.560937 0.612500 0.528125 0.658333 0.517188 0.583333 0.496875 0.585417 0.470313 0.514583
8 0.000000 0.143750 0.096875 0.370833 0.156250 0.343750 0.206250 0.425000 0.281250 0.443750 0.292187 0.320833 0.287500 0.443750 0.396875 0.458333 0.406250 0.512500 0.432812 0.491667 0.382812 0.243750 0.310937 0.235417 0.229687 0.287500 0.243750 0.187500 0.212500 0.183333 0.226562 0.127083 0.185938 0.118750 0.178125 0.056250 0.146875 0.162500 0.117188 0.164583 0.137500 0.208333 0.040625 0.222917
8 0.609375 0.000000 0.554688 0.000000 0.546875 0.114583 0.523438 0.064583 0.517188 0.141667 0.475000 0.114583 0.481250 0.160417 0.467187 0.172917 0.487500 0.231250 0.467187 0.241667 0.482812 0.268750 0.464062 0.297917 0.460938 0.350000 0.637500 0.050000
9 0.550000 0.760417 0.553125 0.766667 0.553125 0.775000 0.550000 0.777083 0.546875 0.783333 0.546875 0.787500 0.550000 0.789583 0.554688 0.797917 0.557813 0.797917 0.559375 0.793750 0.565625 0.793750 0.567187 0.789583 0.568750 0.793750 0.573438 0.793750 0.575000 0.795833 0.567187 0.783333 0.560937 0.777083 0.560937 0.770833 0.557813 0.770833
9 0.414062 0.504167 0.409375 0.516667 0.492188 0.693750 0.507812 0.712500 0.529687 0.714583 0.512500 0.664583 0.482812 0.625000 0.478125 0.593750 0.440625 0.500000 0.428125 0.493750
9 0.204687 0.425000 0.203125 0.493750 0.307812 0.475000 0.400000 0.491667 0.400000 0.479167 0.335938 0.462500 0.318750 0.447917 0.287500 0.445833 0.284375 0.464583 0.281250 0.445833
10 0.610938 0.002083 0.621875 0.016667 0.626563 0.029167 0.625000 0.043750 0.628125 0.041667 0.631250 0.047917 0.637500 0.047917 0.642188 0.035417 0.650000 0.025000 0.650000 0.020833 0.660937 0.008333 0.664062 0.000000
10 0.000000 0.141667 0.040625 0.220833 0.137500 0.206250 0.115625 0.164583 0.178125 0.054167 0.187500 0.118750 0.228125 0.127083 0.214062 0.183333 0.245312 0.187500 0.229687 0.285417 0.371875 0.229167 0.418750 0.414583 0.481250 0.268750 0.470313 0.122917 0.517188 0.139583 0.523438 0.062500 0.543750 0.116667 0.560937 0.008333 0.000000 0.000000
11 0.000000 0.185417 0.000000 0.633333 0.025000 0.633333 0.073438 0.587500 0.107813 0.441667 0.110937 0.364583 0.092188 0.366667 0.025000 0.212500
12 0.156250 0.345833 0.126562 0.343750 0.109375 0.362500 0.109375 0.441667 0.076563 0.562500 0.081250 0.620833 0.112500 0.606250 0.139063 0.620833 0.145313 0.572917 0.175000 0.537500 0.175000 0.600000 0.195312 0.585417 0.201563 0.410417 0.192188 0.377083
17 0.023438 0.660417 0.020313 0.700000 0.037500 0.718750 0.082812 0.656250 0.106250 0.668750 0.134375 0.658333 0.156250 0.727083 0.170313 0.716667 0.176563 0.685417 0.187500 0.675000 0.162500 0.650000 0.151562 0.652083 0.153125 0.639583 0.118750 0.608333 0.087500 0.622917 0.062500 0.608333
18 0.175000 0.539583 0.168750 0.560417 0.146875 0.572917 0.150000 0.585417 0.143750 0.593750 0.140625 0.622917 0.154688 0.639583 0.151562 0.650000 0.162500 0.647917 0.176563 0.670833 0.184375 0.664583 0.189062 0.675000 0.200000 0.627083 0.200000 0.595833 0.195312 0.587500 0.182812 0.604167 0.173437 0.600000 0.178125 0.562500