0 0.998437 0.837500 0.704688 0.593750 0.690625 0.527083 0.429688 0.547917 0.001563 0.833333 0.000000 0.997917 0.998437 0.997917
2 0.750000 0.291667 0.745313 0.293750 0.745313 0.310417 0.751563 0.320833 0.748437 0.337500 0.750000 0.350000 0.759375 0.366667 0.762500 0.364583 0.765625 0.366667 0.768750 0.300000 0.757812 0.293750 0.753125 0.295833
2 0.643750 0.272917 0.600000 0.364583 0.579688 0.375000 0.571875 0.454167 0.584375 0.466667 0.625000 0.464583 0.632812 0.500000 0.689063 0.502083 0.682813 0.452083 0.696875 0.414583 0.671875 0.397917 0.659375 0.366667 0.679688 0.300000 0.673438 0.277083
4 0.540625 0.466667 0.540625 0.491667 0.631250 0.500000 0.625000 0.466667 0.621875 0.470833 0.607812 0.470833 0.604688 0.466667
4 0.510938 0.464583 0.510938 0.477083 0.509375 0.479167 0.509375 0.487500 0.510938 0.491667 0.532813 0.491667 0.532813 0.466667 0.512500 0.466667
4 0.789062 0.372917 0.756250 0.475000 0.751563 0.610417 0.889062 0.725000 0.907813 0.693750 0.910937 0.602083 0.864062 0.520833 0.887500 0.491667 0.860938 0.481250 0.870313 0.431250 0.835938 0.393750 0.831250 0.362500
5 0.776563 0.139583 0.739062 0.141667 0.742188 0.314583 0.743750 0.145833 0.762500 0.147917
5 0.187500 0.000000 0.207813 0.052083 0.206250 0.562500 0.218750 0.595833 0.212500 0.077083 0.242188 0.000000
8 0.712500 0.185417 0.696875 0.239583 0.671875 0.266667 0.681250 0.308333 0.660937 0.366667 0.698438 0.414583 0.684375 0.452083 0.687500 0.564583 0.704688 0.591667 0.751563 0.608333 0.754687 0.475000 0.787500 0.372917 0.759375 0.368750 0.746875 0.312500 0.723437 0.310417 0.728125 0.245833
8 0.953125 0.164583 0.918750 0.245833 0.790625 0.370833 0.831250 0.360417 0.871875 0.431250 0.862500 0.481250 0.889062 0.491667 0.865625 0.520833 0.912500 0.602083 0.890625 0.756250 0.998437 0.835417 0.998437 0.187500
8 0.217188 0.322917 0.220312 0.481250 0.509375 0.491667 0.510938 0.462500 0.537500 0.510417 0.540625 0.464583 0.582812 0.466667 0.578125 0.375000 0.601562 0.356250 0.587500 0.268750 0.565625 0.293750 0.575000 0.247917 0.539062 0.268750 0.535937 0.179167 0.515625 0.227083 0.484375 0.175000 0.407813 0.239583 0.373437 0.156250 0.317188 0.358333 0.259375 0.275000
8 0.001563 0.156250 0.000000 0.468750 0.204687 0.481250 0.204687 0.343750 0.145313 0.264583 0.089063 0.275000 0.029687 0.227083 0.026562 0.175000
8 0.943750 0.000000 0.942187 0.027083 0.960938 0.043750 0.965625 0.054167 0.964063 0.070833 0.981250 0.083333 0.982812 0.102083 0.996875 0.102083 0.998437 0.000000
9 0.000000 0.833333 0.403125 0.554167 0.689063 0.504167 0.220312 0.483333 0.209375 0.597917 0.198437 0.479167 0.000000 0.470833
10 0.214062 0.060417 0.217188 0.312500 0.259375 0.272917 0.312500 0.360417 0.365625 0.154167 0.407813 0.237500 0.535937 0.177083 0.601562 0.345833 0.712500 0.183333 0.739062 0.289583 0.737500 0.141667 0.776563 0.137500 0.745313 0.291667 0.781250 0.370833 0.953125 0.162500 0.998437 0.185417 0.942187 0.000000 0.243750 0.000000
10 0.000000 0.000000 0.000000 0.156250 0.028125 0.175000 0.031250 0.227083 0.089063 0.272917 0.145313 0.262500 0.204687 0.341667 0.206250 0.052083 0.192188 0.008333