0 0.000000 0.702083 0.000000 0.997917 0.998437 0.997917 0.901563 0.843750 0.790625 0.797917 0.617188 0.541667 0.451562 0.531250
2 0.689063 0.335417 0.676562 0.331250 0.642188 0.385417 0.626563 0.383333 0.609375 0.422917 0.612500 0.441667 0.604688 0.458333 0.614062 0.516667 0.621875 0.518750 0.626563 0.477083 0.656250 0.441667 0.659375 0.416667 0.673438 0.402083 0.679688 0.381250 0.676562 0.347917
3 0.000000 0.233333 0.000000 0.322917 0.014063 0.341667 0.015625 0.383333 0.025000 0.377083 0.026562 0.389583 0.117188 0.412500 0.160938 0.412500 0.164062 0.375000 0.153125 0.306250
3 0.995313 0.052083 0.842187 0.216667 0.835938 0.339583 0.875000 0.385417 0.882812 0.772917 0.998437 0.914583 0.998437 0.743750 0.979688 0.729167 0.998437 0.604167 0.962500 0.610417 0.998437 0.552083
4 0.610938 0.489583 0.603125 0.483333 0.592187 0.483333 0.587500 0.487500 0.562500 0.485417 0.562500 0.506250 0.610938 0.512500
4 0.493750 0.466667 0.492188 0.472917 0.492188 0.481250 0.493750 0.483333 0.507812 0.483333 0.510938 0.487500 0.520312 0.487500 0.521875 0.489583 0.521875 0.495833 0.523438 0.497917 0.525000 0.495833 0.525000 0.483333 0.526563 0.481250 0.525000 0.468750 0.507812 0.466667 0.506250 0.464583
5 0.404687 0.229167 0.385937 0.229167 0.396875 0.243750 0.384375 0.520833 0.400000 0.268750 0.415625 0.241667
8 0.992188 0.545833 0.987500 0.547917 0.987500 0.558333 0.982812 0.560417 0.976562 0.570833 0.979688 0.593750 0.973437 0.604167 0.964063 0.604167 0.964063 0.610417 0.970313 0.622917 0.976562 0.622917 0.975000 0.620833 0.978125 0.618750 0.979688 0.606250 0.990625 0.606250 0.993750 0.610417 0.998437 0.602083 0.998437 0.554167
8 0.000000 0.325000 0.000000 0.389583 0.006250 0.387500 0.025000 0.389583 0.025000 0.379167 0.020313 0.385417 0.015625 0.385417 0.012500 0.381250 0.010937 0.370833 0.014063 0.356250 0.012500 0.341667
8 0.557813 0.227083 0.539062 0.218750 0.521875 0.247917 0.479687 0.247917 0.460938 0.268750 0.454688 0.243750 0.440625 0.254167 0.435937 0.289583 0.398438 0.335417 0.392188 0.472917 0.520312 0.495833 0.490625 0.481250 0.517188 0.464583 0.526563 0.500000 0.556250 0.481250 0.557813 0.506250 0.562500 0.483333 0.603125 0.481250 0.612500 0.358333 0.582812 0.329167 0.576562 0.279167 0.560937 0.279167
8 0.807813 0.000000 0.742188 0.177083 0.773438 0.329167 0.723437 0.356250 0.706250 0.295833 0.628125 0.477083 0.626563 0.579167 0.790625 0.795833 0.890625 0.833333 0.993750 0.945833 0.881250 0.772917 0.873437 0.385417 0.834375 0.339583 0.840625 0.216667 0.896875 0.156250 0.903125 0.081250 0.851562 0.079167 0.848437 0.000000
8 0.000000 0.000000 0.001563 0.235417 0.153125 0.304167 0.178125 0.456250 0.214062 0.433333 0.384375 0.470833 0.392188 0.354167 0.340625 0.279167 0.282813 0.333333 0.220312 0.195833 0.215625 0.097917 0.195312 0.095833 0.179688 0.189583 0.107813 0.164583 0.034375 0.068750 0.107813 0.060417 0.103125 0.018750
9 0.962500 0.933333 0.965625 0.935417 0.967187 0.943750 0.982812 0.964583 0.985938 0.964583 0.992188 0.975000 0.998437 0.977083 0.998437 0.945833 0.992188 0.947917 0.989062 0.943750 0.979688 0.941667 0.978125 0.937500 0.970313 0.937500
9 0.000000 0.700000 0.451562 0.529167 0.623437 0.522917 0.395313 0.475000 0.384375 0.522917 0.384375 0.472917 0.214062 0.435417 0.178125 0.458333 0.160938 0.418750 0.006250 0.389583
10 0.842187 0.022917 0.851562 0.077083 0.868750 0.085417 0.882812 0.064583 0.900000 0.062500 0.901563 0.110417 0.889062 0.125000 0.898438 0.154167 0.998437 0.050000 0.998437 0.000000 0.850000 0.000000
10 0.035937 0.066667 0.178125 0.187500 0.215625 0.095833 0.284375 0.333333 0.340625 0.277083 0.392188 0.352083 0.385937 0.227083 0.400000 0.329167 0.448437 0.241667 0.545312 0.216667 0.615625 0.404167 0.709375 0.291667 0.732812 0.347917 0.739062 0.270833 0.767188 0.339583 0.740625 0.177083 0.809375 0.012500 0.054688 0.000000 0.109375 0.060417