0 0.998437 0.800000 0.773438 0.670833 0.684375 0.535417 0.475000 0.541667 0.000000 0.810417 0.000000 0.997917 0.998437 0.997917
2 0.800000 0.314583 0.789062 0.310417 0.787500 0.312500 0.773438 0.308333 0.771875 0.310417 0.770312 0.322917 0.771875 0.366667 0.778125 0.362500 0.790625 0.345833 0.792188 0.337500 0.796875 0.329167 0.796875 0.322917 0.800000 0.320833
2 0.751563 0.306250 0.750000 0.308333 0.750000 0.312500 0.751563 0.314583 0.748437 0.318750 0.748437 0.325000 0.745313 0.327083 0.745313 0.329167 0.748437 0.331250 0.746875 0.333333 0.746875 0.337500 0.756250 0.337500 0.757812 0.341667 0.764062 0.341667 0.764062 0.310417 0.757812 0.306250
2 0.700000 0.291667 0.679688 0.289583 0.639062 0.360417 0.623437 0.360417 0.631250 0.375000 0.612500 0.400000 0.603125 0.468750 0.618750 0.487500 0.657813 0.479167 0.660937 0.508333 0.684375 0.510417 0.678125 0.483333 0.695312 0.418750 0.684375 0.377083 0.696875 0.366667 0.703125 0.339583
3 0.067187 0.314583 0.065625 0.329167 0.068750 0.352083 0.068750 0.391667 0.071875 0.391667 0.073438 0.387500 0.079687 0.387500 0.079687 0.381250 0.075000 0.372917 0.076563 0.343750 0.071875 0.314583
3 0.023438 0.300000 0.026562 0.314583 0.029687 0.314583 0.048438 0.343750 0.050000 0.360417 0.046875 0.362500 0.046875 0.372917 0.053125 0.385417 0.056250 0.379167 0.054688 0.366667 0.057813 0.345833 0.056250 0.310417 0.043750 0.302083
3 0.000000 0.287500 0.000000 0.441667 0.009375 0.441667 0.012500 0.422917 0.006250 0.404167 0.009375 0.387500 0.006250 0.375000 0.012500 0.352083 0.012500 0.314583 0.017188 0.297917
4 0.989062 0.635417 0.942187 0.677083 0.935937 0.710417 0.920312 0.737500 0.998437 0.797917 0.998437 0.635417
4 0.545312 0.470833 0.545312 0.495833 0.659375 0.508333 0.657813 0.481250 0.618750 0.489583 0.610938 0.477083 0.584375 0.472917 0.568750 0.477083
4 0.754687 0.416667 0.742188 0.427083 0.731250 0.460417 0.723437 0.591667 0.737500 0.612500 0.762500 0.622917 0.771875 0.635417 0.776563 0.627083 0.759375 0.600000 0.759375 0.587500 0.771875 0.566667 0.764062 0.558333 0.767188 0.504167 0.759375 0.487500 0.762500 0.422917
5 0.798438 0.175000 0.767188 0.175000 0.767188 0.370833 0.770312 0.185417 0.801562 0.183333
5 0.309375 0.102083 0.306250 0.120833 0.326562 0.158333 0.326562 0.560417 0.331250 0.170833 0.354687 0.125000 0.345313 0.108333
8 0.621875 0.302083 0.598437 0.308333 0.606250 0.277083 0.575000 0.300000 0.576562 0.218750 0.554688 0.239583 0.545312 0.197917 0.446875 0.250000 0.451562 0.216667 0.421875 0.193750 0.371875 0.358333 0.331250 0.316667 0.331250 0.477083 0.543750 0.495833 0.545312 0.468750 0.607812 0.475000 0.629687 0.375000
8 0.998437 0.000000 0.868750 0.000000 0.942187 0.283333 0.803125 0.312500 0.767188 0.372917 0.739062 0.220833 0.701562 0.300000 0.679688 0.554167 0.723437 0.589583 0.759375 0.416667 0.771875 0.664583 0.918750 0.737500 0.998437 0.633333
8 0.031250 0.000000 0.031250 0.091667 0.000000 0.102083 0.021875 0.487500 0.032813 0.443750 0.067187 0.487500 0.079687 0.414583 0.106250 0.454167 0.318750 0.475000 0.321875 0.289583 0.260937 0.345833 0.215625 0.270833 0.125000 0.268750 0.134375 0.172917 0.081250 0.106250 0.073438 0.000000
9 0.000000 0.808333 0.445312 0.547917 0.684375 0.514583 0.331250 0.479167 0.323437 0.562500 0.318750 0.477083 0.081250 0.445833 0.043750 0.489583 0.032813 0.445833 0.021875 0.489583 0.000000 0.443750
10 0.071875 0.006250 0.125000 0.266667 0.260937 0.343750 0.323437 0.289583 0.309375 0.100000 0.356250 0.125000 0.365625 0.362500 0.421875 0.191667 0.446875 0.247917 0.575000 0.214583 0.632812 0.358333 0.737500 0.218750 0.762500 0.306250 0.768750 0.170833 0.771875 0.308333 0.946875 0.266667 0.867188 0.000000
10 0.029687 0.000000 0.000000 0.000000 0.000000 0.100000 0.009375 0.095833 0.010937 0.085417 0.029687 0.091667 0.028125 0.081250 0.017188 0.066667 0.017188 0.035417 0.021875 0.027083 0.029687 0.027083