0 0.000000 0.768750 0.000000 0.997917 0.998437 0.997917 0.998437 0.885417 0.800000 0.737500 0.654687 0.539583 0.456250 0.541667
2 0.764062 0.329167 0.764062 0.366667 0.781250 0.368750 0.785937 0.362500 0.793750 0.362500 0.796875 0.356250 0.801562 0.356250 0.804688 0.347917 0.804688 0.341667 0.798438 0.335417 0.793750 0.337500 0.792188 0.333333 0.787500 0.335417 0.779687 0.331250
2 0.745313 0.322917 0.745313 0.335417 0.742188 0.337500 0.742188 0.341667 0.740625 0.343750 0.740625 0.360417 0.742188 0.362500 0.745313 0.362500 0.748437 0.366667 0.756250 0.366667 0.756250 0.327083 0.748437 0.327083 0.746875 0.322917
2 0.704688 0.312500 0.687500 0.310417 0.650000 0.372917 0.631250 0.375000 0.610938 0.479167 0.648438 0.491667 0.657813 0.487500 0.670312 0.439583 0.687500 0.429167 0.681250 0.400000 0.692187 0.389583 0.700000 0.362500 0.695312 0.320833
3 0.000000 0.264583 0.000000 0.412500 0.014063 0.408333 0.029687 0.422917 0.118750 0.433333 0.126562 0.316667
4 0.553125 0.502083 0.654687 0.518750 0.657813 0.512500 0.657813 0.493750 0.621875 0.481250 0.554688 0.479167
4 0.701562 0.454167 0.696875 0.458333 0.695312 0.493750 0.689063 0.512500 0.687500 0.581250 0.696875 0.585417 0.700000 0.531250 0.706250 0.514583
5 0.795312 0.216667 0.760938 0.214583 0.757812 0.366667 0.762500 0.364583 0.765625 0.227083 0.768750 0.220833 0.795312 0.220833
5 0.387500 0.181250 0.360938 0.185417 0.378125 0.225000 0.367188 0.537500 0.381250 0.229167 0.398438 0.197917
8 0.623437 0.325000 0.606250 0.329167 0.610938 0.306250 0.587500 0.316667 0.584375 0.250000 0.568750 0.260417 0.546875 0.206250 0.453125 0.247917 0.443750 0.222917 0.395313 0.352083 0.378125 0.352083 0.375000 0.477083 0.550000 0.502083 0.554688 0.477083 0.606250 0.481250 0.626563 0.395833
8 0.000000 0.104167 0.000000 0.262500 0.128125 0.316667 0.128125 0.475000 0.185938 0.445833 0.365625 0.477083 0.367188 0.331250 0.334375 0.283333 0.282813 0.347917 0.243750 0.275000 0.198437 0.268750 0.215625 0.241667 0.171875 0.158333 0.164062 0.052083 0.135937 0.050000 0.135937 0.150000 0.106250 0.166667
8 0.820312 0.000000 0.829688 0.077083 0.796875 0.083333 0.859375 0.289583 0.748437 0.368750 0.729688 0.260417 0.656250 0.547917 0.800000 0.735417 0.998437 0.883333 0.998437 0.202083 0.953125 0.187500 0.998437 0.000000
9 0.000000 0.766667 0.456250 0.539583 0.657813 0.520833 0.375000 0.479167 0.367188 0.539583 0.365625 0.479167 0.185938 0.447917 0.128125 0.477083 0.120313 0.437500 0.000000 0.420833
10 0.998437 0.079167 0.995313 0.095833 0.981250 0.114583 0.971875 0.147917 0.956250 0.170833 0.954688 0.187500 0.967187 0.195833 0.965625 0.204167 0.970313 0.214583 0.998437 0.200000
10 0.000000 0.000000 0.001563 0.106250 0.081250 0.166667 0.164062 0.050000 0.200000 0.268750 0.282813 0.345833 0.334375 0.281250 0.371875 0.339583 0.362500 0.179167 0.400000 0.191667 0.381250 0.362500 0.440625 0.222917 0.540625 0.204167 0.625000 0.383333 0.732812 0.256250 0.756250 0.325000 0.764062 0.210417 0.764062 0.327083 0.857812 0.289583 0.818750 0.000000