0 0.998437 0.822917 0.759375 0.660417 0.678125 0.535417 0.460938 0.539583 0.001563 0.812500 0.000000 0.997917 0.998437 0.997917
2 0.768750 0.312500 0.768750 0.343750 0.771875 0.350000 0.775000 0.350000 0.779687 0.339583 0.787500 0.331250 0.793750 0.331250 0.795312 0.335417 0.803125 0.335417 0.807813 0.331250 0.806250 0.316667 0.803125 0.318750 0.787500 0.312500 0.771875 0.312500 0.770312 0.310417
2 0.750000 0.308333 0.748437 0.310417 0.748437 0.318750 0.745313 0.322917 0.745313 0.339583 0.746875 0.341667 0.753125 0.339583 0.759375 0.343750 0.764062 0.343750 0.764062 0.312500 0.762500 0.310417
2 0.703125 0.295833 0.679688 0.295833 0.640625 0.362500 0.625000 0.360417 0.632812 0.372917 0.612500 0.404167 0.617188 0.414583 0.607812 0.466667 0.659375 0.477083 0.662500 0.510417 0.678125 0.510417 0.676562 0.470833 0.692187 0.425000 0.684375 0.379167 0.696875 0.370833
3 0.000000 0.285417 0.000000 0.439583 0.029687 0.439583 0.025000 0.362500 0.029687 0.343750 0.046875 0.331250 0.068750 0.352083 0.070312 0.402083 0.081250 0.368750 0.092188 0.387500 0.087500 0.341667 0.075000 0.310417
4 0.901563 0.666667 0.896875 0.706250 0.890625 0.720833 0.965625 0.781250 0.968750 0.750000 0.985938 0.718750 0.984375 0.708333 0.910937 0.666667
4 0.573438 0.475000 0.573438 0.497917 0.660937 0.510417 0.659375 0.479167
4 0.546875 0.470833 0.546875 0.495833 0.556250 0.495833 0.557813 0.497917 0.565625 0.497917 0.567187 0.495833 0.567187 0.477083 0.565625 0.472917 0.556250 0.472917 0.554688 0.470833
4 0.489063 0.464583 0.487500 0.477083 0.498437 0.477083 0.500000 0.481250 0.501563 0.481250 0.503125 0.477083 0.509375 0.477083 0.510938 0.481250 0.525000 0.481250 0.525000 0.462500 0.523438 0.460417 0.492188 0.458333
4 0.737500 0.427083 0.729688 0.439583 0.729688 0.466667 0.720313 0.504167 0.717187 0.593750 0.756250 0.629167 0.756250 0.616667 0.742188 0.593750 0.750000 0.502083 0.743750 0.431250
5 0.801562 0.181250 0.767188 0.179167 0.765625 0.347917 0.770312 0.187500 0.801562 0.187500
5 0.328125 0.114583 0.317188 0.131250 0.339062 0.177083 0.334375 0.558333 0.342187 0.181250 0.364063 0.139583
8 0.621875 0.302083 0.604688 0.318750 0.604688 0.281250 0.581250 0.308333 0.579688 0.225000 0.556250 0.239583 0.532813 0.191667 0.454688 0.250000 0.454688 0.218750 0.420312 0.202083 0.373437 0.362500 0.340625 0.320833 0.340625 0.477083 0.545312 0.495833 0.554688 0.468750 0.571875 0.497917 0.575000 0.470833 0.615625 0.472917
8 0.848437 0.000000 0.935937 0.277083 0.771875 0.352083 0.734375 0.227083 0.678125 0.556250 0.715625 0.589583 0.740625 0.425000 0.756250 0.654167 0.984375 0.706250 0.967187 0.793750 0.998437 0.820833 0.998437 0.000000
8 0.050000 0.000000 0.051562 0.100000 0.000000 0.133333 0.000000 0.283333 0.075000 0.308333 0.093750 0.377083 0.070312 0.404167 0.064062 0.345833 0.031250 0.343750 0.045312 0.481250 0.053125 0.443750 0.078125 0.483333 0.095312 0.445833 0.329688 0.475000 0.332813 0.300000 0.300000 0.289583 0.265625 0.345833 0.220312 0.270833 0.132812 0.270833 0.150000 0.181250 0.100000 0.112500 0.090625 0.000000
9 0.000000 0.814583 0.451562 0.539583 0.678125 0.516667 0.340625 0.479167 0.331250 0.560417 0.329688 0.477083 0.095312 0.447917 0.078125 0.485417 0.053125 0.445833 0.046875 0.485417 0.043750 0.447917 0.000000 0.441667
10 0.089063 0.000000 0.131250 0.266667 0.265625 0.343750 0.332813 0.297917 0.328125 0.112500 0.364063 0.360417 0.428125 0.195833 0.453125 0.247917 0.576562 0.218750 0.639062 0.360417 0.734375 0.225000 0.762500 0.308333 0.767188 0.177083 0.803125 0.181250 0.771875 0.310417 0.934375 0.277083 0.846875 0.000000
10 0.048438 0.000000 0.000000 0.000000 0.001563 0.133333 0.006250 0.135417 0.018750 0.112500 0.028125 0.112500 0.034375 0.095833 0.050000 0.100000 0.039062 0.081250 0.042188 0.070833 0.037500 0.058333 0.043750 0.041667 0.051562 0.041667