0 0.770312 0.997917 0.551562 0.529167 0.432812 0.514583 0.000000 0.620833 0.000000 0.997917
2 0.623437 0.356250 0.603125 0.389583 0.589063 0.389583 0.575000 0.418750 0.615625 0.402083 0.615625 0.387500
3 0.117188 0.291667 0.137500 0.308333 0.146875 0.306250 0.151562 0.314583 0.140625 0.327083 0.131250 0.327083 0.126562 0.306250 0.123438 0.322917 0.118750 0.312500 0.114062 0.343750 0.120313 0.366667 0.131250 0.366667 0.139063 0.377083 0.170313 0.377083 0.165625 0.354167 0.160938 0.354167 0.160938 0.312500
3 0.000000 0.229167 0.000000 0.381250 0.034375 0.366667 0.051562 0.379167 0.073438 0.370833 0.092188 0.391667 0.084375 0.375000 0.103125 0.360417 0.106250 0.283333
3 0.850000 0.000000 0.625000 0.354167 0.625000 0.589583 0.685937 0.687500 0.735938 0.612500 0.742188 0.777083 0.787500 0.860417 0.964063 0.937500 0.998437 0.997917 0.998437 0.000000
4 0.507812 0.479167 0.506250 0.497917 0.521875 0.502083 0.534375 0.502083 0.535937 0.506250 0.548438 0.506250 0.551562 0.502083 0.551562 0.487500 0.548438 0.485417 0.520312 0.483333 0.518750 0.479167
4 0.462500 0.462500 0.460938 0.472917 0.456250 0.481250 0.473438 0.483333 0.473438 0.479167 0.476562 0.477083 0.481250 0.487500 0.489063 0.491667 0.490625 0.487500 0.490625 0.466667 0.475000 0.464583 0.473438 0.462500
4 0.101562 0.372917 0.096875 0.366667 0.085938 0.375000 0.095312 0.387500 0.092188 0.393750 0.078125 0.385417 0.076563 0.379167 0.079687 0.377083 0.073438 0.372917 0.062500 0.381250 0.051562 0.381250 0.034375 0.368750 0.021875 0.379167 0.068750 0.385417 0.096875 0.395833
4 0.114062 0.345833 0.115625 0.356250 0.112500 0.358333 0.110937 0.397917 0.123438 0.404167 0.165625 0.408333 0.170313 0.412500 0.165625 0.379167 0.156250 0.375000 0.139063 0.379167 0.137500 0.372917 0.125000 0.368750 0.123438 0.372917 0.118750 0.366667 0.118750 0.354167
4 0.117188 0.293750 0.115625 0.320833 0.118750 0.320833 0.117188 0.316667 0.118750 0.310417 0.123438 0.316667 0.123438 0.320833 0.126562 0.304167 0.128125 0.320833 0.131250 0.325000 0.140625 0.325000 0.150000 0.314583 0.146875 0.312500 0.146875 0.308333 0.137500 0.310417 0.131250 0.306250 0.129688 0.302083 0.126562 0.304167
5 0.385937 0.289583 0.392188 0.300000 0.393750 0.335417 0.381250 0.502083 0.385937 0.495833 0.395313 0.302083 0.404687 0.297917
8 0.396875 0.302083 0.389062 0.468750 0.551562 0.485417 0.553125 0.562500 0.632812 0.700000 0.775000 0.835417 0.740625 0.777083 0.740625 0.685417 0.701562 0.658333 0.685937 0.689583 0.625000 0.597917 0.621875 0.389583 0.565625 0.420833 0.525000 0.245833
8 0.707812 0.118750 0.696875 0.129167 0.690625 0.160417 0.687500 0.112500 0.679688 0.114583 0.682813 0.168750 0.675000 0.175000 0.676562 0.193750 0.651563 0.212500 0.651563 0.256250 0.640625 0.264583 0.646875 0.320833 0.712500 0.220833 0.712500 0.189583 0.701562 0.168750
8 0.000000 0.031250 0.000000 0.227083 0.107813 0.283333 0.101562 0.429167 0.126562 0.289583 0.164062 0.316667 0.171875 0.412500 0.381250 0.466667 0.390625 0.306250 0.346875 0.354167 0.317188 0.279167 0.275000 0.312500 0.271875 0.181250 0.228125 0.158333 0.260937 0.137500 0.232813 0.039583 0.257812 0.000000
9 0.639062 0.708333 0.771875 0.997917 0.985938 0.997917 0.964063 0.939583 0.906250 0.935417 0.864062 0.893750 0.846875 0.910417 0.723437 0.802083 0.689063 0.729167
9 0.735938 0.614583 0.732812 0.614583 0.729688 0.629167 0.729688 0.660417 0.728125 0.668750 0.723437 0.677083 0.729688 0.687500 0.739062 0.683333 0.740625 0.675000 0.740625 0.647917 0.737500 0.637500 0.739062 0.629167 0.735938 0.622917
9 0.000000 0.383333 0.000000 0.618750 0.432812 0.512500 0.551562 0.527083 0.389062 0.470833 0.381250 0.504167 0.375000 0.466667 0.114062 0.400000 0.101562 0.431250 0.098437 0.397917
10 0.229687 0.158333 0.273438 0.181250 0.275000 0.310417 0.317188 0.277083 0.346875 0.352083 0.385937 0.287500 0.514062 0.233333 0.570312 0.422917 0.645312 0.325000 0.678125 0.114583 0.690625 0.158333 0.709375 0.118750 0.714063 0.216667 0.848437 0.000000 0.259375 0.000000 0.234375 0.039583 0.262500 0.137500
10 0.000000 0.000000 0.000000 0.029167 0.004687 0.029167 0.006250 0.033333 0.012500 0.029167 0.012500 0.018750 0.018750 0.012500 0.023438 0.016667 0.031250 0.012500 0.051562 0.018750 0.053125 0.016667 0.048438 0.000000