0 0.485938 0.468750 0.462500 0.470833 0.460938 0.479167 0.456250 0.479167 0.454688 0.483333 0.451562 0.483333 0.450000 0.489583 0.445312 0.485417 0.443750 0.491667 0.459375 0.491667 0.460938 0.487500 0.467187 0.487500 0.475000 0.481250 0.481250 0.481250 0.482812 0.477083 0.487500 0.477083
0 0.998437 0.591667 0.734375 0.400000 0.507812 0.458333 0.478125 0.522917 0.003125 0.791667 0.000000 0.997917 0.998437 0.997917
1 0.346875 0.508333 0.221875 0.543750 0.217188 0.550000 0.331250 0.518750
2 0.393750 0.343750 0.376563 0.358333 0.359375 0.354167 0.359375 0.379167 0.375000 0.485417 0.400000 0.477083 0.404687 0.464583 0.403125 0.412500
2 0.593750 0.341667 0.592187 0.343750 0.596875 0.360417 0.603125 0.345833 0.614062 0.354167 0.615625 0.385417 0.612500 0.387500 0.612500 0.397917 0.621875 0.397917 0.626563 0.387500 0.621875 0.381250 0.623437 0.368750 0.620313 0.343750
2 0.403125 0.331250 0.410938 0.464583 0.435937 0.460417 0.425000 0.441667 0.437500 0.425000 0.481250 0.427083 0.485938 0.414583 0.489063 0.437500 0.537500 0.435417 0.548438 0.402083 0.576562 0.414583 0.557813 0.381250 0.564063 0.345833 0.581250 0.356250 0.581250 0.331250 0.484375 0.302083 0.454688 0.316667 0.446875 0.297917 0.435937 0.302083 0.434375 0.333333
2 0.229687 0.229167 0.182812 0.345833 0.157812 0.352083 0.146875 0.385417 0.146875 0.502083 0.232813 0.489583 0.245312 0.535417 0.362500 0.491667 0.351562 0.370833 0.315625 0.370833 0.321875 0.343750 0.300000 0.362500 0.271875 0.314583 0.270313 0.287500 0.290625 0.293750 0.287500 0.243750
2 0.998437 0.000000 0.826562 0.000000 0.835938 0.133333 0.690625 0.195833 0.718750 0.402083 0.750000 0.177083 0.773438 0.164583 0.821875 0.272917 0.900000 0.183333 0.887500 0.154167 0.917188 0.072917
4 0.246875 0.525000 0.231250 0.497917 0.179688 0.500000 0.171875 0.510417 0.164062 0.500000 0.001563 0.543750 0.000000 0.597917 0.121875 0.560417 0.215625 0.550000
4 0.454688 0.460417 0.412500 0.460417 0.403125 0.477083 0.375000 0.487500 0.382812 0.502083 0.437500 0.493750 0.435937 0.502083 0.398438 0.520833 0.398438 0.547917 0.400000 0.531250 0.437500 0.502083 0.473438 0.495833 0.470313 0.489583 0.442188 0.491667 0.460938 0.477083
4 0.901563 0.181250 0.820312 0.275000 0.821875 0.416667 0.954688 0.522917 0.959375 0.550000 0.998437 0.562500 0.998437 0.258333 0.967187 0.295833 0.945312 0.289583
5 0.482812 0.416667 0.484375 0.456250 0.487500 0.458333 0.484375 0.460417 0.487500 0.462500 0.489063 0.477083 0.468750 0.487500 0.473438 0.491667 0.487500 0.481250 0.490625 0.508333 0.493750 0.508333 0.490625 0.472917 0.495312 0.466667 0.485938 0.435417 0.485938 0.416667
5 0.396875 0.333333 0.395313 0.352083 0.404687 0.412500 0.406250 0.464583 0.403125 0.475000 0.409375 0.466667 0.404687 0.420833 0.403125 0.343750
5 0.354687 0.000000 0.382812 0.216667 0.364063 0.039583
8 0.426563 0.441667 0.426563 0.447917 0.432812 0.450000 0.439063 0.462500 0.454688 0.458333 0.460938 0.466667 0.485938 0.458333 0.482812 0.456250 0.482812 0.435417 0.478125 0.425000 0.437500 0.427083
8 0.543750 0.414583 0.542188 0.429167 0.537500 0.437500 0.526563 0.435417 0.517188 0.441667 0.489063 0.439583 0.493750 0.462500 0.501563 0.464583 0.507812 0.452083 0.543750 0.439583
8 0.612500 0.354167 0.603125 0.347917 0.596875 0.362500 0.589063 0.333333 0.581250 0.358333 0.564063 0.347917 0.560937 0.393750 0.575000 0.395833 0.578125 0.414583 0.548438 0.404167 0.546875 0.439583 0.559375 0.437500 0.565625 0.425000 0.571875 0.429167 0.575000 0.416667 0.581250 0.435417 0.585938 0.416667 0.589063 0.420833 0.595313 0.408333 0.592187 0.393750 0.609375 0.391667
8 0.475000 0.291667 0.473438 0.289583 0.460938 0.289583 0.454688 0.295833 0.448437 0.297917 0.448437 0.308333 0.451562 0.308333 0.454688 0.314583 0.459375 0.314583 0.460938 0.310417 0.465625 0.310417 0.462500 0.306250 0.465625 0.304167 0.467187 0.300000 0.475000 0.300000
8 0.618750 0.281250 0.615625 0.327083 0.623437 0.329167 0.620313 0.341667 0.625000 0.385417 0.651563 0.381250 0.662500 0.391667 0.667188 0.389583 0.671875 0.362500 0.701562 0.356250 0.690625 0.329167 0.675000 0.322917 0.671875 0.312500 0.664062 0.316667 0.662500 0.306250 0.650000 0.300000 0.648438 0.285417
8 0.773438 0.166667 0.748437 0.185417 0.757812 0.204167 0.729688 0.270833 0.737500 0.308333 0.723437 0.325000 0.734375 0.360417 0.721875 0.379167 0.750000 0.416667 0.781250 0.418750 0.815625 0.445833 0.823438 0.420833 0.812500 0.225000 0.773438 0.193750
8 0.067187 0.062500 0.023438 0.104167 0.000000 0.100000 0.000000 0.547917 0.118750 0.516667 0.151562 0.481250 0.137500 0.370833 0.107813 0.333333 0.112500 0.275000 0.135937 0.281250 0.145313 0.254167 0.101562 0.231250 0.117188 0.158333
8 0.320312 0.008333 0.310937 0.100000 0.270313 0.133333 0.296875 0.214583 0.292187 0.293750 0.268750 0.300000 0.300000 0.360417 0.321875 0.341667 0.315625 0.368750 0.353125 0.370833 0.376563 0.525000 0.357812 0.354167 0.412500 0.325000 0.412500 0.277083 0.393750 0.268750 0.404687 0.222917 0.360938 0.210417 0.362500 0.108333 0.340625 0.097917
8 0.998437 0.006250 0.981250 0.031250 0.964063 0.031250 0.918750 0.072917 0.889062 0.154167 0.903125 0.172917 0.929688 0.262500 0.957812 0.293750 0.981250 0.283333 0.984375 0.260417 0.998437 0.256250
8 0.000000 0.000000 0.000000 0.045833 0.006250 0.041667 0.007812 0.043750 0.018750 0.043750 0.020313 0.039583 0.020313 0.031250 0.018750 0.029167 0.021875 0.025000 0.021875 0.012500 0.023438 0.010417 0.021875 0.000000
9 0.489063 0.504167 0.437500 0.504167 0.398438 0.550000 0.396875 0.520833 0.435937 0.493750 0.376563 0.500000 0.376563 0.527083 0.362500 0.493750 0.000000 0.600000 0.000000 0.793750
9 0.815625 0.435417 0.817187 0.447917 0.853125 0.466667 0.931250 0.545833 0.998437 0.589583 0.998437 0.564583 0.975000 0.547917 0.959375 0.552083 0.954688 0.525000 0.839063 0.443750 0.826562 0.420833
10 0.359375 0.000000 0.382812 0.210417 0.428125 0.335417 0.473438 0.287500 0.618750 0.339583 0.620313 0.258333 0.701562 0.343750 0.689063 0.195833 0.834375 0.133333 0.825000 0.000000
10 0.001563 0.100000 0.067187 0.060417 0.101562 0.108333 0.101562 0.227083 0.146875 0.254167 0.109375 0.316667 0.137500 0.406250 0.229687 0.227083 0.290625 0.245833 0.268750 0.133333 0.309375 0.100000 0.320312 0.006250 0.378125 0.208333 0.353125 0.000000 0.023438 0.000000
13 0.712500 0.372917 0.704688 0.358333 0.671875 0.364583 0.667188 0.391667 0.651563 0.383333 0.628125 0.387500 0.621875 0.400000 0.596875 0.406250 0.590625 0.431250 0.600000 0.439583 0.604688 0.433333 0.653125 0.427083 0.667188 0.414583 0.673438 0.422917 0.696875 0.408333 0.709375 0.414583 0.717187 0.402083
18 0.589063 0.427083 0.587500 0.425000 0.581250 0.437500 0.576562 0.429167 0.575000 0.418750 0.571875 0.431250 0.568750 0.427083 0.565625 0.427083 0.560937 0.437500 0.557813 0.439583 0.560937 0.441667 0.562500 0.447917 0.567187 0.447917 0.571875 0.439583 0.575000 0.439583 0.576562 0.443750 0.581250 0.437500 0.585938 0.439583 0.587500 0.443750 0.590625 0.439583