0 0.470313 0.522917 0.467187 0.483333 0.446875 0.489583 0.443750 0.487500 0.443750 0.495833 0.431250 0.500000 0.429688 0.508333 0.428125 0.504167 0.421875 0.504167 0.426563 0.510417 0.437500 0.510417 0.467187 0.497917 0.468750 0.502083 0.460938 0.504167 0.456250 0.512500
0 0.998437 0.627083 0.717187 0.433333 0.492188 0.477083 0.459375 0.545833 0.000000 0.783333 0.000000 0.997917 0.998437 0.997917
1 0.321875 0.518750 0.195312 0.547917 0.193750 0.554167 0.310937 0.527083
2 0.576562 0.362500 0.578125 0.381250 0.587500 0.370833 0.596875 0.393750 0.595313 0.414583 0.589063 0.420833 0.576562 0.418750 0.576562 0.422917 0.601562 0.425000 0.607812 0.416667 0.596875 0.402083 0.603125 0.383333 0.601562 0.368750
2 0.567187 0.358333 0.421875 0.312500 0.412500 0.350000 0.403125 0.331250 0.382812 0.347917 0.382812 0.422917 0.373437 0.352083 0.337500 0.356250 0.348438 0.495833 0.415625 0.475000 0.418750 0.439583 0.467187 0.433333 0.478125 0.456250 0.504687 0.454167 0.514062 0.429167 0.517188 0.450000 0.529687 0.422917 0.556250 0.435417 0.540625 0.414583 0.543750 0.370833 0.560937 0.379167
2 0.204687 0.222917 0.154688 0.337500 0.117188 0.370833 0.109375 0.502083 0.200000 0.497917 0.196875 0.445833 0.217188 0.539583 0.339062 0.506250 0.328125 0.372917 0.271875 0.362500 0.239063 0.291667 0.264062 0.287500 0.264062 0.243750
2 0.998437 0.000000 0.820312 0.000000 0.828125 0.175000 0.675000 0.229167 0.698438 0.433333 0.714063 0.431250 0.698438 0.402083 0.731250 0.218750 0.756250 0.206250 0.765625 0.252083 0.800000 0.254167 0.810937 0.308333 0.943750 0.172917 0.998437 0.050000
4 0.215625 0.539583 0.200000 0.500000 0.137500 0.508333 0.129688 0.497917 0.103125 0.500000 0.062500 0.518750 0.000000 0.527083 0.000000 0.581250 0.114062 0.554167 0.182812 0.556250
4 0.439063 0.477083 0.392188 0.481250 0.353125 0.510417 0.420312 0.508333 0.415625 0.518750 0.375000 0.535417 0.373437 0.568750 0.379688 0.545833 0.398438 0.539583 0.400000 0.558333 0.406250 0.527083 0.429688 0.516667 0.434375 0.529167 0.435937 0.516667 0.454688 0.516667 0.451562 0.508333 0.420312 0.506250 0.442188 0.495833
4 0.945312 0.170833 0.814063 0.302083 0.812500 0.470833 0.987500 0.581250 0.998437 0.612500 0.998437 0.360417 0.951562 0.256250
5 0.465625 0.435417 0.468750 0.456250 0.471875 0.529167 0.476562 0.529167 0.473438 0.506250 0.473438 0.491667 0.476562 0.483333 0.473438 0.475000 0.470313 0.445833
5 0.375000 0.343750 0.375000 0.364583 0.378125 0.366667 0.378125 0.389583 0.381250 0.400000 0.381250 0.414583 0.384375 0.420833 0.387500 0.416667 0.387500 0.404167 0.384375 0.402083 0.384375 0.352083 0.381250 0.350000 0.379688 0.339583
5 0.342187 0.000000 0.362500 0.214583 0.367188 0.220833 0.346875 0.000000
8 0.414062 0.450000 0.414062 0.462500 0.417187 0.466667 0.417187 0.475000 0.420312 0.477083 0.435937 0.472917 0.442188 0.481250 0.451562 0.481250 0.453125 0.477083 0.467187 0.477083 0.467187 0.456250 0.462500 0.441667 0.429688 0.439583 0.418750 0.441667
8 0.525000 0.431250 0.521875 0.435417 0.521875 0.447917 0.515625 0.454167 0.512500 0.450000 0.507812 0.450000 0.504687 0.456250 0.471875 0.456250 0.475000 0.460417 0.476562 0.481250 0.485938 0.481250 0.490625 0.468750 0.509375 0.466667 0.525000 0.460417
8 0.573438 0.358333 0.564063 0.362500 0.560937 0.381250 0.546875 0.366667 0.542188 0.414583 0.556250 0.416667 0.557813 0.435417 0.540625 0.435417 0.529687 0.425000 0.529687 0.460417 0.545312 0.454167 0.546875 0.445833 0.553125 0.452083 0.556250 0.443750 0.564063 0.460417 0.568750 0.437500 0.573438 0.439583 0.578125 0.429167 0.575000 0.418750 0.592187 0.414583 0.592187 0.381250 0.585938 0.372917 0.578125 0.383333
8 0.604688 0.302083 0.598437 0.339583 0.604688 0.354167 0.598437 0.402083 0.609375 0.412500 0.609375 0.381250 0.612500 0.412500 0.635938 0.408333 0.642188 0.418750 0.648438 0.416667 0.653125 0.393750 0.684375 0.387500 0.668750 0.356250 0.656250 0.354167 0.653125 0.341667 0.646875 0.345833 0.645312 0.335417 0.631250 0.327083 0.631250 0.312500 0.610938 0.310417
8 0.457813 0.302083 0.454688 0.304167 0.450000 0.302083 0.448437 0.304167 0.443750 0.304167 0.439063 0.308333 0.432812 0.310417 0.431250 0.312500 0.431250 0.318750 0.432812 0.322917 0.435937 0.320833 0.439063 0.322917 0.442188 0.318750 0.446875 0.320833 0.448437 0.318750 0.451562 0.318750 0.453125 0.314583 0.457813 0.314583 0.459375 0.312500 0.459375 0.306250
8 0.737500 0.212500 0.739062 0.241667 0.712500 0.310417 0.717187 0.337500 0.704688 0.347917 0.714063 0.395833 0.700000 0.404167 0.732812 0.450000 0.767188 0.452083 0.809375 0.477083 0.810937 0.316667 0.798438 0.300000 0.801562 0.258333 0.765625 0.254167 0.757812 0.210417
8 0.998437 0.052083 0.976562 0.079167 0.945312 0.156250 0.959375 0.227083 0.953125 0.256250 0.995313 0.327083 0.998437 0.358333
8 0.018750 0.014583 0.000000 0.029167 0.000000 0.525000 0.076563 0.512500 0.115625 0.481250 0.103125 0.364583 0.071875 0.320833 0.060937 0.250000 0.090625 0.260417 0.101562 0.229167 0.054688 0.204167 0.071875 0.116667
8 0.304688 0.000000 0.290625 0.089583 0.248438 0.118750 0.276562 0.200000 0.265625 0.287500 0.240625 0.291667 0.271875 0.360417 0.329688 0.372917 0.346875 0.541667 0.334375 0.358333 0.395313 0.327083 0.396875 0.285417 0.376563 0.272917 0.389062 0.227083 0.343750 0.210417 0.348438 0.104167 0.326562 0.095833
9 0.468750 0.522917 0.414062 0.525000 0.373437 0.570833 0.373437 0.535417 0.415625 0.510417 0.353125 0.514583 0.346875 0.543750 0.331250 0.508333 0.000000 0.583333 0.000000 0.781250
9 0.804688 0.479167 0.903125 0.547917 0.959375 0.606250 0.998437 0.625000 0.987500 0.583333 0.843750 0.485417 0.812500 0.472917
10 0.348438 0.000000 0.367188 0.212500 0.398438 0.285417 0.385937 0.350000 0.457813 0.300000 0.598437 0.366667 0.604688 0.300000 0.679688 0.377083 0.673438 0.229167 0.826562 0.175000 0.818750 0.000000
10 0.312500 0.000000 0.310937 0.031250 0.326562 0.070833 0.328125 0.095833 0.350000 0.104167 0.343750 0.116667 0.346875 0.141667 0.339062 0.183333 0.345313 0.210417 0.360938 0.210417 0.340625 0.000000
10 0.000000 0.000000 0.073438 0.116667 0.053125 0.195833 0.103125 0.229167 0.090625 0.262500 0.062500 0.250000 0.106250 0.402083 0.204687 0.220833 0.267188 0.241667 0.275000 0.197917 0.246875 0.118750 0.289062 0.089583 0.303125 0.000000
13 0.693750 0.402083 0.684375 0.389583 0.667188 0.389583 0.651563 0.397917 0.646875 0.420833 0.635938 0.410417 0.618750 0.410417 0.601562 0.427083 0.579688 0.427083 0.573438 0.441667 0.575000 0.456250 0.581250 0.464583 0.584375 0.458333 0.612500 0.458333 0.628125 0.450000 0.637500 0.454167 0.639062 0.445833 0.646875 0.450000 0.648438 0.439583 0.654687 0.450000 0.673438 0.441667 0.692187 0.443750 0.696875 0.439583