0 0.110937 0.566667 0.109375 0.562500 0.096875 0.562500 0.095312 0.566667 0.048438 0.572917 0.046875 0.577083 0.028125 0.583333 0.062500 0.577083 0.107813 0.575000
0 0.998437 0.697917 0.632812 0.481250 0.378125 0.510417 0.357812 0.593750 0.320312 0.520833 0.326562 0.625000 0.000000 0.789583 0.000000 0.997917 0.493750 0.787500 0.745313 0.879167 0.834375 0.810417 0.998437 0.862500
1 0.965625 0.664583 0.970313 0.664583 0.971875 0.672917 0.981250 0.679167 0.987500 0.693750 0.998437 0.695833 0.998437 0.664583 0.993750 0.664583 0.992188 0.660417 0.976562 0.654167 0.976562 0.658333 0.973437 0.664583 0.968750 0.662500
1 0.112500 0.566667 0.109375 0.552083 0.039062 0.562500 0.029687 0.568750 0.000000 0.570833 0.000000 0.589583 0.017188 0.589583 0.048438 0.570833 0.095312 0.564583 0.096875 0.560417 0.109375 0.560417
2 0.471875 0.400000 0.475000 0.418750 0.482812 0.408333 0.487500 0.412500 0.492188 0.450000 0.487500 0.458333 0.471875 0.456250 0.475000 0.468750 0.478125 0.470833 0.482812 0.464583 0.506250 0.466667 0.509375 0.460417 0.496875 0.452083 0.495312 0.439583 0.501563 0.410417
2 0.151562 0.341667 0.164062 0.539583 0.223438 0.529167 0.229687 0.460417 0.245312 0.518750 0.281250 0.516667 0.290625 0.456250 0.410938 0.495833 0.417187 0.456250 0.454688 0.466667 0.435937 0.427083 0.465625 0.393750 0.354687 0.337500 0.314063 0.356250 0.304688 0.331250 0.256250 0.404167 0.240625 0.368750 0.232813 0.431250 0.223438 0.325000
2 0.253125 0.322917 0.254688 0.337500 0.262500 0.335417 0.265625 0.341667 0.262500 0.347917 0.254688 0.347917 0.253125 0.352083 0.250000 0.347917 0.250000 0.352083 0.253125 0.354167 0.254688 0.360417 0.264062 0.364583 0.268750 0.360417 0.271875 0.350000 0.270313 0.354167 0.267188 0.347917 0.267188 0.331250 0.268750 0.329167 0.271875 0.331250 0.271875 0.325000 0.268750 0.329167 0.262500 0.320833
2 0.637500 0.266667 0.578125 0.275000 0.582812 0.435417 0.598437 0.452083 0.598437 0.481250 0.631250 0.479167 0.626563 0.456250 0.631250 0.414583 0.618750 0.397917 0.615625 0.372917 0.621875 0.333333 0.637500 0.302083
2 0.000000 0.231250 0.003125 0.554167 0.148438 0.543750 0.140625 0.352083 0.070312 0.341667 0.060937 0.318750 0.084375 0.320833 0.078125 0.302083 0.040625 0.327083
2 0.015625 0.160417 0.007812 0.170833 0.007812 0.175000 0.003125 0.177083 0.004687 0.179167 0.000000 0.185417 0.000000 0.197917 0.004687 0.195833 0.020313 0.210417 0.035937 0.214583 0.035937 0.206250 0.014063 0.189583 0.012500 0.172917 0.015625 0.168750 0.031250 0.168750
2 0.998437 0.000000 0.784375 0.000000 0.784375 0.237500 0.657813 0.262500 0.667188 0.318750 0.728125 0.297917 0.735938 0.368750 0.998437 0.231250
3 0.998437 0.864583 0.834375 0.812500 0.745313 0.881250 0.578125 0.781250 0.510938 0.837500 0.493750 0.789583 0.373437 0.885417 0.321875 0.841667 0.278125 0.914583 0.167187 0.906250 0.057813 0.997917 0.998437 0.997917
3 0.229687 0.462500 0.225000 0.468750 0.225000 0.472917 0.229687 0.475000 0.229687 0.481250 0.226562 0.487500 0.229687 0.500000 0.226562 0.502083 0.228125 0.506250 0.231250 0.502083 0.232813 0.504167 0.231250 0.522917 0.240625 0.522917 0.243750 0.518750 0.239063 0.516667 0.235937 0.508333 0.237500 0.483333 0.242188 0.468750 0.239063 0.464583
4 0.290625 0.572917 0.140625 0.629167 0.139063 0.637500 0.164062 0.629167 0.170313 0.635417 0.168750 0.693750 0.173437 0.693750 0.175000 0.656250 0.184375 0.635417 0.239063 0.602083 0.282813 0.587500 0.275000 0.581250
4 0.309375 0.539583 0.301563 0.516667 0.167187 0.539583 0.157812 0.550000 0.112500 0.545833 0.110937 0.554167 0.120313 0.577083 0.146875 0.597917
4 0.739062 0.385417 0.723437 0.387500 0.726562 0.502083 0.729688 0.506250 0.732812 0.495833 0.746875 0.481250 0.751563 0.470833 0.739062 0.420833 0.742188 0.391667
4 0.998437 0.233333 0.815625 0.341667 0.796875 0.393750 0.800000 0.450000 0.779687 0.468750 0.795312 0.527083 0.998437 0.629167
5 0.346875 0.554167 0.306250 0.566667 0.276562 0.581250 0.276562 0.585417 0.287500 0.583333 0.292187 0.589583 0.295312 0.581250 0.329688 0.568750 0.335938 0.560417 0.345313 0.560417
5 0.348438 0.460417 0.353125 0.552083 0.351562 0.589583 0.357812 0.591667 0.357812 0.531250 0.362500 0.522917 0.368750 0.520833 0.360938 0.518750 0.351562 0.483333 0.351562 0.462500
5 0.231250 0.306250 0.225000 0.320833 0.226562 0.364583 0.229687 0.370833 0.232813 0.429167 0.239063 0.429167 0.239063 0.354167
5 0.218750 0.170833 0.218750 0.225000 0.225000 0.283333 0.231250 0.281250 0.225000 0.220833 0.228125 0.216667 0.225000 0.212500 0.225000 0.197917
5 0.204687 0.000000 0.214062 0.150000 0.220312 0.158333 0.223438 0.150000 0.217188 0.110417 0.212500 0.000000
8 0.353125 0.481250 0.354687 0.491667 0.359375 0.497917 0.362500 0.518750 0.371875 0.520833 0.381250 0.502083 0.409375 0.497917 0.407813 0.489583 0.404687 0.487500 0.370312 0.489583 0.356250 0.475000
8 0.284375 0.516667 0.287500 0.483333 0.289062 0.514583 0.348438 0.510417 0.346875 0.468750 0.332813 0.462500 0.304688 0.466667 0.290625 0.458333 0.287500 0.477083 0.284375 0.479167 0.282813 0.472917
8 0.485938 0.412500 0.475000 0.420833 0.465625 0.395833 0.464062 0.412500 0.454688 0.416667 0.443750 0.397917 0.437500 0.452083 0.454688 0.454167 0.456250 0.470833 0.432812 0.468750 0.423438 0.458333 0.421875 0.495833 0.450000 0.491667 0.454688 0.477083 0.462500 0.502083 0.468750 0.477083 0.473438 0.485417 0.470313 0.456250 0.490625 0.452083
8 0.510938 0.341667 0.500000 0.375000 0.500000 0.391667 0.507812 0.393750 0.503125 0.397917 0.506250 0.406250 0.498437 0.429167 0.498437 0.452083 0.506250 0.458333 0.535937 0.452083 0.551562 0.462500 0.556250 0.439583 0.579688 0.433333 0.567187 0.420833 0.562500 0.404167 0.551562 0.400000 0.543750 0.379167 0.532813 0.372917 0.532813 0.356250 0.525000 0.347917 0.514062 0.350000
8 0.351562 0.322917 0.343750 0.320833 0.342187 0.316667 0.334375 0.316667 0.326562 0.322917 0.317188 0.322917 0.315625 0.327083 0.312500 0.327083 0.310937 0.322917 0.304688 0.329167 0.310937 0.337500 0.310937 0.350000 0.314063 0.354167 0.317188 0.354167 0.317188 0.350000 0.320312 0.345833 0.337500 0.345833 0.342187 0.343750 0.343750 0.339583 0.346875 0.339583 0.350000 0.335417 0.350000 0.331250 0.353125 0.329167
8 0.639062 0.264583 0.617188 0.372917 0.640625 0.495833 0.768750 0.543750 0.807813 0.533333 0.782813 0.506250 0.778125 0.468750 0.798438 0.450000 0.795312 0.393750 0.814063 0.343750 0.764062 0.343750 0.734375 0.370833 0.723437 0.360417 0.728125 0.300000 0.675000 0.325000 0.656250 0.297917 0.659375 0.268750
8 0.034375 0.000000 0.056250 0.064583 0.014063 0.185417 0.037500 0.214583 0.003125 0.197917 0.040625 0.325000 0.078125 0.300000 0.070312 0.339583 0.142187 0.352083 0.157812 0.547917 0.150000 0.341667 0.250000 0.302083 0.250000 0.229167 0.226562 0.220833 0.225000 0.285417 0.217188 0.170833 0.226562 0.208333 0.246875 0.164583 0.175000 0.110417 0.176563 0.000000
9 0.348438 0.577083 0.331250 0.566667 0.292187 0.591667 0.239063 0.604167 0.184375 0.637500 0.175000 0.693750 0.332813 0.600000
9 0.303125 0.564583 0.270313 0.554167 0.137500 0.602083 0.114062 0.570833 0.000000 0.591667 0.000000 0.787500 0.167187 0.695833 0.168750 0.635417 0.140625 0.627083
9 0.778125 0.545833 0.998437 0.662500 0.998437 0.631250 0.859375 0.568750 0.834375 0.539583 0.803125 0.535417
10 0.214062 0.000000 0.251563 0.402083 0.342187 0.314583 0.501563 0.408333 0.506250 0.320833 0.581250 0.435417 0.578125 0.272917 0.782813 0.237500 0.782813 0.000000
10 0.178125 0.000000 0.184375 0.010417 0.181250 0.068750 0.167187 0.077083 0.176563 0.110417 0.193750 0.112500 0.209375 0.133333 0.206250 0.147917 0.212500 0.150000 0.203125 0.000000
10 0.032813 0.000000 0.000000 0.000000 0.000000 0.183333 0.015625 0.158333 0.032813 0.168750 0.039062 0.162500 0.021875 0.129167 0.035937 0.120833 0.054688 0.058333 0.051562 0.041667 0.039062 0.043750 0.021875 0.027083
13 0.596875 0.452083 0.589063 0.437500 0.556250 0.441667 0.551562 0.464583 0.526563 0.454167 0.512500 0.456250 0.506250 0.468750 0.482812 0.466667 0.475000 0.477083 0.475000 0.500000 0.481250 0.506250 0.484375 0.497917 0.492188 0.502083 0.496875 0.495833 0.500000 0.502083 0.506250 0.495833 0.509375 0.502083 0.540625 0.491667 0.548438 0.495833 0.553125 0.481250 0.557813 0.497917 0.578125 0.487500 0.592187 0.495833