0 0.998437 0.535417 0.848437 0.387500 0.584375 0.493750 0.554688 0.456250 0.571875 0.497917 0.000000 0.800000 0.000000 0.997917 0.998437 0.997917
2 0.732812 0.372917 0.721875 0.368750 0.712500 0.383333 0.710938 0.381250 0.707812 0.381250 0.704688 0.385417 0.687500 0.383333 0.682813 0.389583 0.689063 0.389583 0.692187 0.385417 0.698438 0.391667 0.703125 0.391667 0.704688 0.387500 0.720313 0.387500
2 0.696875 0.327083 0.696875 0.333333 0.700000 0.343750 0.704688 0.341667 0.709375 0.345833 0.717187 0.345833 0.718750 0.350000 0.723437 0.354167 0.726562 0.354167 0.728125 0.352083 0.728125 0.347917 0.721875 0.333333 0.721875 0.327083 0.715625 0.327083 0.714063 0.325000 0.698438 0.325000
2 0.685937 0.318750 0.570312 0.293750 0.501563 0.337500 0.501563 0.404167 0.493750 0.345833 0.465625 0.352083 0.475000 0.466667 0.498437 0.460417 0.503125 0.412500 0.520312 0.450000 0.532813 0.414583 0.576562 0.406250 0.589063 0.429167 0.637500 0.418750 0.645312 0.391667 0.671875 0.395833 0.657813 0.354167 0.664062 0.331250 0.681250 0.345833
2 0.348438 0.241667 0.307812 0.347917 0.287500 0.352083 0.279687 0.377083 0.282813 0.477083 0.296875 0.491667 0.351562 0.487500 0.359375 0.516667 0.450000 0.495833 0.467187 0.477083 0.457813 0.364583 0.428125 0.370833 0.400000 0.339583 0.389062 0.302083 0.404687 0.300000 0.404687 0.252083
2 0.946875 0.102083 0.806250 0.166667 0.815625 0.322917 0.834375 0.387500 0.825000 0.300000 0.845313 0.279167 0.860938 0.191667 0.879687 0.175000 0.873437 0.143750 0.903125 0.129167 0.904687 0.152083 0.921875 0.162500 0.928125 0.125000
2 0.981250 0.000000 0.940625 0.000000 0.942187 0.041667 0.948438 0.056250 0.948438 0.089583 0.951562 0.091667 0.948438 0.097917 0.957812 0.087500 0.962500 0.075000 0.975000 0.010417
4 0.359375 0.508333 0.351562 0.489583 0.142187 0.525000 0.134375 0.508333 0.050000 0.525000 0.056250 0.568750 0.107813 0.575000
4 0.551562 0.447917 0.517188 0.452083 0.512500 0.435417 0.507812 0.437500 0.504687 0.456250 0.476562 0.475000 0.482812 0.483333 0.498437 0.487500 0.498437 0.514583 0.503125 0.502083 0.517188 0.502083 0.521875 0.491667 0.560937 0.477083 0.535937 0.475000 0.553125 0.462500
4 0.945312 0.216667 0.918750 0.268750 0.921875 0.402083 0.940625 0.456250 0.959375 0.468750 0.964063 0.491667 0.993750 0.502083 0.998437 0.527083 0.998437 0.362500 0.978125 0.300000 0.954688 0.277083
5 0.460938 0.006250 0.484375 0.225000 0.464062 0.025000 0.470313 0.018750 0.496875 0.029167 0.498437 0.020833
8 0.971875 0.504167 0.976562 0.516667 0.978125 0.516667 0.981250 0.522917 0.992188 0.529167 0.995313 0.533333 0.998437 0.533333 0.998437 0.529167 0.996875 0.527083 0.996875 0.510417 0.993750 0.508333 0.993750 0.504167 0.990625 0.504167 0.989062 0.500000 0.979688 0.500000 0.978125 0.504167
8 0.526563 0.427083 0.531250 0.435417 0.531250 0.445833 0.534375 0.447917 0.551562 0.445833 0.554688 0.454167 0.576562 0.452083 0.573438 0.416667 0.559375 0.414583 0.532813 0.416667
8 0.571875 0.281250 0.556250 0.281250 0.554688 0.285417 0.543750 0.289583 0.540625 0.295833 0.535937 0.293750 0.532813 0.316667 0.529687 0.320833 0.529687 0.325000 0.534375 0.318750 0.540625 0.318750 0.546875 0.310417 0.570312 0.300000 0.568750 0.293750 0.573438 0.291667
8 0.817187 0.325000 0.759375 0.285417 0.756250 0.264583 0.725000 0.260417 0.729688 0.352083 0.700000 0.345833 0.693750 0.318750 0.681250 0.347917 0.664062 0.333333 0.657813 0.379167 0.673438 0.395833 0.645312 0.393750 0.637500 0.420833 0.579688 0.422917 0.584375 0.454167 0.671875 0.414583 0.681250 0.425000 0.696875 0.393750 0.681250 0.387500 0.721875 0.366667 0.770312 0.377083 0.778125 0.350000 0.814063 0.341667
8 0.435937 0.045833 0.420312 0.083333 0.423438 0.129167 0.392188 0.162500 0.415625 0.227083 0.406250 0.300000 0.390625 0.310417 0.412500 0.360417 0.459375 0.364583 0.473438 0.487500 0.462500 0.354167 0.496875 0.339583 0.512500 0.285417 0.496875 0.270833 0.504687 0.231250 0.467187 0.229167 0.467187 0.131250 0.451562 0.129167
8 0.998437 0.000000 0.976562 0.010417 0.921875 0.164583 0.903125 0.131250 0.875000 0.143750 0.881250 0.175000 0.826562 0.300000 0.839063 0.383333 0.928125 0.435417 0.917188 0.268750 0.940625 0.216667 0.998437 0.360417
8 0.139063 0.000000 0.071875 0.000000 0.095312 0.168750 0.010937 0.108333 0.032813 0.168750 0.000000 0.212500 0.001563 0.602083 0.053125 0.575000 0.060937 0.518750 0.295312 0.493750 0.251563 0.329167 0.298438 0.287500 0.267188 0.260417 0.282813 0.200000 0.246875 0.133333 0.204687 0.177083 0.214062 0.085417 0.142187 0.141667
9 0.576562 0.487500 0.498437 0.516667 0.462500 0.479167 0.359375 0.525000 0.056250 0.570833 0.000000 0.602083 0.000000 0.797917
10 0.146875 0.145833 0.214062 0.083333 0.206250 0.177083 0.271875 0.172917 0.278125 0.377083 0.348438 0.239583 0.406250 0.250000 0.435937 0.043750 0.482812 0.222917 0.460938 0.004167 0.500000 0.020833 0.503125 0.339583 0.556250 0.279167 0.720313 0.325000 0.725000 0.258333 0.814063 0.316667 0.804688 0.166667 0.950000 0.091667 0.939063 0.000000 0.140625 0.000000
10 0.070312 0.000000 0.000000 0.000000 0.000000 0.210417 0.031250 0.168750 0.007812 0.127083 0.010937 0.106250 0.053125 0.114583 0.054688 0.137500 0.095312 0.166667 0.092188 0.129167 0.076563 0.110417 0.067187 0.064583 0.075000 0.050000 0.067187 0.039583
13 0.832812 0.375000 0.818750 0.341667 0.776563 0.354167 0.770312 0.379167 0.750000 0.368750 0.720313 0.389583 0.695312 0.395833 0.687500 0.425000 0.696875 0.429167 0.762500 0.408333 0.784375 0.410417 0.806250 0.395833 0.820312 0.402083 0.831250 0.391667