0 0.998437 0.537500 0.864062 0.385417 0.598437 0.493750 0.573438 0.460417 0.000000 0.802083 0.000000 0.997917 0.998437 0.997917
2 0.506250 0.345833 0.496875 0.354167 0.479687 0.354167 0.484375 0.427083 0.487500 0.429167 0.487500 0.452083 0.492188 0.468750 0.517188 0.454167 0.512500 0.439583 0.515625 0.402083
2 0.521875 0.439583 0.540625 0.443750 0.545312 0.414583 0.589063 0.408333 0.618750 0.427083 0.653125 0.414583 0.659375 0.387500 0.687500 0.393750 0.671875 0.364583 0.681250 0.331250 0.696875 0.345833 0.698438 0.320833 0.750000 0.360417 0.739062 0.325000 0.656250 0.297917 0.551562 0.289583 0.534375 0.345833 0.525000 0.327083 0.517188 0.337500
2 0.365625 0.239583 0.325000 0.345833 0.306250 0.350000 0.296875 0.372917 0.298438 0.477083 0.368750 0.479167 0.381250 0.510417 0.467187 0.491667 0.481250 0.468750 0.473438 0.364583 0.428125 0.362500 0.404687 0.300000 0.420312 0.300000 0.420312 0.250000
2 0.956250 0.102083 0.826562 0.162500 0.835938 0.339583 0.851562 0.385417 0.859375 0.385417 0.843750 0.297917 0.865625 0.272917 0.859375 0.250000 0.882812 0.187500 0.903125 0.168750 0.895312 0.135417 0.926562 0.122917 0.931250 0.141667
2 0.989062 0.000000 0.959375 0.000000 0.960938 0.008333 0.959375 0.014583 0.962500 0.031250 0.960938 0.037500 0.964063 0.039583 0.962500 0.043750 0.965625 0.050000 0.964063 0.045833 0.968750 0.043750 0.968750 0.037500 0.971875 0.033333 0.975000 0.018750
4 0.379688 0.504167 0.368750 0.481250 0.168750 0.527083 0.157812 0.504167 0.078125 0.518750 0.078125 0.566667 0.159375 0.562500
4 0.492188 0.470833 0.495312 0.481250 0.507812 0.485417 0.514062 0.506250 0.537500 0.487500 0.571875 0.477083 0.576562 0.481250 0.575000 0.470833 0.564063 0.475000 0.557813 0.470833 0.568750 0.462500 0.564063 0.445833 0.548438 0.447917 0.542188 0.441667 0.531250 0.450000 0.528125 0.437500 0.521875 0.441667 0.520312 0.454167
4 0.950000 0.233333 0.935937 0.275000 0.940625 0.397917 0.954688 0.447917 0.989062 0.475000 0.998437 0.443750 0.998437 0.372917 0.962500 0.356250 0.981250 0.331250 0.964063 0.312500 0.962500 0.256250
5 0.514062 0.333333 0.510938 0.337500 0.510938 0.366667 0.517188 0.402083 0.514062 0.439583 0.515625 0.447917 0.520312 0.452083 0.517188 0.341667
5 0.476562 0.008333 0.498437 0.220833 0.481250 0.025000 0.514062 0.027083
8 0.998437 0.445833 0.998437 0.452083 0.990625 0.466667 0.990625 0.475000 0.981250 0.477083 0.979688 0.472917 0.979688 0.477083 0.975000 0.479167 0.976562 0.502083 0.979688 0.504167 0.982812 0.522917 0.998437 0.535417 0.998437 0.489583 0.990625 0.477083 0.998437 0.475000
8 0.539062 0.425000 0.540625 0.433333 0.545312 0.435417 0.545312 0.443750 0.548438 0.445833 0.564063 0.443750 0.570312 0.454167 0.590625 0.450000 0.587500 0.414583 0.568750 0.412500 0.545312 0.416667
8 0.832812 0.312500 0.776563 0.281250 0.771875 0.260417 0.742188 0.256250 0.734375 0.308333 0.748437 0.358333 0.698438 0.322917 0.698438 0.345833 0.681250 0.333333 0.673438 0.364583 0.687500 0.395833 0.659375 0.389583 0.654687 0.414583 0.631250 0.427083 0.593750 0.420833 0.596875 0.447917 0.695312 0.418750 0.740625 0.364583 0.787500 0.375000 0.796875 0.347917 0.834375 0.339583
8 0.448437 0.052083 0.440625 0.133333 0.409375 0.164583 0.432812 0.227083 0.421875 0.300000 0.406250 0.310417 0.428125 0.360417 0.475000 0.364583 0.487500 0.487500 0.478125 0.354167 0.509375 0.350000 0.528125 0.320833 0.526563 0.285417 0.509375 0.283333 0.520312 0.233333 0.482812 0.227083 0.482812 0.133333 0.467187 0.131250
8 0.998437 0.000000 0.932813 0.141667 0.896875 0.135417 0.904687 0.168750 0.845313 0.297917 0.859375 0.383333 0.953125 0.445833 0.934375 0.318750 0.950000 0.231250 0.982812 0.331250 0.964063 0.356250 0.998437 0.370833
8 0.160938 0.000000 0.100000 0.008333 0.115625 0.162500 0.048438 0.116667 0.064062 0.172917 0.006250 0.235417 0.000000 0.589583 0.076563 0.566667 0.078125 0.516667 0.314063 0.487500 0.271875 0.339583 0.318750 0.287500 0.289062 0.264583 0.303125 0.206250 0.270313 0.139583 0.228125 0.183333 0.237500 0.095833 0.168750 0.152083
9 0.589063 0.487500 0.531250 0.510417 0.475000 0.479167 0.004687 0.587500 0.000000 0.800000
10 0.171875 0.154167 0.237500 0.093750 0.229687 0.183333 0.292187 0.175000 0.295312 0.375000 0.365625 0.237500 0.423438 0.247917 0.448437 0.050000 0.496875 0.225000 0.476562 0.006250 0.539062 0.327083 0.573438 0.277083 0.737500 0.322917 0.742188 0.254167 0.832812 0.310417 0.825000 0.162500 0.965625 0.045833 0.162500 0.000000
10 0.101562 0.000000 0.000000 0.000000 0.003125 0.293750 0.018750 0.262500 0.006250 0.231250 0.062500 0.172917 0.043750 0.141667 0.048438 0.114583 0.081250 0.120833 0.085938 0.147917 0.115625 0.158333
13 0.851562 0.368750 0.837500 0.341667 0.810937 0.343750 0.793750 0.354167 0.787500 0.377083 0.767188 0.368750 0.750000 0.372917 0.740625 0.387500 0.712500 0.393750 0.703125 0.404167 0.706250 0.427083 0.748437 0.420833 0.781250 0.406250 0.789062 0.410417 0.793750 0.402083 0.803125 0.408333 0.826562 0.393750 0.840625 0.400000 0.850000 0.393750
18 0.704688 0.425000 0.701562 0.420833 0.701562 0.416667 0.698438 0.416667 0.693750 0.420833 0.692187 0.414583 0.689063 0.412500 0.684375 0.420833 0.682813 0.420833 0.681250 0.416667 0.678125 0.416667 0.678125 0.418750 0.671875 0.425000 0.671875 0.433333 0.678125 0.437500 0.681250 0.435417 0.684375 0.429167 0.696875 0.429167 0.698438 0.427083 0.700000 0.429167 0.704688 0.429167