0 0.948438 0.529167 0.896875 0.408333 0.618750 0.456250 0.640625 0.483333 0.003125 0.791667 0.000000 0.997917 0.998437 0.997917
2 0.560937 0.343750 0.553125 0.352083 0.534375 0.352083 0.539062 0.439583 0.548438 0.472917 0.553125 0.472917 0.548438 0.464583 0.554688 0.456250 0.565625 0.452083 0.564063 0.427083 0.567187 0.425000 0.568750 0.400000
2 0.570312 0.450000 0.596875 0.443750 0.598437 0.408333 0.637500 0.408333 0.639062 0.377083 0.664062 0.425000 0.712500 0.414583 0.721875 0.385417 0.746875 0.393750 0.742188 0.320833 0.757812 0.345833 0.770312 0.318750 0.810937 0.352083 0.795312 0.379167 0.757812 0.379167 0.756250 0.400000 0.803125 0.387500 0.814063 0.347917 0.775000 0.308333 0.614062 0.281250 0.585938 0.352083 0.581250 0.322917 0.570312 0.335417
2 0.425000 0.239583 0.385937 0.337500 0.359375 0.358333 0.360938 0.464583 0.426563 0.468750 0.453125 0.495833 0.521875 0.481250 0.534375 0.466667 0.528125 0.362500 0.482812 0.356250 0.465625 0.312500 0.479687 0.300000 0.481250 0.250000
4 0.451562 0.493750 0.426563 0.470833 0.293750 0.493750 0.226562 0.483333 0.173437 0.493750 0.157812 0.527083 0.176563 0.543750 0.215625 0.545833 0.295312 0.518750
4 0.625000 0.472917 0.623437 0.468750 0.610938 0.470833 0.607812 0.466667 0.609375 0.460417 0.617188 0.456250 0.614062 0.443750 0.578125 0.447917 0.554688 0.458333 0.550000 0.464583 0.554688 0.472917 0.562500 0.472917 0.568750 0.479167 0.565625 0.491667 0.575000 0.491667 0.576562 0.487500 0.579688 0.491667 0.584375 0.481250 0.592187 0.481250 0.593750 0.477083
5 0.565625 0.335417 0.564063 0.354167 0.570312 0.400000 0.568750 0.425000 0.565625 0.427083 0.565625 0.445833 0.568750 0.452083 0.568750 0.445833 0.571875 0.445833 0.571875 0.381250 0.568750 0.360417 0.570312 0.339583
5 0.535937 0.018750 0.556250 0.233333 0.539062 0.039583 0.542188 0.029167 0.562500 0.037500 0.571875 0.029167
8 0.593750 0.418750 0.593750 0.429167 0.596875 0.431250 0.598437 0.443750 0.614062 0.441667 0.617188 0.450000 0.637500 0.450000 0.639062 0.445833 0.637500 0.410417 0.609375 0.410417 0.607812 0.414583 0.598437 0.410417
8 0.809375 0.352083 0.789062 0.347917 0.770312 0.320833 0.757812 0.347917 0.742188 0.322917 0.735938 0.377083 0.750000 0.391667 0.721875 0.387500 0.712500 0.416667 0.700000 0.406250 0.690625 0.425000 0.664062 0.427083 0.643750 0.410417 0.646875 0.450000 0.728125 0.425000 0.746875 0.404167 0.756250 0.425000 0.764062 0.395833 0.778125 0.389583 0.756250 0.402083 0.756250 0.379167 0.795312 0.377083
8 0.512500 0.062500 0.496875 0.097917 0.500000 0.139583 0.470313 0.175000 0.490625 0.235417 0.467187 0.312500 0.485938 0.358333 0.529687 0.362500 0.540625 0.481250 0.532813 0.352083 0.562500 0.350000 0.589063 0.320833 0.567187 0.270833 0.575000 0.237500 0.537500 0.237500 0.540625 0.141667 0.525000 0.135417
8 0.990625 0.000000 0.914062 0.056250 0.928125 0.137500 0.887500 0.277083 0.810937 0.250000 0.800000 0.304167 0.818750 0.370833 0.900000 0.410417 0.950000 0.529167 0.928125 0.597917 0.976562 0.681250 0.964063 0.812500 0.998437 0.925000
8 0.243750 0.000000 0.210938 0.039583 0.221875 0.131250 0.100000 0.229167 0.100000 0.291667 0.076563 0.264583 0.007812 0.306250 0.000000 0.208333 0.000000 0.591667 0.139063 0.560417 0.185938 0.487500 0.373437 0.477083 0.339062 0.320833 0.389062 0.291667 0.364063 0.270833 0.379688 0.220833 0.346875 0.156250 0.314063 0.208333 0.321875 0.116667 0.265625 0.170833 0.275000 0.062500
9 0.639062 0.481250 0.529687 0.470833 0.003125 0.591667 0.000000 0.793750
10 0.245312 0.000000 0.267188 0.170833 0.321875 0.114583 0.315625 0.208333 0.346875 0.154167 0.381250 0.220833 0.357812 0.360417 0.425000 0.237500 0.485938 0.243750 0.512500 0.060417 0.551562 0.229167 0.535937 0.016667 0.573438 0.029167 0.581250 0.316667 0.642188 0.268750 0.803125 0.318750 0.785937 0.237500 0.885938 0.277083 0.912500 0.056250 0.989062 0.002083
10 0.007812 0.304167 0.059375 0.272917 0.057813 0.252083 0.065625 0.277083 0.078125 0.262500 0.100000 0.289583 0.084375 0.247917 0.098437 0.252083 0.100000 0.227083 0.160938 0.179167 0.167187 0.143750 0.201563 0.152083 0.220312 0.131250 0.209375 0.039583 0.240625 0.000000 0.000000 0.000000 0.000000 0.164583 0.014063 0.175000 0.000000 0.206250 0.020313 0.229167 0.009375 0.243750 0.021875 0.272917
13 0.881250 0.406250 0.879687 0.395833 0.862500 0.389583 0.856250 0.377083 0.828125 0.368750 0.810937 0.375000 0.803125 0.389583 0.775000 0.391667 0.764062 0.412500 0.767188 0.425000 0.778125 0.427083 0.826562 0.418750 0.850000 0.408333 0.854688 0.412500