0 0.000000 0.464583 0.000000 0.997917 0.998437 0.997917 0.998437 0.750000 0.651563 0.562500 0.518750 0.539583 0.518750 0.493750 0.487500 0.531250
1 0.682813 0.554167 0.682813 0.560417 0.679688 0.562500 0.681250 0.581250 0.685937 0.581250 0.717187 0.597917 0.710938 0.589583 0.712500 0.577083 0.718750 0.568750 0.718750 0.564583 0.715625 0.560417
1 0.568750 0.525000 0.567187 0.543750 0.585938 0.562500 0.589063 0.554167 0.604688 0.543750 0.617188 0.543750 0.676562 0.577083 0.676562 0.554167 0.623437 0.545833 0.596875 0.531250 0.589063 0.531250 0.582812 0.541667 0.578125 0.527083
1 0.000000 0.443750 0.000000 0.462500 0.359375 0.479167
2 0.395313 0.450000 0.401562 0.454167 0.403125 0.460417 0.407813 0.460417 0.410938 0.466667 0.454688 0.468750 0.451562 0.460417 0.439063 0.460417 0.431250 0.447917 0.421875 0.456250 0.417187 0.456250 0.415625 0.452083 0.414062 0.456250 0.409375 0.456250 0.406250 0.447917 0.396875 0.443750
2 0.690625 0.431250 0.689063 0.433333 0.690625 0.443750 0.687500 0.456250 0.685937 0.479167 0.703125 0.481250 0.704688 0.475000 0.715625 0.477083 0.714063 0.468750 0.710938 0.466667 0.709375 0.458333 0.704688 0.454167 0.704688 0.450000 0.700000 0.443750 0.696875 0.433333
2 0.656250 0.427083 0.653125 0.472917 0.654687 0.475000 0.681250 0.477083 0.681250 0.458333 0.678125 0.456250 0.678125 0.443750 0.681250 0.437500 0.667188 0.435417 0.665625 0.431250
2 0.671875 0.295833 0.685937 0.368750 0.696875 0.375000 0.693750 0.408333 0.717187 0.404167 0.726562 0.418750 0.728125 0.389583 0.715625 0.377083 0.718750 0.356250 0.740625 0.350000 0.750000 0.372917 0.757812 0.345833 0.795312 0.339583 0.796875 0.325000 0.820312 0.331250 0.818750 0.310417
2 0.559375 0.270833 0.546875 0.387500 0.534375 0.389583 0.526563 0.460417 0.564063 0.464583 0.575000 0.491667 0.585938 0.475000 0.592187 0.495833 0.610938 0.468750 0.645312 0.472917 0.645312 0.433333 0.612500 0.425000 0.603125 0.404167 0.653125 0.297917 0.642188 0.283333
2 0.998437 0.058333 0.867188 0.227083 0.865625 0.279167 0.878125 0.285417 0.884375 0.318750 0.904687 0.281250 0.976562 0.254167 0.984375 0.281250 0.998437 0.289583
2 0.000000 0.000000 0.000000 0.441667 0.068750 0.447917 0.095312 0.329167 0.270313 0.450000 0.329688 0.464583 0.348438 0.429167 0.381250 0.464583 0.362500 0.416667 0.378125 0.368750 0.393750 0.402083 0.404687 0.379167 0.218750 0.220833 0.139063 0.289583 0.081250 0.264583 0.090625 0.087500
5 0.685937 0.458333 0.682813 0.458333 0.682813 0.485417 0.679688 0.500000 0.678125 0.579167
8 0.323437 0.475000 0.365625 0.477083 0.368750 0.472917 0.373437 0.477083 0.378125 0.468750 0.373437 0.456250 0.357812 0.447917 0.348438 0.431250 0.345313 0.431250 0.342187 0.439583 0.340625 0.470833 0.337500 0.447917 0.334375 0.462500 0.329688 0.466667 0.325000 0.458333
8 0.076563 0.341667 0.070312 0.447917 0.137500 0.450000 0.148438 0.381250 0.146875 0.456250 0.215625 0.464583 0.220312 0.408333 0.220312 0.466667 0.318750 0.475000 0.318750 0.458333 0.250000 0.439583 0.226562 0.400000 0.135937 0.368750 0.120313 0.333333
8 0.473438 0.320833 0.453125 0.360417 0.456250 0.418750 0.443750 0.412500 0.435937 0.445833 0.423438 0.400000 0.414062 0.406250 0.403125 0.381250 0.390625 0.410417 0.378125 0.370833 0.362500 0.427083 0.387500 0.441667 0.385937 0.500000 0.403125 0.462500 0.396875 0.441667 0.518750 0.481250 0.485938 0.333333
8 0.998437 0.291667 0.976562 0.256250 0.889062 0.320833 0.820312 0.306250 0.718750 0.358333 0.726562 0.420833 0.692187 0.408333 0.651563 0.264583 0.604688 0.404167 0.648438 0.470833 0.589063 0.529167 0.617188 0.502083 0.615625 0.539583 0.676562 0.552083 0.653125 0.431250 0.687500 0.420833 0.717187 0.477083 0.685937 0.481250 0.682813 0.552083 0.718750 0.600000 0.998437 0.747917
8 0.226562 0.239583 0.231250 0.247917 0.235937 0.250000 0.254688 0.247917 0.256250 0.243750 0.259375 0.243750 0.268750 0.252083 0.273438 0.243750 0.270313 0.233333 0.264062 0.235417 0.257812 0.227083 0.245312 0.227083 0.243750 0.229167 0.229687 0.227083 0.229687 0.233333
10 0.004687 0.000000 0.092188 0.087500 0.081250 0.262500 0.257812 0.225000 0.453125 0.418750 0.465625 0.295833 0.518750 0.464583 0.559375 0.268750 0.846875 0.310417 0.998437 0.056250 0.998437 0.000000
11 0.585938 0.477083 0.582812 0.479167 0.581250 0.491667 0.578125 0.493750 0.578125 0.502083 0.581250 0.508333 0.579688 0.512500 0.579688 0.527083 0.582812 0.539583 0.587500 0.537500 0.587500 0.529167 0.590625 0.516667 0.590625 0.504167 0.592187 0.502083 0.590625 0.489583 0.587500 0.485417 0.587500 0.479167
13 0.568750 0.485417 0.564063 0.466667 0.526563 0.462500 0.518750 0.483333 0.473438 0.464583 0.412500 0.468750 0.406250 0.510417 0.450000 0.510417 0.454688 0.525000 0.481250 0.518750 0.493750 0.529167 0.504687 0.525000 0.504687 0.502083 0.518750 0.491667 0.518750 0.537500 0.565625 0.543750
18 0.381250 0.466667 0.373437 0.479167 0.370312 0.479167 0.373437 0.483333 0.371875 0.489583 0.367188 0.487500 0.365625 0.479167 0.360938 0.479167 0.354687 0.489583 0.354687 0.497917 0.357812 0.502083 0.365625 0.502083 0.373437 0.495833 0.378125 0.502083 0.387500 0.502083 0.384375 0.500000