0 0.143750 0.914583 0.140625 0.916667 0.139063 0.933333 0.135937 0.939583 0.135937 0.941667 0.139063 0.943750 0.137500 0.945833 0.140625 0.950000 0.142187 0.950000 0.146875 0.937500 0.153125 0.933333 0.156250 0.929167 0.156250 0.922917 0.154688 0.920833 0.151562 0.920833 0.150000 0.916667 0.145313 0.916667
0 0.000000 0.383333 0.000000 0.897917 0.393750 0.847917 0.439063 0.902083 0.429688 0.822917 0.496875 0.858333 0.540625 0.997917 0.998437 0.997917 0.987500 0.795833 0.835938 0.745833 0.614062 0.527083 0.587500 0.566667
1 0.835938 0.760417 0.903125 0.843750 0.918750 0.875000 0.931250 0.875000 0.904687 0.822917 0.873437 0.804167 0.868750 0.770833 0.856250 0.775000
1 0.679688 0.581250 0.678125 0.600000 0.750000 0.679167 0.782813 0.685417 0.851562 0.754167 0.868750 0.743750 0.871875 0.720833 0.937500 0.747917 0.935937 0.708333 0.950000 0.712500 0.882812 0.685417 0.879687 0.660417 0.842187 0.645833 0.831250 0.679167 0.826562 0.641667 0.717187 0.591667 0.701562 0.604167 0.700000 0.583333
1 0.000000 0.364583 0.012500 0.387500 0.453125 0.483333
2 0.823438 0.331250 0.851562 0.443750 0.842187 0.481250 0.810937 0.500000 0.817187 0.518750 0.789062 0.495833 0.785937 0.527083 0.845313 0.554167 0.859375 0.470833 0.853125 0.558333 0.931250 0.564583 0.907813 0.483333 0.973437 0.466667 0.967187 0.414583 0.998437 0.427083 0.998437 0.372917
2 0.679688 0.291667 0.653125 0.418750 0.634375 0.420833 0.610938 0.525000 0.620313 0.535417 0.640625 0.491667 0.660937 0.497917 0.675000 0.464583 0.685937 0.550000 0.710938 0.522917 0.776563 0.531250 0.779687 0.489583 0.742188 0.472917 0.734375 0.441667 0.762500 0.368750 0.801562 0.335417
2 0.000000 0.000000 0.000000 0.362500 0.189062 0.408333 0.207813 0.283333 0.385937 0.443750 0.423438 0.418750 0.478125 0.460417 0.459375 0.420833 0.496875 0.385417 0.375000 0.245833 0.265625 0.275000 0.209375 0.241667 0.231250 0.064583 0.176563 0.000000
3 0.521875 0.866667 0.512500 0.889583 0.515625 0.918750 0.521875 0.925000 0.528125 0.925000 0.534375 0.916667 0.545312 0.920833 0.537500 0.912500 0.539062 0.908333 0.537500 0.872917 0.529687 0.866667
3 0.539062 0.997917 0.487500 0.935417 0.509375 0.889583 0.442188 0.827083 0.420312 0.825000 0.439063 0.904167 0.393750 0.850000 0.329688 0.895833 0.326562 0.864583 0.273438 0.893750 0.232813 0.854167 0.157812 0.912500 0.100000 0.868750 0.000000 0.900000 0.000000 0.997917
3 0.881250 0.660417 0.879687 0.677083 0.882812 0.683333 0.904687 0.687500 0.945312 0.704167 0.937500 0.693750 0.934375 0.681250 0.925000 0.670833 0.918750 0.670833 0.892188 0.656250
4 0.360938 0.456250 0.367188 0.456250 0.375000 0.443750 0.398438 0.450000 0.400000 0.454167 0.415625 0.454167 0.418750 0.431250 0.417187 0.427083 0.412500 0.427083 0.409375 0.441667 0.403125 0.435417 0.396875 0.435417 0.396875 0.445833 0.393750 0.447917 0.379688 0.439583 0.379688 0.427083 0.365625 0.427083 0.368750 0.431250 0.367188 0.450000
5 0.853125 0.525000 0.845313 0.556250 0.839063 0.618750 0.835938 0.620833 0.831250 0.677083 0.837500 0.660417 0.845313 0.587500 0.848437 0.585417
7 0.667188 0.466667 0.664062 0.472917 0.664062 0.491667 0.662500 0.493750 0.662500 0.500000 0.664062 0.502083 0.673438 0.502083 0.673438 0.479167 0.676562 0.475000 0.676562 0.472917 0.675000 0.470833 0.675000 0.466667
8 0.362500 0.458333 0.368750 0.458333 0.382812 0.464583 0.396875 0.464583 0.406250 0.468750 0.415625 0.468750 0.414062 0.464583 0.415625 0.456250 0.400000 0.456250 0.398438 0.452083 0.381250 0.445833 0.375000 0.445833 0.367188 0.458333
8 0.968750 0.414583 0.973437 0.468750 0.909375 0.483333 0.932813 0.564583 0.851562 0.560417 0.840625 0.643750 0.931250 0.675000 0.951562 0.708333 0.937500 0.708333 0.940625 0.754167 0.998437 0.808333 0.998437 0.429167
8 0.593750 0.347917 0.570312 0.335417 0.554688 0.435417 0.539062 0.431250 0.532813 0.460417 0.520312 0.414583 0.476562 0.379167 0.460938 0.435417 0.479687 0.460417 0.443750 0.433333 0.435937 0.475000 0.475000 0.472917 0.479687 0.495833 0.489063 0.454167 0.490625 0.477083 0.525000 0.466667 0.548438 0.491667 0.582812 0.487500 0.609375 0.522917
8 0.801562 0.289583 0.787500 0.318750 0.803125 0.337500 0.764062 0.368750 0.735938 0.441667 0.742188 0.470833 0.781250 0.489583 0.779687 0.529167 0.721875 0.525000 0.717187 0.589583 0.728125 0.597917 0.734375 0.558333 0.737500 0.606250 0.832812 0.643750 0.843750 0.556250 0.784375 0.527083 0.789062 0.493750 0.817187 0.516667 0.809375 0.500000 0.840625 0.481250 0.850000 0.443750 0.821875 0.366667 0.829688 0.306250
8 0.204687 0.289583 0.192188 0.410417 0.246875 0.425000 0.257812 0.352083 0.253125 0.425000 0.365625 0.450000 0.367188 0.431250 0.353125 0.427083 0.356250 0.410417 0.334375 0.379167 0.300000 0.372917 0.248438 0.316667 0.217188 0.316667 0.215625 0.293750
8 0.306250 0.252083 0.314063 0.256250 0.315625 0.252083 0.334375 0.252083 0.340625 0.256250 0.342187 0.247917 0.365625 0.252083 0.375000 0.243750 0.382812 0.252083 0.389062 0.239583 0.385937 0.229167 0.379688 0.229167 0.370312 0.218750 0.365625 0.222917 0.346875 0.218750 0.343750 0.222917 0.340625 0.216667 0.334375 0.216667 0.326562 0.237500 0.320312 0.239583 0.309375 0.231250
10 0.178125 0.000000 0.232813 0.064583 0.212500 0.243750 0.370312 0.216667 0.546875 0.437500 0.571875 0.308333 0.614062 0.495833 0.679688 0.289583 0.998437 0.370833 0.998437 0.000000
11 0.712500 0.525000 0.707812 0.529167 0.706250 0.537500 0.701562 0.539583 0.695312 0.550000 0.700000 0.562500 0.701562 0.602083 0.704688 0.600000 0.704688 0.593750 0.709375 0.589583 0.709375 0.575000 0.712500 0.572917 0.712500 0.560417 0.714063 0.558333 0.717187 0.560417 0.720313 0.554167
13 0.640625 0.493750 0.620313 0.537500 0.623437 0.550000 0.621875 0.579167 0.664062 0.587500 0.676562 0.600000 0.682813 0.564583 0.681250 0.510417
13 0.501563 0.479167 0.500000 0.529167 0.528125 0.529167 0.531250 0.539583 0.543750 0.533333 0.548438 0.550000 0.576562 0.550000 0.587500 0.564583 0.603125 0.560417 0.604688 0.531250 0.609375 0.525000 0.592187 0.493750 0.568750 0.487500 0.548438 0.493750 0.528125 0.479167
18 0.493750 0.497917 0.489063 0.489583 0.484375 0.489583 0.479687 0.497917 0.475000 0.475000 0.464062 0.485417 0.462500 0.479167 0.459375 0.479167 0.446875 0.493750 0.448437 0.506250 0.457813 0.508333 0.465625 0.506250 0.467187 0.502083 0.475000 0.514583 0.479687 0.502083 0.482812 0.504167 0.484375 0.514583 0.487500 0.514583 0.489063 0.508333 0.492188 0.508333