0 0.000000 0.420833 0.000000 0.964583 0.998437 0.997917 0.998437 0.795833 0.560937 0.556250 0.560937 0.508333 0.529687 0.545833
1 0.742188 0.593750 0.740625 0.612500 0.735938 0.620833 0.784375 0.645833 0.790625 0.652083 0.790625 0.645833 0.785937 0.641667 0.790625 0.622917 0.782813 0.622917 0.771875 0.612500 0.765625 0.612500 0.760938 0.600000
1 0.612500 0.550000 0.612500 0.568750 0.653125 0.610417 0.676562 0.610417 0.681250 0.593750 0.689063 0.589583 0.732812 0.618750 0.734375 0.593750 0.693750 0.583333 0.639062 0.554167 0.631250 0.568750 0.625000 0.562500 0.626563 0.550000
1 0.000000 0.404167 0.003125 0.420833 0.403125 0.477083
2 0.710938 0.452083 0.706250 0.468750 0.706250 0.502083 0.717187 0.502083 0.718750 0.506250 0.735938 0.506250 0.743750 0.510417 0.743750 0.489583 0.740625 0.487500 0.745313 0.460417 0.725000 0.462500
2 0.437500 0.450000 0.437500 0.460417 0.442188 0.464583 0.442188 0.468750 0.446875 0.468750 0.448437 0.472917 0.459375 0.466667 0.476562 0.468750 0.481250 0.472917 0.493750 0.475000 0.492188 0.468750 0.479687 0.468750 0.473438 0.458333 0.459375 0.460417 0.448437 0.456250 0.445312 0.450000 0.443750 0.452083
2 0.750000 0.512500 0.795312 0.514583 0.764062 0.445833 0.803125 0.433333 0.818750 0.454167 0.817187 0.420833 0.798438 0.404167 0.809375 0.383333 0.932813 0.354167 0.734375 0.312500 0.734375 0.352083 0.759375 0.414583 0.748437 0.427083
2 0.609375 0.281250 0.592187 0.402083 0.575000 0.408333 0.559375 0.487500 0.610938 0.481250 0.615625 0.529167 0.625000 0.527083 0.614062 0.543750 0.626563 0.547917 0.634375 0.495833 0.643750 0.516667 0.662500 0.491667 0.698438 0.500000 0.700000 0.458333 0.664062 0.447917 0.657813 0.416667 0.687500 0.343750 0.714063 0.320833 0.698438 0.300000
2 0.998437 0.214583 0.959375 0.254167 0.956250 0.308333 0.968750 0.312500 0.968750 0.327083 0.975000 0.335417 0.990625 0.320833 0.998437 0.322917
2 0.000000 0.000000 0.000000 0.402083 0.126562 0.422917 0.139063 0.297917 0.315625 0.443750 0.376563 0.454167 0.390625 0.425000 0.421875 0.464583 0.404687 0.414583 0.443750 0.379167 0.314063 0.237500 0.198437 0.275000 0.143750 0.247917 0.154688 0.066667 0.092188 0.000000
3 0.340625 0.979167 0.334375 0.977083 0.332813 0.972917 0.329688 0.975000 0.328125 0.972917 0.323437 0.975000 0.321875 0.981250 0.310937 0.989583 0.309375 0.993750 0.303125 0.993750 0.301563 0.997917 0.296875 0.997917 0.332813 0.997917 0.331250 0.995833 0.332813 0.983333 0.334375 0.981250 0.340625 0.981250
3 0.000000 0.966667 0.000000 0.997917 0.235937 0.997917 0.209375 0.975000 0.221875 0.937500 0.148438 0.962500 0.121875 0.947917 0.093750 0.960417 0.073438 0.947917 0.075000 0.937500 0.045312 0.947917 0.035937 0.939583
3 0.318750 0.887500 0.315625 0.887500 0.315625 0.891667 0.300000 0.910417 0.296875 0.922917 0.281250 0.941667 0.276562 0.956250 0.281250 0.956250 0.282813 0.960417 0.289062 0.956250 0.292187 0.945833 0.290625 0.933333 0.298438 0.925000 0.298438 0.935417 0.301563 0.927083 0.309375 0.920833 0.312500 0.908333 0.310937 0.904167 0.317188 0.895833
3 0.470313 0.885417 0.448437 0.914583 0.453125 0.922917 0.451562 0.929167 0.460938 0.941667 0.470313 0.937500 0.471875 0.908333 0.473438 0.906250 0.473438 0.889583
5 0.748437 0.489583 0.745313 0.491667 0.737500 0.589583 0.734375 0.591667 0.734375 0.618750 0.739062 0.612500
7 0.751563 0.437500 0.748437 0.441667 0.746875 0.466667 0.743750 0.472917 0.743750 0.485417 0.742188 0.487500 0.745313 0.489583 0.748437 0.487500 0.750000 0.491667 0.754687 0.491667 0.754687 0.481250 0.751563 0.479167 0.751563 0.464583 0.754687 0.462500 0.754687 0.439583
8 0.809375 0.385417 0.821875 0.450000 0.765625 0.445833 0.796875 0.514583 0.748437 0.514583 0.742188 0.591667 0.784375 0.602083 0.792188 0.652083 0.834375 0.700000 0.998437 0.793750 0.998437 0.325000
8 0.560937 0.506250 0.520312 0.322917 0.498437 0.364583 0.496875 0.427083 0.475000 0.427083 0.446875 0.381250 0.421875 0.372917 0.406250 0.429167 0.428125 0.441667 0.423438 0.464583 0.393750 0.429167 0.384375 0.437500 0.382812 0.470833 0.423438 0.466667 0.426563 0.502083 0.432812 0.429167 0.437500 0.447917 0.537500 0.477083
8 0.137500 0.302083 0.128125 0.422917 0.185938 0.435417 0.200000 0.362500 0.193750 0.433333 0.360938 0.466667 0.362500 0.445833 0.315625 0.445833 0.282813 0.393750 0.195312 0.352083 0.178125 0.316667
8 0.710938 0.279167 0.714063 0.329167 0.689063 0.343750 0.659375 0.416667 0.664062 0.445833 0.701562 0.458333 0.701562 0.495833 0.656250 0.495833 0.639062 0.552083 0.648438 0.529167 0.657813 0.564583 0.664062 0.527083 0.664062 0.566667 0.732812 0.591667 0.743750 0.512500 0.706250 0.504167 0.710938 0.450000 0.745313 0.458333 0.757812 0.414583 0.732812 0.352083 0.739062 0.293750
8 0.326562 0.237500 0.325000 0.229167 0.306250 0.218750 0.298438 0.222917 0.282813 0.218750 0.278125 0.233333 0.271875 0.222917 0.267188 0.237500 0.264062 0.231250 0.262500 0.237500 0.253125 0.239583 0.243750 0.229167 0.240625 0.250000 0.235937 0.254167 0.250000 0.256250 0.262500 0.252083 0.264062 0.245833 0.270313 0.245833 0.265625 0.250000 0.275000 0.254167 0.279687 0.247917 0.307812 0.250000 0.312500 0.235417 0.321875 0.247917
10 0.093750 0.000000 0.159375 0.072917 0.143750 0.245833 0.310937 0.218750 0.492188 0.425000 0.512500 0.300000 0.559375 0.477083 0.609375 0.279167 0.934375 0.352083 0.998437 0.212500 0.998437 0.000000
11 0.637500 0.497917 0.632812 0.500000 0.632812 0.506250 0.628125 0.510417 0.626563 0.516667 0.628125 0.520833 0.628125 0.558333 0.626563 0.562500 0.631250 0.566667 0.634375 0.564583 0.634375 0.556250 0.637500 0.554167 0.639062 0.529167 0.642188 0.522917 0.642188 0.514583 0.639062 0.508333
13 0.575000 0.477083 0.560937 0.497917 0.564063 0.512500 0.560937 0.554167 0.568750 0.554167 0.570312 0.550000 0.595313 0.554167 0.601562 0.564583 0.610938 0.566667 0.614062 0.535417 0.612500 0.485417 0.601562 0.483333 0.600000 0.479167
13 0.445312 0.485417 0.446875 0.516667 0.476562 0.516667 0.479687 0.525000 0.489063 0.516667 0.493750 0.533333 0.518750 0.529167 0.529687 0.543750 0.537500 0.535417 0.545312 0.537500 0.545312 0.516667 0.556250 0.506250 0.553125 0.493750 0.545312 0.493750 0.537500 0.479167 0.521875 0.475000 0.495312 0.479167 0.459375 0.468750
18 0.423438 0.468750 0.420312 0.466667 0.417187 0.470833 0.417187 0.475000 0.412500 0.479167 0.414062 0.485417 0.412500 0.489583 0.407813 0.487500 0.404687 0.477083 0.398438 0.479167 0.395313 0.489583 0.396875 0.500000 0.404687 0.502083 0.415625 0.495833 0.417187 0.502083 0.425000 0.502083