0 0.000000 0.481250 0.000000 0.997917 0.998437 0.997917 0.998437 0.681250 0.762500 0.595833 0.803125 0.564583
1 0.764062 0.595833 0.889062 0.650000 0.946875 0.645833 0.965625 0.666667 0.960938 0.635417 0.893750 0.614583 0.889062 0.637500 0.876563 0.631250 0.876563 0.618750 0.851562 0.622917 0.843750 0.604167 0.806250 0.614583 0.793750 0.593750
1 0.000000 0.427083 0.006250 0.481250 0.751563 0.547917
2 0.943750 0.550000 0.940625 0.550000 0.940625 0.556250 0.937500 0.558333 0.937500 0.581250 0.935937 0.583333 0.934375 0.581250 0.934375 0.552083 0.926562 0.554167 0.923438 0.562500 0.928125 0.570833 0.929688 0.581250 0.935937 0.587500 0.940625 0.585417
2 0.989062 0.527083 0.984375 0.527083 0.984375 0.531250 0.982812 0.533333 0.982812 0.560417 0.981250 0.562500 0.982812 0.581250 0.982812 0.577083 0.987500 0.572917 0.987500 0.562500 0.989062 0.560417 0.989062 0.550000 0.990625 0.547917 0.990625 0.537500 0.992188 0.535417 0.992188 0.531250
2 0.973437 0.520833 0.968750 0.520833 0.962500 0.531250 0.953125 0.531250 0.951562 0.535417 0.948438 0.591667 0.957812 0.591667 0.959375 0.595833 0.962500 0.595833 0.962500 0.589583 0.965625 0.587500 0.964063 0.583333 0.970313 0.579167 0.968750 0.552083 0.970313 0.537500 0.973437 0.535417
2 0.784375 0.508333 0.784375 0.518750 0.789062 0.520833 0.789062 0.533333 0.792188 0.537500 0.795312 0.537500 0.798438 0.531250 0.801562 0.531250 0.803125 0.541667 0.806250 0.541667 0.807813 0.545833 0.812500 0.541667 0.814063 0.543750 0.818750 0.537500 0.818750 0.518750 0.812500 0.512500 0.793750 0.512500 0.790625 0.508333 0.787500 0.512500
2 0.760938 0.489583 0.760938 0.502083 0.762500 0.506250 0.764062 0.502083 0.765625 0.506250 0.768750 0.508333 0.768750 0.522917 0.770312 0.527083 0.776563 0.527083 0.779687 0.497917 0.776563 0.497917 0.768750 0.491667
2 0.000000 0.000000 0.000000 0.425000 0.396875 0.487500 0.437500 0.339583 0.687500 0.506250 0.693750 0.425000 0.695312 0.487500 0.754687 0.506250 0.757812 0.393750 0.629687 0.258333 0.495312 0.337500 0.409375 0.320833 0.426563 0.000000
4 0.564063 0.512500 0.592187 0.520833 0.617188 0.518750 0.625000 0.502083 0.634375 0.500000 0.634375 0.493750 0.623437 0.493750 0.621875 0.489583 0.612500 0.500000 0.598437 0.497917 0.595313 0.489583 0.590625 0.489583 0.582812 0.508333 0.567187 0.508333 0.565625 0.502083
5 0.950000 0.504167 0.948438 0.518750 0.945312 0.520833 0.945312 0.558333 0.940625 0.595833 0.925000 0.597917 0.921875 0.604167 0.923438 0.616667 0.929688 0.600000 0.953125 0.602083 0.948438 0.602083 0.945312 0.595833 0.951562 0.533333
5 0.901563 0.385417 0.878125 0.591667 0.878125 0.631250 0.889062 0.635417 0.917188 0.389583
5 0.998437 0.314583 0.970313 0.552083 0.971875 0.593750 0.981250 0.585417 0.981250 0.533333 0.998437 0.391667
5 0.953125 0.212500 0.953125 0.216667 0.967187 0.216667 0.968750 0.218750 0.970313 0.216667 0.981250 0.216667 0.982812 0.218750 0.984375 0.216667 0.990625 0.216667 0.992188 0.218750 0.998437 0.216667 0.998437 0.210417 0.995313 0.212500 0.993750 0.208333 0.990625 0.210417 0.984375 0.210417 0.982812 0.208333 0.978125 0.210417 0.973437 0.208333 0.960938 0.210417 0.956250 0.208333
7 0.957812 0.454167 0.950000 0.450000 0.940625 0.458333 0.940625 0.466667 0.945312 0.472917 0.937500 0.477083 0.934375 0.502083 0.951562 0.502083 0.956250 0.481250 0.953125 0.475000 0.957812 0.470833
8 0.600000 0.520833 0.685937 0.531250 0.689063 0.504167 0.685937 0.508333 0.684375 0.504167 0.673438 0.502083 0.660937 0.510417 0.634375 0.502083 0.625000 0.504167 0.617188 0.520833
8 0.704688 0.481250 0.695312 0.489583 0.693750 0.510417 0.690625 0.518750 0.690625 0.533333 0.706250 0.533333 0.707812 0.529167 0.709375 0.487500 0.707812 0.487500
8 0.939063 0.458333 0.929688 0.464583 0.929688 0.483333 0.925000 0.493750 0.917188 0.500000 0.917188 0.508333 0.901563 0.527083 0.901563 0.550000 0.917188 0.554167 0.921875 0.560417 0.926562 0.552083 0.932813 0.550000 0.937500 0.512500 0.932813 0.493750 0.935937 0.477083 0.943750 0.472917 0.939063 0.466667
8 0.479687 0.414583 0.471875 0.481250 0.504687 0.495833 0.507812 0.470833 0.507812 0.497917 0.559375 0.516667 0.553125 0.508333 0.567187 0.439583 0.564063 0.506250 0.582812 0.506250 0.590625 0.487500 0.620313 0.491667 0.601562 0.475000 0.609375 0.460417 0.576562 0.422917 0.534375 0.425000 0.506250 0.402083
8 0.998437 0.393750 0.985938 0.525000 0.993750 0.531250 0.989062 0.568750 0.998437 0.539583
8 0.760938 0.393750 0.735938 0.462500 0.757812 0.502083 0.740625 0.514583 0.714063 0.489583 0.710938 0.535417 0.798438 0.545833 0.782813 0.508333 0.812500 0.510417 0.820312 0.537500 0.810937 0.545833 0.834375 0.529167 0.831250 0.556250 0.848437 0.564583 0.859375 0.525000 0.878125 0.568750 0.884375 0.527083 0.834375 0.456250 0.821875 0.462500 0.795312 0.410417
8 0.437500 0.341667 0.421875 0.345833 0.418750 0.391667 0.410938 0.389583 0.406250 0.368750 0.398438 0.487500 0.414062 0.497917 0.432812 0.495833 0.443750 0.475000 0.468750 0.477083 0.473438 0.395833 0.446875 0.383333 0.450000 0.364583
8 0.996875 0.331250 0.990625 0.333333 0.992188 0.356250 0.978125 0.366667 0.979688 0.397917 0.951562 0.441667 0.951562 0.450000 0.959375 0.454167 0.951562 0.529167 0.962500 0.529167 0.975000 0.516667
8 0.635938 0.231250 0.629687 0.218750 0.625000 0.220833 0.614062 0.212500 0.595313 0.229167 0.581250 0.229167 0.578125 0.237500 0.571875 0.227083 0.564063 0.233333 0.554688 0.277083 0.560937 0.268750 0.562500 0.275000 0.576562 0.275000 0.579688 0.258333 0.632812 0.258333 0.631250 0.243750
9 0.964063 0.635417 0.965625 0.610417 0.954688 0.606250 0.960938 0.600000 0.956250 0.593750 0.946875 0.595833 0.953125 0.604167 0.929688 0.602083 0.925000 0.618750 0.920312 0.614583 0.920312 0.604167 0.893750 0.604167 0.896875 0.616667
9 0.729688 0.550000 0.748437 0.558333 0.814063 0.562500 0.807813 0.556250 0.801562 0.556250 0.800000 0.552083 0.748437 0.547917
9 0.421875 0.500000 0.453125 0.502083 0.454688 0.506250 0.473438 0.506250 0.473438 0.504167 0.468750 0.504167 0.464062 0.497917 0.456250 0.497917 0.454688 0.493750 0.448437 0.493750 0.446875 0.489583 0.442188 0.487500 0.435937 0.489583 0.432812 0.497917
10 0.428125 0.000000 0.426563 0.337500 0.495312 0.335417 0.614062 0.210417 0.870313 0.518750 0.903125 0.381250 0.901563 0.522917 0.978125 0.397917 0.998437 0.218750 0.951562 0.212500 0.998437 0.208333 0.998437 0.000000
11 0.857812 0.527083 0.851562 0.533333 0.851562 0.539583 0.848437 0.547917 0.853125 0.554167 0.851562 0.556250 0.853125 0.568750 0.854688 0.570833 0.864062 0.570833 0.867188 0.566667 0.867188 0.554167 0.870313 0.547917 0.870313 0.541667 0.867188 0.539583 0.865625 0.533333 0.862500 0.529167
13 0.998437 0.562500 0.971875 0.595833 0.970313 0.583333 0.965625 0.583333 0.962500 0.602083 0.967187 0.610417 0.965625 0.668750 0.976562 0.677083 0.998437 0.677083
13 0.898438 0.552083 0.896875 0.600000 0.900000 0.602083 0.923438 0.602083 0.925000 0.595833 0.931250 0.595833 0.931250 0.583333 0.928125 0.581250 0.926562 0.570833 0.917188 0.556250
18 0.878125 0.572917 0.871875 0.562500 0.864062 0.572917 0.854688 0.572917 0.850000 0.560417 0.848437 0.566667 0.834375 0.566667 0.829688 0.572917 0.806250 0.562500 0.795312 0.581250 0.796875 0.604167 0.806250 0.612500 0.818750 0.612500 0.823438 0.604167 0.842187 0.600000 0.851562 0.620833 0.871875 0.622917 0.876563 0.616667