0 0.000000 0.497917 0.000000 0.997917 0.998437 0.997917 0.998437 0.693750 0.810937 0.610417 0.856250 0.570833
1 0.812500 0.608333 0.998437 0.691667 0.998437 0.645833 0.967187 0.637500 0.967187 0.656250 0.956250 0.660417 0.945312 0.647917 0.946875 0.620833 0.935937 0.645833 0.920312 0.645833 0.903125 0.620833 0.860938 0.633333 0.845313 0.604167
1 0.000000 0.439583 0.000000 0.495833 0.785937 0.552083
2 0.998437 0.552083 0.995313 0.552083 0.990625 0.556250 0.976562 0.556250 0.976562 0.562500 0.975000 0.564583 0.975000 0.575000 0.979688 0.583333 0.985938 0.589583 0.987500 0.600000 0.990625 0.602083 0.990625 0.593750 0.993750 0.591667 0.993750 0.585417 0.995313 0.583333 0.995313 0.577083 0.993750 0.575000 0.996875 0.572917
2 0.904687 0.527083 0.906250 0.533333 0.909375 0.535417 0.909375 0.543750 0.923438 0.545833 0.928125 0.556250 0.943750 0.554167 0.935937 0.552083 0.932813 0.545833 0.935937 0.535417 0.942187 0.533333 0.942187 0.531250 0.909375 0.529167 0.907813 0.525000
2 0.839063 0.516667 0.839063 0.518750 0.835938 0.520833 0.835938 0.533333 0.837500 0.533333 0.839063 0.537500 0.842187 0.539583 0.842187 0.550000 0.843750 0.547917 0.850000 0.547917 0.850000 0.520833 0.848437 0.520833 0.845313 0.516667
2 0.795312 0.493750 0.793750 0.495833 0.793750 0.506250 0.798438 0.510417 0.798438 0.516667 0.800000 0.518750 0.800000 0.529167 0.804688 0.529167 0.806250 0.533333 0.807813 0.533333 0.809375 0.525000 0.810937 0.522917 0.810937 0.518750 0.812500 0.516667 0.812500 0.504167 0.803125 0.497917 0.800000 0.497917 0.796875 0.493750
2 0.459375 0.327083 0.473438 0.391667 0.500000 0.381250 0.500000 0.412500 0.529687 0.400000 0.556250 0.429167 0.600000 0.429167 0.662500 0.506250 0.717187 0.508333 0.740625 0.475000 0.748437 0.506250 0.790625 0.502083 0.767188 0.481250 0.787500 0.395833 0.660937 0.258333 0.595313 0.260417 0.518750 0.302083 0.514062 0.341667
2 0.000000 0.000000 0.000000 0.437500 0.415625 0.495833 0.421875 0.366667 0.435937 0.395833 0.453125 0.345833 0.426563 0.329167 0.453125 0.000000
5 0.990625 0.375000 0.975000 0.377083 0.946875 0.637500 0.948438 0.654167 0.965625 0.656250 0.973437 0.614583
8 0.957812 0.510417 0.948438 0.525000 0.945312 0.525000 0.945312 0.529167 0.942187 0.535417 0.937500 0.535417 0.934375 0.545833 0.935937 0.550000 0.946875 0.554167 0.948438 0.558333 0.953125 0.558333 0.954688 0.535417 0.957812 0.533333 0.956250 0.531250 0.956250 0.514583
8 0.734375 0.479167 0.721875 0.495833 0.720313 0.537500 0.725000 0.539583 0.739062 0.539583 0.739062 0.510417 0.742188 0.491667 0.734375 0.485417
8 0.998437 0.447917 0.992188 0.454167 0.990625 0.464583 0.984375 0.466667 0.976562 0.554167 0.990625 0.554167 0.998437 0.550000
8 0.500000 0.414583 0.492188 0.489583 0.525000 0.502083 0.529687 0.477083 0.529687 0.502083 0.554688 0.520833 0.715625 0.537500 0.712500 0.508333 0.648438 0.508333 0.642188 0.481250 0.626563 0.479167 0.634375 0.464583 0.625000 0.475000 0.623437 0.452083 0.600000 0.431250 0.556250 0.431250 0.529687 0.402083
8 0.792188 0.393750 0.768750 0.481250 0.812500 0.502083 0.810937 0.529167 0.800000 0.531250 0.792188 0.504167 0.775000 0.518750 0.745313 0.504167 0.742188 0.539583 0.832812 0.558333 0.834375 0.520833 0.845313 0.514583 0.843750 0.550000 0.859375 0.570833 0.901563 0.560417 0.907813 0.535417 0.878125 0.466667 0.854688 0.462500 0.825000 0.408333
8 0.454688 0.343750 0.440625 0.352083 0.435937 0.397917 0.423438 0.366667 0.417187 0.495833 0.429688 0.506250 0.450000 0.502083 0.460938 0.477083 0.489063 0.485417 0.495312 0.412500 0.490625 0.404167 0.501563 0.400000 0.501563 0.389583 0.481250 0.383333 0.473438 0.393750 0.465625 0.385417 0.465625 0.356250
8 0.657813 0.214583 0.648438 0.216667 0.645312 0.208333 0.639062 0.212500 0.634375 0.206250 0.621875 0.225000 0.604688 0.227083 0.600000 0.241667 0.596875 0.227083 0.585938 0.229167 0.578125 0.272917 0.595313 0.258333 0.598437 0.272917 0.603125 0.256250 0.635938 0.256250 0.646875 0.250000 0.657813 0.256250 0.656250 0.239583 0.660937 0.231250
9 0.970313 0.618750 0.968750 0.635417 0.975000 0.637500 0.976562 0.641667 0.998437 0.643750 0.998437 0.616667 0.996875 0.614583 0.992188 0.620833 0.990625 0.631250 0.985938 0.620833 0.989062 0.616667 0.989062 0.612500 0.975000 0.612500
9 0.732812 0.552083 0.770312 0.560417 0.771875 0.564583 0.850000 0.570833 0.843750 0.562500 0.823438 0.560417 0.821875 0.556250
9 0.442188 0.508333 0.451562 0.508333 0.464062 0.512500 0.481250 0.512500 0.482812 0.514583 0.490625 0.514583 0.492188 0.512500 0.490625 0.510417 0.489063 0.514583 0.482812 0.504167 0.475000 0.504167 0.467187 0.497917 0.460938 0.497917 0.459375 0.493750 0.450000 0.504167 0.445312 0.504167
9 0.492188 0.491667 0.492188 0.500000 0.495312 0.502083 0.501563 0.502083 0.503125 0.506250 0.509375 0.506250 0.525000 0.514583 0.525000 0.504167 0.514062 0.497917 0.507812 0.497917 0.506250 0.493750
10 0.454688 0.000000 0.428125 0.329167 0.514062 0.339583 0.585938 0.227083 0.645312 0.206250 0.909375 0.527083 0.956250 0.512500 0.975000 0.375000 0.998437 0.445833 0.998437 0.000000
13 0.929688 0.558333 0.929688 0.577083 0.939063 0.585417 0.946875 0.595833 0.946875 0.597917 0.950000 0.595833 0.950000 0.583333 0.951562 0.581250 0.953125 0.560417 0.948438 0.560417 0.946875 0.556250 0.935937 0.556250 0.934375 0.558333
18 0.948438 0.608333 0.928125 0.577083 0.928125 0.558333 0.918750 0.545833 0.906250 0.550000 0.903125 0.585417 0.884375 0.575000 0.893750 0.560417 0.884375 0.556250 0.871875 0.562500 0.868750 0.577083 0.859375 0.572917 0.846875 0.600000 0.851562 0.622917 0.860938 0.631250 0.896875 0.616667 0.920312 0.643750 0.935937 0.643750 0.945312 0.629167