0 0.000000 0.404167 0.000000 0.997917 0.998437 0.997917 0.996875 0.656250 0.601562 0.493750
1 0.835938 0.562500 0.837500 0.566667 0.834375 0.581250 0.835938 0.587500 0.848437 0.591667 0.853125 0.595833 0.871875 0.600000 0.871875 0.579167 0.851562 0.577083 0.846875 0.566667 0.843750 0.566667 0.842187 0.562500
1 0.632812 0.522917 0.640625 0.533333 0.650000 0.533333 0.651563 0.537500 0.668750 0.537500 0.679688 0.541667 0.682813 0.539583 0.681250 0.522917 0.676562 0.527083 0.654687 0.531250 0.650000 0.527083 0.646875 0.529167 0.640625 0.522917
1 0.000000 0.377083 0.018750 0.406250 0.626563 0.491667
2 0.667188 0.472917 0.667188 0.493750 0.670312 0.493750 0.670312 0.489583 0.673438 0.485417 0.678125 0.485417 0.681250 0.487500 0.682813 0.491667 0.687500 0.493750 0.690625 0.487500 0.693750 0.487500 0.698438 0.483333 0.698438 0.479167 0.695312 0.472917 0.692187 0.472917 0.689063 0.468750 0.679688 0.468750 0.678125 0.470833 0.675000 0.468750 0.668750 0.468750
2 0.998437 0.208333 0.928125 0.208333 0.881250 0.310417 0.871875 0.393750 0.828125 0.397917 0.793750 0.485417 0.829688 0.500000 0.851562 0.575000 0.871875 0.577083 0.875000 0.520833 0.923438 0.493750 0.926562 0.443750 0.940625 0.452083 0.928125 0.495833 0.992188 0.508333 0.998437 0.527083
2 0.000000 0.000000 0.000000 0.375000 0.350000 0.437500 0.367188 0.306250 0.531250 0.454167 0.631250 0.464583 0.631250 0.379167 0.660937 0.406250 0.532813 0.258333 0.364063 0.302083 0.379688 0.087500 0.300000 0.000000
5 0.671875 0.385417 0.664062 0.385417 0.651563 0.527083 0.660937 0.529167 0.665625 0.502083 0.670312 0.406250 0.673438 0.404167
7 0.926562 0.445833 0.921875 0.452083 0.921875 0.460417 0.923438 0.464583 0.920312 0.472917 0.920312 0.491667 0.925000 0.493750 0.934375 0.493750 0.935937 0.491667 0.935937 0.460417 0.939063 0.458333 0.939063 0.452083 0.931250 0.445833
8 0.596875 0.445833 0.593750 0.483333 0.625000 0.487500 0.628125 0.481250 0.634375 0.491667 0.642188 0.491667 0.642188 0.483333 0.648438 0.481250 0.653125 0.493750 0.654687 0.466667 0.634375 0.466667 0.632812 0.475000 0.631250 0.466667 0.609375 0.456250 0.604688 0.437500
8 0.635938 0.375000 0.632812 0.379167 0.632812 0.393750 0.625000 0.406250 0.626563 0.416667 0.620313 0.425000 0.621875 0.439583 0.639062 0.445833 0.640625 0.450000 0.656250 0.454167 0.660937 0.408333 0.648438 0.408333 0.648438 0.393750
8 0.359375 0.316667 0.351562 0.439583 0.403125 0.445833 0.414062 0.372917 0.406250 0.445833 0.429688 0.454167 0.432812 0.429167 0.432812 0.456250 0.471875 0.464583 0.479687 0.404167 0.476562 0.466667 0.571875 0.481250 0.573438 0.456250 0.523438 0.458333 0.484375 0.393750 0.418750 0.370833 0.407813 0.341667 0.381250 0.347917 0.373437 0.312500
8 0.782813 0.289583 0.765625 0.291667 0.767188 0.320833 0.750000 0.337500 0.742188 0.368750 0.757812 0.381250 0.732812 0.452083 0.714063 0.464583 0.709375 0.425000 0.671875 0.406250 0.668750 0.466667 0.740625 0.491667 0.732812 0.452083 0.748437 0.422917 0.745313 0.506250 0.757812 0.535417 0.771875 0.493750 0.793750 0.487500 0.810937 0.425000 0.787500 0.381250 0.801562 0.306250 0.781250 0.310417
8 0.535937 0.229167 0.517188 0.220833 0.507812 0.229167 0.495312 0.229167 0.492188 0.235417 0.489063 0.227083 0.484375 0.227083 0.479687 0.233333 0.482812 0.241667 0.478125 0.243750 0.471875 0.260417 0.460938 0.247917 0.456250 0.270833 0.490625 0.264583 0.492188 0.254167 0.532813 0.256250 0.537500 0.241667
10 0.301563 0.000000 0.381250 0.087500 0.364063 0.300000 0.532813 0.225000 0.739062 0.466667 0.734375 0.260417 0.803125 0.306250 0.806250 0.445833 0.870313 0.393750 0.928125 0.206250 0.998437 0.206250 0.998437 0.000000
13 0.875000 0.522917 0.882812 0.539583 0.873437 0.600000 0.885938 0.620833 0.948438 0.620833 0.976562 0.647917 0.985938 0.643750 0.998437 0.614583 0.998437 0.529167 0.992188 0.510417 0.909375 0.495833 0.896875 0.500000 0.887500 0.522917
13 0.773438 0.493750 0.760938 0.531250 0.757812 0.572917 0.760938 0.577083 0.771875 0.570833 0.809375 0.581250 0.818750 0.593750 0.832812 0.587500 0.837500 0.545833 0.828125 0.500000 0.798438 0.489583
13 0.685937 0.497917 0.681250 0.518750 0.685937 0.547917 0.700000 0.541667 0.707812 0.547917 0.723437 0.550000 0.731250 0.560417 0.750000 0.556250 0.754687 0.531250 0.739062 0.491667 0.700000 0.485417
18 0.681250 0.489583 0.673438 0.487500 0.671875 0.489583 0.671875 0.493750 0.670312 0.495833 0.667188 0.495833 0.665625 0.510417 0.662500 0.518750 0.662500 0.527083 0.676562 0.525000 0.679688 0.520833 0.681250 0.510417 0.684375 0.506250 0.684375 0.497917 0.685937 0.495833 0.682813 0.493750
18 0.626563 0.483333 0.628125 0.491667 0.615625 0.500000 0.615625 0.518750 0.618750 0.522917 0.626563 0.522917 0.629687 0.518750 0.639062 0.516667 0.643750 0.525000 0.648438 0.527083 0.653125 0.502083 0.650000 0.485417 0.643750 0.483333 0.643750 0.495833 0.639062 0.500000 0.634375 0.497917 0.631250 0.485417