0 0.998437 0.575000 0.635938 0.439583 0.001563 0.814583 0.000000 0.997917 0.998437 0.997917
1 0.084375 0.500000 0.087500 0.516667 0.182812 0.545833 0.181250 0.514583 0.110937 0.504167 0.109375 0.500000
1 0.784375 0.479167 0.789062 0.514583 0.820312 0.537500 0.881250 0.558333 0.998437 0.572917 0.965625 0.489583 0.943750 0.510417 0.904687 0.493750 0.859375 0.504167 0.853125 0.485417 0.826562 0.500000 0.807813 0.491667 0.801562 0.472917
1 0.628125 0.470833 0.554688 0.460417 0.323437 0.539583 0.190625 0.516667 0.190625 0.550000 0.232813 0.564583 0.000000 0.639583 0.000000 0.814583
1 0.898438 0.447917 0.910937 0.460417 0.912500 0.458333 0.921875 0.462500 0.935937 0.462500 0.937500 0.458333 0.946875 0.460417 0.951562 0.456250 0.964063 0.454167 0.975000 0.456250 0.976562 0.452083 0.912500 0.452083 0.910937 0.447917
1 0.603125 0.447917 0.576562 0.456250 0.560937 0.458333 0.560937 0.477083 0.575000 0.466667 0.582812 0.466667 0.593750 0.458333 0.589063 0.460417 0.587500 0.458333 0.590625 0.454167 0.596875 0.456250 0.603125 0.454167
2 0.659375 0.406250 0.645312 0.406250 0.643750 0.410417 0.635938 0.410417 0.635938 0.427083 0.632812 0.433333 0.623437 0.431250 0.620313 0.427083 0.620313 0.445833 0.629687 0.445833 0.632812 0.439583 0.642188 0.437500 0.646875 0.425000 0.651563 0.429167 0.651563 0.437500 0.654687 0.431250 0.650000 0.416667
2 0.765625 0.404167 0.756250 0.395833 0.753125 0.385417 0.753125 0.397917 0.748437 0.404167 0.740625 0.402083 0.726562 0.410417 0.710938 0.410417 0.693750 0.418750 0.698438 0.427083 0.698438 0.445833 0.704688 0.422917 0.737500 0.420833 0.751563 0.425000 0.756250 0.416667 0.764062 0.416667
2 0.075000 0.372917 0.062500 0.377083 0.064062 0.383333 0.057813 0.389583 0.053125 0.389583 0.062500 0.408333 0.060937 0.425000 0.062500 0.431250 0.071875 0.429167 0.079687 0.422917 0.082812 0.414583 0.082812 0.404167 0.089063 0.397917 0.081250 0.391667 0.079687 0.377083
2 0.832812 0.358333 0.818750 0.362500 0.815625 0.443750 0.828125 0.439583 0.821875 0.425000 0.826562 0.410417 0.832812 0.404167 0.831250 0.381250 0.821875 0.379167 0.821875 0.364583 0.832812 0.362500
2 0.104688 0.295833 0.101562 0.312500 0.089063 0.318750 0.092188 0.322917 0.090625 0.345833 0.106250 0.337500 0.112500 0.345833 0.117188 0.370833 0.132812 0.383333 0.126562 0.375000 0.126562 0.362500 0.115625 0.352083 0.126562 0.320833 0.114062 0.314583 0.120313 0.306250 0.131250 0.308333 0.131250 0.295833
2 0.981250 0.285417 0.970313 0.306250 0.929688 0.322917 0.925000 0.422917 0.929688 0.412500 0.981250 0.404167 0.985938 0.310417 0.979688 0.308333
2 0.765625 0.281250 0.748437 0.287500 0.723437 0.327083 0.714063 0.331250 0.717187 0.366667 0.731250 0.347917 0.732812 0.325000 0.740625 0.314583 0.746875 0.320833 0.754687 0.318750 0.753125 0.310417 0.759375 0.302083 0.759375 0.291667
2 0.768750 0.279167 0.781250 0.289583 0.775000 0.310417 0.778125 0.304167 0.782813 0.312500 0.779687 0.339583 0.784375 0.356250 0.779687 0.381250 0.770312 0.383333 0.770312 0.414583 0.792188 0.414583 0.810937 0.433333 0.810937 0.360417 0.801562 0.333333 0.810937 0.302083 0.803125 0.289583 0.817187 0.277083 0.804688 0.270833
2 0.603125 0.431250 0.556250 0.291667 0.435937 0.100000 0.359375 0.114583 0.357812 0.145833 0.239063 0.216667 0.240625 0.291667 0.159375 0.285417 0.196875 0.297917 0.182812 0.370833 0.228125 0.331250 0.320312 0.375000 0.328125 0.341667 0.431250 0.316667 0.437500 0.393750 0.462500 0.385417 0.448437 0.410417 0.479687 0.443750 0.525000 0.433333 0.532813 0.387500 0.554688 0.418750 0.556250 0.360417 0.560937 0.416667 0.578125 0.383333 0.578125 0.431250
5 0.946875 0.462500 0.937500 0.460417 0.935937 0.468750 0.931250 0.472917 0.925000 0.464583 0.921875 0.468750 0.918750 0.462500 0.906250 0.466667 0.906250 0.495833 0.923438 0.497917 0.925000 0.502083 0.935937 0.502083 0.937500 0.506250 0.943750 0.508333 0.946875 0.506250
5 0.284375 0.460417 0.284375 0.535417 0.290625 0.537500 0.290625 0.497917 0.287500 0.495833 0.287500 0.460417
5 0.390625 0.372917 0.390625 0.443750 0.395313 0.506250 0.395313 0.441667
5 0.175000 0.316667 0.182812 0.537500 0.189062 0.558333 0.179688 0.316667
5 0.998437 0.310417 0.987500 0.310417 0.976562 0.485417 0.982812 0.475000 0.982812 0.458333 0.993750 0.450000 0.996875 0.350000 0.993750 0.333333
5 0.992188 0.000000 0.989062 0.160417 0.995313 0.185417 0.992188 0.225000 0.998437 0.225000 0.998437 0.000000
7 0.159375 0.287500 0.159375 0.295833 0.160938 0.297917 0.159375 0.308333 0.160938 0.310417 0.171875 0.310417 0.175000 0.314583 0.187500 0.314583 0.196875 0.318750 0.196875 0.306250 0.193750 0.295833
7 0.998437 0.227083 0.992188 0.227083 0.985938 0.239583 0.984375 0.247917 0.987500 0.250000 0.987500 0.258333 0.989062 0.256250 0.990625 0.262500 0.984375 0.264583 0.981250 0.308333 0.998437 0.308333
8 0.571875 0.416667 0.568750 0.416667 0.567187 0.418750 0.560937 0.418750 0.560937 0.456250 0.571875 0.454167
8 0.556250 0.420833 0.532813 0.389583 0.525000 0.435417 0.479687 0.445833 0.446875 0.410417 0.462500 0.387500 0.435937 0.393750 0.431250 0.318750 0.328125 0.343750 0.320312 0.377083 0.239063 0.364583 0.228125 0.333333 0.184375 0.372917 0.189062 0.489583 0.282813 0.495833 0.287500 0.458333 0.289062 0.495833 0.348438 0.502083 0.351562 0.450000 0.354687 0.502083 0.392188 0.502083 0.385937 0.360417 0.396875 0.502083 0.553125 0.460417
8 0.153125 0.295833 0.115625 0.310417 0.132812 0.385417 0.106250 0.339583 0.085938 0.350000 0.090625 0.397917 0.071875 0.431250 0.051562 0.385417 0.000000 0.379167 0.000000 0.631250 0.040625 0.604167 0.064062 0.487500 0.181250 0.487500 0.176563 0.358333
8 0.779687 0.289583 0.767188 0.281250 0.756250 0.318750 0.740625 0.316667 0.717187 0.368750 0.712500 0.339583 0.651563 0.416667 0.654687 0.429167 0.748437 0.402083 0.753125 0.383333 0.768750 0.414583 0.768750 0.383333 0.778125 0.381250 0.782813 0.364583 0.781250 0.312500 0.773438 0.310417
8 0.614062 0.281250 0.604688 0.289583 0.596875 0.277083 0.596875 0.320833 0.589063 0.310417 0.584375 0.341667 0.576562 0.343750 0.581250 0.381250 0.604688 0.408333 0.603125 0.433333 0.579688 0.435417 0.575000 0.418750 0.576562 0.454167 0.600000 0.445833 0.606250 0.454167 0.609375 0.404167 0.615625 0.454167 0.618750 0.427083 0.634375 0.427083 0.637500 0.372917 0.615625 0.314583
8 0.293750 0.139583 0.292187 0.143750 0.292187 0.181250 0.290625 0.183333 0.292187 0.181250 0.298438 0.183333 0.300000 0.179167 0.303125 0.181250 0.309375 0.179167 0.310937 0.177083 0.310937 0.164583 0.309375 0.162500 0.310937 0.156250 0.304688 0.154167 0.298438 0.143750
8 0.925000 0.070833 0.890625 0.160417 0.917188 0.187500 0.864062 0.254167 0.848437 0.247917 0.857812 0.216667 0.828125 0.206250 0.803125 0.333333 0.887500 0.404167 0.885938 0.439583 0.917188 0.418750 0.920312 0.450000 0.976562 0.450000 0.981250 0.406250 0.926562 0.414583 0.925000 0.333333 0.973437 0.300000 0.993750 0.220833 0.970313 0.170833 0.943750 0.168750 0.959375 0.087500
8 0.429688 0.043750 0.420312 0.047917 0.396875 0.031250 0.395313 0.041667 0.389062 0.039583 0.393750 0.068750 0.385937 0.060417 0.373437 0.077083 0.354687 0.077083 0.350000 0.114583 0.342187 0.077083 0.329688 0.083333 0.323437 0.152083 0.357812 0.143750 0.359375 0.112500 0.434375 0.097917
9 0.000000 0.637500 0.231250 0.564583 0.200000 0.552083 0.185938 0.560417 0.182812 0.547917 0.064062 0.504167 0.042188 0.604167
9 0.292187 0.531250 0.323437 0.537500 0.418750 0.504167 0.354687 0.504167 0.351562 0.516667 0.348438 0.504167 0.292187 0.500000
9 0.189062 0.491667 0.190625 0.514583 0.282813 0.531250 0.282813 0.497917
9 0.067187 0.487500 0.075000 0.487500 0.082812 0.497917 0.109375 0.497917 0.110937 0.502083 0.181250 0.512500 0.181250 0.489583
9 0.634375 0.452083 0.626563 0.447917 0.625000 0.452083 0.617188 0.452083 0.615625 0.456250 0.598437 0.456250 0.582812 0.468750 0.575000 0.468750 0.560937 0.481250 0.576562 0.481250 0.578125 0.477083 0.631250 0.468750 0.634375 0.464583
10 0.000000 0.000000 0.000000 0.377083 0.240625 0.289583 0.396875 0.029167 0.562500 0.331250 0.631250 0.285417 0.635938 0.408333 0.828125 0.204167 0.907813 0.202083 0.925000 0.068750 0.989062 0.197917 0.990625 0.000000
11 0.862500 0.383333 0.853125 0.410417 0.848437 0.408333 0.848437 0.391667 0.842187 0.400000 0.835938 0.393750 0.823438 0.429167 0.834375 0.441667 0.850000 0.420833 0.856250 0.427083 0.857812 0.497917 0.867188 0.502083 0.884375 0.495833 0.873437 0.485417 0.873437 0.462500 0.882812 0.437500 0.881250 0.414583 0.887500 0.406250
13 0.810937 0.435417 0.792188 0.416667 0.765625 0.416667 0.751563 0.427083 0.704688 0.425000 0.698438 0.447917 0.693750 0.420833 0.682813 0.420833 0.665625 0.431250 0.665625 0.454167 0.684375 0.447917 0.693750 0.456250 0.698438 0.447917 0.706250 0.456250 0.746875 0.456250 0.750000 0.466667 0.801562 0.464583
18 0.948438 0.460417 0.951562 0.470833 0.964063 0.479167 0.984375 0.547917 0.998437 0.558333 0.998437 0.452083 0.984375 0.458333 0.979688 0.487500 0.973437 0.481250 0.975000 0.458333
18 0.882812 0.439583 0.878125 0.443750 0.875000 0.485417 0.882812 0.493750 0.892188 0.493750 0.903125 0.485417 0.904687 0.466667 0.912500 0.460417 0.910937 0.462500 0.903125 0.452083 0.898438 0.452083 0.896875 0.447917 0.890625 0.447917
18 0.853125 0.425000 0.850000 0.422917 0.840625 0.437500 0.835938 0.437500 0.834375 0.443750 0.828125 0.441667 0.812500 0.447917 0.803125 0.462500 0.804688 0.485417 0.812500 0.493750 0.826562 0.497917 0.840625 0.497917 0.851562 0.483333 0.856250 0.487500 0.857812 0.462500