0 0.998437 0.547917 0.826562 0.522917 0.801562 0.456250 0.670312 0.427083 0.000000 0.781250 0.000000 0.997917 0.998437 0.997917
1 0.182812 0.497917 0.185938 0.500000 0.182812 0.510417 0.225000 0.522917 0.242188 0.522917 0.243750 0.527083 0.262500 0.527083 0.260937 0.508333 0.256250 0.504167
1 0.792188 0.487500 0.803125 0.506250 0.839063 0.525000 0.998437 0.545833 0.998437 0.504167 0.973437 0.531250 0.956250 0.531250 0.937500 0.512500 0.925000 0.477083 0.862500 0.483333 0.854688 0.468750 0.834375 0.483333 0.807813 0.454167
1 0.618750 0.466667 0.581250 0.450000 0.375000 0.520833 0.268750 0.508333 0.300000 0.539583 0.110937 0.602083 0.000000 0.583333 0.000000 0.779167
1 0.631250 0.437500 0.620313 0.437500 0.618750 0.441667 0.604688 0.441667 0.603125 0.445833 0.589063 0.447917 0.585938 0.450000 0.585938 0.462500 0.589063 0.464583 0.600000 0.456250 0.610938 0.454167 0.612500 0.450000 0.618750 0.450000 0.623437 0.445833 0.631250 0.443750
2 0.693750 0.393750 0.670312 0.395833 0.670312 0.418750 0.671875 0.425000 0.673438 0.425000 0.673438 0.416667 0.676562 0.412500 0.678125 0.406250 0.679688 0.406250 0.685937 0.416667 0.689063 0.412500 0.687500 0.408333 0.687500 0.400000
2 0.793750 0.372917 0.787500 0.372917 0.782813 0.383333 0.765625 0.389583 0.764062 0.393750 0.750000 0.393750 0.737500 0.400000 0.735938 0.404167 0.726562 0.404167 0.729688 0.422917 0.735938 0.408333 0.778125 0.408333 0.782813 0.402083 0.795312 0.400000
2 0.985938 0.300000 0.973437 0.297917 0.953125 0.310417 0.951562 0.331250 0.964063 0.333333 0.965625 0.341667 0.956250 0.395833 0.948438 0.406250 0.956250 0.410417 0.959375 0.393750 0.978125 0.391667 0.982812 0.302083
2 0.787500 0.283333 0.779687 0.285417 0.778125 0.289583 0.773438 0.285417 0.773438 0.291667 0.760938 0.308333 0.750000 0.312500 0.750000 0.350000 0.754687 0.350000 0.756250 0.337500 0.760938 0.331250 0.767188 0.331250 0.764062 0.329167 0.762500 0.314583 0.768750 0.304167 0.781250 0.304167 0.784375 0.300000 0.782813 0.293750
2 0.810937 0.258333 0.817187 0.270833 0.804688 0.293750 0.815625 0.289583 0.815625 0.345833 0.801562 0.400000 0.832812 0.408333 0.853125 0.372917 0.864062 0.383333 0.875000 0.362500 0.889062 0.418750 0.920312 0.408333 0.921875 0.391667 0.901563 0.389583 0.876563 0.360417 0.875000 0.335417 0.848437 0.343750 0.846875 0.331250 0.826562 0.329167 0.842187 0.252083
2 0.000000 0.000000 0.000000 0.581250 0.064062 0.572917 0.056250 0.400000 0.160938 0.343750 0.192188 0.389583 0.195312 0.300000 0.240625 0.372917 0.264062 0.314583 0.289062 0.366667 0.470313 0.341667 0.506250 0.433333 0.582812 0.360417 0.629687 0.420833 0.467187 0.112500 0.284375 0.227083 0.287500 0.295833 0.214062 0.289583 0.207813 0.218750 0.112500 0.270833
5 0.256250 0.337500 0.265625 0.535417 0.267188 0.491667
5 0.984375 0.302083 0.976562 0.429167 0.982812 0.427083 0.982812 0.368750 0.990625 0.320833 0.987500 0.429167 0.998437 0.431250 0.998437 0.297917
7 0.242188 0.314583 0.243750 0.316667 0.243750 0.331250 0.246875 0.331250 0.253125 0.335417 0.267188 0.335417 0.268750 0.339583 0.270313 0.339583 0.270313 0.318750 0.265625 0.318750 0.264062 0.316667 0.245312 0.316667
7 0.998437 0.218750 0.987500 0.222917 0.982812 0.233333 0.984375 0.247917 0.990625 0.252083 0.981250 0.258333 0.979688 0.279167 0.976562 0.281250 0.976562 0.297917 0.998437 0.295833
8 0.596875 0.408333 0.592187 0.412500 0.585938 0.410417 0.585938 0.447917 0.592187 0.445833 0.593750 0.443750 0.598437 0.443750 0.598437 0.414583 0.596875 0.412500
8 0.260937 0.358333 0.265625 0.485417 0.337500 0.487500 0.340625 0.452083 0.343750 0.487500 0.390625 0.491667 0.393750 0.441667 0.396875 0.491667 0.428125 0.491667 0.425000 0.360417 0.434375 0.491667 0.582812 0.447917 0.564063 0.381250 0.539062 0.435417 0.501563 0.431250 0.478125 0.404167 0.490625 0.383333 0.465625 0.391667 0.470313 0.343750 0.435937 0.362500 0.404687 0.341667 0.365625 0.375000 0.318750 0.352083 0.289062 0.368750 0.278125 0.341667
8 0.207813 0.304167 0.181250 0.322917 0.192188 0.391667 0.160938 0.345833 0.142187 0.393750 0.057813 0.400000 0.073438 0.581250 0.104688 0.600000 0.173437 0.581250 0.189062 0.481250 0.259375 0.483333 0.254688 0.364583 0.221875 0.360417
8 0.625000 0.270833 0.625000 0.314583 0.615625 0.302083 0.603125 0.358333 0.631250 0.389583 0.631250 0.420833 0.609375 0.422917 0.601562 0.406250 0.601562 0.443750 0.620313 0.435417 0.632812 0.443750 0.639062 0.431250 0.642188 0.441667 0.640625 0.420833 0.632812 0.418750 0.635938 0.391667 0.646875 0.397917 0.648438 0.437500 0.670312 0.425000 0.662500 0.333333 0.643750 0.304167 0.640625 0.277083
8 0.814063 0.262500 0.781250 0.270833 0.776563 0.285417 0.789062 0.285417 0.781250 0.306250 0.764062 0.314583 0.768750 0.331250 0.750000 0.352083 0.745313 0.322917 0.689063 0.400000 0.690625 0.412500 0.764062 0.391667 0.787500 0.370833 0.795312 0.372917 0.800000 0.400000 0.814063 0.345833 0.807813 0.318750 0.814063 0.289583 0.803125 0.293750
8 0.334375 0.156250 0.334375 0.162500 0.332813 0.164583 0.332813 0.170833 0.334375 0.172917 0.334375 0.193750 0.337500 0.193750 0.339062 0.191667 0.342187 0.193750 0.343750 0.189583 0.350000 0.189583 0.351562 0.187500 0.350000 0.183333 0.350000 0.170833 0.340625 0.162500 0.340625 0.158333
8 0.940625 0.060417 0.909375 0.147917 0.926562 0.189583 0.875000 0.233333 0.884375 0.200000 0.856250 0.187500 0.826562 0.318750 0.875000 0.333333 0.890625 0.377083 0.925000 0.393750 0.901563 0.418750 0.971875 0.422917 0.978125 0.393750 0.946875 0.408333 0.964063 0.341667 0.950000 0.322917 0.989062 0.252083 0.995313 0.181250 0.964063 0.154167 0.978125 0.072917
8 0.460938 0.058333 0.451562 0.066667 0.429688 0.050000 0.421875 0.058333 0.426563 0.081250 0.390625 0.091667 0.387500 0.131250 0.379688 0.093750 0.367188 0.102083 0.362500 0.164583 0.395313 0.154167 0.396875 0.127083 0.465625 0.110417 0.467187 0.081250 0.457813 0.077083
9 0.175000 0.579167 0.298438 0.539583 0.273438 0.533333 0.265625 0.537500 0.259375 0.529167 0.182812 0.512500
9 0.343750 0.514583 0.375000 0.518750 0.451562 0.493750 0.450000 0.489583 0.396875 0.493750 0.393750 0.500000 0.392188 0.493750 0.381250 0.493750 0.379688 0.489583 0.343750 0.489583
9 0.265625 0.487500 0.268750 0.491667 0.268750 0.506250 0.339062 0.516667 0.337500 0.489583
9 0.185938 0.487500 0.185938 0.493750 0.256250 0.502083 0.260937 0.506250 0.259375 0.485417 0.240625 0.487500 0.235937 0.483333 0.189062 0.483333
9 0.668750 0.435417 0.653125 0.435417 0.642188 0.443750 0.639062 0.441667 0.612500 0.452083 0.610938 0.456250 0.600000 0.458333 0.585938 0.468750 0.656250 0.458333 0.664062 0.450000 0.665625 0.437500
9 0.889062 0.425000 0.898438 0.429167 0.940625 0.429167 0.970313 0.433333 0.975000 0.429167 0.975000 0.420833 0.971875 0.425000 0.964063 0.425000 0.962500 0.420833 0.957812 0.425000 0.951562 0.420833 0.890625 0.420833
10 0.037500 0.000000 0.053125 0.189583 0.112500 0.268750 0.207813 0.216667 0.214062 0.287500 0.287500 0.293750 0.431250 0.047917 0.592187 0.320833 0.659375 0.275000 0.668750 0.393750 0.856250 0.185417 0.925000 0.189583 0.937500 0.060417 0.995313 0.164583 0.995313 0.000000
11 0.678125 0.408333 0.678125 0.412500 0.675000 0.416667 0.676562 0.443750 0.682813 0.443750 0.682813 0.427083 0.684375 0.425000 0.687500 0.427083 0.690625 0.443750 0.693750 0.443750 0.693750 0.431250 0.696875 0.429167 0.696875 0.418750 0.693750 0.414583 0.689063 0.414583 0.685937 0.418750
11 0.875000 0.364583 0.868750 0.368750 0.865625 0.383333 0.860938 0.375000 0.853125 0.375000 0.850000 0.387500 0.837500 0.393750 0.831250 0.410417 0.839063 0.422917 0.853125 0.416667 0.862500 0.427083 0.865625 0.441667 0.862500 0.481250 0.879687 0.475000 0.876563 0.445833 0.885938 0.418750 0.887500 0.391667 0.878125 0.381250
13 0.839063 0.425000 0.818750 0.400000 0.787500 0.402083 0.778125 0.410417 0.735938 0.410417 0.731250 0.425000 0.720313 0.404167 0.698438 0.416667 0.695312 0.439583 0.729688 0.435417 0.806250 0.454167 0.818750 0.433333
18 0.860938 0.427083 0.851562 0.420833 0.843750 0.420833 0.837500 0.431250 0.826562 0.429167 0.823438 0.435417 0.818750 0.435417 0.815625 0.439583 0.815625 0.447917 0.812500 0.450000 0.814063 0.466667 0.820312 0.475000 0.832812 0.477083 0.834375 0.481250 0.853125 0.475000 0.854688 0.466667 0.860938 0.466667 0.860938 0.458333 0.864062 0.454167
18 0.878125 0.445833 0.881250 0.475000 0.931250 0.479167 0.939063 0.512500 0.951562 0.527083 0.973437 0.529167 0.992188 0.502083 0.998437 0.502083 0.998437 0.433333 0.984375 0.427083 0.970313 0.435417 0.907813 0.437500 0.890625 0.429167 0.887500 0.418750