0 0.998437 0.568750 0.667188 0.437500 0.000000 0.785417 0.000000 0.997917 0.998437 0.997917
1 0.170313 0.493750 0.170313 0.510417 0.218750 0.525000 0.223438 0.522917 0.225000 0.527083 0.254688 0.531250 0.251563 0.508333
1 0.803125 0.475000 0.800000 0.510417 0.834375 0.537500 0.998437 0.566667 0.998437 0.547917 0.976562 0.554167 0.964063 0.545833 0.950000 0.500000 0.943750 0.510417 0.935937 0.487500 0.929688 0.497917 0.921875 0.487500 0.873437 0.500000 0.864062 0.483333 0.853125 0.497917 0.820312 0.487500 0.817187 0.472917
1 0.617188 0.477083 0.579688 0.458333 0.371875 0.525000 0.260937 0.510417 0.295312 0.545833 0.090625 0.608333 0.000000 0.583333 0.000000 0.783333
1 0.631250 0.447917 0.623437 0.447917 0.615625 0.452083 0.603125 0.452083 0.601562 0.456250 0.585938 0.458333 0.587500 0.475000 0.592187 0.468750 0.612500 0.462500 0.623437 0.454167 0.631250 0.454167
1 0.909375 0.445833 0.915625 0.452083 0.914062 0.454167 0.951562 0.454167 0.964063 0.450000 0.965625 0.454167 0.971875 0.456250 0.985938 0.454167 0.985938 0.450000 0.971875 0.452083 0.970313 0.447917 0.945312 0.450000
2 0.693750 0.404167 0.689063 0.404167 0.687500 0.406250 0.682813 0.404167 0.668750 0.406250 0.670312 0.410417 0.670312 0.425000 0.667188 0.427083 0.667188 0.433333 0.673438 0.433333 0.673438 0.427083 0.678125 0.418750 0.681250 0.422917 0.682813 0.429167 0.685937 0.429167 0.685937 0.414583
2 0.885938 0.387500 0.885938 0.395833 0.892188 0.400000 0.895312 0.406250 0.896875 0.418750 0.900000 0.422917 0.895312 0.429167 0.895312 0.435417 0.907813 0.435417 0.910937 0.431250 0.915625 0.435417 0.920312 0.429167 0.920312 0.410417 0.914062 0.408333 0.907813 0.400000 0.900000 0.404167 0.895312 0.395833 0.890625 0.395833
2 0.795312 0.393750 0.792188 0.385417 0.787500 0.385417 0.782813 0.400000 0.751563 0.406250 0.735938 0.416667 0.725000 0.418750 0.729688 0.429167 0.737500 0.420833 0.775000 0.418750 0.779687 0.422917 0.784375 0.414583 0.795312 0.414583
2 0.989062 0.310417 0.953125 0.331250 0.953125 0.347917 0.964063 0.354167 0.957812 0.393750 0.959375 0.410417 0.953125 0.420833 0.956250 0.443750 0.960938 0.416667 0.967187 0.408333 0.985938 0.406250 0.990625 0.400000 0.990625 0.356250 0.996875 0.314583 0.990625 0.316667
2 0.790625 0.293750 0.784375 0.295833 0.782813 0.289583 0.776563 0.291667 0.771875 0.304167 0.760938 0.312500 0.759375 0.320833 0.750000 0.322917 0.745313 0.335417 0.750000 0.337500 0.750000 0.362500 0.754687 0.362500 0.765625 0.345833 0.764062 0.331250 0.767188 0.329167 0.767188 0.320833 0.771875 0.314583 0.775000 0.314583 0.776563 0.320833 0.785937 0.314583 0.784375 0.308333 0.790625 0.300000
2 0.842187 0.266667 0.810937 0.270833 0.815625 0.287500 0.806250 0.306250 0.812500 0.300000 0.817187 0.310417 0.810937 0.331250 0.817187 0.356250 0.803125 0.385417 0.801562 0.412500 0.839063 0.422917 0.857812 0.391667 0.867188 0.393750 0.868750 0.412500 0.881250 0.379167 0.879687 0.352083 0.850000 0.360417 0.848437 0.350000 0.828125 0.339583 0.840625 0.304167 0.834375 0.295833 0.845313 0.277083
2 0.631250 0.427083 0.587500 0.291667 0.468750 0.114583 0.396875 0.129167 0.285938 0.225000 0.285938 0.295833 0.207813 0.289583 0.237500 0.370833 0.237500 0.308333 0.265625 0.314583 0.254688 0.358333 0.275000 0.335417 0.359375 0.377083 0.434375 0.335417 0.434375 0.364583 0.471875 0.345833 0.467187 0.395833 0.493750 0.387500 0.479687 0.408333 0.510938 0.441667 0.553125 0.429167 0.562500 0.383333 0.581250 0.414583 0.584375 0.362500 0.585938 0.414583
2 0.025000 0.000000 0.000000 0.000000 0.000000 0.581250 0.046875 0.554167 0.035937 0.393750 0.135937 0.387500 0.159375 0.339583 0.189062 0.393750 0.173437 0.316667 0.212500 0.256250 0.200000 0.235417 0.101562 0.272917 0.053125 0.237500
5 0.248438 0.333333 0.253125 0.518750 0.259375 0.539583 0.254688 0.372917
5 0.998437 0.314583 0.993750 0.337500 0.989062 0.427083 0.993750 0.427083 0.996875 0.393750
7 0.237500 0.310417 0.237500 0.329167 0.240625 0.331250 0.250000 0.331250 0.251563 0.333333 0.265625 0.333333 0.264062 0.329167 0.264062 0.314583 0.253125 0.314583 0.251563 0.312500
8 0.598437 0.414583 0.595313 0.416667 0.585938 0.416667 0.585938 0.454167 0.587500 0.456250 0.590625 0.454167 0.598437 0.454167
8 0.254688 0.360417 0.259375 0.485417 0.332813 0.491667 0.335938 0.454167 0.340625 0.491667 0.389062 0.495833 0.390625 0.441667 0.393750 0.495833 0.426563 0.495833 0.423438 0.364583 0.432812 0.495833 0.582812 0.456250 0.565625 0.385417 0.535937 0.445833 0.478125 0.408333 0.493750 0.389583 0.465625 0.395833 0.470313 0.345833 0.370312 0.352083 0.364063 0.379167 0.309375 0.352083 0.287500 0.368750 0.275000 0.337500
8 0.207813 0.302083 0.175000 0.316667 0.189062 0.395833 0.162500 0.341667 0.135937 0.389583 0.037500 0.393750 0.039062 0.577083 0.081250 0.606250 0.146875 0.589583 0.162500 0.568750 0.170313 0.491667 0.251563 0.485417 0.248438 0.372917 0.217188 0.356250
8 0.625000 0.279167 0.625000 0.320833 0.615625 0.312500 0.604688 0.366667 0.646875 0.414583 0.632812 0.443750 0.631250 0.429167 0.609375 0.433333 0.603125 0.414583 0.601562 0.435417 0.603125 0.450000 0.632812 0.445833 0.634375 0.454167 0.639062 0.441667 0.642188 0.454167 0.645312 0.441667 0.646875 0.450000 0.667188 0.445833 0.668750 0.372917 0.642188 0.283333 0.632812 0.289583
8 0.814063 0.281250 0.784375 0.281250 0.784375 0.293750 0.792188 0.293750 0.787500 0.314583 0.768750 0.320833 0.756250 0.362500 0.746875 0.358333 0.748437 0.337500 0.737500 0.343750 0.687500 0.425000 0.782813 0.397917 0.787500 0.383333 0.800000 0.414583 0.801562 0.385417 0.815625 0.356250 0.809375 0.337500 0.812500 0.302083 0.804688 0.308333
8 0.335938 0.150000 0.332813 0.156250 0.332813 0.162500 0.331250 0.164583 0.331250 0.168750 0.334375 0.172917 0.334375 0.189583 0.331250 0.195833 0.335938 0.193750 0.348438 0.193750 0.351562 0.189583 0.350000 0.183333 0.350000 0.168750 0.343750 0.162500 0.340625 0.154167
8 0.951562 0.072917 0.915625 0.160417 0.935937 0.197917 0.885938 0.250000 0.889062 0.216667 0.859375 0.202083 0.829688 0.339583 0.879687 0.350000 0.890625 0.393750 0.921875 0.410417 0.917188 0.435417 0.979688 0.450000 0.989062 0.406250 0.953125 0.437500 0.951562 0.331250 0.989062 0.308333 0.998437 0.183333 0.973437 0.172917 0.984375 0.087500
8 0.462500 0.058333 0.453125 0.064583 0.431250 0.050000 0.425000 0.058333 0.428125 0.085417 0.392188 0.091667 0.389062 0.125000 0.381250 0.093750 0.367188 0.102083 0.360938 0.168750 0.389062 0.158333 0.396875 0.127083 0.467187 0.112500
9 0.154688 0.585417 0.293750 0.545833 0.264062 0.537500 0.256250 0.541667 0.254688 0.533333 0.170313 0.512500 0.164062 0.522917 0.164062 0.568750
9 0.340625 0.516667 0.350000 0.522917 0.371875 0.522917 0.439063 0.506250 0.453125 0.497917 0.432812 0.497917 0.429688 0.502083 0.428125 0.497917 0.393750 0.497917 0.390625 0.504167 0.389062 0.497917 0.340625 0.493750
9 0.259375 0.487500 0.260937 0.508333 0.334375 0.518750 0.332813 0.493750
9 0.175000 0.489583 0.189062 0.495833 0.251563 0.506250 0.251563 0.487500 0.234375 0.487500 0.232813 0.483333 0.226562 0.483333 0.225000 0.487500 0.217188 0.487500 0.215625 0.483333 0.196875 0.483333 0.195312 0.487500
9 0.665625 0.447917 0.651563 0.447917 0.642188 0.456250 0.639062 0.452083 0.634375 0.456250 0.623437 0.456250 0.612500 0.464583 0.592187 0.470833 0.587500 0.477083 0.625000 0.477083 0.629687 0.470833 0.642188 0.472917 0.657813 0.468750 0.662500 0.464583
10 0.025000 0.010417 0.054688 0.237500 0.203125 0.233333 0.206250 0.300000 0.285938 0.293750 0.365625 0.102083 0.462500 0.056250 0.593750 0.329167 0.650000 0.289583 0.668750 0.404167 0.859375 0.200000 0.879687 0.247917 0.931250 0.204167 0.946875 0.072917 0.998437 0.181250 0.998437 0.000000
12 0.882812 0.381250 0.876563 0.383333 0.868750 0.414583 0.864062 0.412500 0.865625 0.393750 0.857812 0.393750 0.839063 0.425000 0.846875 0.435417 0.860938 0.433333 0.860938 0.425000 0.867188 0.422917 0.873437 0.497917 0.887500 0.497917 0.884375 0.462500 0.898438 0.425000 0.893750 0.406250 0.884375 0.395833
13 0.840625 0.431250 0.817187 0.414583 0.784375 0.416667 0.779687 0.425000 0.737500 0.422917 0.731250 0.431250 0.723437 0.416667 0.698438 0.429167 0.695312 0.452083 0.714063 0.445833 0.718750 0.454167 0.771875 0.454167 0.776563 0.464583 0.793750 0.468750 0.817187 0.464583
18 0.948438 0.456250 0.950000 0.497917 0.959375 0.537500 0.976562 0.552083 0.996875 0.547917 0.998437 0.454167 0.987500 0.452083 0.985938 0.456250 0.971875 0.458333 0.964063 0.452083
18 0.890625 0.443750 0.885938 0.462500 0.885938 0.483333 0.889062 0.485417 0.889062 0.491667 0.898438 0.493750 0.918750 0.491667 0.923438 0.485417 0.925000 0.458333 0.928125 0.454167 0.914062 0.456250 0.910937 0.447917 0.898438 0.445833 0.895312 0.439583
18 0.867188 0.431250 0.846875 0.437500 0.842187 0.431250 0.840625 0.439583 0.834375 0.445833 0.828125 0.445833 0.820312 0.456250 0.817187 0.466667 0.820312 0.485417 0.839063 0.495833 0.853125 0.495833 0.864062 0.481250 0.868750 0.485417 0.871875 0.472917