0 0.000000 0.722917 0.000000 0.997917 0.998437 0.997917 0.998437 0.504167 0.642188 0.508333 0.407813 0.418750
1 0.328125 0.477083 0.301563 0.481250 0.300000 0.454167 0.000000 0.595833 0.000000 0.720833
1 0.357812 0.435417 0.356250 0.433333 0.343750 0.435417 0.334375 0.441667 0.329688 0.441667 0.323437 0.447917 0.318750 0.445833 0.304688 0.452083 0.304688 0.464583 0.307812 0.466667 0.307812 0.470833 0.310937 0.470833 0.320312 0.462500 0.321875 0.464583 0.328125 0.456250 0.332813 0.456250 0.343750 0.445833 0.348438 0.445833
1 0.523438 0.431250 0.642188 0.506250 0.998437 0.502083 0.876563 0.472917 0.925000 0.443750 0.910937 0.408333 0.870313 0.418750 0.850000 0.466667 0.820312 0.441667 0.784375 0.491667 0.746875 0.435417 0.592187 0.456250 0.564063 0.443750 0.567187 0.404167
1 0.853125 0.377083 0.862500 0.383333 0.864062 0.387500 0.871875 0.387500 0.873437 0.385417 0.892188 0.385417 0.896875 0.383333 0.896875 0.377083 0.898438 0.375000 0.893750 0.377083 0.879687 0.377083 0.878125 0.375000 0.859375 0.377083 0.857812 0.375000 0.853125 0.375000
2 0.407813 0.385417 0.387500 0.389583 0.385937 0.391667 0.389062 0.408333 0.384375 0.414583 0.381250 0.414583 0.379688 0.410417 0.375000 0.414583 0.371875 0.410417 0.371875 0.427083 0.389062 0.427083 0.387500 0.422917 0.393750 0.420833 0.392188 0.406250 0.400000 0.402083 0.404687 0.412500 0.407813 0.410417 0.404687 0.406250 0.404687 0.393750
2 0.482812 0.375000 0.476562 0.375000 0.473438 0.383333 0.460938 0.383333 0.453125 0.389583 0.451562 0.393750 0.448437 0.393750 0.450000 0.395833 0.451562 0.410417 0.453125 0.412500 0.454688 0.400000 0.459375 0.393750 0.476562 0.393750 0.478125 0.391667 0.482812 0.391667
2 0.507812 0.354167 0.507812 0.360417 0.506250 0.362500 0.504687 0.360417 0.501563 0.362500 0.500000 0.360417 0.500000 0.354167 0.495312 0.354167 0.493750 0.356250 0.495312 0.358333 0.495312 0.366667 0.490625 0.372917 0.485938 0.375000 0.487500 0.379167 0.487500 0.391667 0.498437 0.391667 0.501563 0.393750 0.504687 0.391667 0.504687 0.387500 0.509375 0.383333 0.509375 0.356250
2 0.564063 0.320833 0.560937 0.320833 0.557813 0.325000 0.557813 0.347917 0.556250 0.350000 0.557813 0.352083 0.559375 0.391667 0.562500 0.385417 0.567187 0.383333 0.567187 0.343750 0.560937 0.341667 0.560937 0.329167 0.565625 0.327083
2 0.628125 0.275000 0.626563 0.279167 0.614062 0.281250 0.609375 0.300000 0.614062 0.306250 0.615625 0.320833 0.620313 0.325000 0.621875 0.339583 0.635938 0.356250 0.635938 0.362500 0.631250 0.364583 0.632812 0.393750 0.639062 0.393750 0.642188 0.312500 0.639062 0.310417 0.637500 0.287500
2 0.498437 0.260417 0.484375 0.264583 0.467187 0.300000 0.459375 0.302083 0.456250 0.308333 0.456250 0.314583 0.460938 0.320833 0.462500 0.341667 0.467187 0.335417 0.470313 0.337500 0.475000 0.322917 0.481250 0.322917 0.475000 0.316667 0.475000 0.297917 0.482812 0.287500 0.487500 0.293750 0.496875 0.289583 0.493750 0.287500 0.493750 0.279167 0.496875 0.277083
2 0.507812 0.254167 0.510938 0.275000 0.518750 0.283333 0.517188 0.308333 0.523438 0.322917 0.520312 0.347917 0.512500 0.352083 0.514062 0.381250 0.537500 0.377083 0.554688 0.391667 0.550000 0.320833 0.537500 0.300000 0.540625 0.281250 0.546875 0.275000 0.540625 0.266667 0.542188 0.250000
2 0.685937 0.041667 0.673438 0.062500 0.681250 0.200000 0.690625 0.202083 0.681250 0.225000 0.690625 0.220833 0.693750 0.241667 0.682813 0.254167 0.679688 0.302083 0.662500 0.297917 0.664062 0.270833 0.643750 0.297917 0.648438 0.360417 0.682813 0.341667 0.687500 0.381250 0.700000 0.383333
2 0.920312 0.000000 0.882812 0.122917 0.835938 0.156250 0.846875 0.325000 0.834375 0.335417 0.859375 0.375000 0.898438 0.372917 0.928125 0.335417 0.928125 0.435417 0.998437 0.439583 0.998437 0.341667 0.935937 0.335417 0.932813 0.150000 0.998437 0.110417 0.928125 0.139583
2 0.787500 0.000000 0.717187 0.000000 0.695312 0.031250 0.698438 0.233333 0.701562 0.187500 0.720313 0.195833 0.709375 0.404167 0.789062 0.377083 0.775000 0.360417 0.789062 0.345833 0.798438 0.377083 0.821875 0.370833 0.796875 0.331250 0.825000 0.320833 0.826562 0.150000 0.778125 0.125000 0.812500 0.089583 0.773438 0.079167 0.821875 0.018750 0.767188 0.033333
2 0.000000 0.000000 0.000000 0.304167 0.023438 0.264583 0.042188 0.316667 0.079687 0.272917 0.065625 0.295833 0.104688 0.310417 0.103125 0.385417 0.150000 0.368750 0.129688 0.404167 0.185938 0.450000 0.260937 0.422917 0.268750 0.366667 0.295312 0.408333 0.292187 0.329167 0.300000 0.404167 0.318750 0.381250 0.354687 0.422917 0.295312 0.272917 0.103125 0.000000
5 0.717187 0.402083 0.712500 0.406250 0.714063 0.425000 0.718750 0.437500 0.718750 0.443750 0.721875 0.447917 0.726562 0.450000 0.728125 0.447917 0.728125 0.441667 0.723437 0.427083 0.723437 0.416667 0.720313 0.410417 0.720313 0.406250
5 0.640625 0.402083 0.640625 0.437500 0.642188 0.441667 0.645312 0.443750 0.650000 0.443750 0.650000 0.404167 0.648438 0.402083
5 0.656250 0.400000 0.656250 0.406250 0.654687 0.408333 0.654687 0.437500 0.657813 0.445833 0.665625 0.445833 0.665625 0.410417 0.664062 0.408333 0.665625 0.400000
5 0.681250 0.395833 0.679688 0.400000 0.671875 0.400000 0.671875 0.410417 0.675000 0.412500 0.673438 0.416667 0.673438 0.441667 0.676562 0.447917 0.684375 0.447917 0.684375 0.416667 0.682813 0.414583 0.682813 0.404167 0.684375 0.400000 0.682813 0.400000
5 0.739062 0.387500 0.737500 0.389583 0.737500 0.402083 0.740625 0.404167 0.739062 0.406250 0.740625 0.408333 0.742188 0.418750 0.746875 0.427083 0.750000 0.418750 0.750000 0.406250 0.748437 0.404167 0.748437 0.393750 0.746875 0.391667 0.746875 0.387500
5 0.003125 0.354167 0.026562 0.562500 0.032813 0.562500 0.009375 0.364583
5 0.687500 0.000000 0.701562 0.391667 0.689063 0.402083 0.700000 0.450000 0.709375 0.260417 0.703125 0.283333
7 0.709375 0.181250 0.701562 0.191667 0.701562 0.204167 0.707812 0.214583 0.701562 0.216667 0.701562 0.258333 0.717187 0.256250 0.717187 0.216667 0.712500 0.214583 0.718750 0.204167 0.717187 0.187500 0.710938 0.185417
7 0.998437 0.122917 0.934375 0.150000 0.937500 0.335417 0.943750 0.341667 0.998437 0.339583
7 0.928125 0.000000 0.929688 0.139583 0.998437 0.108333 0.998437 0.000000
8 0.317188 0.404167 0.314063 0.406250 0.301563 0.406250 0.303125 0.431250 0.304688 0.433333 0.304688 0.450000 0.320312 0.443750 0.318750 0.441667 0.318750 0.406250
8 0.000000 0.354167 0.000000 0.562500 0.021875 0.562500 0.025000 0.535417
8 0.000000 0.306250 0.018750 0.341667 0.035937 0.558333 0.301563 0.452083 0.268750 0.368750 0.262500 0.422917 0.234375 0.425000 0.231250 0.447917 0.185938 0.452083 0.160938 0.406250 0.132812 0.410417 0.150000 0.370833 0.104688 0.389583 0.103125 0.310417 0.081250 0.327083 0.064062 0.295833 0.079687 0.275000 0.042188 0.318750 0.023438 0.266667
8 0.506250 0.254167 0.498437 0.289583 0.476562 0.297917 0.482812 0.322917 0.462500 0.343750 0.454688 0.316667 0.409375 0.385417 0.409375 0.410417 0.473438 0.381250 0.484375 0.362500 0.490625 0.370833 0.495312 0.352083 0.510938 0.356250 0.512500 0.381250 0.510938 0.352083 0.518750 0.347917 0.521875 0.322917
8 0.356250 0.245833 0.345313 0.258333 0.335938 0.243750 0.340625 0.293750 0.326562 0.281250 0.318750 0.337500 0.356250 0.389583 0.357812 0.418750 0.328125 0.420833 0.321875 0.404167 0.325000 0.443750 0.351562 0.431250 0.360938 0.439583 0.359375 0.387500 0.367188 0.435417 0.376563 0.431250 0.370312 0.410417 0.387500 0.408333 0.385937 0.345833 0.359375 0.283333
8 0.631250 0.050000 0.610938 0.125000 0.629687 0.162500 0.593750 0.208333 0.600000 0.243750 0.557813 0.177083 0.540625 0.308333 0.585938 0.366667 0.589063 0.283333 0.606250 0.391667 0.609375 0.285417 0.628125 0.272917 0.640625 0.397917 0.700000 0.391667 0.682813 0.343750 0.646875 0.360417 0.642188 0.289583 0.664062 0.268750 0.679688 0.300000 0.692187 0.227083 0.676562 0.160417 0.648438 0.143750 0.654687 0.066667
8 0.918750 0.000000 0.789062 0.000000 0.768750 0.016667 0.770312 0.033333 0.823438 0.018750 0.775000 0.079167 0.810937 0.085417 0.779687 0.125000 0.800000 0.152083 0.828125 0.150000 0.826562 0.320833 0.834375 0.156250 0.881250 0.122917 0.907813 0.070833 0.900000 0.035417
9 0.090625 0.550000 0.043750 0.556250 0.032813 0.564583 0.000000 0.564583 0.000000 0.593750 0.045312 0.575000 0.051562 0.568750 0.059375 0.568750
9 0.998437 0.441667 0.981250 0.435417 0.954688 0.441667 0.928125 0.437500 0.925000 0.445833 0.875000 0.458333 0.875000 0.466667 0.998437 0.485417
9 0.389062 0.429167 0.373437 0.437500 0.357812 0.439583 0.307812 0.472917 0.307812 0.479167 0.340625 0.475000 0.387500 0.454167 0.393750 0.447917
9 0.718750 0.400000 0.725000 0.416667 0.726562 0.433333 0.731250 0.435417 0.745313 0.433333 0.745313 0.429167 0.740625 0.418750 0.737500 0.406250 0.739062 0.404167 0.735938 0.402083 0.735938 0.395833 0.729688 0.395833 0.728125 0.397917 0.721875 0.397917
9 0.912500 0.408333 0.910937 0.404167 0.903125 0.400000 0.903125 0.395833 0.900000 0.393750 0.900000 0.389583 0.896875 0.385417 0.865625 0.389583 0.870313 0.400000 0.870313 0.416667 0.873437 0.418750 0.875000 0.414583 0.893750 0.414583 0.903125 0.412500 0.909375 0.406250
10 0.693750 0.029167 0.695312 0.029167 0.700000 0.022917 0.700000 0.020833 0.707812 0.012500 0.707812 0.010417 0.710938 0.006250 0.715625 0.004167 0.715625 0.000000 0.693750 0.000000 0.693750 0.016667 0.695312 0.018750
10 0.104688 0.000000 0.301563 0.310417 0.339062 0.293750 0.335938 0.241667 0.373437 0.258333 0.387500 0.387500 0.484375 0.262500 0.553125 0.256250 0.557813 0.175000 0.600000 0.241667 0.631250 0.047917 0.678125 0.154167 0.685937 0.000000
11 0.598437 0.358333 0.592187 0.358333 0.592187 0.360417 0.584375 0.370833 0.584375 0.375000 0.581250 0.377083 0.581250 0.383333 0.587500 0.383333 0.589063 0.387500 0.593750 0.387500 0.595313 0.381250 0.598437 0.379167 0.598437 0.368750 0.600000 0.366667 0.600000 0.360417
11 0.620313 0.337500 0.618750 0.343750 0.609375 0.350000 0.612500 0.385417 0.607812 0.402083 0.614062 0.402083 0.617188 0.408333 0.617188 0.450000 0.625000 0.450000 0.625000 0.435417 0.629687 0.450000 0.632812 0.450000 0.634375 0.439583 0.639062 0.435417 0.631250 0.408333 0.629687 0.364583 0.634375 0.362500 0.634375 0.356250
13 0.568750 0.385417 0.551562 0.393750 0.537500 0.379167 0.523438 0.379167 0.501563 0.395833 0.459375 0.395833 0.453125 0.414583 0.446875 0.393750 0.423438 0.400000 0.420312 0.425000 0.426563 0.431250 0.435937 0.422917 0.443750 0.429167 0.496875 0.422917 0.503125 0.433333 0.556250 0.425000 0.559375 0.404167 0.568750 0.402083
13 0.928125 0.337500 0.914062 0.341667 0.904687 0.354167 0.898438 0.377083 0.898438 0.387500 0.904687 0.400000 0.912500 0.404167 0.925000 0.429167 0.928125 0.425000 0.929688 0.404167
18 0.609375 0.389583 0.606250 0.393750 0.589063 0.389583 0.573438 0.404167 0.568750 0.404167 0.562500 0.422917 0.565625 0.443750 0.573438 0.450000 0.593750 0.454167 0.609375 0.435417 0.614062 0.435417 0.615625 0.439583 0.614062 0.404167 0.609375 0.406250 0.606250 0.402083
18 0.845313 0.320833 0.800000 0.327083 0.823438 0.364583 0.817187 0.383333 0.798438 0.379167 0.789062 0.347917 0.776563 0.360417 0.790625 0.377083 0.762500 0.389583 0.757812 0.414583 0.750000 0.402083 0.748437 0.441667 0.768750 0.485417 0.790625 0.485417 0.801562 0.454167 0.820312 0.439583 0.839063 0.464583 0.864062 0.447917 0.868750 0.400000 0.851562 0.377083 0.860938 0.364583 0.853125 0.343750 0.832812 0.335417