0 0.000000 0.633333 0.000000 0.997917 0.998437 0.997917 0.998437 0.508333 0.565625 0.535417 0.284375 0.437500
0 0.998437 0.456250 0.998437 0.437500 0.921875 0.437500 0.920312 0.441667 0.921875 0.450000 0.950000 0.456250
1 0.184375 0.510417 0.151562 0.512500 0.150000 0.481250 0.001563 0.545833 0.000000 0.631250 0.109375 0.550000
1 0.228125 0.458333 0.226562 0.454167 0.221875 0.454167 0.215625 0.458333 0.207813 0.458333 0.206250 0.462500 0.195312 0.462500 0.182812 0.470833 0.190625 0.477083 0.190625 0.485417 0.195312 0.477083 0.201563 0.477083 0.209375 0.472917 0.210938 0.468750 0.223438 0.464583
1 0.998437 0.506250 0.985938 0.456250 0.932813 0.504167 0.781250 0.487500 0.825000 0.456250 0.798438 0.427083 0.751563 0.483333 0.726562 0.458333 0.696875 0.512500 0.668750 0.447917 0.660937 0.477083 0.646875 0.452083 0.418750 0.450000 0.473438 0.506250 0.565625 0.533333
2 0.289062 0.404167 0.264062 0.406250 0.265625 0.443750 0.268750 0.439583 0.267188 0.437500 0.268750 0.425000 0.270313 0.422917 0.275000 0.425000 0.276562 0.418750 0.284375 0.429167 0.284375 0.435417 0.287500 0.433333 0.289062 0.427083 0.285938 0.418750 0.285938 0.408333
2 0.371875 0.389583 0.360938 0.397917 0.350000 0.400000 0.334375 0.408333 0.337500 0.429167 0.340625 0.429167 0.339062 0.420833 0.346875 0.410417 0.360938 0.410417 0.364063 0.412500 0.365625 0.408333 0.373437 0.408333
2 0.464062 0.366667 0.464062 0.377083 0.467187 0.387500 0.467187 0.418750 0.471875 0.418750 0.473438 0.414583 0.482812 0.414583 0.481250 0.406250 0.475000 0.397917 0.476562 0.391667 0.475000 0.389583 0.478125 0.387500 0.478125 0.383333 0.475000 0.381250 0.473438 0.375000 0.468750 0.375000
2 0.489063 0.295833 0.487500 0.304167 0.498437 0.304167 0.503125 0.310417 0.507812 0.339583 0.523438 0.345833 0.526563 0.360417 0.534375 0.368750 0.535937 0.347917 0.531250 0.302083 0.517188 0.295833 0.507812 0.300000
2 0.382812 0.289583 0.370312 0.291667 0.367188 0.283333 0.364063 0.295833 0.350000 0.314583 0.343750 0.316667 0.342187 0.325000 0.348438 0.333333 0.348438 0.352083 0.354687 0.345833 0.357812 0.350000 0.360938 0.337500 0.368750 0.335417 0.360938 0.329167 0.362500 0.312500 0.370312 0.300000 0.381250 0.306250 0.384375 0.300000 0.381250 0.293750
2 0.396875 0.264583 0.409375 0.295833 0.414062 0.352083 0.403125 0.368750 0.403125 0.395833 0.400000 0.368750 0.384375 0.368750 0.376563 0.408333 0.407813 0.397917 0.409375 0.381250 0.412500 0.395833 0.431250 0.393750 0.448437 0.408333 0.448437 0.360417 0.453125 0.404167 0.462500 0.400000 0.456250 0.337500 0.448437 0.339583 0.446875 0.362500 0.431250 0.322917 0.437500 0.268750
2 0.000000 0.087500 0.000000 0.475000 0.057813 0.475000 0.103125 0.445833 0.112500 0.372917 0.142187 0.420833 0.137500 0.335417 0.150000 0.425000 0.223438 0.431250 0.148438 0.270833 0.076563 0.206250
2 0.804688 0.000000 0.718750 0.183333 0.718750 0.339583 0.753125 0.337500 0.748437 0.391667 0.823438 0.345833 0.826562 0.450000 0.904687 0.456250 0.971875 0.122917 0.971875 0.245833 0.998437 0.235417 0.998437 0.000000 0.918750 0.000000 0.904687 0.325000 0.901563 0.164583 0.901563 0.360417 0.860938 0.387500 0.828125 0.350000
2 0.659375 0.000000 0.584375 0.052083 0.587500 0.206250 0.579688 0.060417 0.560937 0.079167 0.584375 0.260417 0.571875 0.320833 0.537500 0.302083 0.542188 0.372917 0.575000 0.360417 0.595313 0.402083 0.606250 0.195833 0.604688 0.408333 0.712500 0.377083 0.710938 0.181250 0.665625 0.150000 0.696875 0.114583 0.660937 0.102083 0.707812 0.050000 0.656250 0.054167
5 0.584375 0.416667 0.575000 0.416667 0.573438 0.420833 0.576562 0.466667 0.582812 0.462500 0.584375 0.464583 0.585938 0.460417 0.584375 0.445833 0.587500 0.439583 0.587500 0.422917 0.585938 0.427083 0.584375 0.425000
5 0.610938 0.406250 0.609375 0.412500 0.612500 0.418750 0.610938 0.422917 0.612500 0.425000 0.612500 0.435417 0.617188 0.443750 0.620313 0.462500 0.623437 0.466667 0.631250 0.466667 0.629687 0.456250 0.626563 0.450000 0.626563 0.441667 0.623437 0.435417 0.621875 0.420833 0.618750 0.414583 0.618750 0.406250
5 0.640625 0.402083 0.640625 0.418750 0.646875 0.437500 0.648438 0.452083 0.653125 0.462500 0.654687 0.475000 0.660937 0.475000 0.662500 0.462500 0.657813 0.445833 0.657813 0.435417 0.653125 0.425000 0.650000 0.400000
5 0.137500 0.337500 0.135937 0.356250 0.156250 0.508333
5 0.590625 0.247917 0.596875 0.468750 0.603125 0.468750 0.601562 0.275000 0.600000 0.372917
5 0.917188 0.000000 0.906250 0.000000 0.904687 0.322917 0.915625 0.260417
5 0.576562 0.000000 0.587500 0.204167 0.581250 0.000000
7 0.600000 0.197917 0.596875 0.202083 0.596875 0.220833 0.601562 0.229167 0.596875 0.231250 0.595313 0.243750 0.596875 0.272917 0.610938 0.272917 0.612500 0.235417 0.607812 0.231250 0.607812 0.227083 0.610938 0.222917 0.612500 0.212500 0.606250 0.197917
7 0.978125 0.122917 0.968750 0.129167 0.967187 0.143750 0.970313 0.158333 0.967187 0.162500 0.968750 0.168750 0.964063 0.193750 0.967187 0.195833 0.965625 0.202083 0.975000 0.202083 0.979688 0.195833 0.978125 0.177083 0.981250 0.160417 0.978125 0.158333 0.978125 0.150000 0.981250 0.147917 0.981250 0.127083 0.979688 0.129167
7 0.818750 0.000000 0.829688 0.350000 0.848437 0.381250 0.871875 0.383333 0.900000 0.360417 0.904687 0.000000
8 0.173437 0.425000 0.150000 0.427083 0.153125 0.464583 0.156250 0.477083 0.168750 0.475000 0.178125 0.468750 0.178125 0.456250 0.173437 0.435417
8 0.128125 0.391667 0.121875 0.397917 0.112500 0.375000 0.100000 0.412500 0.103125 0.447917 0.057813 0.477083 0.000000 0.477083 0.000000 0.545833 0.148438 0.481250 0.143750 0.427083
8 0.715625 0.345833 0.714063 0.347917 0.714063 0.377083 0.707812 0.383333 0.706250 0.393750 0.714063 0.400000 0.714063 0.410417 0.718750 0.416667 0.721875 0.408333 0.721875 0.397917 0.725000 0.393750 0.725000 0.381250 0.720313 0.379167 0.720313 0.368750 0.717187 0.360417 0.717187 0.347917
8 0.395313 0.264583 0.368750 0.283333 0.385937 0.300000 0.365625 0.308333 0.362500 0.329167 0.370312 0.335417 0.348438 0.354167 0.342187 0.327083 0.287500 0.408333 0.289062 0.425000 0.360938 0.395833 0.373437 0.377083 0.381250 0.387500 0.384375 0.366667 0.401562 0.368750 0.403125 0.393750 0.412500 0.341667
8 0.198437 0.237500 0.203125 0.297917 0.187500 0.281250 0.185938 0.320833 0.168750 0.314583 0.182812 0.366667 0.221875 0.397917 0.225000 0.431250 0.193750 0.441667 0.178125 0.420833 0.182812 0.468750 0.187500 0.445833 0.190625 0.464583 0.264062 0.443750 0.254688 0.331250 0.228125 0.285417 0.223438 0.243750 0.209375 0.254167
8 0.521875 0.064583 0.501563 0.137500 0.521875 0.179167 0.485938 0.220833 0.498437 0.256250 0.446875 0.187500 0.431250 0.310417 0.481250 0.381250 0.482812 0.297917 0.500000 0.402083 0.509375 0.341667 0.485938 0.297917 0.529687 0.297917 0.542188 0.425000 0.587500 0.406250 0.575000 0.362500 0.542188 0.377083 0.535937 0.318750 0.550000 0.289583 0.571875 0.318750 0.582812 0.243750
8 0.803125 0.000000 0.781250 0.022917 0.770312 0.000000 0.660937 0.000000 0.678125 0.022917 0.656250 0.052083 0.709375 0.050000 0.662500 0.102083 0.698438 0.114583 0.667188 0.150000 0.712500 0.181250 0.715625 0.341667 0.717187 0.183333 0.750000 0.162500 0.781250 0.106250 0.773438 0.070833
9 0.778125 0.477083 0.781250 0.485417 0.932813 0.502083 0.981250 0.481250 0.981250 0.462500 0.920312 0.447917 0.915625 0.460417 0.865625 0.447917 0.826562 0.452083
9 0.270313 0.447917 0.253125 0.447917 0.242188 0.460417 0.225000 0.462500 0.151562 0.510417 0.196875 0.506250 0.270313 0.470833
9 0.620313 0.414583 0.623437 0.420833 0.625000 0.435417 0.628125 0.441667 0.628125 0.450000 0.646875 0.450000 0.645312 0.437500 0.639062 0.418750 0.639062 0.412500 0.634375 0.414583
9 0.653125 0.412500 0.656250 0.431250 0.659375 0.435417 0.659375 0.445833 0.668750 0.445833 0.670312 0.443750 0.670312 0.429167 0.676562 0.418750 0.676562 0.412500 0.673438 0.410417 0.656250 0.410417
9 0.765625 0.406250 0.770312 0.416667 0.770312 0.422917 0.768750 0.425000 0.771875 0.427083 0.771875 0.431250 0.796875 0.427083 0.793750 0.420833 0.790625 0.420833 0.789062 0.416667 0.785937 0.414583 0.784375 0.404167 0.770312 0.404167 0.768750 0.406250
10 0.584375 0.050000 0.625000 0.000000 0.582812 0.000000
10 0.000000 0.000000 0.000000 0.085417 0.159375 0.316667 0.201563 0.297917 0.195312 0.235417 0.246875 0.260417 0.264062 0.404167 0.375000 0.268750 0.443750 0.268750 0.446875 0.185417 0.496875 0.256250 0.512500 0.072917 0.546875 0.085417 0.564063 0.172917 0.575000 0.000000
11 0.278125 0.420833 0.276562 0.420833 0.276562 0.425000 0.275000 0.427083 0.270313 0.425000 0.270313 0.429167 0.268750 0.431250 0.268750 0.437500 0.270313 0.439583 0.270313 0.445833 0.271875 0.447917 0.271875 0.454167 0.273438 0.458333 0.275000 0.458333 0.278125 0.454167 0.279687 0.456250 0.285938 0.454167 0.284375 0.452083 0.284375 0.445833 0.282813 0.443750 0.282813 0.429167 0.279687 0.427083
11 0.493750 0.370833 0.489063 0.375000 0.482812 0.375000 0.482812 0.381250 0.479687 0.383333 0.479687 0.387500 0.476562 0.389583 0.478125 0.391667 0.476562 0.397917 0.479687 0.404167 0.482812 0.406250 0.482812 0.410417 0.489063 0.414583 0.490625 0.418750 0.490625 0.416667 0.493750 0.414583 0.492188 0.410417 0.498437 0.404167 0.496875 0.372917
11 0.510938 0.343750 0.512500 0.358333 0.507812 0.364583 0.506250 0.418750 0.515625 0.429167 0.518750 0.445833 0.517188 0.468750 0.523438 0.470833 0.535937 0.466667 0.534375 0.458333 0.539062 0.454167 0.532813 0.414583 0.532813 0.368750 0.525000 0.360417 0.523438 0.347917
13 0.462500 0.402083 0.451562 0.412500 0.431250 0.395833 0.409375 0.395833 0.392188 0.410417 0.346875 0.412500 0.340625 0.431250 0.332813 0.410417 0.318750 0.410417 0.300000 0.429167 0.304688 0.450000 0.339062 0.441667 0.390625 0.441667 0.393750 0.450000 0.450000 0.443750 0.453125 0.420833 0.462500 0.418750
13 0.823438 0.347917 0.798438 0.358333 0.790625 0.368750 0.784375 0.387500 0.787500 0.414583 0.812500 0.445833 0.825000 0.445833 0.826562 0.354167
13 0.998437 0.241667 0.920312 0.272917 0.920312 0.439583 0.998437 0.435417
18 0.506250 0.397917 0.493750 0.410417 0.495312 0.414583 0.490625 0.420833 0.485938 0.414583 0.464062 0.420833 0.460938 0.458333 0.465625 0.466667 0.496875 0.470833 0.507812 0.454167 0.517188 0.454167 0.514062 0.429167 0.504687 0.418750
18 0.748437 0.333333 0.707812 0.343750 0.718750 0.347917 0.726562 0.379167 0.718750 0.418750 0.701562 0.387500 0.704688 0.362500 0.685937 0.368750 0.695312 0.393750 0.671875 0.404167 0.678125 0.418750 0.667188 0.454167 0.687500 0.510417 0.703125 0.506250 0.710938 0.472917 0.726562 0.456250 0.740625 0.481250 0.767188 0.458333 0.768750 0.416667 0.745313 0.389583 0.754687 0.358333 0.735938 0.350000