0 0.000000 0.602083 0.000000 0.997917 0.998437 0.997917 0.998437 0.591667 0.556250 0.591667 0.362500 0.470833 0.237500 0.462500
1 0.118750 0.541667 0.085938 0.539583 0.087500 0.508333 0.000000 0.539583 0.000000 0.600000
1 0.093750 0.504167 0.095312 0.527083 0.117188 0.516667 0.123438 0.516667 0.125000 0.512500 0.132812 0.512500 0.131250 0.500000 0.125000 0.500000 0.123438 0.504167 0.109375 0.504167 0.103125 0.518750 0.101562 0.516667 0.103125 0.500000 0.101562 0.504167
1 0.184375 0.479167 0.171875 0.479167 0.170313 0.483333 0.165625 0.481250 0.154688 0.483333 0.131250 0.493750 0.135937 0.500000 0.135937 0.508333 0.145313 0.506250 0.146875 0.502083 0.153125 0.502083 0.154688 0.497917 0.160938 0.497917 0.176563 0.489583 0.179688 0.485417 0.184375 0.485417
1 0.998437 0.589583 0.996875 0.541667 0.810937 0.466667 0.782813 0.531250 0.740625 0.520833 0.717187 0.572917 0.690625 0.487500 0.659375 0.518750 0.650000 0.489583 0.468750 0.510417 0.434375 0.470833 0.389062 0.481250 0.445312 0.543750 0.556250 0.589583
2 0.234375 0.427083 0.235937 0.435417 0.235937 0.450000 0.234375 0.454167 0.235937 0.458333 0.240625 0.460417 0.240625 0.445833 0.243750 0.443750 0.248438 0.447917 0.250000 0.460417 0.254688 0.460417 0.256250 0.447917 0.259375 0.445833 0.256250 0.443750 0.256250 0.435417 0.254688 0.433333 0.256250 0.427083
2 0.345313 0.416667 0.339062 0.416667 0.334375 0.422917 0.315625 0.427083 0.314063 0.431250 0.304688 0.433333 0.309375 0.468750 0.310937 0.466667 0.309375 0.456250 0.314063 0.439583 0.320312 0.435417 0.334375 0.437500 0.339062 0.433333 0.345313 0.433333
2 0.442188 0.400000 0.445312 0.404167 0.448437 0.447917 0.453125 0.443750 0.464062 0.445833 0.460938 0.445833 0.459375 0.439583 0.456250 0.435417 0.454688 0.429167 0.456250 0.414583 0.451562 0.406250 0.445312 0.404167 0.443750 0.400000
2 0.465625 0.320833 0.465625 0.335417 0.476562 0.335417 0.482812 0.343750 0.484375 0.366667 0.490625 0.370833 0.492188 0.387500 0.492188 0.372917 0.500000 0.364583 0.503125 0.377083 0.517188 0.400000 0.517188 0.352083 0.512500 0.327083 0.500000 0.320833
2 0.360938 0.302083 0.357812 0.310417 0.343750 0.320833 0.339062 0.316667 0.332813 0.331250 0.328125 0.331250 0.325000 0.339583 0.317188 0.343750 0.315625 0.350000 0.320312 0.354167 0.321875 0.377083 0.325000 0.377083 0.328125 0.368750 0.332813 0.370833 0.335938 0.350000 0.334375 0.339583 0.345313 0.322917 0.354687 0.331250 0.357812 0.329167
2 0.412500 0.291667 0.375000 0.291667 0.390625 0.372917 0.384375 0.391667 0.373437 0.393750 0.376563 0.410417 0.359375 0.393750 0.350000 0.433333 0.365625 0.437500 0.375000 0.422917 0.404687 0.420833 0.425000 0.437500 0.425000 0.387500 0.428125 0.431250 0.439063 0.429167 0.434375 0.364583 0.420312 0.362500 0.406250 0.337500 0.415625 0.314583
2 0.000000 0.152083 0.000000 0.485417 0.045312 0.466667 0.059375 0.402083 0.078125 0.412500 0.078125 0.352083 0.090625 0.439583 0.118750 0.443750 0.103125 0.389583 0.128125 0.383333 0.126562 0.441667 0.181250 0.456250 0.179688 0.416667 0.131250 0.372917 0.110937 0.285417 0.028125 0.206250
2 0.568750 0.083333 0.543750 0.112500 0.554688 0.247917 0.568750 0.250000 0.556250 0.270833 0.570312 0.272917 0.568750 0.289583 0.553125 0.304167 0.553125 0.354167 0.529687 0.350000 0.534375 0.320833 0.520312 0.341667 0.523438 0.402083 0.554688 0.397917 0.557813 0.429167 0.581250 0.439583
2 0.998437 0.000000 0.987500 0.000000 0.984375 0.287500 0.987500 0.270833 0.998437 0.264583
2 0.773438 0.025000 0.814063 0.020833 0.787500 0.131250 0.718750 0.212500 0.729688 0.431250 0.750000 0.420833 0.734375 0.366667 0.781250 0.362500 0.789062 0.433333 0.867188 0.379167 0.868750 0.506250 0.975000 0.516667 0.982812 0.308333 0.959375 0.420833 0.903125 0.441667 0.876563 0.412500 0.864062 0.000000
2 0.653125 0.000000 0.576562 0.072917 0.590625 0.439583 0.593750 0.216667 0.596875 0.439583 0.710938 0.416667 0.709375 0.204167 0.660937 0.170833 0.707812 0.116667 0.659375 0.122917 0.707812 0.070833 0.654687 0.070833 0.675000 0.039583
5 0.546875 0.447917 0.543750 0.456250 0.545312 0.502083 0.554688 0.502083 0.553125 0.450000 0.559375 0.447917 0.564063 0.456250 0.565625 0.506250 0.576562 0.506250 0.576562 0.450000 0.571875 0.445833
5 0.121875 0.406250 0.120313 0.445833 0.125000 0.493750 0.115625 0.500000 0.104688 0.500000 0.103125 0.516667 0.109375 0.502083 0.123438 0.502083 0.125000 0.497917 0.132812 0.500000 0.134375 0.512500 0.134375 0.500000 0.128125 0.491667
5 0.078125 0.354167 0.081250 0.437500 0.084375 0.439583 0.090625 0.533333 0.093750 0.533333 0.087500 0.431250 0.082812 0.418750 0.082812 0.372917
5 0.985938 0.000000 0.975000 0.000000 0.973437 0.318750 0.984375 0.297917
5 0.568750 0.000000 0.589063 0.510417 0.606250 0.454167 0.628125 0.510417 0.617188 0.445833 0.640625 0.441667 0.662500 0.516667 0.653125 0.435417 0.595313 0.443750 0.595313 0.300000 0.589063 0.443750
7 0.106250 0.385417 0.104688 0.389583 0.104688 0.404167 0.107813 0.406250 0.114062 0.406250 0.115625 0.408333 0.118750 0.408333 0.120313 0.404167 0.126562 0.404167 0.129688 0.406250 0.129688 0.393750 0.128125 0.391667 0.128125 0.385417 0.118750 0.385417 0.117188 0.387500 0.114062 0.385417
7 0.593750 0.218750 0.589063 0.227083 0.589063 0.239583 0.593750 0.250000 0.592187 0.254167 0.589063 0.254167 0.589063 0.297917 0.603125 0.297917 0.603125 0.275000 0.606250 0.256250 0.598437 0.252083 0.604688 0.241667 0.604688 0.231250 0.600000 0.218750
7 0.865625 0.000000 0.875000 0.406250 0.900000 0.437500 0.925000 0.439583 0.967187 0.408333 0.975000 0.008333
8 0.089063 0.437500 0.093750 0.502083 0.121875 0.495833 0.123438 0.485417 0.120313 0.447917 0.103125 0.445833 0.101562 0.441667 0.090625 0.441667
8 0.718750 0.435417 0.718750 0.420833 0.717187 0.418750 0.717187 0.412500 0.712500 0.412500 0.712500 0.416667 0.710938 0.418750 0.703125 0.418750 0.701562 0.420833 0.698438 0.420833 0.698438 0.422917 0.695312 0.425000 0.696875 0.425000 0.704688 0.435417
8 0.078125 0.414583 0.059375 0.404167 0.046875 0.420833 0.046875 0.466667 0.023438 0.466667 0.000000 0.487500 0.000000 0.537500 0.087500 0.506250
8 0.550000 0.402083 0.550000 0.414583 0.551562 0.416667 0.550000 0.443750 0.571875 0.443750 0.575000 0.439583 0.571875 0.433333 0.568750 0.431250 0.557813 0.431250 0.556250 0.429167 0.556250 0.402083 0.554688 0.400000
8 0.465625 0.337500 0.467187 0.400000 0.473438 0.395833 0.481250 0.406250 0.475000 0.443750 0.493750 0.454167 0.489063 0.418750 0.490625 0.375000 0.482812 0.366667 0.481250 0.343750 0.476562 0.337500
8 0.371875 0.287500 0.342187 0.308333 0.343750 0.318750 0.362500 0.302083 0.359375 0.329167 0.343750 0.325000 0.335938 0.339583 0.334375 0.370833 0.321875 0.379167 0.318750 0.354167 0.310937 0.354167 0.257812 0.427083 0.257812 0.443750 0.270313 0.450000 0.334375 0.420833 0.346875 0.402083 0.354687 0.414583 0.359375 0.391667 0.376563 0.408333 0.370312 0.397917 0.384375 0.389583 0.389062 0.368750
8 0.154688 0.243750 0.162500 0.308333 0.143750 0.289583 0.139063 0.325000 0.125000 0.331250 0.140625 0.387500 0.181250 0.416667 0.182812 0.456250 0.154688 0.462500 0.143750 0.437500 0.126562 0.443750 0.129688 0.491667 0.187500 0.485417 0.193750 0.470833 0.235937 0.475000 0.221875 0.352083 0.192188 0.297917 0.185938 0.254167 0.170313 0.264583
8 0.506250 0.083333 0.484375 0.158333 0.506250 0.200000 0.467187 0.243750 0.479687 0.279167 0.445312 0.260417 0.450000 0.227083 0.426563 0.208333 0.407813 0.337500 0.457813 0.414583 0.457813 0.322917 0.509375 0.320833 0.521875 0.462500 0.542188 0.441667 0.518750 0.333333 0.534375 0.318750 0.531250 0.350000 0.553125 0.352083 0.568750 0.272917 0.551562 0.200000 0.525000 0.183333 0.532813 0.143750 0.517188 0.152083 0.531250 0.108333
8 0.800000 0.000000 0.654687 0.000000 0.676562 0.039583 0.654687 0.068750 0.709375 0.070833 0.660937 0.122917 0.709375 0.116667 0.662500 0.170833 0.710938 0.204167 0.710938 0.395833 0.717187 0.212500 0.785937 0.131250 0.779687 0.091667 0.810937 0.062500 0.796875 0.056250 0.812500 0.020833 0.787500 0.041667 0.771875 0.025000
9 0.896875 0.510417 0.915625 0.516667 0.923438 0.533333 0.953125 0.529167 0.954688 0.533333 0.989062 0.535417 0.998437 0.541667 0.998437 0.518750 0.984375 0.510417 0.975000 0.518750 0.923438 0.508333
9 0.234375 0.479167 0.228125 0.475000 0.189062 0.483333 0.085938 0.537500 0.125000 0.539583 0.231250 0.495833
9 0.659375 0.447917 0.659375 0.464583 0.662500 0.472917 0.664062 0.487500 0.687500 0.487500 0.690625 0.485417 0.690625 0.466667 0.689063 0.464583 0.687500 0.447917
9 0.620313 0.447917 0.620313 0.462500 0.623437 0.468750 0.626563 0.487500 0.629687 0.491667 0.637500 0.491667 0.639062 0.487500 0.648438 0.487500 0.645312 0.470833 0.642188 0.464583 0.642188 0.452083 0.640625 0.447917
10 0.576562 0.070833 0.612500 0.029167 0.618750 0.027083 0.618750 0.022917 0.639062 0.000000 0.571875 0.000000
10 0.000000 0.000000 0.021875 0.195833 0.120313 0.327083 0.160938 0.308333 0.154688 0.241667 0.210938 0.270833 0.232813 0.425000 0.351562 0.295833 0.420312 0.293750 0.426563 0.206250 0.478125 0.279167 0.500000 0.087500 0.546875 0.189583 0.567187 0.000000
11 0.545312 0.400000 0.542188 0.408333 0.539062 0.410417 0.540625 0.412500 0.539062 0.414583 0.539062 0.433333 0.542188 0.435417 0.543750 0.443750 0.546875 0.445833 0.548438 0.443750 0.550000 0.416667 0.548438 0.414583 0.548438 0.404167
11 0.473438 0.397917 0.470313 0.402083 0.467187 0.402083 0.460938 0.410417 0.456250 0.420833 0.456250 0.429167 0.460938 0.431250 0.464062 0.437500 0.464062 0.443750 0.468750 0.447917 0.473438 0.447917 0.475000 0.445833 0.473438 0.443750 0.473438 0.435417 0.476562 0.429167 0.478125 0.412500 0.479687 0.410417 0.478125 0.402083
11 0.496875 0.366667 0.490625 0.393750 0.492188 0.443750 0.500000 0.468750 0.500000 0.506250 0.518750 0.506250 0.521875 0.500000 0.525000 0.502083 0.526563 0.485417 0.525000 0.468750 0.514062 0.443750 0.512500 0.406250 0.515625 0.395833
13 0.303125 0.435417 0.289062 0.435417 0.284375 0.441667 0.267188 0.452083 0.265625 0.462500 0.268750 0.462500 0.271875 0.466667 0.271875 0.475000 0.278125 0.475000 0.281250 0.466667 0.295312 0.466667 0.296875 0.470833 0.306250 0.470833 0.307812 0.468750 0.306250 0.466667 0.306250 0.447917
13 0.439063 0.431250 0.425000 0.439583 0.404687 0.422917 0.370312 0.427083 0.365625 0.439583 0.320312 0.437500 0.315625 0.439583 0.310937 0.468750 0.335938 0.475000 0.362500 0.468750 0.367188 0.479167 0.384375 0.481250 0.409375 0.470833 0.428125 0.472917 0.429688 0.452083 0.439063 0.450000
13 0.867188 0.381250 0.843750 0.383333 0.817187 0.395833 0.804688 0.406250 0.796875 0.431250 0.803125 0.460417 0.817187 0.470833 0.832812 0.493750 0.867188 0.493750
13 0.998437 0.285417 0.985938 0.289583 0.984375 0.495833 0.998437 0.485417
18 0.437500 0.460417 0.435937 0.483333 0.443750 0.502083 0.473438 0.508333 0.479687 0.506250 0.487500 0.491667 0.498437 0.491667 0.496875 0.460417 0.485938 0.450000 0.453125 0.445833 0.450000 0.450000 0.443750 0.450000
18 0.781250 0.364583 0.726562 0.372917 0.740625 0.379167 0.751563 0.418750 0.732812 0.437500 0.723437 0.414583 0.729688 0.393750 0.707812 0.402083 0.718750 0.412500 0.718750 0.437500 0.687500 0.435417 0.695312 0.539583 0.714063 0.570833 0.729688 0.558333 0.740625 0.518750 0.753125 0.512500 0.776563 0.533333 0.790625 0.516667 0.793750 0.452083 0.771875 0.425000 0.784375 0.395833 0.764062 0.383333